0.0	0.0
0.125	0.0
0.25	0.0
0.375	0.0
0.5	0.0
0.625	0.0
0.75	0.0
0.875	0.0
1.0	0.0
1.125	0.0
1.25	0.0
1.375	0.0
1.5	0.0
1.625	0.0
1.75	0.0
1.875	0.0
2.0	0.0
2.125	0.0
2.25	0.0
2.375	0.0
2.5	0.0
2.625	0.0
2.75	0.0
2.875	0.0
3.0	0.0
3.125	0.0
3.25	0.0
3.375	0.0
3.5	0.0
3.625	0.0
3.75	0.0
3.875	0.0
4.0	0.0
4.125	0.2228915671861216
4.25	0.21987065694209762
4.375	0.21506270641010133
4.5	0.20738559336938914
4.625	0.19781396002884313
4.75	0.18528203384826816
4.875	0.1708172317314737
5.0	0.15337367896326418
5.125	0.1340358197018404
5.25	0.11178029885922923
5.375	0.08775187571541672
5.5	0.06095122176130147
5.625	0.03258556106794296
5.75	0.0016798193686342674
5.875	-0.03049544781625685
6.0	-0.0648922440805235
6.125	-0.10017720674147743
6.25	-0.13728195521188427
6.375	-0.17481229862497472
6.5	-0.21368370640544376
6.625	-0.2524446067503544
6.75	-0.2920000937646656
6.875	-0.3308460894357524
7.0	-0.36988456536911013
7.125	-0.40756514238370944
7.25	-0.4447952824426119
7.375	-0.4799856875808071
7.5	-0.5140591111452889
7.625	-0.5453956907563101
7.75	-0.5749442397322606
7.875	-0.6010634063417368
8.0	-0.624739538765058
8.125	-0.6443193039651823
8.25	-0.6608384753782283
8.375	-0.6726413679640345
8.5	-0.6808251798163767
8.625	-0.6837413035962013
8.75	-0.6825601643127925
8.875	-0.6756491491205482
9.0	-0.664263226618705
9.125	-0.6467938939727874
9.25	-0.6245912412137717
9.375	-0.5960779430801354
9.5	-0.5627088479617897
9.625	-0.5229436370234285
9.75	-0.4783504746077617
9.875	-0.4274305132355314
10.0	-0.37187264343802323
10.125	-0.3102225330025974
10.25	-0.24429606243357824
10.375	-0.17268504183207686
10.5	-0.09733751688388521
10.625	-0.016891697160510834
10.75	0.06656802924687003
10.875	0.15435810760088375
11.0	0.244254542146546
11.125	0.3375307731634499
11.25	0.43182081189756644
11.375	0.5283587822373953
11.5	0.6246352772206903
11.625	0.721850353613508
11.75	0.8173509745881006
11.875	0.9123103620071908
12.0	1.0039333320276722
12.125	1.0933761670598472
12.25	1.1777054572817405
12.375	1.2580740647327857
12.5	1.3314177207010327
12.625	1.3989042313098738
12.75	1.4573505069130341
12.875	1.5079639169517642
13.0	1.5474605930013063
13.125	1.5771198005804505
13.25	1.5935822047647101
13.375	1.5982403170762987
13.5	1.5876928774619194
13.625	1.5634968991345837
13.75	1.5222513336888939
13.875	1.4657390409386013
14.0	1.390609390512322
14.125	1.2989417209861558
14.25	1.1874924102507702
14.375	1.0587151876335161
14.5	0.9095333832732474
14.625	0.7428569890180048
14.75	0.5558351577779609
14.875	0.35191539137415984
15.0	0.12852474834953334
15.125	-0.11027675914951388
15.25	-0.3667455958781609
15.375	-0.6361467541814282
15.5	-0.9204024811550824
15.625	-1.2140591932203288
15.75	-1.518715421531758
15.875	-1.82818024204966
16.0	-2.143774201224054
16.125	-2.4585798904279583
16.25	-2.77372690463837
16.375	-3.0816148861709336
16.5	-3.383315535277292
16.625	-3.670622395864395
16.75	-3.9447313303803773
16.875	-4.196937371536555
17.0	-4.4287924720488885
17.125	-4.631224694048052
17.25	-4.806422369516754
17.375	-4.945089834936901
17.5	-5.0503765709366775
17.625	-5.1128988464372105
17.75	-5.137131040644093
17.875	-5.113701100869134
18.0	-5.048806255558761
18.125	-4.93310974830404
18.25	-4.774965226198925
18.375	-4.5649613269296125
18.5	-4.314096733706376
18.625	-4.012554993722019
18.75	-3.67458718795046
18.875	-3.2892695221186248
19.0	-2.875005769012607
19.125	-2.4183672116090866
19.25	-1.9435952671844103
19.375	-1.4317510388871886
19.5	-0.9170881506019941
19.625	-0.3666596837429838
19.75	0.15846627139118538
19.875	0.7757107767037965
20.0	1.370237404986678
20.125	1.8693682223408883
20.25	2.382901974772434
20.375	2.8491930665951264
20.5	3.30150870452541
20.625	3.706244165236166
20.75	4.083189861995394
20.875	4.409097852856803
21.0	4.698501796843299
21.125	4.934184088511237
21.25	5.128313096898173
21.375	5.267915396905286
21.5	5.364097008950924
21.625	5.407138271565835
21.75	5.407700163552224
21.875	5.358630359096372
22.0	5.270403285370583
22.125	5.137881214622034
22.25	4.971406474210769
22.375	4.767375979129898
22.5	4.535939275920407
22.625	4.274602160667318
22.75	3.993202883072836
22.875	3.6899821928070367
23.0	3.3743292527943933
23.125	3.0449002158045873
23.25	2.7105037417760904
23.375	2.3699487206338756
23.5	2.0313543695211416
23.625	1.6934771281837555
23.75	1.363669256689958
23.875	1.0404852983230044
24.0	0.7304681078974214
24.125	0.43187275777481876
24.25	0.15042507076802614
24.375	-0.11597065678502701
24.5	-0.36238148523054986
24.625	-0.5912658327617809
24.75	-0.7984327181860671
24.875	-0.9866836094132487
25.0	-1.1524980217009533
25.125	-1.298977364432869
25.25	-1.4231864718939538
25.375	-1.52846820701868
25.5	-1.6123806181340965
25.625	-1.6784416291170567
25.75	-1.7246096687324077
25.875	-1.7545098739280778
26.0	-1.7664126580991057
26.125	-1.7639861713836842
26.25	-1.7457327015115967
26.375	-1.7153064556453184
26.5	-1.6713721948100908
26.625	-1.617522569101884
26.75	-1.5525271887719363
26.875	-1.4798796376942804
27.0	-1.398408445579907
27.125	-1.3114804230935562
27.25	-1.2179478418586285
27.375	-1.121031789473007
27.5	-1.0195823728600253
27.625	-0.9166633008351742
27.75	-0.8111041604271351
27.875	-0.7058053232359903
28.0	-0.599563342461514
28.125	-0.49511347903142006
28.25	-0.39121105541098616
28.375	-0.29042734887858046
28.5	-0.191471335692347
28.625	-0.09675335185152967
28.75	-0.004933083406236789
28.875	0.08173579100656084
29.0	0.1646442465155766
29.125	0.24169013009673945
29.25	0.31431521121072353
29.375	0.38056305397768514
29.5	0.4419252558092076
29.625	0.4965846299556962
29.75	0.5460805480732398
29.875	0.5887278762808409
30.0	0.6261105711293488
30.125	0.6566675319352423
30.25	0.6820229203539696
30.375	0.7007307504290008
30.5	0.714449796995835
30.625	0.7218393473425139
30.75	0.7245860215062829
30.875	0.7214436595691198
31.0	0.7141188876539132
31.125	0.7014486161501625
31.25	0.6851507405473601
31.375	0.6641331816320896
31.5	0.6401157033802958
31.625	0.6120648397068603
31.75	0.5816924369787366
31.875	0.5480111865822744
32.0	0.5127151528703593
32.125	0.4748509700082983
32.25	0.436085293942047
32.375	0.3954870290324013
32.5	0.35468634231190427
32.625	0.3127635635837127
32.75	0.27130411981023134
32.875	0.22939000477394006
33.0	0.1885547293600713
33.125	0.14787348651704907
33.25	0.10882196824792549
33.375	0.07046156122861087
33.5	0.034205652539962134
33.625	-0.000903616564226682
33.75	-0.03351814757468715
33.875	-0.06461886837888979
34.0	-0.09292442298016157
34.125	-0.11944102435553791
34.25	-0.1429540118744096
34.375	-0.164495552723059
34.5	-0.18291621327302965
34.625	-0.19927334581973158
34.75	-0.21247997873540814
34.875	-0.22361659115152652
35.0	-0.23165477319407707
35.125	-0.23769496452379926
35.25	-0.24076247096771536
35.375	-0.24197362262851613
35.5	-0.24040185750245316
35.625	-0.23717464047563297
35.75	-0.23140743879208941
35.875	-0.22423363413026687
36.0	-0.21480431981727058
36.125	-0.20425333392468845
36.25	-0.19176090469144869
36.375	-0.1784558329130983
36.5	-0.16354110091555896
36.625	-0.14813513724861951
36.75	-0.1314575865162531
36.875	-0.11461149840759499
37.0	-0.09682753148469318
37.125	-0.07918882182643917
37.25	-0.06093196421675444
37.375	-0.043116233103510614
37.5	-0.0249797501897482
37.625	-0.007554651999155873
37.75	0.009923085732279664
37.875	0.02645101386171672
38.0	0.04279820046202113
38.125	0.057993680135867316
38.25	0.07281367679201979
38.375	0.08631975270923922
38.5	0.09929662861549071
38.625	0.11083871086529157
38.75	0.12173982430342616
38.875	0.13112685416415112
39.0	0.139802659556699
39.125	0.14692562119200456
39.25	0.1533069574666277
39.375	0.1581350200277428
39.5	0.16222819016901815
39.625	0.1648028117354523
39.75	0.16668280274030456
39.875	0.16711015938398244
40.0	0.166912376357309
40.125	0.1653544970123166
40.25	0.1632653956693912
40.375	0.15993038745061652
40.5	0.1561773870187794
40.625	0.15130912748782258
40.75	0.14615017237305028
40.875	0.14001782654957903
41.0	0.133730941782882
41.125	0.12661863413194324
41.25	0.1194917882646435
41.375	0.11168872520702837
41.5	0.10401027674163872
41.625	0.09580157518686784
41.75	0.0878515365428045
41.875	0.07950997023180806
42.0	0.07155227830937765
42.125	0.06333110798170843
42.25	0.05560704414928902
42.375	0.04773405119740031
42.5	0.04045690739373886
42.625	0.03312970506676531
42.75	0.02648074793607535
42.875	0.019863400479038104
43.0	0.013989143128424595
43.125	0.008210082492814408
43.25	0.003220834497932986
43.375	-0.001627972730643886
43.5	-0.005658341296688593
43.625	-0.009521056674066889
43.75	-0.012554231569546825
43.875	-0.015409744833155827
44.0	-0.017441083756308807
44.125	-0.019300680066039765
44.25	-0.02035646762694645
44.375	-0.021260708862536153
44.5	-0.02139470366866401
44.625	-0.021409682060004417
44.75	-0.020699117864089612
44.875	-0.019912246246538888
45.0	-0.018453452493877583
45.125	-0.016968956312492692
45.25	-0.014872761784727233
45.375	-0.012807033957253784
45.5	-0.010194110932448406
45.625	-0.007671082262800373
45.75	-0.004667378185341244
45.875	-0.0018140437275408568
46.0	0.0014535666244059687
46.125	0.0045113404132331334
46.25	0.007919066226865746
46.375	0.011060346877704942
46.5	0.014491059252845728
46.625	0.017603179639343776
46.75	0.020949480140850876
46.875	0.023930830501987143
47.0	0.02709755589173932
47.125	0.02985979300063343
47.25	0.03276592347958888
47.375	0.035235575006685234
47.5	0.03781553451931287
47.625	0.039934997356110294
47.75	0.04213935457575675
47.875	0.043867305160992874
48.0	0.045662902131116026
48.125	0.04697415414044595
48.25	0.048343705722297244
48.375	0.049228565420503245
48.5	0.050169786316599456
48.625	0.05063296810262522
48.75	0.05115729501447006
48.875	0.05121646899551379
49.0	0.05134745326901162
49.125	0.05103150296987734
49.25	0.05080295382646628
49.375	0.05015002537186671
49.5	0.04960398556649002
49.625	0.04865940996597036
49.75	0.0478440446024145
49.875	0.04665821231326492
50.0	0.04562568781846861
50.125	0.044251949836743965
50.25	0.04305637406012319
50.375	0.04154903673721544
50.5	0.04024452317070024
50.625	0.03865699516923431
50.75	0.037295904794843925
50.875	0.035679044514424545
51.0	0.034310448221117576
51.125	0.03271114909074902
51.25	0.03137954241243677
51.375	0.02983958211114925
51.5	0.028583872665200006
51.625	0.02713904102728059
51.75	0.025991817895327275
51.875	0.02467132738138647
52.0	0.02365841115001558
52.125	0.022484583673989457
52.25	0.02162484626992075
52.375	0.020613061164391752
52.5	0.019918496245176068
52.625	0.019077376458827837
52.75	0.018553394158979553
52.875	0.017885201579843808
53.0	0.017531115998051915
53.125	0.017032322184525286
53.25	0.01684199619673526
53.375	0.01650399180828088
53.5	0.016466601604266915
53.625	0.016276506424320974
53.75	0.016377387531853516
53.875	0.016318923078975024
54.0	0.016540460445297864
54.125	0.016594848636684024
54.25	0.016917375423098797
54.375	0.017064229409487628
54.5	0.017466902326274285
54.625	0.017685079250706448
54.75	0.018146702298149693
54.875	0.01841509211596415
55.0	0.018914865269585378
55.125	0.01921309466813702
55.25	0.019731269117328778
55.375	0.02004030475724957
55.5	0.020558731546635595
55.625	0.020861372089933654
55.75	0.02136393620829392
55.875	0.02164518769804588
56.0	0.02211812461859703
56.125	0.02236545855228326
56.25	0.022797554786302045
56.375	0.0230010525310115
56.5	0.02338373578204271
56.625	0.02353612669914291
56.75	0.02386345459837282
56.875	0.023960058296794144
57.0	0.0242286173979496
57.125	0.024267202871648207
57.25	0.02447593155564993
57.375	0.02445650756863835
57.5	0.024606457755975048
57.625	0.024531009733532654
57.75	0.024625062856047878
57.875	0.02449725176665776
58.0	0.02453980436465861
58.125	0.02436464269836808
58.25	0.024361276357741008
58.375	0.02414479540511719
58.5	0.024101944620737063
58.625	0.02385086592583773
58.75	0.02377549596950607
58.875	0.023496918170295207
59.0	0.02339622325499692
59.125	0.023097333637265155
59.25	0.022978463706228774
59.375	0.02266628178148501
59.5	0.022536104205824088
59.625	0.02221726257272547
59.75	0.02208216300515699
59.875	0.021762728751252673
60.0	0.02162845343225096
60.125	0.02131379144997015
60.25	0.021185331462869498
60.375	0.020880009349681206
60.5	0.02076152572378083
60.625	0.020469258455009742
60.75	0.020364045658184456
60.875	0.0200876769926
61.0	0.01999816125972109
61.125	0.0197396778787258
61.25	0.019667445999256815
61.375	0.01942801969304055
61.5	0.01937387332752568
61.625	0.01915392611848052
61.75	0.019117956416361062
61.875	0.01891724333292122
62.0	0.018898920561132043
62.125	0.018716624819637838
62.25	0.01871489785518957
62.375	0.018549733441864082
62.5	0.018563134298774882
62.625	0.01841345133519408
62.75	0.01844020035211935
62.875	0.01830408913900775
63.0	0.018342197012145664
63.125	0.018217587242767643
63.25	0.018264950714413548
63.375	0.01814970299524356
63.5	0.01820419166786094
63.625	0.01809617914958651
63.75	0.018155711558823846
63.875	0.018052890136094103
64.0	0.018115497857881798
64.125	0.01801596401827176
64.25	0.018079843182777545
64.375	0.017981879155269713
64.5	0.0180454292785089
64.625	0.017947535634564207
64.75	0.018009386144041566
64.875	0.017910302431078523
65.0	0.01796932764847152
65.125	0.01786804198122559
65.25	0.01792336562920877
65.375	0.01781911442742522
65.5	0.01787010495043948
65.625	0.017762364194256065
65.75	0.017808622327150754
65.875	0.0176970918087494
66.0	0.017738431899597118
66.125	0.0176230139888473
66.25	0.01765944058990074
66.375	0.017540215010640164
66.5	0.01757189620421206
66.625	0.01744909224650174
66.75	0.017476331079777214
66.875	0.01735029856216432
67.0	0.017373503837073628
67.125	0.01724468399081473
67.25	0.01726434150208668
67.375	0.017133238787261404
67.5	0.017149883932245348
67.625	0.017017039621662115
67.75	0.01703123212908642
67.875	0.016897200317915365
68.0	0.01690950166545661
68.125	0.01677482819008307
68.25	0.016785782109479567
68.375	0.016650986692176538
68.5	0.016661103000011435
68.625	0.016526664782775626
68.75	0.016536406629263735
68.875	0.016402753122473347
69.0	0.01641252762180554
69.125	0.01628002697389275
69.25	0.016290179070225754
69.375	0.01615913546533477
69.5	0.016169944798885325
69.625	0.016040596709703585
69.75	0.01605227717820947
69.875	0.015924798141921506
70.0	0.015937499802823205
70.125	0.015812001347787253
70.25	0.01582581427536712
70.375	0.01570235060358544
70.5	0.015717310300966483
70.625	0.015595884324795558
70.75	0.01561197829143947
70.875	0.015492548630638484
71.0	0.015509723699738106
71.125	0.015392212264264559
71.25	0.015410382348910475
71.375	0.015294682162020219
71.5	0.015313736082481322
71.625	0.015199719035819318
71.75	0.015219528140114529
71.875	0.015107052414752409
72.0	0.015127477749416892
72.125	0.01501639468328228
72.25	0.01503729351862329
72.375	0.014927453748698147
72.5	0.014948685311029377
72.625	0.014839944066793127
72.75	0.014861374377785994
72.875	0.01475359584895962
73.0	0.014775101617235
73.125	0.014668162362270004
73.25	0.014689633914042806
73.375	0.01458342531521815
73.5	0.014604768587543799
73.625	0.014499198392791894
73.75	0.014520336044751293
73.875	0.014415329064943073
74.0	0.014436200787520571
74.125	0.01433169884070604
74.25	0.014352260965779916
74.375	0.014248222176375797
74.5	0.014268446699090944
74.625	0.014164844270593951
74.75	0.01418471740667276
74.875	0.014081537991385229
75.0	0.014101058393140409
75.125	0.013998300181769157
75.25	0.014017476933805173
75.375	0.013915147582498889
75.5	0.01393399809017413
75.625	0.013832112593143622
75.75	0.013850660466170221
75.875	0.013749239069315895
76.0	0.013767512088416811
76.125	0.013666578324369207
76.25	0.013684606563455118
76.375	0.013584185471928783
76.5	0.0136019996311383
76.625	0.013502116211551165
76.75	0.013519746199618966
76.875	0.013420424126182598
77.0	0.013437897914449977
77.125	0.013339158528175334
77.25	0.013356501283312797
77.375	0.013258362861367959
77.5	0.013275596350680787
77.625	0.01317807364087228
77.75	0.013195215892859678
77.875	0.013098319891081544
78.0	0.013115385084754714
78.125	0.0130191230255734
78.25	0.013036121575643076
78.375	0.01294049710053774
78.5	0.012957435901428446
78.625	0.012862449366482419
78.75	0.012879332156241843
78.875	0.012784981040416364
79.0	0.012801808846116767
79.125	0.012708088222510159
79.25	0.012724859850859985
79.375	0.012631762886444516
79.5	0.012648475427144524
79.625	0.012555993880710627
79.75	0.01257264319488319
79.875	0.012480767888341572
80.0	0.012497349059735804
80.125	0.012406070303122031
80.25	0.012422578035628207
80.375	0.012331885992363796
80.5	0.01234831494281243
80.625	0.012258199926800141
80.75	0.012274544967473443
80.875	0.012184997668953338
81.0	0.012201254079021782
81.125	0.01211226572048989
81.25	0.012128429309493104
81.375	0.012039991736719083
81.5	0.012056058906807072
81.625	0.011968164622813304
81.75	0.01198413237883434
81.875	0.011896774530933133
82.0	0.011912640448896249
82.125	0.011825812779820742
82.25	0.011841574945186317
82.375	0.011755271719663148
82.5	0.011770928646598167
82.625	0.01168514456425675
82.75	0.011700695106209663
82.875	0.011615425210498322
83.0	0.01163086847102339
83.125	0.011546108062175497
83.25	0.011561443313253872
83.375	0.011477187871667386
83.5	0.011492414484666312
83.625	0.011408659608916792
83.75	0.011423777001697938
83.875	0.011340518363541151
84.0	0.011355525965060875
84.125	0.011272759282145892
84.25	0.011287656514438521
84.375	0.011205377539769691
84.5	0.011220163815696706
84.625	0.011138368341644783
84.75	0.011153043075767753
84.875	0.011071726949445639
85.0	0.011086289578322975
85.125	0.011005448724582768
85.25	0.011019898732657074
85.375	0.010939529180459887
85.5	0.01095386612734671
85.625	0.010873964035722722
85.75	0.010888187581119117
85.875	0.010808749260997305
86.0	0.010822859183999617
86.125	0.010743881113215727
86.25	0.010757877323724957
86.375	0.010679356153184591
86.5	0.010693238693943825
86.625	0.010615171244268496
86.75	0.010628940283106507
86.875	0.010551323531551367
87.0	0.010564979344500132
87.125	0.010487810403285943
87.25	0.010501353349658153
87.375	0.010424629437295368
87.5	0.010438059928829655
87.625	0.010361778336443864
87.75	0.010375096802645412
87.875	0.010299254857933655
88.0	0.010312461710216388
88.125	0.010237056741433657
88.25	0.010250152338650205
88.375	0.010175181641126503
88.5	0.010188166258767952
88.625	0.010113627066348555
88.75	0.010126500871613073
88.875	0.010052390334757131
89.0	0.010065153369041919
89.125	0.009991468540954068
89.25	0.010004120710767795
89.375	0.009930858542253158
89.5	0.009943399618975985
89.625	0.009870556961990615
89.75	0.009882986589961115
89.875	0.00981056020913947
90.0	0.009822877921263762
90.125	0.009750864512268967
90.25	0.00976306975158495
90.375	0.009691465964541911
90.5	0.009703558109894456
90.625	0.009632360575999876
90.75	0.009644338970021777
90.875	0.009573544329418125
91.0	0.00958540830669641
91.125	0.009515013235755767
91.25	0.009526762149566966
91.375	0.009456763385775535
91.5	0.009468396631730524
91.625	0.009398790994982684
91.75	0.009410308030436644
91.875	0.009341092439545118
92.0	0.009352492797825691
92.125	0.009283664281621145
92.25	0.009294947580729688
92.375	0.00922650328342113
92.5	0.009237669228904464
92.625	0.009169606409862394
92.75	0.00918065479232701
92.875	0.009112970820688111
93.0	0.00912390150848639
93.125	0.009056593853444218
93.25	0.009067406781502967
93.375	0.009000472999247451
93.5	0.009011168155151378
93.625	0.008944605873688817
93.75	0.008955183282225177
93.875	0.008888990185217296
94.0	0.008899449892563568
94.125	0.008833623703341538
94.25	0.008843965761792165
94.375	0.008778504228468341
94.5	0.008788728682711982
94.625	0.008723629565080318
94.75	0.008733736440577912
94.875	0.008668997499339826
95.0	0.008678986793136074
95.125	0.008614605781816179
95.25	0.008624477456162575
95.375	0.008560452115764483
95.5	0.008570206094539198
95.625	0.008506534151060938
95.75	0.008516170318895079
95.875	0.008452849483460837
96.0	0.008462367687437201
96.125	0.008399395658860215
96.25	0.008408795712454549
96.375	0.008346170181885113
96.5	0.0083554518707219
96.625	0.008293170527773758
96.75	0.008302333616689356
96.875	0.008240394156741621
97.0	0.00824943839765418
97.125	0.008187838529573225
97.25	0.00819676366956842
97.375	0.008135501123503959
97.5	0.008144306912701786
97.625	0.00808337944741768
97.75	0.008092065646209968
97.875	0.008031471055549938
98.0	0.008040037440868954
98.125	0.007979773559229292
98.25	0.00798821992960644
98.375	0.007928284636082755
98.5	0.007936610815318525
98.625	0.00787700203633689
98.75	0.007885207875693263
98.875	0.007825923586223561
99.0	0.007834008965024166
99.125	0.007775047188102988
99.25	0.007783012012737028
99.375	0.007724370817421079
99.5	0.007732215018801144
99.625	0.007673892516749834
99.75	0.007681616046406313
99.875	0.007623610387095451
100.0	0.007631213212202461
100.125	0.007573522577283568
100.25	0.0075810046748215195
100.375	0.007523627271902549
100.5	0.0075309886226201965
100.625	0.007473922678937323
100.75	0.007481163261294691
100.875	0.00742440701763443
101.0	0.007431526802302899
101.125	0.007375078507728184
101.25	0.007382077452920232
101.375	0.007325935360358703
101.5	0.007332813408273358
101.625	0.007276975771428471
101.75	0.007283732846012075
101.875	0.007228197917593165
102.0	0.007234833923678272
102.125	0.007179599955051062
102.25	0.007186114778919807
102.375	0.007131180021151815
102.5	0.007137573532441537
102.625	0.007082936238636758
102.75	0.007089208293406509
102.875	0.007034866722065369
103.0	0.007041017166821769
103.125	0.006986969586022671
103.25	0.006992998262310476
103.375	0.006939242954307862
103.5	0.006945149703531994
103.625	0.006891684969322254
103.75	0.006897469637399256
103.875	0.006844293800919094
104.0	0.00684995624230794
104.125	0.006797067653888289
104.25	0.006802607734675072
104.375	0.006750004773423793
104.5	0.00675542237337769
104.625	0.0067031034484233785
104.75	0.006708398461751508
104.875	0.0066563620122509146
105.0	0.006661534347176376
105.125	0.006609778841202008
105.25	0.0066148284185694115
105.375	0.006563352350990512
105.5	0.006568279101900736
105.625	0.006517080991672079
105.75	0.00652188485463439
105.875	0.006470963241477354
106.0	0.006475644159196331
106.125	0.006424997600228129
106.25	0.006429555516302866
106.375	0.0063791825826899394
106.5	0.006383617438653506
106.625	0.006333516712610036
106.75	0.006337828445301197
106.875	0.006287998517675196
107.0	0.006292187057291286
107.125	0.006242626525836644
107.25	0.006246691794790905
107.375	0.006197399263268533
107.5	0.006201341175832812
107.625	0.006152315253890382
107.75	0.006156133716572984
107.875	0.006107373020390721
108.0	0.006111067933040946
108.125	0.006062571086505715
108.25	0.006066142343816999
108.375	0.006017907980047613
108.5	0.00602135547337483
108.625	0.005973382236380793
108.75	0.005976705855410524
108.875	0.005928992401690708
109.0	0.005932192036149987
109.125	0.005884737035976552
109.25	0.005887812576838137
109.375	0.005840614715270175
109.5	0.0058435660556744465
109.625	0.005796624033085928
109.75	0.005799451068894873
109.875	0.00575276360121312
110.0	0.005755466231108407
110.125	0.00570903204968684
110.25	0.005711610175056676
110.375	0.005665428026278595
110.5	0.005667881550848161
110.625	0.005621950195561202
110.75	0.005624279024892298
110.875	0.005578597237767657
111.0	0.005580801278698067
111.125	0.005535367847555185
111.25	0.005537447007705642
111.375	0.005492260732913885
111.5	0.005494214920242951
111.625	0.00544927461430012
111.75	0.005451103736877762
111.875	0.005406408224133867
112.0	0.005408112190057155
112.125	0.005363660306600248
112.25	0.005365239024123047
112.375	0.005321029617870408
112.5	0.005322482995579752
112.625	0.005278514926395922
112.75	0.005279842873466871
112.875	0.005236115013277204
113.0	0.005237317439644731
113.125	0.005193828672402635
113.25	0.00519490548876661
113.375	0.005151654710263282
113.5	0.005152605827854315
113.625	0.005109591945315888
113.75	0.005110417275462741
113.875	0.005067639206882999
114.0	0.005068338660402651
114.125	0.005025795333762108
114.25	0.005026368820209494
114.375	0.004984059172608221
114.5	0.004984506599505029
114.625	0.004942429576321292
114.75	0.004942750848459636
114.875	0.004900905402645323
115.0	0.004901100421560136
115.125	0.004859485513110538
115.25	0.004859554176769723
115.375	0.004818168772462235
115.5	0.00481811097522101
115.625	0.004776954048629377
115.75	0.004776769681474669
115.875	0.004735840213255056
116.0	0.004735529164373555
116.125	0.0046948261428708
116.25	0.004694388298388916
116.375	0.0046539107204364326
116.5	0.00465334596543144
116.625	0.00461309283730968
116.75	0.004612401056884099
116.875	0.004572371395329663
117.0	0.004571552475701781
117.125	0.004531745308840942
117.25	0.004530799138252366
117.375	0.004491213506406385
117.5	0.004490139975835709
117.625	0.004450774931885865
117.75	0.0044495739353770086
117.875	0.004410428544842456
118.0	0.004409099979411393
118.125	0.004370173320085922
118.25	0.004368717085245385
118.375	0.004330008246448092
118.5	0.00432842424335695
118.625	0.004289932324855703
118.75	0.00428822045519114
118.875	0.004249944565988454
119.0	0.004248104730763594
119.125	0.004210043987715162
119.25	0.004208076086047417
119.375	0.00417022961266298
119.5	0.004168133540643877
119.625	0.004130500466048128
119.75	0.004128276115932811
119.875	0.004090855574067022
120.0	0.004088502833736568
120.125	0.004051293962924547
120.25	0.004048812715696088
120.375	0.004011814658627257
120.5	0.004009204783441954
120.625	0.003972416687432912
120.75	0.003969678059401232
120.875	0.003933099077046855
121.0	0.003930231568269791
121.125	0.003893860858296961
121.25	0.00389086433893278
121.375	0.0038547010672139647
121.5	0.0038515754064932335
121.625	0.003815618747135192
121.75	0.0038123638145139923
121.875	0.0037766129507233975
122.0	0.0037732286167335674
122.125	0.0037376827415541913
122.25	0.00373416887838205
122.375	0.0036988271950610836
122.5	0.003695183676836804
122.625	0.0036600453988007227
122.75	0.003656272101445872
122.875	0.00362133645195915
123.0	0.003617433252711091
123.125	0.0035826994641686093
123.25	0.003578666240839667
123.375	0.0035441335538953307
123.5	0.003539970183934608
123.625	0.0035056378464426246
123.75	0.0035013442059985563
123.875	0.0034672114720802195
124.0	0.0034627874350797376
124.125	0.003428853564176589
124.25	0.0034242990016071116
124.375	0.0033905632578386923
124.5	0.0033858780372572257
124.625	0.003352339689035713
124.75	0.003347523674332053
124.875	0.0033141819942182843
125.0	0.0033092350457293853
125.125	0.003276089310566411
125.25	0.003271011285418107
125.375	0.0032380607768640202
125.5	0.0032328515295429656
125.625	0.0032000955346285003
125.75	0.003194754917762127
125.875	0.0031621927296351365
126.0	0.0031567205948002945
126.125	0.0031243515135264983
126.25	0.00311874771200511
126.375	0.0030865710451888828
126.5	0.0030808354285967727
126.625	0.0030488504918894164
126.75	0.00304298291257614
126.875	0.003011189029865701
127.0	0.0030051893409958706
127.125	0.0029735858442881944
127.25	0.0029674538996677814
127.375	0.0029360401287382544
127.5	0.00292977578230585
127.625	0.0028985510840058393
127.75	0.0028921541891516727
127.875	0.0028611179166780536
128.0	0.0028545883254534592
128.125	0.002823739837449922
128.25	0.0028170773998062804
128.375	0.0027864160595778985
128.5	0.0027796206225909484
128.625	0.002749145797468863
128.75	0.0027422172048817087
128.875	0.002711928265747156
129.0	0.0027048663576899404
129.125	0.0026747626787888773
129.25	0.0026675672917279886
129.375	0.0026376482507891683
129.5	0.0026303192178047333
129.625	0.002600584196320679
129.75	0.0025931213475583336
129.875	0.0025635697313609487
130.0	0.0025559728947140894
130.125	0.002526604074630698
130.25	0.002518873076467987
130.375	0.002489686449064352
130.5	0.002481821115011567
130.625	0.0024528160832861796
130.75	0.0024448162389106025
130.875	0.002415992212876333
131.0	0.0024078576841744127
131.125	0.0023792140811849374
131.25	0.0023709446948318455
131.375	0.002342480939690246
131.5	0.0023340765230013705
131.625	0.0023057920477153678
131.75	0.0022972524283368058
131.875	0.0022691466716169254
132.0	0.0022604716769039786
132.125	0.002232544083456049
132.25	0.0022237335397319244
132.375	0.0021959835593888433
132.5	0.0021870372910754703
132.625	0.0021594643779456555
132.75	0.002150382206743197
132.875	0.002122985818370873
133.0	0.0021137675625828604
133.125	0.0020865471593477904
133.25	0.0020771926333433464
133.375	0.002050147678059624
133.5	0.002040656692094668
133.625	0.002013786649874458
133.75	0.0020041590101161745
133.875	0.001977463348546416
134.0	0.0019676988573852573
134.125	0.0019411770469467046
134.25	0.0019312755035395437
134.375	0.0019049270181805019
134.5	0.0018948882191668472
134.625	0.0018687125370588863
134.75	0.0018585362773636334
134.875	0.001832532881693442
135.0	0.001822218955271721
135.125	0.001796387334933141
135.25	0.001785935535483174
135.375	0.0017602751856687319
135.5	0.0017496853071270748
135.625	0.001724195729658642
135.75	0.0017134675664288012
135.875	0.0016881482698273594
136.0	0.0016772816167190717
136.125	0.0016521321160099872
136.25	0.0016411267678830643
136.375	0.0016161465840780881
136.5	0.0016050023352657762
136.625	0.001580190994623075
136.75	0.0015689076381900369
136.875	0.0015442646713877675
137.0	0.0015328419982028113
137.125	0.001508366939491515
137.25	0.0014968047374583793
137.375	0.001472497123849218
137.5	0.0014607951772343494
137.625	0.0014366545479010146
137.75	0.001424812636808817
137.875	0.0014008385327005516
138.0	0.0013888564328900434
138.125	0.0013650483966443658
138.25	0.0013529258795793322
138.375	0.0013292834557174379
138.5	0.0013170202888502967
138.625	0.0012935430241482048
138.75	0.0012811389715177645
138.875	0.0012578264156403569
139.0	0.0012452812385228423
139.125	0.0012221329447682579
139.25	0.0012094464024386183
139.375	0.0011864619284250417
139.5	0.0011736337789473176
139.625	0.001150812687368994
139.75	0.001137842688163424
139.875	0.0011151845472740108
140.0	0.0011020724556171286
140.125	0.0010795768395703603
140.25	0.0010663224127817734
140.375	0.0010439889016711965
140.5	0.0010305918970212574
140.625	0.0010084200766505844
140.75	0.000994880251006272
140.875	0.0009728697123956807
141.0	0.0009591868216315187
141.125	0.0009373371602944235
141.25	0.000923510958555198
141.375	0.0009018217737254615
141.5	0.0008878520125567932
141.625	0.0008663229063536304
141.75	0.0008522093340025496
141.875	0.0008308399106749402
142.0	0.000816582271377464
142.125	0.0007953721367746885
142.25	0.0007809701703515697
142.375	0.0007599189316142889
142.5	0.0007453723733193292
142.625	0.0007244796387940078
142.75	0.0007097882193799822
142.875	0.0006890535988752366
143.0	0.0006742170449426294
143.125	0.000653640150183112
143.25	0.0006386581847722633
143.375	0.000618238629966726
143.5	0.0006031109732140324
143.625	0.0005828483758513054
143.75	0.0005675747457145181
143.875	0.0005474687272180094
144.0	0.0005320488402245173
144.125	0.0005120990266386932
144.25	0.000496532598429721
144.375	0.00047673862088083344
144.5	0.00046102536662231654
144.625	0.0004413868616186266
144.75	0.0004255264961118438
144.875	0.0004060431054961439
145.0	0.00039003534309241125
145.125	0.00037070671379326223
145.25	0.0003545512679551776
145.375	0.0003353770514600167
145.5	0.00031907363415831984
145.625	0.00030005348582236866
145.75	0.00028360180676920816
145.875	0.00026473538500020716
146.0	0.0002481351508500508
146.125	0.0002294221162991808
146.25	0.0002126730298756838
146.375	0.00019411304475211864
146.5	0.00017721480445330486
146.625	0.00015880753200478217
146.75	0.000141759831383825
146.875	0.00012350493564472498
147.0	0.00010630746331976376
147.125	8.820460910381248e-5
147.25	7.085704887944e-5
147.375	5.290590204922585e-5
147.5	3.540793332233684e-5
147.625	1.7608161286811582e-5
147.75	-4.054040703873017e-8
147.875	-1.768926801390477e-5
148.0	-3.548903026605934e-5
148.125	-5.2987040902024795e-5
148.25	-7.0938193702623e-5
148.375	-8.82858111872678e-5
148.5	-0.00010638868623883918
148.625	-0.00012358623011641135
148.75	-0.0001418411603143612
148.875	-0.00015888894541196897
149.0	-0.00017729626448501618
149.125	-0.0001941946006764428
149.25	-0.00021275464309464408
149.375	-0.00022950383536776968
149.5	-0.0002482169365201723
149.625	-0.0002648172852638013
149.75	-0.0002836837818997648
149.875	-0.0003001355834684481
150.0	-0.0003191558143577559
150.125	-0.00033545936175985685
150.25	-0.0003546336684287909
150.375	-0.00037078925217869487
150.5	-0.00039011797976666227
150.625	-0.0004061258886316501
150.75	-0.00042560938660754136
150.875	-0.000441469908290813
151.0	-0.00046110853107144155
151.125	-0.00047682195271233935
151.25	-0.0004966160599994731
151.375	-0.0005121826683544904
151.5	-0.0005321326252340291
151.625	-0.0005475527066667843
151.75	-0.0005676588833988222
151.875	-0.0005829327235186781
152.0	-0.0006031954951580688
152.125	-0.0006183233783288259
152.25	-0.0006387431240652637
152.375	-0.000653725332685094
152.5	-0.0006743024351787972
152.625	-0.0006891392489878408
152.75	-0.0007098740935869918
152.875	-0.0007245657889144827
153.0	-0.0007454587630703716
153.125	-0.0007600056122335126
153.25	-0.0007810571049190131
153.375	-0.0007954593758634048
153.5	-0.0008166697773272376
153.625	-0.0008309277333877519
153.75	-0.0008522974351162654
153.875	-0.0008664113351291499
154.0	-0.0008879407300359094
154.125	-0.0009019108287066634
154.25	-0.0009236003116733745
154.375	-0.0009374268601227826
154.5	-0.0009592768286444091
154.625	-0.0009729600751702058
154.75	-0.0009949709301606759
154.875	-0.0010085111210652573
155.0	-0.0010306832676843097
155.125	-0.0010440806480286264
155.25	-0.0010664144964328633
155.375	-0.001079669310692621
155.5	-0.00110216527659358
155.625	-0.0011152777691292343
155.75	-0.0011379362741092984
155.875	-0.001150906689323633
156.0	-0.0011737281608948822
156.125	-0.0011865567430800264
156.25	-0.0012095416144601884
156.375	-0.0012222286075022758
156.5	-0.0012453773171019888
156.625	-0.0012579229638140202
156.75	-0.001281235954604561
156.875	-0.0012936404960517528
157.0	-0.001317118214853839
157.125	-0.0013293818895708759
157.25	-0.0013530247862415402
157.375	-0.0013651478295093043
157.5	-0.0013889563563730567
157.625	-0.0014009389996287435
157.75	-0.0014249136109411567
157.875	-0.0014367560814105011
158.0	-0.0014608972331369753
158.125	-0.0014725997536593736
158.25	-0.0014969079034888157
158.375	-0.0015084706926670568
158.5	-0.0015329463003029044
158.625	-0.0015443695729621234
158.75	-0.0015690131006267352
158.875	-0.0015802970683372914
159.0	-0.0016051089815762368
159.125	-0.0016162538535084287
159.25	-0.0016412346219728355
159.375	-0.001652240605740319
159.5	-0.0016773907040914457
159.625	-0.0016882580065110677
159.75	-0.0017135779151536247
159.875	-0.0017243067429746543
160.0	-0.001749796948644413
160.125	-0.0017603875089198025
160.25	-0.001786048505000896
160.375	-0.0017965010052800301
160.5	-0.0018223332918492292
160.625	-0.001832647939987288
160.75	-0.00185865202352447
160.875	-0.0018688290272830302
161.0	-0.0018950054201560408
161.125	-0.0019050449866059036
161.25	-0.0019313942063738452
161.375	-0.0019412965410797562
161.5	-0.001967819109747339
161.625	-0.0019775844159623784
161.75	-0.0020042808592106334
161.875	-0.0020139093371544492
162.0	-0.002040780183692593
162.125	-0.00205027202995579
162.25	-0.00207731781100455
162.375	-0.002086673218161771
162.5	-0.002113894467270107
162.625	-0.002123113623731969
162.75	-0.0021505108768059373
162.875	-0.0021595939669730203
163.0	-0.002187167762585002
163.125	-0.0021961149673002233
163.25	-0.0022238658472150587
163.375	-0.0022326773443495577
163.5	-0.0022606058543430947
163.625	-0.0022692818196254874
163.75	-0.0022973885102899588
163.875	-0.0023059291181455562
164.0	-0.0023342145457913963
164.125	-0.00234261997013843
164.25	-0.002371084697573709
164.375	-0.0023793551124846888
164.5	-0.0024079997095707104
164.625	-0.002416135289697209
164.75	-0.002444960333683384
164.875	-0.0024529612543985734
165.0	-0.0024819673299268066
165.125	-0.002489833767174984
165.25	-0.002519021466022895
165.375	-0.002526753595850726
165.5	-0.0025561235164254887
165.625	-0.0025637215143840997
165.75	-0.002593274261047678
165.875	-0.002600738301389474
166.0	-0.0026304744836955227
166.125	-0.0026378047386802403
166.25	-0.0026677249706666896
166.375	-0.002674921609782487
166.5	-0.002705026509398209
166.625	-0.0027120896988666997
166.75	-0.0027423798875628605
166.875	-0.0027493097899919114
167.0	-0.0027797858925694904
167.125	-0.002786582666899151
167.25	-0.0028172453115860013
167.375	-0.0028239091132971207
167.5	-0.002854758932152425
167.625	-0.002861289913706725
167.75	-0.0028923275431673922
167.875	-0.002898725854654463
168.0	-0.0029299519363595217
168.125	-0.0029362177262391436
168.25	-0.002967632907796813
168.375	-0.0029737663237498326
168.5	-0.0030053712595919844
168.625	-0.003011372449211877
168.75	-0.0030431678013188015
168.875	-0.0030490369126886124
169.0	-0.0030810233509946045
169.125	-0.003086760532953539
169.25	-0.003118938735643341
169.375	-0.0031245441378707213
169.5	-0.0031569147911961314
169.625	-0.003162388563830731
169.75	-0.0031949523617840216
169.875	-0.0032002946549277763
170.0	-0.003233052298598613
170.125	-0.003238263261589374
170.25	-0.0032712154584331227
170.375	-0.0032762952389890185
170.5	-0.0033094427020911228
170.625	-0.003314391445579768
170.75	-0.003347734892939135
170.875	-0.003352552741697545
171.0	-0.0033860928957324433
171.125	-0.0033907799886472457
171.25	-0.0034245175759756207
171.375	-0.003429074048306513
171.5	-0.00346300979974918
171.625	-0.0034674357832524525
171.75	-0.003501570434134941
171.875	-0.00350586605748352
172.0	-0.0035402003482664997
172.125	-0.0035443657377076786
172.25	-0.003578900414760872
172.375	-0.003582935694960629
172.5	-0.0036176715115329044
172.625	-0.003621576806479509
172.75	-0.003656514523721041
172.875	-0.00366028995770479
173.0	-0.00369543034558725
173.125	-0.003699076043950151
173.25	-0.003734419881967676
173.375	-0.0037379359717274892
173.5	-0.0037734840494361528
173.625	-0.0037768706594575627
173.75	-0.0038126237765727555
173.875	-0.0038158810374671935
174.0	-0.0038518400035931436
174.125	-0.0038549680472718378
174.25	-0.0038911336813043794
174.375	-0.0038941326400879052
174.5	-0.003930505769395163
174.625	-0.003933375775115499
174.75	-0.003969957234441023
174.875	-0.003972698417234279
175.0	-0.004009489047751768
175.125	-0.004012101535029866
175.25	-0.00404910218337769
175.375	-0.004051586098973088
175.5	-0.004088797616545431
175.625	-0.004091153080095778
175.75	-0.004128576322674336
175.875	-0.004130803449268577
176.0	-0.004168439277003033
176.125	-0.004170538177356745
176.25	-0.004208387455047028
176.375	-0.004210358235924071
176.5	-0.004248421833773517
176.625	-0.004250264598721258
176.75	-0.004288543393278013
176.875	-0.00429025824370535
177.0	-0.004328753119087819
177.125	-0.0043303401554294005
177.25	-0.004369052004565808
177.375	-0.004370511327522152
177.5	-0.004409441053467705
177.625	-0.004410772765142783
177.75	-0.004449921282199364
177.875	-0.0044511254870022955
178.0	-0.004490493721557965
178.125	-0.004491570526845176
178.25	-0.004531159417815046
178.375	-0.004532108934022583
178.5	-0.004571919432991584
178.625	-0.0045727417734728595
178.75	-0.004612774844291174
178.875	-0.004613470124683267
179.0	-0.004653726742787614
179.125	-0.004654295080127135
179.25	-0.0046947762316216345
179.375	-0.0046952177432698855
179.5	-0.004735924423926661
179.625	-0.004736239226425608
179.75	-0.004777172440625663
179.875	-0.0047773606486821805
180.0	-0.0048185214085635685
180.125	-0.004818583134148553
180.25	-0.004859972458913669
180.375	-0.00485990781069476
180.5	-0.004901526726296676
180.625	-0.0049013358093085
180.75	-0.004943185348285508
180.875	-0.004942868263890531
181.0	-0.004984949465626464
181.125	-0.004984506311767405
181.25	-0.005026820222966391
181.375	-0.005026251094734811
181.5	-0.005068798770111571
181.625	-0.005068103760319835
181.75	-0.005110886263428041
181.875	-0.005110065463514637
182.0	-0.005153083867635794
182.125	-0.005152137368360531
182.25	-0.005195392757399384
182.375	-0.005194320649614182
182.5	-0.005237814118799081
182.625	-0.005236616493940001
182.75	-0.005280349150367802
182.875	-0.005279026100831958
183.0	-0.0053229990637594276
183.125	-0.005321550682951664
183.25	-0.005365765083880323
183.375	-0.00536419146610672
183.5	-0.00540864844872038
183.625	-0.005406949688974231
183.75	-0.005451650408975636
183.875	-0.005449826602637096
184.0	-0.005494772227582183
184.125	-0.005492823470272227
184.25	-0.0055380151796002195
184.375	-0.00553594156707942
184.5	-0.005581380552199108
184.625	-0.005579182180548973
184.75	-0.005624869645227659
184.875	-0.005622546611082975
185.0	-0.005668483771873753
185.125	-0.00566603617292256
185.25	-0.005712224259800058
185.375	-0.005709652195185533
185.5	-0.005756092452117156
185.625	-0.005753396023013196
185.75	-0.00580008970854857
185.875	-0.005797269018470078
186.0	-0.005844217406088269
186.125	-0.005841272561067937
186.25	-0.005888476939383037
186.375	-0.005885408047920563
186.5	-0.00593286972061613
186.625	-0.00592967689326378
186.75	-0.005977397178574464
186.875	-0.005974080527191409
187.0	-0.006022060757182035
187.125	-0.006018620393833344
187.25	-0.006066861913181015
187.375	-0.006063297948726417
187.5	-0.006111802113384664
187.625	-0.006108114655856124
187.75	-0.006156882831490054
187.875	-0.006153071984457383
188.0	-0.006202105544960375
188.125	-0.006198171405987421
188.25	-0.006247471732353272
188.375	-0.006243414391890026
188.5	-0.006292982871384249
188.625	-0.006288802412258458
188.75	-0.006338640438464813
188.875	-0.0063343369359702174
189.0	-0.006384445909438933
189.125	-0.006380019432413343
189.25	-0.006430400762179562
189.375	-0.0064258513746770244
189.5	-0.006476506480515422
189.625	-0.006471834244183144
189.75	-0.006522764559389578
189.875	-0.0065179695364432355
190.0	-0.006569176511042811
190.125	-0.006564258767244626
190.25	-0.006615743871341726
190.375	-0.0066107034792383095
190.5	-0.006662468206087972
190.625	-0.006657305247876813
190.75	-0.006709351116788954
190.875	-0.006704065686570954
191.0	-0.0067563942449397575
191.125	-0.006750986450282896
191.25	-0.006803599274891254
191.375	-0.006798069237398817
191.5	-0.006850967934578088
191.625	-0.006845315789341856
191.75	-0.006898501993961563
191.875	-0.00689272788780046
192.0	-0.00694620326115926
192.125	-0.006940307349747264
192.25	-0.006994073576393681
192.375	-0.006988056020511558
192.5	-0.007042114804209067
192.625	-0.007035975765258482
192.75	-0.007090328824602677
192.875	-0.007084068459887551
193.0	-0.007138717523734517
193.125	-0.007132335981911232
193.25	-0.007187282785217408
193.375	-0.007180780202187459
193.5	-0.007236026482565531
193.625	-0.007229402978388068
193.75	-0.007284950473702433
193.875	-0.0072782061505625864
194.0	-0.0073340565977454975
194.125	-0.007327191539276098
194.25	-0.007383346674586088
194.375	-0.007376360946620517
194.5	-0.007432822507259873
194.625	-0.007425716159950245
194.75	-0.007482485887046439
194.875	-0.007475258958252617
195.0	-0.0075323386010527444
195.125	-0.007524991120830185
195.25	-0.007582382441919312
195.375	-0.007574914437934539
195.5	-0.007632619219045227
195.625	-0.007625030722423304
195.75	-0.007683050770690137
195.875	-0.007675341822024781
196.0	-0.0077336789761326755
196.125	-0.007725849631207345
196.25	-0.007784505767013773
196.375	-0.007776556101816105
196.5	-0.007835533137082124
196.625	-0.007827463251697279
196.75	-0.007886763149621272
196.875	-0.007878573170842134
197.0	-0.007938197942097235
197.125	-0.007929888024407692
197.25	-0.007989839727561315
197.375	-0.007981410052566976
197.5	-0.008041690792983551
197.625	-0.008033141567269673
197.75	-0.00809375349443955
197.875	-0.008085084945869892
198.0	-0.008146030249316738
198.125	-0.00813724262213773
198.25	-0.008198523526118882
198.375	-0.008189617074799054
198.5	-0.008251235832016795
198.625	-0.008242210814334409
198.75	-0.008304169698931012
198.875	-0.008295026368410533
199.0	-0.00835732766846454
199.125	-0.00834806626664782
199.25	-0.008410712276840515
199.375	-0.008401333025761746
199.5	-0.00846432604044672
199.625	-0.0084548291359184
199.75	-0.008518171443219397
199.875	-0.008508557049292768
200.0	-0.008572250926720064
200.125	-0.008562519171945395
200.25	-0.008626566883894208
200.375	-0.008616717859718879
200.5	-0.00868112165742841
200.625	-0.008671155418994506
200.75	-0.008735917542912452
200.875	-0.008725834112548889
201.0	-0.008790956797474634
201.125	-0.008780756170797484
201.25	-0.00884624165364025
201.375	-0.008835923808259205
201.5	-0.008901774338210306
201.625	-0.008891339244792906
201.75	-0.008957557095773354
201.875	-0.00894700473097751
202.0	-0.009013592215730662
202.125	-0.00900292257658614
202.25	-0.009069882061682069
202.375	-0.00905909518055497
202.5	-0.009126429101747144
202.625	-0.009115525061000945
202.75	-0.009183235937641844
202.875	-0.00917221488282339
203.0	-0.009240305330346298
203.125	-0.009229167480931768
203.25	-0.009297640220264018
203.375	-0.00928638587683485
203.5	-0.009355243739689118
203.625	-0.009343873286494789
203.75	-0.009413119215857094
203.875	-0.009401633118220827
204.0	-0.009471270163386671
204.125	-0.009459668959634649
204.25	-0.009529700265779604
204.375	-0.009517984553709122
204.5	-0.009588413346222931
204.625	-0.009576583764635323
204.75	-0.009647413328725204
204.875	-0.009635470534775849
205.0	-0.00970670419170684
205.125	-0.009694648835312354
205.25	-0.009766289916196144
205.375	-0.00975412261283577
205.5	-0.009826174431817927
205.625	-0.009813895735740964
205.75	-0.009886361564228636
205.875	-0.009873971943408099
206.0	-0.00994685498738227
206.125	-0.009934354802507652
206.25	-0.01000765818448782
206.375	-0.009995047673649577
206.5	-0.010068774421188602
206.625	-0.01005605369158674
206.75	-0.010130206733480352
206.875	-0.01011737576130451
207.0	-0.01019195793224397
207.125	-0.010179016571250874
207.25	-0.010254030625113078
207.375	-0.010240978623459043
207.5	-0.01031642725455278
207.625	-0.010303264279269923
207.75	-0.010379150150468749
207.875	-0.01036587581777651
208.0	-0.010442201593693386
208.125	-0.010428815503401372
208.25	-0.010505583886273925
208.375	-0.010492085657671327
208.5	-0.010569299423791305
208.625	-0.010555688730719931
208.75	-0.010633350764573534
208.875	-0.010619627367098433
209.0	-0.010697740690995848
209.125	-0.010683904461385355
209.25	-0.010762472258406694
209.375	-0.010748523199460592
209.5	-0.010827548828117185
209.625	-0.01081348708267523
209.75	-0.01089297408208336
209.875	-0.010878799932860629
210.0	-0.010958752018430606
210.125	-0.010944465878416371
210.25	-0.011024886928549287
210.375	-0.01101048932323224
210.5	-0.011091383358757251
210.625	-0.01107687490214893
210.75	-0.01115824606088571
210.875	-0.011143627428261792
211.0	-0.011225479938077307
211.125	-0.011210751838979703
211.25	-0.011293089993033523
211.375	-0.011278253148495275
211.5	-0.011361081286683818
211.625	-0.011346136414367354
211.75	-0.011429458914395417
211.875	-0.01141440672530442
212.0	-0.011498228006976153
212.125	-0.011483069216240708
212.25	-0.011567393760698732
212.375	-0.011552129114243675
212.5	-0.011636961499463598
212.625	-0.011621591816836408
212.75	-0.011706936768873815
212.875	-0.011691463000852916
213.0	-0.011777325458675915
213.125	-0.01176174875693614
213.25	-0.011848133947154706
213.375	-0.011832455741066367
213.5	-0.011919369256832062
213.625	-0.011903591331173916
213.75	-0.011991039208047269
213.875	-0.011975163773309448
214.0	-0.01206315255333706
214.125	-0.01204718229935154
214.25	-0.012135719073451613
214.375	-0.01211965719632784
214.5	-0.012208749614582806
214.625	-0.012192599806319772
214.75	-0.012282256046378191
214.875	-0.012266022437731951
215.0	-0.012356251121698794
215.125	-0.01233993816985887
215.25	-0.012430748223033809
215.375	-0.012414360538313194
215.5	-0.012505760984945843
215.625	-0.012489303093612746
215.75	-0.012581302788897387
215.875	-0.012564778833314697
216.0	-0.01265738613491057
216.125	-0.012640799516437609
216.25	-0.01273402190330831
216.375	-0.012717374878455359
216.5	-0.012811218530191293
216.625	-0.01279451177553876
216.75	-0.012888981130026924
216.875	-0.012872213296724803
217.0	-0.012967310609897972
217.125	-0.012950477893313899
217.25	-0.013046202828334526
217.375	-0.013029298582791955
217.5	-0.013125647860807292
217.625	-0.01310866229273134
217.75	-0.013205629439373371
217.875	-0.013188549413898066
218.0	-0.013286124637134614
218.125	-0.013268933633488966
218.25	-0.013367103867214784
218.375	-0.013349782116375388
218.5	-0.013448531261662991
218.625	-0.013431056095481595
218.75	-0.013530365485761281
218.875	-0.013512711920408647
219.0	-0.013612561029324977
219.125	-0.013594702597447095
219.25	-0.013695069998545356
219.375	-0.01367697983345535
219.5	-0.013777844409120915
219.625	-0.013759496571774995
219.75	-0.013860838955299335
219.875	-0.013842209981211646
220.0	-0.01394401420127247
220.125	-0.013925084828453222
220.25	-0.014027340109888613
220.375	-0.014008097134292082
220.5	-0.014110799793505354
220.625	-0.01409123798213426
220.75	-0.014194393340122395
220.875	-0.01417451731873844
221.0	-0.014278141541812226
221.125	-0.01425796756027726
221.25	-0.01436208932686456
221.375	-0.01434164679699349
221.5	-0.014446308681233509
221.625	-0.014425641374772404
221.75	-0.014530900833696528
221.875	-0.014510067627128018
222.0	-0.014615997478541061
222.125	-0.014595072534257954
222.25	-0.014701760818951944
222.375	-0.014680833101231243
222.5	-0.014788382234048622
222.625	-0.014767554272184982
222.75	-0.01487607940364999
222.875	-0.014855465234630723
223.0	-0.014965091767498282
223.125	-0.014944814016076724
223.25	-0.015055674249491464
223.375	-0.015035860333910578
223.5	-0.015148089240261233
223.625	-0.015128866727560955
223.75	-0.01524259690566586
223.875	-0.015224088079648583
224.0	-0.015339443967812344
224.125	-0.015321759715236685
224.25	-0.01543885119183675
224.375	-0.015422084356425217
224.5	-0.015540999899683137
224.625	-0.015525218297463844
224.75	-0.015646017919779456
224.875	-0.01563125725238912
225.0	-0.015753965465799175
225.125	-0.01574022240752442
225.25	-0.01586482151430285
225.375	-0.01585204728301828
225.5	-0.015978471315974872
225.625	-0.015966566065638756
225.75	-0.01609469572643679
225.875	-0.016083504117058327
226.0	-0.01621316307365507
226.125	-0.016202471382590983
226.25	-0.01633342428921988
226.375	-0.01632295942300148
226.5	-0.016454912013956283
226.625	-0.01644434276061551
226.75	-0.0165769443427989
226.875	-0.016565885170231224
227.0	-0.01669873379601544
227.125	-0.016686751449683557
227.25	-0.016819401991099228
227.375	-0.016806025075074938
227.5	-0.016938000341394963
227.625	-0.016922731978680657
227.75	-0.01705353692284089
227.875	-0.017035870485413784
228.0	-0.01716500943066172
228.125	-0.017144447207517274
228.25	-0.01727144389589015
228.375	-0.017247518430876643
228.5	-0.01737193855231505
228.625	-0.017344236234904206
228.75	-0.017465711942591142
228.875	-0.017433898278509937
229.0	-0.017552154037861003
229.125	-0.01751599986686344
229.25	-0.017630878826168594
229.375	-0.017590286597380836
229.5	-0.017701776514946
229.625	-0.017656805582670396
229.75	-0.017765063205649557
229.875	-0.017715952977676436
230.0	-0.017821325648404107
230.125	-0.017768515314507453
230.25	-0.017871558491818557
230.375	-0.017815701989169534
230.5	-0.017917191322131886
230.625	-0.017859166167973308
230.75	-0.017960102758119843
230.875	-0.017901011405377813
231.0	-0.018002618948005106
231.125	-0.017943781405585033
231.25	-0.018047494019529427
231.375	-0.017990430631789272
231.5	-0.018097870375509598
231.625	-0.018044273880031537
231.75	-0.018157217213095767
231.875	-0.01810891349492556
232.0	-0.01822924628026373
232.125	-0.01818814361329886
232.25	-0.018317804664119967
232.375	-0.018285831673152207
232.5	-0.018426745323431953
232.625	-0.018405778405783967
232.75	-0.018559777115821588
232.875	-0.01855155861749263
233.0	-0.018720297201481217
233.125	-0.01872634623308917
233.25	-0.0189112098963853
233.375	-0.01893272827932239
233.5	-0.019134737255494368
233.625	-0.019172513682325244
233.75	-0.019392227838597592
233.875	-0.019446543887155873
234.0	-0.019683971191181367
234.125	-0.019754513317468036
234.25	-0.020009026496781424
234.375	-0.02009480851455952
234.5	-0.020365074559676333
234.625	-0.020464375362881843
234.75	-0.020748302693275225
234.875	-0.020858624057596607
235.0	-0.0211533321553632
235.125	-0.02127138134059624
235.25	-0.021573197433992164
235.375	-0.02169489897162939
235.5	-0.02199938589656042
235.625	-0.02211992637273507
235.75	-0.022421945041158298
235.875	-0.022535853860605425
236.0	-0.022829662815976388
236.125	-0.02293093085963275
236.25	-0.023210324205114007
236.375	-0.023292560983363915
236.5	-0.023551044547256796
236.625	-0.02360767292652482
236.75	-0.023838676911829414
236.875	-0.02386316279161996
237.0	-0.02406028738524649
237.125	-0.024046399876405236
237.25	-0.02420368842824749
237.375	-0.024145784194482222
237.5	-0.024258016683483225
237.625	-0.024151340231826107
237.75	-0.024214337896803512
237.875	-0.02405532782252308
238.0	-0.024066258138176668
238.125	-0.02385284773710136
238.25	-0.023810517450943196
238.375	-0.023542416800559695
238.5	-0.023447539611898133
238.625	-0.0231264852871879
238.75	-0.022981910034631795
238.875	-0.022611868152470942
239.0	-0.02242275316842849
239.125	-0.022010061527855885
239.25	-0.021783981187995637
239.375	-0.021337416955525792
239.5	-0.02108438745820146
239.625	-0.02061514818554494
239.75	-0.020347561271373084
239.875	-0.019869149049698196
240.0	-0.01960160472778573
240.125	-0.01912960597277952
240.25	-0.01887863833593498
240.375	-0.018430395026620233
240.5	-0.018214088862677332
240.625	-0.01780826095704951
240.75	-0.017645761013182645
240.875	-0.01730178413431102
241.0	-0.017212703450689915
241.125	-0.01695015064812213
241.25	-0.016953889198832936
241.375	-0.016791750479086966
241.5	-0.016906740269097435
241.625	-0.016862638471982678
241.75	-0.01710553604178827
241.875	-0.01719490230949417
242.0	-0.017579754081931378
242.125	-0.01781499040747709
242.25	-0.018352400252664453
242.375	-0.01874206018159323
242.5	-0.019438391753846478
242.625	-0.019986413029647064
242.75	-0.020843061634959352
242.875	-0.02154808622292528
243.0	-0.02256085601459813
243.125	-0.023415673332418934
243.25	-0.024574295345907788
243.375	-0.025565443532368577
243.5	-0.02685326833765315
243.625	-0.0279608259045994
243.75	-0.029354721404472924
243.875	-0.030552317599677956
244.0	-0.03202279772053446
244.125	-0.03327786439422841
244.25	-0.034789468148444025
244.375	-0.03606374894491252
244.5	-0.037575681703802134
244.625	-0.03882600613428702
244.75	-0.04029304611373421
244.875	-0.04147236671896476
245.0	-0.042846029888423336
245.125	-0.04390471053862312
245.25	-0.04513465671599137
245.375	-0.04602198944876438
245.5	-0.04705764159064866
245.625	-0.047723558626015
245.75	-0.04851589665499185
245.875	-0.04891283375717843
246.0	-0.0494163141039885
246.125	-0.0495011717103432
246.25	-0.04967571452122536
246.375	-0.049411854459328663
246.5	-0.04922483255435081
246.625	-0.04858404114074948
246.75	-0.04801219871455202
246.875	-0.04697654195997291
247.0	-0.04600776706019035
247.125	-0.04457126094043098
247.25	-0.043206134253619535
247.375	-0.041376152821405034
247.5	-0.0396291964848236
247.625	-0.037427543198177406
247.75	-0.035328097396609824
247.875	-0.0327916705378988
248.0	-0.030384332604465734
248.125	-0.027565324075830976
248.25	-0.024909894658024852
248.375	-0.021875472676944667
248.5	-0.019046366113451806
248.625	-0.015877806201233184
248.75	-0.012962897335417637
248.875	-0.009754142195802017
249.0	-0.006853039079764924
249.125	-0.003708686105434406
249.25	-0.000930436981185244
249.375	0.002036828280897253
249.5	0.004576565224693348
249.625	0.007249050837096016
249.75	0.00943132574010339
249.875	0.01168987080942534
250.0	0.013396178621724406
250.125	0.015124066500005322
250.25	0.01624041196023857
250.375	0.017327560054355737
250.5	0.017748743002749662
250.625	0.018096052559826936
250.75	0.01773004909788643
250.875	0.01725378331834105
251.0	0.01602608478048986
251.125	0.01466213168774847
251.25	0.012519893236909836
251.375	0.010227761485109434
251.5	0.007143605930089637
251.625	0.003909997667190044
251.75	-0.00011468170943320586
251.875	-0.004272876266387544
252.0	-0.009205267113896286
252.125	-0.014238703275924545
252.25	-0.02001272505773972
252.375	-0.02583820473763195
252.5	-0.03235359115506604
252.625	-0.038853654944606394
252.75	-0.04597608160424401
252.875	-0.05299969446417782
253.0	-0.06056204206762497
253.125	-0.06792644937812244
253.25	-0.0757312644993982
253.375	-0.08322506475597115
253.5	-0.09104824768010998
253.625	-0.09843569354074515
253.75	-0.10603140623160001
253.875	-0.11305790756644174
254.0	-0.12016465532392256
254.125	-0.12656341717299613
254.25	-0.13291121579140427
254.375	-0.13841090163783035
254.5	-0.14372939889895825
254.625	-0.14806266649462527
254.75	-0.15209004377354454
254.875	-0.15500275813488373
255.0	-0.15749519604872972
255.125	-0.15875608351688905
255.25	-0.15949753631355612
255.375	-0.1589080062032562
255.5	-0.15771999446519383
255.625	-0.15512382234633554
255.75	-0.15187492414181353
255.875	-0.14716746479026202
256.0	-0.14178216323000076
256.125	-0.1349187433348349
256.25	-0.12738527515220352
256.375	-0.11838840750865105
256.5	-0.10876525426071672
256.625	0.0
256.75	0.0
256.875	0.0
257.0	0.0
257.125	0.0
257.25	0.0
257.375	0.0
257.5	0.0
257.625	0.0
257.75	0.0
