0.0	0.0
0.125	0.0
0.25	0.0
0.375	0.0
0.5	0.0
0.625	0.0
0.75	0.0
0.875	0.0
1.0	0.0
1.125	0.0
1.25	0.0
1.375	0.0
1.5	0.0
1.625	0.0
1.75	0.0
1.875	0.0
2.0	0.0
2.125	0.0
2.25	0.0
2.375	0.0
2.5	0.0
2.625	0.0
2.75	0.0
2.875	0.0
3.0	0.0
3.125	0.0
3.25	0.0
3.375	0.0
3.5	0.0
3.625	0.0
3.75	0.0
3.875	0.0
4.0	0.0
4.125	-2.1610937414807068
4.25	-2.144355132667477
4.375	-2.1113794341834007
4.5	-2.0623575730806247
4.625	-1.9976131318263348
4.75	-1.9176000791439023
4.875	-1.8228993353957208
5.0	-1.7142142001519107
5.125	-1.5923646804845337
5.25	-1.4582807690757957
5.375	-1.3129947313236598
5.5	-1.1576324701664606
5.625	-0.9934040462329478
5.75	-0.8215934390651741
5.875	-0.6435476424768156
6.0	-0.46066519352515556
6.125	-0.27438424002718825
6.25	-0.08617025598542533
6.375	0.10249648233611647
6.5	0.29013354466176516
6.625	0.4752690030842812
6.75	0.656453980327812
6.875	0.8322749747111496
7.0	1.0013658487949084
7.125	1.1624193719378613
7.25	1.3141982112671842
7.375	1.4555452708380539
7.5	1.5853932849630452
7.625	1.7027735787662333
7.75	1.8068239168883176
7.875	1.8967953698589672
8.0	1.9720581368770214
8.125	2.0321062735109936
8.25	2.076561283061576
8.375	2.105174540923584
8.5	2.1178285321563095
8.625	2.1145368935290176
8.75	2.0954432624652704
8.875	2.060818946482022
9.0	2.011059437826964
9.125	1.9466798089847641
9.25	1.868309035478261
9.375	1.7766833028671054
9.5	1.6726383649804073
9.625	1.5571010301504236
9.75	1.4310798614821503
9.875	1.2956551859389729
10.0	1.1519685151860375
10.125	1.0012114886452168
10.25	0.8446144560067899
10.375	0.6834348224340169
10.5	0.5189452847969753
10.625	0.3524220913803222
10.75	0.18513346051065466
10.875	0.018328295314056817
11.0	-0.14677466779818776
11.125	-0.3089971404634596
11.25	-0.4672108599109716
11.375	-0.6203463338135032
11.5	-0.7674006302950592
11.625	-0.9074440998942679
11.75	-1.0396259275925468
11.875	-1.1631784268100291
12.0	-1.2774200036467496
12.125	-1.3817567386495415
12.25	-1.4756825550080137
12.375	-1.5587779662454158
12.5	-1.6307074230089584
12.625	-1.691215307221705
12.75	-1.7401206522718473
12.875	-1.7773106996117263
13.0	-1.802733434527629
13.125	-1.81638927621572
13.25	-1.81832212883975
13.375	-1.8086100300292125
13.5	-1.7873556602905394
13.625	-1.7546769999684733
13.75	-1.7106984385885438
13.875	-1.6555426535043094
14.0	-1.5893235796638407
14.125	-1.5121407889699534
14.25	-1.4240755852281004
14.375	-1.3251890983115668
14.5	-1.2155226284002414
14.625	-1.0951004477058535
14.75	-0.9639352130322547
14.875	-0.8220360782323692
15.0	-0.6694195218914019
15.125	-0.5061228235684926
15.25	-0.3322200332531325
15.375	-0.14784018533050414
15.5	0.046812587327064024
15.625	0.2514374788019658
15.75	0.4656145066416489
15.875	0.6887816962330955
16.0	0.9202126451454435
16.125	1.158995221543008
16.25	1.4040121961977814
16.375	1.6539246334436484
16.5	1.9071588699200366
16.625	2.1618978889332903
16.75	2.416077851101375
16.875	2.6673904677363756
17.0	2.9132918020623366
17.125	3.1510179556513607
17.25	3.3776079451099355
17.375	3.589933899735893
17.5	3.784738518208636
17.625	3.958679515876837
17.75	4.108380579177179
17.875	4.230488126145787
18.0	4.321732958386988
18.125	4.378995687096787
18.25	4.399374630782844
18.375	4.3802547220549135
18.5	4.319375831809006
18.625	4.214898827229351
18.75	4.065467630386014
18.875	3.8702655408555033
19.0	3.629064131522709
19.125	3.3422631228976956
19.25	3.0109197877169427
19.375	2.6367666324912165
19.5	2.222216342565389
19.625	1.7703532571182419
19.75	1.2849109537912398
19.875	0.7702358613763631
20.0	0.23123717414506442
20.125	-0.3266762970007398
20.25	-0.8976713438902412
20.375	-1.4755763157536883
20.5	-2.053976157153633
20.625	-2.6263145962936574
20.75	-3.1860013155067426
20.875	-3.7265217543170666
21.0	-4.2415470749057445
21.125	-4.725041765321799
21.25	-5.1713663706626445
21.375	-5.5753729279152004
21.5	-5.93249083523179
21.625	-6.238801107948429
21.75	-6.491097256324735
21.875	-6.686931356461927
22.0	-6.824644266979827
22.125	-6.903379359079453
22.25	-6.923079564605708
22.375	-6.884467992784286
22.5	-6.7890128080712335
22.625	-6.638877485578492
22.75	-6.436857953730729
22.875	-6.186308483847879
23.0	-5.891058482094335
23.125	-5.5553225711027645
23.25	-5.183606508866964
23.375	-4.780611575663102
23.5	-4.351140062635699
23.625	-3.9000044176209427
23.75	-3.431942446701178
23.875	-2.951540738376138
24.0	-2.4631681780451435
24.125	-1.970921062947207
24.25	-1.478580923052217
24.375	-0.989585714580267
24.5	-0.5070145940942948
24.625	-0.03358601756864345
24.75	0.42833154403596124
24.875	0.876697408015482
25.0	1.3097665234509783
25.125	1.7260492083893628
25.25	2.124264899820511
25.375	2.503292225465291
25.5	2.862117813052629
25.625	3.199786271714563
25.75	3.515353709878561
25.875	3.807846996239271
26.0	4.0762307298560865
26.125	4.3193835700114755
26.25	4.5360851968819125
26.375	4.7250147435356205
26.5	4.884761073580007
26.625	5.013844793798565
26.75	5.1107514051700775
26.875	5.173974526894469
27.0	5.202067694236689
27.125	5.193702848869041
27.25	5.147733324959016
27.375	5.0632588982073115
27.5	4.9396903182304115
27.625	4.776810693660483
27.75	4.574831147070191
27.875	4.334438302530621
28.0	4.056831407711329
28.125	3.7437472167272836
28.25	3.3974711578713626
28.375	3.0208337674635772
28.5	2.6171918704524044
28.625	2.190394511565213
28.75	1.7447341681962487
28.875	1.2848842881234432
29.0	0.8158246724425536
29.125	0.34275664905201575
29.25	-0.12898966104775653
29.375	-0.5940534064164907
29.5	-1.0471436333214885
29.625	-1.4831396275047852
29.75	-1.8971881285304204
29.875	-2.2847946842129088
30.0	-2.641906613641956
30.125	-2.9649853320905724
30.25	-3.251066147847591
30.375	-3.497804055448881
30.5	-3.7035045056966873
30.625	-3.8671386128583496
30.75	-3.9883427456651455
30.875	-4.0674029235972675
31.0	-4.105224886818226
31.125	-4.103291111994187
31.25	-4.063606394237879
31.375	-3.98863389728262
31.5	-3.8812237823538993
31.625	-3.74453665677822
31.75	-3.5819641349848172
31.875	-3.397048779072064
32.0	-3.193405588188258
32.125	-2.974647042755383
32.25	-2.744313490248127
32.375	-2.505810394616771
32.5	-2.262353673365624
32.625	-2.0169240271544515
32.75	-1.7722308389731163
32.875	-1.530685895361904
33.0	-1.2943868718026734
33.125	-1.0651102379896369
33.25	-0.8443129843225343
33.375	-0.6331423549849331
33.5	-0.4324525998149914
33.625	-0.24282762936271324
33.75	-0.06460837570836363
33.875	0.10207637529070863
34.0	0.2572769092790306
34.125	0.4011884514276013
34.25	0.5341170852978144
34.375	0.6564467258274026
34.5	0.7686080233842526
34.625	0.8710499342975381
34.75	0.9642145427726667
34.875	1.0485155655351084
35.0	1.1243208193178378
35.125	1.1919387871281093
35.25	1.251609286044401
35.375	1.303498120207249
35.5	1.3476954999203117
35.625	1.384217922768557
35.75	1.4130131459921371
35.875	1.4339678309123292
36.0	1.4469174092523822
36.125	1.4516577064814378
36.25	1.447957857187581
36.375	1.4355740600312974
36.5	1.414263742951589
36.625	1.3837997408397722
36.75	1.3439841257359368
36.875	1.2946613717223852
37.0	1.2357305812372272
37.125	1.1671565448732906
37.25	1.0889794514686726
37.375	1.0013231082989942
37.5	0.9044015715693188
37.625	0.7985241245464272
37.75	0.6840985741697043
37.875	0.561632866635822
38.0	0.4317350482472643
38.125	0.2951116198676517
38.25	0.1525643518667295
38.375	0.004985641769979778
38.5	-0.1466474906951447
38.625	-0.3012806664697456
38.75	-0.4577905553805742
38.875	-0.6149943110100403
39.0	-0.7716599088447592
39.125	-0.9265172608167849
39.25	-1.0782699767843458
39.375	-1.2256076417026178
39.5	-1.3672184760864408
39.625	-1.5018022467899892
39.75	-1.6280832950889643
39.875	-1.7448235495505566
40.0	-1.85083539224448
40.125	-1.9449942485356613
40.25	-2.026250773069052
40.375	-2.0936425076795446
40.5	-2.1463048909045765
40.625	-2.183481503607177
40.75	-2.2045334409857764
40.875	-2.2089477079918938
41.0	-2.1963445429183968
41.125	-2.166483582660335
41.25	-2.1192687928675418
41.375	-2.054752096862611
41.5	-1.973135648728042
41.625	-1.8747727082913082
41.75	-1.760167088756789
41.875	-1.6299711613331929
42.0	-1.4849824152538222
42.125	-1.3261385859427308
42.25	-1.1545113785901397
42.375	-0.9712988289069467
42.5	-0.7778163571668525
42.625	-0.5754865856504647
42.75	-0.365828003113817
42.875	-0.15044257275225004
43.0	0.06899760783677339
43.125	0.290764475121034
43.25	0.5130888669971722
43.375	0.7341759507866629
43.5	0.9522210662182822
43.625	1.1654258318179447
43.75	1.3720143587278766
43.875	1.5702494131796025
44.0	1.7584483677014775
44.125	1.9349987816818086
44.25	2.098373454148389
44.375	2.247144795558005
44.5	2.3799983709910815
44.625	2.4957454743749605
44.75	2.5933346021517325
44.875	2.671861705085708
45.0	2.730579108574364
45.125	2.768903004774414
45.25	2.7864194339543533
45.375	2.7828886875967447
45.5	2.758248081745691
45.625	2.7126130657642795
45.75	2.646276648861798
45.875	2.5597071442915524
46.0	2.4535442488223946
46.125	2.3285934927608856
46.25	2.185819113255448
46.375	2.026335420655841
46.5	1.8513967441406247
46.625	1.6623860584728012
46.75	1.4608024084161777
46.875	1.248247260864929
47.0	1.0264099269355789
47.125	0.7970522069858663
47.25	0.5619924206078795
47.375	0.32308899095977334
47.5	0.08222375822834231
47.625	-0.1587147995499308
47.75	-0.39784825872551294
47.875	-0.6333246765372641
48.0	-0.863334576067038
48.125	-1.0861263190310475
48.25	-1.3000207031962474
48.375	-1.5034246307939245
48.5	-1.694843706008548
48.625	-1.8728936333575288
48.75	-2.0363103044296564
48.875	-2.1839584778632077
49.0	-2.314838976436794
49.125	-2.4280943454989816
49.25	-2.52301293842733
49.375	-2.5990314171033595
49.5	-2.6557356782046524
49.625	-2.6928602391111607
49.75	-2.710286140035106
49.875	-2.7080374412293464
50.0	-2.6862764154076055
50.125	-2.645297555412361
50.25	-2.5855205352805535
50.375	-2.5074822787766284
50.5	-2.411828302793407
50.625	-2.2993035133938595
50.75	-2.1707426393433646
50.875	-2.02706049146815
51.0	-1.8692422358307408
51.125	-1.6983338643592545
51.25	-1.5154330381014347
51.375	-1.3216804656737078
51.5	-1.118251962809494
51.625	-0.906351318344961
51.75	-0.6872040677795739
51.875	-0.4620522480849098
52.0	-0.23215017717952735
52.125	0.0012387309835525532
52.25	0.236844138789927
52.375	0.473390002682782
52.5	0.7095949288886615
52.625	0.944171793663436
52.75	1.1758267865708096
52.875	1.4032580645053259
53.0	1.6251542296251509
53.125	1.8401928651532866
53.25	2.047039378277818
53.375	2.244346408355072
53.5	2.430754060628088
53.625	2.604891220184446
53.75	2.7653781875249988
53.875	2.9108308557119305
54.0	3.0398666196281305
54.125	3.15111217064443
54.25	3.243213285415624
54.375	3.3148466663007703
54.5	3.3647338339434367
54.625	3.3916570109873216
54.75	3.3944768710761486
54.875	3.372151960706006
55.0	3.3237595348228517
55.125	3.2485174820586527
55.25	3.14580695401644
55.375	3.0151952569108
55.5	2.856458514981001
55.625	2.6696035751746248
55.75	2.4548885932729307
55.875	2.2128417243296097
56.0	1.9442773362235795
56.125	1.6503091751976087
56.25	1.3323599370627297
56.375	0.9921667375256178
56.5	0.6317820296950348
56.625	0.25356958569691246
56.75	-0.13980475847711812
56.875	-0.5453878015910494
57.0	-0.9599592215403895
57.125	-1.3800573551763653
57.25	-1.8020103848928595
57.375	-2.221972681765452
57.5	-2.635965933193242
57.625	-3.039924563807445
57.75	-3.429744844884089
57.875	-3.80133698261786
58.0	-4.150679382250171
58.125	-4.473874205876774
58.25	-4.767203279199522
58.375	-5.02718335859492
58.5	-5.250619746307197
58.625	-5.434657239521094
58.75	-5.576827419210139
58.875	-5.67509132712427
59.0	-5.727876643654302
59.125	-5.7341085646077135
59.25	-5.693233679621073
59.375	-5.605236276975471
59.5	-5.470646636455558
59.625	-5.290541020672001
59.75	-5.06653323267957
59.875	-4.800757770238489
60.0	-4.495844770981249
60.125	-4.154887104284663
60.25	-3.781400121050963
60.375	-3.379274718238782
60.5	-2.9527245074390507
60.625	-2.506227992950838
60.75	-2.0444667619630126
60.875	-1.5722607653306435
61.0	-1.094501820323973
61.125	-0.6160864954607186
61.25	-0.14184954155798102
61.375	0.32350098747262884
61.5	0.7754458251230836
61.625	1.2097127623162969
61.75	1.6223301531567442
61.875	2.0096748188904288
62.0	2.3685136342875452
62.125	2.696038214523206
62.25	2.9898922630061233
62.375	3.248191287663498
62.5	3.4695345409957565
62.625	3.6530091838655836
62.75	3.7981868107412846
62.875	3.9051126015509032
63.0	3.974287479466987
63.125	4.006643752498146
63.25	4.003514798155153
63.375	3.9665994140277228
63.5	3.8979215032046306
63.625	3.7997857935088133
63.75	3.6747303059810377
63.875	3.5254762943994007
64.0	3.354876378157082
64.125	3.165861590380852
64.25	2.9613880667798638
64.375	2.7443841130969315
64.5	2.517698414069459
64.625	2.2840501869151626
64.75	2.0459821378865355
64.875	1.805817149109998
65.0	1.5656196994016833
65.125	1.3271630984072078
65.25	1.0919036763886543
65.375	0.8609631075820718
65.5	0.6351200365353896
65.625	0.4148121066200564
65.75	0.2001493411337953
65.875	-0.009060414172574742
66.0	-0.213273622276994
66.125	-0.4131608440879474
66.25	-0.6095448185962106
66.375	-0.8033280991643036
66.5	-0.9954122004743373
66.625	-1.186610919881147
66.75	-1.3775611794488936
66.875	-1.5686353371156425
67.0	-1.759859379913599
67.125	-1.950841682378587
67.25	-2.140717038385908
67.375	-2.328110414910128
67.5	-2.5111243080843484
67.625	-2.687352702459119
67.75	-2.853923464231563
67.875	-3.0075695841596035
68.0	-3.1447280959074915
68.125	-3.261663821972029
68.25	-3.3546134494052557
68.375	-3.4199439273361034
68.5	-3.4543179238885373
68.625	-3.454858188087337
68.75	-3.4193022203301076
68.875	-3.3461387230222877
69.0	-3.2347179067410488
69.125	-3.0853288540231403
69.25	-2.8992387401693467
69.375	-2.6786906886271766
69.5	-2.426859276179659
69.625	-2.1477650558562518
69.75	-1.8461517764725213
69.875	-1.5273320902202887
70.0	-1.1970093093923495
70.125	-0.861084079727248
70.25	-0.5254555942057317
70.375	-0.19582713105875418
70.5	0.12247473930588833
70.625	0.4246589308836959
70.75	0.7065997294396339
70.875	0.9649327579068392
71.0	1.197114057023029
71.125	1.4014414720010098
71.25	1.577039627448272
71.375	1.7238116679773559
71.5	1.842362528439597
71.625	1.9338996917917457
71.75	2.000118144024653
71.875	2.0430765290458317
72.0	2.065071360110132
72.125	2.0685156059421925
72.25	2.055827109976323
72.375	2.029331206822483
72.5	1.9911806655347997
72.625	1.9432948087173414
72.75	1.8873184169176416
72.875	1.824599903163531
73.0	1.756187289982007
73.125	1.6828397787828975
73.25	1.6050521876055404
73.375	1.5230892481906722
73.5	1.4370266817165946
73.625	1.346796086595761
73.75	1.2522309353247845
73.875	1.1531113499377446
74.0	1.0492057658046632
74.125	0.9403080624319781
74.25	0.8262692035023229
74.375	0.707022859067281
74.5	0.5826048603472895
74.625	0.4531666492027801
74.75	0.31898312418386887
74.875	0.1804554533173645
75.0	0.03810952541202796
75.125	-0.10740924493881461
75.25	-0.25534404779919995
75.375	-0.40483707357370474
75.5	-0.5549415694685971
75.625	-0.7046350327723904
75.75	-0.8528331034109139
75.875	-0.9984038034570295
76.0	-1.1401818500705105
76.125	-1.2769828372519767
76.25	-1.407617138944076
76.375	-1.53090343085528
76.5	-1.6456817613923673
76.625	-1.750826124455212
76.75	-1.8452565002099766
76.875	-1.9279503361498151
77.0	-1.9979534416304439
77.125	-2.054390266364322
77.25	-2.096473528590316
77.375	-2.123513153065688
77.5	-2.1349244736388044
77.625	-2.130235650672356
77.75	-2.109094250479543
77.875	-2.071272932488125
78.0	-2.0166741901755896
78.125	-1.9453340939173693
78.25	-1.8574249876636635
78.375	-1.7532570966599017
78.5	-1.6332790100652121
78.625	-1.4980770101046854
78.75	-1.3483732281148364
78.875	-1.1850226173112295
79.0	-1.0090087421413219
79.125	-0.8214383945147792
79.25	-0.6235350578689861
79.375	-0.4166312507872935
79.5	-0.20215979260937758
79.625	0.01835595596926574
79.75	0.24331281403089094
79.875	0.4710393901281452
80.0	0.6998084979572217
80.125	0.9278502866094022
80.25	1.1533659858549818
80.375	1.3745421595303877
80.5	1.5895653535570429
80.625	1.7966370194954608
80.75	1.9939885898933194
80.875	2.1798965780806854
81.0	2.352697572551882
81.125	2.5108029946898425
81.25	2.652713488367115
81.375	2.777032810921267
81.5	2.882481097159571
81.625	2.967907371398846
81.75	3.0323011870813854
81.875	3.074803279202451
82.0	3.0947151216060034
82.125	3.091507289108817
82.25	3.064826533342155
82.375	3.014501491089555
82.5	2.9405469546720897
82.625	2.8431666455039837
82.75	2.7227544442164606
82.875	2.5798940436240594
83.0	2.4153570041769563
83.125	2.2300992052875115
83.25	2.0252556999196836
83.375	1.8021339939622638
83.5	1.5622057860403535
83.625	1.3070972174267335
83.75	1.0385776954668333
83.875	0.7585473672928792
84.0	0.46902333345534974
84.125	0.1721247033103271
84.25	-0.1299433945450932
84.375	-0.4349067229148099
84.5	-0.7404396342491638
84.625	-1.0441834144991229
84.75	-1.3437651232331724
84.875	-1.6368167745740807
85.0	-1.920994698736421
85.125	-2.19399892054877
85.25	-2.4535923893771145
85.375	-2.6976198943576977
85.5	-2.9240264998186456
85.625	-3.1308753382319843
85.75	-3.316364601975748
85.875	-3.4788435805868922
86.0	-3.616827597009503
86.125	-3.729011704541976
86.25	-3.8142830157018723
86.375	-3.871731544980496
86.5	-3.900659459365286
86.625	-3.9005886434693897
86.75	-3.871266500013437
86.875	-3.8126699211370823
87.0	-3.7250073814494815
87.125	-3.6087191197229185
87.25	-3.464475392552147
87.375	-3.293172799995788
87.5	-3.0959287000357616
87.625	-2.8740737454854726
87.75	-2.6291425935897292
87.875	-2.362862854842763
88.0	-2.0771423633483463
88.125	-1.7740548662144586
88.25	-1.455824243872673
88.375	-1.124807386699539
88.5	-0.7834758657688519
88.625	-0.4343965468611627
88.75	-0.08021130688622755
88.875	0.2763839794586353
89.0	0.6326610077517194
89.125	0.9858809858950642
89.25	1.333316765297074
89.375	1.6722749738495055
89.5	2.0001179625306262
89.625	2.3142853783027677
89.75	2.6123151784842764
89.875	2.8918639059391613
90.0	3.150726050211835
90.125	3.3868523270963893
90.25	3.5983667180035765
90.375	3.783582120798979
90.5	3.941014475446404
90.625	4.069395240695255
90.75	4.167682112086508
90.875	4.235067886596122
91.0	4.270987395149976
91.125	4.275122440889063
91.25	4.247404698288821
91.375	4.188016545884668
91.5	4.09738982326923
91.625	3.9762025210416807
91.75	3.825373430344082
91.875	3.646054796349242
92.0	3.439623037408913
92.125	3.2076676083738582
92.25	2.9519781027033902
92.375	2.67452970324691
92.5	2.3774671058668213
92.625	2.0630870532479633
92.75	1.7338196281875786
92.875	1.3922084662752514
93.0	1.0408900570549497
93.125	0.6825723104334297
93.25	0.32001257119451854
93.375	-0.04400473106308443
93.5	-0.4066906064518833
93.625	-0.7652740125747902
93.75	-1.1170241549444446
93.875	-1.4592723917143577
94.0	-1.7894335583452385
94.125	-2.1050265334031173
94.25	-2.4036938738257985
94.375	-2.68322035663585
94.5	-2.9415502741335717
94.625	-3.1768033409769036
94.75	-3.387289084143014
94.875	-3.571519600445238
95.0	-3.7282205809214752
95.125	-3.8563405168836824
95.25	-3.955058018571649
95.375	-4.023787194045682
95.5	-4.062181053023453
95.625	-4.070132917661277
95.75	-4.04777583964284
95.875	-3.9954800402092276
96.0	-3.913848406788712
96.125	-3.8037100965101436
96.25	-3.6661123129611766
96.375	-3.5023103379411054
96.5	-3.313755914521617
96.625	-3.1020840913411822
96.75	-2.869098650605093
96.875	-2.6167562536330484
97.0	-2.3471494479009967
97.125	-2.062488688275795
97.25	-1.7650835324743752
97.375	-1.4573231766389632
97.5	-1.1416565012611544
97.625	-0.8205718004867426
97.75	-0.4965763690781301
97.875	-0.17217612099966034
98.0	0.15014458825648347
98.125	0.46794276683934477
98.25	0.7788360552578428
98.375	1.0805213009270982
98.5	1.3707922883787373
98.625	1.6475564837874088
98.75	1.9088506624427894
98.875	2.1528552988323257
99.0	2.377907610989894
99.125	2.5825131635814005
99.25	2.7653559477244967
99.375	2.9253068696395337
99.5	3.061430594769601
99.625	3.1729907088546945
99.75	3.2594531724571505
99.875	3.3204880604750735
100.0	3.3559695931124263
100.125	3.3659744794617428
100.25	3.3507786091687852
100.375	3.3108521414630485
100.5	3.2468530540333163
100.625	3.159619226692831
100.75	3.0501591464101843
100.875	2.9196413309863747
101.0	2.7693825783515376
101.125	2.6008351570641666
101.25	2.4155730610616266
101.375	2.215277457983188
101.5	2.0017214654313316
101.625	1.776754393332069
101.75	1.542285593088814
101.875	1.3002680555029622
102.0	1.0526818994756115
102.125	0.8015178923355739
102.25	0.5487611403036651
102.375	0.29637508415634045
102.5	0.046285930651551184
102.625	-0.1996323551929711
102.75	-0.43957237825169343
102.875	-0.6718068503380803
103.0	-0.8947012325119124
103.125	-1.106725387544775
103.25	-1.3064641565094293
103.375	-1.4926267829749649
103.5	-1.664055118174195
103.625	-1.8197305506845316
103.75	-1.9587796145642904
103.875	-2.0804782404631506
104.0	-2.1842546249367123
104.125	-2.2696907040177687
104.25	-2.336522228024739
104.375	-2.384637445624956
104.5	-2.4140744163383383
104.625	-2.425016981998451
104.75	-2.417789439219356
104.875	-2.3928499666925105
105.0	-2.3507828731947615
105.125	-2.2922897445546866
105.25	-2.2181795805091515
105.375	-2.1293580253653213
105.5	-2.026815809610244
105.625	-1.911616532976613
105.75	-1.7848839328215333
105.875	-1.6477887947836796
106.0	-1.5015356752608118
106.125	-1.347349616930825
106.25	-1.1864630488887837
106.375	-1.0201030714792942
106.5	-0.8494793320030388
106.625	-0.6757727005453978
106.75	-0.5001249545666832
106.875	-0.32362967595043246
107.0	-0.14732455428975033
107.125	0.027814725278112233
107.25	0.20087885289232016
107.375	0.37102739456655226
107.5	0.5374893281958897
107.625	0.6995615616763822
107.75	0.856605427203361
107.875	1.0080411989043492
108.0	1.1533407389126669
108.125	1.2920184386107116
108.25	1.4236206855504094
108.375	1.547714150664827
108.5	1.6638732527103501
108.625	1.7716672150675905
108.75	1.8706471815592653
108.875	1.9603339001894518
109.0	2.0402065140495744
109.125	2.1096930145608925
109.25	2.1681629114451533
109.375	2.2149226544034355
109.5	2.2492143019840856
109.625	2.2702178726747744
109.75	2.277057731707069
109.875	2.2688132650516017
110.0	2.24453397110125
110.125	2.203258962972939
110.25	2.1440407234756846
110.375	2.065972794713538
110.5	1.9682209198980862
110.625	1.850056991759904
110.75	1.7108950059716648
110.875	1.5503280754992201
111.0	1.3681654390997626
111.125	1.1644683003961995
111.25	0.939583268700727
111.375	0.694172143923897
111.5	0.4292367993676031
111.625	0.14613797059630887
111.75	-0.1533931428879407
111.875	-0.46725141416748633
112.0	-0.7929632307000928
112.125	-1.127701386655561
112.25	-1.4683097168930481
112.375	-1.8113374841297194
112.5	-2.153083234339836
112.625	-2.4896475314530693
112.75	-2.81699368127931
112.875	-3.1310152669842166
113.0	-3.4276090551003726
113.125	-3.7027516022860936
113.25	-3.9525777083045024
113.375	-4.173458728209148
113.5	-4.36207868307917
113.625	-4.5155060985002535
113.75	-4.631259555804236
113.875	-4.707365062967262
114.0	-4.74240353771185
114.125	-4.735546940051525
114.25	-4.6865818882744374
114.375	-4.595919932157561
114.5	-4.464594029271144
114.625	-4.294241162461643
114.75	-4.087071435979802
114.875	-3.8458243808246086
115.0	-3.573713573380525
115.125	-3.274361012621104
115.25	-2.951722998409674
115.375	-2.610009496668201
115.5	-2.25359915823028
115.625	-1.8869522710927755
115.75	-1.5145239670067676
115.875	-1.1406799719106655
116.0	-0.7696170871761082
116.125	-0.405290419039531
116.25	-0.05134914323225912
116.375	0.28891769097591896
116.5	0.6126241383494556
116.625	0.9173182943352571
116.75	1.2010007437460501
116.875	1.4621304565116835
117.0	1.6996184417461595
117.125	1.9128098297928884
117.25	2.1014553814859136
117.375	2.2656737148163453
117.5	2.405905783262935
117.625	2.522863330758033
117.75	2.617473181038739
117.875	2.6908192913992597
118.0	2.74408451202968
118.125	2.778493943537291
118.25	2.7952616800437915
118.375	2.795542568204422
118.5	2.780390409772252
118.625	2.75072379425693
118.75	2.7073004770060254
118.875	2.6507009254703515
119.0	2.581321351623968
119.125	2.4993762406612396
119.25	2.4049100841452713
119.375	2.297817738247192
119.5	2.1778725624572126
119.625	2.044761258200128
119.75	1.8981241262043917
119.875	1.737599301218191
120.0	1.56286940652065
120.125	1.3737090011849775
120.25	1.170031171496073
120.375	0.951931644324971
120.5	0.7197288733890183
120.625	0.47399866676558944
120.75	0.21560208224143654
120.875	-0.05429448850223981
121.0	-0.3342079007207221
121.125	-0.622336106698728
121.25	-0.9165656121802015
121.375	-1.2144885988364247
121.5	-1.5134294925515044
121.625	-1.810480482572911
121.75	-2.1025452346741806
121.875	-2.386389799744442
122.0	-2.6586995044781716
122.125	-2.9161404292154396
122.25	-3.1554239347273456
122.375	-3.3733725990532175
122.5	-3.566985870400365
122.625	-3.733503734355446
122.75	-3.8704667336080716
122.875	-3.975770765047749
123.0	-4.0477152100854905
123.125	-4.08504312566324
123.25	-4.086972430724562
123.375	-4.053217259914411
123.5	-3.983998916038057
123.625	-3.8800461277264655
123.75	-3.74258460075477
123.875	-3.5733161322679226
124.0	-3.3743878285658377
124.125	-3.148352221199101
124.25	-2.89811930561374
124.375	-2.6269017249581585
124.5	-2.3381544834502064
124.625	-2.035510694612815
124.75	-1.7227149467525518
124.875	-1.4035558997250226
125.0	-1.081799713173782
125.125	-0.7611258483484837
125.25	-0.4450666859559295
125.375	-0.1369522651636827
125.5	0.16013872115524203
125.625	0.4434207366974367
125.75	0.7104352963956334
125.875	0.9590764547086253
126.0	1.187607633165035
126.125	1.3946697680621019
126.25	1.5792809864654738
126.375	1.7408282314749994
126.5	1.8790514504058757
126.625	1.99402112721058
126.75	2.0861100792502825
126.875	2.1559605455771846
127.0	2.204447667485247
127.125	2.2326405016115305
127.25	2.2417617117814097
127.375	2.233147059557337
127.5	2.208205757449459
127.625	2.1683826661325396
127.75	2.1151232115811283
127.875	2.049841774053785
128.0	1.973894162907621
128.125	1.888554644034295
128.25	1.794997834990971
128.375	1.6942856312061108
128.5	1.5873591792286479
128.625	1.4750357737097146
128.75	1.3580104270142495
128.875	1.2368617468433978
129.0	1.1120616601916626
129.125	0.9839884429229028
129.25	0.8529424541598517
129.375	0.7191639338796794
129.5	0.5828522003712121
129.625	0.44418558081061227
129.75	0.3033414219910895
129.875	0.16051555767363765
130.0	0.01594065229752155
130.125	-0.13009710411415143
130.25	-0.2772434102438739
130.375	-0.4250637651102138
130.5	-0.5730341876648397
130.625	-0.720534974322424
130.75	-0.8668476426083439
130.875	-1.011155128073039
131.0	-1.1525452230188415
131.125	-1.2900171708975203
131.25	-1.4224912607365643
131.375	-1.5488212026966248
131.5	-1.667809009691859
131.625	-1.778222061556747
131.75	-1.8788119879634697
131.875	-1.9683349744488476
132.0	-2.045573072606669
132.125	-2.1093560807052034
132.25	-2.158583554538308
132.375	-2.1922465099423376
132.5	-2.2094483877467197
132.625	-2.2094248685285396
132.75	-2.191562147899113
132.875	-2.1554133125911874
133.0	-2.100712492718263
133.125	-2.0273865055768243
133.25	-1.9355637505558239
133.375	-1.8255801623718815
133.5	-1.697982080200544
133.625	-1.5535259425414096
133.75	-1.393174771039451
133.875	-1.2180914601754307
134.0	-1.0296289429249648
134.125	-0.8293173543634869
134.25	-0.6188483649678609
134.375	-0.400056902274402
134.5	-0.17490052286050595
134.625	0.05456326435727078
134.75	0.28620138839758186
134.875	0.5178309562982106
135.0	0.7472459565334443
135.125	0.9722445228984611
135.25	1.190656346214481
135.375	1.4003698182133353
135.5	1.599358495814387
135.625	1.7857064846617157
135.75	1.957632358072775
135.875	2.113511251176072
136.0	2.251894799590429
136.125	2.3715286270113007
136.25	2.471367125923915
136.375	2.5505853196644366
136.5	2.6085876414349447
136.625	2.6450135158217463
136.75	2.6597396799969704
136.875	2.6528792342025915
137.0	2.6247774634149197
137.125	2.5760045233613775
137.25	2.507345133430892
137.375	2.4197854656442472
137.5	2.314497461946297
137.625	2.1928208509339813
137.75	2.0562431691092633
137.875	1.9063781203049521
138.0	1.7449426296369142
138.125	1.5737329648555207
138.25	1.3946003080878142
138.375	1.2094261645716105
138.5	1.020097992094636
138.625	0.8284854255857245
138.75	0.6364174558844852
138.875	0.4456609004682973
139.0	0.25790047725869353
139.125	0.07472076106082458
139.25	-0.10240973371521221
139.375	-0.27215214000955334
139.5	-0.4333083333301712
139.625	-0.5848294187413771
139.75	-0.7258215395993871
139.875	-0.8555489852621027
140.0	-0.9734346222591528
140.125	-1.0790577199167233
140.25	-1.1721492864380396
140.375	-1.2525850742221654
140.5	-1.3203764530732316
140.625	-1.3756593862592998
140.75	-1.4186817765261626
140.875	-1.4497894766142951
141.0	-1.4694112810841087
141.125	-1.4780432329130238
141.25	-1.476232589049607
141.375	-1.4645617936346904
141.5	-1.4436328057533392
141.625	-1.4140521202813139
141.75	-1.3764168056457253
141.875	-1.3313018612437018
142.0	-1.2792491700689896
142.125	-1.2207582891061841
142.25	-1.1562792816953447
142.375	-1.0862077528855227
142.5	-1.0108822014326138
142.625	-0.9305837513076102
142.75	-0.8455382722201216
142.875	-0.7559208436756473
143.0	-0.6618624615006795
143.125	-0.5634588306846131
143.25	-0.4607810349499476
143.375	-0.3538878228509478
143.5	-0.2428392036058454
143.625	-0.12771100446222694
143.75	-0.008610006306408464
143.875	0.11431075348425873
144.0	0.2408369413317953
144.125	0.3706785915104168
144.25	0.5034569150065905
144.375	0.6386926843807779
144.5	0.7757966054448964
144.625	0.9140620556426077
144.75	1.0526605277842915
144.875	1.1906400667433052
145.0	1.3269269266326444
145.125	1.460330607885049
145.25	1.5895523588388658
145.375	1.713197146406703
145.5	1.8297890169036835
145.625	1.9377896830340695
145.75	2.035620088413722
145.875	2.1216846189529357
146.0	2.1943975530833306
146.125	2.2522112722990473
146.25	2.2936456918222006
146.375	2.3173183202749397
146.5	2.3219743187171535
146.625	2.30651590469896
146.75	2.270030437177948
146.875	2.211816524002765
147.0	2.131407515517643
147.125	2.0285917856337585
147.25	1.9034292549491807
147.375	1.7562636782644478
147.5	1.5877302997981313
147.625	1.398758571834966
147.75	1.1905697343638642
147.875	0.9646691621049169
148.0	0.7228334985667726
148.125	0.46709271162803256
148.25	0.1997073187069423
148.375	-0.0768588610285249
148.5	-0.3599699675901181
148.625	-0.6468528217622643
148.75	-0.9346344743950136
148.875	-1.2203818842720615
149.0	-1.501142975387726
149.125	-1.7739882919092216
149.25	-2.0360524549278214
149.375	-2.284574629726473
149.5	-2.516937235600086
149.625	-2.7307021716552424
149.75	-2.9236438903790396
149.875	-3.093778724538943
150.0	-3.2393899601803686
150.125	-3.359048246786814
150.25	-3.4516270424354194
150.375	-3.516312904186056
150.5	-3.552610549019978
150.625	-3.560342725393493
150.75	-3.539645046938432
150.875	-3.4909560451992174
151.0	-3.4150027949355124
151.125	-3.3127825511118654
151.25	-3.1855409092618316
151.375	-3.0347470588718553
151.5	-2.862066741635186
151.625	-2.6693335521961417
151.75	-2.458519228125817
151.875	-2.2317035685974145
152.0	-1.9910445982650475
152.125	-1.7387495553090668
152.25	-1.4770472319851802
152.375	-1.2081621341124094
152.5	-0.9342908548173565
152.625	-0.6575809797752189
152.75	-0.3801127585231708
152.875	-0.10388369157897717
153.0	0.16920390152489434
153.125	0.4373523502978881
153.25	0.6988752319121191
153.375	0.952201265754158
153.5	1.1958757319331779
153.625	1.428559694822661
153.75	1.6490273551147814
153.875	1.8561618849186523
154.0	2.0489501197744624
154.125	2.2264764890683013
154.25	2.3879165625283965
154.375	2.5325305758690835
154.5	2.6596572741049602
154.625	2.7687083776992805
154.75	2.859163935837507
154.875	2.9305687841766925
155.0	2.982530272959614
155.125	3.014717376988827
155.25	3.0268612432296385
155.375	3.018757176305765
155.5	2.9902680083436164
155.625	2.9413287488712494
155.75	2.8719523640004994
155.875	2.782236492963461
156.0	2.672370875096962
156.125	2.5426452322343227
156.25	2.393457330634121
156.375	2.225320933307852
156.5	2.038873347966417
156.625	1.8348822776683191
156.75	1.6142516903237947
156.875	1.3780264390505041
157.0	1.1273953874053024
157.125	0.8636928210513164
157.25	0.5883979596886041
157.375	0.30313241924207146
157.5	0.009655513490889776
157.625	-0.2901426743522638
157.75	-0.5942504770399991
157.875	-0.9005460696562272
158.0	-1.2068110784562036
158.125	-1.5107462724454905
158.25	-1.8099891986745236
158.375	-2.1021335855360386
158.5	-2.384750304835081
158.625	-2.655409653530413
158.75	-2.911704690230745
158.875	-3.151275340077252
159.0	-3.3718329647860696
159.125	-3.571185082512653
159.25	-3.747259914901249
159.375	-3.898130436195745
159.5	-4.022037601545438
159.625	-4.117412438505584
159.75	-4.182896697020885
159.875	-4.217361768653457
160.0	-4.219925605190127
160.125	-4.18996738971817
160.25	-4.127139739439457
160.375	-4.031378248518614
160.5	-3.9029082107294064
160.625	-3.7422483951515306
160.75	-3.550211783246983
160.875	-3.327903211865426
161.0	-3.0767139036466067
161.125	-2.7983129034593257
161.25	-2.4946354764941003
161.375	-2.167868559977439
161.5	-1.820433395776403
161.625	-1.4549655049991232
161.75	-1.0742921976832283
161.875	-0.6814078404322206
162.0	-0.27944713206191296
162.125	0.12834333835383055
162.25	0.5386349554764686
162.375	0.9480480504105337
162.5	1.3531836546411171
162.625	1.7506556973400105
162.75	2.1371233017018856
162.875	2.5093228334732895
163.0	2.8640993563563826
163.125	3.1984371544872583
163.25	3.509488991645675
163.375	3.7946037901468257
163.5	4.051352429338415
163.625	4.2775513840814865
163.75	4.4712839472955705
163.875	4.630918807314165
164.0	4.755125780110758
164.125	4.842888528073847
164.25	4.893514130548578
164.375	4.906639406428068
164.5	4.8822339252452265
164.625	4.820599680054255
164.75	4.722367432458649
164.875	4.588489776994232
165.0	4.420231008272039
165.125	4.219153909393671
165.25	3.987103613753901
165.375	3.7261887240455556
165.5	3.43875990170526
165.625	3.1273861668440066
165.75	2.7948291725871814
165.875	2.4440157384298273
166.0	2.0780089444691057
166.125	1.69997810202381
166.25	1.313167926045084
166.375	0.9208672407839001
166.5	0.5263775523570793
166.625	0.13298182015888482
166.75	-0.2560862464440512
166.875	-0.6376720489226559
167.0	-1.0087288134764785
167.125	-1.3663448697401828
167.25	-1.7077692253404473
167.375	-2.0304351895069357
167.5	-2.3319818236760654
167.625	-2.610273024001983
167.75	-2.863414069546267
167.875	-3.0897655002834723
168.0	-3.287954220553365
168.125	-3.4568817558075144
168.25	-3.59572962304972
168.375	-3.7039618078542964
168.5	-3.7813243728762735
168.625	-3.8278422539699317
168.75	-3.8438133300436736
168.875	-3.82979988126433
169.0	-3.7866175768709702
169.125	-3.715322158382159
169.25	-3.6171940061313093
169.375	-3.493720796626117
169.5	-3.346578475019156
169.625	-3.177610780857887
169.75	-2.988807576149751
169.875	-2.782282232569785
170.0	-2.560248339332017
170.125	-2.3249959948540613
170.25	-2.078867943923914
170.375	-1.8242358177127138
170.5	-1.5634767267913023
170.625	-1.2989504474548663
170.75	-1.0329774293156988
170.875	-0.7678178374968194
171.0	-0.5056518260749985
171.125	-0.2485612209207975
171.25	0.0014872299741789988
171.375	0.24265690193902648
171.5	0.47325452045586724
171.625	0.6917414781089933
171.75	0.8967431739452446
171.875	1.087056331305225
172.0	1.261654273874863
172.125	1.4196901630745515
172.25	1.5604982227010455
172.375	1.6835929987378806
172.5	1.788666723243168
172.625	1.8755848710109737
172.75	1.944380016107341
172.875	1.9952441122476297
173.0	2.028519336166214
173.125	2.0446876465128367
173.25	2.044359222291181
173.375	2.0282599543494446
173.5	1.9972181708743448
173.625	1.9521507831812541
173.75	1.8940490412998126
173.875	1.823964089911217
174.0	1.742992514097466
174.125	1.6522620611278394
174.25	1.5529177191605312
174.375	1.4461083263190426
174.5	1.3329738741701147
174.625	1.2146336582522312
174.75	1.0921754150675145
174.875	0.9666455699578241
175.0	0.839040703655888
175.125	0.710300327173003
175.25	0.5813010352134393
175.375	0.452852087668218
175.5	0.3256924471377144
175.625	0.20048927808547864
175.75	0.07783789037630617
175.875	-0.041736913129089954
176.0	-0.1577781482772232
176.125	-0.26989270663740295
176.25	-0.37774626580896453
176.375	-0.4810571819247075
176.5	-0.5795895127816202
176.625	-0.673145337792259
176.75	-0.7615565565818588
176.875	-0.8446763611923574
177.0	-0.9223705871433688
177.125	-0.9945091557109672
177.25	-1.060957823412928
177.375	-1.121570454567977
177.5	-1.1761820287090412
177.625	-1.2246025864112258
177.75	-1.2666123046492574
177.875	-1.3019578761009467
178.0	-1.3303503459208912
178.125	-1.3514645345675043
178.25	-1.3649401465133062
178.375	-1.3703846324361526
178.5	-1.3673778372066807
178.625	-1.3554784281778078
178.75	-1.3342320585603291
178.875	-1.3031811797325528
179.0	-1.2618763749547324
179.125	-1.209889045977447
179.25	-1.1468252443301772
179.375	-1.0723404015696287
179.5	-0.9861546783830041
179.625	-0.8880686220996267
179.75	-0.7779787967537455
179.875	-0.6558930301946442
180.0	-0.5219449096149438
180.125	-0.3764071509206163
180.25	-0.2197034691275254
180.375	-0.05241858683041497
180.5	0.12469396402083266
180.625	0.31070656523777623
180.75	0.5045150437979463
180.875	0.7048392522220353
181.0	0.9102268885296646
181.125	1.119060689662657
181.25	1.3295690698327918
181.375	1.539840208210613
181.5	1.7478395199812848
181.625	1.9514303724624495
181.75	2.1483978352196056
181.875	2.336475181524184
182.0	2.5133727897235367
182.125	2.6768090287795787
182.25	2.8245426540046754
182.375	2.9544061884295716
182.5	3.0643397237122976
182.625	3.152424543323266
182.75	3.216915951014775
182.875	3.256274680171095
183.0	3.2691962651550233
183.125	3.25463777455526
183.25	3.2118413383359186
183.375	3.1403539460257357
183.5	3.040043050676374
183.625	2.9111075824740618
183.75	2.754084055411114
183.875	2.569847538840168
184.0	2.359607361316205
184.125	2.124897514927308
184.25	1.8675618321963026
184.375	1.5897341123384032
184.5	1.293813476832833
184.625	0.9824353335345195
184.75	0.6584384215669736
184.875	0.3248284937281043
185.0	-0.01526073300416275
185.125	-0.3586086669932583
185.25	-0.7019502325672298
185.375	-1.0420187913748802
185.5	-1.375588809307561
185.625	-1.6995174863201388
185.75	-2.010784586540918
185.875	-2.3065297435143397
186.0	-2.5840865696788664
186.125	-2.841012969233987
186.25	-3.0751171379766467
186.375	-3.2844788306757713
186.5	-3.467465583944219
186.625	-3.622743697895183
186.75	-3.749283900407722
186.875	-3.846361740657336
187.0	-3.9135528806531936
187.125	-3.950723571763583
187.25	-3.9580167145422935
187.375	-3.935834001622947
187.5	-3.8848147322486124
187.625	-3.805811960633972
187.75	-3.699866696635882
187.875	-3.568180914361328
188.0	-3.4120901410578095
188.125	-3.2330363941139466
188.25	-3.0325422080057676
188.375	-2.8121864458897767
188.5	-2.5735825231925613
188.625	-2.318359584487736
188.75	-2.0481470722501136
188.875	-1.7645630093370084
189.0	-1.4692061893276436
189.125	-1.1636523336277063
189.25	-0.8494541353059213
189.375	-0.5281449709802211
189.5	-0.2012459278433346
189.625	0.12972433275971637
189.75	0.46323746691105455
189.875	0.7977417833560227
190.0	1.1316477879447207
190.125	1.4633137572021282
190.25	1.7910321902854196
190.375	2.113017991193856
190.5	2.4273992080376425
190.625	2.7322111032945897
190.75	3.0253942489916827
190.875	3.3047972351746027
191.0	3.5681844512414593
191.125	3.8132492508758964
191.25	4.037632646289285
191.375	4.2389475007708945
191.5	4.4148080051580765
191.625	4.562864039149418
191.75	4.6808398379878104
191.875	4.7665762145840125
192.0	4.818075432153705
192.125	4.833547688127224
192.25	4.811458061213609
192.375	4.750572694178075
192.5	4.650002938465963
192.625	4.509246175707693
192.75	4.328222056797389
192.875	4.10730296199703
193.0	3.8473375846103743
193.125	3.549666674308855
193.25	3.216130141194423
193.375	2.8490649141601683
193.5	2.451293162150202
193.625	2.0261007188308917
193.75	1.577205793664485
193.875	1.1087182986872044
194.0	0.6250903634663958
194.125	0.131058843771333
194.25	-0.36841915433495503
194.375	-0.8682365203612245
194.5	-1.3632107766604766
194.625	-1.8481615985731488
194.75	-2.3179896168323206
194.875	-2.7677548503536187
195.0	-3.1927531087788634
195.125	-3.588588738359146
195.25	-3.951242161153412
195.375	-4.277130774056325
195.5	-4.563161927643011
195.625	-4.8067768909544295
195.75	-5.005984921939384
195.875	-5.159386798330867
196.0	-5.266187413702722
196.125	-5.326197301390063
196.25	-5.339823207756485
196.375	-5.308048088908309
196.5	-5.23240114461735
196.625	-5.114918723610562
196.75	-4.958097129872843
196.875	-4.764838525350946
197.0	-4.538391256554557
197.125	-4.282286028177156
197.25	-4.0002694042620845
197.375	-3.6962361360082556
197.5	-3.3741617955509224
197.625	-3.0380371385503193
197.75	-2.6918055277545934
197.875	-2.339304628338028
198.0	-1.9842134379793515
198.125	-1.6300055451717788
198.25	-1.2799093234149868
198.375	-0.9368755722844072
198.5	-0.6035529145374399
198.625	-0.2822710569741217
198.75	0.024968172943620696
198.875	0.31649228774374244
199.0	0.5909525407984504
199.125	0.847311861249302
199.25	1.0848270457086833
199.375	1.303026033792985
199.5	1.501681172804611
199.625	1.6807794282467534
199.75	1.8404905212832592
199.875	1.9811339724370611
200.0	2.103146004120031
200.125	2.207047204952329
200.25	2.2934117887263676
200.375	2.3628391931590604
200.5	2.415928661422901
200.625	2.4532573362144654
200.75	2.4753622752580524
200.875	2.4827266720970607
201.0	2.4757704401406433
201.125	2.454845194367222
201.25	2.4202335467475855
201.375	2.3721525209339007
201.5	2.3107607913053765
201.625	2.2361693629184183
201.75	2.148455233724129
201.875	2.0476775196235533
202.0	1.9338954771618468
202.125	1.8071878281558833
202.25	1.6676727751862688
202.375	1.515528096207749
202.5	1.3510107197953405
202.625	1.174475208747116
202.75	0.9863906176955427
202.875	0.7873552386629998
203.0	0.5781088056349369
203.125	0.35954179363265176
203.25	0.13270151782607364
203.375	-0.10120518769485816
203.5	-0.34081285538279726
203.625	-0.5846019004740935
203.75	-0.8309067578239504
203.875	-1.0779275544307692
204.0	-1.3237451612996183
204.125	-1.5663394012854683
204.25	-1.8036101280010222
204.375	-2.0334008356588575
204.5	-2.2535244115935282
204.625	-2.4617906027800656
204.75	-2.6560347353980385
204.875	-2.83414720271612
205.0	-2.994103221480707
205.125	-3.133992350645061
205.25	-3.2520472686077233
205.375	-3.3466713159486954
205.5	-3.4164643296531763
205.625	-3.4602463215793757
205.75	-3.477078587934849
205.875	-3.466281877159295
206.0	-3.427451290162486
206.125	-3.36046763855005
206.25	-3.2655050424323355
206.375	-3.1430346087408427
206.5	-2.9938240927164577
206.625	-2.8189335083924805
206.75	-2.6197067174657462
206.875	-2.397759088917869
207.0	-2.1549613831148555
207.125	-1.893420072896624
207.25	-1.615454369441188
207.375	-1.3235702715683282
207.5	-1.0204320028261626
207.625	-0.7088312404675844
207.75	-0.39165457364116263
207.875	-0.07184965427667482
208.0	0.24760947714933865
208.125	0.5637573978070601
208.25	0.8736721443999735
208.375	1.1745093992419162
208.5	1.4635355415349893
208.625	1.738159104861824
208.75	1.995960209003996
208.875	2.234717567894185
209.0	2.452432715185209
209.125	2.647351133851599
209.25	2.8179800256366585
209.375	2.9631025091488974
209.5	3.0817880910679505
209.625	3.17339931229123
209.75	3.2375945289627577
209.875	3.2743268461989254
210.0	3.283839279015921
210.125	3.266656269554692
210.25	3.223571741330446
210.375	3.1556339191199667
210.5	3.064127186533467
210.625	2.950551291689626
210.75	2.816598244217191
210.875	2.664127273650885
211.0	2.4951382398929547
211.125	2.311743900615468
211.25	2.1161414482357115
211.375	1.9105837304722604
211.5	1.6973505636589854
211.625	1.4787205372249885
211.75	1.2569436913957128
211.875	1.0342154286708973
212.0	0.8126519934778816
212.125	0.5942678241245856
212.25	0.38095504736576297
212.375	0.17446534913826112
212.5	-0.023605584083632232
212.625	-0.211830899712911
212.75	-0.38896257768042847
212.875	-0.5539385243447988
213.0	-0.7058867354995704
213.125	-0.8441265446588109
213.25	-0.9681670143379739
213.375	-1.077702568342217
213.5	-1.172606001760021
213.625	-1.252919042089838
213.75	-1.3188406693744081
213.875	-1.3707134350773178
214.0	-1.40900804840344
214.125	-1.434306524532822
214.25	-1.4472842114931084
214.375	-1.4486910308060545
214.5	-1.4393322812630105
214.625	-1.4200493648434653
214.75	-1.3917007985121794
214.875	-1.3551438750272833
215.0	-1.3112173295847735
215.125	-1.2607253567600716
215.25	-1.204423303473529
215.375	-1.1430053383632226
215.5	-1.0770943658505723
215.625	-1.0072344143115535
215.75	-0.9338856822536215
215.875	-0.8574223745602445
216.0	-0.7781334032204494
216.125	-0.6962259642558988
216.25	-0.6118319357720542
216.375	-0.5250169724130905
216.5	-0.43579210044929956
216.625	-0.34412754694013603
216.75	-0.2499684677541419
216.875	-0.15325217469591082
217.0	-0.053926403685617845
217.125	0.048031884014857425
217.25	0.15259771504769284
217.375	0.25967990631198845
217.5	0.3691040440288259
217.625	0.48059722448561076
217.75	0.5937751221007723
217.875	0.7081319138039065
218.0	0.8230335346409318
218.125	0.9377146684425257
218.25	1.0512797903804978
218.375	1.1627084769412408
218.5	1.2708650855171202
218.625	1.3745127832717807
218.75	1.47233177648382
218.875	1.5629414609345715
219.0	1.6449260851058216
219.125	1.7168633951887284
219.25	1.7773556184021058
219.375	1.8250620429825055
219.5	1.8587323732623915
219.625	1.8772399798817727
219.75	1.8796141311874637
219.875	1.8650702843503861
220.0	1.8330375349414028
220.125	1.783182372011174
220.25	1.7154279615247876
220.375	1.6299682827477855
220.5	1.52727656735978
220.625	1.4081076362950942
220.75	1.2734938904064856
220.875	1.1247348831899786
221.0	0.963380581677597
221.125	0.791208599580118
221.25	0.6101958591095186
221.375	0.42248529900063886
221.5	0.23034839077065633
221.625	0.03614434838686976
221.75	-0.15772298585295258
221.875	-0.34884952756511206
222.0	-0.5348755191933978
222.125	-0.713529186649695
222.25	-0.8826684156925249
222.375	-1.0403194384596934
222.5	-1.1847116083845481
222.625	-1.314307455905945
222.75	-1.4278273540143769
222.875	-1.524268277135795
223.0	-1.6029163039679297
223.125	-1.6633526891307338
223.25	-1.7054535042213224
223.375	-1.7293830204866214
223.5	-1.7355811675244472
223.625	-1.7247455503389197
223.75	-1.6978086364669194
223.875	-1.6559108322721443
224.0	-1.6003702502465933
224.125	-1.5326500255606694
224.25	-1.454324069410201
224.375	-1.3670421491130285
224.5	-1.2724951614966826
224.625	-1.172381418801076
224.75	-1.0683746977191526
224.875	-0.9620947155227066
225.0	-0.8550805961234474
225.125	-0.7487677773401357
225.25	-0.6444686926524392
225.375	-0.5433574403733016
225.5	-0.4464585343463182
225.625	-0.35463971656617
225.75	-0.2686087067129079
225.875	-0.18891366918371835
226.0	-0.11594709693857867
226.125	-0.04995274489956534
226.25	0.008964805294026884
226.375	0.06082840231898742
226.5	0.1057748762945741
226.625	0.14404036039289644
226.75	0.17594484949263106
226.875	0.2018764402033953
227.0	0.2222756637501895
227.125	0.23762028175042235
227.25	0.24841086692725006
227.375	0.25515743838726995
227.5	0.2583673662969785
227.625	0.2585347055432254
227.75	0.25613106399947766
227.875	0.25159805986053024
228.0	0.24534137541608395
228.125	0.2377263725985563
228.25	0.22907519937585194
228.375	0.219665286005638
228.5	0.20972910650705656
228.625	0.19945506338837637
228.75	0.1889893424395632
228.875	0.17843857883117853
229.0	0.167873175294953
229.125	0.1573311171381934
229.25	0.14682213654368012
229.375	0.13633208928028498
229.5	0.12582741985131313
229.625	0.11525960552012643
229.75	0.10456948490978547
229.875	0.09369139237636794
230.0	0.082557034585381
230.125	0.07109906024593264
230.25	0.05925428743653614
230.375	0.046966565137640866
230.5	0.034189256302982106
230.625	0.02088733896630793
230.75	0.007039129473644882
230.875	-0.007362362004295221
231.0	-0.022308428899954057
231.125	-0.03777400052414725
231.25	-0.05371728893938281
231.375	-0.07007972901157526
231.5	-0.08678618985738873
231.625	-0.1037454361702156
231.75	-0.12085081863200559
231.875	-0.1379811736426483
232.0	-0.1550019137815547
232.125	-0.17176629163587054
232.25	-0.18811682078540073
232.375	-0.20388683874601757
232.5	-0.2189021974832494
232.625	-0.23298306767774526
232.75	-0.24594584323446966
232.875	-0.25760513257520234
233.0	-0.2677758230498968
233.125	-0.2762752043699931
233.25	-0.28292513633793054
233.375	-0.2875542453616162
233.5	-0.2900001333446262
233.625	-0.2901115815797569
233.75	-0.28775073129361933
233.875	-0.28279522154106246
234.0	-0.2751402642767478
234.125	-0.26470063568059093
234.25	-0.25141256222366937
234.375	-0.23523547956764987
234.5	-0.21615364222444935
234.625	-0.19417756198946845
234.75	-0.1693452535226806
234.875	-0.14172326610218294
235.0	-0.11140748152455268
235.125	-0.07852365938143256
235.25	-0.04322771250153336
235.375	-0.005705697206683607
235.5	0.0338264948189256
235.625	0.0751237538204485
235.75	0.11791268651476146
235.875	0.1618928730523086
236.0	0.20673844843691577
236.125	0.2521000071320261
236.25	0.29760682612363654
236.375	0.34286939814063094
236.5	0.3874822630903226
236.625	0.431027122089919
236.75	0.47307621480698053
236.875	0.5131959372056291
237.0	0.55095067327594
237.125	0.5859068109448697
237.25	0.6176369091739621
237.375	0.6457239802858169
237.5	0.669765848870175
237.625	0.6893795462437612
237.75	0.7042056974145217
237.875	0.7139128558669771
238.0	0.7182017402749017
238.125	0.7168093264897771
238.25	0.7095127478740277
238.375	0.696132957268078
238.5	0.6765381046151077
238.625	0.6506465855281435
238.75	0.6184297178753707
238.875	0.5799140057795577
239.0	0.53518295327009
239.125	0.4843783931769677
239.25	0.4277013006948714
239.375	0.36541206534736687
239.5	0.2978301998129259
239.625	0.22533346919683006
239.75	0.1483564298039609
239.875	0.06738837223573672
240.0	-0.017029330354915623
240.125	-0.10430646182055357
240.25	-0.1938077770416658
240.375	-0.28485737069781253
240.5	-0.37674357471309233
240.625	-0.46872435203115176
240.75	-0.5600331482604604
240.875	-0.6498851568478113
241.0	-0.7374839478552189
241.125	-0.8220284052057557
241.25	-0.9027199124954104
241.375	-0.9787697232036994
241.5	-1.049406447438968
241.625	-1.1138835842809396
241.75	-1.1714870263820913
241.875	-1.221542461807219
242.0	-1.2634225971638162
242.125	-1.2965541259331104
242.25	-1.320424366575859
242.375	-1.334587496470289
242.5	-1.3386703100452997
242.625	-1.332377432595682
242.75	-1.3154959251918867
242.875	-1.287899220800812
243.0	-1.249550337182625
243.125	-1.200504318277868
243.25	-1.1409098625983742
243.375	-1.0710101045238174
243.5	-0.9911425223137534
243.625	-0.9017379549991311
243.75	-0.8033187190336746
243.875	-0.6964958245753324
244.0	-0.5819653004409935
244.125	-0.46050364603476157
244.25	-0.3329624377909347
244.375	-0.200262126799855
244.5	-0.06338507319118007
244.625	0.07663212856163426
244.75	0.21870697108429507
244.875	0.36171993230571203
245.0	0.504523873390525
245.125	0.6459538530171358
245.25	0.7848372690403194
245.375	0.9200042338488701
245.5	1.0502980859139335
245.625	1.1745859371742635
245.75	1.2917691540696905
245.875	1.4007936692476046
246.0	1.5006600212491508
246.125	1.590433020847098
246.25	1.6692509451546145
246.375	1.7363341641382293
246.5	1.7909931087271187
246.625	1.8326354952766106
246.75	1.8607727276661752
246.875	1.875025405733396
247.0	1.8751278769935529
247.125	1.8609317775883014
247.25	1.8324085180577345
247.375	1.7896506797384062
247.5	1.7328722982509766
247.625	1.662408021543696
247.75	1.578711141184489
247.875	1.4823505069273177
248.0	1.3740063458935687
248.125	1.2544650188863822
248.25	1.1246127572698605
248.375	0.9854284343800948
248.5	0.8379754354719884
248.625	0.6833926996325367
248.75	0.5228850158061588
248.875	0.35771266297960275
249.0	0.18918049157286937
249.125	0.018626549103359938
249.25	-0.1525896418400978
249.375	-0.3230990414164869
249.5	-0.4915351715379669
249.625	-0.6565461999311341
249.75	-0.8168069128075787
249.875	-0.971030460589012
250.0	-1.1179797632296877
250.125	-1.2564784649607563
250.25	-1.385421332709284
250.375	-1.5037839979766447
250.5	-1.6106319485369986
250.625	-1.7051286838622415
250.75	-1.7865429566176076
250.875	-1.8542550318095254
251.0	-1.9077619051014854
251.125	-1.9466814323398534
251.25	-1.970755333334248
251.375	-1.9798510442953365
251.5	-1.9739624049258488
251.625	-1.953209177861612
251.75	-1.917835409841987
251.875	-1.8682066555285264
252.0	-1.8048060961630732
252.125	-1.7282295961413212
252.25	-1.6391797509609587
252.375	-1.5384589897754761
252.5	-1.4269618048428214
252.625	-1.3056661884114342
252.75	-1.1756243649497382
252.875	-1.0379529130246306
253.0	-0.8938223765111936
253.125	-0.7444464691169888
253.25	-0.5910709793913046
253.375	-0.43496248544128086
253.5	-0.2773969894772553
253.625	-0.11964858205897241
253.75	0.03702175546990945
253.875	0.19137710436747554
254.0	0.34221521527769544
254.125	0.48837867058143464
254.25	0.6287645100369929
254.375	0.7623332338808643
254.5	0.8881171048176517
254.625	1.0052276783132514
254.75	1.1128624992225506
254.875	1.2103109119279127
255.0	1.2969589407366353
255.125	1.3722932071752758
255.25	1.4359038609128567
255.375	1.487486511235726
255.5	1.5268431561726228
255.625	1.5538821164181484
255.75	1.5686169910237828
255.875	1.571164661313134
256.0	1.5617423785378957
256.125	1.5406639793307895
256.25	1.5083352809503314
256.375	1.4652487155735354
256.5	1.4119772694107051
256.625	0.0
256.75	0.0
256.875	0.0
257.0	0.0
257.125	0.0
257.25	0.0
257.375	0.0
257.5	0.0
257.625	0.0
257.75	0.0
