-254.25	0.0	0.0
-254.125	0.0	0.0
-254.0	0.0	0.0
-253.875	0.0	0.0
-253.75	0.0	0.0
-253.625	0.0	0.0
-253.5	0.0	0.0
-253.375	0.0	0.0
-253.25	0.0	0.0
-253.125	0.0	0.0
-253.0	0.0	0.0
-252.875	0.0	0.0
-252.75	0.0	0.0
-252.625	0.0	0.0
-252.5	0.0	0.0
-252.375	0.0	0.0
-252.25	0.0	0.0
-252.125	0.0	0.0
-252.0	0.0	0.0
-251.875	0.0	0.0
-251.75	0.0	0.0
-251.625	0.0	0.0
-251.5	0.0	0.0
-251.375	0.0	0.0
-251.25	0.0	0.0
-251.125	0.0	0.0
-251.0	0.0	0.0
-250.875	0.0	0.0
-250.75	0.0	0.0
-250.625	0.0	0.0
-250.5	0.0	0.0
-250.375	0.0	0.0
-250.25	0.0	0.0
-250.125	0.0	0.0
-250.0	0.0	0.0
-249.875	0.0	0.0
-249.75	0.0	0.0
-249.625	0.0	0.0
-249.5	0.0	0.0
-249.375	0.0	0.0
-249.25	0.0	0.0
-249.125	0.0	0.0
-249.0	0.0	0.0
-248.875	0.0	0.0
-248.75	0.0	0.0
-248.625	0.0	0.0
-248.5	0.0	0.0
-248.375	0.0	0.0
-248.25	0.0	0.0
-248.125	0.0	0.0
-248.0	0.0	0.0
-247.875	0.0	0.0
-247.75	0.0	0.0
-247.625	0.0	0.0
-247.5	0.0	0.0
-247.375	0.0	0.0
-247.25	0.0	0.0
-247.125	0.0	0.0
-247.0	0.0	0.0
-246.875	0.0	0.0
-246.75	0.0	0.0
-246.625	0.0	0.0
-246.5	0.0	0.0
-246.375	0.0	0.0
-246.25	0.0	0.0
-246.125	0.0	0.0
-246.0	0.0	0.0
-245.875	0.0	0.0
-245.75	0.0	0.0
-245.625	0.0	0.0
-245.5	0.0	0.0
-245.375	0.0	0.0
-245.25	0.0	0.0
-245.125	0.0	0.0
-245.0	0.0	0.0
-244.875	0.0	0.0
-244.75	0.0	0.0
-244.625	0.0	0.0
-244.5	0.0	0.0
-244.375	0.0	0.0
-244.25	0.0	0.0
-244.125	0.0	0.0
-244.0	0.0	0.0
-243.875	0.0	0.0
-243.75	0.0	0.0
-243.625	0.0	0.0
-243.5	0.0	0.0
-243.375	0.0	0.0
-243.25	0.0	0.0
-243.125	0.0	0.0
-243.0	0.0	0.0
-242.875	0.0	0.0
-242.75	0.0	0.0
-242.625	0.0	0.0
-242.5	0.0	0.0
-242.375	0.0	0.0
-242.25	0.0	0.0
-242.125	0.0	0.0
-242.0	0.0	0.0
-241.875	0.0	0.0
-241.75	0.0	0.0
-241.625	0.0	0.0
-241.5	0.0	0.0
-241.375	0.0	0.0
-241.25	0.0	0.0
-241.125	0.0	0.0
-241.0	0.0	0.0
-240.875	0.0	0.0
-240.75	0.0	0.0
-240.625	0.0	0.0
-240.5	0.0	0.0
-240.375	0.0	0.0
-240.25	0.0	0.0
-240.125	0.0	0.0
-240.0	0.0	0.0
-239.875	0.0	0.0
-239.75	0.0	0.0
-239.625	0.0	0.0
-239.5	0.0	0.0
-239.375	0.0	0.0
-239.25	0.0	0.0
-239.125	0.0	0.0
-239.0	0.0	0.0
-238.875	0.0	0.0
-238.75	0.0	0.0
-238.625	0.0	0.0
-238.5	0.0	0.0
-238.375	0.0	0.0
-238.25	0.0	0.0
-238.125	0.0	0.0
-238.0	0.0	0.0
-237.875	0.0	0.0
-237.75	0.0	0.0
-237.625	0.0	0.0
-237.5	0.0	0.0
-237.375	0.0	0.0
-237.25	0.0	0.0
-237.125	0.0	0.0
-237.0	0.0	0.0
-236.875	0.0	0.0
-236.75	0.0	0.0
-236.625	0.0	0.0
-236.5	0.0	0.0
-236.375	0.0	0.0
-236.25	0.0	0.0
-236.125	0.0	0.0
-236.0	0.0	0.0
-235.875	0.0	0.0
-235.75	0.0	0.0
-235.625	0.0	0.0
-235.5	0.0	0.0
-235.375	0.0	0.0
-235.25	0.0	0.0
-235.125	0.0	0.0
-235.0	0.0	0.0
-234.875	0.0	0.0
-234.75	0.0	0.0
-234.625	0.0	0.0
-234.5	0.0	0.0
-234.375	0.0	0.0
-234.25	0.0	0.0
-234.125	0.0	0.0
-234.0	0.0	0.0
-233.875	0.0	0.0
-233.75	0.0	0.0
-233.625	0.0	0.0
-233.5	0.0	0.0
-233.375	0.0	0.0
-233.25	0.0	0.0
-233.125	0.0	0.0
-233.0	0.0	0.0
-232.875	0.0	0.0
-232.75	0.0	0.0
-232.625	0.0	0.0
-232.5	0.0	0.0
-232.375	0.0	0.0
-232.25	0.0	0.0
-232.125	0.0	0.0
-232.0	0.0	0.0
-231.875	0.0	0.0
-231.75	0.0	0.0
-231.625	0.0	0.0
-231.5	0.0	0.0
-231.375	0.0	0.0
-231.25	0.0	0.0
-231.125	0.0	0.0
-231.0	0.0	0.0
-230.875	0.0	0.0
-230.75	0.0	0.0
-230.625	0.0	0.0
-230.5	0.0	0.0
-230.375	0.0	0.0
-230.25	0.0	0.0
-230.125	0.0	0.0
-230.0	0.0	0.0
-229.875	0.0	0.0
-229.75	0.0	0.0
-229.625	0.0	0.0
-229.5	0.0	0.0
-229.375	0.0	0.0
-229.25	0.0	0.0
-229.125	0.0	0.0
-229.0	0.0	0.0
-228.875	0.0	0.0
-228.75	0.0	0.0
-228.625	0.0	0.0
-228.5	0.0	0.0
-228.375	0.0	0.0
-228.25	0.0	0.0
-228.125	0.0	0.0
-228.0	0.0	0.0
-227.875	0.0	0.0
-227.75	0.0	0.0
-227.625	0.0	0.0
-227.5	0.0	0.0
-227.375	0.0	0.0
-227.25	0.0	0.0
-227.125	0.0	0.0
-227.0	0.0	0.0
-226.875	0.0	0.0
-226.75	0.0	0.0
-226.625	0.0	0.0
-226.5	0.0	0.0
-226.375	0.0	0.0
-226.25	0.0	0.0
-226.125	0.0	0.0
-226.0	0.0	0.0
-225.875	0.0	0.0
-225.75	0.0	0.0
-225.625	0.0	0.0
-225.5	0.0	0.0
-225.375	0.0	0.0
-225.25	0.0	0.0
-225.125	0.0	0.0
-225.0	0.0	0.0
-224.875	0.0	0.0
-224.75	0.0	0.0
-224.625	0.0	0.0
-224.5	0.0	0.0
-224.375	0.0	0.0
-224.25	0.0	0.0
-224.125	0.0	0.0
-224.0	0.0	0.0
-223.875	0.0	0.0
-223.75	0.0	0.0
-223.625	0.0	0.0
-223.5	0.0	0.0
-223.375	0.0	0.0
-223.25	0.0	0.0
-223.125	0.0	0.0
-223.0	0.0	0.0
-222.875	0.0	0.0
-222.75	0.0	0.0
-222.625	0.0	0.0
-222.5	0.0	0.0
-222.375	0.0	0.0
-222.25	0.0	0.0
-222.125	0.0	0.0
-222.0	0.0	0.0
-221.875	0.0	0.0
-221.75	0.0	0.0
-221.625	0.0	0.0
-221.5	0.0	0.0
-221.375	0.0	0.0
-221.25	0.0	0.0
-221.125	0.0	0.0
-221.0	0.0	0.0
-220.875	0.0	0.0
-220.75	0.0	0.0
-220.625	0.0	0.0
-220.5	0.0	0.0
-220.375	0.0	0.0
-220.25	0.0	0.0
-220.125	0.0	0.0
-220.0	0.0	0.0
-219.875	0.0	0.0
-219.75	0.0	0.0
-219.625	0.0	0.0
-219.5	0.0	0.0
-219.375	0.0	0.0
-219.25	0.0	0.0
-219.125	0.0	0.0
-219.0	0.0	0.0
-218.875	0.0	0.0
-218.75	0.0	0.0
-218.625	0.0	0.0
-218.5	0.0	0.0
-218.375	0.0	0.0
-218.25	0.0	0.0
-218.125	0.0	0.0
-218.0	0.0	0.0
-217.875	0.0	0.0
-217.75	0.0	0.0
-217.625	0.0	0.0
-217.5	0.0	0.0
-217.375	0.0	0.0
-217.25	0.0	0.0
-217.125	0.0	0.0
-217.0	0.0	0.0
-216.875	0.0	0.0
-216.75	0.0	0.0
-216.625	0.0	0.0
-216.5	0.0	0.0
-216.375	0.0	0.0
-216.25	0.0	0.0
-216.125	0.0	0.0
-216.0	0.0	0.0
-215.875	0.0	0.0
-215.75	0.0	0.0
-215.625	0.0	0.0
-215.5	0.0	0.0
-215.375	0.0	0.0
-215.25	0.0	0.0
-215.125	0.0	0.0
-215.0	0.0	0.0
-214.875	0.0	0.0
-214.75	0.0	0.0
-214.625	0.0	0.0
-214.5	0.0	0.0
-214.375	0.0	0.0
-214.25	0.0	0.0
-214.125	0.0	0.0
-214.0	0.0	0.0
-213.875	0.0	0.0
-213.75	0.0	0.0
-213.625	0.0	0.0
-213.5	0.0	0.0
-213.375	0.0	0.0
-213.25	0.0	0.0
-213.125	0.0	0.0
-213.0	0.0	0.0
-212.875	0.0	0.0
-212.75	0.0	0.0
-212.625	0.0	0.0
-212.5	0.0	0.0
-212.375	0.0	0.0
-212.25	0.0	0.0
-212.125	0.0	0.0
-212.0	0.0	0.0
-211.875	0.0	0.0
-211.75	0.0	0.0
-211.625	0.0	0.0
-211.5	0.0	0.0
-211.375	0.0	0.0
-211.25	0.0	0.0
-211.125	0.0	0.0
-211.0	0.0	0.0
-210.875	0.0	0.0
-210.75	0.0	0.0
-210.625	0.0	0.0
-210.5	0.0	0.0
-210.375	0.0	0.0
-210.25	0.0	0.0
-210.125	0.0	0.0
-210.0	0.0	0.0
-209.875	0.0	0.0
-209.75	0.0	0.0
-209.625	0.0	0.0
-209.5	0.0	0.0
-209.375	0.0	0.0
-209.25	0.0	0.0
-209.125	0.0	0.0
-209.0	0.0	0.0
-208.875	0.0	0.0
-208.75	0.0	0.0
-208.625	0.0	0.0
-208.5	0.0	0.0
-208.375	0.0	0.0
-208.25	0.0	0.0
-208.125	0.0	0.0
-208.0	0.0	0.0
-207.875	0.0	0.0
-207.75	0.0	0.0
-207.625	0.0	0.0
-207.5	0.0	0.0
-207.375	0.0	0.0
-207.25	0.0	0.0
-207.125	0.0	0.0
-207.0	0.0	0.0
-206.875	0.0	0.0
-206.75	0.0	0.0
-206.625	0.0	0.0
-206.5	0.0	0.0
-206.375	0.0	0.0
-206.25	0.0	0.0
-206.125	0.0	0.0
-206.0	0.0	0.0
-205.875	0.0	0.0
-205.75	0.0	0.0
-205.625	0.0	0.0
-205.5	0.0	0.0
-205.375	0.0	0.0
-205.25	0.0	0.0
-205.125	0.0	0.0
-205.0	0.0	0.0
-204.875	0.0	0.0
-204.75	0.0	0.0
-204.625	0.0	0.0
-204.5	0.0	0.0
-204.375	0.0	0.0
-204.25	0.0	0.0
-204.125	0.0	0.0
-204.0	0.0	0.0
-203.875	0.0	0.0
-203.75	0.0	0.0
-203.625	0.0	0.0
-203.5	0.0	0.0
-203.375	0.0	0.0
-203.25	0.0	0.0
-203.125	0.0	0.0
-203.0	0.0	0.0
-202.875	0.0	0.0
-202.75	0.0	0.0
-202.625	0.0	0.0
-202.5	0.0	0.0
-202.375	0.0	0.0
-202.25	0.0	0.0
-202.125	0.0	0.0
-202.0	0.0	0.0
-201.875	0.0	0.0
-201.75	0.0	0.0
-201.625	0.0	0.0
-201.5	0.0	0.0
-201.375	0.0	0.0
-201.25	0.0	0.0
-201.125	0.0	0.0
-201.0	0.0	0.0
-200.875	0.0	0.0
-200.75	0.0	0.0
-200.625	0.0	0.0
-200.5	0.0	0.0
-200.375	0.0	0.0
-200.25	0.0	0.0
-200.125	0.0	0.0
-200.0	0.0	0.0
-199.875	0.0	0.0
-199.75	0.0	0.0
-199.625	0.0	0.0
-199.5	0.0	0.0
-199.375	0.0	0.0
-199.25	0.0	0.0
-199.125	0.0	0.0
-199.0	0.0	0.0
-198.875	0.0	0.0
-198.75	0.0	0.0
-198.625	0.0	0.0
-198.5	0.0	0.0
-198.375	0.0	0.0
-198.25	0.0	0.0
-198.125	0.0	0.0
-198.0	0.0	0.0
-197.875	0.0	0.0
-197.75	0.0	0.0
-197.625	0.0	0.0
-197.5	0.0	0.0
-197.375	0.0	0.0
-197.25	0.0	0.0
-197.125	0.0	0.0
-197.0	0.0	0.0
-196.875	0.0	0.0
-196.75	0.0	0.0
-196.625	0.0	0.0
-196.5	0.0	0.0
-196.375	0.0	0.0
-196.25	0.0	0.0
-196.125	0.0	0.0
-196.0	0.0	0.0
-195.875	0.0	0.0
-195.75	0.0	0.0
-195.625	0.0	0.0
-195.5	0.0	0.0
-195.375	0.0	0.0
-195.25	0.0	0.0
-195.125	0.0	0.0
-195.0	0.0	0.0
-194.875	0.0	0.0
-194.75	0.0	0.0
-194.625	0.0	0.0
-194.5	0.0	0.0
-194.375	0.0	0.0
-194.25	0.0	0.0
-194.125	0.0	0.0
-194.0	0.0	0.0
-193.875	0.0	0.0
-193.75	0.0	0.0
-193.625	0.0	0.0
-193.5	0.0	0.0
-193.375	0.0	0.0
-193.25	0.0	0.0
-193.125	0.0	0.0
-193.0	0.0	0.0
-192.875	0.0	0.0
-192.75	0.0	0.0
-192.625	0.0	0.0
-192.5	0.0	0.0
-192.375	0.0	0.0
-192.25	0.0	0.0
-192.125	0.0	0.0
-192.0	0.0	0.0
-191.875	0.0	0.0
-191.75	0.0	0.0
-191.625	0.0	0.0
-191.5	0.0	0.0
-191.375	0.0	0.0
-191.25	0.0	0.0
-191.125	0.0	0.0
-191.0	0.0	0.0
-190.875	0.0	0.0
-190.75	0.0	0.0
-190.625	0.0	0.0
-190.5	0.0	0.0
-190.375	0.0	0.0
-190.25	0.0	0.0
-190.125	0.0	0.0
-190.0	0.0	0.0
-189.875	0.0	0.0
-189.75	0.0	0.0
-189.625	0.0	0.0
-189.5	0.0	0.0
-189.375	0.0	0.0
-189.25	0.0	0.0
-189.125	0.0	0.0
-189.0	0.0	0.0
-188.875	0.0	0.0
-188.75	0.0	0.0
-188.625	0.0	0.0
-188.5	0.0	0.0
-188.375	0.0	0.0
-188.25	0.0	0.0
-188.125	0.0	0.0
-188.0	0.0	0.0
-187.875	0.0	0.0
-187.75	0.0	0.0
-187.625	0.0	0.0
-187.5	0.0	0.0
-187.375	0.0	0.0
-187.25	0.0	0.0
-187.125	0.0	0.0
-187.0	0.0	0.0
-186.875	0.0	0.0
-186.75	0.0	0.0
-186.625	0.0	0.0
-186.5	0.0	0.0
-186.375	0.0	0.0
-186.25	0.0	0.0
-186.125	0.0	0.0
-186.0	0.0	0.0
-185.875	0.0	0.0
-185.75	0.0	0.0
-185.625	0.0	0.0
-185.5	0.0	0.0
-185.375	0.0	0.0
-185.25	0.0	0.0
-185.125	0.0	0.0
-185.0	0.0	0.0
-184.875	0.0	0.0
-184.75	0.0	0.0
-184.625	0.0	0.0
-184.5	0.0	0.0
-184.375	0.0	0.0
-184.25	0.0	0.0
-184.125	0.0	0.0
-184.0	0.0	0.0
-183.875	0.0	0.0
-183.75	0.0	0.0
-183.625	0.0	0.0
-183.5	0.0	0.0
-183.375	0.0	0.0
-183.25	0.0	0.0
-183.125	0.0	0.0
-183.0	0.0	0.0
-182.875	0.0	0.0
-182.75	0.0	0.0
-182.625	0.0	0.0
-182.5	0.0	0.0
-182.375	0.0	0.0
-182.25	0.0	0.0
-182.125	0.0	0.0
-182.0	0.0	0.0
-181.875	0.0	0.0
-181.75	0.0	0.0
-181.625	0.0	0.0
-181.5	0.0	0.0
-181.375	0.0	0.0
-181.25	0.0	0.0
-181.125	0.0	0.0
-181.0	0.0	0.0
-180.875	0.0	0.0
-180.75	0.0	0.0
-180.625	0.0	0.0
-180.5	0.0	0.0
-180.375	0.0	0.0
-180.25	0.0	0.0
-180.125	0.0	0.0
-180.0	0.0	0.0
-179.875	0.0	0.0
-179.75	0.0	0.0
-179.625	0.0	0.0
-179.5	0.0	0.0
-179.375	0.0	0.0
-179.25	0.0	0.0
-179.125	0.0	0.0
-179.0	0.0	0.0
-178.875	0.0	0.0
-178.75	0.0	0.0
-178.625	0.0	0.0
-178.5	0.0	0.0
-178.375	0.0	0.0
-178.25	0.0	0.0
-178.125	0.0	0.0
-178.0	0.0	0.0
-177.875	0.0	0.0
-177.75	0.0	0.0
-177.625	0.0	0.0
-177.5	0.0	0.0
-177.375	0.0	0.0
-177.25	0.0	0.0
-177.125	0.0	0.0
-177.0	0.0	0.0
-176.875	0.0	0.0
-176.75	0.0	0.0
-176.625	0.0	0.0
-176.5	0.0	0.0
-176.375	0.0	0.0
-176.25	0.0	0.0
-176.125	0.0	0.0
-176.0	0.0	0.0
-175.875	0.0	0.0
-175.75	0.0	0.0
-175.625	0.0	0.0
-175.5	0.0	0.0
-175.375	0.0	0.0
-175.25	0.0	0.0
-175.125	0.0	0.0
-175.0	0.0	0.0
-174.875	0.0	0.0
-174.75	0.0	0.0
-174.625	0.0	0.0
-174.5	0.0	0.0
-174.375	0.0	0.0
-174.25	0.0	0.0
-174.125	0.0	0.0
-174.0	0.0	0.0
-173.875	0.0	0.0
-173.75	0.0	0.0
-173.625	0.0	0.0
-173.5	0.0	0.0
-173.375	0.0	0.0
-173.25	0.0	0.0
-173.125	0.0	0.0
-173.0	0.0	0.0
-172.875	0.0	0.0
-172.75	0.0	0.0
-172.625	0.0	0.0
-172.5	0.0	0.0
-172.375	0.0	0.0
-172.25	0.0	0.0
-172.125	0.0	0.0
-172.0	0.0	0.0
-171.875	0.0	0.0
-171.75	0.0	0.0
-171.625	0.0	0.0
-171.5	0.0	0.0
-171.375	0.0	0.0
-171.25	0.0	0.0
-171.125	0.0	0.0
-171.0	0.0	0.0
-170.875	0.0	0.0
-170.75	0.0	0.0
-170.625	0.0	0.0
-170.5	0.0	0.0
-170.375	0.0	0.0
-170.25	0.0	0.0
-170.125	0.0	0.0
-170.0	0.0	0.0
-169.875	0.0	0.0
-169.75	0.0	0.0
-169.625	0.0	0.0
-169.5	0.0	0.0
-169.375	0.0	0.0
-169.25	0.0	0.0
-169.125	0.0	0.0
-169.0	0.0	0.0
-168.875	0.0	0.0
-168.75	0.0	0.0
-168.625	0.0	0.0
-168.5	0.0	0.0
-168.375	0.0	0.0
-168.25	0.0	0.0
-168.125	0.0	0.0
-168.0	0.0	0.0
-167.875	0.0	0.0
-167.75	0.0	0.0
-167.625	0.0	0.0
-167.5	0.0	0.0
-167.375	0.0	0.0
-167.25	0.0	0.0
-167.125	0.0	0.0
-167.0	0.0	0.0
-166.875	0.0	0.0
-166.75	0.0	0.0
-166.625	0.0	0.0
-166.5	0.0	0.0
-166.375	0.0	0.0
-166.25	0.0	0.0
-166.125	0.0	0.0
-166.0	0.0	0.0
-165.875	0.0	0.0
-165.75	0.0	0.0
-165.625	0.0	0.0
-165.5	0.0	0.0
-165.375	0.0	0.0
-165.25	0.0	0.0
-165.125	0.0	0.0
-165.0	0.0	0.0
-164.875	0.0	0.0
-164.75	0.0	0.0
-164.625	0.0	0.0
-164.5	0.0	0.0
-164.375	0.0	0.0
-164.25	0.0	0.0
-164.125	0.0	0.0
-164.0	0.0	0.0
-163.875	0.0	0.0
-163.75	0.0	0.0
-163.625	0.0	0.0
-163.5	0.0	0.0
-163.375	0.0	0.0
-163.25	0.0	0.0
-163.125	0.0	0.0
-163.0	0.0	0.0
-162.875	0.0	0.0
-162.75	0.0	0.0
-162.625	0.0	0.0
-162.5	0.0	0.0
-162.375	0.0	0.0
-162.25	0.0	0.0
-162.125	0.0	0.0
-162.0	0.0	0.0
-161.875	0.0	0.0
-161.75	0.0	0.0
-161.625	0.0	0.0
-161.5	0.0	0.0
-161.375	0.0	0.0
-161.25	0.0	0.0
-161.125	0.0	0.0
-161.0	0.0	0.0
-160.875	0.0	0.0
-160.75	0.0	0.0
-160.625	0.0	0.0
-160.5	0.0	0.0
-160.375	0.0	0.0
-160.25	0.0	0.0
-160.125	0.0	0.0
-160.0	0.0	0.0
-159.875	0.0	0.0
-159.75	0.0	0.0
-159.625	0.0	0.0
-159.5	0.0	0.0
-159.375	0.0	0.0
-159.25	0.0	0.0
-159.125	0.0	0.0
-159.0	0.0	0.0
-158.875	0.0	0.0
-158.75	0.0	0.0
-158.625	0.0	0.0
-158.5	0.0	0.0
-158.375	0.0	0.0
-158.25	0.0	0.0
-158.125	0.0	0.0
-158.0	0.0	0.0
-157.875	0.0	0.0
-157.75	0.0	0.0
-157.625	0.0	0.0
-157.5	0.0	0.0
-157.375	0.0	0.0
-157.25	0.0	0.0
-157.125	0.0	0.0
-157.0	0.0	0.0
-156.875	0.0	0.0
-156.75	0.0	0.0
-156.625	0.0	0.0
-156.5	0.0	0.0
-156.375	0.0	0.0
-156.25	0.0	0.0
-156.125	0.0	0.0
-156.0	0.0	0.0
-155.875	0.0	0.0
-155.75	0.0	0.0
-155.625	0.0	0.0
-155.5	0.0	0.0
-155.375	0.0	0.0
-155.25	0.0	0.0
-155.125	0.0	0.0
-155.0	0.0	0.0
-154.875	0.0	0.0
-154.75	0.0	0.0
-154.625	0.0	0.0
-154.5	0.0	0.0
-154.375	0.0	0.0
-154.25	0.0	0.0
-154.125	0.0	0.0
-154.0	0.0	0.0
-153.875	0.0	0.0
-153.75	0.0	0.0
-153.625	0.0	0.0
-153.5	0.0	0.0
-153.375	0.0	0.0
-153.25	0.0	0.0
-153.125	0.0	0.0
-153.0	0.0	0.0
-152.875	0.0	0.0
-152.75	0.0	0.0
-152.625	0.0	0.0
-152.5	0.0	0.0
-152.375	0.0	0.0
-152.25	0.0	0.0
-152.125	0.0	0.0
-152.0	0.0	0.0
-151.875	0.0	0.0
-151.75	0.0	0.0
-151.625	0.0	0.0
-151.5	0.0	0.0
-151.375	0.0	0.0
-151.25	0.0	0.0
-151.125	0.0	0.0
-151.0	0.0	0.0
-150.875	0.0	0.0
-150.75	0.0	0.0
-150.625	0.0	0.0
-150.5	0.0	0.0
-150.375	0.0	0.0
-150.25	0.0	0.0
-150.125	0.0	0.0
-150.0	0.0	0.0
-149.875	0.0	0.0
-149.75	0.0	0.0
-149.625	0.0	0.0
-149.5	0.0	0.0
-149.375	0.0	0.0
-149.25	0.0	0.0
-149.125	0.0	0.0
-149.0	0.0	0.0
-148.875	0.0	0.0
-148.75	0.0	0.0
-148.625	0.0	0.0
-148.5	0.0	0.0
-148.375	0.0	0.0
-148.25	0.0	0.0
-148.125	0.0	0.0
-148.0	0.0	0.0
-147.875	0.0	0.0
-147.75	0.0	0.0
-147.625	0.0	0.0
-147.5	0.0	0.0
-147.375	0.0	0.0
-147.25	0.0	0.0
-147.125	0.0	0.0
-147.0	0.0	0.0
-146.875	0.0	0.0
-146.75	0.0	0.0
-146.625	0.0	0.0
-146.5	0.0	0.0
-146.375	0.0	0.0
-146.25	0.0	0.0
-146.125	0.0	0.0
-146.0	0.0	0.0
-145.875	0.0	0.0
-145.75	0.0	0.0
-145.625	0.0	0.0
-145.5	0.0	0.0
-145.375	0.0	0.0
-145.25	0.0	0.0
-145.125	0.0	0.0
-145.0	0.0	0.0
-144.875	0.0	0.0
-144.75	0.0	0.0
-144.625	0.0	0.0
-144.5	0.0	0.0
-144.375	0.0	0.0
-144.25	0.0	0.0
-144.125	0.0	0.0
-144.0	0.0	0.0
-143.875	0.0	0.0
-143.75	0.0	0.0
-143.625	0.0	0.0
-143.5	0.0	0.0
-143.375	0.0	0.0
-143.25	0.0	0.0
-143.125	0.0	0.0
-143.0	0.0	0.0
-142.875	0.0	0.0
-142.75	0.0	0.0
-142.625	0.0	0.0
-142.5	0.0	0.0
-142.375	0.0	0.0
-142.25	0.0	0.0
-142.125	0.0	0.0
-142.0	0.0	0.0
-141.875	0.0	0.0
-141.75	0.0	0.0
-141.625	0.0	0.0
-141.5	0.0	0.0
-141.375	0.0	0.0
-141.25	0.0	0.0
-141.125	0.0	0.0
-141.0	0.0	0.0
-140.875	0.0	0.0
-140.75	0.0	0.0
-140.625	0.0	0.0
-140.5	0.0	0.0
-140.375	0.0	0.0
-140.25	0.0	0.0
-140.125	0.0	0.0
-140.0	0.0	0.0
-139.875	0.0	0.0
-139.75	0.0	0.0
-139.625	0.0	0.0
-139.5	0.0	0.0
-139.375	0.0	0.0
-139.25	0.0	0.0
-139.125	0.0	0.0
-139.0	0.0	0.0
-138.875	0.0	0.0
-138.75	0.0	0.0
-138.625	0.0	0.0
-138.5	0.0	0.0
-138.375	0.0	0.0
-138.25	0.0	0.0
-138.125	0.0	0.0
-138.0	0.0	0.0
-137.875	0.0	0.0
-137.75	0.0	0.0
-137.625	0.0	0.0
-137.5	0.0	0.0
-137.375	0.0	0.0
-137.25	0.0	0.0
-137.125	0.0	0.0
-137.0	0.0	0.0
-136.875	0.0	0.0
-136.75	0.0	0.0
-136.625	0.0	0.0
-136.5	0.0	0.0
-136.375	0.0	0.0
-136.25	0.0	0.0
-136.125	0.0	0.0
-136.0	0.0	0.0
-135.875	0.0	0.0
-135.75	0.0	0.0
-135.625	0.0	0.0
-135.5	0.0	0.0
-135.375	0.0	0.0
-135.25	0.0	0.0
-135.125	0.0	0.0
-135.0	0.0	0.0
-134.875	0.0	0.0
-134.75	0.0	0.0
-134.625	0.0	0.0
-134.5	0.0	0.0
-134.375	0.0	0.0
-134.25	0.0	0.0
-134.125	0.0	0.0
-134.0	0.0	0.0
-133.875	0.0	0.0
-133.75	0.0	0.0
-133.625	0.0	0.0
-133.5	0.0	0.0
-133.375	0.0	0.0
-133.25	0.0	0.0
-133.125	0.0	0.0
-133.0	0.0	0.0
-132.875	0.0	0.0
-132.75	0.0	0.0
-132.625	0.0	0.0
-132.5	0.0	0.0
-132.375	0.0	0.0
-132.25	0.0	0.0
-132.125	0.0	0.0
-132.0	0.0	0.0
-131.875	0.0	0.0
-131.75	0.0	0.0
-131.625	0.0	0.0
-131.5	0.0	0.0
-131.375	0.0	0.0
-131.25	0.0	0.0
-131.125	0.0	0.0
-131.0	0.0	0.0
-130.875	0.0	0.0
-130.75	0.0	0.0
-130.625	0.0	0.0
-130.5	0.0	0.0
-130.375	0.0	0.0
-130.25	0.0	0.0
-130.125	0.0	0.0
-130.0	0.0	0.0
-129.875	0.0	0.0
-129.75	0.0	0.0
-129.625	0.0	0.0
-129.5	0.0	0.0
-129.375	0.0	0.0
-129.25	0.0	0.0
-129.125	0.0	0.0
-129.0	0.0	0.0
-128.875	0.0	0.0
-128.75	0.0	0.0
-128.625	0.0	0.0
-128.5	0.0	0.0
-128.375	0.0	0.0
-128.25	0.0	0.0
-128.125	0.0	0.0
-128.0	0.0	0.0
-127.875	0.0	0.0
-127.75	0.0	0.0
-127.625	0.0	0.0
-127.5	0.0	0.0
-127.375	0.0	0.0
-127.25	0.0	0.0
-127.125	0.0	0.0
-127.0	0.0	0.0
-126.875	0.0	0.0
-126.75	0.0	0.0
-126.625	0.0	0.0
-126.5	0.0	0.0
-126.375	0.0	0.0
-126.25	0.0	0.0
-126.125	0.0	0.0
-126.0	0.0	0.0
-125.875	0.0	0.0
-125.75	0.0	0.0
-125.625	0.0	0.0
-125.5	0.0	0.0
-125.375	0.0	0.0
-125.25	0.0	0.0
-125.125	0.0	0.0
-125.0	0.0	0.0
-124.875	0.0	0.0
-124.75	0.0	0.0
-124.625	0.0	0.0
-124.5	0.0	0.0
-124.375	0.0	0.0
-124.25	0.0	0.0
-124.125	0.0	0.0
-124.0	0.0	0.0
-123.875	0.0	0.0
-123.75	0.0	0.0
-123.625	0.0	0.0
-123.5	0.0	0.0
-123.375	0.0	0.0
-123.25	0.0	0.0
-123.125	0.0	0.0
-123.0	0.0	0.0
-122.875	0.0	0.0
-122.75	0.0	0.0
-122.625	0.0	0.0
-122.5	0.0	0.0
-122.375	0.0	0.0
-122.25	0.0	0.0
-122.125	0.0	0.0
-122.0	0.0	0.0
-121.875	0.0	0.0
-121.75	0.0	0.0
-121.625	0.0	0.0
-121.5	0.0	0.0
-121.375	0.0	0.0
-121.25	0.0	0.0
-121.125	0.0	0.0
-121.0	0.0	0.0
-120.875	0.0	0.0
-120.75	0.0	0.0
-120.625	0.0	0.0
-120.5	0.0	0.0
-120.375	0.0	0.0
-120.25	0.0	0.0
-120.125	0.0	0.0
-120.0	0.0	0.0
-119.875	0.0	0.0
-119.75	0.0	0.0
-119.625	0.0	0.0
-119.5	0.0	0.0
-119.375	0.0	0.0
-119.25	0.0	0.0
-119.125	0.0	0.0
-119.0	0.0	0.0
-118.875	0.0	0.0
-118.75	0.0	0.0
-118.625	0.0	0.0
-118.5	0.0	0.0
-118.375	0.0	0.0
-118.25	0.0	0.0
-118.125	0.0	0.0
-118.0	0.0	0.0
-117.875	0.0	0.0
-117.75	0.0	0.0
-117.625	0.0	0.0
-117.5	0.0	0.0
-117.375	0.0	0.0
-117.25	0.0	0.0
-117.125	0.0	0.0
-117.0	0.0	0.0
-116.875	0.0	0.0
-116.75	0.0	0.0
-116.625	0.0	0.0
-116.5	0.0	0.0
-116.375	0.0	0.0
-116.25	0.0	0.0
-116.125	0.0	0.0
-116.0	0.0	0.0
-115.875	0.0	0.0
-115.75	0.0	0.0
-115.625	0.0	0.0
-115.5	0.0	0.0
-115.375	0.0	0.0
-115.25	0.0	0.0
-115.125	0.0	0.0
-115.0	0.0	0.0
-114.875	0.0	0.0
-114.75	0.0	0.0
-114.625	0.0	0.0
-114.5	0.0	0.0
-114.375	0.0	0.0
-114.25	0.0	0.0
-114.125	0.0	0.0
-114.0	0.0	0.0
-113.875	0.0	0.0
-113.75	0.0	0.0
-113.625	0.0	0.0
-113.5	0.0	0.0
-113.375	0.0	0.0
-113.25	0.0	0.0
-113.125	0.0	0.0
-113.0	0.0	0.0
-112.875	0.0	0.0
-112.75	0.0	0.0
-112.625	0.0	0.0
-112.5	0.0	0.0
-112.375	0.0	0.0
-112.25	0.0	0.0
-112.125	0.0	0.0
-112.0	0.0	0.0
-111.875	0.0	0.0
-111.75	0.0	0.0
-111.625	0.0	0.0
-111.5	0.0	0.0
-111.375	0.0	0.0
-111.25	0.0	0.0
-111.125	0.0	0.0
-111.0	0.0	0.0
-110.875	0.0	0.0
-110.75	0.0	0.0
-110.625	0.0	0.0
-110.5	0.0	0.0
-110.375	0.0	0.0
-110.25	0.0	0.0
-110.125	0.0	0.0
-110.0	0.0	0.0
-109.875	0.0	0.0
-109.75	0.0	0.0
-109.625	0.0	0.0
-109.5	0.0	0.0
-109.375	0.0	0.0
-109.25	0.0	0.0
-109.125	0.0	0.0
-109.0	0.0	0.0
-108.875	0.0	0.0
-108.75	0.0	0.0
-108.625	0.0	0.0
-108.5	0.0	0.0
-108.375	0.0	0.0
-108.25	0.0	0.0
-108.125	0.0	0.0
-108.0	0.0	0.0
-107.875	0.0	0.0
-107.75	0.0	0.0
-107.625	0.0	0.0
-107.5	0.0	0.0
-107.375	0.0	0.0
-107.25	0.0	0.0
-107.125	0.0	0.0
-107.0	0.0	0.0
-106.875	0.0	0.0
-106.75	0.0	0.0
-106.625	0.0	0.0
-106.5	0.0	0.0
-106.375	0.0	0.0
-106.25	0.0	0.0
-106.125	0.0	0.0
-106.0	0.0	0.0
-105.875	0.0	0.0
-105.75	0.0	0.0
-105.625	0.0	0.0
-105.5	0.0	0.0
-105.375	0.0	0.0
-105.25	0.0	0.0
-105.125	0.0	0.0
-105.0	0.0	0.0
-104.875	0.0	0.0
-104.75	0.0	0.0
-104.625	0.0	0.0
-104.5	0.0	0.0
-104.375	0.0	0.0
-104.25	0.0	0.0
-104.125	0.0	0.0
-104.0	0.0	0.0
-103.875	0.0	0.0
-103.75	0.0	0.0
-103.625	0.0	0.0
-103.5	0.0	0.0
-103.375	0.0	0.0
-103.25	0.0	0.0
-103.125	0.0	0.0
-103.0	0.0	0.0
-102.875	0.0	0.0
-102.75	0.0	0.0
-102.625	0.0	0.0
-102.5	0.0	0.0
-102.375	0.0	0.0
-102.25	0.0	0.0
-102.125	0.0	0.0
-102.0	0.0	0.0
-101.875	0.0	0.0
-101.75	0.0	0.0
-101.625	0.0	0.0
-101.5	0.0	0.0
-101.375	0.0	0.0
-101.25	0.0	0.0
-101.125	0.0	0.0
-101.0	0.0	0.0
-100.875	0.0	0.0
-100.75	0.0	0.0
-100.625	0.0	0.0
-100.5	0.0	0.0
-100.375	0.0	0.0
-100.25	0.0	0.0
-100.125	0.0	0.0
-100.0	0.0	0.0
-99.875	0.0	0.0
-99.75	0.0	0.0
-99.625	0.0	0.0
-99.5	0.0	0.0
-99.375	0.0	0.0
-99.25	0.0	0.0
-99.125	0.0	0.0
-99.0	0.0	0.0
-98.875	0.0	0.0
-98.75	0.0	0.0
-98.625	0.0	0.0
-98.5	0.0	0.0
-98.375	0.0	0.0
-98.25	0.0	0.0
-98.125	0.0	0.0
-98.0	0.0	0.0
-97.875	0.0	0.0
-97.75	0.0	0.0
-97.625	0.0	0.0
-97.5	0.0	0.0
-97.375	0.0	0.0
-97.25	0.0	0.0
-97.125	0.0	0.0
-97.0	0.0	0.0
-96.875	0.0	0.0
-96.75	0.0	0.0
-96.625	0.0	0.0
-96.5	0.0	0.0
-96.375	0.0	0.0
-96.25	0.0	0.0
-96.125	0.0	0.0
-96.0	0.0	0.0
-95.875	0.0	0.0
-95.75	0.0	0.0
-95.625	0.0	0.0
-95.5	0.0	0.0
-95.375	0.0	0.0
-95.25	0.0	0.0
-95.125	0.0	0.0
-95.0	0.0	0.0
-94.875	0.0	0.0
-94.75	0.0	0.0
-94.625	0.0	0.0
-94.5	0.0	0.0
-94.375	0.0	0.0
-94.25	0.0	0.0
-94.125	0.0	0.0
-94.0	0.0	0.0
-93.875	0.0	0.0
-93.75	0.0	0.0
-93.625	0.0	0.0
-93.5	0.0	0.0
-93.375	0.0	0.0
-93.25	0.0	0.0
-93.125	0.0	0.0
-93.0	0.0	0.0
-92.875	0.0	0.0
-92.75	0.0	0.0
-92.625	0.0	0.0
-92.5	0.0	0.0
-92.375	0.0	0.0
-92.25	0.0	0.0
-92.125	0.0	0.0
-92.0	0.0	0.0
-91.875	0.0	0.0
-91.75	0.0	0.0
-91.625	0.0	0.0
-91.5	0.0	0.0
-91.375	0.0	0.0
-91.25	0.0	0.0
-91.125	0.0	0.0
-91.0	0.0	0.0
-90.875	0.0	0.0
-90.75	0.0	0.0
-90.625	0.0	0.0
-90.5	0.0	0.0
-90.375	0.0	0.0
-90.25	0.0	0.0
-90.125	0.0	0.0
-90.0	0.0	0.0
-89.875	0.0	0.0
-89.75	0.0	0.0
-89.625	0.0	0.0
-89.5	0.0	0.0
-89.375	0.0	0.0
-89.25	0.0	0.0
-89.125	0.0	0.0
-89.0	0.0	0.0
-88.875	0.0	0.0
-88.75	0.0	0.0
-88.625	0.0	0.0
-88.5	0.0	0.0
-88.375	0.0	0.0
-88.25	0.0	0.0
-88.125	0.0	0.0
-88.0	0.0	0.0
-87.875	0.0	0.0
-87.75	0.0	0.0
-87.625	0.0	0.0
-87.5	0.0	0.0
-87.375	0.0	0.0
-87.25	0.0	0.0
-87.125	0.0	0.0
-87.0	0.0	0.0
-86.875	0.0	0.0
-86.75	0.0	0.0
-86.625	0.0	0.0
-86.5	0.0	0.0
-86.375	0.0	0.0
-86.25	0.0	0.0
-86.125	0.0	0.0
-86.0	0.0	0.0
-85.875	0.0	0.0
-85.75	0.0	0.0
-85.625	0.0	0.0
-85.5	0.0	0.0
-85.375	0.0	0.0
-85.25	0.0	0.0
-85.125	0.0	0.0
-85.0	0.0	0.0
-84.875	0.0	0.0
-84.75	0.0	0.0
-84.625	0.0	0.0
-84.5	0.0	0.0
-84.375	0.0	0.0
-84.25	0.0	0.0
-84.125	0.0	0.0
-84.0	0.0	0.0
-83.875	0.0	0.0
-83.75	0.0	0.0
-83.625	0.0	0.0
-83.5	0.0	0.0
-83.375	0.0	0.0
-83.25	0.0	0.0
-83.125	0.0	0.0
-83.0	0.0	0.0
-82.875	0.0	0.0
-82.75	0.0	0.0
-82.625	0.0	0.0
-82.5	0.0	0.0
-82.375	0.0	0.0
-82.25	0.0	0.0
-82.125	0.0	0.0
-82.0	0.0	0.0
-81.875	0.0	0.0
-81.75	0.0	0.0
-81.625	0.0	0.0
-81.5	0.0	0.0
-81.375	0.0	0.0
-81.25	0.0	0.0
-81.125	0.0	0.0
-81.0	0.0	0.0
-80.875	0.0	0.0
-80.75	0.0	0.0
-80.625	0.0	0.0
-80.5	0.0	0.0
-80.375	0.0	0.0
-80.25	0.0	0.0
-80.125	0.0	0.0
-80.0	0.0	0.0
-79.875	0.0	0.0
-79.75	0.0	0.0
-79.625	0.0	0.0
-79.5	0.0	0.0
-79.375	0.0	0.0
-79.25	0.0	0.0
-79.125	0.0	0.0
-79.0	0.0	0.0
-78.875	0.0	0.0
-78.75	0.0	0.0
-78.625	0.0	0.0
-78.5	0.0	0.0
-78.375	0.0	0.0
-78.25	0.0	0.0
-78.125	0.0	0.0
-78.0	0.0	0.0
-77.875	0.0	0.0
-77.75	0.0	0.0
-77.625	0.0	0.0
-77.5	0.0	0.0
-77.375	0.0	0.0
-77.25	0.0	0.0
-77.125	0.0	0.0
-77.0	0.0	0.0
-76.875	0.0	0.0
-76.75	0.0	0.0
-76.625	0.0	0.0
-76.5	0.0	0.0
-76.375	0.0	0.0
-76.25	0.0	0.0
-76.125	0.0	0.0
-76.0	0.0	0.0
-75.875	0.0	0.0
-75.75	0.0	0.0
-75.625	0.0	0.0
-75.5	0.0	0.0
-75.375	0.0	0.0
-75.25	0.0	0.0
-75.125	0.0	0.0
-75.0	0.0	0.0
-74.875	0.0	0.0
-74.75	0.0	0.0
-74.625	0.0	0.0
-74.5	0.0	0.0
-74.375	0.0	0.0
-74.25	0.0	0.0
-74.125	0.0	0.0
-74.0	0.0	0.0
-73.875	0.0	0.0
-73.75	0.0	0.0
-73.625	0.0	0.0
-73.5	0.0	0.0
-73.375	0.0	0.0
-73.25	0.0	0.0
-73.125	0.0	0.0
-73.0	0.0	0.0
-72.875	0.0	0.0
-72.75	0.0	0.0
-72.625	0.0	0.0
-72.5	0.0	0.0
-72.375	0.0	0.0
-72.25	0.0	0.0
-72.125	0.0	0.0
-72.0	0.0	0.0
-71.875	0.0	0.0
-71.75	0.0	0.0
-71.625	0.0	0.0
-71.5	0.0	0.0
-71.375	0.0	0.0
-71.25	0.0	0.0
-71.125	0.0	0.0
-71.0	0.0	0.0
-70.875	0.0	0.0
-70.75	0.0	0.0
-70.625	0.0	0.0
-70.5	0.0	0.0
-70.375	0.0	0.0
-70.25	0.0	0.0
-70.125	0.0	0.0
-70.0	0.0	0.0
-69.875	0.0	0.0
-69.75	0.0	0.0
-69.625	0.0	0.0
-69.5	0.0	0.0
-69.375	0.0	0.0
-69.25	0.0	0.0
-69.125	0.0	0.0
-69.0	0.0	0.0
-68.875	0.0	0.0
-68.75	0.0	0.0
-68.625	0.0	0.0
-68.5	0.0	0.0
-68.375	0.0	0.0
-68.25	0.0	0.0
-68.125	0.0	0.0
-68.0	0.0	0.0
-67.875	0.0	0.0
-67.75	0.0	0.0
-67.625	0.0	0.0
-67.5	0.0	0.0
-67.375	0.0	0.0
-67.25	0.0	0.0
-67.125	0.0	0.0
-67.0	0.0	0.0
-66.875	0.0	0.0
-66.75	0.0	0.0
-66.625	0.0	0.0
-66.5	0.0	0.0
-66.375	0.0	0.0
-66.25	0.0	0.0
-66.125	0.0	0.0
-66.0	0.0	0.0
-65.875	0.0	0.0
-65.75	0.0	0.0
-65.625	0.0	0.0
-65.5	0.0	0.0
-65.375	0.0	0.0
-65.25	0.0	0.0
-65.125	0.0	0.0
-65.0	0.0	0.0
-64.875	0.0	0.0
-64.75	0.0	0.0
-64.625	0.0	0.0
-64.5	0.0	0.0
-64.375	0.0	0.0
-64.25	0.0	0.0
-64.125	0.0	0.0
-64.0	0.0	0.0
-63.875	0.0	0.0
-63.75	0.0	0.0
-63.625	0.0	0.0
-63.5	0.0	0.0
-63.375	0.0	0.0
-63.25	0.0	0.0
-63.125	0.0	0.0
-63.0	0.0	0.0
-62.875	0.0	0.0
-62.75	0.0	0.0
-62.625	0.0	0.0
-62.5	0.0	0.0
-62.375	0.0	0.0
-62.25	0.0	0.0
-62.125	0.0	0.0
-62.0	0.0	0.0
-61.875	0.0	0.0
-61.75	0.0	0.0
-61.625	0.0	0.0
-61.5	0.0	0.0
-61.375	0.0	0.0
-61.25	0.0	0.0
-61.125	0.0	0.0
-61.0	0.0	0.0
-60.875	0.0	0.0
-60.75	0.0	0.0
-60.625	0.0	0.0
-60.5	0.0	0.0
-60.375	0.0	0.0
-60.25	0.0	0.0
-60.125	0.0	0.0
-60.0	0.0	0.0
-59.875	0.0	0.0
-59.75	0.0	0.0
-59.625	0.0	0.0
-59.5	0.0	0.0
-59.375	0.0	0.0
-59.25	0.0	0.0
-59.125	0.0	0.0
-59.0	0.0	0.0
-58.875	0.0	0.0
-58.75	0.0	0.0
-58.625	0.0	0.0
-58.5	0.0	0.0
-58.375	0.0	0.0
-58.25	0.0	0.0
-58.125	0.0	0.0
-58.0	0.0	0.0
-57.875	0.0	0.0
-57.75	0.0	0.0
-57.625	0.0	0.0
-57.5	0.0	0.0
-57.375	0.0	0.0
-57.25	0.0	0.0
-57.125	0.0	0.0
-57.0	0.0	0.0
-56.875	0.0	0.0
-56.75	0.0	0.0
-56.625	0.0	0.0
-56.5	0.0	0.0
-56.375	0.0	0.0
-56.25	0.0	0.0
-56.125	0.0	0.0
-56.0	0.0	0.0
-55.875	0.0	0.0
-55.75	0.0	0.0
-55.625	0.0	0.0
-55.5	0.0	0.0
-55.375	0.0	0.0
-55.25	0.0	0.0
-55.125	0.0	0.0
-55.0	0.0	0.0
-54.875	0.0	0.0
-54.75	0.0	0.0
-54.625	0.0	0.0
-54.5	0.0	0.0
-54.375	0.0	0.0
-54.25	0.0	0.0
-54.125	0.0	0.0
-54.0	0.0	0.0
-53.875	0.0	0.0
-53.75	0.0	0.0
-53.625	0.0	0.0
-53.5	0.0	0.0
-53.375	0.0	0.0
-53.25	0.0	0.0
-53.125	0.0	0.0
-53.0	0.0	0.0
-52.875	0.0	0.0
-52.75	0.0	0.0
-52.625	0.0	0.0
-52.5	0.0	0.0
-52.375	0.0	0.0
-52.25	0.0	0.0
-52.125	0.0	0.0
-52.0	0.0	0.0
-51.875	0.0	0.0
-51.75	0.0	0.0
-51.625	0.0	0.0
-51.5	0.0	0.0
-51.375	0.0	0.0
-51.25	0.0	0.0
-51.125	0.0	0.0
-51.0	0.0	0.0
-50.875	0.0	0.0
-50.75	0.0	0.0
-50.625	0.0	0.0
-50.5	0.0	0.0
-50.375	0.0	0.0
-50.25	0.0	0.0
-50.125	0.0	0.0
-50.0	0.0	0.0
-49.875	0.0	0.0
-49.75	0.0	0.0
-49.625	0.0	0.0
-49.5	0.0	0.0
-49.375	0.0	0.0
-49.25	0.0	0.0
-49.125	0.0	0.0
-49.0	0.0	0.0
-48.875	0.0	0.0
-48.75	0.0	0.0
-48.625	0.0	0.0
-48.5	0.0	0.0
-48.375	0.0	0.0
-48.25	0.0	0.0
-48.125	0.0	0.0
-48.0	0.0	0.0
-47.875	0.0	0.0
-47.75	0.0	0.0
-47.625	0.0	0.0
-47.5	0.0	0.0
-47.375	0.0	0.0
-47.25	0.0	0.0
-47.125	0.0	0.0
-47.0	0.0	0.0
-46.875	0.0	0.0
-46.75	0.0	0.0
-46.625	0.0	0.0
-46.5	0.0	0.0
-46.375	0.0	0.0
-46.25	0.0	0.0
-46.125	0.0	0.0
-46.0	0.0	0.0
-45.875	0.0	0.0
-45.75	0.0	0.0
-45.625	0.0	0.0
-45.5	0.0	0.0
-45.375	0.0	0.0
-45.25	0.0	0.0
-45.125	0.0	0.0
-45.0	0.0	0.0
-44.875	0.0	0.0
-44.75	0.0	0.0
-44.625	0.0	0.0
-44.5	0.0	0.0
-44.375	0.0	0.0
-44.25	0.0	0.0
-44.125	0.0	0.0
-44.0	0.0	0.0
-43.875	0.0	0.0
-43.75	0.0	0.0
-43.625	0.0	0.0
-43.5	0.0	0.0
-43.375	0.0	0.0
-43.25	0.0	0.0
-43.125	0.0	0.0
-43.0	0.0	0.0
-42.875	0.0	0.0
-42.75	0.0	0.0
-42.625	0.0	0.0
-42.5	0.0	0.0
-42.375	0.0	0.0
-42.25	0.0	0.0
-42.125	0.0	0.0
-42.0	0.0	0.0
-41.875	0.0	0.0
-41.75	0.0	0.0
-41.625	0.0	0.0
-41.5	0.0	0.0
-41.375	0.0	0.0
-41.25	0.0	0.0
-41.125	0.0	0.0
-41.0	0.0	0.0
-40.875	0.0	0.0
-40.75	0.0	0.0
-40.625	0.0	0.0
-40.5	0.0	0.0
-40.375	0.0	0.0
-40.25	0.0	0.0
-40.125	0.0	0.0
-40.0	0.0	0.0
-39.875	0.0	0.0
-39.75	0.0	0.0
-39.625	0.0	0.0
-39.5	0.0	0.0
-39.375	0.0	0.0
-39.25	0.0	0.0
-39.125	0.0	0.0
-39.0	0.0	0.0
-38.875	0.0	0.0
-38.75	0.0	0.0
-38.625	0.0	0.0
-38.5	0.0	0.0
-38.375	0.0	0.0
-38.25	0.0	0.0
-38.125	0.0	0.0
-38.0	0.0	0.0
-37.875	0.0	0.0
-37.75	0.0	0.0
-37.625	0.0	0.0
-37.5	0.0	0.0
-37.375	0.0	0.0
-37.25	0.0	0.0
-37.125	0.0	0.0
-37.0	0.0	0.0
-36.875	0.0	0.0
-36.75	0.0	0.0
-36.625	0.0	0.0
-36.5	0.0	0.0
-36.375	0.0	-1.0e-6
-36.25	0.0	-1.0e-6
-36.125	0.0	-1.0e-6
-36.0	0.0	-1.0e-6
-35.875	0.0	-1.0e-6
-35.75	0.0	-2.0e-6
-35.625	0.0	-2.0e-6
-35.5	0.0	-2.0e-6
-35.375	0.0	-2.0e-6
-35.25	0.0	-2.0e-6
-35.125	0.0	-2.0e-6
-35.0	0.0	-2.0e-6
-34.875	0.0	-2.0e-6
-34.75	0.0	-2.0e-6
-34.625	0.0	-2.0e-6
-34.5	0.0	-2.0e-6
-34.375	0.0	-2.0e-6
-34.25	0.0	-2.0e-6
-34.125	0.0	-1.0e-6
-34.0	0.0	-1.0e-6
-33.875	0.0	-1.0e-6
-33.75	0.0	0.0
-33.625	0.0	0.0
-33.5	0.0	0.0
-33.375	0.0	0.0
-33.25	0.0	0.0
-33.125	0.0	1.0e-6
-33.0	0.0	2.0e-6
-32.875	0.0	2.0e-6
-32.75	0.0	3.0e-6
-32.625	0.0	4.0e-6
-32.5	0.0	4.0e-6
-32.375	0.0	5.0e-6
-32.25	0.0	6.0e-6
-32.125	0.0	6.0e-6
-32.0	0.0	7.0e-6
-31.875	0.0	8.0e-6
-31.75	0.0	9.0e-6
-31.625	0.0	1.0e-5
-31.5	0.0	1.0e-5
-31.375	0.0	1.1e-5
-31.25	0.0	1.2e-5
-31.125	0.0	1.2e-5
-31.0	0.0	1.3e-5
-30.875	0.0	1.3e-5
-30.75	0.0	1.4e-5
-30.625	0.0	1.4e-5
-30.5	0.0	1.4e-5
-30.375	0.0	1.4e-5
-30.25	0.0	1.4e-5
-30.125	0.0	1.4e-5
-30.0	0.0	1.4e-5
-29.875	0.0	1.3e-5
-29.75	0.0	1.2e-5
-29.625	0.0	1.1e-5
-29.5	0.0	1.0e-5
-29.375	0.0	8.0e-6
-29.25	0.0	7.0e-6
-29.125	0.0	5.0e-6
-29.0	0.0	2.0e-6
-28.875	0.0	0.0
-28.75	0.0	-3.0e-6
-28.625	0.0	-6.0e-6
-28.5	0.0	-1.0e-5
-28.375	0.0	-1.3e-5
-28.25	0.0	-1.7e-5
-28.125	0.0	-2.2e-5
-28.0	0.0	-2.6e-5
-27.875	0.0	-3.1e-5
-27.75	0.0	-3.5e-5
-27.625	0.0	-4.0e-5
-27.5	0.0	-4.5e-5
-27.375	0.0	-5.0e-5
-27.25	0.0	-5.5e-5
-27.125	0.0	-6.0e-5
-27.0	0.0	-6.5e-5
-26.875	0.0	-7.0e-5
-26.75	0.0	-7.4e-5
-26.625	0.0	-7.8e-5
-26.5	0.0	-8.2e-5
-26.375	0.0	-8.6e-5
-26.25	0.0	-8.8e-5
-26.125	0.0	-9.0e-5
-26.0	0.0	-9.2e-5
-25.875	0.0	-9.2e-5
-25.75	0.0	-9.2e-5
-25.625	0.0	-9.1e-5
-25.5	0.0	-8.9e-5
-25.375	0.0	-8.5e-5
-25.25	0.0	-8.0e-5
-25.125	0.0	-7.4e-5
-25.0	0.0	-6.7e-5
-24.875	0.0	-5.8e-5
-24.75	0.0	-4.8e-5
-24.625	0.0	-3.6e-5
-24.5	0.0	-2.3e-5
-24.375	0.0	-8.0e-6
-24.25	0.0	8.0e-6
-24.125	0.0	2.6e-5
-24.0	0.0	4.6e-5
-23.875	0.0	6.6e-5
-23.75	0.0	8.9e-5
-23.625	0.0	0.000112
-23.5	0.0	0.000137
-23.375	0.0	0.000163
-23.25	0.0	0.000189
-23.125	0.0	0.000216
-23.0	0.0	0.000244
-22.875	0.0	0.000272
-22.75	0.0	0.0003
-22.625	0.0	0.000327
-22.5	0.0	0.000354
-22.375	0.0	0.00038
-22.25	0.0	0.000405
-22.125	0.0	0.000428
-22.0	0.0	0.000448
-21.875	0.0	0.000467
-21.75	0.0	0.000482
-21.625	0.0	0.000494
-21.5	0.0	0.000502
-21.375	0.0	0.000506
-21.25	0.0	0.000506
-21.125	0.0	0.0005
-21.0	0.0	0.000489
-20.875	0.0	0.000472
-20.75	0.0	0.000449
-20.625	0.0	0.00042
-20.5	0.0	0.000383
-20.375	0.0	0.00034
-20.25	0.0	0.000289
-20.125	0.0	0.000231
-20.0	0.0	0.000165
-19.875	0.0	9.2e-5
-19.75	0.0	1.2e-5
-19.625	0.0	-7.6e-5
-19.5	0.0	-0.000171
-19.375	0.0	-0.000273
-19.25	0.0	-0.000381
-19.125	1.0e-6	-0.000495
-19.0	1.0e-6	-0.000615
-18.875	1.0e-6	-0.000739
-18.75	1.0e-6	-0.000866
-18.625	1.0e-6	-0.000997
-18.5	1.0e-6	-0.001129
-18.375	1.0e-6	-0.001262
-18.25	1.0e-6	-0.001395
-18.125	1.0e-6	-0.001526
-18.0	1.0e-6	-0.001653
-17.875	1.0e-6	-0.001775
-17.75	1.0e-6	-0.001891
-17.625	1.0e-6	-0.001999
-17.5	2.0e-6	-0.002097
-17.375	2.0e-6	-0.002184
-17.25	2.0e-6	-0.002257
-17.125	2.0e-6	-0.002315
-17.0	2.0e-6	-0.002355
-16.875	2.0e-6	-0.002377
-16.75	3.0e-6	-0.002378
-16.625	3.0e-6	-0.002357
-16.5	3.0e-6	-0.002312
-16.375	3.0e-6	-0.002241
-16.25	4.0e-6	-0.002143
-16.125	4.0e-6	-0.002017
-16.0	4.0e-6	-0.001862
-15.875	5.0e-6	-0.001677
-15.75	5.0e-6	-0.00146
-15.625	5.0e-6	-0.001213
-15.5	6.0e-6	-0.000933
-15.375	6.0e-6	-0.000623
-15.25	7.0e-6	-0.000282
-15.125	7.0e-6	9.0e-5
-15.0	8.0e-6	0.00049
-14.875	8.0e-6	0.000918
-14.75	9.0e-6	0.001372
-14.625	1.0e-5	0.001849
-14.5	1.1e-5	0.002346
-14.375	1.1e-5	0.002861
-14.25	1.2e-5	0.00339
-14.125	1.3e-5	0.00393
-14.0	1.4e-5	0.004475
-13.875	1.5e-5	0.005022
-13.75	1.7e-5	0.005565
-13.625	1.8e-5	0.006099
-13.5	1.9e-5	0.006618
-13.375	2.1e-5	0.007116
-13.25	2.2e-5	0.007587
-13.125	2.4e-5	0.008025
-13.0	2.6e-5	0.008423
-12.875	2.8e-5	0.008774
-12.75	3.0e-5	0.009072
-12.625	3.2e-5	0.009309
-12.5	3.5e-5	0.00948
-12.375	3.7e-5	0.009577
-12.25	4.0e-5	0.009594
-12.125	4.3e-5	0.009525
-12.0	4.6e-5	0.009365
-11.875	5.0e-5	0.009108
-11.75	5.3e-5	0.00875
-11.625	5.7e-5	0.008287
-11.5	6.1e-5	0.007714
-11.375	6.6e-5	0.00703
-11.25	7.0e-5	0.006233
-11.125	7.6e-5	0.005322
-11.0	8.1e-5	0.004297
-10.875	8.7e-5	0.00316
-10.75	9.3e-5	0.001913
-10.625	0.0001	0.000559
-10.5	0.000107	-0.000896
-10.375	0.000114	-0.002447
-10.25	0.000122	-0.004085
-10.125	0.000131	-0.005803
-10.0	0.00014	-0.00759
-9.875	0.00015	-0.009434
-9.75	0.00016	-0.011323
-9.625	0.000171	-0.013243
-9.5	0.000183	-0.015178
-9.375	0.000196	-0.017112
-9.25	0.000209	-0.019028
-9.125	0.000224	-0.020907
-9.0	0.000239	-0.022729
-8.875	0.000255	-0.024474
-8.75	0.000272	-0.026121
-8.625	0.000291	-0.02765
-8.5	0.00031	-0.029037
-8.375	0.000331	-0.030262
-8.25	0.000353	-0.031303
-8.125	0.000377	-0.032139
-8.0	0.000401	-0.032747
-7.875	0.000428	-0.033109
-7.75	0.000456	-0.033204
-7.625	0.000486	-0.033015
-7.5	0.000517	-0.032525
-7.375	0.000551	-0.031719
-7.25	0.000587	-0.030584
-7.125	0.000624	-0.029109
-7.0	0.000665	-0.027286
-6.875	0.000707	-0.025108
-6.75	0.000752	-0.022573
-6.625	0.0008	-0.01968
-6.5	0.00085	-0.016433
-6.375	0.000904	-0.012839
-6.25	0.000961	-0.008907
-6.125	0.001021	-0.004652
-6.0	0.001084	-9.1e-5
-5.875	0.001151	0.004755
-5.75	0.001222	0.00986
-5.625	0.001297	0.015194
-5.5	0.001377	0.020726
-5.375	0.001461	0.026418
-5.25	0.00155	0.03223
-5.125	0.001643	0.038118
-5.0	0.001742	0.044035
-4.875	0.001847	0.049932
-4.75	0.001957	0.055754
-4.625	0.002074	0.061447
-4.5	0.002197	0.066954
-4.375	0.002326	0.072215
-4.25	0.002463	0.077171
-4.125	0.002607	0.081761
-4.0	0.002759	0.085922
-3.875	0.00292	0.089596
-3.75	0.003088	0.09272
-3.625	0.003266	0.095239
-3.5	0.003453	0.097093
-3.375	0.003651	0.098232
-3.25	0.003858	0.098603
-3.125	0.004076	0.098161
-3.0	0.004306	0.096864
-2.875	0.004548	0.094676
-2.75	0.004802	0.091567
-2.625	0.005069	0.087512
-2.5	0.005349	0.082494
-2.375	0.005644	0.076504
-2.25	0.005954	0.069541
-2.125	0.00628	0.061612
-2.0	0.006621	0.052733
-1.875	0.00698	0.042929
-1.75	0.007356	0.032234
-1.625	0.007751	0.020693
-1.5	0.008165	0.008361
-1.375	0.008599	-0.0047
-1.25	0.009054	-0.018416
-1.125	0.009532	-0.032703
-1.0	0.010032	-0.047471
-0.875	0.010555	-0.062616
-0.75	0.011104	-0.078031
-0.625	0.011678	-0.093598
-0.5	0.012279	-0.109191
-0.375	0.012909	-0.124679
-0.25	0.013567	-0.139927
-0.125	0.014256	-0.154791
0.0	0.014976	-0.169127
0.125	0.015729	-0.182788
0.25	0.016515	-0.195623
0.375	0.017338	-0.207483
0.5	0.018197	-0.218221
0.625	0.019094	-0.227691
0.75	0.02003	-0.23575
0.875	0.021008	-0.242263
1.0	0.022029	-0.2471
1.125	0.023093	-0.250141
1.25	0.024204	-0.251273
1.375	0.025362	-0.250397
1.5	0.02657	-0.247426
1.625	0.027828	-0.242286
1.75	0.029139	-0.234918
1.875	0.030506	-0.225281
2.0	0.031928	-0.213351
2.125	0.03341	-0.199122
2.25	0.034952	-0.182608
2.375	0.036557	-0.163843
2.5	0.038227	-0.142882
2.625	0.039963	-0.119801
2.75	0.041769	-0.094697
2.875	0.043647	-0.06769
3.0	0.045598	-0.038921
3.125	0.047626	-0.00855
3.25	0.049733	0.023238
3.375	0.05192	0.056243
3.5	0.054191	0.090241
3.625	0.056549	0.124995
3.75	0.058996	0.160247
3.875	0.061534	0.195727
4.0	0.064166	0.23115
4.125	0.066896	0.266221
4.25	0.069726	0.300635
4.375	0.072659	0.334079
4.5	0.075697	0.366236
4.625	0.078845	0.396789
4.75	0.082104	0.425419
4.875	0.085478	0.451811
5.0	0.088971	0.475658
5.125	0.092585	0.49666
5.25	0.096323	0.51453
5.375	0.10019	0.528997
5.5	0.104187	0.539806
5.625	0.108319	0.546725
5.75	0.112589	0.549546
5.875	0.117	0.548085
6.0	0.121555	0.542189
6.125	0.126259	0.531736
6.25	0.131115	0.516638
6.375	0.136126	0.496842
6.5	0.141297	0.472332
6.625	0.146629	0.443134
6.75	0.152128	0.40931
6.875	0.157796	0.370965
7.0	0.163638	0.328247
7.125	0.169657	0.281344
7.25	0.175857	0.230487
7.375	0.182242	0.175947
7.5	0.188814	0.118036
7.625	0.195579	0.057105
7.75	0.202539	-0.006456
7.875	0.209698	-0.072224
8.0	0.21706	-0.139741
8.125	0.224629	-0.20852
8.25	0.232408	-0.278047
8.375	0.240401	-0.347784
8.5	0.248612	-0.417172
8.625	0.257044	-0.485638
8.75	0.2657	-0.552597
8.875	0.274584	-0.617458
9.0	0.2837	-0.679627
9.125	0.293051	-0.738513
9.25	0.302641	-0.793535
9.375	0.312472	-0.844124
9.5	0.322548	-0.889729
9.625	0.332872	-0.929825
9.75	0.343447	-0.963914
9.875	0.354276	-0.991534
10.0	0.365363	-1.012262
10.125	0.376709	-1.025717
10.25	0.388318	-1.03157
10.375	0.400193	-1.029542
10.5	0.412335	-1.019411
10.625	0.424748	-1.001017
10.75	0.437434	-0.974261
10.875	0.450394	-0.939112
11.0	0.463632	-0.895607
11.125	0.477148	-0.843851
11.25	0.490945	-0.784022
11.375	0.505025	-0.716369
11.5	0.519388	-0.64121
11.625	0.534036	-0.558937
11.75	0.548971	-0.470008
11.875	0.564194	-0.374951
12.0	0.579704	-0.274356
12.125	0.595504	-0.168876
12.25	0.611593	-0.05922
12.375	0.627972	0.053848
12.5	0.64464	0.169519
12.625	0.661599	0.286939
12.75	0.678846	0.405219
12.875	0.696383	0.52344
13.0	0.714208	0.640662
13.125	0.73232	0.755927
13.25	0.750718	0.86827
13.375	0.7694	0.976727
13.5	0.788366	1.080343
13.625	0.807612	1.178177
13.75	0.827138	1.269315
13.875	0.84694	1.352875
14.0	0.867016	1.428015
14.125	0.887363	1.493944
14.25	0.907978	1.549927
14.375	0.928858	1.595294
14.5	0.949998	1.629444
14.625	0.971395	1.651856
14.75	0.993045	1.662093
14.875	1.014943	1.659805
15.0	1.037085	1.644739
15.125	1.059465	1.616738
15.25	1.082078	1.575749
15.375	1.104919	1.521821
15.5	1.127982	1.455109
15.625	1.15126	1.375877
15.75	1.174747	1.284493
15.875	1.198437	1.181433
16.0	1.222323	1.067275
16.125	1.246397	0.942699
16.25	1.270652	0.808483
16.375	1.295079	0.665496
16.5	1.319672	0.514696
16.625	1.344421	0.35712
16.75	1.369319	0.193881
16.875	1.394356	0.026156
17.0	1.419522	-0.14482
17.125	1.44481	-0.317763
17.25	1.470208	-0.491353
17.375	1.495708	-0.66424
17.5	1.521299	-0.835057
17.625	1.546971	-1.002433
17.75	1.572712	-1.165
17.875	1.598513	-1.321406
18.0	1.624363	-1.470328
18.125	1.650249	-1.610483
18.25	1.676162	-1.740637
18.375	1.702088	-1.859617
18.5	1.728016	-1.966324
18.625	1.753934	-2.05974
18.75	1.77983	-2.13894
18.875	1.805692	-2.203098
19.0	1.831506	-2.251497
19.125	1.857261	-2.283539
19.25	1.882944	-2.298747
19.375	1.908541	-2.296772
19.5	1.93404	-2.277401
19.625	1.959427	-2.240553
19.75	1.984689	-2.186291
19.875	2.009812	-2.114815
20.0	2.034785	-2.026467
20.125	2.059591	-1.921728
20.25	2.08422	-1.801216
20.375	2.108656	-1.665681
20.5	2.132886	-1.516003
20.625	2.156897	-1.353187
20.75	2.180674	-1.178351
20.875	2.204205	-0.992723
21.0	2.227476	-0.79763
21.125	2.250472	-0.594487
21.25	2.273182	-0.384791
21.375	2.29559	-0.170102
21.5	2.317685	0.047961
21.625	2.339452	0.26774
21.75	2.360879	0.487547
21.875	2.381952	0.705676
22.0	2.402658	0.920423
22.125	2.422986	1.130095
22.25	2.442921	1.333026
22.375	2.462452	1.527587
22.5	2.481566	1.712209
22.625	2.500251	1.885383
22.75	2.518496	2.045686
22.875	2.536288	2.191785
23.0	2.553617	2.322449
23.125	2.57047	2.436565
23.25	2.586838	2.533142
23.375	2.602709	2.611323
23.5	2.618073	2.670393
23.625	2.63292	2.709784
23.75	2.64724	2.729081
23.875	2.661024	2.728028
24.0	2.674262	2.706528
24.125	2.686945	2.664647
24.25	2.699066	2.602614
24.375	2.710616	2.520816
24.5	2.721587	2.419803
24.625	2.731972	2.300278
24.75	2.741763	2.163092
24.875	2.750955	2.009242
25.0	2.75954	1.83986
25.125	2.767513	1.656204
25.25	2.774869	1.459649
25.375	2.781602	1.251678
25.5	2.787708	1.033866
25.625	2.793183	0.807871
25.75	2.798022	0.575418
25.875	2.802223	0.338288
26.0	2.805783	0.098301
26.125	2.808698	-0.142698
26.25	2.810968	-0.382854
26.375	2.812591	-0.620317
26.5	2.813565	-0.853256
26.625	2.813889	-1.079876
26.75	2.813565	-1.298432
26.875	2.812591	-1.507243
27.0	2.810968	-1.704704
27.125	2.808698	-1.889303
27.25	2.805782	-2.059628
27.375	2.802223	-2.214385
27.5	2.798022	-2.352401
27.625	2.793182	-2.47264
27.75	2.787708	-2.574207
27.875	2.781602	-2.656357
28.0	2.774868	-2.718501
28.125	2.767513	-2.760207
28.25	2.759539	-2.781209
28.375	2.750954	-2.781404
28.5	2.741763	-2.760854
28.625	2.731971	-2.719785
28.75	2.721586	-2.658587
28.875	2.710615	-2.577804
29.0	2.699066	-2.478135
29.125	2.686945	-2.360426
29.25	2.674261	-2.225661
29.375	2.661023	-2.074956
29.5	2.647239	-1.909546
29.625	2.632919	-1.730778
29.75	2.618072	-1.540097
29.875	2.602708	-1.339034
30.0	2.586837	-1.129194
30.125	2.570469	-0.912243
30.25	2.553616	-0.689892
30.375	2.536287	-0.463884
30.5	2.518495	-0.23598
30.625	2.50025	-0.007945
30.75	2.481565	0.21847
30.875	2.462451	0.441535
31.0	2.44292	0.659563
31.125	2.422984	0.870918
31.25	2.402657	1.07403
31.375	2.381951	1.267406
31.5	2.360878	1.449644
31.625	2.339451	1.61944
31.75	2.317684	1.775602
31.875	2.295589	1.917054
32.0	2.273181	2.042848
32.125	2.250471	2.152168
32.25	2.227474	2.244337
32.375	2.204204	2.318819
32.5	2.180673	2.375223
32.625	2.156895	2.413308
32.75	2.132884	2.432976
32.875	2.108654	2.434279
33.0	2.084218	2.417413
33.125	2.05959	2.382715
33.25	2.034783	2.33066
33.375	2.009811	2.261853
33.5	1.984687	2.177027
33.625	1.959425	2.077031
33.75	1.934038	1.962824
33.875	1.90854	1.835466
34.0	1.882943	1.696108
34.125	1.85726	1.545979
34.25	1.831505	1.386378
34.375	1.80569	1.218664
34.5	1.779829	1.044239
34.625	1.753933	0.864539
34.75	1.728014	0.681023
34.875	1.702086	0.495157
35.0	1.67616	0.308408
35.125	1.650248	0.122224
35.25	1.624361	-0.061968
35.375	1.598512	-0.242784
35.5	1.572711	-0.418882
35.625	1.546969	-0.588984
35.75	1.521298	-0.751876
35.875	1.495707	-0.906422
36.0	1.470207	-1.05157
36.125	1.444808	-1.18636
36.25	1.419521	-1.30993
36.375	1.394354	-1.421522
36.5	1.369318	-1.520486
36.625	1.34442	-1.606282
36.75	1.319671	-1.678485
36.875	1.295078	-1.736786
37.0	1.27065	-1.780991
37.125	1.246396	-1.81102
37.25	1.222322	-1.826909
37.375	1.198436	-1.828806
37.5	1.174746	-1.816965
37.625	1.151259	-1.791744
37.75	1.12798	-1.753604
37.875	1.104918	-1.703095
38.0	1.082077	-1.640858
38.125	1.059464	-1.567611
38.25	1.037084	-1.484148
38.375	1.014942	-1.391326
38.5	0.993044	-1.290059
38.625	0.971394	-1.181309
38.75	0.949997	-1.066077
38.875	0.928856	-0.945396
39.0	0.907977	-0.820318
39.125	0.887362	-0.691907
39.25	0.867015	-0.561232
39.375	0.846939	-0.429353
39.5	0.827137	-0.297321
39.625	0.807611	-0.166159
39.75	0.788365	-0.036863
39.875	0.769399	0.08961
40.0	0.750717	0.212348
40.125	0.732319	0.330488
40.25	0.714207	0.443228
40.375	0.696382	0.549825
40.5	0.678845	0.649604
40.625	0.661598	0.74196
40.75	0.644639	0.826365
40.875	0.627971	0.902363
41.0	0.611592	0.969579
41.125	0.595503	1.027719
41.25	0.579703	1.076565
41.375	0.564193	1.115983
41.5	0.54897	1.145915
41.625	0.534036	1.16638
41.75	0.519387	1.177474
41.875	0.505024	1.179364
42.0	0.490944	1.172287
42.125	0.477147	1.156544
42.25	0.463631	1.132498
42.375	0.450394	1.100568
42.5	0.437433	1.061225
42.625	0.424748	1.014985
42.75	0.412335	0.962406
42.875	0.400192	0.904081
43.0	0.388318	0.840631
43.125	0.376709	0.7727
43.25	0.365362	0.700951
43.375	0.354276	0.626056
43.5	0.343446	0.548695
43.625	0.332871	0.469544
43.75	0.322547	0.389278
43.875	0.312471	0.308556
44.0	0.30264	0.228023
44.125	0.293051	0.148303
44.25	0.2837	0.069994
44.375	0.274584	-0.006336
44.5	0.265699	-0.080154
44.625	0.257043	-0.150961
44.75	0.248611	-0.2183
44.875	0.240401	-0.281756
45.0	0.232408	-0.340959
45.125	0.224629	-0.395584
45.25	0.21706	-0.445354
45.375	0.209697	-0.49004
45.5	0.202538	-0.529462
45.625	0.195578	-0.563488
45.75	0.188814	-0.592033
45.875	0.182241	-0.615062
46.0	0.175857	-0.632581
46.125	0.169657	-0.644645
46.25	0.163638	-0.651347
46.375	0.157796	-0.652824
46.5	0.152128	-0.649247
46.625	0.146629	-0.640824
46.75	0.141296	-0.627794
46.875	0.136126	-0.610424
47.0	0.131115	-0.58901
47.125	0.126259	-0.563865
47.25	0.121555	-0.535326
47.375	0.116999	-0.503741
47.5	0.112588	-0.469473
47.625	0.108319	-0.432893
47.75	0.104187	-0.394375
47.875	0.100189	-0.354297
48.0	0.096323	-0.313036
48.125	0.092585	-0.270961
48.25	0.088971	-0.228438
48.375	0.085478	-0.185821
48.5	0.082104	-0.143449
48.625	0.078844	-0.10165
48.75	0.075697	-0.060733
48.875	0.072658	-0.020987
49.0	0.069726	0.01732
49.125	0.066896	0.053939
49.25	0.064166	0.08865
49.375	0.061534	0.121251
49.5	0.058995	0.15157
49.625	0.056549	0.179459
49.75	0.054191	0.204795
49.875	0.05192	0.227482
50.0	0.049732	0.247449
50.125	0.047626	0.26465
50.25	0.045598	0.279063
50.375	0.043647	0.290691
50.5	0.041769	0.299558
50.625	0.039963	0.305711
50.75	0.038226	0.309218
50.875	0.036557	0.310162
51.0	0.034952	0.308648
51.125	0.03341	0.304794
51.25	0.031928	0.298733
51.375	0.030506	0.290609
51.5	0.029139	0.280579
51.625	0.027828	0.268808
51.75	0.02657	0.255466
51.875	0.025362	0.240731
52.0	0.024204	0.224784
52.125	0.023093	0.207808
52.25	0.022029	0.189985
52.375	0.021008	0.171497
52.5	0.02003	0.152524
52.625	0.019094	0.13324
52.75	0.018197	0.113814
52.875	0.017338	0.09441
53.0	0.016515	0.075183
53.125	0.015728	0.05628
53.25	0.014976	0.037838
53.375	0.014256	0.019984
53.5	0.013567	0.002833
53.625	0.012909	-0.013508
53.75	0.012279	-0.028946
53.875	0.011678	-0.043401
54.0	0.011104	-0.056802
54.125	0.010555	-0.069093
54.25	0.010032	-0.080228
54.375	0.009532	-0.090173
54.5	0.009054	-0.098907
54.625	0.008599	-0.106418
54.75	0.008165	-0.112706
54.875	0.007751	-0.117781
55.0	0.007356	-0.121663
55.125	0.00698	-0.124379
55.25	0.006621	-0.125968
55.375	0.00628	-0.126472
55.5	0.005954	-0.125944
55.625	0.005644	-0.12444
55.75	0.005349	-0.122023
55.875	0.005069	-0.118759
56.0	0.004802	-0.114719
56.125	0.004548	-0.109977
56.25	0.004306	-0.104608
56.375	0.004076	-0.098689
56.5	0.003858	-0.092297
56.625	0.003651	-0.085509
56.75	0.003453	-0.078403
56.875	0.003266	-0.071053
57.0	0.003088	-0.063533
57.125	0.00292	-0.055914
57.25	0.002759	-0.048264
57.375	0.002607	-0.040646
57.5	0.002463	-0.033123
57.625	0.002326	-0.025751
57.75	0.002197	-0.018582
57.875	0.002074	-0.011664
58.0	0.001957	-0.005041
58.125	0.001847	0.00125
58.25	0.001742	0.007175
58.375	0.001643	0.012705
58.5	0.00155	0.017817
58.625	0.001461	0.022492
58.75	0.001377	0.026717
58.875	0.001297	0.030481
59.0	0.001222	0.03378
59.125	0.001151	0.036613
59.25	0.001084	0.038984
59.375	0.001021	0.040899
59.5	0.000961	0.042368
59.625	0.000904	0.043406
59.75	0.00085	0.044029
59.875	0.0008	0.044256
60.0	0.000752	0.044109
60.125	0.000707	0.04361
60.25	0.000665	0.042785
60.375	0.000624	0.041659
60.5	0.000587	0.040261
60.625	0.000551	0.038619
60.75	0.000517	0.036759
60.875	0.000486	0.034713
61.0	0.000456	0.032506
61.125	0.000428	0.030169
61.25	0.000401	0.027729
61.375	0.000377	0.025211
61.5	0.000353	0.022643
61.625	0.000331	0.020049
61.75	0.00031	0.017451
61.875	0.000291	0.014874
62.0	0.000272	0.012336
62.125	0.000255	0.009857
62.25	0.000239	0.007454
62.375	0.000224	0.005142
62.5	0.000209	0.002936
62.625	0.000196	0.000847
62.75	0.000183	-0.001114
62.875	0.000171	-0.00294
63.0	0.00016	-0.004622
63.125	0.00015	-0.006157
63.25	0.00014	-0.007541
63.375	0.000131	-0.008771
63.5	0.000122	-0.009847
63.625	0.000114	-0.01077
63.75	0.000107	-0.011542
63.875	0.0001	-0.012166
64.0	9.3e-5	-0.012647
64.125	8.7e-5	-0.012991
64.25	8.1e-5	-0.013202
64.375	7.6e-5	-0.013288
64.5	7.0e-5	-0.013258
64.625	6.6e-5	-0.013118
64.75	6.1e-5	-0.012877
64.875	5.7e-5	-0.012544
65.0	5.3e-5	-0.012129
65.125	5.0e-5	-0.01164
65.25	4.6e-5	-0.011086
65.375	4.3e-5	-0.010477
65.5	4.0e-5	-0.009822
65.625	3.7e-5	-0.009129
65.75	3.5e-5	-0.008407
65.875	3.2e-5	-0.007664
66.0	3.0e-5	-0.006909
66.125	2.8e-5	-0.006148
66.25	2.6e-5	-0.005388
66.375	2.4e-5	-0.004636
66.5	2.2e-5	-0.003898
66.625	2.1e-5	-0.00318
66.75	1.9e-5	-0.002485
66.875	1.8e-5	-0.001819
67.0	1.7e-5	-0.001186
67.125	1.5e-5	-0.000587
67.25	1.4e-5	-2.7e-5
67.375	1.3e-5	0.000492
67.5	1.2e-5	0.00097
67.625	1.1e-5	0.001405
67.75	1.1e-5	0.001796
67.875	1.0e-5	0.002143
68.0	9.0e-6	0.002446
68.125	8.0e-6	0.002706
68.25	8.0e-6	0.002923
68.375	7.0e-6	0.003099
68.5	7.0e-6	0.003235
68.625	6.0e-6	0.003333
68.75	6.0e-6	0.003395
68.875	5.0e-6	0.003423
69.0	5.0e-6	0.00342
69.125	5.0e-6	0.003387
69.25	4.0e-6	0.003327
69.375	4.0e-6	0.003242
69.5	4.0e-6	0.003137
69.625	3.0e-6	0.003011
69.75	3.0e-6	0.00287
69.875	3.0e-6	0.002714
70.0	3.0e-6	0.002546
70.125	2.0e-6	0.00237
70.25	2.0e-6	0.002186
70.375	2.0e-6	0.001997
70.5	2.0e-6	0.001806
70.625	2.0e-6	0.001613
70.75	2.0e-6	0.001422
70.875	1.0e-6	0.001233
71.0	1.0e-6	0.001048
71.125	1.0e-6	0.000869
71.25	1.0e-6	0.000696
71.375	1.0e-6	0.00053
71.5	1.0e-6	0.000373
71.625	1.0e-6	0.000226
71.75	1.0e-6	8.8e-5
71.875	1.0e-6	-4.0e-5
72.0	1.0e-6	-0.000157
72.125	1.0e-6	-0.000263
72.25	1.0e-6	-0.000359
72.375	1.0e-6	-0.000443
72.5	0.0	-0.000517
72.625	0.0	-0.00058
72.75	0.0	-0.000633
72.875	0.0	-0.000675
73.0	0.0	-0.000709
73.125	0.0	-0.000733
73.25	0.0	-0.000749
73.375	0.0	-0.000756
73.5	0.0	-0.000757
73.625	0.0	-0.00075
73.75	0.0	-0.000738
73.875	0.0	-0.000719
74.0	0.0	-0.000696
74.125	0.0	-0.000669
74.25	0.0	-0.000638
74.375	0.0	-0.000603
74.5	0.0	-0.000567
74.625	0.0	-0.000528
74.75	0.0	-0.000487
74.875	0.0	-0.000446
75.0	0.0	-0.000404
75.125	0.0	-0.000363
75.25	0.0	-0.000321
75.375	0.0	-0.00028
75.5	0.0	-0.00024
75.625	0.0	-0.000202
75.75	0.0	-0.000164
75.875	0.0	-0.000129
76.0	0.0	-9.6e-5
76.125	0.0	-6.4e-5
76.25	0.0	-3.5e-5
76.375	0.0	-8.0e-6
76.5	0.0	1.7e-5
76.625	0.0	3.9e-5
76.75	0.0	5.9e-5
76.875	0.0	7.7e-5
77.0	0.0	9.3e-5
77.125	0.0	0.000106
77.25	0.0	0.000117
77.375	0.0	0.000126
77.5	0.0	0.000133
77.625	0.0	0.000138
77.75	0.0	0.000142
77.875	0.0	0.000143
78.0	0.0	0.000144
78.125	0.0	0.000143
78.25	0.0	0.00014
78.375	0.0	0.000137
78.5	0.0	0.000133
78.625	0.0	0.000127
78.75	0.0	0.000122
78.875	0.0	0.000115
79.0	0.0	0.000108
79.125	0.0	0.000101
79.25	0.0	9.3e-5
79.375	0.0	8.5e-5
79.5	0.0	7.8e-5
79.625	0.0	7.0e-5
79.75	0.0	6.2e-5
79.875	0.0	5.4e-5
80.0	0.0	4.7e-5
80.125	0.0	4.0e-5
80.25	0.0	3.3e-5
80.375	0.0	2.6e-5
80.5	0.0	2.0e-5
80.625	0.0	1.5e-5
80.75	0.0	9.0e-6
80.875	0.0	4.0e-6
81.0	0.0	0.0
81.125	0.0	-4.0e-6
81.25	0.0	-8.0e-6
81.375	0.0	-1.1e-5
81.5	0.0	-1.4e-5
81.625	0.0	-1.6e-5
81.75	0.0	-1.8e-5
81.875	0.0	-2.0e-5
82.0	0.0	-2.1e-5
82.125	0.0	-2.2e-5
82.25	0.0	-2.3e-5
82.375	0.0	-2.3e-5
82.5	0.0	-2.3e-5
82.625	0.0	-2.3e-5
82.75	0.0	-2.3e-5
82.875	0.0	-2.2e-5
83.0	0.0	-2.2e-5
83.125	0.0	-2.1e-5
83.25	0.0	-2.0e-5
83.375	0.0	-1.9e-5
83.5	0.0	-1.8e-5
83.625	0.0	-1.7e-5
83.75	0.0	-1.5e-5
83.875	0.0	-1.4e-5
84.0	0.0	-1.3e-5
84.125	0.0	-1.2e-5
84.25	0.0	-1.0e-5
84.375	0.0	-9.0e-6
84.5	0.0	-8.0e-6
84.625	0.0	-7.0e-6
84.75	0.0	-6.0e-6
84.875	0.0	-5.0e-6
85.0	0.0	-4.0e-6
85.125	0.0	-3.0e-6
85.25	0.0	-2.0e-6
85.375	0.0	-1.0e-6
85.5	0.0	0.0
85.625	0.0	0.0
85.75	0.0	0.0
85.875	0.0	1.0e-6
86.0	0.0	2.0e-6
86.125	0.0	2.0e-6
86.25	0.0	2.0e-6
86.375	0.0	3.0e-6
86.5	0.0	3.0e-6
86.625	0.0	3.0e-6
86.75	0.0	3.0e-6
86.875	0.0	3.0e-6
87.0	0.0	3.0e-6
87.125	0.0	3.0e-6
87.25	0.0	3.0e-6
87.375	0.0	3.0e-6
87.5	0.0	3.0e-6
87.625	0.0	3.0e-6
87.75	0.0	3.0e-6
87.875	0.0	3.0e-6
88.0	0.0	2.0e-6
88.125	0.0	2.0e-6
88.25	0.0	2.0e-6
88.375	0.0	2.0e-6
88.5	0.0	2.0e-6
88.625	0.0	2.0e-6
88.75	0.0	1.0e-6
88.875	0.0	1.0e-6
89.0	0.0	1.0e-6
89.125	0.0	0.0
89.25	0.0	0.0
89.375	0.0	0.0
89.5	0.0	0.0
89.625	0.0	0.0
89.75	0.0	0.0
89.875	0.0	0.0
90.0	0.0	0.0
90.125	0.0	0.0
90.25	0.0	0.0
90.375	0.0	0.0
90.5	0.0	0.0
90.625	0.0	0.0
90.75	0.0	0.0
90.875	0.0	0.0
91.0	0.0	0.0
91.125	0.0	0.0
91.25	0.0	0.0
91.375	0.0	0.0
91.5	0.0	0.0
91.625	0.0	0.0
91.75	0.0	0.0
91.875	0.0	0.0
92.0	0.0	0.0
92.125	0.0	0.0
92.25	0.0	0.0
92.375	0.0	0.0
92.5	0.0	0.0
92.625	0.0	0.0
92.75	0.0	0.0
92.875	0.0	0.0
93.0	0.0	0.0
93.125	0.0	0.0
93.25	0.0	0.0
93.375	0.0	0.0
93.5	0.0	0.0
93.625	0.0	0.0
93.75	0.0	0.0
93.875	0.0	0.0
94.0	0.0	0.0
94.125	0.0	0.0
94.25	0.0	0.0
94.375	0.0	0.0
94.5	0.0	0.0
94.625	0.0	0.0
94.75	0.0	0.0
94.875	0.0	0.0
95.0	0.0	0.0
95.125	0.0	0.0
95.25	0.0	0.0
95.375	0.0	0.0
95.5	0.0	0.0
95.625	0.0	0.0
95.75	0.0	0.0
95.875	0.0	0.0
96.0	0.0	0.0
96.125	0.0	0.0
96.25	0.0	0.0
96.375	0.0	0.0
96.5	0.0	0.0
96.625	0.0	0.0
96.75	0.0	0.0
96.875	0.0	0.0
97.0	0.0	0.0
97.125	0.0	0.0
97.25	0.0	0.0
97.375	0.0	0.0
97.5	0.0	0.0
97.625	0.0	0.0
97.75	0.0	0.0
97.875	0.0	0.0
98.0	0.0	0.0
98.125	0.0	0.0
98.25	0.0	0.0
98.375	0.0	0.0
98.5	0.0	0.0
98.625	0.0	0.0
98.75	0.0	0.0
98.875	0.0	0.0
99.0	0.0	0.0
99.125	0.0	0.0
99.25	0.0	0.0
99.375	0.0	0.0
99.5	0.0	0.0
99.625	0.0	0.0
99.75	0.0	0.0
99.875	0.0	0.0
100.0	0.0	0.0
100.125	0.0	0.0
100.25	0.0	0.0
100.375	0.0	0.0
100.5	0.0	0.0
100.625	0.0	0.0
100.75	0.0	0.0
100.875	0.0	0.0
101.0	0.0	0.0
101.125	0.0	0.0
101.25	0.0	0.0
101.375	0.0	0.0
101.5	0.0	0.0
101.625	0.0	0.0
101.75	0.0	0.0
101.875	0.0	0.0
102.0	0.0	0.0
102.125	0.0	0.0
102.25	0.0	0.0
102.375	0.0	0.0
102.5	0.0	0.0
102.625	0.0	0.0
102.75	0.0	0.0
102.875	0.0	0.0
103.0	0.0	0.0
103.125	0.0	0.0
103.25	0.0	0.0
103.375	0.0	0.0
103.5	0.0	0.0
103.625	0.0	0.0
103.75	0.0	0.0
103.875	0.0	0.0
104.0	0.0	0.0
104.125	0.0	0.0
104.25	0.0	0.0
104.375	0.0	0.0
104.5	0.0	0.0
104.625	0.0	0.0
104.75	0.0	0.0
104.875	0.0	0.0
105.0	0.0	0.0
105.125	0.0	0.0
105.25	0.0	0.0
105.375	0.0	0.0
105.5	0.0	0.0
105.625	0.0	0.0
105.75	0.0	0.0
105.875	0.0	0.0
106.0	0.0	0.0
106.125	0.0	0.0
106.25	0.0	0.0
106.375	0.0	0.0
106.5	0.0	0.0
106.625	0.0	0.0
106.75	0.0	0.0
106.875	0.0	0.0
107.0	0.0	0.0
107.125	0.0	0.0
107.25	0.0	0.0
107.375	0.0	0.0
107.5	0.0	0.0
107.625	0.0	0.0
107.75	0.0	0.0
107.875	0.0	0.0
108.0	0.0	0.0
108.125	0.0	0.0
108.25	0.0	0.0
108.375	0.0	0.0
108.5	0.0	0.0
108.625	0.0	0.0
108.75	0.0	0.0
108.875	0.0	0.0
109.0	0.0	0.0
109.125	0.0	0.0
109.25	0.0	0.0
109.375	0.0	0.0
109.5	0.0	0.0
109.625	0.0	0.0
109.75	0.0	0.0
109.875	0.0	0.0
110.0	0.0	0.0
110.125	0.0	0.0
110.25	0.0	0.0
110.375	0.0	0.0
110.5	0.0	0.0
110.625	0.0	0.0
110.75	0.0	0.0
110.875	0.0	0.0
111.0	0.0	0.0
111.125	0.0	0.0
111.25	0.0	0.0
111.375	0.0	0.0
111.5	0.0	0.0
111.625	0.0	0.0
111.75	0.0	0.0
111.875	0.0	0.0
112.0	0.0	0.0
112.125	0.0	0.0
112.25	0.0	0.0
112.375	0.0	0.0
112.5	0.0	0.0
112.625	0.0	0.0
112.75	0.0	0.0
112.875	0.0	0.0
113.0	0.0	0.0
113.125	0.0	0.0
113.25	0.0	0.0
113.375	0.0	0.0
113.5	0.0	0.0
113.625	0.0	0.0
113.75	0.0	0.0
113.875	0.0	0.0
114.0	0.0	0.0
114.125	0.0	0.0
114.25	0.0	0.0
114.375	0.0	0.0
114.5	0.0	0.0
114.625	0.0	0.0
114.75	0.0	0.0
114.875	0.0	0.0
115.0	0.0	0.0
115.125	0.0	0.0
115.25	0.0	0.0
115.375	0.0	0.0
115.5	0.0	0.0
115.625	0.0	0.0
115.75	0.0	0.0
115.875	0.0	0.0
116.0	0.0	0.0
116.125	0.0	0.0
116.25	0.0	0.0
116.375	0.0	0.0
116.5	0.0	0.0
116.625	0.0	0.0
116.75	0.0	0.0
116.875	0.0	0.0
117.0	0.0	0.0
117.125	0.0	0.0
117.25	0.0	0.0
117.375	0.0	0.0
117.5	0.0	0.0
117.625	0.0	0.0
117.75	0.0	0.0
117.875	0.0	0.0
118.0	0.0	0.0
118.125	0.0	0.0
118.25	0.0	0.0
118.375	0.0	0.0
118.5	0.0	0.0
118.625	0.0	0.0
118.75	0.0	0.0
118.875	0.0	0.0
119.0	0.0	0.0
119.125	0.0	0.0
119.25	0.0	0.0
119.375	0.0	0.0
119.5	0.0	0.0
119.625	0.0	0.0
119.75	0.0	0.0
119.875	0.0	0.0
120.0	0.0	0.0
120.125	0.0	0.0
120.25	0.0	0.0
120.375	0.0	0.0
120.5	0.0	0.0
120.625	0.0	0.0
120.75	0.0	0.0
120.875	0.0	0.0
121.0	0.0	0.0
121.125	0.0	0.0
121.25	0.0	0.0
121.375	0.0	0.0
121.5	0.0	0.0
121.625	0.0	0.0
121.75	0.0	0.0
121.875	0.0	0.0
122.0	0.0	0.0
122.125	0.0	0.0
122.25	0.0	0.0
122.375	0.0	0.0
122.5	0.0	0.0
122.625	0.0	0.0
122.75	0.0	0.0
122.875	0.0	0.0
123.0	0.0	0.0
123.125	0.0	0.0
123.25	0.0	0.0
123.375	0.0	0.0
123.5	0.0	0.0
123.625	0.0	0.0
123.75	0.0	0.0
123.875	0.0	0.0
124.0	0.0	0.0
124.125	0.0	0.0
124.25	0.0	0.0
124.375	0.0	0.0
124.5	0.0	0.0
124.625	0.0	0.0
124.75	0.0	0.0
124.875	0.0	0.0
125.0	0.0	0.0
125.125	0.0	0.0
125.25	0.0	0.0
125.375	0.0	0.0
125.5	0.0	0.0
125.625	0.0	0.0
125.75	0.0	0.0
125.875	0.0	0.0
126.0	0.0	0.0
126.125	0.0	0.0
126.25	0.0	0.0
126.375	0.0	0.0
126.5	0.0	0.0
126.625	0.0	0.0
126.75	0.0	0.0
126.875	0.0	0.0
127.0	0.0	0.0
127.125	0.0	0.0
127.25	0.0	0.0
127.375	0.0	0.0
127.5	0.0	0.0
127.625	0.0	0.0
127.75	0.0	0.0
127.875	0.0	0.0
128.0	0.0	0.0
128.125	0.0	0.0
128.25	0.0	0.0
128.375	0.0	0.0
128.5	0.0	0.0
128.625	0.0	0.0
128.75	0.0	0.0
128.875	0.0	0.0
129.0	0.0	0.0
129.125	0.0	0.0
129.25	0.0	0.0
129.375	0.0	0.0
129.5	0.0	0.0
129.625	0.0	0.0
129.75	0.0	0.0
129.875	0.0	0.0
130.0	0.0	0.0
130.125	0.0	0.0
130.25	0.0	0.0
130.375	0.0	0.0
130.5	0.0	0.0
130.625	0.0	0.0
130.75	0.0	0.0
130.875	0.0	0.0
131.0	0.0	0.0
131.125	0.0	0.0
131.25	0.0	0.0
131.375	0.0	0.0
131.5	0.0	0.0
131.625	0.0	0.0
131.75	0.0	0.0
131.875	0.0	0.0
132.0	0.0	0.0
132.125	0.0	0.0
132.25	0.0	0.0
132.375	0.0	0.0
132.5	0.0	0.0
132.625	0.0	0.0
132.75	0.0	0.0
132.875	0.0	0.0
133.0	0.0	0.0
133.125	0.0	0.0
133.25	0.0	0.0
133.375	0.0	0.0
133.5	0.0	0.0
133.625	0.0	0.0
133.75	0.0	0.0
133.875	0.0	0.0
134.0	0.0	0.0
134.125	0.0	0.0
134.25	0.0	0.0
134.375	0.0	0.0
134.5	0.0	0.0
134.625	0.0	0.0
134.75	0.0	0.0
134.875	0.0	0.0
135.0	0.0	0.0
135.125	0.0	0.0
135.25	0.0	0.0
135.375	0.0	0.0
135.5	0.0	0.0
135.625	0.0	0.0
135.75	0.0	0.0
135.875	0.0	0.0
136.0	0.0	0.0
136.125	0.0	0.0
136.25	0.0	0.0
136.375	0.0	0.0
136.5	0.0	0.0
136.625	0.0	0.0
136.75	0.0	0.0
136.875	0.0	0.0
137.0	0.0	0.0
137.125	0.0	0.0
137.25	0.0	0.0
137.375	0.0	0.0
137.5	0.0	0.0
137.625	0.0	0.0
137.75	0.0	0.0
137.875	0.0	0.0
138.0	0.0	0.0
138.125	0.0	0.0
138.25	0.0	0.0
138.375	0.0	0.0
138.5	0.0	0.0
138.625	0.0	0.0
138.75	0.0	0.0
138.875	0.0	0.0
139.0	0.0	0.0
139.125	0.0	0.0
139.25	0.0	0.0
139.375	0.0	0.0
139.5	0.0	0.0
139.625	0.0	0.0
139.75	0.0	0.0
139.875	0.0	0.0
140.0	0.0	0.0
140.125	0.0	0.0
140.25	0.0	0.0
140.375	0.0	0.0
140.5	0.0	0.0
140.625	0.0	0.0
140.75	0.0	0.0
140.875	0.0	0.0
141.0	0.0	0.0
141.125	0.0	0.0
141.25	0.0	0.0
141.375	0.0	0.0
141.5	0.0	0.0
141.625	0.0	0.0
141.75	0.0	0.0
141.875	0.0	0.0
142.0	0.0	0.0
142.125	0.0	0.0
142.25	0.0	0.0
142.375	0.0	0.0
142.5	0.0	0.0
142.625	0.0	0.0
142.75	0.0	0.0
142.875	0.0	0.0
143.0	0.0	0.0
143.125	0.0	0.0
143.25	0.0	0.0
143.375	0.0	0.0
143.5	0.0	0.0
143.625	0.0	0.0
143.75	0.0	0.0
143.875	0.0	0.0
144.0	0.0	0.0
144.125	0.0	0.0
144.25	0.0	0.0
144.375	0.0	0.0
144.5	0.0	0.0
144.625	0.0	0.0
144.75	0.0	0.0
144.875	0.0	0.0
145.0	0.0	0.0
145.125	0.0	0.0
145.25	0.0	0.0
145.375	0.0	0.0
145.5	0.0	0.0
145.625	0.0	0.0
145.75	0.0	0.0
145.875	0.0	0.0
146.0	0.0	0.0
146.125	0.0	0.0
146.25	0.0	0.0
146.375	0.0	0.0
146.5	0.0	0.0
146.625	0.0	0.0
146.75	0.0	0.0
146.875	0.0	0.0
147.0	0.0	0.0
147.125	0.0	0.0
147.25	0.0	0.0
147.375	0.0	0.0
147.5	0.0	0.0
147.625	0.0	0.0
147.75	0.0	0.0
147.875	0.0	0.0
148.0	0.0	0.0
148.125	0.0	0.0
148.25	0.0	0.0
148.375	0.0	0.0
148.5	0.0	0.0
148.625	0.0	0.0
148.75	0.0	0.0
148.875	0.0	0.0
149.0	0.0	0.0
149.125	0.0	0.0
149.25	0.0	0.0
149.375	0.0	0.0
149.5	0.0	0.0
149.625	0.0	0.0
149.75	0.0	0.0
149.875	0.0	0.0
150.0	0.0	0.0
150.125	0.0	0.0
150.25	0.0	0.0
150.375	0.0	0.0
150.5	0.0	0.0
150.625	0.0	0.0
150.75	0.0	0.0
150.875	0.0	0.0
151.0	0.0	0.0
151.125	0.0	0.0
151.25	0.0	0.0
151.375	0.0	0.0
151.5	0.0	0.0
151.625	0.0	0.0
151.75	0.0	0.0
151.875	0.0	0.0
152.0	0.0	0.0
152.125	0.0	0.0
152.25	0.0	0.0
152.375	0.0	0.0
152.5	0.0	0.0
152.625	0.0	0.0
152.75	0.0	0.0
152.875	0.0	0.0
153.0	0.0	0.0
153.125	0.0	0.0
153.25	0.0	0.0
153.375	0.0	0.0
153.5	0.0	0.0
153.625	0.0	0.0
153.75	0.0	0.0
153.875	0.0	0.0
154.0	0.0	0.0
154.125	0.0	0.0
154.25	0.0	0.0
154.375	0.0	0.0
154.5	0.0	0.0
154.625	0.0	0.0
154.75	0.0	0.0
154.875	0.0	0.0
155.0	0.0	0.0
155.125	0.0	0.0
155.25	0.0	0.0
155.375	0.0	0.0
155.5	0.0	0.0
155.625	0.0	0.0
155.75	0.0	0.0
155.875	0.0	0.0
156.0	0.0	0.0
156.125	0.0	0.0
156.25	0.0	0.0
156.375	0.0	0.0
156.5	0.0	0.0
156.625	0.0	0.0
156.75	0.0	0.0
156.875	0.0	0.0
157.0	0.0	0.0
157.125	0.0	0.0
157.25	0.0	0.0
157.375	0.0	0.0
157.5	0.0	0.0
157.625	0.0	0.0
157.75	0.0	0.0
157.875	0.0	0.0
158.0	0.0	0.0
158.125	0.0	0.0
158.25	0.0	0.0
158.375	0.0	0.0
158.5	0.0	0.0
158.625	0.0	0.0
158.75	0.0	0.0
158.875	0.0	0.0
159.0	0.0	0.0
159.125	0.0	0.0
159.25	0.0	0.0
159.375	0.0	0.0
159.5	0.0	0.0
159.625	0.0	0.0
159.75	0.0	0.0
159.875	0.0	0.0
160.0	0.0	0.0
160.125	0.0	0.0
160.25	0.0	0.0
160.375	0.0	0.0
160.5	0.0	0.0
160.625	0.0	0.0
160.75	0.0	0.0
160.875	0.0	0.0
161.0	0.0	0.0
161.125	0.0	0.0
161.25	0.0	0.0
161.375	0.0	0.0
161.5	0.0	0.0
161.625	0.0	0.0
161.75	0.0	0.0
161.875	0.0	0.0
162.0	0.0	0.0
162.125	0.0	0.0
162.25	0.0	0.0
162.375	0.0	0.0
162.5	0.0	0.0
162.625	0.0	0.0
162.75	0.0	0.0
162.875	0.0	0.0
163.0	0.0	0.0
163.125	0.0	0.0
163.25	0.0	0.0
163.375	0.0	0.0
163.5	0.0	0.0
163.625	0.0	0.0
163.75	0.0	0.0
163.875	0.0	0.0
164.0	0.0	0.0
164.125	0.0	0.0
164.25	0.0	0.0
164.375	0.0	0.0
164.5	0.0	0.0
164.625	0.0	0.0
164.75	0.0	0.0
164.875	0.0	0.0
165.0	0.0	0.0
165.125	0.0	0.0
165.25	0.0	0.0
165.375	0.0	0.0
165.5	0.0	0.0
165.625	0.0	0.0
165.75	0.0	0.0
165.875	0.0	0.0
166.0	0.0	0.0
166.125	0.0	0.0
166.25	0.0	0.0
166.375	0.0	0.0
166.5	0.0	0.0
166.625	0.0	0.0
166.75	0.0	0.0
166.875	0.0	0.0
167.0	0.0	0.0
167.125	0.0	0.0
167.25	0.0	0.0
167.375	0.0	0.0
167.5	0.0	0.0
167.625	0.0	0.0
167.75	0.0	0.0
167.875	0.0	0.0
168.0	0.0	0.0
168.125	0.0	0.0
168.25	0.0	0.0
168.375	0.0	0.0
168.5	0.0	0.0
168.625	0.0	0.0
168.75	0.0	0.0
168.875	0.0	0.0
169.0	0.0	0.0
169.125	0.0	0.0
169.25	0.0	0.0
169.375	0.0	0.0
169.5	0.0	0.0
169.625	0.0	0.0
169.75	0.0	0.0
169.875	0.0	0.0
170.0	0.0	0.0
170.125	0.0	0.0
170.25	0.0	0.0
170.375	0.0	0.0
170.5	0.0	0.0
170.625	0.0	0.0
170.75	0.0	0.0
170.875	0.0	0.0
171.0	0.0	0.0
171.125	0.0	0.0
171.25	0.0	0.0
171.375	0.0	0.0
171.5	0.0	0.0
171.625	0.0	0.0
171.75	0.0	0.0
171.875	0.0	0.0
172.0	0.0	0.0
172.125	0.0	0.0
172.25	0.0	0.0
172.375	0.0	0.0
172.5	0.0	0.0
172.625	0.0	0.0
172.75	0.0	0.0
172.875	0.0	0.0
173.0	0.0	0.0
173.125	0.0	0.0
173.25	0.0	0.0
173.375	0.0	0.0
173.5	0.0	0.0
173.625	0.0	0.0
173.75	0.0	0.0
173.875	0.0	0.0
174.0	0.0	0.0
174.125	0.0	0.0
174.25	0.0	0.0
174.375	0.0	0.0
174.5	0.0	0.0
174.625	0.0	0.0
174.75	0.0	0.0
174.875	0.0	0.0
175.0	0.0	0.0
175.125	0.0	0.0
175.25	0.0	0.0
175.375	0.0	0.0
175.5	0.0	0.0
175.625	0.0	0.0
175.75	0.0	0.0
175.875	0.0	0.0
176.0	0.0	0.0
176.125	0.0	0.0
176.25	0.0	0.0
176.375	0.0	0.0
176.5	0.0	0.0
176.625	0.0	0.0
176.75	0.0	0.0
176.875	0.0	0.0
177.0	0.0	0.0
177.125	0.0	0.0
177.25	0.0	0.0
177.375	0.0	0.0
177.5	0.0	0.0
177.625	0.0	0.0
177.75	0.0	0.0
177.875	0.0	0.0
178.0	0.0	0.0
178.125	0.0	0.0
178.25	0.0	0.0
178.375	0.0	0.0
178.5	0.0	0.0
178.625	0.0	0.0
178.75	0.0	0.0
178.875	0.0	0.0
179.0	0.0	0.0
179.125	0.0	0.0
179.25	0.0	0.0
179.375	0.0	0.0
179.5	0.0	0.0
179.625	0.0	0.0
179.75	0.0	0.0
179.875	0.0	0.0
180.0	0.0	0.0
180.125	0.0	0.0
180.25	0.0	0.0
180.375	0.0	0.0
180.5	0.0	0.0
180.625	0.0	0.0
180.75	0.0	0.0
180.875	0.0	0.0
181.0	0.0	0.0
181.125	0.0	0.0
181.25	0.0	0.0
181.375	0.0	0.0
181.5	0.0	0.0
181.625	0.0	0.0
181.75	0.0	0.0
181.875	0.0	0.0
182.0	0.0	0.0
182.125	0.0	0.0
182.25	0.0	0.0
182.375	0.0	0.0
182.5	0.0	0.0
182.625	0.0	0.0
182.75	0.0	0.0
182.875	0.0	0.0
183.0	0.0	0.0
183.125	0.0	0.0
183.25	0.0	0.0
183.375	0.0	0.0
183.5	0.0	0.0
183.625	0.0	0.0
183.75	0.0	0.0
183.875	0.0	0.0
184.0	0.0	0.0
184.125	0.0	0.0
184.25	0.0	0.0
184.375	0.0	0.0
184.5	0.0	0.0
184.625	0.0	0.0
184.75	0.0	0.0
184.875	0.0	0.0
185.0	0.0	0.0
185.125	0.0	0.0
185.25	0.0	0.0
185.375	0.0	0.0
185.5	0.0	0.0
185.625	0.0	0.0
185.75	0.0	0.0
185.875	0.0	0.0
186.0	0.0	0.0
186.125	0.0	0.0
186.25	0.0	0.0
186.375	0.0	0.0
186.5	0.0	0.0
186.625	0.0	0.0
186.75	0.0	0.0
186.875	0.0	0.0
187.0	0.0	0.0
187.125	0.0	0.0
187.25	0.0	0.0
187.375	0.0	0.0
187.5	0.0	0.0
187.625	0.0	0.0
187.75	0.0	0.0
187.875	0.0	0.0
188.0	0.0	0.0
188.125	0.0	0.0
188.25	0.0	0.0
188.375	0.0	0.0
188.5	0.0	0.0
188.625	0.0	0.0
188.75	0.0	0.0
188.875	0.0	0.0
189.0	0.0	0.0
189.125	0.0	0.0
189.25	0.0	0.0
189.375	0.0	0.0
189.5	0.0	0.0
189.625	0.0	0.0
189.75	0.0	0.0
189.875	0.0	0.0
190.0	0.0	0.0
190.125	0.0	0.0
190.25	0.0	0.0
190.375	0.0	0.0
190.5	0.0	0.0
190.625	0.0	0.0
190.75	0.0	0.0
190.875	0.0	0.0
191.0	0.0	0.0
191.125	0.0	0.0
191.25	0.0	0.0
191.375	0.0	0.0
191.5	0.0	0.0
191.625	0.0	0.0
191.75	0.0	0.0
191.875	0.0	0.0
192.0	0.0	0.0
192.125	0.0	0.0
192.25	0.0	0.0
192.375	0.0	0.0
192.5	0.0	0.0
192.625	0.0	0.0
192.75	0.0	0.0
192.875	0.0	0.0
193.0	0.0	0.0
193.125	0.0	0.0
193.25	0.0	0.0
193.375	0.0	0.0
193.5	0.0	0.0
193.625	0.0	0.0
193.75	0.0	0.0
193.875	0.0	0.0
194.0	0.0	0.0
194.125	0.0	0.0
194.25	0.0	0.0
194.375	0.0	0.0
194.5	0.0	0.0
194.625	0.0	0.0
194.75	0.0	0.0
194.875	0.0	0.0
195.0	0.0	0.0
195.125	0.0	0.0
195.25	0.0	0.0
195.375	0.0	0.0
195.5	0.0	0.0
195.625	0.0	0.0
195.75	0.0	0.0
195.875	0.0	0.0
196.0	0.0	0.0
196.125	0.0	0.0
196.25	0.0	0.0
196.375	0.0	0.0
196.5	0.0	0.0
196.625	0.0	0.0
196.75	0.0	0.0
196.875	0.0	0.0
197.0	0.0	0.0
197.125	0.0	0.0
197.25	0.0	0.0
197.375	0.0	0.0
197.5	0.0	0.0
197.625	0.0	0.0
197.75	0.0	0.0
197.875	0.0	0.0
198.0	0.0	0.0
198.125	0.0	0.0
198.25	0.0	0.0
198.375	0.0	0.0
198.5	0.0	0.0
198.625	0.0	0.0
198.75	0.0	0.0
198.875	0.0	0.0
199.0	0.0	0.0
199.125	0.0	0.0
199.25	0.0	0.0
199.375	0.0	0.0
199.5	0.0	0.0
199.625	0.0	0.0
199.75	0.0	0.0
199.875	0.0	0.0
200.0	0.0	0.0
200.125	0.0	0.0
200.25	0.0	0.0
200.375	0.0	0.0
200.5	0.0	0.0
200.625	0.0	0.0
200.75	0.0	0.0
200.875	0.0	0.0
201.0	0.0	0.0
201.125	0.0	0.0
201.25	0.0	0.0
201.375	0.0	0.0
201.5	0.0	0.0
201.625	0.0	0.0
201.75	0.0	0.0
201.875	0.0	0.0
202.0	0.0	0.0
202.125	0.0	0.0
202.25	0.0	0.0
202.375	0.0	0.0
202.5	0.0	0.0
202.625	0.0	0.0
202.75	0.0	0.0
202.875	0.0	0.0
203.0	0.0	0.0
203.125	0.0	0.0
203.25	0.0	0.0
203.375	0.0	0.0
203.5	0.0	0.0
203.625	0.0	0.0
203.75	0.0	0.0
203.875	0.0	0.0
204.0	0.0	0.0
204.125	0.0	0.0
204.25	0.0	0.0
204.375	0.0	0.0
204.5	0.0	0.0
204.625	0.0	0.0
204.75	0.0	0.0
204.875	0.0	0.0
205.0	0.0	0.0
205.125	0.0	0.0
205.25	0.0	0.0
205.375	0.0	0.0
205.5	0.0	0.0
205.625	0.0	0.0
205.75	0.0	0.0
205.875	0.0	0.0
206.0	0.0	0.0
206.125	0.0	0.0
206.25	0.0	0.0
206.375	0.0	0.0
206.5	0.0	0.0
206.625	0.0	0.0
206.75	0.0	0.0
206.875	0.0	0.0
207.0	0.0	0.0
207.125	0.0	0.0
207.25	0.0	0.0
207.375	0.0	0.0
207.5	0.0	0.0
207.625	0.0	0.0
207.75	0.0	0.0
207.875	0.0	0.0
208.0	0.0	0.0
208.125	0.0	0.0
208.25	0.0	0.0
208.375	0.0	0.0
208.5	0.0	0.0
208.625	0.0	0.0
208.75	0.0	0.0
208.875	0.0	0.0
209.0	0.0	0.0
209.125	0.0	0.0
209.25	0.0	0.0
209.375	0.0	0.0
209.5	0.0	0.0
209.625	0.0	0.0
209.75	0.0	0.0
209.875	0.0	0.0
210.0	0.0	0.0
210.125	0.0	0.0
210.25	0.0	0.0
210.375	0.0	0.0
210.5	0.0	0.0
210.625	0.0	0.0
210.75	0.0	0.0
210.875	0.0	0.0
211.0	0.0	0.0
211.125	0.0	0.0
211.25	0.0	0.0
211.375	0.0	0.0
211.5	0.0	0.0
211.625	0.0	0.0
211.75	0.0	0.0
211.875	0.0	0.0
212.0	0.0	0.0
212.125	0.0	0.0
212.25	0.0	0.0
212.375	0.0	0.0
212.5	0.0	0.0
212.625	0.0	0.0
212.75	0.0	0.0
212.875	0.0	0.0
213.0	0.0	0.0
213.125	0.0	0.0
213.25	0.0	0.0
213.375	0.0	0.0
213.5	0.0	0.0
213.625	0.0	0.0
213.75	0.0	0.0
213.875	0.0	0.0
214.0	0.0	0.0
214.125	0.0	0.0
214.25	0.0	0.0
214.375	0.0	0.0
214.5	0.0	0.0
214.625	0.0	0.0
214.75	0.0	0.0
214.875	0.0	0.0
215.0	0.0	0.0
215.125	0.0	0.0
215.25	0.0	0.0
215.375	0.0	0.0
215.5	0.0	0.0
215.625	0.0	0.0
215.75	0.0	0.0
215.875	0.0	0.0
216.0	0.0	0.0
216.125	0.0	0.0
216.25	0.0	0.0
216.375	0.0	0.0
216.5	0.0	0.0
216.625	0.0	0.0
216.75	0.0	0.0
216.875	0.0	0.0
217.0	0.0	0.0
217.125	0.0	0.0
217.25	0.0	0.0
217.375	0.0	0.0
217.5	0.0	0.0
217.625	0.0	0.0
217.75	0.0	0.0
217.875	0.0	0.0
218.0	0.0	0.0
218.125	0.0	0.0
218.25	0.0	0.0
218.375	0.0	0.0
218.5	0.0	0.0
218.625	0.0	0.0
218.75	0.0	0.0
218.875	0.0	0.0
219.0	0.0	0.0
219.125	0.0	0.0
219.25	0.0	0.0
219.375	0.0	0.0
219.5	0.0	0.0
219.625	0.0	0.0
219.75	0.0	0.0
219.875	0.0	0.0
220.0	0.0	0.0
220.125	0.0	0.0
220.25	0.0	0.0
220.375	0.0	0.0
220.5	0.0	0.0
220.625	0.0	0.0
220.75	0.0	0.0
220.875	0.0	0.0
221.0	0.0	0.0
221.125	0.0	0.0
221.25	0.0	0.0
221.375	0.0	0.0
221.5	0.0	0.0
221.625	0.0	0.0
221.75	0.0	0.0
221.875	0.0	0.0
222.0	0.0	0.0
222.125	0.0	0.0
222.25	0.0	0.0
222.375	0.0	0.0
222.5	0.0	0.0
222.625	0.0	0.0
222.75	0.0	0.0
222.875	0.0	0.0
223.0	0.0	0.0
223.125	0.0	0.0
223.25	0.0	0.0
223.375	0.0	0.0
223.5	0.0	0.0
223.625	0.0	0.0
223.75	0.0	0.0
223.875	0.0	0.0
224.0	0.0	0.0
224.125	0.0	0.0
224.25	0.0	0.0
224.375	0.0	0.0
224.5	0.0	0.0
224.625	0.0	0.0
224.75	0.0	0.0
224.875	0.0	0.0
225.0	0.0	0.0
225.125	0.0	0.0
225.25	0.0	0.0
225.375	0.0	0.0
225.5	0.0	0.0
225.625	0.0	0.0
225.75	0.0	0.0
225.875	0.0	0.0
226.0	0.0	0.0
226.125	0.0	0.0
226.25	0.0	0.0
226.375	0.0	0.0
226.5	0.0	0.0
226.625	0.0	0.0
226.75	0.0	0.0
226.875	0.0	0.0
227.0	0.0	0.0
227.125	0.0	0.0
227.25	0.0	0.0
227.375	0.0	0.0
227.5	0.0	0.0
227.625	0.0	0.0
227.75	0.0	0.0
227.875	0.0	0.0
228.0	0.0	0.0
228.125	0.0	0.0
228.25	0.0	0.0
228.375	0.0	0.0
228.5	0.0	0.0
228.625	0.0	0.0
228.75	0.0	0.0
228.875	0.0	0.0
229.0	0.0	0.0
229.125	0.0	0.0
229.25	0.0	0.0
229.375	0.0	0.0
229.5	0.0	0.0
229.625	0.0	0.0
229.75	0.0	0.0
229.875	0.0	0.0
230.0	0.0	0.0
230.125	0.0	0.0
230.25	0.0	0.0
230.375	0.0	0.0
230.5	0.0	0.0
230.625	0.0	0.0
230.75	0.0	0.0
230.875	0.0	0.0
231.0	0.0	0.0
231.125	0.0	0.0
231.25	0.0	0.0
231.375	0.0	0.0
231.5	0.0	0.0
231.625	0.0	0.0
231.75	0.0	0.0
231.875	0.0	0.0
232.0	0.0	0.0
232.125	0.0	0.0
232.25	0.0	0.0
232.375	0.0	0.0
232.5	0.0	0.0
232.625	0.0	0.0
232.75	0.0	0.0
232.875	0.0	0.0
233.0	0.0	0.0
233.125	0.0	0.0
233.25	0.0	0.0
233.375	0.0	0.0
233.5	0.0	0.0
233.625	0.0	0.0
233.75	0.0	0.0
233.875	0.0	0.0
234.0	0.0	0.0
234.125	0.0	0.0
234.25	0.0	0.0
234.375	0.0	0.0
234.5	0.0	0.0
234.625	0.0	0.0
234.75	0.0	0.0
234.875	0.0	0.0
235.0	0.0	0.0
235.125	0.0	0.0
235.25	0.0	0.0
235.375	0.0	0.0
235.5	0.0	0.0
235.625	0.0	0.0
235.75	0.0	0.0
235.875	0.0	0.0
236.0	0.0	0.0
236.125	0.0	0.0
236.25	0.0	0.0
236.375	0.0	0.0
236.5	0.0	0.0
236.625	0.0	0.0
236.75	0.0	0.0
236.875	0.0	0.0
237.0	0.0	0.0
237.125	0.0	0.0
237.25	0.0	0.0
237.375	0.0	0.0
237.5	0.0	0.0
237.625	0.0	0.0
237.75	0.0	0.0
237.875	0.0	0.0
238.0	0.0	0.0
238.125	0.0	0.0
238.25	0.0	0.0
238.375	0.0	0.0
238.5	0.0	0.0
238.625	0.0	0.0
238.75	0.0	0.0
238.875	0.0	0.0
239.0	0.0	0.0
239.125	0.0	0.0
239.25	0.0	0.0
239.375	0.0	0.0
239.5	0.0	0.0
239.625	0.0	0.0
239.75	0.0	0.0
239.875	0.0	0.0
240.0	0.0	0.0
240.125	0.0	0.0
240.25	0.0	0.0
240.375	0.0	0.0
240.5	0.0	0.0
240.625	0.0	0.0
240.75	0.0	0.0
240.875	0.0	0.0
241.0	0.0	0.0
241.125	0.0	0.0
241.25	0.0	0.0
241.375	0.0	0.0
241.5	0.0	0.0
241.625	0.0	0.0
241.75	0.0	0.0
241.875	0.0	0.0
242.0	0.0	0.0
242.125	0.0	0.0
242.25	0.0	0.0
242.375	0.0	0.0
242.5	0.0	0.0
242.625	0.0	0.0
242.75	0.0	0.0
242.875	0.0	0.0
243.0	0.0	0.0
243.125	0.0	0.0
243.25	0.0	0.0
243.375	0.0	0.0
243.5	0.0	0.0
243.625	0.0	0.0
243.75	0.0	0.0
243.875	0.0	0.0
244.0	0.0	0.0
244.125	0.0	0.0
244.25	0.0	0.0
244.375	0.0	0.0
244.5	0.0	0.0
244.625	0.0	0.0
244.75	0.0	0.0
244.875	0.0	0.0
245.0	0.0	0.0
245.125	0.0	0.0
245.25	0.0	0.0
245.375	0.0	0.0
245.5	0.0	0.0
245.625	0.0	0.0
245.75	0.0	0.0
245.875	0.0	0.0
246.0	0.0	0.0
246.125	0.0	0.0
246.25	0.0	0.0
246.375	0.0	0.0
246.5	0.0	0.0
246.625	0.0	0.0
246.75	0.0	0.0
246.875	0.0	0.0
247.0	0.0	0.0
247.125	0.0	0.0
247.25	0.0	0.0
247.375	0.0	0.0
247.5	0.0	0.0
247.625	0.0	0.0
247.75	0.0	0.0
247.875	0.0	0.0
248.0	0.0	0.0
248.125	0.0	0.0
248.25	0.0	0.0
248.375	0.0	0.0
248.5	0.0	0.0
248.625	0.0	0.0
248.75	0.0	0.0
248.875	0.0	0.0
249.0	0.0	0.0
249.125	0.0	0.0
249.25	0.0	0.0
249.375	0.0	0.0
249.5	0.0	0.0
249.625	0.0	0.0
249.75	0.0	0.0
249.875	0.0	0.0
250.0	0.0	0.0
250.125	0.0	0.0
250.25	0.0	0.0
250.375	0.0	0.0
250.5	0.0	0.0
250.625	0.0	0.0
250.75	0.0	0.0
250.875	0.0	0.0
251.0	0.0	0.0
251.125	0.0	0.0
251.25	0.0	0.0
251.375	0.0	0.0
251.5	0.0	0.0
251.625	0.0	0.0
251.75	0.0	0.0
251.875	0.0	0.0
252.0	0.0	0.0
252.125	0.0	0.0
252.25	0.0	0.0
252.375	0.0	0.0
252.5	0.0	0.0
252.625	0.0	0.0
252.75	0.0	0.0
252.875	0.0	0.0
253.0	0.0	0.0
253.125	0.0	0.0
253.25	0.0	0.0
253.375	0.0	0.0
253.5	0.0	0.0
253.625	0.0	0.0
253.75	0.0	0.0
253.875	0.0	0.0
254.0	0.0	0.0
254.125	0.0	0.0
254.25	0.0	0.0
254.375	0.0	0.0
254.5	0.0	0.0
254.625	0.0	0.0
254.75	0.0	0.0
254.875	0.0	0.0
255.0	0.0	0.0
255.125	0.0	0.0
255.25	0.0	0.0
255.375	0.0	0.0
255.5	0.0	0.0
255.625	0.0	0.0
255.75	0.0	0.0
255.875	0.0	0.0
256.0	0.0	0.0
256.125	0.0	0.0
256.25	0.0	0.0
256.375	0.0	0.0
256.5	0.0	0.0
256.625	0.0	0.0
256.75	0.0	0.0
256.875	0.0	0.0
257.0	0.0	0.0
257.125	0.0	0.0
257.25	0.0	0.0
257.375	0.0	0.0
257.5	0.0	0.0
257.625	0.0	0.0
