-254.25	0.0	0.124116
-254.125	0.0	0.114351
-254.0	0.0	0.104148
-253.875	0.0	0.093611
-253.75	0.0	0.08284
-253.625	0.0	0.071932
-253.5	0.0	0.060983
-253.375	0.0	0.050082
-253.25	0.0	0.039316
-253.125	0.0	0.028765
-253.0	0.0	0.018504
-252.875	0.0	0.008602
-252.75	0.0	-0.000877
-252.625	0.0	-0.009879
-252.5	0.0	-0.018353
-252.375	0.0	-0.026257
-252.25	0.0	-0.033554
-252.125	0.0	-0.040215
-252.0	0.0	-0.046219
-251.875	0.0	-0.051549
-251.75	0.0	-0.056195
-251.625	0.0	-0.060155
-251.5	0.0	-0.063432
-251.375	0.0	-0.066032
-251.25	0.0	-0.06797
-251.125	0.0	-0.069265
-251.0	0.0	-0.069938
-250.875	0.0	-0.070016
-250.75	0.0	-0.069531
-250.625	0.0	-0.068514
-250.5	0.0	-0.067004
-250.375	0.0	-0.065037
-250.25	0.0	-0.062655
-250.125	0.0	-0.0599
-250.0	0.0	-0.056812
-249.875	0.0	-0.053437
-249.75	0.0	-0.049818
-249.625	0.0	-0.045996
-249.5	0.0	-0.042016
-249.375	0.0	-0.037917
-249.25	0.0	-0.033742
-249.125	0.0	-0.029528
-249.0	0.0	-0.025312
-248.875	0.0	-0.021129
-248.75	0.0	-0.017013
-248.625	0.0	-0.012992
-248.5	0.0	-0.009097
-248.375	0.0	-0.005351
-248.25	0.0	-0.001777
-248.125	0.0	0.001604
-248.0	0.0	0.004776
-247.875	0.0	0.007725
-247.75	0.0	0.010438
-247.625	0.0	0.012906
-247.5	0.0	0.015124
-247.375	0.0	0.017087
-247.25	0.0	0.018793
-247.125	0.0	0.020244
-247.0	0.0	0.021443
-246.875	0.0	0.022394
-246.75	0.0	0.023104
-246.625	0.0	0.023581
-246.5	0.0	0.023836
-246.375	0.0	0.023879
-246.25	0.0	0.023723
-246.125	0.0	0.023382
-246.0	0.0	0.022869
-245.875	0.0	0.022199
-245.75	0.0	0.021388
-245.625	0.0	0.020451
-245.5	0.0	0.019404
-245.375	0.0	0.018263
-245.25	0.0	0.017042
-245.125	0.0	0.015757
-245.0	0.0	0.014424
-244.875	0.0	0.013056
-244.75	0.0	0.011668
-244.625	0.0	0.010272
-244.5	0.0	0.00888
-244.375	0.0	0.007506
-244.25	0.0	0.006158
-244.125	0.0	0.004847
-244.0	0.0	0.003581
-243.875	0.0	0.002369
-243.75	0.0	0.001218
-243.625	0.0	0.000132
-243.5	0.0	-0.000882
-243.375	0.0	-0.001821
-243.25	0.0	-0.002681
-243.125	0.0	-0.003461
-243.0	0.0	-0.004159
-242.875	0.0	-0.004775
-242.75	0.0	-0.005308
-242.625	0.0	-0.00576
-242.5	0.0	-0.006132
-242.375	0.0	-0.006427
-242.25	0.0	-0.006647
-242.125	0.0	-0.006795
-242.0	0.0	-0.006875
-241.875	0.0	-0.006892
-241.75	0.0	-0.006848
-241.625	0.0	-0.00675
-241.5	0.0	-0.0066
-241.375	0.0	-0.006405
-241.25	0.0	-0.006169
-241.125	0.0	-0.005898
-241.0	0.0	-0.005595
-240.875	0.0	-0.005266
-240.75	0.0	-0.004916
-240.625	0.0	-0.004549
-240.5	0.0	-0.004169
-240.375	0.0	-0.003782
-240.25	0.0	-0.00339
-240.125	0.0	-0.002998
-240.0	0.0	-0.002609
-239.875	0.0	-0.002226
-239.75	0.0	-0.001852
-239.625	0.0	-0.00149
-239.5	0.0	-0.001143
-239.375	0.0	-0.000811
-239.25	0.0	-0.000497
-239.125	0.0	-0.000203
-239.0	0.0	7.0e-5
-238.875	0.0	0.000322
-238.75	0.0	0.000553
-238.625	0.0	0.00076
-238.5	0.0	0.000945
-238.375	0.0	0.001107
-238.25	0.0	0.001248
-238.125	0.0	0.001366
-238.0	0.0	0.001463
-237.875	0.0	0.001539
-237.75	0.0	0.001596
-237.625	0.0	0.001635
-237.5	0.0	0.001656
-237.375	0.0	0.00166
-237.25	0.0	0.00165
-237.125	0.0	0.001625
-237.0	0.0	0.001589
-236.875	0.0	0.001541
-236.75	0.0	0.001483
-236.625	0.0	0.001417
-236.5	0.0	0.001343
-236.375	0.0	0.001264
-236.25	0.0	0.00118
-236.125	0.0	0.001092
-236.0	0.0	0.001001
-235.875	0.0	0.000909
-235.75	0.0	0.000817
-235.625	0.0	0.000724
-235.5	0.0	0.000633
-235.375	0.0	0.000544
-235.25	0.0	0.000458
-235.125	0.0	0.000375
-235.0	0.0	0.000295
-234.875	0.0	0.000219
-234.75	0.0	0.000148
-234.625	0.0	8.2e-5
-234.5	0.0	2.0e-5
-234.375	0.0	-3.6e-5
-234.25	0.0	-8.7e-5
-234.125	0.0	-0.000133
-234.0	0.0	-0.000174
-233.875	0.0	-0.000209
-233.75	0.0	-0.00024
-233.625	0.0	-0.000265
-233.5	0.0	-0.000286
-233.375	0.0	-0.000303
-233.25	0.0	-0.000315
-233.125	0.0	-0.000323
-233.0	0.0	-0.000327
-232.875	0.0	-0.000329
-232.75	0.0	-0.000326
-232.625	0.0	-0.000321
-232.5	0.0	-0.000314
-232.375	0.0	-0.000304
-232.25	0.0	-0.000293
-232.125	0.0	-0.000279
-232.0	0.0	-0.000264
-231.875	0.0	-0.000249
-231.75	0.0	-0.000232
-231.625	0.0	-0.000214
-231.5	0.0	-0.000197
-231.375	0.0	-0.000179
-231.25	0.0	-0.000161
-231.125	0.0	-0.000143
-231.0	0.0	-0.000125
-230.875	0.0	-0.000108
-230.75	0.0	-9.2e-5
-230.625	0.0	-7.6e-5
-230.5	0.0	-6.1e-5
-230.375	0.0	-4.7e-5
-230.25	0.0	-3.4e-5
-230.125	0.0	-2.1e-5
-230.0	0.0	-1.0e-5
-229.875	0.0	0.0
-229.75	0.0	9.0e-6
-229.625	0.0	1.8e-5
-229.5	0.0	2.5e-5
-229.375	0.0	3.1e-5
-229.25	0.0	3.7e-5
-229.125	0.0	4.1e-5
-229.0	0.0	4.5e-5
-228.875	0.0	4.8e-5
-228.75	0.0	5.0e-5
-228.625	0.0	5.2e-5
-228.5	0.0	5.2e-5
-228.375	0.0	5.3e-5
-228.25	0.0	5.2e-5
-228.125	0.0	5.1e-5
-228.0	0.0	5.0e-5
-227.875	0.0	4.8e-5
-227.75	0.0	4.7e-5
-227.625	0.0	4.4e-5
-227.5	0.0	4.2e-5
-227.375	0.0	3.9e-5
-227.25	0.0	3.7e-5
-227.125	0.0	3.4e-5
-227.0	0.0	3.1e-5
-226.875	0.0	2.8e-5
-226.75	0.0	2.5e-5
-226.625	0.0	2.3e-5
-226.5	0.0	2.0e-5
-226.375	0.0	1.7e-5
-226.25	0.0	1.5e-5
-226.125	0.0	1.2e-5
-226.0	0.0	1.0e-5
-225.875	0.0	8.0e-6
-225.75	0.0	6.0e-6
-225.625	0.0	4.0e-6
-225.5	0.0	2.0e-6
-225.375	0.0	0.0
-225.25	0.0	0.0
-225.125	0.0	-2.0e-6
-225.0	0.0	-3.0e-6
-224.875	0.0	-4.0e-6
-224.75	0.0	-4.0e-6
-224.625	0.0	-5.0e-6
-224.5	0.0	-6.0e-6
-224.375	0.0	-6.0e-6
-224.25	0.0	-6.0e-6
-224.125	0.0	-7.0e-6
-224.0	0.0	-7.0e-6
-223.875	0.0	-7.0e-6
-223.75	0.0	-7.0e-6
-223.625	0.0	-7.0e-6
-223.5	0.0	-6.0e-6
-223.375	0.0	-6.0e-6
-223.25	0.0	-6.0e-6
-223.125	0.0	-6.0e-6
-223.0	0.0	-5.0e-6
-222.875	0.0	-5.0e-6
-222.75	0.0	-5.0e-6
-222.625	0.0	-4.0e-6
-222.5	0.0	-4.0e-6
-222.375	0.0	-4.0e-6
-222.25	0.0	-3.0e-6
-222.125	0.0	-3.0e-6
-222.0	0.0	-3.0e-6
-221.875	0.0	-2.0e-6
-221.75	0.0	-2.0e-6
-221.625	0.0	-2.0e-6
-221.5	0.0	-1.0e-6
-221.375	0.0	-1.0e-6
-221.25	0.0	0.0
-221.125	0.0	0.0
-221.0	0.0	0.0
-220.875	0.0	0.0
-220.75	0.0	0.0
-220.625	0.0	0.0
-220.5	0.0	0.0
-220.375	0.0	0.0
-220.25	0.0	0.0
-220.125	0.0	0.0
-220.0	0.0	0.0
-219.875	0.0	0.0
-219.75	0.0	0.0
-219.625	0.0	0.0
-219.5	0.0	0.0
-219.375	0.0	0.0
-219.25	0.0	0.0
-219.125	0.0	0.0
-219.0	0.0	0.0
-218.875	0.0	0.0
-218.75	0.0	0.0
-218.625	0.0	0.0
-218.5	0.0	0.0
-218.375	0.0	0.0
-218.25	0.0	0.0
-218.125	0.0	0.0
-218.0	0.0	0.0
-217.875	0.0	0.0
-217.75	0.0	0.0
-217.625	0.0	0.0
-217.5	0.0	0.0
-217.375	0.0	0.0
-217.25	0.0	0.0
-217.125	0.0	0.0
-217.0	0.0	0.0
-216.875	0.0	0.0
-216.75	0.0	0.0
-216.625	0.0	0.0
-216.5	0.0	0.0
-216.375	0.0	0.0
-216.25	0.0	0.0
-216.125	0.0	0.0
-216.0	0.0	0.0
-215.875	0.0	0.0
-215.75	0.0	0.0
-215.625	0.0	0.0
-215.5	0.0	0.0
-215.375	0.0	0.0
-215.25	0.0	0.0
-215.125	0.0	0.0
-215.0	0.0	0.0
-214.875	0.0	0.0
-214.75	0.0	0.0
-214.625	0.0	0.0
-214.5	0.0	0.0
-214.375	0.0	0.0
-214.25	0.0	0.0
-214.125	0.0	0.0
-214.0	0.0	0.0
-213.875	0.0	0.0
-213.75	0.0	0.0
-213.625	0.0	0.0
-213.5	0.0	0.0
-213.375	0.0	0.0
-213.25	0.0	0.0
-213.125	0.0	0.0
-213.0	0.0	0.0
-212.875	0.0	0.0
-212.75	0.0	0.0
-212.625	0.0	0.0
-212.5	0.0	0.0
-212.375	0.0	0.0
-212.25	0.0	0.0
-212.125	0.0	0.0
-212.0	0.0	0.0
-211.875	0.0	0.0
-211.75	0.0	0.0
-211.625	0.0	0.0
-211.5	0.0	0.0
-211.375	0.0	0.0
-211.25	0.0	0.0
-211.125	0.0	0.0
-211.0	0.0	0.0
-210.875	0.0	0.0
-210.75	0.0	0.0
-210.625	0.0	0.0
-210.5	0.0	0.0
-210.375	0.0	0.0
-210.25	0.0	0.0
-210.125	0.0	0.0
-210.0	0.0	0.0
-209.875	0.0	0.0
-209.75	0.0	0.0
-209.625	0.0	0.0
-209.5	0.0	0.0
-209.375	0.0	0.0
-209.25	0.0	0.0
-209.125	0.0	0.0
-209.0	0.0	0.0
-208.875	0.0	0.0
-208.75	0.0	0.0
-208.625	0.0	0.0
-208.5	0.0	0.0
-208.375	0.0	0.0
-208.25	0.0	0.0
-208.125	0.0	0.0
-208.0	0.0	0.0
-207.875	0.0	0.0
-207.75	0.0	0.0
-207.625	0.0	0.0
-207.5	0.0	0.0
-207.375	0.0	0.0
-207.25	0.0	0.0
-207.125	0.0	0.0
-207.0	0.0	0.0
-206.875	0.0	0.0
-206.75	0.0	0.0
-206.625	0.0	0.0
-206.5	0.0	0.0
-206.375	0.0	0.0
-206.25	0.0	0.0
-206.125	0.0	0.0
-206.0	0.0	0.0
-205.875	0.0	0.0
-205.75	0.0	0.0
-205.625	0.0	0.0
-205.5	0.0	0.0
-205.375	0.0	0.0
-205.25	0.0	0.0
-205.125	0.0	0.0
-205.0	0.0	0.0
-204.875	0.0	0.0
-204.75	0.0	0.0
-204.625	0.0	0.0
-204.5	0.0	0.0
-204.375	0.0	0.0
-204.25	0.0	0.0
-204.125	0.0	0.0
-204.0	0.0	0.0
-203.875	0.0	0.0
-203.75	0.0	0.0
-203.625	0.0	0.0
-203.5	0.0	0.0
-203.375	0.0	0.0
-203.25	0.0	0.0
-203.125	0.0	0.0
-203.0	0.0	0.0
-202.875	0.0	0.0
-202.75	0.0	0.0
-202.625	0.0	0.0
-202.5	0.0	0.0
-202.375	0.0	0.0
-202.25	0.0	0.0
-202.125	0.0	0.0
-202.0	0.0	0.0
-201.875	0.0	0.0
-201.75	0.0	0.0
-201.625	0.0	0.0
-201.5	0.0	0.0
-201.375	0.0	0.0
-201.25	0.0	0.0
-201.125	0.0	0.0
-201.0	0.0	0.0
-200.875	0.0	0.0
-200.75	0.0	0.0
-200.625	0.0	0.0
-200.5	0.0	0.0
-200.375	0.0	0.0
-200.25	0.0	0.0
-200.125	0.0	0.0
-200.0	0.0	0.0
-199.875	0.0	0.0
-199.75	0.0	0.0
-199.625	0.0	0.0
-199.5	0.0	0.0
-199.375	0.0	0.0
-199.25	0.0	0.0
-199.125	0.0	0.0
-199.0	0.0	0.0
-198.875	0.0	0.0
-198.75	0.0	0.0
-198.625	0.0	0.0
-198.5	0.0	0.0
-198.375	0.0	0.0
-198.25	0.0	0.0
-198.125	0.0	0.0
-198.0	0.0	0.0
-197.875	0.0	0.0
-197.75	0.0	0.0
-197.625	0.0	0.0
-197.5	0.0	0.0
-197.375	0.0	0.0
-197.25	0.0	0.0
-197.125	0.0	0.0
-197.0	0.0	0.0
-196.875	0.0	0.0
-196.75	0.0	0.0
-196.625	0.0	0.0
-196.5	0.0	0.0
-196.375	0.0	0.0
-196.25	0.0	0.0
-196.125	0.0	0.0
-196.0	0.0	0.0
-195.875	0.0	0.0
-195.75	0.0	0.0
-195.625	0.0	0.0
-195.5	0.0	0.0
-195.375	0.0	0.0
-195.25	0.0	0.0
-195.125	0.0	0.0
-195.0	0.0	0.0
-194.875	0.0	0.0
-194.75	0.0	0.0
-194.625	0.0	0.0
-194.5	0.0	0.0
-194.375	0.0	0.0
-194.25	0.0	0.0
-194.125	0.0	0.0
-194.0	0.0	0.0
-193.875	0.0	0.0
-193.75	0.0	0.0
-193.625	0.0	0.0
-193.5	0.0	0.0
-193.375	0.0	0.0
-193.25	0.0	0.0
-193.125	0.0	0.0
-193.0	0.0	0.0
-192.875	0.0	0.0
-192.75	0.0	0.0
-192.625	0.0	0.0
-192.5	0.0	0.0
-192.375	0.0	0.0
-192.25	0.0	0.0
-192.125	0.0	0.0
-192.0	0.0	0.0
-191.875	0.0	0.0
-191.75	0.0	0.0
-191.625	0.0	0.0
-191.5	0.0	0.0
-191.375	0.0	0.0
-191.25	0.0	0.0
-191.125	0.0	0.0
-191.0	0.0	0.0
-190.875	0.0	0.0
-190.75	0.0	0.0
-190.625	0.0	0.0
-190.5	0.0	0.0
-190.375	0.0	0.0
-190.25	0.0	0.0
-190.125	0.0	0.0
-190.0	0.0	0.0
-189.875	0.0	0.0
-189.75	0.0	0.0
-189.625	0.0	0.0
-189.5	0.0	0.0
-189.375	0.0	0.0
-189.25	0.0	0.0
-189.125	0.0	0.0
-189.0	0.0	0.0
-188.875	0.0	0.0
-188.75	0.0	0.0
-188.625	0.0	0.0
-188.5	0.0	0.0
-188.375	0.0	0.0
-188.25	0.0	0.0
-188.125	0.0	0.0
-188.0	0.0	0.0
-187.875	0.0	0.0
-187.75	0.0	0.0
-187.625	0.0	0.0
-187.5	0.0	0.0
-187.375	0.0	0.0
-187.25	0.0	0.0
-187.125	0.0	0.0
-187.0	0.0	0.0
-186.875	0.0	0.0
-186.75	0.0	0.0
-186.625	0.0	0.0
-186.5	0.0	0.0
-186.375	0.0	0.0
-186.25	0.0	0.0
-186.125	0.0	0.0
-186.0	0.0	0.0
-185.875	0.0	0.0
-185.75	0.0	0.0
-185.625	0.0	0.0
-185.5	0.0	0.0
-185.375	0.0	0.0
-185.25	0.0	0.0
-185.125	0.0	0.0
-185.0	0.0	0.0
-184.875	0.0	0.0
-184.75	0.0	0.0
-184.625	0.0	0.0
-184.5	0.0	0.0
-184.375	0.0	0.0
-184.25	0.0	0.0
-184.125	0.0	0.0
-184.0	0.0	0.0
-183.875	0.0	0.0
-183.75	0.0	0.0
-183.625	0.0	0.0
-183.5	0.0	0.0
-183.375	0.0	0.0
-183.25	0.0	0.0
-183.125	0.0	0.0
-183.0	0.0	0.0
-182.875	0.0	0.0
-182.75	0.0	0.0
-182.625	0.0	0.0
-182.5	0.0	0.0
-182.375	0.0	0.0
-182.25	0.0	0.0
-182.125	0.0	0.0
-182.0	0.0	0.0
-181.875	0.0	0.0
-181.75	0.0	0.0
-181.625	0.0	0.0
-181.5	0.0	0.0
-181.375	0.0	0.0
-181.25	0.0	0.0
-181.125	0.0	0.0
-181.0	0.0	0.0
-180.875	0.0	0.0
-180.75	0.0	0.0
-180.625	0.0	0.0
-180.5	0.0	0.0
-180.375	0.0	0.0
-180.25	0.0	0.0
-180.125	0.0	0.0
-180.0	0.0	0.0
-179.875	0.0	0.0
-179.75	0.0	0.0
-179.625	0.0	0.0
-179.5	0.0	0.0
-179.375	0.0	0.0
-179.25	0.0	0.0
-179.125	0.0	0.0
-179.0	0.0	0.0
-178.875	0.0	0.0
-178.75	0.0	0.0
-178.625	0.0	0.0
-178.5	0.0	0.0
-178.375	0.0	0.0
-178.25	0.0	0.0
-178.125	0.0	0.0
-178.0	0.0	0.0
-177.875	0.0	0.0
-177.75	0.0	0.0
-177.625	0.0	0.0
-177.5	0.0	0.0
-177.375	0.0	0.0
-177.25	0.0	0.0
-177.125	0.0	0.0
-177.0	0.0	0.0
-176.875	0.0	0.0
-176.75	0.0	0.0
-176.625	0.0	0.0
-176.5	0.0	0.0
-176.375	0.0	0.0
-176.25	0.0	0.0
-176.125	0.0	0.0
-176.0	0.0	0.0
-175.875	0.0	0.0
-175.75	0.0	0.0
-175.625	0.0	0.0
-175.5	0.0	0.0
-175.375	0.0	0.0
-175.25	0.0	0.0
-175.125	0.0	0.0
-175.0	0.0	0.0
-174.875	0.0	0.0
-174.75	0.0	0.0
-174.625	0.0	0.0
-174.5	0.0	0.0
-174.375	0.0	0.0
-174.25	0.0	0.0
-174.125	0.0	0.0
-174.0	0.0	0.0
-173.875	0.0	0.0
-173.75	0.0	0.0
-173.625	0.0	0.0
-173.5	0.0	0.0
-173.375	0.0	0.0
-173.25	0.0	0.0
-173.125	0.0	0.0
-173.0	0.0	0.0
-172.875	0.0	0.0
-172.75	0.0	0.0
-172.625	0.0	0.0
-172.5	0.0	0.0
-172.375	0.0	0.0
-172.25	0.0	0.0
-172.125	0.0	0.0
-172.0	0.0	0.0
-171.875	0.0	0.0
-171.75	0.0	0.0
-171.625	0.0	0.0
-171.5	0.0	0.0
-171.375	0.0	0.0
-171.25	0.0	0.0
-171.125	0.0	0.0
-171.0	0.0	0.0
-170.875	0.0	0.0
-170.75	0.0	0.0
-170.625	0.0	0.0
-170.5	0.0	0.0
-170.375	0.0	0.0
-170.25	0.0	0.0
-170.125	0.0	0.0
-170.0	0.0	0.0
-169.875	0.0	0.0
-169.75	0.0	0.0
-169.625	0.0	0.0
-169.5	0.0	0.0
-169.375	0.0	0.0
-169.25	0.0	0.0
-169.125	0.0	0.0
-169.0	0.0	0.0
-168.875	0.0	0.0
-168.75	0.0	0.0
-168.625	0.0	0.0
-168.5	0.0	0.0
-168.375	0.0	0.0
-168.25	0.0	0.0
-168.125	0.0	0.0
-168.0	0.0	0.0
-167.875	0.0	0.0
-167.75	0.0	0.0
-167.625	0.0	0.0
-167.5	0.0	0.0
-167.375	0.0	0.0
-167.25	0.0	0.0
-167.125	0.0	0.0
-167.0	0.0	0.0
-166.875	0.0	0.0
-166.75	0.0	0.0
-166.625	0.0	0.0
-166.5	0.0	0.0
-166.375	0.0	0.0
-166.25	0.0	0.0
-166.125	0.0	0.0
-166.0	0.0	0.0
-165.875	0.0	0.0
-165.75	0.0	0.0
-165.625	0.0	0.0
-165.5	0.0	0.0
-165.375	0.0	0.0
-165.25	0.0	0.0
-165.125	0.0	0.0
-165.0	0.0	0.0
-164.875	0.0	0.0
-164.75	0.0	0.0
-164.625	0.0	0.0
-164.5	0.0	0.0
-164.375	0.0	0.0
-164.25	0.0	0.0
-164.125	0.0	0.0
-164.0	0.0	0.0
-163.875	0.0	0.0
-163.75	0.0	0.0
-163.625	0.0	0.0
-163.5	0.0	0.0
-163.375	0.0	0.0
-163.25	0.0	0.0
-163.125	0.0	0.0
-163.0	0.0	0.0
-162.875	0.0	0.0
-162.75	0.0	0.0
-162.625	0.0	0.0
-162.5	0.0	0.0
-162.375	0.0	0.0
-162.25	0.0	0.0
-162.125	0.0	0.0
-162.0	0.0	0.0
-161.875	0.0	0.0
-161.75	0.0	0.0
-161.625	0.0	0.0
-161.5	0.0	0.0
-161.375	0.0	0.0
-161.25	0.0	0.0
-161.125	0.0	0.0
-161.0	0.0	0.0
-160.875	0.0	0.0
-160.75	0.0	0.0
-160.625	0.0	0.0
-160.5	0.0	0.0
-160.375	0.0	0.0
-160.25	0.0	0.0
-160.125	0.0	0.0
-160.0	0.0	0.0
-159.875	0.0	0.0
-159.75	0.0	0.0
-159.625	0.0	0.0
-159.5	0.0	0.0
-159.375	0.0	0.0
-159.25	0.0	0.0
-159.125	0.0	0.0
-159.0	0.0	0.0
-158.875	0.0	0.0
-158.75	0.0	0.0
-158.625	0.0	0.0
-158.5	0.0	0.0
-158.375	0.0	0.0
-158.25	0.0	0.0
-158.125	0.0	0.0
-158.0	0.0	0.0
-157.875	0.0	0.0
-157.75	0.0	0.0
-157.625	0.0	0.0
-157.5	0.0	0.0
-157.375	0.0	0.0
-157.25	0.0	0.0
-157.125	0.0	0.0
-157.0	0.0	0.0
-156.875	0.0	0.0
-156.75	0.0	0.0
-156.625	0.0	0.0
-156.5	0.0	0.0
-156.375	0.0	0.0
-156.25	0.0	0.0
-156.125	0.0	0.0
-156.0	0.0	0.0
-155.875	0.0	0.0
-155.75	0.0	0.0
-155.625	0.0	0.0
-155.5	0.0	0.0
-155.375	0.0	0.0
-155.25	0.0	0.0
-155.125	0.0	0.0
-155.0	0.0	0.0
-154.875	0.0	0.0
-154.75	0.0	0.0
-154.625	0.0	0.0
-154.5	0.0	0.0
-154.375	0.0	0.0
-154.25	0.0	0.0
-154.125	0.0	0.0
-154.0	0.0	0.0
-153.875	0.0	0.0
-153.75	0.0	0.0
-153.625	0.0	0.0
-153.5	0.0	0.0
-153.375	0.0	0.0
-153.25	0.0	0.0
-153.125	0.0	0.0
-153.0	0.0	0.0
-152.875	0.0	0.0
-152.75	0.0	0.0
-152.625	0.0	0.0
-152.5	0.0	0.0
-152.375	0.0	0.0
-152.25	0.0	0.0
-152.125	0.0	0.0
-152.0	0.0	0.0
-151.875	0.0	0.0
-151.75	0.0	0.0
-151.625	0.0	0.0
-151.5	0.0	0.0
-151.375	0.0	0.0
-151.25	0.0	0.0
-151.125	0.0	0.0
-151.0	0.0	0.0
-150.875	0.0	0.0
-150.75	0.0	0.0
-150.625	0.0	0.0
-150.5	0.0	0.0
-150.375	0.0	0.0
-150.25	0.0	0.0
-150.125	0.0	0.0
-150.0	0.0	0.0
-149.875	0.0	0.0
-149.75	0.0	0.0
-149.625	0.0	0.0
-149.5	0.0	0.0
-149.375	0.0	0.0
-149.25	0.0	0.0
-149.125	0.0	0.0
-149.0	0.0	0.0
-148.875	0.0	0.0
-148.75	0.0	0.0
-148.625	0.0	0.0
-148.5	0.0	0.0
-148.375	0.0	0.0
-148.25	0.0	0.0
-148.125	0.0	0.0
-148.0	0.0	0.0
-147.875	0.0	0.0
-147.75	0.0	0.0
-147.625	0.0	0.0
-147.5	0.0	0.0
-147.375	0.0	0.0
-147.25	0.0	0.0
-147.125	0.0	0.0
-147.0	0.0	0.0
-146.875	0.0	0.0
-146.75	0.0	0.0
-146.625	0.0	0.0
-146.5	0.0	0.0
-146.375	0.0	0.0
-146.25	0.0	0.0
-146.125	0.0	0.0
-146.0	0.0	0.0
-145.875	0.0	0.0
-145.75	0.0	0.0
-145.625	0.0	0.0
-145.5	0.0	0.0
-145.375	0.0	0.0
-145.25	0.0	0.0
-145.125	0.0	0.0
-145.0	0.0	0.0
-144.875	0.0	0.0
-144.75	0.0	0.0
-144.625	0.0	0.0
-144.5	0.0	0.0
-144.375	0.0	0.0
-144.25	0.0	0.0
-144.125	0.0	0.0
-144.0	0.0	0.0
-143.875	0.0	0.0
-143.75	0.0	0.0
-143.625	0.0	0.0
-143.5	0.0	0.0
-143.375	0.0	0.0
-143.25	0.0	0.0
-143.125	0.0	0.0
-143.0	0.0	0.0
-142.875	0.0	0.0
-142.75	0.0	0.0
-142.625	0.0	0.0
-142.5	0.0	0.0
-142.375	0.0	0.0
-142.25	0.0	0.0
-142.125	0.0	0.0
-142.0	0.0	0.0
-141.875	0.0	0.0
-141.75	0.0	0.0
-141.625	0.0	0.0
-141.5	0.0	0.0
-141.375	0.0	0.0
-141.25	0.0	0.0
-141.125	0.0	0.0
-141.0	0.0	0.0
-140.875	0.0	0.0
-140.75	0.0	0.0
-140.625	0.0	0.0
-140.5	0.0	0.0
-140.375	0.0	0.0
-140.25	0.0	0.0
-140.125	0.0	0.0
-140.0	0.0	0.0
-139.875	0.0	0.0
-139.75	0.0	0.0
-139.625	0.0	0.0
-139.5	0.0	0.0
-139.375	0.0	0.0
-139.25	0.0	0.0
-139.125	0.0	0.0
-139.0	0.0	0.0
-138.875	0.0	0.0
-138.75	0.0	0.0
-138.625	0.0	0.0
-138.5	0.0	0.0
-138.375	0.0	0.0
-138.25	0.0	0.0
-138.125	0.0	0.0
-138.0	0.0	0.0
-137.875	0.0	0.0
-137.75	0.0	0.0
-137.625	0.0	0.0
-137.5	0.0	0.0
-137.375	0.0	0.0
-137.25	0.0	0.0
-137.125	0.0	0.0
-137.0	0.0	0.0
-136.875	0.0	0.0
-136.75	0.0	0.0
-136.625	0.0	0.0
-136.5	0.0	0.0
-136.375	0.0	0.0
-136.25	0.0	0.0
-136.125	0.0	0.0
-136.0	0.0	0.0
-135.875	0.0	0.0
-135.75	0.0	0.0
-135.625	0.0	0.0
-135.5	0.0	0.0
-135.375	0.0	0.0
-135.25	0.0	0.0
-135.125	0.0	0.0
-135.0	0.0	0.0
-134.875	0.0	0.0
-134.75	0.0	0.0
-134.625	0.0	0.0
-134.5	0.0	0.0
-134.375	0.0	0.0
-134.25	0.0	0.0
-134.125	0.0	0.0
-134.0	0.0	0.0
-133.875	0.0	0.0
-133.75	0.0	0.0
-133.625	0.0	0.0
-133.5	0.0	0.0
-133.375	0.0	0.0
-133.25	0.0	0.0
-133.125	0.0	0.0
-133.0	0.0	0.0
-132.875	0.0	0.0
-132.75	0.0	0.0
-132.625	0.0	0.0
-132.5	0.0	0.0
-132.375	0.0	0.0
-132.25	0.0	0.0
-132.125	0.0	0.0
-132.0	0.0	0.0
-131.875	0.0	0.0
-131.75	0.0	0.0
-131.625	0.0	0.0
-131.5	0.0	0.0
-131.375	0.0	0.0
-131.25	0.0	0.0
-131.125	0.0	0.0
-131.0	0.0	0.0
-130.875	0.0	0.0
-130.75	0.0	0.0
-130.625	0.0	0.0
-130.5	0.0	0.0
-130.375	0.0	0.0
-130.25	0.0	0.0
-130.125	0.0	0.0
-130.0	0.0	0.0
-129.875	0.0	0.0
-129.75	0.0	0.0
-129.625	0.0	0.0
-129.5	0.0	0.0
-129.375	0.0	0.0
-129.25	0.0	0.0
-129.125	0.0	0.0
-129.0	0.0	0.0
-128.875	0.0	0.0
-128.75	0.0	0.0
-128.625	0.0	0.0
-128.5	0.0	0.0
-128.375	0.0	0.0
-128.25	0.0	0.0
-128.125	0.0	0.0
-128.0	0.0	0.0
-127.875	0.0	0.0
-127.75	0.0	0.0
-127.625	0.0	0.0
-127.5	0.0	0.0
-127.375	0.0	0.0
-127.25	0.0	0.0
-127.125	0.0	0.0
-127.0	0.0	0.0
-126.875	0.0	0.0
-126.75	0.0	0.0
-126.625	0.0	0.0
-126.5	0.0	0.0
-126.375	0.0	0.0
-126.25	0.0	0.0
-126.125	0.0	0.0
-126.0	0.0	0.0
-125.875	0.0	0.0
-125.75	0.0	0.0
-125.625	0.0	0.0
-125.5	0.0	0.0
-125.375	0.0	0.0
-125.25	0.0	0.0
-125.125	0.0	0.0
-125.0	0.0	0.0
-124.875	0.0	0.0
-124.75	0.0	0.0
-124.625	0.0	0.0
-124.5	0.0	0.0
-124.375	0.0	0.0
-124.25	0.0	0.0
-124.125	0.0	0.0
-124.0	0.0	0.0
-123.875	0.0	0.0
-123.75	0.0	0.0
-123.625	0.0	0.0
-123.5	0.0	0.0
-123.375	0.0	0.0
-123.25	0.0	0.0
-123.125	0.0	0.0
-123.0	0.0	0.0
-122.875	0.0	0.0
-122.75	0.0	0.0
-122.625	0.0	0.0
-122.5	0.0	0.0
-122.375	0.0	0.0
-122.25	0.0	0.0
-122.125	0.0	0.0
-122.0	0.0	0.0
-121.875	0.0	0.0
-121.75	0.0	0.0
-121.625	0.0	0.0
-121.5	0.0	0.0
-121.375	0.0	0.0
-121.25	0.0	0.0
-121.125	0.0	0.0
-121.0	0.0	0.0
-120.875	0.0	0.0
-120.75	0.0	0.0
-120.625	0.0	0.0
-120.5	0.0	0.0
-120.375	0.0	0.0
-120.25	0.0	0.0
-120.125	0.0	0.0
-120.0	0.0	0.0
-119.875	0.0	0.0
-119.75	0.0	0.0
-119.625	0.0	0.0
-119.5	0.0	0.0
-119.375	0.0	0.0
-119.25	0.0	0.0
-119.125	0.0	0.0
-119.0	0.0	0.0
-118.875	0.0	0.0
-118.75	0.0	0.0
-118.625	0.0	0.0
-118.5	0.0	0.0
-118.375	0.0	0.0
-118.25	0.0	0.0
-118.125	0.0	0.0
-118.0	0.0	0.0
-117.875	0.0	0.0
-117.75	0.0	0.0
-117.625	0.0	0.0
-117.5	0.0	0.0
-117.375	0.0	0.0
-117.25	0.0	0.0
-117.125	0.0	0.0
-117.0	0.0	0.0
-116.875	0.0	0.0
-116.75	0.0	0.0
-116.625	0.0	0.0
-116.5	0.0	0.0
-116.375	0.0	0.0
-116.25	0.0	0.0
-116.125	0.0	0.0
-116.0	0.0	0.0
-115.875	0.0	0.0
-115.75	0.0	0.0
-115.625	0.0	0.0
-115.5	0.0	0.0
-115.375	0.0	0.0
-115.25	0.0	0.0
-115.125	0.0	0.0
-115.0	0.0	0.0
-114.875	0.0	0.0
-114.75	0.0	0.0
-114.625	0.0	0.0
-114.5	0.0	0.0
-114.375	0.0	0.0
-114.25	0.0	0.0
-114.125	0.0	0.0
-114.0	0.0	0.0
-113.875	0.0	0.0
-113.75	0.0	0.0
-113.625	0.0	0.0
-113.5	0.0	0.0
-113.375	0.0	0.0
-113.25	0.0	0.0
-113.125	0.0	0.0
-113.0	0.0	0.0
-112.875	0.0	0.0
-112.75	0.0	0.0
-112.625	0.0	0.0
-112.5	0.0	0.0
-112.375	0.0	0.0
-112.25	0.0	0.0
-112.125	0.0	0.0
-112.0	0.0	0.0
-111.875	0.0	0.0
-111.75	0.0	0.0
-111.625	0.0	0.0
-111.5	0.0	0.0
-111.375	0.0	0.0
-111.25	0.0	0.0
-111.125	0.0	0.0
-111.0	0.0	0.0
-110.875	0.0	0.0
-110.75	0.0	0.0
-110.625	0.0	0.0
-110.5	0.0	0.0
-110.375	0.0	0.0
-110.25	0.0	0.0
-110.125	0.0	0.0
-110.0	0.0	0.0
-109.875	0.0	0.0
-109.75	0.0	0.0
-109.625	0.0	0.0
-109.5	0.0	0.0
-109.375	0.0	0.0
-109.25	0.0	0.0
-109.125	0.0	0.0
-109.0	0.0	0.0
-108.875	0.0	0.0
-108.75	0.0	0.0
-108.625	0.0	0.0
-108.5	0.0	0.0
-108.375	0.0	0.0
-108.25	0.0	0.0
-108.125	0.0	0.0
-108.0	0.0	0.0
-107.875	0.0	0.0
-107.75	0.0	0.0
-107.625	0.0	0.0
-107.5	0.0	0.0
-107.375	0.0	0.0
-107.25	0.0	0.0
-107.125	0.0	0.0
-107.0	0.0	0.0
-106.875	0.0	0.0
-106.75	0.0	0.0
-106.625	0.0	0.0
-106.5	0.0	0.0
-106.375	0.0	0.0
-106.25	0.0	0.0
-106.125	0.0	0.0
-106.0	0.0	0.0
-105.875	0.0	0.0
-105.75	0.0	0.0
-105.625	0.0	0.0
-105.5	0.0	0.0
-105.375	0.0	0.0
-105.25	0.0	0.0
-105.125	0.0	0.0
-105.0	0.0	0.0
-104.875	0.0	0.0
-104.75	0.0	0.0
-104.625	0.0	0.0
-104.5	0.0	0.0
-104.375	0.0	0.0
-104.25	0.0	0.0
-104.125	0.0	0.0
-104.0	0.0	0.0
-103.875	0.0	0.0
-103.75	0.0	0.0
-103.625	0.0	0.0
-103.5	0.0	0.0
-103.375	0.0	0.0
-103.25	0.0	0.0
-103.125	0.0	0.0
-103.0	0.0	0.0
-102.875	0.0	0.0
-102.75	0.0	0.0
-102.625	0.0	0.0
-102.5	0.0	0.0
-102.375	0.0	0.0
-102.25	0.0	0.0
-102.125	0.0	0.0
-102.0	0.0	0.0
-101.875	0.0	0.0
-101.75	0.0	0.0
-101.625	0.0	0.0
-101.5	0.0	0.0
-101.375	0.0	0.0
-101.25	0.0	0.0
-101.125	0.0	0.0
-101.0	0.0	0.0
-100.875	0.0	0.0
-100.75	0.0	0.0
-100.625	0.0	0.0
-100.5	0.0	0.0
-100.375	0.0	0.0
-100.25	0.0	0.0
-100.125	0.0	0.0
-100.0	0.0	0.0
-99.875	0.0	0.0
-99.75	0.0	0.0
-99.625	0.0	0.0
-99.5	0.0	0.0
-99.375	0.0	0.0
-99.25	0.0	0.0
-99.125	0.0	0.0
-99.0	0.0	0.0
-98.875	0.0	0.0
-98.75	0.0	0.0
-98.625	0.0	0.0
-98.5	0.0	0.0
-98.375	0.0	0.0
-98.25	0.0	0.0
-98.125	0.0	0.0
-98.0	0.0	0.0
-97.875	0.0	0.0
-97.75	0.0	0.0
-97.625	0.0	0.0
-97.5	0.0	0.0
-97.375	0.0	0.0
-97.25	0.0	0.0
-97.125	0.0	0.0
-97.0	0.0	0.0
-96.875	0.0	0.0
-96.75	0.0	0.0
-96.625	0.0	0.0
-96.5	0.0	0.0
-96.375	0.0	0.0
-96.25	0.0	0.0
-96.125	0.0	0.0
-96.0	0.0	0.0
-95.875	0.0	0.0
-95.75	0.0	0.0
-95.625	0.0	0.0
-95.5	0.0	0.0
-95.375	0.0	0.0
-95.25	0.0	0.0
-95.125	0.0	0.0
-95.0	0.0	0.0
-94.875	0.0	0.0
-94.75	0.0	0.0
-94.625	0.0	0.0
-94.5	0.0	0.0
-94.375	0.0	0.0
-94.25	0.0	0.0
-94.125	0.0	0.0
-94.0	0.0	0.0
-93.875	0.0	0.0
-93.75	0.0	0.0
-93.625	0.0	0.0
-93.5	0.0	0.0
-93.375	0.0	0.0
-93.25	0.0	0.0
-93.125	0.0	0.0
-93.0	0.0	0.0
-92.875	0.0	0.0
-92.75	0.0	0.0
-92.625	0.0	0.0
-92.5	0.0	0.0
-92.375	0.0	0.0
-92.25	0.0	0.0
-92.125	0.0	0.0
-92.0	0.0	0.0
-91.875	0.0	0.0
-91.75	0.0	0.0
-91.625	0.0	0.0
-91.5	0.0	0.0
-91.375	0.0	0.0
-91.25	0.0	0.0
-91.125	0.0	0.0
-91.0	0.0	0.0
-90.875	0.0	0.0
-90.75	0.0	0.0
-90.625	0.0	0.0
-90.5	0.0	0.0
-90.375	0.0	0.0
-90.25	0.0	0.0
-90.125	0.0	0.0
-90.0	0.0	0.0
-89.875	0.0	0.0
-89.75	0.0	0.0
-89.625	0.0	0.0
-89.5	0.0	0.0
-89.375	0.0	0.0
-89.25	0.0	0.0
-89.125	0.0	0.0
-89.0	0.0	0.0
-88.875	0.0	0.0
-88.75	0.0	0.0
-88.625	0.0	0.0
-88.5	0.0	0.0
-88.375	0.0	0.0
-88.25	0.0	0.0
-88.125	0.0	0.0
-88.0	0.0	0.0
-87.875	0.0	0.0
-87.75	0.0	0.0
-87.625	0.0	0.0
-87.5	0.0	0.0
-87.375	0.0	0.0
-87.25	0.0	0.0
-87.125	0.0	0.0
-87.0	0.0	0.0
-86.875	0.0	0.0
-86.75	0.0	0.0
-86.625	0.0	0.0
-86.5	0.0	0.0
-86.375	0.0	0.0
-86.25	0.0	0.0
-86.125	0.0	0.0
-86.0	0.0	0.0
-85.875	0.0	0.0
-85.75	0.0	0.0
-85.625	0.0	0.0
-85.5	0.0	0.0
-85.375	0.0	0.0
-85.25	0.0	0.0
-85.125	0.0	0.0
-85.0	0.0	0.0
-84.875	0.0	0.0
-84.75	0.0	0.0
-84.625	0.0	0.0
-84.5	0.0	0.0
-84.375	0.0	0.0
-84.25	0.0	0.0
-84.125	0.0	0.0
-84.0	0.0	0.0
-83.875	0.0	0.0
-83.75	0.0	0.0
-83.625	0.0	0.0
-83.5	0.0	0.0
-83.375	0.0	0.0
-83.25	0.0	0.0
-83.125	0.0	0.0
-83.0	0.0	0.0
-82.875	0.0	0.0
-82.75	0.0	0.0
-82.625	0.0	0.0
-82.5	0.0	0.0
-82.375	0.0	0.0
-82.25	0.0	0.0
-82.125	0.0	0.0
-82.0	0.0	0.0
-81.875	0.0	0.0
-81.75	0.0	0.0
-81.625	0.0	0.0
-81.5	0.0	0.0
-81.375	0.0	0.0
-81.25	0.0	0.0
-81.125	0.0	0.0
-81.0	0.0	0.0
-80.875	0.0	0.0
-80.75	0.0	0.0
-80.625	0.0	0.0
-80.5	0.0	0.0
-80.375	0.0	0.0
-80.25	0.0	0.0
-80.125	0.0	0.0
-80.0	0.0	0.0
-79.875	0.0	0.0
-79.75	0.0	0.0
-79.625	0.0	0.0
-79.5	0.0	0.0
-79.375	0.0	0.0
-79.25	0.0	0.0
-79.125	0.0	0.0
-79.0	0.0	0.0
-78.875	0.0	0.0
-78.75	0.0	0.0
-78.625	0.0	0.0
-78.5	0.0	0.0
-78.375	0.0	0.0
-78.25	0.0	0.0
-78.125	0.0	0.0
-78.0	0.0	0.0
-77.875	0.0	0.0
-77.75	0.0	0.0
-77.625	0.0	0.0
-77.5	0.0	0.0
-77.375	0.0	0.0
-77.25	0.0	0.0
-77.125	0.0	0.0
-77.0	0.0	0.0
-76.875	0.0	0.0
-76.75	0.0	0.0
-76.625	0.0	0.0
-76.5	0.0	0.0
-76.375	0.0	0.0
-76.25	0.0	0.0
-76.125	0.0	0.0
-76.0	0.0	0.0
-75.875	0.0	0.0
-75.75	0.0	0.0
-75.625	0.0	0.0
-75.5	0.0	0.0
-75.375	0.0	0.0
-75.25	0.0	0.0
-75.125	0.0	0.0
-75.0	0.0	0.0
-74.875	0.0	0.0
-74.75	0.0	0.0
-74.625	0.0	0.0
-74.5	0.0	0.0
-74.375	0.0	0.0
-74.25	0.0	0.0
-74.125	0.0	0.0
-74.0	0.0	0.0
-73.875	0.0	0.0
-73.75	0.0	0.0
-73.625	0.0	0.0
-73.5	0.0	0.0
-73.375	0.0	0.0
-73.25	0.0	0.0
-73.125	0.0	0.0
-73.0	0.0	0.0
-72.875	0.0	0.0
-72.75	0.0	0.0
-72.625	0.0	0.0
-72.5	0.0	0.0
-72.375	0.0	0.0
-72.25	0.0	0.0
-72.125	0.0	0.0
-72.0	0.0	0.0
-71.875	0.0	0.0
-71.75	0.0	0.0
-71.625	0.0	0.0
-71.5	0.0	0.0
-71.375	0.0	0.0
-71.25	0.0	0.0
-71.125	0.0	0.0
-71.0	0.0	0.0
-70.875	0.0	0.0
-70.75	0.0	0.0
-70.625	0.0	0.0
-70.5	0.0	0.0
-70.375	0.0	0.0
-70.25	0.0	0.0
-70.125	0.0	0.0
-70.0	0.0	0.0
-69.875	0.0	0.0
-69.75	0.0	0.0
-69.625	0.0	0.0
-69.5	0.0	0.0
-69.375	0.0	0.0
-69.25	0.0	0.0
-69.125	0.0	0.0
-69.0	0.0	0.0
-68.875	0.0	0.0
-68.75	0.0	0.0
-68.625	0.0	0.0
-68.5	0.0	0.0
-68.375	0.0	0.0
-68.25	0.0	0.0
-68.125	0.0	0.0
-68.0	0.0	0.0
-67.875	0.0	0.0
-67.75	0.0	0.0
-67.625	0.0	0.0
-67.5	0.0	0.0
-67.375	0.0	0.0
-67.25	0.0	0.0
-67.125	0.0	0.0
-67.0	0.0	0.0
-66.875	0.0	0.0
-66.75	0.0	0.0
-66.625	0.0	0.0
-66.5	0.0	0.0
-66.375	0.0	0.0
-66.25	0.0	0.0
-66.125	0.0	0.0
-66.0	0.0	0.0
-65.875	0.0	0.0
-65.75	0.0	0.0
-65.625	0.0	0.0
-65.5	0.0	0.0
-65.375	0.0	0.0
-65.25	0.0	0.0
-65.125	0.0	0.0
-65.0	0.0	0.0
-64.875	0.0	0.0
-64.75	0.0	0.0
-64.625	0.0	0.0
-64.5	0.0	0.0
-64.375	0.0	0.0
-64.25	0.0	0.0
-64.125	0.0	0.0
-64.0	0.0	0.0
-63.875	0.0	0.0
-63.75	0.0	0.0
-63.625	0.0	0.0
-63.5	0.0	0.0
-63.375	0.0	0.0
-63.25	0.0	0.0
-63.125	0.0	0.0
-63.0	0.0	0.0
-62.875	0.0	0.0
-62.75	0.0	0.0
-62.625	0.0	0.0
-62.5	0.0	0.0
-62.375	0.0	0.0
-62.25	0.0	0.0
-62.125	0.0	0.0
-62.0	0.0	0.0
-61.875	0.0	0.0
-61.75	0.0	0.0
-61.625	0.0	0.0
-61.5	0.0	0.0
-61.375	0.0	0.0
-61.25	0.0	0.0
-61.125	0.0	0.0
-61.0	0.0	0.0
-60.875	0.0	0.0
-60.75	0.0	0.0
-60.625	0.0	0.0
-60.5	0.0	0.0
-60.375	0.0	0.0
-60.25	0.0	0.0
-60.125	0.0	0.0
-60.0	0.0	0.0
-59.875	0.0	0.0
-59.75	0.0	0.0
-59.625	0.0	0.0
-59.5	0.0	0.0
-59.375	0.0	0.0
-59.25	0.0	0.0
-59.125	0.0	0.0
-59.0	0.0	0.0
-58.875	0.0	0.0
-58.75	0.0	0.0
-58.625	0.0	0.0
-58.5	0.0	0.0
-58.375	0.0	0.0
-58.25	0.0	0.0
-58.125	0.0	0.0
-58.0	0.0	0.0
-57.875	0.0	0.0
-57.75	0.0	0.0
-57.625	0.0	0.0
-57.5	0.0	0.0
-57.375	0.0	0.0
-57.25	0.0	0.0
-57.125	0.0	0.0
-57.0	0.0	0.0
-56.875	0.0	0.0
-56.75	0.0	0.0
-56.625	0.0	0.0
-56.5	0.0	0.0
-56.375	0.0	0.0
-56.25	0.0	0.0
-56.125	0.0	0.0
-56.0	0.0	0.0
-55.875	0.0	0.0
-55.75	0.0	0.0
-55.625	0.0	0.0
-55.5	0.0	0.0
-55.375	0.0	0.0
-55.25	0.0	0.0
-55.125	0.0	0.0
-55.0	0.0	0.0
-54.875	0.0	0.0
-54.75	0.0	0.0
-54.625	0.0	0.0
-54.5	0.0	0.0
-54.375	0.0	0.0
-54.25	0.0	0.0
-54.125	0.0	0.0
-54.0	0.0	0.0
-53.875	0.0	0.0
-53.75	0.0	0.0
-53.625	0.0	0.0
-53.5	0.0	0.0
-53.375	0.0	0.0
-53.25	0.0	0.0
-53.125	0.0	0.0
-53.0	0.0	0.0
-52.875	0.0	0.0
-52.75	0.0	0.0
-52.625	0.0	0.0
-52.5	0.0	0.0
-52.375	0.0	0.0
-52.25	0.0	0.0
-52.125	0.0	0.0
-52.0	0.0	0.0
-51.875	0.0	0.0
-51.75	0.0	0.0
-51.625	0.0	0.0
-51.5	0.0	0.0
-51.375	0.0	0.0
-51.25	0.0	0.0
-51.125	0.0	0.0
-51.0	0.0	0.0
-50.875	0.0	0.0
-50.75	0.0	0.0
-50.625	0.0	0.0
-50.5	0.0	0.0
-50.375	0.0	0.0
-50.25	0.0	0.0
-50.125	0.0	0.0
-50.0	0.0	0.0
-49.875	0.0	0.0
-49.75	0.0	0.0
-49.625	0.0	0.0
-49.5	0.0	0.0
-49.375	0.0	0.0
-49.25	0.0	0.0
-49.125	0.0	0.0
-49.0	0.0	0.0
-48.875	0.0	0.0
-48.75	0.0	0.0
-48.625	0.0	0.0
-48.5	0.0	0.0
-48.375	0.0	0.0
-48.25	0.0	0.0
-48.125	0.0	0.0
-48.0	0.0	0.0
-47.875	0.0	0.0
-47.75	0.0	0.0
-47.625	0.0	0.0
-47.5	0.0	0.0
-47.375	0.0	0.0
-47.25	0.0	0.0
-47.125	0.0	0.0
-47.0	0.0	0.0
-46.875	0.0	0.0
-46.75	0.0	0.0
-46.625	0.0	0.0
-46.5	0.0	0.0
-46.375	0.0	0.0
-46.25	0.0	0.0
-46.125	0.0	0.0
-46.0	0.0	0.0
-45.875	0.0	0.0
-45.75	0.0	0.0
-45.625	0.0	0.0
-45.5	0.0	0.0
-45.375	0.0	0.0
-45.25	0.0	0.0
-45.125	0.0	0.0
-45.0	0.0	0.0
-44.875	0.0	0.0
-44.75	0.0	0.0
-44.625	0.0	0.0
-44.5	0.0	0.0
-44.375	0.0	0.0
-44.25	0.0	0.0
-44.125	0.0	0.0
-44.0	0.0	0.0
-43.875	0.0	0.0
-43.75	0.0	0.0
-43.625	0.0	0.0
-43.5	0.0	0.0
-43.375	0.0	0.0
-43.25	0.0	0.0
-43.125	0.0	0.0
-43.0	0.0	0.0
-42.875	0.0	0.0
-42.75	0.0	0.0
-42.625	0.0	0.0
-42.5	0.0	0.0
-42.375	0.0	0.0
-42.25	0.0	0.0
-42.125	0.0	0.0
-42.0	0.0	0.0
-41.875	0.0	0.0
-41.75	0.0	0.0
-41.625	0.0	0.0
-41.5	0.0	0.0
-41.375	0.0	0.0
-41.25	0.0	0.0
-41.125	0.0	0.0
-41.0	0.0	0.0
-40.875	0.0	0.0
-40.75	0.0	0.0
-40.625	0.0	0.0
-40.5	0.0	0.0
-40.375	0.0	0.0
-40.25	0.0	0.0
-40.125	0.0	0.0
-40.0	0.0	0.0
-39.875	0.0	0.0
-39.75	0.0	0.0
-39.625	0.0	0.0
-39.5	0.0	0.0
-39.375	0.0	0.0
-39.25	0.0	0.0
-39.125	0.0	0.0
-39.0	0.0	0.0
-38.875	0.0	0.0
-38.75	0.0	0.0
-38.625	0.0	0.0
-38.5	0.0	0.0
-38.375	0.0	0.0
-38.25	0.0	0.0
-38.125	0.0	0.0
-38.0	0.0	0.0
-37.875	0.0	0.0
-37.75	0.0	0.0
-37.625	0.0	0.0
-37.5	0.0	0.0
-37.375	0.0	0.0
-37.25	0.0	0.0
-37.125	0.0	0.0
-37.0	0.0	0.0
-36.875	0.0	0.0
-36.75	0.0	0.0
-36.625	0.0	0.0
-36.5	0.0	0.0
-36.375	0.0	0.0
-36.25	0.0	0.0
-36.125	0.0	0.0
-36.0	0.0	0.0
-35.875	0.0	0.0
-35.75	0.0	0.0
-35.625	0.0	0.0
-35.5	0.0	0.0
-35.375	0.0	0.0
-35.25	0.0	0.0
-35.125	0.0	0.0
-35.0	0.0	0.0
-34.875	0.0	0.0
-34.75	0.0	0.0
-34.625	0.0	0.0
-34.5	0.0	0.0
-34.375	0.0	0.0
-34.25	0.0	0.0
-34.125	0.0	0.0
-34.0	0.0	0.0
-33.875	0.0	0.0
-33.75	0.0	0.0
-33.625	0.0	0.0
-33.5	0.0	0.0
-33.375	0.0	0.0
-33.25	0.0	0.0
-33.125	0.0	0.0
-33.0	0.0	0.0
-32.875	0.0	0.0
-32.75	0.0	0.0
-32.625	0.0	0.0
-32.5	0.0	0.0
-32.375	0.0	0.0
-32.25	0.0	0.0
-32.125	0.0	0.0
-32.0	0.0	0.0
-31.875	0.0	0.0
-31.75	0.0	0.0
-31.625	0.0	0.0
-31.5	0.0	0.0
-31.375	0.0	0.0
-31.25	0.0	0.0
-31.125	0.0	0.0
-31.0	0.0	0.0
-30.875	0.0	0.0
-30.75	0.0	0.0
-30.625	0.0	0.0
-30.5	0.0	0.0
-30.375	0.0	0.0
-30.25	0.0	0.0
-30.125	0.0	0.0
-30.0	0.0	0.0
-29.875	0.0	0.0
-29.75	0.0	0.0
-29.625	0.0	0.0
-29.5	0.0	0.0
-29.375	0.0	0.0
-29.25	0.0	0.0
-29.125	0.0	0.0
-29.0	0.0	0.0
-28.875	0.0	0.0
-28.75	0.0	0.0
-28.625	0.0	0.0
-28.5	0.0	0.0
-28.375	0.0	0.0
-28.25	0.0	0.0
-28.125	0.0	0.0
-28.0	0.0	0.0
-27.875	0.0	0.0
-27.75	0.0	0.0
-27.625	0.0	0.0
-27.5	0.0	0.0
-27.375	0.0	0.0
-27.25	0.0	0.0
-27.125	0.0	0.0
-27.0	0.0	0.0
-26.875	0.0	0.0
-26.75	0.0	0.0
-26.625	0.0	0.0
-26.5	0.0	0.0
-26.375	0.0	0.0
-26.25	0.0	0.0
-26.125	0.0	0.0
-26.0	0.0	0.0
-25.875	0.0	0.0
-25.75	0.0	0.0
-25.625	0.0	0.0
-25.5	0.0	0.0
-25.375	0.0	0.0
-25.25	0.0	0.0
-25.125	0.0	0.0
-25.0	0.0	0.0
-24.875	0.0	0.0
-24.75	0.0	0.0
-24.625	0.0	0.0
-24.5	0.0	0.0
-24.375	0.0	0.0
-24.25	0.0	0.0
-24.125	0.0	0.0
-24.0	0.0	0.0
-23.875	0.0	0.0
-23.75	0.0	0.0
-23.625	0.0	0.0
-23.5	0.0	0.0
-23.375	0.0	0.0
-23.25	0.0	0.0
-23.125	0.0	0.0
-23.0	0.0	0.0
-22.875	0.0	0.0
-22.75	0.0	0.0
-22.625	0.0	0.0
-22.5	0.0	0.0
-22.375	0.0	0.0
-22.25	0.0	0.0
-22.125	0.0	0.0
-22.0	0.0	0.0
-21.875	0.0	0.0
-21.75	0.0	0.0
-21.625	0.0	0.0
-21.5	0.0	0.0
-21.375	0.0	0.0
-21.25	0.0	0.0
-21.125	0.0	0.0
-21.0	0.0	0.0
-20.875	0.0	0.0
-20.75	0.0	0.0
-20.625	0.0	0.0
-20.5	0.0	0.0
-20.375	0.0	0.0
-20.25	0.0	0.0
-20.125	0.0	0.0
-20.0	0.0	0.0
-19.875	0.0	0.0
-19.75	0.0	0.0
-19.625	0.0	0.0
-19.5	0.0	0.0
-19.375	0.0	0.0
-19.25	0.0	0.0
-19.125	0.0	0.0
-19.0	0.0	0.0
-18.875	0.0	0.0
-18.75	0.0	0.0
-18.625	0.0	0.0
-18.5	0.0	0.0
-18.375	0.0	0.0
-18.25	0.0	0.0
-18.125	0.0	0.0
-18.0	0.0	0.0
-17.875	0.0	0.0
-17.75	0.0	0.0
-17.625	0.0	0.0
-17.5	0.0	0.0
-17.375	0.0	0.0
-17.25	0.0	0.0
-17.125	0.0	0.0
-17.0	0.0	0.0
-16.875	0.0	0.0
-16.75	0.0	0.0
-16.625	0.0	0.0
-16.5	0.0	0.0
-16.375	0.0	0.0
-16.25	0.0	0.0
-16.125	0.0	0.0
-16.0	0.0	0.0
-15.875	0.0	0.0
-15.75	0.0	0.0
-15.625	0.0	0.0
-15.5	0.0	0.0
-15.375	0.0	0.0
-15.25	0.0	0.0
-15.125	0.0	0.0
-15.0	0.0	0.0
-14.875	0.0	0.0
-14.75	0.0	0.0
-14.625	0.0	0.0
-14.5	0.0	0.0
-14.375	0.0	0.0
-14.25	0.0	0.0
-14.125	0.0	0.0
-14.0	0.0	0.0
-13.875	0.0	0.0
-13.75	0.0	0.0
-13.625	0.0	0.0
-13.5	0.0	0.0
-13.375	0.0	0.0
-13.25	0.0	0.0
-13.125	0.0	0.0
-13.0	0.0	0.0
-12.875	0.0	0.0
-12.75	0.0	0.0
-12.625	0.0	0.0
-12.5	0.0	0.0
-12.375	0.0	0.0
-12.25	0.0	0.0
-12.125	0.0	0.0
-12.0	0.0	0.0
-11.875	0.0	0.0
-11.75	0.0	0.0
-11.625	0.0	0.0
-11.5	0.0	0.0
-11.375	0.0	0.0
-11.25	0.0	0.0
-11.125	0.0	0.0
-11.0	0.0	0.0
-10.875	0.0	0.0
-10.75	0.0	0.0
-10.625	0.0	0.0
-10.5	0.0	0.0
-10.375	0.0	0.0
-10.25	0.0	0.0
-10.125	0.0	0.0
-10.0	0.0	0.0
-9.875	0.0	0.0
-9.75	0.0	0.0
-9.625	0.0	0.0
-9.5	0.0	0.0
-9.375	0.0	0.0
-9.25	0.0	0.0
-9.125	0.0	0.0
-9.0	0.0	0.0
-8.875	0.0	0.0
-8.75	0.0	0.0
-8.625	0.0	0.0
-8.5	0.0	0.0
-8.375	0.0	0.0
-8.25	0.0	0.0
-8.125	0.0	0.0
-8.0	0.0	0.0
-7.875	0.0	0.0
-7.75	0.0	0.0
-7.625	0.0	0.0
-7.5	0.0	0.0
-7.375	0.0	0.0
-7.25	0.0	0.0
-7.125	0.0	0.0
-7.0	0.0	0.0
-6.875	0.0	0.0
-6.75	0.0	0.0
-6.625	0.0	0.0
-6.5	0.0	0.0
-6.375	0.0	0.0
-6.25	0.0	0.0
-6.125	0.0	0.0
-6.0	0.0	0.0
-5.875	0.0	0.0
-5.75	0.0	0.0
-5.625	0.0	0.0
-5.5	0.0	0.0
-5.375	0.0	0.0
-5.25	0.0	0.0
-5.125	0.0	0.0
-5.0	0.0	0.0
-4.875	0.0	0.0
-4.75	0.0	0.0
-4.625	0.0	0.0
-4.5	0.0	0.0
-4.375	0.0	0.0
-4.25	0.0	0.0
-4.125	0.0	0.0
-4.0	0.0	0.0
-3.875	0.0	0.0
-3.75	0.0	0.0
-3.625	0.0	0.0
-3.5	0.0	0.0
-3.375	0.0	0.0
-3.25	0.0	0.0
-3.125	0.0	0.0
-3.0	0.0	0.0
-2.875	0.0	0.0
-2.75	0.0	0.0
-2.625	0.0	0.0
-2.5	0.0	0.0
-2.375	0.0	0.0
-2.25	0.0	0.0
-2.125	0.0	0.0
-2.0	0.0	0.0
-1.875	0.0	0.0
-1.75	0.0	0.0
-1.625	0.0	0.0
-1.5	0.0	0.0
-1.375	0.0	0.0
-1.25	0.0	0.0
-1.125	0.0	0.0
-1.0	0.0	0.0
-0.875	0.0	0.0
-0.75	0.0	0.0
-0.625	0.0	0.0
-0.5	0.0	0.0
-0.375	0.0	0.0
-0.25	0.0	0.0
-0.125	0.0	0.0
0.0	0.0	0.0
0.125	0.0	0.0
0.25	0.0	0.0
0.375	0.0	0.0
0.5	0.0	0.0
0.625	0.0	0.0
0.75	0.0	0.0
0.875	0.0	0.0
1.0	0.0	0.0
1.125	0.0	0.0
1.25	0.0	0.0
1.375	0.0	0.0
1.5	0.0	0.0
1.625	0.0	0.0
1.75	0.0	0.0
1.875	0.0	0.0
2.0	0.0	0.0
2.125	0.0	0.0
2.25	0.0	0.0
2.375	0.0	0.0
2.5	0.0	0.0
2.625	0.0	0.0
2.75	0.0	0.0
2.875	0.0	0.0
3.0	0.0	0.0
3.125	0.0	0.0
3.25	0.0	0.0
3.375	0.0	0.0
3.5	0.0	0.0
3.625	0.0	0.0
3.75	0.0	0.0
3.875	0.0	0.0
4.0	0.0	0.0
4.125	0.0	0.0
4.25	0.0	0.0
4.375	0.0	0.0
4.5	0.0	0.0
4.625	0.0	0.0
4.75	0.0	0.0
4.875	0.0	0.0
5.0	0.0	0.0
5.125	0.0	0.0
5.25	0.0	0.0
5.375	0.0	0.0
5.5	0.0	0.0
5.625	0.0	0.0
5.75	0.0	0.0
5.875	0.0	0.0
6.0	0.0	0.0
6.125	0.0	0.0
6.25	0.0	0.0
6.375	0.0	0.0
6.5	0.0	0.0
6.625	0.0	0.0
6.75	0.0	0.0
6.875	0.0	0.0
7.0	0.0	0.0
7.125	0.0	0.0
7.25	0.0	0.0
7.375	0.0	0.0
7.5	0.0	0.0
7.625	0.0	0.0
7.75	0.0	0.0
7.875	0.0	0.0
8.0	0.0	0.0
8.125	0.0	0.0
8.25	0.0	0.0
8.375	0.0	0.0
8.5	0.0	0.0
8.625	0.0	0.0
8.75	0.0	0.0
8.875	0.0	0.0
9.0	0.0	0.0
9.125	0.0	0.0
9.25	0.0	0.0
9.375	0.0	0.0
9.5	0.0	0.0
9.625	0.0	0.0
9.75	0.0	0.0
9.875	0.0	0.0
10.0	0.0	0.0
10.125	0.0	0.0
10.25	0.0	0.0
10.375	0.0	0.0
10.5	0.0	0.0
10.625	0.0	0.0
10.75	0.0	0.0
10.875	0.0	0.0
11.0	0.0	0.0
11.125	0.0	0.0
11.25	0.0	0.0
11.375	0.0	0.0
11.5	0.0	0.0
11.625	0.0	0.0
11.75	0.0	0.0
11.875	0.0	0.0
12.0	0.0	0.0
12.125	0.0	0.0
12.25	0.0	0.0
12.375	0.0	0.0
12.5	0.0	0.0
12.625	0.0	0.0
12.75	0.0	0.0
12.875	0.0	0.0
13.0	0.0	0.0
13.125	0.0	0.0
13.25	0.0	0.0
13.375	0.0	0.0
13.5	0.0	0.0
13.625	0.0	0.0
13.75	0.0	0.0
13.875	0.0	0.0
14.0	0.0	0.0
14.125	0.0	0.0
14.25	0.0	0.0
14.375	0.0	0.0
14.5	0.0	0.0
14.625	0.0	0.0
14.75	0.0	0.0
14.875	0.0	0.0
15.0	0.0	0.0
15.125	0.0	0.0
15.25	0.0	0.0
15.375	0.0	0.0
15.5	0.0	0.0
15.625	0.0	0.0
15.75	0.0	0.0
15.875	0.0	0.0
16.0	0.0	0.0
16.125	0.0	0.0
16.25	0.0	0.0
16.375	0.0	0.0
16.5	0.0	0.0
16.625	0.0	0.0
16.75	0.0	0.0
16.875	0.0	0.0
17.0	0.0	0.0
17.125	0.0	0.0
17.25	0.0	0.0
17.375	0.0	0.0
17.5	0.0	0.0
17.625	0.0	0.0
17.75	0.0	0.0
17.875	0.0	0.0
18.0	0.0	0.0
18.125	0.0	0.0
18.25	0.0	0.0
18.375	0.0	0.0
18.5	0.0	0.0
18.625	0.0	0.0
18.75	0.0	0.0
18.875	0.0	0.0
19.0	0.0	0.0
19.125	0.0	0.0
19.25	0.0	0.0
19.375	0.0	0.0
19.5	0.0	0.0
19.625	0.0	0.0
19.75	0.0	0.0
19.875	0.0	0.0
20.0	0.0	0.0
20.125	0.0	0.0
20.25	0.0	0.0
20.375	0.0	0.0
20.5	0.0	0.0
20.625	0.0	0.0
20.75	0.0	0.0
20.875	0.0	0.0
21.0	0.0	0.0
21.125	0.0	0.0
21.25	0.0	0.0
21.375	0.0	0.0
21.5	0.0	0.0
21.625	0.0	0.0
21.75	0.0	0.0
21.875	0.0	0.0
22.0	0.0	0.0
22.125	0.0	0.0
22.25	0.0	0.0
22.375	0.0	0.0
22.5	0.0	0.0
22.625	0.0	0.0
22.75	0.0	0.0
22.875	0.0	0.0
23.0	0.0	0.0
23.125	0.0	0.0
23.25	0.0	0.0
23.375	0.0	0.0
23.5	0.0	0.0
23.625	0.0	0.0
23.75	0.0	0.0
23.875	0.0	0.0
24.0	0.0	0.0
24.125	0.0	0.0
24.25	0.0	0.0
24.375	0.0	0.0
24.5	0.0	0.0
24.625	0.0	0.0
24.75	0.0	0.0
24.875	0.0	0.0
25.0	0.0	0.0
25.125	0.0	0.0
25.25	0.0	0.0
25.375	0.0	0.0
25.5	0.0	0.0
25.625	0.0	0.0
25.75	0.0	0.0
25.875	0.0	0.0
26.0	0.0	0.0
26.125	0.0	0.0
26.25	0.0	0.0
26.375	0.0	0.0
26.5	0.0	0.0
26.625	0.0	0.0
26.75	0.0	0.0
26.875	0.0	0.0
27.0	0.0	0.0
27.125	0.0	0.0
27.25	0.0	0.0
27.375	0.0	0.0
27.5	0.0	0.0
27.625	0.0	0.0
27.75	0.0	0.0
27.875	0.0	0.0
28.0	0.0	0.0
28.125	0.0	0.0
28.25	0.0	0.0
28.375	0.0	0.0
28.5	0.0	0.0
28.625	0.0	0.0
28.75	0.0	0.0
28.875	0.0	0.0
29.0	0.0	0.0
29.125	0.0	0.0
29.25	0.0	0.0
29.375	0.0	0.0
29.5	0.0	0.0
29.625	0.0	0.0
29.75	0.0	0.0
29.875	0.0	0.0
30.0	0.0	0.0
30.125	0.0	0.0
30.25	0.0	0.0
30.375	0.0	0.0
30.5	0.0	0.0
30.625	0.0	0.0
30.75	0.0	0.0
30.875	0.0	0.0
31.0	0.0	0.0
31.125	0.0	0.0
31.25	0.0	0.0
31.375	0.0	0.0
31.5	0.0	0.0
31.625	0.0	0.0
31.75	0.0	0.0
31.875	0.0	0.0
32.0	0.0	0.0
32.125	0.0	0.0
32.25	0.0	0.0
32.375	0.0	0.0
32.5	0.0	0.0
32.625	0.0	0.0
32.75	0.0	0.0
32.875	0.0	0.0
33.0	0.0	0.0
33.125	0.0	0.0
33.25	0.0	0.0
33.375	0.0	0.0
33.5	0.0	0.0
33.625	0.0	0.0
33.75	0.0	0.0
33.875	0.0	0.0
34.0	0.0	0.0
34.125	0.0	0.0
34.25	0.0	0.0
34.375	0.0	0.0
34.5	0.0	0.0
34.625	0.0	0.0
34.75	0.0	0.0
34.875	0.0	0.0
35.0	0.0	0.0
35.125	0.0	0.0
35.25	0.0	0.0
35.375	0.0	0.0
35.5	0.0	0.0
35.625	0.0	0.0
35.75	0.0	0.0
35.875	0.0	0.0
36.0	0.0	0.0
36.125	0.0	0.0
36.25	0.0	0.0
36.375	0.0	0.0
36.5	0.0	0.0
36.625	0.0	0.0
36.75	0.0	0.0
36.875	0.0	0.0
37.0	0.0	0.0
37.125	0.0	0.0
37.25	0.0	0.0
37.375	0.0	0.0
37.5	0.0	0.0
37.625	0.0	0.0
37.75	0.0	0.0
37.875	0.0	0.0
38.0	0.0	0.0
38.125	0.0	0.0
38.25	0.0	0.0
38.375	0.0	0.0
38.5	0.0	0.0
38.625	0.0	0.0
38.75	0.0	0.0
38.875	0.0	0.0
39.0	0.0	0.0
39.125	0.0	0.0
39.25	0.0	0.0
39.375	0.0	0.0
39.5	0.0	0.0
39.625	0.0	0.0
39.75	0.0	0.0
39.875	0.0	0.0
40.0	0.0	0.0
40.125	0.0	0.0
40.25	0.0	0.0
40.375	0.0	0.0
40.5	0.0	0.0
40.625	0.0	0.0
40.75	0.0	0.0
40.875	0.0	0.0
41.0	0.0	0.0
41.125	0.0	0.0
41.25	0.0	0.0
41.375	0.0	0.0
41.5	0.0	0.0
41.625	0.0	0.0
41.75	0.0	0.0
41.875	0.0	0.0
42.0	0.0	0.0
42.125	0.0	0.0
42.25	0.0	0.0
42.375	0.0	0.0
42.5	0.0	0.0
42.625	0.0	0.0
42.75	0.0	0.0
42.875	0.0	0.0
43.0	0.0	0.0
43.125	0.0	0.0
43.25	0.0	0.0
43.375	0.0	0.0
43.5	0.0	0.0
43.625	0.0	0.0
43.75	0.0	0.0
43.875	0.0	0.0
44.0	0.0	0.0
44.125	0.0	0.0
44.25	0.0	0.0
44.375	0.0	0.0
44.5	0.0	0.0
44.625	0.0	0.0
44.75	0.0	0.0
44.875	0.0	0.0
45.0	0.0	0.0
45.125	0.0	0.0
45.25	0.0	0.0
45.375	0.0	0.0
45.5	0.0	0.0
45.625	0.0	0.0
45.75	0.0	0.0
45.875	0.0	0.0
46.0	0.0	0.0
46.125	0.0	0.0
46.25	0.0	0.0
46.375	0.0	0.0
46.5	0.0	0.0
46.625	0.0	0.0
46.75	0.0	0.0
46.875	0.0	0.0
47.0	0.0	0.0
47.125	0.0	0.0
47.25	0.0	0.0
47.375	0.0	0.0
47.5	0.0	0.0
47.625	0.0	0.0
47.75	0.0	0.0
47.875	0.0	0.0
48.0	0.0	0.0
48.125	0.0	0.0
48.25	0.0	0.0
48.375	0.0	0.0
48.5	0.0	0.0
48.625	0.0	0.0
48.75	0.0	0.0
48.875	0.0	0.0
49.0	0.0	0.0
49.125	0.0	0.0
49.25	0.0	0.0
49.375	0.0	0.0
49.5	0.0	0.0
49.625	0.0	0.0
49.75	0.0	0.0
49.875	0.0	0.0
50.0	0.0	0.0
50.125	0.0	0.0
50.25	0.0	0.0
50.375	0.0	0.0
50.5	0.0	0.0
50.625	0.0	0.0
50.75	0.0	0.0
50.875	0.0	0.0
51.0	0.0	0.0
51.125	0.0	0.0
51.25	0.0	0.0
51.375	0.0	0.0
51.5	0.0	0.0
51.625	0.0	0.0
51.75	0.0	0.0
51.875	0.0	0.0
52.0	0.0	0.0
52.125	0.0	0.0
52.25	0.0	0.0
52.375	0.0	0.0
52.5	0.0	0.0
52.625	0.0	0.0
52.75	0.0	0.0
52.875	0.0	0.0
53.0	0.0	0.0
53.125	0.0	0.0
53.25	0.0	0.0
53.375	0.0	0.0
53.5	0.0	0.0
53.625	0.0	0.0
53.75	0.0	0.0
53.875	0.0	0.0
54.0	0.0	0.0
54.125	0.0	0.0
54.25	0.0	0.0
54.375	0.0	0.0
54.5	0.0	0.0
54.625	0.0	0.0
54.75	0.0	0.0
54.875	0.0	0.0
55.0	0.0	0.0
55.125	0.0	0.0
55.25	0.0	0.0
55.375	0.0	0.0
55.5	0.0	0.0
55.625	0.0	0.0
55.75	0.0	0.0
55.875	0.0	0.0
56.0	0.0	0.0
56.125	0.0	0.0
56.25	0.0	0.0
56.375	0.0	0.0
56.5	0.0	0.0
56.625	0.0	0.0
56.75	0.0	0.0
56.875	0.0	0.0
57.0	0.0	0.0
57.125	0.0	0.0
57.25	0.0	0.0
57.375	0.0	0.0
57.5	0.0	0.0
57.625	0.0	0.0
57.75	0.0	0.0
57.875	0.0	0.0
58.0	0.0	0.0
58.125	0.0	0.0
58.25	0.0	0.0
58.375	0.0	0.0
58.5	0.0	0.0
58.625	0.0	0.0
58.75	0.0	0.0
58.875	0.0	0.0
59.0	0.0	0.0
59.125	0.0	0.0
59.25	0.0	0.0
59.375	0.0	0.0
59.5	0.0	0.0
59.625	0.0	0.0
59.75	0.0	0.0
59.875	0.0	0.0
60.0	0.0	0.0
60.125	0.0	0.0
60.25	0.0	0.0
60.375	0.0	0.0
60.5	0.0	0.0
60.625	0.0	0.0
60.75	0.0	0.0
60.875	0.0	0.0
61.0	0.0	0.0
61.125	0.0	0.0
61.25	0.0	0.0
61.375	0.0	0.0
61.5	0.0	0.0
61.625	0.0	0.0
61.75	0.0	0.0
61.875	0.0	0.0
62.0	0.0	0.0
62.125	0.0	0.0
62.25	0.0	0.0
62.375	0.0	0.0
62.5	0.0	0.0
62.625	0.0	0.0
62.75	0.0	0.0
62.875	0.0	0.0
63.0	0.0	0.0
63.125	0.0	0.0
63.25	0.0	0.0
63.375	0.0	0.0
63.5	0.0	0.0
63.625	0.0	0.0
63.75	0.0	0.0
63.875	0.0	0.0
64.0	0.0	0.0
64.125	0.0	0.0
64.25	0.0	0.0
64.375	0.0	0.0
64.5	0.0	0.0
64.625	0.0	0.0
64.75	0.0	0.0
64.875	0.0	0.0
65.0	0.0	0.0
65.125	0.0	0.0
65.25	0.0	0.0
65.375	0.0	0.0
65.5	0.0	0.0
65.625	0.0	0.0
65.75	0.0	0.0
65.875	0.0	0.0
66.0	0.0	0.0
66.125	0.0	0.0
66.25	0.0	0.0
66.375	0.0	0.0
66.5	0.0	0.0
66.625	0.0	0.0
66.75	0.0	0.0
66.875	0.0	0.0
67.0	0.0	0.0
67.125	0.0	0.0
67.25	0.0	0.0
67.375	0.0	0.0
67.5	0.0	0.0
67.625	0.0	0.0
67.75	0.0	0.0
67.875	0.0	0.0
68.0	0.0	0.0
68.125	0.0	0.0
68.25	0.0	0.0
68.375	0.0	0.0
68.5	0.0	0.0
68.625	0.0	0.0
68.75	0.0	0.0
68.875	0.0	0.0
69.0	0.0	0.0
69.125	0.0	0.0
69.25	0.0	0.0
69.375	0.0	0.0
69.5	0.0	0.0
69.625	0.0	0.0
69.75	0.0	0.0
69.875	0.0	0.0
70.0	0.0	0.0
70.125	0.0	0.0
70.25	0.0	0.0
70.375	0.0	0.0
70.5	0.0	0.0
70.625	0.0	0.0
70.75	0.0	0.0
70.875	0.0	0.0
71.0	0.0	0.0
71.125	0.0	0.0
71.25	0.0	0.0
71.375	0.0	0.0
71.5	0.0	0.0
71.625	0.0	0.0
71.75	0.0	0.0
71.875	0.0	0.0
72.0	0.0	0.0
72.125	0.0	0.0
72.25	0.0	0.0
72.375	0.0	0.0
72.5	0.0	0.0
72.625	0.0	0.0
72.75	0.0	0.0
72.875	0.0	0.0
73.0	0.0	0.0
73.125	0.0	0.0
73.25	0.0	0.0
73.375	0.0	0.0
73.5	0.0	0.0
73.625	0.0	0.0
73.75	0.0	0.0
73.875	0.0	0.0
74.0	0.0	0.0
74.125	0.0	0.0
74.25	0.0	0.0
74.375	0.0	0.0
74.5	0.0	0.0
74.625	0.0	0.0
74.75	0.0	0.0
74.875	0.0	0.0
75.0	0.0	0.0
75.125	0.0	0.0
75.25	0.0	0.0
75.375	0.0	0.0
75.5	0.0	0.0
75.625	0.0	0.0
75.75	0.0	0.0
75.875	0.0	0.0
76.0	0.0	0.0
76.125	0.0	0.0
76.25	0.0	0.0
76.375	0.0	0.0
76.5	0.0	0.0
76.625	0.0	0.0
76.75	0.0	0.0
76.875	0.0	0.0
77.0	0.0	0.0
77.125	0.0	0.0
77.25	0.0	0.0
77.375	0.0	0.0
77.5	0.0	0.0
77.625	0.0	0.0
77.75	0.0	0.0
77.875	0.0	0.0
78.0	0.0	0.0
78.125	0.0	0.0
78.25	0.0	0.0
78.375	0.0	0.0
78.5	0.0	0.0
78.625	0.0	0.0
78.75	0.0	0.0
78.875	0.0	0.0
79.0	0.0	0.0
79.125	0.0	0.0
79.25	0.0	0.0
79.375	0.0	0.0
79.5	0.0	0.0
79.625	0.0	0.0
79.75	0.0	0.0
79.875	0.0	0.0
80.0	0.0	0.0
80.125	0.0	0.0
80.25	0.0	0.0
80.375	0.0	0.0
80.5	0.0	0.0
80.625	0.0	0.0
80.75	0.0	0.0
80.875	0.0	0.0
81.0	0.0	0.0
81.125	0.0	0.0
81.25	0.0	0.0
81.375	0.0	0.0
81.5	0.0	0.0
81.625	0.0	0.0
81.75	0.0	0.0
81.875	0.0	0.0
82.0	0.0	0.0
82.125	0.0	0.0
82.25	0.0	0.0
82.375	0.0	0.0
82.5	0.0	0.0
82.625	0.0	0.0
82.75	0.0	0.0
82.875	0.0	0.0
83.0	0.0	0.0
83.125	0.0	0.0
83.25	0.0	0.0
83.375	0.0	0.0
83.5	0.0	0.0
83.625	0.0	0.0
83.75	0.0	0.0
83.875	0.0	0.0
84.0	0.0	0.0
84.125	0.0	0.0
84.25	0.0	0.0
84.375	0.0	0.0
84.5	0.0	0.0
84.625	0.0	0.0
84.75	0.0	0.0
84.875	0.0	0.0
85.0	0.0	0.0
85.125	0.0	0.0
85.25	0.0	0.0
85.375	0.0	0.0
85.5	0.0	0.0
85.625	0.0	0.0
85.75	0.0	0.0
85.875	0.0	0.0
86.0	0.0	0.0
86.125	0.0	0.0
86.25	0.0	0.0
86.375	0.0	0.0
86.5	0.0	0.0
86.625	0.0	0.0
86.75	0.0	0.0
86.875	0.0	0.0
87.0	0.0	0.0
87.125	0.0	0.0
87.25	0.0	0.0
87.375	0.0	0.0
87.5	0.0	0.0
87.625	0.0	0.0
87.75	0.0	0.0
87.875	0.0	0.0
88.0	0.0	0.0
88.125	0.0	0.0
88.25	0.0	0.0
88.375	0.0	0.0
88.5	0.0	0.0
88.625	0.0	0.0
88.75	0.0	0.0
88.875	0.0	0.0
89.0	0.0	0.0
89.125	0.0	0.0
89.25	0.0	0.0
89.375	0.0	0.0
89.5	0.0	0.0
89.625	0.0	0.0
89.75	0.0	0.0
89.875	0.0	0.0
90.0	0.0	0.0
90.125	0.0	0.0
90.25	0.0	0.0
90.375	0.0	0.0
90.5	0.0	0.0
90.625	0.0	0.0
90.75	0.0	0.0
90.875	0.0	0.0
91.0	0.0	0.0
91.125	0.0	0.0
91.25	0.0	0.0
91.375	0.0	0.0
91.5	0.0	0.0
91.625	0.0	0.0
91.75	0.0	0.0
91.875	0.0	0.0
92.0	0.0	0.0
92.125	0.0	0.0
92.25	0.0	0.0
92.375	0.0	0.0
92.5	0.0	0.0
92.625	0.0	0.0
92.75	0.0	0.0
92.875	0.0	0.0
93.0	0.0	0.0
93.125	0.0	0.0
93.25	0.0	0.0
93.375	0.0	0.0
93.5	0.0	0.0
93.625	0.0	0.0
93.75	0.0	0.0
93.875	0.0	0.0
94.0	0.0	0.0
94.125	0.0	0.0
94.25	0.0	0.0
94.375	0.0	0.0
94.5	0.0	0.0
94.625	0.0	0.0
94.75	0.0	0.0
94.875	0.0	0.0
95.0	0.0	0.0
95.125	0.0	0.0
95.25	0.0	0.0
95.375	0.0	0.0
95.5	0.0	0.0
95.625	0.0	0.0
95.75	0.0	0.0
95.875	0.0	0.0
96.0	0.0	0.0
96.125	0.0	0.0
96.25	0.0	0.0
96.375	0.0	0.0
96.5	0.0	0.0
96.625	0.0	0.0
96.75	0.0	0.0
96.875	0.0	0.0
97.0	0.0	0.0
97.125	0.0	0.0
97.25	0.0	0.0
97.375	0.0	0.0
97.5	0.0	0.0
97.625	0.0	0.0
97.75	0.0	0.0
97.875	0.0	0.0
98.0	0.0	0.0
98.125	0.0	0.0
98.25	0.0	0.0
98.375	0.0	0.0
98.5	0.0	0.0
98.625	0.0	0.0
98.75	0.0	0.0
98.875	0.0	0.0
99.0	0.0	0.0
99.125	0.0	0.0
99.25	0.0	0.0
99.375	0.0	0.0
99.5	0.0	0.0
99.625	0.0	0.0
99.75	0.0	0.0
99.875	0.0	0.0
100.0	0.0	0.0
100.125	0.0	0.0
100.25	0.0	0.0
100.375	0.0	0.0
100.5	0.0	0.0
100.625	0.0	0.0
100.75	0.0	0.0
100.875	0.0	0.0
101.0	0.0	0.0
101.125	0.0	0.0
101.25	0.0	0.0
101.375	0.0	0.0
101.5	0.0	0.0
101.625	0.0	0.0
101.75	0.0	0.0
101.875	0.0	0.0
102.0	0.0	0.0
102.125	0.0	0.0
102.25	0.0	0.0
102.375	0.0	0.0
102.5	0.0	0.0
102.625	0.0	0.0
102.75	0.0	0.0
102.875	0.0	0.0
103.0	0.0	0.0
103.125	0.0	0.0
103.25	0.0	0.0
103.375	0.0	0.0
103.5	0.0	0.0
103.625	0.0	0.0
103.75	0.0	0.0
103.875	0.0	0.0
104.0	0.0	0.0
104.125	0.0	0.0
104.25	0.0	0.0
104.375	0.0	0.0
104.5	0.0	0.0
104.625	0.0	0.0
104.75	0.0	0.0
104.875	0.0	0.0
105.0	0.0	0.0
105.125	0.0	0.0
105.25	0.0	0.0
105.375	0.0	0.0
105.5	0.0	0.0
105.625	0.0	0.0
105.75	0.0	0.0
105.875	0.0	0.0
106.0	0.0	0.0
106.125	0.0	0.0
106.25	0.0	0.0
106.375	0.0	0.0
106.5	0.0	0.0
106.625	0.0	0.0
106.75	0.0	0.0
106.875	0.0	0.0
107.0	0.0	0.0
107.125	0.0	0.0
107.25	0.0	0.0
107.375	0.0	0.0
107.5	0.0	0.0
107.625	0.0	0.0
107.75	0.0	0.0
107.875	0.0	0.0
108.0	0.0	0.0
108.125	0.0	0.0
108.25	0.0	0.0
108.375	0.0	0.0
108.5	0.0	0.0
108.625	0.0	0.0
108.75	0.0	0.0
108.875	0.0	0.0
109.0	0.0	0.0
109.125	0.0	0.0
109.25	0.0	0.0
109.375	0.0	0.0
109.5	0.0	0.0
109.625	0.0	0.0
109.75	0.0	0.0
109.875	0.0	0.0
110.0	0.0	0.0
110.125	0.0	0.0
110.25	0.0	0.0
110.375	0.0	0.0
110.5	0.0	0.0
110.625	0.0	0.0
110.75	0.0	0.0
110.875	0.0	0.0
111.0	0.0	0.0
111.125	0.0	0.0
111.25	0.0	0.0
111.375	0.0	0.0
111.5	0.0	0.0
111.625	0.0	0.0
111.75	0.0	0.0
111.875	0.0	0.0
112.0	0.0	0.0
112.125	0.0	0.0
112.25	0.0	0.0
112.375	0.0	0.0
112.5	0.0	0.0
112.625	0.0	0.0
112.75	0.0	0.0
112.875	0.0	0.0
113.0	0.0	0.0
113.125	0.0	0.0
113.25	0.0	0.0
113.375	0.0	0.0
113.5	0.0	0.0
113.625	0.0	0.0
113.75	0.0	0.0
113.875	0.0	0.0
114.0	0.0	0.0
114.125	0.0	0.0
114.25	0.0	0.0
114.375	0.0	0.0
114.5	0.0	0.0
114.625	0.0	0.0
114.75	0.0	0.0
114.875	0.0	0.0
115.0	0.0	0.0
115.125	0.0	0.0
115.25	0.0	0.0
115.375	0.0	0.0
115.5	0.0	0.0
115.625	0.0	0.0
115.75	0.0	0.0
115.875	0.0	0.0
116.0	0.0	0.0
116.125	0.0	0.0
116.25	0.0	0.0
116.375	0.0	0.0
116.5	0.0	0.0
116.625	0.0	0.0
116.75	0.0	0.0
116.875	0.0	0.0
117.0	0.0	0.0
117.125	0.0	0.0
117.25	0.0	0.0
117.375	0.0	0.0
117.5	0.0	0.0
117.625	0.0	0.0
117.75	0.0	0.0
117.875	0.0	0.0
118.0	0.0	0.0
118.125	0.0	0.0
118.25	0.0	0.0
118.375	0.0	0.0
118.5	0.0	0.0
118.625	0.0	0.0
118.75	0.0	0.0
118.875	0.0	0.0
119.0	0.0	0.0
119.125	0.0	0.0
119.25	0.0	0.0
119.375	0.0	0.0
119.5	0.0	0.0
119.625	0.0	0.0
119.75	0.0	0.0
119.875	0.0	0.0
120.0	0.0	0.0
120.125	0.0	0.0
120.25	0.0	0.0
120.375	0.0	0.0
120.5	0.0	0.0
120.625	0.0	0.0
120.75	0.0	0.0
120.875	0.0	0.0
121.0	0.0	0.0
121.125	0.0	0.0
121.25	0.0	0.0
121.375	0.0	0.0
121.5	0.0	0.0
121.625	0.0	0.0
121.75	0.0	0.0
121.875	0.0	0.0
122.0	0.0	0.0
122.125	0.0	0.0
122.25	0.0	0.0
122.375	0.0	0.0
122.5	0.0	0.0
122.625	0.0	0.0
122.75	0.0	0.0
122.875	0.0	0.0
123.0	0.0	0.0
123.125	0.0	0.0
123.25	0.0	0.0
123.375	0.0	0.0
123.5	0.0	0.0
123.625	0.0	0.0
123.75	0.0	0.0
123.875	0.0	0.0
124.0	0.0	0.0
124.125	0.0	0.0
124.25	0.0	0.0
124.375	0.0	0.0
124.5	0.0	0.0
124.625	0.0	0.0
124.75	0.0	0.0
124.875	0.0	0.0
125.0	0.0	0.0
125.125	0.0	0.0
125.25	0.0	0.0
125.375	0.0	0.0
125.5	0.0	0.0
125.625	0.0	0.0
125.75	0.0	0.0
125.875	0.0	0.0
126.0	0.0	0.0
126.125	0.0	0.0
126.25	0.0	0.0
126.375	0.0	0.0
126.5	0.0	0.0
126.625	0.0	0.0
126.75	0.0	0.0
126.875	0.0	0.0
127.0	0.0	0.0
127.125	0.0	0.0
127.25	0.0	0.0
127.375	0.0	0.0
127.5	0.0	0.0
127.625	0.0	0.0
127.75	0.0	0.0
127.875	0.0	0.0
128.0	0.0	0.0
128.125	0.0	0.0
128.25	0.0	0.0
128.375	0.0	0.0
128.5	0.0	0.0
128.625	0.0	0.0
128.75	0.0	0.0
128.875	0.0	0.0
129.0	0.0	0.0
129.125	0.0	0.0
129.25	0.0	0.0
129.375	0.0	0.0
129.5	0.0	0.0
129.625	0.0	0.0
129.75	0.0	0.0
129.875	0.0	0.0
130.0	0.0	0.0
130.125	0.0	0.0
130.25	0.0	0.0
130.375	0.0	0.0
130.5	0.0	0.0
130.625	0.0	0.0
130.75	0.0	0.0
130.875	0.0	0.0
131.0	0.0	0.0
131.125	0.0	0.0
131.25	0.0	0.0
131.375	0.0	0.0
131.5	0.0	0.0
131.625	0.0	0.0
131.75	0.0	0.0
131.875	0.0	0.0
132.0	0.0	0.0
132.125	0.0	0.0
132.25	0.0	0.0
132.375	0.0	0.0
132.5	0.0	0.0
132.625	0.0	0.0
132.75	0.0	0.0
132.875	0.0	0.0
133.0	0.0	0.0
133.125	0.0	0.0
133.25	0.0	0.0
133.375	0.0	0.0
133.5	0.0	0.0
133.625	0.0	0.0
133.75	0.0	0.0
133.875	0.0	0.0
134.0	0.0	0.0
134.125	0.0	0.0
134.25	0.0	0.0
134.375	0.0	0.0
134.5	0.0	0.0
134.625	0.0	0.0
134.75	0.0	0.0
134.875	0.0	0.0
135.0	0.0	0.0
135.125	0.0	0.0
135.25	0.0	0.0
135.375	0.0	0.0
135.5	0.0	0.0
135.625	0.0	0.0
135.75	0.0	0.0
135.875	0.0	0.0
136.0	0.0	0.0
136.125	0.0	0.0
136.25	0.0	0.0
136.375	0.0	0.0
136.5	0.0	0.0
136.625	0.0	0.0
136.75	0.0	0.0
136.875	0.0	0.0
137.0	0.0	0.0
137.125	0.0	0.0
137.25	0.0	0.0
137.375	0.0	0.0
137.5	0.0	0.0
137.625	0.0	0.0
137.75	0.0	0.0
137.875	0.0	0.0
138.0	0.0	0.0
138.125	0.0	0.0
138.25	0.0	0.0
138.375	0.0	0.0
138.5	0.0	0.0
138.625	0.0	0.0
138.75	0.0	0.0
138.875	0.0	0.0
139.0	0.0	0.0
139.125	0.0	0.0
139.25	0.0	0.0
139.375	0.0	0.0
139.5	0.0	0.0
139.625	0.0	0.0
139.75	0.0	0.0
139.875	0.0	0.0
140.0	0.0	0.0
140.125	0.0	0.0
140.25	0.0	0.0
140.375	0.0	0.0
140.5	0.0	0.0
140.625	0.0	0.0
140.75	0.0	0.0
140.875	0.0	0.0
141.0	0.0	0.0
141.125	0.0	0.0
141.25	0.0	0.0
141.375	0.0	0.0
141.5	0.0	0.0
141.625	0.0	0.0
141.75	0.0	0.0
141.875	0.0	0.0
142.0	0.0	0.0
142.125	0.0	0.0
142.25	0.0	0.0
142.375	0.0	0.0
142.5	0.0	0.0
142.625	0.0	0.0
142.75	0.0	0.0
142.875	0.0	0.0
143.0	0.0	0.0
143.125	0.0	0.0
143.25	0.0	0.0
143.375	0.0	0.0
143.5	0.0	0.0
143.625	0.0	0.0
143.75	0.0	0.0
143.875	0.0	0.0
144.0	0.0	0.0
144.125	0.0	0.0
144.25	0.0	0.0
144.375	0.0	0.0
144.5	0.0	0.0
144.625	0.0	0.0
144.75	0.0	0.0
144.875	0.0	0.0
145.0	0.0	0.0
145.125	0.0	0.0
145.25	0.0	0.0
145.375	0.0	0.0
145.5	0.0	0.0
145.625	0.0	0.0
145.75	0.0	0.0
145.875	0.0	0.0
146.0	0.0	0.0
146.125	0.0	0.0
146.25	0.0	0.0
146.375	0.0	0.0
146.5	0.0	0.0
146.625	0.0	0.0
146.75	0.0	0.0
146.875	0.0	0.0
147.0	0.0	0.0
147.125	0.0	0.0
147.25	0.0	0.0
147.375	0.0	0.0
147.5	0.0	0.0
147.625	0.0	0.0
147.75	0.0	0.0
147.875	0.0	0.0
148.0	0.0	0.0
148.125	0.0	0.0
148.25	0.0	0.0
148.375	0.0	0.0
148.5	0.0	0.0
148.625	0.0	0.0
148.75	0.0	0.0
148.875	0.0	0.0
149.0	0.0	0.0
149.125	0.0	0.0
149.25	0.0	0.0
149.375	0.0	0.0
149.5	0.0	0.0
149.625	0.0	0.0
149.75	0.0	0.0
149.875	0.0	0.0
150.0	0.0	0.0
150.125	0.0	0.0
150.25	0.0	0.0
150.375	0.0	0.0
150.5	0.0	0.0
150.625	0.0	0.0
150.75	0.0	0.0
150.875	0.0	0.0
151.0	0.0	0.0
151.125	0.0	0.0
151.25	0.0	0.0
151.375	0.0	0.0
151.5	0.0	0.0
151.625	0.0	0.0
151.75	0.0	0.0
151.875	0.0	0.0
152.0	0.0	0.0
152.125	0.0	0.0
152.25	0.0	0.0
152.375	0.0	0.0
152.5	0.0	0.0
152.625	0.0	0.0
152.75	0.0	0.0
152.875	0.0	0.0
153.0	0.0	0.0
153.125	0.0	0.0
153.25	0.0	0.0
153.375	0.0	0.0
153.5	0.0	0.0
153.625	0.0	0.0
153.75	0.0	0.0
153.875	0.0	0.0
154.0	0.0	0.0
154.125	0.0	0.0
154.25	0.0	0.0
154.375	0.0	0.0
154.5	0.0	0.0
154.625	0.0	0.0
154.75	0.0	0.0
154.875	0.0	0.0
155.0	0.0	0.0
155.125	0.0	0.0
155.25	0.0	0.0
155.375	0.0	0.0
155.5	0.0	0.0
155.625	0.0	0.0
155.75	0.0	0.0
155.875	0.0	0.0
156.0	0.0	0.0
156.125	0.0	0.0
156.25	0.0	0.0
156.375	0.0	0.0
156.5	0.0	0.0
156.625	0.0	0.0
156.75	0.0	0.0
156.875	0.0	0.0
157.0	0.0	0.0
157.125	0.0	0.0
157.25	0.0	0.0
157.375	0.0	0.0
157.5	0.0	0.0
157.625	0.0	0.0
157.75	0.0	0.0
157.875	0.0	0.0
158.0	0.0	0.0
158.125	0.0	0.0
158.25	0.0	0.0
158.375	0.0	0.0
158.5	0.0	0.0
158.625	0.0	0.0
158.75	0.0	0.0
158.875	0.0	0.0
159.0	0.0	0.0
159.125	0.0	0.0
159.25	0.0	0.0
159.375	0.0	0.0
159.5	0.0	0.0
159.625	0.0	0.0
159.75	0.0	0.0
159.875	0.0	0.0
160.0	0.0	0.0
160.125	0.0	0.0
160.25	0.0	0.0
160.375	0.0	0.0
160.5	0.0	0.0
160.625	0.0	0.0
160.75	0.0	0.0
160.875	0.0	0.0
161.0	0.0	0.0
161.125	0.0	0.0
161.25	0.0	0.0
161.375	0.0	0.0
161.5	0.0	0.0
161.625	0.0	0.0
161.75	0.0	0.0
161.875	0.0	0.0
162.0	0.0	0.0
162.125	0.0	0.0
162.25	0.0	0.0
162.375	0.0	0.0
162.5	0.0	0.0
162.625	0.0	0.0
162.75	0.0	0.0
162.875	0.0	0.0
163.0	0.0	0.0
163.125	0.0	0.0
163.25	0.0	0.0
163.375	0.0	0.0
163.5	0.0	0.0
163.625	0.0	0.0
163.75	0.0	0.0
163.875	0.0	0.0
164.0	0.0	0.0
164.125	0.0	0.0
164.25	0.0	0.0
164.375	0.0	0.0
164.5	0.0	0.0
164.625	0.0	0.0
164.75	0.0	0.0
164.875	0.0	0.0
165.0	0.0	0.0
165.125	0.0	0.0
165.25	0.0	0.0
165.375	0.0	0.0
165.5	0.0	0.0
165.625	0.0	0.0
165.75	0.0	0.0
165.875	0.0	0.0
166.0	0.0	0.0
166.125	0.0	0.0
166.25	0.0	0.0
166.375	0.0	0.0
166.5	0.0	0.0
166.625	0.0	0.0
166.75	0.0	0.0
166.875	0.0	0.0
167.0	0.0	0.0
167.125	0.0	0.0
167.25	0.0	0.0
167.375	0.0	0.0
167.5	0.0	0.0
167.625	0.0	0.0
167.75	0.0	0.0
167.875	0.0	0.0
168.0	0.0	0.0
168.125	0.0	0.0
168.25	0.0	0.0
168.375	0.0	0.0
168.5	0.0	0.0
168.625	0.0	0.0
168.75	0.0	-1.0e-6
168.875	0.0	-1.0e-6
169.0	0.0	-1.0e-6
169.125	0.0	-1.0e-6
169.25	0.0	-2.0e-6
169.375	0.0	-2.0e-6
169.5	0.0	-2.0e-6
169.625	0.0	-2.0e-6
169.75	0.0	-2.0e-6
169.875	0.0	-2.0e-6
170.0	0.0	-2.0e-6
170.125	0.0	-3.0e-6
170.25	0.0	-3.0e-6
170.375	0.0	-3.0e-6
170.5	0.0	-3.0e-6
170.625	0.0	-3.0e-6
170.75	0.0	-3.0e-6
170.875	0.0	-3.0e-6
171.0	0.0	-3.0e-6
171.125	0.0	-2.0e-6
171.25	0.0	-2.0e-6
171.375	0.0	-2.0e-6
171.5	0.0	-2.0e-6
171.625	0.0	-1.0e-6
171.75	0.0	-1.0e-6
171.875	0.0	0.0
172.0	0.0	0.0
172.125	0.0	0.0
172.25	0.0	1.0e-6
172.375	0.0	2.0e-6
172.5	0.0	3.0e-6
172.625	0.0	4.0e-6
172.75	0.0	5.0e-6
172.875	0.0	6.0e-6
173.0	0.0	7.0e-6
173.125	0.0	8.0e-6
173.25	0.0	9.0e-6
173.375	0.0	1.0e-5
173.5	0.0	1.2e-5
173.625	0.0	1.3e-5
173.75	0.0	1.4e-5
173.875	0.0	1.6e-5
174.0	0.0	1.7e-5
174.125	0.0	1.8e-5
174.25	0.0	1.9e-5
174.375	0.0	2.0e-5
174.5	0.0	2.1e-5
174.625	0.0	2.2e-5
174.75	0.0	2.3e-5
174.875	0.0	2.4e-5
175.0	0.0	2.4e-5
175.125	0.0	2.4e-5
175.25	0.0	2.4e-5
175.375	0.0	2.4e-5
175.5	0.0	2.3e-5
175.625	0.0	2.2e-5
175.75	0.0	2.0e-5
175.875	0.0	1.9e-5
176.0	0.0	1.6e-5
176.125	0.0	1.4e-5
176.25	0.0	1.1e-5
176.375	0.0	7.0e-6
176.5	0.0	3.0e-6
176.625	0.0	-1.0e-6
176.75	0.0	-6.0e-6
176.875	0.0	-1.2e-5
177.0	0.0	-1.8e-5
177.125	0.0	-2.5e-5
177.25	0.0	-3.2e-5
177.375	0.0	-3.9e-5
177.5	0.0	-4.7e-5
177.625	0.0	-5.5e-5
177.75	0.0	-6.3e-5
177.875	0.0	-7.2e-5
178.0	0.0	-8.1e-5
178.125	0.0	-9.0e-5
178.25	0.0	-9.9e-5
178.375	0.0	-0.000108
178.5	0.0	-0.000116
178.625	0.0	-0.000125
178.75	0.0	-0.000133
178.875	0.0	-0.00014
179.0	0.0	-0.000147
179.125	0.0	-0.000153
179.25	0.0	-0.000158
179.375	0.0	-0.000161
179.5	0.0	-0.000164
179.625	0.0	-0.000165
179.75	0.0	-0.000164
179.875	0.0	-0.000162
180.0	0.0	-0.000157
180.125	0.0	-0.000151
180.25	0.0	-0.000142
180.375	0.0	-0.000131
180.5	0.0	-0.000118
180.625	0.0	-0.000102
180.75	0.0	-8.3e-5
180.875	0.0	-6.1e-5
181.0	0.0	-3.7e-5
181.125	0.0	-1.0e-5
181.25	0.0	2.0e-5
181.375	0.0	5.3e-5
181.5	0.0	8.8e-5
181.625	0.0	0.000126
181.75	0.0	0.000166
181.875	0.0	0.000209
182.0	0.0	0.000254
182.125	0.0	0.0003
182.25	0.0	0.000348
182.375	0.0	0.000397
182.5	0.0	0.000447
182.625	0.0	0.000497
182.75	0.0	0.000547
182.875	0.0	0.000596
183.0	0.0	0.000643
183.125	0.0	0.000689
183.25	0.0	0.000732
183.375	0.0	0.000772
183.5	1.0e-6	0.000808
183.625	1.0e-6	0.00084
183.75	1.0e-6	0.000866
183.875	1.0e-6	0.000885
184.0	1.0e-6	0.000898
184.125	1.0e-6	0.000903
184.25	1.0e-6	0.0009
184.375	1.0e-6	0.000888
184.5	1.0e-6	0.000866
184.625	1.0e-6	0.000833
184.75	1.0e-6	0.00079
184.875	1.0e-6	0.000734
185.0	1.0e-6	0.000667
185.125	1.0e-6	0.000587
185.25	2.0e-6	0.000494
185.375	2.0e-6	0.000389
185.5	2.0e-6	0.00027
185.625	2.0e-6	0.000139
185.75	2.0e-6	-6.0e-6
185.875	2.0e-6	-0.000163
186.0	3.0e-6	-0.000332
186.125	3.0e-6	-0.000512
186.25	3.0e-6	-0.000703
186.375	3.0e-6	-0.000904
186.5	3.0e-6	-0.001113
186.625	4.0e-6	-0.001329
186.75	4.0e-6	-0.00155
186.875	4.0e-6	-0.001776
187.0	5.0e-6	-0.002004
187.125	5.0e-6	-0.002232
187.25	5.0e-6	-0.002458
187.375	6.0e-6	-0.002679
187.5	6.0e-6	-0.002893
187.625	7.0e-6	-0.003097
187.75	7.0e-6	-0.00329
187.875	8.0e-6	-0.003466
188.0	8.0e-6	-0.003625
188.125	9.0e-6	-0.003763
188.25	1.0e-5	-0.003876
188.375	1.1e-5	-0.003963
188.5	1.1e-5	-0.004019
188.625	1.2e-5	-0.004042
188.75	1.3e-5	-0.004029
188.875	1.4e-5	-0.003978
189.0	1.5e-5	-0.003886
189.125	1.6e-5	-0.003751
189.25	1.7e-5	-0.00357
189.375	1.9e-5	-0.003342
189.5	2.0e-5	-0.003065
189.625	2.2e-5	-0.002739
189.75	2.3e-5	-0.002362
189.875	2.5e-5	-0.001934
190.0	2.7e-5	-0.001456
190.125	2.9e-5	-0.000928
190.25	3.1e-5	-0.000351
190.375	3.3e-5	0.000272
190.5	3.5e-5	0.00094
190.625	3.8e-5	0.00165
190.75	4.0e-5	0.002398
190.875	4.3e-5	0.00318
191.0	4.6e-5	0.003991
191.125	5.0e-5	0.004826
191.25	5.3e-5	0.005679
191.375	5.7e-5	0.006542
191.5	6.1e-5	0.00741
191.625	6.5e-5	0.008274
191.75	7.0e-5	0.009126
191.875	7.4e-5	0.009957
192.0	7.9e-5	0.010758
192.125	8.5e-5	0.01152
192.25	9.1e-5	0.012233
192.375	9.7e-5	0.012886
192.5	0.000103	0.013471
192.625	0.00011	0.013976
192.75	0.000118	0.014391
192.875	0.000126	0.014707
193.0	0.000134	0.014914
193.125	0.000143	0.015003
193.25	0.000153	0.014964
193.375	0.000163	0.014789
193.5	0.000174	0.014471
193.625	0.000185	0.014003
193.75	0.000197	0.013379
193.875	0.00021	0.012594
194.0	0.000224	0.011645
194.125	0.000238	0.010529
194.25	0.000254	0.009246
194.375	0.00027	0.007795
194.5	0.000287	0.00618
194.625	0.000306	0.004403
194.75	0.000325	0.002471
194.875	0.000346	0.000391
195.0	0.000368	-0.001829
195.125	0.000391	-0.004178
195.25	0.000416	-0.006642
195.375	0.000442	-0.009207
195.5	0.000469	-0.011857
195.625	0.000498	-0.014573
195.75	0.000529	-0.017336
195.875	0.000562	-0.020122
196.0	0.000596	-0.022911
196.125	0.000633	-0.025676
196.25	0.000671	-0.028392
196.375	0.000712	-0.031032
196.5	0.000755	-0.033567
196.625	0.000801	-0.035969
196.75	0.000849	-0.038209
196.875	0.0009	-0.040257
197.0	0.000953	-0.042084
197.125	0.00101	-0.043659
197.25	0.001069	-0.044955
197.375	0.001132	-0.045943
197.5	0.001199	-0.046596
197.625	0.001269	-0.046889
197.75	0.001343	-0.046798
197.875	0.00142	-0.046301
198.0	0.001502	-0.04538
198.125	0.001589	-0.044017
198.25	0.00168	-0.042199
198.375	0.001776	-0.039915
198.5	0.001877	-0.03716
198.625	0.001983	-0.033929
198.75	0.002094	-0.030224
198.875	0.002212	-0.02605
199.0	0.002336	-0.021418
199.125	0.002466	-0.016341
199.25	0.002602	-0.010839
199.375	0.002746	-0.004936
199.5	0.002897	0.00134
199.625	0.003055	0.007954
199.75	0.003222	0.014868
199.875	0.003397	0.022039
200.0	0.00358	0.029419
200.125	0.003773	0.036956
200.25	0.003975	0.044594
200.375	0.004187	0.052272
200.5	0.00441	0.059927
200.625	0.004643	0.067491
200.75	0.004887	0.074895
200.875	0.005144	0.082067
201.0	0.005412	0.088935
201.125	0.005693	0.095422
201.25	0.005988	0.101455
201.375	0.006297	0.106958
201.5	0.00662	0.111857
201.625	0.006958	0.116079
201.75	0.007311	0.119555
201.875	0.007681	0.122216
202.0	0.008068	0.123999
202.125	0.008473	0.124845
202.25	0.008896	0.1247
202.375	0.009338	0.123515
202.5	0.009799	0.12125
202.625	0.010282	0.11787
202.75	0.010786	0.113349
202.875	0.011312	0.10767
203.0	0.011861	0.100825
203.125	0.012434	0.092814
203.25	0.013032	0.08365
203.375	0.013656	0.073354
203.5	0.014306	0.061959
203.625	0.014984	0.049509
203.75	0.015691	0.036059
203.875	0.016428	0.021675
204.0	0.017195	0.006434
204.125	0.017994	-0.009576
204.25	0.018827	-0.026257
204.375	0.019694	-0.0435
204.5	0.020596	-0.061185
204.625	0.021534	-0.079187
204.75	0.022511	-0.097367
204.875	0.023527	-0.115584
205.0	0.024583	-0.133686
205.125	0.025681	-0.151518
205.25	0.026822	-0.168918
205.375	0.028008	-0.185724
205.5	0.02924	-0.20177
205.625	0.030519	-0.216888
205.75	0.031848	-0.230914
205.875	0.033227	-0.243683
206.0	0.034658	-0.255036
206.125	0.036143	-0.264819
206.25	0.037684	-0.272883
206.375	0.039281	-0.279088
206.5	0.040937	-0.283307
206.625	0.042654	-0.285421
206.75	0.044433	-0.285324
206.875	0.046277	-0.282927
207.0	0.048186	-0.278154
207.125	0.050163	-0.270948
207.25	0.05221	-0.26127
207.375	0.054328	-0.249098
207.5	0.056521	-0.234433
207.625	0.058788	-0.217296
207.75	0.061134	-0.197729
207.875	0.063559	-0.175797
208.0	0.066066	-0.151586
208.125	0.068657	-0.125208
208.25	0.071334	-0.096792
208.375	0.074099	-0.066494
208.5	0.076955	-0.034489
208.625	0.079903	-0.000974
208.75	0.082946	0.033835
208.875	0.086086	0.069702
209.0	0.089326	0.106375
209.125	0.092667	0.143583
209.25	0.096113	0.181043
209.375	0.099664	0.21846
209.5	0.103325	0.255527
209.625	0.107096	0.291931
209.75	0.110982	0.327349
209.875	0.114982	0.361461
210.0	0.119102	0.393942
210.125	0.123342	0.42447
210.25	0.127705	0.452729
210.375	0.132193	0.47841
210.5	0.13681	0.501217
210.625	0.141557	0.520864
210.75	0.146436	0.537085
210.875	0.151451	0.549631
211.0	0.156604	0.558276
211.125	0.161896	0.56282
211.25	0.167331	0.563089
211.375	0.17291	0.558939
211.5	0.178637	0.550257
211.625	0.184513	0.536965
211.75	0.190541	0.519021
211.875	0.196723	0.496419
212.0	0.203061	0.469191
212.125	0.209558	0.437409
212.25	0.216216	0.401184
212.375	0.223036	0.360669
212.5	0.230022	0.316056
212.625	0.237174	0.267574
212.75	0.244496	0.215495
212.875	0.251988	0.160127
213.0	0.259654	0.101814
213.125	0.267495	0.040934
213.25	0.275512	-0.022102
213.375	0.283708	-0.086852
213.5	0.292084	-0.15285
213.625	0.300642	-0.219604
213.75	0.309383	-0.286602
213.875	0.318308	-0.353316
214.0	0.32742	-0.419205
214.125	0.33672	-0.483721
214.25	0.346208	-0.54631
214.375	0.355885	-0.60642
214.5	0.365754	-0.663503
214.625	0.375814	-0.717022
214.75	0.386067	-0.766453
214.875	0.396513	-0.811293
215.0	0.407153	-0.851064
215.125	0.417988	-0.885314
215.25	0.429017	-0.913626
215.375	0.440241	-0.935621
215.5	0.451661	-0.950961
215.625	0.463276	-0.959353
215.75	0.475086	-0.960555
215.875	0.487091	-0.954376
216.0	0.49929	-0.940681
216.125	0.511683	-0.919392
216.25	0.52427	-0.890493
216.375	0.537049	-0.854026
216.5	0.55002	-0.810098
216.625	0.563181	-0.758879
216.75	0.576532	-0.700602
216.875	0.59007	-0.63556
217.0	0.603795	-0.564112
217.125	0.617705	-0.486674
217.25	0.631797	-0.403721
217.375	0.64607	-0.315783
217.5	0.660521	-0.223442
217.625	0.675148	-0.127329
217.75	0.689949	-0.028118
217.875	0.704921	0.073476
218.0	0.72006	0.176705
218.125	0.735365	0.280791
218.25	0.750831	0.384933
218.375	0.766455	0.488314
218.5	0.782234	0.590106
218.625	0.798164	0.689476
218.75	0.814241	0.785596
218.875	0.83046	0.877646
219.0	0.846819	0.964824
219.125	0.863311	1.046351
219.25	0.879932	1.12148
219.375	0.896678	1.1895
219.5	0.913544	1.249744
219.625	0.930524	1.301596
219.75	0.947613	1.344496
219.875	0.964806	1.377946
220.0	0.982096	1.401515
220.125	0.999479	1.414844
220.25	1.016947	1.417649
220.375	1.034496	1.409728
220.5	1.052117	1.39096
220.625	1.069806	1.361308
220.75	1.087555	1.320823
220.875	1.105358	1.269645
221.0	1.123207	1.208
221.125	1.141096	1.136202
221.25	1.159017	1.054652
221.375	1.176963	0.963833
221.5	1.194927	0.864313
221.625	1.2129	0.756735
221.75	1.230875	0.641818
221.875	1.248845	0.52035
222.0	1.2668	0.39318
222.125	1.284734	0.26122
222.25	1.302638	0.125427
222.375	1.320503	-0.013195
222.5	1.338322	-0.153606
222.625	1.356085	-0.294738
222.75	1.373785	-0.435505
222.875	1.391413	-0.574808
223.0	1.40896	-0.711547
223.125	1.426417	-0.844627
223.25	1.443775	-0.972973
223.375	1.461027	-1.095529
223.5	1.478162	-1.211279
223.625	1.495173	-1.319244
223.75	1.512049	-1.4185
223.875	1.528783	-1.50818
224.0	1.545365	-1.587485
224.125	1.561787	-1.655689
224.25	1.578039	-1.712147
224.375	1.594113	-1.756301
224.5	1.61	-1.787687
224.625	1.625691	-1.805935
224.75	1.641176	-1.810778
224.875	1.656449	-1.802052
225.0	1.671499	-1.779701
225.125	1.686318	-1.743774
225.25	1.700898	-1.694432
225.375	1.71523	-1.631941
225.5	1.729306	-1.556674
225.625	1.743117	-1.469109
225.75	1.756656	-1.369826
225.875	1.769915	-1.259503
226.0	1.782884	-1.138907
226.125	1.795558	-1.008897
226.25	1.807927	-0.870409
226.375	1.819985	-0.724455
226.5	1.831724	-0.572111
226.625	1.843137	-0.414512
226.75	1.854217	-0.25284
226.875	1.864957	-0.088318
227.0	1.875351	0.077801
227.125	1.885391	0.244247
227.25	1.895073	0.409738
227.375	1.904388	0.572995
227.5	1.913333	0.732749
227.625	1.921901	0.887753
227.75	1.930086	1.036793
227.875	1.937884	1.178696
228.0	1.945289	1.312341
228.125	1.952297	1.436669
228.25	1.958903	1.55069
228.375	1.965104	1.653491
228.5	1.970894	1.744247
228.625	1.976271	1.822225
228.75	1.98123	1.886791
228.875	1.985769	1.937414
229.0	1.989885	1.973675
229.125	1.993575	1.995265
229.25	1.996836	2.00199
229.375	1.999667	1.993777
229.5	2.002065	1.970666
229.625	2.00403	1.932817
229.75	2.005559	1.880508
229.875	2.006652	1.814129
230.0	2.007308	1.734182
230.125	2.007527	1.641277
230.25	2.007308	1.536126
230.375	2.006652	1.419538
230.5	2.005559	1.292412
230.625	2.00403	1.155729
230.75	2.002065	1.010546
230.875	1.999667	0.857985
231.0	1.996836	0.699226
231.125	1.993575	0.535496
231.25	1.989885	0.368059
231.375	1.985769	0.198207
231.5	1.98123	0.027248
231.625	1.97627	-0.143504
231.75	1.970894	-0.312739
231.875	1.965103	-0.479165
232.0	1.958903	-0.641512
232.125	1.952297	-0.798548
232.25	1.945289	-0.949086
232.375	1.937883	-1.091996
232.5	1.930086	-1.226209
232.625	1.9219	-1.350731
232.75	1.913333	-1.464648
232.875	1.904388	-1.567134
233.0	1.895072	-1.657455
233.125	1.885391	-1.734978
233.25	1.87535	-1.799173
233.375	1.864957	-1.849617
233.5	1.854217	-1.886
233.625	1.843137	-1.908123
233.75	1.831724	-1.915899
233.875	1.819984	-1.909358
234.0	1.807927	-1.888639
234.125	1.795557	-1.853995
234.25	1.782884	-1.805784
234.375	1.769914	-1.744471
234.5	1.756656	-1.67062
234.625	1.743117	-1.58489
234.75	1.729305	-1.488027
234.875	1.715229	-1.380862
235.0	1.700897	-1.264297
235.125	1.686317	-1.139305
235.25	1.671498	-1.006915
235.375	1.656448	-0.868204
235.5	1.641176	-0.724294
235.625	1.62569	-0.576332
235.75	1.609999	-0.425493
235.875	1.594112	-0.272958
236.0	1.578038	-0.119915
236.125	1.561786	0.03246
236.25	1.545364	0.183005
236.375	1.528782	0.330585
236.5	1.512048	0.4741
236.625	1.495172	0.612494
236.75	1.478161	0.744762
236.875	1.461026	0.869959
237.0	1.443774	0.987206
237.125	1.426416	1.095697
237.25	1.408959	1.194704
237.375	1.391412	1.283581
237.5	1.373784	1.361773
237.625	1.356084	1.428812
237.75	1.338321	1.484327
237.875	1.320502	1.528041
238.0	1.302637	1.559774
238.125	1.284733	1.579442
238.25	1.266799	1.587057
238.375	1.248844	1.582729
238.5	1.230874	1.566656
238.625	1.212899	1.539129
238.75	1.194926	1.500525
238.875	1.176962	1.451302
239.0	1.159016	1.391995
239.125	1.141095	1.323211
239.25	1.123206	1.245623
239.375	1.105357	1.159963
239.5	1.087555	1.067015
239.625	1.069805	0.96761
239.75	1.052117	0.862614
239.875	1.034495	0.752925
240.0	1.016946	0.639465
240.125	0.999478	0.523166
240.25	0.982095	0.404973
240.375	0.964805	0.285824
240.5	0.947612	0.166653
240.625	0.930523	0.048377
240.75	0.913543	-0.068112
240.875	0.896677	-0.18195
241.0	0.879931	-0.29231
241.125	0.86331	-0.398407
241.25	0.846818	-0.499504
241.375	0.83046	-0.594918
241.5	0.81424	-0.684022
241.625	0.798163	-0.766254
241.75	0.782233	-0.841114
241.875	0.766455	-0.90817
242.0	0.75083	-0.967063
242.125	0.735364	-1.017502
242.25	0.72006	-1.059272
242.375	0.70492	-1.092228
242.5	0.689948	-1.1163
242.625	0.675147	-1.131488
242.75	0.66052	-1.137864
242.875	0.646069	-1.135566
243.0	0.631796	-1.124801
243.125	0.617704	-1.105835
243.25	0.603795	-1.078996
243.375	0.59007	-1.044667
243.5	0.576531	-1.003279
243.625	0.563181	-0.955312
243.75	0.550019	-0.901287
243.875	0.537048	-0.841762
244.0	0.524269	-0.777323
244.125	0.511683	-0.708585
244.25	0.499289	-0.636179
244.375	0.48709	-0.560754
244.5	0.475085	-0.482966
244.625	0.463275	-0.403473
244.75	0.45166	-0.322932
244.875	0.440241	-0.241992
245.0	0.429017	-0.161289
245.125	0.417987	-0.081442
245.25	0.407153	-0.003046
245.375	0.396513	0.073327
245.5	0.386067	0.147139
245.625	0.375814	0.217885
245.75	0.365753	0.285097
245.875	0.355885	0.348348
246.0	0.346207	0.407252
246.125	0.336719	0.46147
246.25	0.32742	0.510709
246.375	0.318308	0.554721
246.5	0.309382	0.59331
246.625	0.300641	0.626326
246.75	0.292083	0.653667
246.875	0.283708	0.675282
247.0	0.275512	0.691165
247.125	0.267494	0.701356
247.25	0.259654	0.705939
247.375	0.251988	0.705042
247.5	0.244495	0.698831
247.625	0.237174	0.68751
247.75	0.230021	0.671319
247.875	0.223036	0.65053
248.0	0.216215	0.625441
248.125	0.209558	0.596379
248.25	0.203061	0.563691
248.375	0.196723	0.527743
248.5	0.190541	0.488916
248.625	0.184513	0.447602
248.75	0.178637	0.404201
248.875	0.17291	0.359117
249.0	0.167331	0.312757
249.125	0.161896	0.265523
249.25	0.156603	0.217811
249.375	0.151451	0.17001
249.5	0.146436	0.122498
249.625	0.141556	0.075635
249.75	0.136809	0.029768
249.875	0.132193	-0.014779
250.0	0.127704	-0.057699
250.125	0.123341	-0.098712
250.25	0.119101	-0.137562
250.375	0.114982	-0.174015
250.5	0.110981	-0.20787
250.625	0.107096	-0.238951
250.75	0.103325	-0.267108
250.875	0.099664	-0.292223
251.0	0.096112	-0.314206
251.125	0.092667	-0.332995
251.25	0.089326	-0.348554
251.375	0.086086	-0.360878
251.5	0.082946	-0.369984
251.625	0.079903	-0.375919
251.75	0.076954	-0.378749
251.875	0.074099	-0.378567
252.0	0.071334	-0.375485
252.125	0.068657	-0.369634
252.25	0.066066	-0.361162
252.375	0.063559	-0.350236
252.5	0.061134	-0.337032
252.625	0.058788	-0.321742
252.75	0.05652	-0.304566
252.875	0.054328	-0.285711
253.0	0.05221	-0.26539
253.125	0.050163	-0.243822
253.25	0.048186	-0.221225
253.375	0.046277	-0.197819
253.5	0.044433	-0.17382
253.625	0.042654	-0.149441
253.75	0.040937	-0.124892
253.875	0.039281	-0.100373
254.0	0.037684	-0.076078
254.125	0.036143	-0.052191
254.25	0.034658	-0.028884
254.375	0.033227	-0.00632
254.5	0.031848	0.015353
254.625	0.030519	0.036
254.75	0.02924	0.055498
254.875	0.028008	0.073741
255.0	0.026822	0.090635
255.125	0.025681	0.106102
255.25	0.024583	0.12008
255.375	0.023527	0.13252
255.5	0.022511	0.143389
255.625	0.021534	0.152667
255.75	0.020596	0.160349
255.875	0.019694	0.166442
256.0	0.018827	0.170967
256.125	0.017994	0.173956
256.25	0.017195	0.175453
256.375	0.016428	0.175512
256.5	0.015691	0.174196
256.625	0.014984	0.171576
256.75	0.014306	0.167733
256.875	0.013656	0.162752
257.0	0.013032	0.156724
257.125	0.012434	0.149746
257.25	0.011861	0.141917
257.375	0.011312	0.133339
257.5	0.010786	0.124116
257.625	0.010282	0.114351
