-254.25	0.0	0.003974
-254.125	0.0	0.003979
-254.0	0.0	0.003983
-253.875	0.0	0.003987
-253.75	0.0	0.003991
-253.625	0.0	0.003995
-253.5	0.0	0.003999
-253.375	0.0	0.004003
-253.25	0.0	0.004007
-253.125	0.0	0.004012
-253.0	0.0	0.004016
-252.875	0.0	0.00402
-252.75	0.0	0.004024
-252.625	0.0	0.004028
-252.5	0.0	0.004032
-252.375	0.0	0.004036
-252.25	0.0	0.00404
-252.125	0.0	0.004044
-252.0	0.0	0.004049
-251.875	0.0	0.004053
-251.75	0.0	0.004057
-251.625	0.0	0.004061
-251.5	0.0	0.004065
-251.375	0.0	0.004069
-251.25	0.0	0.004073
-251.125	0.0	0.004077
-251.0	0.0	0.004081
-250.875	0.0	0.004085
-250.75	0.0	0.004089
-250.625	0.0	0.004094
-250.5	0.0	0.004098
-250.375	0.0	0.004102
-250.25	0.0	0.004106
-250.125	0.0	0.00411
-250.0	0.0	0.004114
-249.875	0.0	0.004118
-249.75	0.0	0.004122
-249.625	0.0	0.004126
-249.5	0.0	0.00413
-249.375	0.0	0.004134
-249.25	0.0	0.004138
-249.125	0.0	0.004142
-249.0	0.0	0.004146
-248.875	0.0	0.004151
-248.75	0.0	0.004155
-248.625	0.0	0.004159
-248.5	0.0	0.004163
-248.375	0.0	0.004167
-248.25	0.0	0.004171
-248.125	0.0	0.004175
-248.0	0.0	0.004179
-247.875	0.0	0.004183
-247.75	0.0	0.004187
-247.625	0.0	0.004191
-247.5	0.0	0.004195
-247.375	0.0	0.004199
-247.25	0.0	0.004203
-247.125	0.0	0.004207
-247.0	0.0	0.004211
-246.875	0.0	0.004215
-246.75	0.0	0.004219
-246.625	0.0	0.004223
-246.5	0.0	0.004227
-246.375	0.0	0.004231
-246.25	0.0	0.004235
-246.125	0.0	0.004239
-246.0	0.0	0.004243
-245.875	0.0	0.004247
-245.75	0.0	0.004251
-245.625	0.0	0.004256
-245.5	0.0	0.00426
-245.375	0.0	0.004264
-245.25	0.0	0.004268
-245.125	0.0	0.004272
-245.0	0.0	0.004276
-244.875	0.0	0.00428
-244.75	0.0	0.004284
-244.625	0.0	0.004288
-244.5	0.0	0.004292
-244.375	0.0	0.004296
-244.25	0.0	0.0043
-244.125	0.0	0.004304
-244.0	0.0	0.004308
-243.875	0.0	0.004312
-243.75	0.0	0.004316
-243.625	0.0	0.00432
-243.5	0.0	0.004324
-243.375	0.0	0.004328
-243.25	0.0	0.004332
-243.125	0.0	0.004336
-243.0	0.0	0.00434
-242.875	0.0	0.004344
-242.75	0.0	0.004348
-242.625	0.0	0.004351
-242.5	0.0	0.004355
-242.375	0.0	0.004359
-242.25	0.0	0.004363
-242.125	0.0	0.004367
-242.0	0.0	0.004371
-241.875	0.0	0.004375
-241.75	0.0	0.004379
-241.625	0.0	0.004383
-241.5	0.0	0.004387
-241.375	0.0	0.004391
-241.25	0.0	0.004395
-241.125	0.0	0.004399
-241.0	0.0	0.004403
-240.875	0.0	0.004407
-240.75	0.0	0.004411
-240.625	0.0	0.004415
-240.5	0.0	0.004419
-240.375	0.0	0.004423
-240.25	0.0	0.004427
-240.125	0.0	0.004431
-240.0	0.0	0.004435
-239.875	0.0	0.004439
-239.75	0.0	0.004443
-239.625	0.0	0.004447
-239.5	0.0	0.004451
-239.375	0.0	0.004455
-239.25	0.0	0.004459
-239.125	0.0	0.004462
-239.0	0.0	0.004466
-238.875	0.0	0.00447
-238.75	0.0	0.004474
-238.625	0.0	0.004478
-238.5	0.0	0.004482
-238.375	0.0	0.004486
-238.25	0.0	0.00449
-238.125	0.0	0.004494
-238.0	0.0	0.004498
-237.875	0.0	0.004502
-237.75	0.0	0.004506
-237.625	0.0	0.00451
-237.5	0.0	0.004514
-237.375	0.0	0.004518
-237.25	0.0	0.004521
-237.125	0.0	0.004525
-237.0	0.0	0.004529
-236.875	0.0	0.004533
-236.75	0.0	0.004537
-236.625	0.0	0.004541
-236.5	0.0	0.004545
-236.375	0.0	0.004549
-236.25	0.0	0.004553
-236.125	0.0	0.004557
-236.0	0.0	0.004561
-235.875	0.0	0.004565
-235.75	0.0	0.004569
-235.625	0.0	0.004572
-235.5	0.0	0.004576
-235.375	0.0	0.00458
-235.25	0.0	0.004584
-235.125	0.0	0.004588
-235.0	0.0	0.004592
-234.875	0.0	0.004596
-234.75	0.0	0.0046
-234.625	0.0	0.004604
-234.5	0.0	0.004608
-234.375	0.0	0.004612
-234.25	0.0	0.004615
-234.125	0.0	0.004619
-234.0	0.0	0.004623
-233.875	0.0	0.004627
-233.75	0.0	0.004631
-233.625	0.0	0.004635
-233.5	0.0	0.004639
-233.375	0.0	0.004643
-233.25	0.0	0.004647
-233.125	0.0	0.00465
-233.0	0.0	0.004654
-232.875	0.0	0.004658
-232.75	0.0	0.004662
-232.625	0.0	0.004666
-232.5	0.0	0.00467
-232.375	0.0	0.004674
-232.25	0.0	0.004678
-232.125	0.0	0.004682
-232.0	0.0	0.004685
-231.875	0.0	0.004689
-231.75	0.0	0.004693
-231.625	0.0	0.004697
-231.5	0.0	0.004701
-231.375	0.0	0.004705
-231.25	0.0	0.004709
-231.125	0.0	0.004713
-231.0	0.0	0.004716
-230.875	0.0	0.00472
-230.75	0.0	0.004724
-230.625	0.0	0.004728
-230.5	0.0	0.004732
-230.375	0.0	0.004736
-230.25	0.0	0.00474
-230.125	0.0	0.004744
-230.0	0.0	0.004747
-229.875	0.0	0.004751
-229.75	0.0	0.004755
-229.625	0.0	0.004759
-229.5	0.0	0.004763
-229.375	0.0	0.004767
-229.25	0.0	0.004771
-229.125	0.0	0.004775
-229.0	0.0	0.004778
-228.875	0.0	0.004782
-228.75	0.0	0.004786
-228.625	0.0	0.00479
-228.5	0.0	0.004794
-228.375	0.0	0.004798
-228.25	0.0	0.004802
-228.125	0.0	0.004805
-228.0	0.0	0.004809
-227.875	0.0	0.004813
-227.75	0.0	0.004817
-227.625	0.0	0.004821
-227.5	0.0	0.004825
-227.375	0.0	0.004828
-227.25	0.0	0.004832
-227.125	0.0	0.004836
-227.0	0.0	0.00484
-226.875	0.0	0.004844
-226.75	0.0	0.004848
-226.625	0.0	0.004852
-226.5	0.0	0.004855
-226.375	0.0	0.004859
-226.25	0.0	0.004863
-226.125	0.0	0.004867
-226.0	0.0	0.004871
-225.875	0.0	0.004875
-225.75	0.0	0.004878
-225.625	0.0	0.004882
-225.5	0.0	0.004886
-225.375	0.0	0.00489
-225.25	0.0	0.004894
-225.125	0.0	0.004898
-225.0	0.0	0.004902
-224.875	0.0	0.004905
-224.75	0.0	0.004909
-224.625	0.0	0.004913
-224.5	0.0	0.004917
-224.375	0.0	0.004921
-224.25	0.0	0.004925
-224.125	0.0	0.004928
-224.0	0.0	0.004932
-223.875	0.0	0.004936
-223.75	0.0	0.00494
-223.625	0.0	0.004944
-223.5	0.0	0.004948
-223.375	0.0	0.004951
-223.25	0.0	0.004955
-223.125	0.0	0.004959
-223.0	0.0	0.004963
-222.875	0.0	0.004967
-222.75	0.0	0.00497
-222.625	0.0	0.004974
-222.5	0.0	0.004978
-222.375	0.0	0.004982
-222.25	0.0	0.004986
-222.125	0.0	0.00499
-222.0	0.0	0.004993
-221.875	0.0	0.004997
-221.75	0.0	0.005001
-221.625	0.0	0.005005
-221.5	0.0	0.005009
-221.375	0.0	0.005013
-221.25	0.0	0.005016
-221.125	0.0	0.00502
-221.0	0.0	0.005024
-220.875	0.0	0.005028
-220.75	0.0	0.005032
-220.625	0.0	0.005035
-220.5	0.0	0.005039
-220.375	0.0	0.005043
-220.25	0.0	0.005047
-220.125	0.0	0.005051
-220.0	0.0	0.005054
-219.875	0.0	0.005058
-219.75	0.0	0.005062
-219.625	0.0	0.005066
-219.5	0.0	0.00507
-219.375	0.0	0.005074
-219.25	0.0	0.005077
-219.125	0.0	0.005081
-219.0	0.0	0.005085
-218.875	0.0	0.005089
-218.75	0.0	0.005093
-218.625	0.0	0.005096
-218.5	0.0	0.0051
-218.375	0.0	0.005104
-218.25	0.0	0.005108
-218.125	0.0	0.005112
-218.0	0.0	0.005115
-217.875	0.0	0.005119
-217.75	0.0	0.005123
-217.625	0.0	0.005127
-217.5	0.0	0.005131
-217.375	0.0	0.005134
-217.25	0.0	0.005138
-217.125	0.0	0.005142
-217.0	0.0	0.005146
-216.875	0.0	0.00515
-216.75	0.0	0.005153
-216.625	0.0	0.005157
-216.5	0.0	0.005161
-216.375	0.0	0.005165
-216.25	0.0	0.005169
-216.125	0.0	0.005172
-216.0	0.0	0.005176
-215.875	0.0	0.00518
-215.75	0.0	0.005184
-215.625	0.0	0.005188
-215.5	0.0	0.005191
-215.375	0.0	0.005195
-215.25	0.0	0.005199
-215.125	0.0	0.005203
-215.0	0.0	0.005207
-214.875	0.0	0.00521
-214.75	0.0	0.005214
-214.625	0.0	0.005218
-214.5	0.0	0.005222
-214.375	0.0	0.005226
-214.25	0.0	0.005229
-214.125	0.0	0.005233
-214.0	0.0	0.005237
-213.875	0.0	0.005241
-213.75	0.0	0.005245
-213.625	0.0	0.005248
-213.5	0.0	0.005252
-213.375	0.0	0.005256
-213.25	0.0	0.00526
-213.125	0.0	0.005264
-213.0	0.0	0.005267
-212.875	0.0	0.005271
-212.75	0.0	0.005275
-212.625	0.0	0.005279
-212.5	0.0	0.005283
-212.375	0.0	0.005286
-212.25	0.0	0.00529
-212.125	0.0	0.005294
-212.0	0.0	0.005298
-211.875	0.0	0.005301
-211.75	0.0	0.005305
-211.625	0.0	0.005309
-211.5	0.0	0.005313
-211.375	0.0	0.005317
-211.25	0.0	0.00532
-211.125	0.0	0.005324
-211.0	0.0	0.005328
-210.875	0.0	0.005332
-210.75	0.0	0.005336
-210.625	0.0	0.005339
-210.5	0.0	0.005343
-210.375	0.0	0.005347
-210.25	0.0	0.005351
-210.125	0.0	0.005355
-210.0	0.0	0.005358
-209.875	0.0	0.005362
-209.75	0.0	0.005366
-209.625	0.0	0.00537
-209.5	0.0	0.005373
-209.375	0.0	0.005377
-209.25	0.0	0.005381
-209.125	0.0	0.005385
-209.0	0.0	0.005389
-208.875	0.0	0.005392
-208.75	0.0	0.005396
-208.625	0.0	0.0054
-208.5	0.0	0.005404
-208.375	0.0	0.005408
-208.25	0.0	0.005411
-208.125	0.0	0.005415
-208.0	0.0	0.005419
-207.875	0.0	0.005423
-207.75	0.0	0.005426
-207.625	0.0	0.00543
-207.5	0.0	0.005434
-207.375	0.0	0.005438
-207.25	0.0	0.005442
-207.125	0.0	0.005445
-207.0	0.0	0.005449
-206.875	0.0	0.005453
-206.75	0.0	0.005457
-206.625	0.0	0.005461
-206.5	0.0	0.005464
-206.375	0.0	0.005468
-206.25	0.0	0.005472
-206.125	0.0	0.005476
-206.0	0.0	0.005479
-205.875	0.0	0.005483
-205.75	0.0	0.005487
-205.625	0.0	0.005491
-205.5	0.0	0.005495
-205.375	0.0	0.005498
-205.25	0.0	0.005502
-205.125	0.0	0.005506
-205.0	0.0	0.00551
-204.875	0.0	0.005514
-204.75	0.0	0.005517
-204.625	0.0	0.005521
-204.5	0.0	0.005525
-204.375	0.0	0.005529
-204.25	0.0	0.005532
-204.125	0.0	0.005536
-204.0	0.0	0.00554
-203.875	0.0	0.005544
-203.75	0.0	0.005548
-203.625	0.0	0.005551
-203.5	0.0	0.005555
-203.375	0.0	0.005559
-203.25	0.0	0.005563
-203.125	0.0	0.005567
-203.0	0.0	0.00557
-202.875	0.0	0.005574
-202.75	0.0	0.005578
-202.625	0.0	0.005582
-202.5	0.0	0.005585
-202.375	0.0	0.005589
-202.25	0.0	0.005593
-202.125	0.0	0.005597
-202.0	0.0	0.005601
-201.875	0.0	0.005604
-201.75	0.0	0.005608
-201.625	0.0	0.005612
-201.5	0.0	0.005616
-201.375	0.0	0.00562
-201.25	0.0	0.005623
-201.125	0.0	0.005627
-201.0	0.0	0.005631
-200.875	0.0	0.005635
-200.75	0.0	0.005638
-200.625	0.0	0.005642
-200.5	0.0	0.005646
-200.375	0.0	0.00565
-200.25	0.0	0.005654
-200.125	0.0	0.005657
-200.0	0.0	0.005661
-199.875	0.0	0.005665
-199.75	0.0	0.005669
-199.625	0.0	0.005673
-199.5	0.0	0.005676
-199.375	0.0	0.00568
-199.25	0.0	0.005684
-199.125	0.0	0.005688
-199.0	0.0	0.005692
-198.875	0.0	0.005695
-198.75	0.0	0.005699
-198.625	0.0	0.005703
-198.5	0.0	0.005707
-198.375	0.0	0.005711
-198.25	0.0	0.005714
-198.125	0.0	0.005718
-198.0	0.0	0.005722
-197.875	0.0	0.005726
-197.75	0.0	0.00573
-197.625	0.0	0.005733
-197.5	0.0	0.005737
-197.375	0.0	0.005741
-197.25	0.0	0.005745
-197.125	0.0	0.005748
-197.0	0.0	0.005752
-196.875	0.0	0.005756
-196.75	0.0	0.00576
-196.625	0.0	0.005764
-196.5	0.0	0.005767
-196.375	0.0	0.005771
-196.25	0.0	0.005775
-196.125	0.0	0.005779
-196.0	0.0	0.005783
-195.875	0.0	0.005786
-195.75	0.0	0.00579
-195.625	0.0	0.005794
-195.5	0.0	0.005798
-195.375	0.0	0.005802
-195.25	0.0	0.005805
-195.125	0.0	0.005809
-195.0	0.0	0.005813
-194.875	0.0	0.005817
-194.75	0.0	0.005821
-194.625	0.0	0.005824
-194.5	0.0	0.005828
-194.375	0.0	0.005832
-194.25	0.0	0.005836
-194.125	0.0	0.00584
-194.0	0.0	0.005844
-193.875	0.0	0.005847
-193.75	0.0	0.005851
-193.625	0.0	0.005855
-193.5	0.0	0.005859
-193.375	0.0	0.005863
-193.25	0.0	0.005866
-193.125	0.0	0.00587
-193.0	0.0	0.005874
-192.875	0.0	0.005878
-192.75	0.0	0.005882
-192.625	0.0	0.005885
-192.5	0.0	0.005889
-192.375	0.0	0.005893
-192.25	0.0	0.005897
-192.125	0.0	0.005901
-192.0	0.0	0.005904
-191.875	0.0	0.005908
-191.75	0.0	0.005912
-191.625	0.0	0.005916
-191.5	0.0	0.00592
-191.375	0.0	0.005924
-191.25	0.0	0.005927
-191.125	0.0	0.005931
-191.0	0.0	0.005935
-190.875	0.0	0.005939
-190.75	0.0	0.005943
-190.625	0.0	0.005946
-190.5	0.0	0.00595
-190.375	0.0	0.005954
-190.25	0.0	0.005958
-190.125	0.0	0.005962
-190.0	0.0	0.005966
-189.875	0.0	0.005969
-189.75	0.0	0.005973
-189.625	0.0	0.005977
-189.5	0.0	0.005981
-189.375	0.0	0.005985
-189.25	0.0	0.005989
-189.125	0.0	0.005992
-189.0	0.0	0.005996
-188.875	0.0	0.006
-188.75	0.0	0.006004
-188.625	0.0	0.006008
-188.5	0.0	0.006011
-188.375	0.0	0.006015
-188.25	0.0	0.006019
-188.125	0.0	0.006023
-188.0	0.0	0.006027
-187.875	0.0	0.006031
-187.75	0.0	0.006034
-187.625	0.0	0.006038
-187.5	0.0	0.006042
-187.375	0.0	0.006046
-187.25	0.0	0.00605
-187.125	0.0	0.006054
-187.0	0.0	0.006057
-186.875	0.0	0.006061
-186.75	0.0	0.006065
-186.625	0.0	0.006069
-186.5	0.0	0.006073
-186.375	0.0	0.006077
-186.25	0.0	0.006081
-186.125	0.0	0.006084
-186.0	0.0	0.006088
-185.875	0.0	0.006092
-185.75	0.0	0.006096
-185.625	0.0	0.0061
-185.5	0.0	0.006104
-185.375	0.0	0.006107
-185.25	0.0	0.006111
-185.125	0.0	0.006115
-185.0	0.0	0.006119
-184.875	0.0	0.006123
-184.75	0.0	0.006127
-184.625	0.0	0.006131
-184.5	0.0	0.006134
-184.375	0.0	0.006138
-184.25	0.0	0.006142
-184.125	0.0	0.006146
-184.0	0.0	0.00615
-183.875	0.0	0.006154
-183.75	0.0	0.006158
-183.625	0.0	0.006161
-183.5	0.0	0.006165
-183.375	0.0	0.006169
-183.25	0.0	0.006173
-183.125	0.0	0.006177
-183.0	0.0	0.006181
-182.875	0.0	0.006185
-182.75	0.0	0.006188
-182.625	0.0	0.006192
-182.5	0.0	0.006196
-182.375	0.0	0.0062
-182.25	0.0	0.006204
-182.125	0.0	0.006208
-182.0	0.0	0.006212
-181.875	0.0	0.006215
-181.75	0.0	0.006219
-181.625	0.0	0.006223
-181.5	0.0	0.006227
-181.375	0.0	0.006231
-181.25	0.0	0.006235
-181.125	0.0	0.006239
-181.0	0.0	0.006243
-180.875	0.0	0.006246
-180.75	0.0	0.00625
-180.625	0.0	0.006254
-180.5	0.0	0.006258
-180.375	0.0	0.006262
-180.25	0.0	0.006266
-180.125	0.0	0.00627
-180.0	0.0	0.006274
-179.875	0.0	0.006278
-179.75	0.0	0.006281
-179.625	0.0	0.006285
-179.5	0.0	0.006289
-179.375	0.0	0.006293
-179.25	0.0	0.006297
-179.125	0.0	0.006301
-179.0	0.0	0.006305
-178.875	0.0	0.006309
-178.75	0.0	0.006313
-178.625	0.0	0.006316
-178.5	0.0	0.00632
-178.375	0.0	0.006324
-178.25	0.0	0.006328
-178.125	0.0	0.006332
-178.0	0.0	0.006336
-177.875	0.0	0.00634
-177.75	0.0	0.006344
-177.625	0.0	0.006348
-177.5	0.0	0.006352
-177.375	0.0	0.006355
-177.25	0.0	0.006359
-177.125	0.0	0.006363
-177.0	0.0	0.006367
-176.875	0.0	0.006371
-176.75	0.0	0.006375
-176.625	0.0	0.006379
-176.5	0.0	0.006383
-176.375	0.0	0.006387
-176.25	0.0	0.006391
-176.125	0.0	0.006395
-176.0	0.0	0.006398
-175.875	0.0	0.006402
-175.75	0.0	0.006406
-175.625	0.0	0.00641
-175.5	0.0	0.006414
-175.375	0.0	0.006418
-175.25	0.0	0.006422
-175.125	0.0	0.006426
-175.0	0.0	0.00643
-174.875	0.0	0.006434
-174.75	0.0	0.006438
-174.625	0.0	0.006442
-174.5	0.0	0.006446
-174.375	0.0	0.006449
-174.25	0.0	0.006453
-174.125	0.0	0.006457
-174.0	0.0	0.006461
-173.875	0.0	0.006465
-173.75	0.0	0.006469
-173.625	0.0	0.006473
-173.5	0.0	0.006477
-173.375	0.0	0.006481
-173.25	0.0	0.006485
-173.125	0.0	0.006489
-173.0	0.0	0.006493
-172.875	0.0	0.006497
-172.75	0.0	0.006501
-172.625	0.0	0.006505
-172.5	0.0	0.006509
-172.375	0.0	0.006513
-172.25	0.0	0.006517
-172.125	0.0	0.00652
-172.0	0.0	0.006524
-171.875	0.0	0.006528
-171.75	0.0	0.006532
-171.625	0.0	0.006536
-171.5	0.0	0.00654
-171.375	0.0	0.006544
-171.25	0.0	0.006548
-171.125	0.0	0.006552
-171.0	0.0	0.006556
-170.875	0.0	0.00656
-170.75	0.0	0.006564
-170.625	0.0	0.006568
-170.5	0.0	0.006572
-170.375	0.0	0.006576
-170.25	0.0	0.00658
-170.125	0.0	0.006584
-170.0	0.0	0.006588
-169.875	0.0	0.006592
-169.75	0.0	0.006596
-169.625	0.0	0.0066
-169.5	0.0	0.006604
-169.375	0.0	0.006608
-169.25	0.0	0.006612
-169.125	0.0	0.006616
-169.0	0.0	0.00662
-168.875	0.0	0.006624
-168.75	0.0	0.006628
-168.625	0.0	0.006632
-168.5	0.0	0.006636
-168.375	0.0	0.00664
-168.25	0.0	0.006644
-168.125	0.0	0.006648
-168.0	0.0	0.006652
-167.875	0.0	0.006656
-167.75	0.0	0.00666
-167.625	0.0	0.006664
-167.5	0.0	0.006668
-167.375	0.0	0.006672
-167.25	0.0	0.006676
-167.125	0.0	0.00668
-167.0	0.0	0.006684
-166.875	0.0	0.006688
-166.75	0.0	0.006692
-166.625	0.0	0.006696
-166.5	0.0	0.0067
-166.375	0.0	0.006704
-166.25	0.0	0.006708
-166.125	0.0	0.006712
-166.0	0.0	0.006716
-165.875	0.0	0.00672
-165.75	0.0	0.006724
-165.625	0.0	0.006728
-165.5	0.0	0.006732
-165.375	0.0	0.006736
-165.25	0.0	0.00674
-165.125	0.0	0.006744
-165.0	0.0	0.006748
-164.875	0.0	0.006752
-164.75	0.0	0.006756
-164.625	0.0	0.00676
-164.5	0.0	0.006764
-164.375	0.0	0.006768
-164.25	0.0	0.006772
-164.125	0.0	0.006776
-164.0	0.0	0.006781
-163.875	0.0	0.006785
-163.75	0.0	0.006789
-163.625	0.0	0.006793
-163.5	0.0	0.006797
-163.375	0.0	0.006801
-163.25	0.0	0.006805
-163.125	0.0	0.006809
-163.0	0.0	0.006813
-162.875	0.0	0.006817
-162.75	0.0	0.006821
-162.625	0.0	0.006825
-162.5	0.0	0.006829
-162.375	0.0	0.006833
-162.25	0.0	0.006837
-162.125	0.0	0.006841
-162.0	0.0	0.006846
-161.875	0.0	0.00685
-161.75	0.0	0.006854
-161.625	0.0	0.006858
-161.5	0.0	0.006862
-161.375	0.0	0.006866
-161.25	0.0	0.00687
-161.125	0.0	0.006874
-161.0	0.0	0.006878
-160.875	0.0	0.006882
-160.75	0.0	0.006886
-160.625	0.0	0.00689
-160.5	0.0	0.006895
-160.375	0.0	0.006899
-160.25	0.0	0.006903
-160.125	0.0	0.006907
-160.0	0.0	0.006911
-159.875	0.0	0.006915
-159.75	0.0	0.006919
-159.625	0.0	0.006923
-159.5	0.0	0.006927
-159.375	0.0	0.006932
-159.25	0.0	0.006936
-159.125	0.0	0.00694
-159.0	0.0	0.006944
-158.875	0.0	0.006948
-158.75	0.0	0.006952
-158.625	0.0	0.006956
-158.5	0.0	0.00696
-158.375	0.0	0.006965
-158.25	0.0	0.006969
-158.125	0.0	0.006973
-158.0	0.0	0.006977
-157.875	0.0	0.006981
-157.75	0.0	0.006985
-157.625	0.0	0.006989
-157.5	0.0	0.006993
-157.375	0.0	0.006998
-157.25	0.0	0.007002
-157.125	0.0	0.007006
-157.0	0.0	0.00701
-156.875	0.0	0.007014
-156.75	0.0	0.007018
-156.625	0.0	0.007023
-156.5	0.0	0.007027
-156.375	0.0	0.007031
-156.25	0.0	0.007035
-156.125	0.0	0.007039
-156.0	0.0	0.007043
-155.875	0.0	0.007048
-155.75	0.0	0.007052
-155.625	0.0	0.007056
-155.5	0.0	0.00706
-155.375	0.0	0.007064
-155.25	0.0	0.007068
-155.125	0.0	0.007073
-155.0	0.0	0.007077
-154.875	0.0	0.007081
-154.75	0.0	0.007085
-154.625	0.0	0.007089
-154.5	0.0	0.007094
-154.375	0.0	0.007098
-154.25	0.0	0.007102
-154.125	0.0	0.007106
-154.0	0.0	0.00711
-153.875	0.0	0.007114
-153.75	0.0	0.007119
-153.625	0.0	0.007123
-153.5	0.0	0.007127
-153.375	0.0	0.007131
-153.25	0.0	0.007136
-153.125	0.0	0.00714
-153.0	0.0	0.007144
-152.875	0.0	0.007148
-152.75	0.0	0.007152
-152.625	0.0	0.007157
-152.5	0.0	0.007161
-152.375	0.0	0.007165
-152.25	0.0	0.007169
-152.125	0.0	0.007174
-152.0	0.0	0.007178
-151.875	0.0	0.007182
-151.75	0.0	0.007186
-151.625	0.0	0.007191
-151.5	0.0	0.007195
-151.375	0.0	0.007199
-151.25	0.0	0.007203
-151.125	0.0	0.007207
-151.0	0.0	0.007212
-150.875	0.0	0.007216
-150.75	0.0	0.00722
-150.625	0.0	0.007225
-150.5	0.0	0.007229
-150.375	0.0	0.007233
-150.25	0.0	0.007237
-150.125	0.0	0.007242
-150.0	0.0	0.007246
-149.875	0.0	0.00725
-149.75	0.0	0.007254
-149.625	0.0	0.007259
-149.5	0.0	0.007263
-149.375	0.0	0.007267
-149.25	0.0	0.007272
-149.125	0.0	0.007276
-149.0	0.0	0.00728
-148.875	0.0	0.007284
-148.75	0.0	0.007289
-148.625	0.0	0.007293
-148.5	0.0	0.007297
-148.375	0.0	0.007302
-148.25	0.0	0.007306
-148.125	0.0	0.00731
-148.0	0.0	0.007315
-147.875	0.0	0.007319
-147.75	0.0	0.007323
-147.625	0.0	0.007327
-147.5	0.0	0.007332
-147.375	0.0	0.007336
-147.25	0.0	0.00734
-147.125	0.0	0.007345
-147.0	0.0	0.007349
-146.875	0.0	0.007353
-146.75	0.0	0.007358
-146.625	0.0	0.007362
-146.5	0.0	0.007366
-146.375	0.0	0.007371
-146.25	0.0	0.007375
-146.125	0.0	0.007379
-146.0	0.0	0.007384
-145.875	0.0	0.007388
-145.75	0.0	0.007393
-145.625	0.0	0.007397
-145.5	0.0	0.007401
-145.375	0.0	0.007406
-145.25	0.0	0.00741
-145.125	0.0	0.007414
-145.0	0.0	0.007419
-144.875	0.0	0.007423
-144.75	0.0	0.007427
-144.625	0.0	0.007432
-144.5	0.0	0.007436
-144.375	0.0	0.007441
-144.25	0.0	0.007445
-144.125	0.0	0.007449
-144.0	0.0	0.007454
-143.875	0.0	0.007458
-143.75	0.0	0.007463
-143.625	0.0	0.007467
-143.5	0.0	0.007471
-143.375	0.0	0.007476
-143.25	0.0	0.00748
-143.125	0.0	0.007485
-143.0	0.0	0.007489
-142.875	0.0	0.007493
-142.75	0.0	0.007498
-142.625	0.0	0.007502
-142.5	0.0	0.007507
-142.375	0.0	0.007511
-142.25	0.0	0.007516
-142.125	0.0	0.00752
-142.0	0.0	0.007524
-141.875	0.0	0.007529
-141.75	0.0	0.007533
-141.625	0.0	0.007538
-141.5	0.0	0.007542
-141.375	0.0	0.007547
-141.25	0.0	0.007551
-141.125	0.0	0.007556
-141.0	0.0	0.00756
-140.875	0.0	0.007564
-140.75	0.0	0.007569
-140.625	0.0	0.007573
-140.5	0.0	0.007578
-140.375	0.0	0.007582
-140.25	0.0	0.007587
-140.125	0.0	0.007591
-140.0	0.0	0.007596
-139.875	0.0	0.0076
-139.75	0.0	0.007605
-139.625	0.0	0.007609
-139.5	0.0	0.007614
-139.375	0.0	0.007618
-139.25	0.0	0.007623
-139.125	0.0	0.007627
-139.0	0.0	0.007632
-138.875	0.0	0.007636
-138.75	0.0	0.007641
-138.625	0.0	0.007645
-138.5	0.0	0.00765
-138.375	0.0	0.007654
-138.25	0.0	0.007659
-138.125	0.0	0.007663
-138.0	0.0	0.007668
-137.875	0.0	0.007672
-137.75	0.0	0.007677
-137.625	0.0	0.007682
-137.5	0.0	0.007686
-137.375	0.0	0.007691
-137.25	0.0	0.007695
-137.125	0.0	0.0077
-137.0	0.0	0.007704
-136.875	0.0	0.007709
-136.75	0.0	0.007713
-136.625	0.0	0.007718
-136.5	0.0	0.007723
-136.375	0.0	0.007727
-136.25	0.0	0.007732
-136.125	0.0	0.007736
-136.0	0.0	0.007741
-135.875	0.0	0.007745
-135.75	0.0	0.00775
-135.625	0.0	0.007755
-135.5	0.0	0.007759
-135.375	0.0	0.007764
-135.25	0.0	0.007768
-135.125	0.0	0.007773
-135.0	0.0	0.007778
-134.875	0.0	0.007782
-134.75	0.0	0.007787
-134.625	0.0	0.007791
-134.5	0.0	0.007796
-134.375	0.0	0.007801
-134.25	0.0	0.007805
-134.125	0.0	0.00781
-134.0	0.0	0.007815
-133.875	0.0	0.007819
-133.75	0.0	0.007824
-133.625	0.0	0.007829
-133.5	0.0	0.007833
-133.375	0.0	0.007838
-133.25	0.0	0.007842
-133.125	0.0	0.007847
-133.0	0.0	0.007852
-132.875	0.0	0.007856
-132.75	0.0	0.007861
-132.625	0.0	0.007866
-132.5	0.0	0.00787
-132.375	0.0	0.007875
-132.25	0.0	0.00788
-132.125	0.0	0.007885
-132.0	0.0	0.007889
-131.875	0.0	0.007894
-131.75	0.0	0.007899
-131.625	0.0	0.007903
-131.5	0.0	0.007908
-131.375	0.0	0.007913
-131.25	0.0	0.007917
-131.125	0.0	0.007922
-131.0	0.0	0.007927
-130.875	0.0	0.007932
-130.75	0.0	0.007936
-130.625	0.0	0.007941
-130.5	0.0	0.007946
-130.375	0.0	0.00795
-130.25	0.0	0.007955
-130.125	0.0	0.00796
-130.0	0.0	0.007965
-129.875	0.0	0.007969
-129.75	0.0	0.007974
-129.625	0.0	0.007979
-129.5	0.0	0.007984
-129.375	0.0	0.007989
-129.25	0.0	0.007993
-129.125	0.0	0.007998
-129.0	0.0	0.008003
-128.875	0.0	0.008008
-128.75	0.0	0.008012
-128.625	0.0	0.008017
-128.5	0.0	0.008022
-128.375	0.0	0.008027
-128.25	0.0	0.008032
-128.125	0.0	0.008036
-128.0	0.0	0.008041
-127.875	0.0	0.008046
-127.75	0.0	0.008051
-127.625	0.0	0.008056
-127.5	0.0	0.00806
-127.375	0.0	0.008065
-127.25	0.0	0.00807
-127.125	0.0	0.008075
-127.0	0.0	0.00808
-126.875	0.0	0.008085
-126.75	0.0	0.008089
-126.625	0.0	0.008094
-126.5	0.0	0.008099
-126.375	0.0	0.008104
-126.25	0.0	0.008109
-126.125	0.0	0.008114
-126.0	0.0	0.008119
-125.875	0.0	0.008123
-125.75	0.0	0.008128
-125.625	0.0	0.008133
-125.5	0.0	0.008138
-125.375	0.0	0.008143
-125.25	0.0	0.008148
-125.125	0.0	0.008153
-125.0	0.0	0.008158
-124.875	0.0	0.008163
-124.75	0.0	0.008168
-124.625	0.0	0.008172
-124.5	0.0	0.008177
-124.375	0.0	0.008182
-124.25	0.0	0.008187
-124.125	0.0	0.008192
-124.0	0.0	0.008197
-123.875	0.0	0.008202
-123.75	0.0	0.008207
-123.625	0.0	0.008212
-123.5	0.0	0.008217
-123.375	0.0	0.008222
-123.25	0.0	0.008227
-123.125	0.0	0.008232
-123.0	0.0	0.008237
-122.875	0.0	0.008242
-122.75	0.0	0.008247
-122.625	0.0	0.008252
-122.5	0.0	0.008257
-122.375	0.0	0.008262
-122.25	0.0	0.008267
-122.125	0.0	0.008272
-122.0	0.0	0.008277
-121.875	0.0	0.008282
-121.75	0.0	0.008287
-121.625	0.0	0.008292
-121.5	0.0	0.008297
-121.375	0.0	0.008302
-121.25	0.0	0.008307
-121.125	0.0	0.008312
-121.0	0.0	0.008317
-120.875	0.0	0.008322
-120.75	0.0	0.008327
-120.625	0.0	0.008332
-120.5	0.0	0.008337
-120.375	0.0	0.008342
-120.25	0.0	0.008347
-120.125	0.0	0.008352
-120.0	0.0	0.008357
-119.875	0.0	0.008362
-119.75	0.0	0.008367
-119.625	0.0	0.008372
-119.5	0.0	0.008378
-119.375	0.0	0.008383
-119.25	0.0	0.008388
-119.125	0.0	0.008393
-119.0	0.0	0.008398
-118.875	0.0	0.008403
-118.75	0.0	0.008408
-118.625	0.0	0.008413
-118.5	0.0	0.008418
-118.375	0.0	0.008424
-118.25	0.0	0.008429
-118.125	0.0	0.008434
-118.0	0.0	0.008439
-117.875	0.0	0.008444
-117.75	0.0	0.008449
-117.625	0.0	0.008455
-117.5	0.0	0.00846
-117.375	0.0	0.008465
-117.25	0.0	0.00847
-117.125	0.0	0.008475
-117.0	0.0	0.00848
-116.875	0.0	0.008486
-116.75	0.0	0.008491
-116.625	0.0	0.008496
-116.5	0.0	0.008501
-116.375	0.0	0.008506
-116.25	0.0	0.008512
-116.125	0.0	0.008517
-116.0	0.0	0.008522
-115.875	0.0	0.008527
-115.75	0.0	0.008533
-115.625	0.0	0.008538
-115.5	0.0	0.008543
-115.375	0.0	0.008548
-115.25	0.0	0.008554
-115.125	0.0	0.008559
-115.0	0.0	0.008564
-114.875	0.0	0.008569
-114.75	0.0	0.008575
-114.625	0.0	0.00858
-114.5	0.0	0.008585
-114.375	0.0	0.00859
-114.25	0.0	0.008596
-114.125	0.0	0.008601
-114.0	0.0	0.008606
-113.875	0.0	0.008612
-113.75	0.0	0.008617
-113.625	0.0	0.008622
-113.5	0.0	0.008628
-113.375	0.0	0.008633
-113.25	0.0	0.008638
-113.125	0.0	0.008644
-113.0	0.0	0.008649
-112.875	0.0	0.008654
-112.75	0.0	0.00866
-112.625	0.0	0.008665
-112.5	0.0	0.00867
-112.375	0.0	0.008676
-112.25	0.0	0.008681
-112.125	0.0	0.008687
-112.0	0.0	0.008692
-111.875	0.0	0.008697
-111.75	0.0	0.008703
-111.625	0.0	0.008708
-111.5	0.0	0.008714
-111.375	0.0	0.008719
-111.25	0.0	0.008724
-111.125	0.0	0.00873
-111.0	0.0	0.008735
-110.875	0.0	0.008741
-110.75	0.0	0.008746
-110.625	0.0	0.008752
-110.5	0.0	0.008757
-110.375	0.0	0.008763
-110.25	0.0	0.008768
-110.125	0.0	0.008774
-110.0	0.0	0.008779
-109.875	0.0	0.008784
-109.75	0.0	0.00879
-109.625	0.0	0.008795
-109.5	0.0	0.008801
-109.375	0.0	0.008806
-109.25	0.0	0.008812
-109.125	0.0	0.008818
-109.0	0.0	0.008823
-108.875	0.0	0.008829
-108.75	0.0	0.008834
-108.625	0.0	0.00884
-108.5	0.0	0.008845
-108.375	0.0	0.008851
-108.25	0.0	0.008856
-108.125	0.0	0.008862
-108.0	0.0	0.008867
-107.875	0.0	0.008873
-107.75	0.0	0.008879
-107.625	0.0	0.008884
-107.5	0.0	0.00889
-107.375	0.0	0.008895
-107.25	0.0	0.008901
-107.125	0.0	0.008907
-107.0	0.0	0.008912
-106.875	0.0	0.008918
-106.75	0.0	0.008923
-106.625	0.0	0.008929
-106.5	0.0	0.008935
-106.375	0.0	0.00894
-106.25	0.0	0.008946
-106.125	0.0	0.008952
-106.0	0.0	0.008957
-105.875	0.0	0.008963
-105.75	0.0	0.008969
-105.625	0.0	0.008974
-105.5	0.0	0.00898
-105.375	0.0	0.008986
-105.25	0.0	0.008992
-105.125	0.0	0.008997
-105.0	0.0	0.009003
-104.875	0.0	0.009009
-104.75	0.0	0.009014
-104.625	0.0	0.00902
-104.5	0.0	0.009026
-104.375	0.0	0.009032
-104.25	0.0	0.009037
-104.125	0.0	0.009043
-104.0	0.0	0.009049
-103.875	0.0	0.009055
-103.75	0.0	0.00906
-103.625	0.0	0.009066
-103.5	0.0	0.009072
-103.375	0.0	0.009078
-103.25	0.0	0.009084
-103.125	0.0	0.009089
-103.0	0.0	0.009095
-102.875	0.0	0.009101
-102.75	0.0	0.009107
-102.625	0.0	0.009113
-102.5	0.0	0.009119
-102.375	0.0	0.009124
-102.25	0.0	0.00913
-102.125	0.0	0.009136
-102.0	0.0	0.009142
-101.875	0.0	0.009148
-101.75	0.0	0.009154
-101.625	0.0	0.00916
-101.5	0.0	0.009166
-101.375	0.0	0.009172
-101.25	0.0	0.009177
-101.125	0.0	0.009183
-101.0	0.0	0.009189
-100.875	0.0	0.009195
-100.75	0.0	0.009201
-100.625	0.0	0.009207
-100.5	0.0	0.009213
-100.375	0.0	0.009219
-100.25	0.0	0.009225
-100.125	0.0	0.009231
-100.0	0.0	0.009237
-99.875	0.0	0.009243
-99.75	0.0	0.009249
-99.625	0.0	0.009255
-99.5	0.0	0.009261
-99.375	0.0	0.009267
-99.25	0.0	0.009273
-99.125	0.0	0.009279
-99.0	0.0	0.009285
-98.875	0.0	0.009291
-98.75	0.0	0.009297
-98.625	0.0	0.009303
-98.5	0.0	0.009309
-98.375	0.0	0.009315
-98.25	0.0	0.009321
-98.125	0.0	0.009327
-98.0	0.0	0.009334
-97.875	0.0	0.00934
-97.75	0.0	0.009346
-97.625	0.0	0.009352
-97.5	0.0	0.009358
-97.375	0.0	0.009364
-97.25	0.0	0.00937
-97.125	0.0	0.009376
-97.0	0.0	0.009383
-96.875	0.0	0.009389
-96.75	0.0	0.009395
-96.625	0.0	0.009401
-96.5	0.0	0.009407
-96.375	0.0	0.009413
-96.25	0.0	0.00942
-96.125	0.0	0.009426
-96.0	0.0	0.009432
-95.875	0.0	0.009438
-95.75	0.0	0.009445
-95.625	0.0	0.009451
-95.5	0.0	0.009457
-95.375	0.0	0.009463
-95.25	0.0	0.00947
-95.125	0.0	0.009476
-95.0	0.0	0.009482
-94.875	0.0	0.009488
-94.75	0.0	0.009495
-94.625	0.0	0.009501
-94.5	0.0	0.009507
-94.375	0.0	0.009514
-94.25	0.0	0.00952
-94.125	0.0	0.009526
-94.0	0.0	0.009533
-93.875	0.0	0.009539
-93.75	0.0	0.009545
-93.625	0.0	0.009552
-93.5	0.0	0.009558
-93.375	0.0	0.009564
-93.25	0.0	0.009571
-93.125	0.0	0.009577
-93.0	0.0	0.009584
-92.875	0.0	0.00959
-92.75	0.0	0.009596
-92.625	0.0	0.009603
-92.5	0.0	0.009609
-92.375	0.0	0.009616
-92.25	0.0	0.009622
-92.125	0.0	0.009629
-92.0	0.0	0.009635
-91.875	0.0	0.009642
-91.75	0.0	0.009648
-91.625	0.0	0.009655
-91.5	0.0	0.009661
-91.375	0.0	0.009668
-91.25	0.0	0.009674
-91.125	0.0	0.009681
-91.0	0.0	0.009687
-90.875	0.0	0.009694
-90.75	0.0	0.0097
-90.625	0.0	0.009707
-90.5	0.0	0.009713
-90.375	0.0	0.00972
-90.25	0.0	0.009727
-90.125	0.0	0.009733
-90.0	0.0	0.00974
-89.875	0.0	0.009746
-89.75	0.0	0.009753
-89.625	0.0	0.00976
-89.5	0.0	0.009766
-89.375	0.0	0.009773
-89.25	0.0	0.00978
-89.125	0.0	0.009786
-89.0	0.0	0.009793
-88.875	0.0	0.0098
-88.75	0.0	0.009806
-88.625	0.0	0.009813
-88.5	0.0	0.00982
-88.375	0.0	0.009827
-88.25	0.0	0.009833
-88.125	0.0	0.00984
-88.0	0.0	0.009847
-87.875	0.0	0.009854
-87.75	0.0	0.00986
-87.625	0.0	0.009867
-87.5	0.0	0.009874
-87.375	0.0	0.009881
-87.25	0.0	0.009887
-87.125	0.0	0.009894
-87.0	0.0	0.009901
-86.875	0.0	0.009908
-86.75	0.0	0.009915
-86.625	0.0	0.009922
-86.5	0.0	0.009929
-86.375	0.0	0.009935
-86.25	0.0	0.009942
-86.125	0.0	0.009949
-86.0	0.0	0.009956
-85.875	0.0	0.009963
-85.75	0.0	0.00997
-85.625	0.0	0.009977
-85.5	0.0	0.009984
-85.375	0.0	0.009991
-85.25	0.0	0.009998
-85.125	0.0	0.010005
-85.0	0.0	0.010012
-84.875	0.0	0.010019
-84.75	0.0	0.010026
-84.625	0.0	0.010033
-84.5	0.0	0.01004
-84.375	0.0	0.010047
-84.25	0.0	0.010054
-84.125	0.0	0.010061
-84.0	0.0	0.010068
-83.875	0.0	0.010075
-83.75	0.0	0.010082
-83.625	0.0	0.010089
-83.5	0.0	0.010096
-83.375	0.0	0.010103
-83.25	0.0	0.01011
-83.125	0.0	0.010117
-83.0	0.0	0.010125
-82.875	0.0	0.010132
-82.75	0.0	0.010139
-82.625	0.0	0.010146
-82.5	0.0	0.010153
-82.375	0.0	0.01016
-82.25	0.0	0.010168
-82.125	0.0	0.010175
-82.0	0.0	0.010182
-81.875	0.0	0.010189
-81.75	0.0	0.010197
-81.625	0.0	0.010204
-81.5	0.0	0.010211
-81.375	0.0	0.010218
-81.25	0.0	0.010226
-81.125	0.0	0.010233
-81.0	0.0	0.01024
-80.875	0.0	0.010248
-80.75	0.0	0.010255
-80.625	0.0	0.010262
-80.5	0.0	0.01027
-80.375	0.0	0.010277
-80.25	0.0	0.010284
-80.125	0.0	0.010292
-80.0	0.0	0.010299
-79.875	0.0	0.010307
-79.75	0.0	0.010314
-79.625	0.0	0.010321
-79.5	0.0	0.010329
-79.375	0.0	0.010336
-79.25	0.0	0.010344
-79.125	0.0	0.010351
-79.0	0.0	0.010359
-78.875	0.0	0.010366
-78.75	0.0	0.010374
-78.625	0.0	0.010381
-78.5	0.0	0.010389
-78.375	0.0	0.010396
-78.25	0.0	0.010404
-78.125	0.0	0.010411
-78.0	0.0	0.010419
-77.875	0.0	0.010427
-77.75	0.0	0.010434
-77.625	0.0	0.010442
-77.5	0.0	0.010449
-77.375	0.0	0.010457
-77.25	0.0	0.010465
-77.125	0.0	0.010472
-77.0	0.0	0.01048
-76.875	0.0	0.010488
-76.75	0.0	0.010495
-76.625	0.0	0.010503
-76.5	0.0	0.010511
-76.375	0.0	0.010519
-76.25	0.0	0.010526
-76.125	0.0	0.010534
-76.0	0.0	0.010542
-75.875	0.0	0.01055
-75.75	0.0	0.010557
-75.625	0.0	0.010565
-75.5	0.0	0.010573
-75.375	0.0	0.010581
-75.25	0.0	0.010589
-75.125	0.0	0.010597
-75.0	0.0	0.010605
-74.875	0.0	0.010612
-74.75	0.0	0.01062
-74.625	0.0	0.010628
-74.5	0.0	0.010636
-74.375	0.0	0.010644
-74.25	0.0	0.010652
-74.125	0.0	0.01066
-74.0	0.0	0.010668
-73.875	0.0	0.010676
-73.75	0.0	0.010684
-73.625	0.0	0.010692
-73.5	0.0	0.0107
-73.375	0.0	0.010708
-73.25	0.0	0.010716
-73.125	0.0	0.010724
-73.0	0.0	0.010732
-72.875	0.0	0.01074
-72.75	0.0	0.010748
-72.625	0.0	0.010756
-72.5	0.0	0.010765
-72.375	0.0	0.010773
-72.25	0.0	0.010781
-72.125	0.0	0.010789
-72.0	0.0	0.010797
-71.875	0.0	0.010805
-71.75	0.0	0.010814
-71.625	0.0	0.010822
-71.5	0.0	0.01083
-71.375	0.0	0.010838
-71.25	0.0	0.010847
-71.125	0.0	0.010855
-71.0	0.0	0.010863
-70.875	0.0	0.010871
-70.75	0.0	0.01088
-70.625	0.0	0.010888
-70.5	0.0	0.010896
-70.375	0.0	0.010905
-70.25	0.0	0.010913
-70.125	0.0	0.010922
-70.0	0.0	0.01093
-69.875	0.0	0.010938
-69.75	0.0	0.010947
-69.625	0.0	0.010955
-69.5	0.0	0.010964
-69.375	0.0	0.010972
-69.25	0.0	0.010981
-69.125	0.0	0.010989
-69.0	0.0	0.010998
-68.875	0.0	0.011006
-68.75	0.0	0.011015
-68.625	0.0	0.011023
-68.5	0.0	0.011032
-68.375	0.0	0.011041
-68.25	0.0	0.011049
-68.125	0.0	0.011058
-68.0	0.0	0.011066
-67.875	0.0	0.011075
-67.75	0.0	0.011084
-67.625	0.0	0.011092
-67.5	0.0	0.011101
-67.375	0.0	0.01111
-67.25	0.0	0.011119
-67.125	0.0	0.011127
-67.0	0.0	0.011136
-66.875	0.0	0.011145
-66.75	0.0	0.011154
-66.625	0.0	0.011162
-66.5	0.0	0.011171
-66.375	0.0	0.01118
-66.25	0.0	0.011189
-66.125	0.0	0.011198
-66.0	0.0	0.011207
-65.875	0.0	0.011216
-65.75	0.0	0.011224
-65.625	0.0	0.011233
-65.5	0.0	0.011242
-65.375	0.0	0.011251
-65.25	0.0	0.01126
-65.125	0.0	0.011269
-65.0	0.0	0.011278
-64.875	0.0	0.011287
-64.75	0.0	0.011296
-64.625	0.0	0.011305
-64.5	0.0	0.011314
-64.375	0.0	0.011324
-64.25	0.0	0.011333
-64.125	0.0	0.011342
-64.0	0.0	0.011351
-63.875	0.0	0.01136
-63.75	0.0	0.011369
-63.625	0.0	0.011378
-63.5	0.0	0.011388
-63.375	0.0	0.011397
-63.25	0.0	0.011406
-63.125	0.0	0.011415
-63.0	0.0	0.011425
-62.875	0.0	0.011434
-62.75	0.0	0.011443
-62.625	0.0	0.011453
-62.5	0.0	0.011462
-62.375	0.0	0.011471
-62.25	0.0	0.011481
-62.125	0.0	0.01149
-62.0	0.0	0.0115
-61.875	0.0	0.011509
-61.75	0.0	0.011518
-61.625	0.0	0.011528
-61.5	0.0	0.011537
-61.375	0.0	0.011547
-61.25	0.0	0.011556
-61.125	0.0	0.011566
-61.0	0.0	0.011576
-60.875	0.0	0.011585
-60.75	0.0	0.011595
-60.625	0.0	0.011604
-60.5	0.0	0.011614
-60.375	0.0	0.011624
-60.25	0.0	0.011633
-60.125	0.0	0.011643
-60.0	0.0	0.011653
-59.875	0.0	0.011662
-59.75	0.0	0.011672
-59.625	0.0	0.011682
-59.5	0.0	0.011692
-59.375	0.0	0.011701
-59.25	0.0	0.011711
-59.125	0.0	0.011721
-59.0	0.0	0.011731
-58.875	0.0	0.011741
-58.75	0.0	0.011751
-58.625	0.0	0.011761
-58.5	0.0	0.011771
-58.375	0.0	0.011781
-58.25	0.0	0.011791
-58.125	0.0	0.011801
-58.0	0.0	0.011811
-57.875	0.0	0.011821
-57.75	0.0	0.011831
-57.625	0.0	0.011841
-57.5	0.0	0.011851
-57.375	0.0	0.011861
-57.25	0.0	0.011871
-57.125	0.0	0.011881
-57.0	0.0	0.011891
-56.875	0.0	0.011902
-56.75	0.0	0.011912
-56.625	0.0	0.011922
-56.5	0.0	0.011932
-56.375	0.0	0.011943
-56.25	0.0	0.011953
-56.125	0.0	0.011963
-56.0	0.0	0.011973
-55.875	0.0	0.011984
-55.75	0.0	0.011994
-55.625	0.0	0.012005
-55.5	0.0	0.012015
-55.375	0.0	0.012025
-55.25	0.0	0.012036
-55.125	0.0	0.012046
-55.0	0.0	0.012057
-54.875	0.0	0.012067
-54.75	0.0	0.012078
-54.625	0.0	0.012089
-54.5	0.0	0.012099
-54.375	0.0	0.01211
-54.25	0.0	0.01212
-54.125	0.0	0.012131
-54.0	0.0	0.012142
-53.875	0.0	0.012152
-53.75	0.0	0.012163
-53.625	0.0	0.012174
-53.5	0.0	0.012185
-53.375	0.0	0.012195
-53.25	0.0	0.012206
-53.125	0.0	0.012217
-53.0	0.0	0.012228
-52.875	0.0	0.012239
-52.75	0.0	0.01225
-52.625	0.0	0.012261
-52.5	0.0	0.012272
-52.375	0.0	0.012283
-52.25	0.0	0.012294
-52.125	0.0	0.012305
-52.0	0.0	0.012316
-51.875	0.0	0.012327
-51.75	0.0	0.012338
-51.625	0.0	0.012349
-51.5	0.0	0.01236
-51.375	0.0	0.012371
-51.25	0.0	0.012382
-51.125	0.0	0.012394
-51.0	0.0	0.012405
-50.875	0.0	0.012416
-50.75	0.0	0.012427
-50.625	0.0	0.012439
-50.5	0.0	0.01245
-50.375	0.0	0.012461
-50.25	0.0	0.012473
-50.125	0.0	0.012484
-50.0	0.0	0.012496
-49.875	0.0	0.012507
-49.75	0.0	0.012519
-49.625	0.0	0.01253
-49.5	0.0	0.012542
-49.375	0.0	0.012553
-49.25	0.0	0.012565
-49.125	0.0	0.012576
-49.0	0.0	0.012588
-48.875	0.0	0.0126
-48.75	0.0	0.012611
-48.625	0.0	0.012623
-48.5	0.0	0.012635
-48.375	0.0	0.012647
-48.25	0.0	0.012658
-48.125	0.0	0.01267
-48.0	0.0	0.012682
-47.875	0.0	0.012694
-47.75	0.0	0.012706
-47.625	0.0	0.012718
-47.5	0.0	0.01273
-47.375	0.0	0.012742
-47.25	0.0	0.012754
-47.125	0.0	0.012766
-47.0	0.0	0.012778
-46.875	0.0	0.01279
-46.75	0.0	0.012802
-46.625	0.0	0.012814
-46.5	0.0	0.012826
-46.375	0.0	0.012838
-46.25	0.0	0.012851
-46.125	0.0	0.012863
-46.0	0.0	0.012875
-45.875	0.0	0.012888
-45.75	0.0	0.0129
-45.625	0.0	0.012912
-45.5	0.0	0.012925
-45.375	0.0	0.012937
-45.25	0.0	0.01295
-45.125	0.0	0.012962
-45.0	0.0	0.012975
-44.875	0.0	0.012987
-44.75	0.0	0.013
-44.625	0.0	0.013012
-44.5	0.0	0.013025
-44.375	0.0	0.013038
-44.25	0.0	0.01305
-44.125	0.0	0.013063
-44.0	0.0	0.013076
-43.875	0.0	0.013088
-43.75	0.0	0.013101
-43.625	0.0	0.013114
-43.5	0.0	0.013127
-43.375	0.0	0.01314
-43.25	0.0	0.013153
-43.125	0.0	0.013166
-43.0	0.0	0.013179
-42.875	0.0	0.013192
-42.75	0.0	0.013205
-42.625	0.0	0.013218
-42.5	0.0	0.013231
-42.375	0.0	0.013244
-42.25	0.0	0.013257
-42.125	0.0	0.013271
-42.0	0.0	0.013284
-41.875	0.0	0.013297
-41.75	0.0	0.01331
-41.625	0.0	0.013324
-41.5	0.0	0.013337
-41.375	0.0	0.013351
-41.25	0.0	0.013364
-41.125	0.0	0.013377
-41.0	0.0	0.013391
-40.875	0.0	0.013404
-40.75	0.0	0.013418
-40.625	0.0	0.013432
-40.5	0.0	0.013445
-40.375	0.0	0.013459
-40.25	0.0	0.013473
-40.125	0.0	0.013486
-40.0	0.0	0.0135
-39.875	0.0	0.013514
-39.75	0.0	0.013528
-39.625	0.0	0.013542
-39.5	0.0	0.013556
-39.375	0.0	0.01357
-39.25	0.0	0.013584
-39.125	0.0	0.013598
-39.0	0.0	0.013612
-38.875	0.0	0.013626
-38.75	0.0	0.01364
-38.625	0.0	0.013654
-38.5	0.0	0.013668
-38.375	0.0	0.013682
-38.25	0.0	0.013697
-38.125	0.0	0.013711
-38.0	0.0	0.013725
-37.875	0.0	0.01374
-37.75	0.0	0.013754
-37.625	0.0	0.013769
-37.5	0.0	0.013783
-37.375	0.0	0.013798
-37.25	0.0	0.013812
-37.125	0.0	0.013827
-37.0	0.0	0.013841
-36.875	0.0	0.013856
-36.75	0.0	0.013871
-36.625	0.0	0.013886
-36.5	0.0	0.0139
-36.375	0.0	0.013915
-36.25	0.0	0.01393
-36.125	0.0	0.013945
-36.0	0.0	0.01396
-35.875	0.0	0.013975
-35.75	0.0	0.01399
-35.625	0.0	0.014005
-35.5	0.0	0.01402
-35.375	0.0	0.014035
-35.25	0.0	0.014051
-35.125	0.0	0.014066
-35.0	0.0	0.014081
-34.875	0.0	0.014096
-34.75	0.0	0.014112
-34.625	0.0	0.014127
-34.5	0.0	0.014143
-34.375	0.0	0.014158
-34.25	0.0	0.014174
-34.125	0.0	0.014189
-34.0	0.0	0.014205
-33.875	0.0	0.01422
-33.75	0.0	0.014236
-33.625	0.0	0.014252
-33.5	0.0	0.014268
-33.375	0.0	0.014283
-33.25	0.0	0.014299
-33.125	0.0	0.014315
-33.0	0.0	0.014331
-32.875	0.0	0.014347
-32.75	0.0	0.014363
-32.625	0.0	0.014379
-32.5	0.0	0.014395
-32.375	0.0	0.014411
-32.25	0.0	0.014428
-32.125	0.0	0.014444
-32.0	0.0	0.01446
-31.875	0.0	0.014477
-31.75	0.0	0.014493
-31.625	0.0	0.014509
-31.5	0.0	0.014526
-31.375	0.0	0.014542
-31.25	0.0	0.014559
-31.125	0.0	0.014576
-31.0	0.0	0.014592
-30.875	0.0	0.014609
-30.75	0.0	0.014626
-30.625	0.0	0.014643
-30.5	0.0	0.01466
-30.375	0.0	0.014676
-30.25	0.0	0.014693
-30.125	0.0	0.01471
-30.0	0.0	0.014727
-29.875	0.0	0.014745
-29.75	0.0	0.014762
-29.625	0.0	0.014779
-29.5	0.0	0.014796
-29.375	0.0	0.014814
-29.25	0.0	0.014831
-29.125	0.0	0.014848
-29.0	0.0	0.014866
-28.875	0.0	0.014883
-28.75	0.0	0.014901
-28.625	0.0	0.014918
-28.5	0.0	0.014936
-28.375	0.0	0.014954
-28.25	0.0	0.014972
-28.125	0.0	0.014989
-28.0	0.0	0.015007
-27.875	0.0	0.015025
-27.75	0.0	0.015043
-27.625	0.0	0.015061
-27.5	0.0	0.015079
-27.375	0.0	0.015097
-27.25	0.0	0.015116
-27.125	0.0	0.015134
-27.0	0.0	0.015152
-26.875	0.0	0.015171
-26.75	0.0	0.015189
-26.625	0.0	0.015207
-26.5	0.0	0.015226
-26.375	0.0	0.015245
-26.25	0.0	0.015263
-26.125	0.0	0.015282
-26.0	0.0	0.015301
-25.875	0.0	0.015319
-25.75	0.0	0.015338
-25.625	0.0	0.015357
-25.5	0.0	0.015376
-25.375	0.0	0.015395
-25.25	0.0	0.015414
-25.125	0.0	0.015434
-25.0	0.0	0.015453
-24.875	0.0	0.015472
-24.75	0.0	0.015491
-24.625	0.0	0.015511
-24.5	0.0	0.01553
-24.375	0.0	0.01555
-24.25	0.0	0.015569
-24.125	0.0	0.015589
-24.0	0.0	0.015609
-23.875	0.0	0.015628
-23.75	0.0	0.015648
-23.625	0.0	0.015668
-23.5	0.0	0.015688
-23.375	0.0	0.015708
-23.25	0.0	0.015728
-23.125	0.0	0.015748
-23.0	0.0	0.015769
-22.875	0.0	0.015789
-22.75	0.0	0.015809
-22.625	0.0	0.01583
-22.5	0.0	0.01585
-22.375	0.0	0.015871
-22.25	0.0	0.015891
-22.125	0.0	0.015912
-22.0	0.0	0.015933
-21.875	0.0	0.015953
-21.75	0.0	0.015974
-21.625	0.0	0.015995
-21.5	0.0	0.016016
-21.375	0.0	0.016037
-21.25	0.0	0.016059
-21.125	0.0	0.01608
-21.0	0.0	0.016101
-20.875	0.0	0.016122
-20.75	0.0	0.016144
-20.625	0.0	0.016165
-20.5	0.0	0.016187
-20.375	0.0	0.016209
-20.25	0.0	0.01623
-20.125	0.0	0.016252
-20.0	0.0	0.016274
-19.875	0.0	0.016296
-19.75	0.0	0.016318
-19.625	0.0	0.01634
-19.5	0.0	0.016362
-19.375	0.0	0.016384
-19.25	0.0	0.016407
-19.125	0.0	0.016429
-19.0	0.0	0.016452
-18.875	0.0	0.016474
-18.75	0.0	0.016497
-18.625	0.0	0.016519
-18.5	0.0	0.016542
-18.375	0.0	0.016565
-18.25	0.0	0.016588
-18.125	0.0	0.016611
-18.0	0.0	0.016634
-17.875	0.0	0.016657
-17.75	0.0	0.01668
-17.625	0.0	0.016704
-17.5	0.0	0.016727
-17.375	0.0	0.016751
-17.25	0.0	0.016774
-17.125	0.0	0.016798
-17.0	0.0	0.016822
-16.875	0.0	0.016845
-16.75	0.0	0.016869
-16.625	0.0	0.016893
-16.5	0.0	0.016917
-16.375	0.0	0.016942
-16.25	0.0	0.016966
-16.125	0.0	0.01699
-16.0	0.0	0.017015
-15.875	0.0	0.017039
-15.75	0.0	0.017064
-15.625	0.0	0.017088
-15.5	0.0	0.017113
-15.375	0.0	0.017138
-15.25	0.0	0.017163
-15.125	0.0	0.017188
-15.0	0.0	0.017213
-14.875	0.0	0.017238
-14.75	0.0	0.017264
-14.625	0.0	0.017289
-14.5	0.0	0.017315
-14.375	0.0	0.01734
-14.25	0.0	0.017366
-14.125	0.0	0.017392
-14.0	0.0	0.017418
-13.875	0.0	0.017444
-13.75	0.0	0.01747
-13.625	0.0	0.017496
-13.5	0.0	0.017522
-13.375	0.0	0.017548
-13.25	0.0	0.017575
-13.125	0.0	0.017602
-13.0	0.0	0.017628
-12.875	0.0	0.017655
-12.75	0.0	0.017682
-12.625	0.0	0.017709
-12.5	0.0	0.017736
-12.375	0.0	0.017763
-12.25	0.0	0.01779
-12.125	0.0	0.017818
-12.0	0.0	0.017845
-11.875	0.0	0.017873
-11.75	0.0	0.017901
-11.625	0.0	0.017928
-11.5	0.0	0.017956
-11.375	0.0	0.017984
-11.25	0.0	0.018012
-11.125	0.0	0.018041
-11.0	0.0	0.018069
-10.875	0.0	0.018098
-10.75	0.0	0.018126
-10.625	0.0	0.018155
-10.5	0.0	0.018184
-10.375	0.0	0.018213
-10.25	0.0	0.018242
-10.125	0.0	0.018271
-10.0	0.0	0.0183
-9.875	0.0	0.018329
-9.75	0.0	0.018359
-9.625	0.0	0.018388
-9.5	0.0	0.018418
-9.375	0.0	0.018448
-9.25	0.0	0.018478
-9.125	0.0	0.018508
-9.0	0.0	0.018538
-8.875	0.0	0.018569
-8.75	0.0	0.018599
-8.625	0.0	0.01863
-8.5	0.0	0.01866
-8.375	0.0	0.018691
-8.25	0.0	0.018722
-8.125	0.0	0.018753
-8.0	0.0	0.018785
-7.875	0.0	0.018816
-7.75	0.0	0.018847
-7.625	0.0	0.018879
-7.5	0.0	0.018911
-7.375	0.0	0.018943
-7.25	0.0	0.018975
-7.125	0.0	0.019007
-7.0	0.0	0.019039
-6.875	0.0	0.019072
-6.75	0.0	0.019104
-6.625	0.0	0.019137
-6.5	0.0	0.01917
-6.375	0.0	0.019203
-6.25	0.0	0.019236
-6.125	0.0	0.019269
-6.0	0.0	0.019302
-5.875	0.0	0.019336
-5.75	0.0	0.01937
-5.625	0.0	0.019403
-5.5	0.0	0.019437
-5.375	0.0	0.019471
-5.25	0.0	0.019506
-5.125	0.0	0.01954
-5.0	0.0	0.019575
-4.875	0.0	0.019609
-4.75	0.0	0.019644
-4.625	0.0	0.019679
-4.5	0.0	0.019715
-4.375	0.0	0.01975
-4.25	0.0	0.019785
-4.125	0.0	0.019821
-4.0	0.0	0.019857
-3.875	0.0	0.019893
-3.75	0.0	0.019929
-3.625	0.0	0.019965
-3.5	0.0	0.020002
-3.375	0.0	0.020038
-3.25	0.0	0.020075
-3.125	0.0	0.020112
-3.0	0.0	0.020149
-2.875	0.0	0.020186
-2.75	0.0	0.020224
-2.625	0.0	0.020262
-2.5	0.0	0.020299
-2.375	0.0	0.020337
-2.25	0.0	0.020376
-2.125	0.0	0.020414
-2.0	0.0	0.020452
-1.875	0.0	0.020491
-1.75	0.0	0.02053
-1.625	0.0	0.020569
-1.5	0.0	0.020608
-1.375	0.0	0.020648
-1.25	0.0	0.020687
-1.125	0.0	0.020727
-1.0	0.0	0.020767
-0.875	0.0	0.020807
-0.75	0.0	0.020848
-0.625	0.0	0.020888
-0.5	0.0	0.020929
-0.375	0.0	0.02097
-0.25	0.0	0.021011
-0.125	0.0	0.021052
0.0	0.0	0.021094
0.125	0.0	0.021136
0.25	0.0	0.021177
0.375	0.0	0.02122
0.5	0.0	0.021262
0.625	0.0	0.021305
0.75	0.0	0.021347
0.875	0.0	0.02139
1.0	0.0	0.021434
1.125	0.0	0.021477
1.25	0.0	0.021521
1.375	0.0	0.021564
1.5	0.0	0.021608
1.625	0.0	0.021653
1.75	0.0	0.021697
1.875	0.0	0.021742
2.0	0.0	0.021787
2.125	0.0	0.021832
2.25	0.0	0.021878
2.375	0.0	0.021923
2.5	0.0	0.021969
2.625	0.0	0.022015
2.75	0.0	0.022061
2.875	0.0	0.022108
3.0	0.0	0.022155
3.125	0.0	0.022202
3.25	0.0	0.022249
3.375	0.0	0.022297
3.5	0.0	0.022345
3.625	0.0	0.022393
3.75	0.0	0.022441
3.875	0.0	0.02249
4.0	0.0	0.022538
4.125	0.0	0.022587
4.25	0.0	0.022637
4.375	0.0	0.022686
4.5	0.0	0.022736
4.625	0.0	0.022786
4.75	0.0	0.022837
4.875	0.0	0.022888
5.0	0.0	0.022938
5.125	0.0	0.02299
5.25	0.0	0.023041
5.375	0.0	0.023093
5.5	0.0	0.023145
5.625	0.0	0.023197
5.75	0.0	0.02325
5.875	0.0	0.023303
6.0	0.0	0.023356
6.125	0.0	0.02341
6.25	0.0	0.023464
6.375	0.0	0.023518
6.5	0.0	0.023572
6.625	0.0	0.023627
6.75	0.0	0.023682
6.875	0.0	0.023737
7.0	0.0	0.023793
7.125	0.0	0.023849
7.25	0.0	0.023905
7.375	0.0	0.023962
7.5	0.0	0.024019
7.625	0.0	0.024076
7.75	0.0	0.024134
7.875	0.0	0.024191
8.0	0.0	0.02425
8.125	0.0	0.024308
8.25	0.0	0.024367
8.375	0.0	0.024427
8.5	0.0	0.024486
8.625	0.0	0.024546
8.75	0.0	0.024607
8.875	0.0	0.024667
9.0	0.0	0.024728
9.125	0.0	0.02479
9.25	0.0	0.024852
9.375	0.0	0.024914
9.5	0.0	0.024976
9.625	0.0	0.025039
9.75	0.0	0.025103
9.875	0.0	0.025166
10.0	0.0	0.02523
10.125	0.0	0.025295
10.25	0.0	0.02536
10.375	0.0	0.025425
10.5	0.0	0.025491
10.625	0.0	0.025557
10.75	0.0	0.025623
10.875	0.0	0.02569
11.0	0.0	0.025757
11.125	0.0	0.025825
11.25	0.0	0.025893
11.375	0.0	0.025962
11.5	0.0	0.026031
11.625	0.0	0.026101
11.75	0.0	0.02617
11.875	0.0	0.026241
12.0	0.0	0.026312
12.125	0.0	0.026383
12.25	0.0	0.026455
12.375	0.0	0.026527
12.5	0.0	0.0266
12.625	0.0	0.026673
12.75	0.0	0.026746
12.875	0.0	0.02682
13.0	0.0	0.026895
13.125	0.0	0.02697
13.25	0.0	0.027046
13.375	0.0	0.027122
13.5	0.0	0.027199
13.625	0.0	0.027276
13.75	0.0	0.027353
13.875	0.0	0.027432
14.0	0.0	0.02751
14.125	0.0	0.02759
14.25	0.0	0.027669
14.375	0.0	0.02775
14.5	0.0	0.027831
14.625	0.0	0.027912
14.75	0.0	0.027994
14.875	0.0	0.028077
15.0	0.0	0.02816
15.125	0.0	0.028244
15.25	0.0	0.028328
15.375	0.0	0.028413
15.5	0.0	0.028498
15.625	0.0	0.028585
15.75	0.0	0.028671
15.875	0.0	0.028759
16.0	0.0	0.028847
16.125	0.0	0.028936
16.25	0.0	0.029025
16.375	0.0	0.029115
16.5	0.0	0.029205
16.625	0.0	0.029297
16.75	0.0	0.029389
16.875	0.0	0.029481
17.0	0.0	0.029575
17.125	0.0	0.029669
17.25	0.0	0.029763
17.375	0.0	0.029859
17.5	0.0	0.029955
17.625	0.0	0.030052
17.75	0.0	0.030149
17.875	0.0	0.030248
18.0	0.0	0.030347
18.125	0.0	0.030447
18.25	0.0	0.030547
18.375	0.0	0.030649
18.5	0.0	0.030751
18.625	0.0	0.030854
18.75	0.0	0.030958
18.875	0.0	0.031062
19.0	0.0	0.031168
19.125	0.0	0.031274
19.25	0.0	0.031381
19.375	0.0	0.031489
19.5	0.0	0.031598
19.625	0.0	0.031708
19.75	0.0	0.031819
19.875	0.0	0.03193
20.0	0.0	0.032043
20.125	0.0	0.032156
20.25	0.0	0.03227
20.375	0.0	0.032385
20.5	0.0	0.032502
20.625	0.0	0.032619
20.75	0.0	0.032737
20.875	0.0	0.032856
21.0	0.0	0.032976
21.125	0.0	0.033097
21.25	0.0	0.03322
21.375	0.0	0.033343
21.5	0.0	0.033467
21.625	0.0	0.033592
21.75	0.0	0.033719
21.875	0.0	0.033846
22.0	0.0	0.033975
22.125	0.0	0.034105
22.25	0.0	0.034236
22.375	0.0	0.034368
22.5	0.0	0.034501
22.625	0.0	0.034636
22.75	0.0	0.034771
22.875	0.0	0.034908
23.0	0.0	0.035046
23.125	0.0	0.035186
23.25	0.0	0.035327
23.375	0.0	0.035468
23.5	0.0	0.035612
23.625	0.0	0.035756
23.75	0.0	0.035902
23.875	0.0	0.03605
24.0	0.0	0.036198
24.125	0.0	0.036348
24.25	0.0	0.0365
24.375	0.0	0.036653
24.5	0.0	0.036807
24.625	0.0	0.036963
24.75	0.0	0.037121
24.875	0.0	0.03728
25.0	0.0	0.03744
25.125	0.0	0.037602
25.25	0.0	0.037766
25.375	0.0	0.037931
25.5	0.0	0.038098
25.625	0.0	0.038267
25.75	0.0	0.038437
25.875	0.0	0.038609
26.0	0.0	0.038783
26.125	0.0	0.038958
26.25	0.0	0.039136
26.375	0.0	0.039315
26.5	0.0	0.039496
26.625	0.0	0.039679
26.75	0.0	0.039864
26.875	0.0	0.04005
27.0	0.0	0.040239
27.125	0.0	0.04043
27.25	0.0	0.040623
27.375	0.0	0.040817
27.5	0.0	0.041014
27.625	0.0	0.041214
27.75	0.0	0.041415
27.875	0.0	0.041618
28.0	0.0	0.041824
28.125	0.0	0.042032
28.25	0.0	0.042242
28.375	0.0	0.042455
28.5	0.0	0.04267
28.625	0.0	0.042887
28.75	0.0	0.043107
28.875	0.0	0.04333
29.0	0.0	0.043555
29.125	0.0	0.043783
29.25	0.0	0.044013
29.375	0.0	0.044246
29.5	0.0	0.044482
29.625	0.0	0.04472
29.75	0.0	0.044962
29.875	0.0	0.045206
30.0	0.0	0.045453
30.125	0.0	0.045703
30.25	0.0	0.045957
30.375	0.0	0.046213
30.5	0.0	0.046472
30.625	0.0	0.046735
30.75	0.0	0.047001
30.875	0.0	0.047271
31.0	0.0	0.047543
31.125	0.0	0.047819
31.25	0.0	0.048099
31.375	0.0	0.048383
31.5	0.0	0.04867
31.625	0.0	0.04896
31.75	0.0	0.049255
31.875	0.0	0.049553
32.0	0.0	0.049855
32.125	0.0	0.050162
32.25	0.0	0.050472
32.375	0.0	0.050787
32.5	0.0	0.051106
32.625	0.0	0.051429
32.75	0.0	0.051757
32.875	0.0	0.052089
33.0	0.0	0.052426
33.125	0.0	0.052767
33.25	0.0	0.053114
33.375	0.0	0.053465
33.5	0.0	0.053821
33.625	0.0	0.054183
33.75	0.0	0.054549
33.875	0.0	0.054921
34.0	0.0	0.055299
34.125	0.0	0.055682
34.25	0.0	0.05607
34.375	0.0	0.056465
34.5	0.0	0.056865
34.625	0.0	0.057272
34.75	0.0	0.057684
34.875	0.0	0.058103
35.0	0.0	0.058529
35.125	0.0	0.058961
35.25	0.0	0.059399
35.375	0.0	0.059845
35.5	0.0	0.060298
35.625	0.0	0.060757
35.75	0.0	0.061225
35.875	0.0	0.0617
36.0	0.0	0.062182
36.125	0.0	0.062673
36.25	0.0	0.063172
36.375	0.0	0.063679
36.5	0.0	0.064194
36.625	0.0	0.064719
36.75	0.0	0.065252
36.875	0.0	0.065795
37.0	0.0	0.066347
37.125	0.0	0.066908
37.25	0.0	0.06748
37.375	0.0	0.068062
37.5	0.0	0.068655
37.625	0.0	0.069258
37.75	0.0	0.069872
37.875	0.0	0.070497
38.0	0.0	0.071133
38.125	0.0	0.071781
38.25	0.0	0.07244
38.375	0.0	0.073111
38.5	0.0	0.073792
38.625	0.0	0.074484
38.75	0.0	0.075186
38.875	0.0	0.075896
39.0	0.0	0.076613
39.125	0.0	0.077337
39.25	0.0	0.078063
39.375	0.0	0.078789
39.5	0.0	0.079512
39.625	0.0	0.080227
39.75	0.0	0.080929
39.875	0.0	0.081611
40.0	1.0e-6	0.082266
40.125	1.0e-6	0.082885
40.25	1.0e-6	0.083461
40.375	2.0e-6	0.083981
40.5	3.0e-6	0.084435
40.625	4.0e-6	0.084812
40.75	5.0e-6	0.085099
40.875	8.0e-6	0.085285
41.0	1.1e-5	0.085357
41.125	1.6e-5	0.085308
41.25	2.2e-5	0.085128
41.375	3.2e-5	0.084815
41.5	4.4e-5	0.084368
41.625	6.2e-5	0.083795
41.75	8.6e-5	0.08311
41.875	0.000119	0.082336
42.0	0.000163	0.081509
42.125	0.000223	0.080678
42.25	0.000304	0.079908
42.375	0.000412	0.079279
42.5	0.000555	0.078894
42.625	0.000744	0.078874
42.75	0.000993	0.079365
42.875	0.001318	0.080536
43.0	0.00174	0.082578
43.125	0.002285	0.085706
43.25	0.002987	0.090158
43.375	0.003884	0.096191
43.5	0.005024	0.104076
43.625	0.006467	0.114096
43.75	0.008281	0.126539
43.875	0.010551	0.141689
44.0	0.013374	0.159818
44.125	0.016867	0.181174
44.25	0.021164	0.205972
44.375	0.026419	0.234377
44.5	0.032813	0.266495
44.625	0.040546	0.302355
44.75	0.049847	0.341897
44.875	0.060969	0.384958
45.0	0.074194	0.431258
45.125	0.089829	0.48039
45.25	0.108205	0.531809
45.375	0.129678	0.584829
45.5	0.154621	0.638616
45.625	0.183424	0.692191
45.75	0.216486	0.744435
45.875	0.254208	0.794097
46.0	0.296984	0.839812
46.125	0.345193	0.880121
46.25	0.399188	0.913492
46.375	0.459281	0.938355
46.5	0.525732	0.953135
46.625	0.598736	0.956289
46.75	0.67841	0.946349
46.875	0.764776	0.921965
47.0	0.857753	0.881949
47.125	0.95714	0.825319
47.25	1.06261	0.751337
47.375	1.173702	0.659553
47.5	1.289814	0.549835
47.625	1.410204	0.422394
47.75	1.533989	0.27781
47.875	1.660153	0.117033
48.0	1.787554	-0.058604
48.125	1.914943	-0.247404
48.25	2.040976	-0.447319
48.375	2.164239	-0.655981
48.5	2.283274	-0.870742
48.625	2.396605	-1.088721
48.75	2.502765	-1.306861
48.875	2.600335	-1.521996
49.0	2.687967	-1.730911
49.125	2.76442	-1.930423
49.25	2.828586	-2.117445
49.375	2.879522	-2.289065
49.5	2.916464	-2.442608
49.625	2.938857	-2.575701
49.75	2.946359	-2.686332
49.875	2.938856	-2.772892
50.0	2.916462	-2.834214
50.125	2.879518	-2.869597
50.25	2.828582	-2.878821
50.375	2.764414	-2.862145
50.5	2.687961	-2.820296
50.625	2.600328	-2.754448
50.75	2.502758	-2.666181
50.875	2.396596	-2.557443
51.0	2.283266	-2.430493
51.125	2.16423	-2.287845
51.25	2.040966	-2.132199
51.375	1.914933	-1.966381
51.5	1.787544	-1.793271
51.625	1.660143	-1.61574
51.75	1.53398	-1.436584
51.875	1.410195	-1.258473
52.0	1.289805	-1.083891
52.125	1.173693	-0.915099
52.25	1.062602	-0.754097
52.375	0.957132	-0.602598
52.5	0.857746	-0.462008
52.625	0.76477	-0.33342
52.75	0.678404	-0.217613
52.875	0.59873	-0.115061
53.0	0.525726	-0.025946
53.125	0.459276	0.049818
53.25	0.399184	0.112563
53.375	0.34519	0.162829
53.5	0.29698	0.201341
53.625	0.254205	0.228966
53.75	0.216483	0.246683
53.875	0.183422	0.255548
54.0	0.154619	0.256661
54.125	0.129676	0.251136
54.25	0.108204	0.240075
54.375	0.089828	0.224543
54.5	0.074193	0.205551
54.625	0.060968	0.184035
54.75	0.049846	0.16085
54.875	0.040545	0.136754
55.0	0.032812	0.112414
55.125	0.026419	0.088391
55.25	0.021163	0.065155
55.375	0.016867	0.043078
55.5	0.013374	0.022444
55.625	0.010551	0.003456
55.75	0.008281	-0.013755
55.875	0.006467	-0.029123
56.0	0.005024	-0.042639
56.125	0.003884	-0.054337
56.25	0.002987	-0.064289
56.375	0.002285	-0.072595
56.5	0.00174	-0.079377
56.625	0.001317	-0.08477
56.75	0.000993	-0.088916
56.875	0.000744	-0.091961
57.0	0.000555	-0.094046
57.125	0.000412	-0.095311
57.25	0.000304	-0.095885
57.375	0.000223	-0.095888
57.5	0.000163	-0.095428
57.625	0.000119	-0.094604
57.75	8.6e-5	-0.0935
57.875	6.2e-5	-0.09219
58.0	4.4e-5	-0.090737
58.125	3.2e-5	-0.089192
58.25	2.2e-5	-0.087599
58.375	1.6e-5	-0.08599
58.5	1.1e-5	-0.084392
58.625	8.0e-6	-0.082825
58.75	5.0e-6	-0.081303
58.875	4.0e-6	-0.079835
59.0	3.0e-6	-0.078428
59.125	2.0e-6	-0.077085
59.25	1.0e-6	-0.075805
59.375	1.0e-6	-0.074588
59.5	1.0e-6	-0.073431
59.625	0.0	-0.072331
59.75	0.0	-0.071284
59.875	0.0	-0.070286
60.0	0.0	-0.069332
60.125	0.0	-0.068419
60.25	0.0	-0.067544
60.375	0.0	-0.066701
60.5	0.0	-0.065888
60.625	0.0	-0.065103
60.75	0.0	-0.064341
60.875	0.0	-0.063602
61.0	0.0	-0.062884
61.125	0.0	-0.062183
61.25	0.0	-0.0615
61.375	0.0	-0.060832
61.5	0.0	-0.060179
61.625	0.0	-0.059539
61.75	0.0	-0.058912
61.875	0.0	-0.058298
62.0	0.0	-0.057695
62.125	0.0	-0.057103
62.25	0.0	-0.056522
62.375	0.0	-0.055951
62.5	0.0	-0.05539
62.625	0.0	-0.054839
62.75	0.0	-0.054297
62.875	0.0	-0.053764
63.0	0.0	-0.053241
63.125	0.0	-0.052726
63.25	0.0	-0.052219
63.375	0.0	-0.051721
63.5	0.0	-0.05123
63.625	0.0	-0.050748
63.75	0.0	-0.050273
63.875	0.0	-0.049806
64.0	0.0	-0.049346
64.125	0.0	-0.048893
64.25	0.0	-0.048448
64.375	0.0	-0.048009
64.5	0.0	-0.047577
64.625	0.0	-0.047152
64.75	0.0	-0.046733
64.875	0.0	-0.04632
65.0	0.0	-0.045914
65.125	0.0	-0.045514
65.25	0.0	-0.045119
65.375	0.0	-0.04473
65.5	0.0	-0.044347
65.625	0.0	-0.04397
65.75	0.0	-0.043598
65.875	0.0	-0.043231
66.0	0.0	-0.04287
66.125	0.0	-0.042514
66.25	0.0	-0.042162
66.375	0.0	-0.041816
66.5	0.0	-0.041475
66.625	0.0	-0.041138
66.75	0.0	-0.040805
66.875	0.0	-0.040478
67.0	0.0	-0.040154
67.125	0.0	-0.039836
67.25	0.0	-0.039521
67.375	0.0	-0.03921
67.5	0.0	-0.038904
67.625	0.0	-0.038602
67.75	0.0	-0.038303
67.875	0.0	-0.038009
68.0	0.0	-0.037718
68.125	0.0	-0.037431
68.25	0.0	-0.037148
68.375	0.0	-0.036868
68.5	0.0	-0.036592
68.625	0.0	-0.036319
68.75	0.0	-0.03605
68.875	0.0	-0.035784
69.0	0.0	-0.035521
69.125	0.0	-0.035262
69.25	0.0	-0.035005
69.375	0.0	-0.034752
69.5	0.0	-0.034502
69.625	0.0	-0.034255
69.75	0.0	-0.03401
69.875	0.0	-0.033769
70.0	0.0	-0.03353
70.125	0.0	-0.033295
70.25	0.0	-0.033062
70.375	0.0	-0.032831
70.5	0.0	-0.032604
70.625	0.0	-0.032379
70.75	0.0	-0.032156
70.875	0.0	-0.031936
71.0	0.0	-0.031719
71.125	0.0	-0.031504
71.25	0.0	-0.031291
71.375	0.0	-0.031081
71.5	0.0	-0.030873
71.625	0.0	-0.030667
71.75	0.0	-0.030463
71.875	0.0	-0.030262
72.0	0.0	-0.030063
72.125	0.0	-0.029866
72.25	0.0	-0.029671
72.375	0.0	-0.029478
72.5	0.0	-0.029288
72.625	0.0	-0.029099
72.75	0.0	-0.028912
72.875	0.0	-0.028727
73.0	0.0	-0.028545
73.125	0.0	-0.028363
73.25	0.0	-0.028184
73.375	0.0	-0.028007
73.5	0.0	-0.027831
73.625	0.0	-0.027658
73.75	0.0	-0.027486
73.875	0.0	-0.027315
74.0	0.0	-0.027147
74.125	0.0	-0.02698
74.25	0.0	-0.026815
74.375	0.0	-0.026651
74.5	0.0	-0.026489
74.625	0.0	-0.026328
74.75	0.0	-0.026169
74.875	0.0	-0.026012
75.0	0.0	-0.025856
75.125	0.0	-0.025702
75.25	0.0	-0.025549
75.375	0.0	-0.025397
75.5	0.0	-0.025247
75.625	0.0	-0.025098
75.75	0.0	-0.024951
75.875	0.0	-0.024805
76.0	0.0	-0.02466
76.125	0.0	-0.024517
76.25	0.0	-0.024375
76.375	0.0	-0.024235
76.5	0.0	-0.024095
76.625	0.0	-0.023957
76.75	0.0	-0.02382
76.875	0.0	-0.023684
77.0	0.0	-0.02355
77.125	0.0	-0.023417
77.25	0.0	-0.023285
77.375	0.0	-0.023154
77.5	0.0	-0.023024
77.625	0.0	-0.022895
77.75	0.0	-0.022768
77.875	0.0	-0.022641
78.0	0.0	-0.022516
78.125	0.0	-0.022391
78.25	0.0	-0.022268
78.375	0.0	-0.022146
78.5	0.0	-0.022025
78.625	0.0	-0.021905
78.75	0.0	-0.021786
78.875	0.0	-0.021667
79.0	0.0	-0.02155
79.125	0.0	-0.021434
79.25	0.0	-0.021319
79.375	0.0	-0.021205
79.5	0.0	-0.021091
79.625	0.0	-0.020979
79.75	0.0	-0.020867
79.875	0.0	-0.020757
80.0	0.0	-0.020647
80.125	0.0	-0.020538
80.25	0.0	-0.02043
80.375	0.0	-0.020323
80.5	0.0	-0.020217
80.625	0.0	-0.020111
80.75	0.0	-0.020006
80.875	0.0	-0.019903
81.0	0.0	-0.0198
81.125	0.0	-0.019697
81.25	0.0	-0.019596
81.375	0.0	-0.019495
81.5	0.0	-0.019395
81.625	0.0	-0.019296
81.75	0.0	-0.019198
81.875	0.0	-0.0191
82.0	0.0	-0.019004
82.125	0.0	-0.018907
82.25	0.0	-0.018812
82.375	0.0	-0.018717
82.5	0.0	-0.018623
82.625	0.0	-0.01853
82.75	0.0	-0.018437
82.875	0.0	-0.018345
83.0	0.0	-0.018254
83.125	0.0	-0.018163
83.25	0.0	-0.018073
83.375	0.0	-0.017984
83.5	0.0	-0.017895
83.625	0.0	-0.017807
83.75	0.0	-0.01772
83.875	0.0	-0.017633
84.0	0.0	-0.017547
84.125	0.0	-0.017462
84.25	0.0	-0.017377
84.375	0.0	-0.017292
84.5	0.0	-0.017209
84.625	0.0	-0.017125
84.75	0.0	-0.017043
84.875	0.0	-0.016961
85.0	0.0	-0.016879
85.125	0.0	-0.016798
85.25	0.0	-0.016718
85.375	0.0	-0.016638
85.5	0.0	-0.016559
85.625	0.0	-0.01648
85.75	0.0	-0.016402
85.875	0.0	-0.016324
86.0	0.0	-0.016247
86.125	0.0	-0.016171
86.25	0.0	-0.016094
86.375	0.0	-0.016019
86.5	0.0	-0.015944
86.625	0.0	-0.015869
86.75	0.0	-0.015795
86.875	0.0	-0.015721
87.0	0.0	-0.015648
87.125	0.0	-0.015576
87.25	0.0	-0.015503
87.375	0.0	-0.015432
87.5	0.0	-0.01536
87.625	0.0	-0.015289
87.75	0.0	-0.015219
87.875	0.0	-0.015149
88.0	0.0	-0.01508
88.125	0.0	-0.015011
88.25	0.0	-0.014942
88.375	0.0	-0.014874
88.5	0.0	-0.014806
88.625	0.0	-0.014739
88.75	0.0	-0.014672
88.875	0.0	-0.014605
89.0	0.0	-0.014539
89.125	0.0	-0.014474
89.25	0.0	-0.014408
89.375	0.0	-0.014343
89.5	0.0	-0.014279
89.625	0.0	-0.014215
89.75	0.0	-0.014151
89.875	0.0	-0.014088
90.0	0.0	-0.014025
90.125	0.0	-0.013962
90.25	0.0	-0.0139
90.375	0.0	-0.013838
90.5	0.0	-0.013777
90.625	0.0	-0.013716
90.75	0.0	-0.013655
90.875	0.0	-0.013595
91.0	0.0	-0.013535
91.125	0.0	-0.013475
91.25	0.0	-0.013416
91.375	0.0	-0.013357
91.5	0.0	-0.013298
91.625	0.0	-0.01324
91.75	0.0	-0.013182
91.875	0.0	-0.013125
92.0	0.0	-0.013067
92.125	0.0	-0.01301
92.25	0.0	-0.012954
92.375	0.0	-0.012897
92.5	0.0	-0.012842
92.625	0.0	-0.012786
92.75	0.0	-0.01273
92.875	0.0	-0.012675
93.0	0.0	-0.012621
93.125	0.0	-0.012566
93.25	0.0	-0.012512
93.375	0.0	-0.012458
93.5	0.0	-0.012405
93.625	0.0	-0.012352
93.75	0.0	-0.012299
93.875	0.0	-0.012246
94.0	0.0	-0.012194
94.125	0.0	-0.012142
94.25	0.0	-0.01209
94.375	0.0	-0.012038
94.5	0.0	-0.011987
94.625	0.0	-0.011936
94.75	0.0	-0.011885
94.875	0.0	-0.011835
95.0	0.0	-0.011785
95.125	0.0	-0.011735
95.25	0.0	-0.011685
95.375	0.0	-0.011636
95.5	0.0	-0.011587
95.625	0.0	-0.011538
95.75	0.0	-0.01149
95.875	0.0	-0.011441
96.0	0.0	-0.011393
96.125	0.0	-0.011345
96.25	0.0	-0.011298
96.375	0.0	-0.011251
96.5	0.0	-0.011204
96.625	0.0	-0.011157
96.75	0.0	-0.01111
96.875	0.0	-0.011064
97.0	0.0	-0.011018
97.125	0.0	-0.010972
97.25	0.0	-0.010926
97.375	0.0	-0.010881
97.5	0.0	-0.010836
97.625	0.0	-0.010791
97.75	0.0	-0.010746
97.875	0.0	-0.010701
98.0	0.0	-0.010657
98.125	0.0	-0.010613
98.25	0.0	-0.010569
98.375	0.0	-0.010526
98.5	0.0	-0.010482
98.625	0.0	-0.010439
98.75	0.0	-0.010396
98.875	0.0	-0.010353
99.0	0.0	-0.010311
99.125	0.0	-0.010268
99.25	0.0	-0.010226
99.375	0.0	-0.010184
99.5	0.0	-0.010142
99.625	0.0	-0.010101
99.75	0.0	-0.01006
99.875	0.0	-0.010018
100.0	0.0	-0.009977
100.125	0.0	-0.009937
100.25	0.0	-0.009896
100.375	0.0	-0.009856
100.5	0.0	-0.009816
100.625	0.0	-0.009776
100.75	0.0	-0.009736
100.875	0.0	-0.009696
101.0	0.0	-0.009657
101.125	0.0	-0.009618
101.25	0.0	-0.009579
101.375	0.0	-0.00954
101.5	0.0	-0.009501
101.625	0.0	-0.009462
101.75	0.0	-0.009424
101.875	0.0	-0.009386
102.0	0.0	-0.009348
102.125	0.0	-0.00931
102.25	0.0	-0.009273
102.375	0.0	-0.009235
102.5	0.0	-0.009198
102.625	0.0	-0.009161
102.75	0.0	-0.009124
102.875	0.0	-0.009087
103.0	0.0	-0.00905
103.125	0.0	-0.009014
103.25	0.0	-0.008978
103.375	0.0	-0.008941
103.5	0.0	-0.008905
103.625	0.0	-0.00887
103.75	0.0	-0.008834
103.875	0.0	-0.008799
104.0	0.0	-0.008763
104.125	0.0	-0.008728
104.25	0.0	-0.008693
104.375	0.0	-0.008658
104.5	0.0	-0.008623
104.625	0.0	-0.008589
104.75	0.0	-0.008554
104.875	0.0	-0.00852
105.0	0.0	-0.008486
105.125	0.0	-0.008452
105.25	0.0	-0.008418
105.375	0.0	-0.008385
105.5	0.0	-0.008351
105.625	0.0	-0.008318
105.75	0.0	-0.008284
105.875	0.0	-0.008251
106.0	0.0	-0.008218
106.125	0.0	-0.008185
106.25	0.0	-0.008153
106.375	0.0	-0.00812
106.5	0.0	-0.008088
106.625	0.0	-0.008055
106.75	0.0	-0.008023
106.875	0.0	-0.007991
107.0	0.0	-0.007959
107.125	0.0	-0.007928
107.25	0.0	-0.007896
107.375	0.0	-0.007865
107.5	0.0	-0.007833
107.625	0.0	-0.007802
107.75	0.0	-0.007771
107.875	0.0	-0.00774
108.0	0.0	-0.007709
108.125	0.0	-0.007678
108.25	0.0	-0.007648
108.375	0.0	-0.007617
108.5	0.0	-0.007587
108.625	0.0	-0.007557
108.75	0.0	-0.007527
108.875	0.0	-0.007497
109.0	0.0	-0.007467
109.125	0.0	-0.007437
109.25	0.0	-0.007408
109.375	0.0	-0.007378
109.5	0.0	-0.007349
109.625	0.0	-0.007319
109.75	0.0	-0.00729
109.875	0.0	-0.007261
110.0	0.0	-0.007232
110.125	0.0	-0.007203
110.25	0.0	-0.007175
110.375	0.0	-0.007146
110.5	0.0	-0.007118
110.625	0.0	-0.007089
110.75	0.0	-0.007061
110.875	0.0	-0.007033
111.0	0.0	-0.007005
111.125	0.0	-0.006977
111.25	0.0	-0.006949
111.375	0.0	-0.006921
111.5	0.0	-0.006894
111.625	0.0	-0.006866
111.75	0.0	-0.006839
111.875	0.0	-0.006812
112.0	0.0	-0.006785
112.125	0.0	-0.006757
112.25	0.0	-0.00673
112.375	0.0	-0.006704
112.5	0.0	-0.006677
112.625	0.0	-0.00665
112.75	0.0	-0.006624
112.875	0.0	-0.006597
113.0	0.0	-0.006571
113.125	0.0	-0.006544
113.25	0.0	-0.006518
113.375	0.0	-0.006492
113.5	0.0	-0.006466
113.625	0.0	-0.00644
113.75	0.0	-0.006415
113.875	0.0	-0.006389
114.0	0.0	-0.006363
114.125	0.0	-0.006338
114.25	0.0	-0.006312
114.375	0.0	-0.006287
114.5	0.0	-0.006262
114.625	0.0	-0.006237
114.75	0.0	-0.006212
114.875	0.0	-0.006187
115.0	0.0	-0.006162
115.125	0.0	-0.006137
115.25	0.0	-0.006112
115.375	0.0	-0.006088
115.5	0.0	-0.006063
115.625	0.0	-0.006039
115.75	0.0	-0.006014
115.875	0.0	-0.00599
116.0	0.0	-0.005966
116.125	0.0	-0.005942
116.25	0.0	-0.005918
116.375	0.0	-0.005894
116.5	0.0	-0.00587
116.625	0.0	-0.005847
116.75	0.0	-0.005823
116.875	0.0	-0.005799
117.0	0.0	-0.005776
117.125	0.0	-0.005752
117.25	0.0	-0.005729
117.375	0.0	-0.005706
117.5	0.0	-0.005683
117.625	0.0	-0.00566
117.75	0.0	-0.005637
117.875	0.0	-0.005614
118.0	0.0	-0.005591
118.125	0.0	-0.005568
118.25	0.0	-0.005545
118.375	0.0	-0.005523
118.5	0.0	-0.0055
118.625	0.0	-0.005478
118.75	0.0	-0.005455
118.875	0.0	-0.005433
119.0	0.0	-0.005411
119.125	0.0	-0.005389
119.25	0.0	-0.005367
119.375	0.0	-0.005345
119.5	0.0	-0.005323
119.625	0.0	-0.005301
119.75	0.0	-0.005279
119.875	0.0	-0.005257
120.0	0.0	-0.005236
120.125	0.0	-0.005214
120.25	0.0	-0.005193
120.375	0.0	-0.005171
120.5	0.0	-0.00515
120.625	0.0	-0.005128
120.75	0.0	-0.005107
120.875	0.0	-0.005086
121.0	0.0	-0.005065
121.125	0.0	-0.005044
121.25	0.0	-0.005023
121.375	0.0	-0.005002
121.5	0.0	-0.004981
121.625	0.0	-0.004961
121.75	0.0	-0.00494
121.875	0.0	-0.004919
122.0	0.0	-0.004899
122.125	0.0	-0.004878
122.25	0.0	-0.004858
122.375	0.0	-0.004838
122.5	0.0	-0.004817
122.625	0.0	-0.004797
122.75	0.0	-0.004777
122.875	0.0	-0.004757
123.0	0.0	-0.004737
123.125	0.0	-0.004717
123.25	0.0	-0.004697
123.375	0.0	-0.004677
123.5	0.0	-0.004657
123.625	0.0	-0.004638
123.75	0.0	-0.004618
123.875	0.0	-0.004598
124.0	0.0	-0.004579
124.125	0.0	-0.004559
124.25	0.0	-0.00454
124.375	0.0	-0.004521
124.5	0.0	-0.004501
124.625	0.0	-0.004482
124.75	0.0	-0.004463
124.875	0.0	-0.004444
125.0	0.0	-0.004425
125.125	0.0	-0.004406
125.25	0.0	-0.004387
125.375	0.0	-0.004368
125.5	0.0	-0.004349
125.625	0.0	-0.004331
125.75	0.0	-0.004312
125.875	0.0	-0.004293
126.0	0.0	-0.004275
126.125	0.0	-0.004256
126.25	0.0	-0.004238
126.375	0.0	-0.004219
126.5	0.0	-0.004201
126.625	0.0	-0.004183
126.75	0.0	-0.004164
126.875	0.0	-0.004146
127.0	0.0	-0.004128
127.125	0.0	-0.00411
127.25	0.0	-0.004092
127.375	0.0	-0.004074
127.5	0.0	-0.004056
127.625	0.0	-0.004038
127.75	0.0	-0.00402
127.875	0.0	-0.004002
128.0	0.0	-0.003985
128.125	0.0	-0.003967
128.25	0.0	-0.003949
128.375	0.0	-0.003932
128.5	0.0	-0.003914
128.625	0.0	-0.003897
128.75	0.0	-0.00388
128.875	0.0	-0.003862
129.0	0.0	-0.003845
129.125	0.0	-0.003828
129.25	0.0	-0.00381
129.375	0.0	-0.003793
129.5	0.0	-0.003776
129.625	0.0	-0.003759
129.75	0.0	-0.003742
129.875	0.0	-0.003725
130.0	0.0	-0.003708
130.125	0.0	-0.003691
130.25	0.0	-0.003674
130.375	0.0	-0.003658
130.5	0.0	-0.003641
130.625	0.0	-0.003624
130.75	0.0	-0.003608
130.875	0.0	-0.003591
131.0	0.0	-0.003575
131.125	0.0	-0.003558
131.25	0.0	-0.003542
131.375	0.0	-0.003525
131.5	0.0	-0.003509
131.625	0.0	-0.003493
131.75	0.0	-0.003476
131.875	0.0	-0.00346
132.0	0.0	-0.003444
132.125	0.0	-0.003428
132.25	0.0	-0.003412
132.375	0.0	-0.003396
132.5	0.0	-0.00338
132.625	0.0	-0.003364
132.75	0.0	-0.003348
132.875	0.0	-0.003332
133.0	0.0	-0.003316
133.125	0.0	-0.0033
133.25	0.0	-0.003285
133.375	0.0	-0.003269
133.5	0.0	-0.003253
133.625	0.0	-0.003238
133.75	0.0	-0.003222
133.875	0.0	-0.003207
134.0	0.0	-0.003191
134.125	0.0	-0.003176
134.25	0.0	-0.00316
134.375	0.0	-0.003145
134.5	0.0	-0.00313
134.625	0.0	-0.003114
134.75	0.0	-0.003099
134.875	0.0	-0.003084
135.0	0.0	-0.003069
135.125	0.0	-0.003054
135.25	0.0	-0.003039
135.375	0.0	-0.003024
135.5	0.0	-0.003009
135.625	0.0	-0.002994
135.75	0.0	-0.002979
135.875	0.0	-0.002964
136.0	0.0	-0.002949
136.125	0.0	-0.002934
136.25	0.0	-0.002919
136.375	0.0	-0.002905
136.5	0.0	-0.00289
136.625	0.0	-0.002875
136.75	0.0	-0.002861
136.875	0.0	-0.002846
137.0	0.0	-0.002832
137.125	0.0	-0.002817
137.25	0.0	-0.002803
137.375	0.0	-0.002788
137.5	0.0	-0.002774
137.625	0.0	-0.00276
137.75	0.0	-0.002745
137.875	0.0	-0.002731
138.0	0.0	-0.002717
138.125	0.0	-0.002703
138.25	0.0	-0.002689
138.375	0.0	-0.002674
138.5	0.0	-0.00266
138.625	0.0	-0.002646
138.75	0.0	-0.002632
138.875	0.0	-0.002618
139.0	0.0	-0.002604
139.125	0.0	-0.00259
139.25	0.0	-0.002576
139.375	0.0	-0.002563
139.5	0.0	-0.002549
139.625	0.0	-0.002535
139.75	0.0	-0.002521
139.875	0.0	-0.002508
140.0	0.0	-0.002494
140.125	0.0	-0.00248
140.25	0.0	-0.002467
140.375	0.0	-0.002453
140.5	0.0	-0.00244
140.625	0.0	-0.002426
140.75	0.0	-0.002413
140.875	0.0	-0.002399
141.0	0.0	-0.002386
141.125	0.0	-0.002372
141.25	0.0	-0.002359
141.375	0.0	-0.002346
141.5	0.0	-0.002332
141.625	0.0	-0.002319
141.75	0.0	-0.002306
141.875	0.0	-0.002293
142.0	0.0	-0.00228
142.125	0.0	-0.002267
142.25	0.0	-0.002253
142.375	0.0	-0.00224
142.5	0.0	-0.002227
142.625	0.0	-0.002214
142.75	0.0	-0.002201
142.875	0.0	-0.002189
143.0	0.0	-0.002176
143.125	0.0	-0.002163
143.25	0.0	-0.00215
143.375	0.0	-0.002137
143.5	0.0	-0.002124
143.625	0.0	-0.002112
143.75	0.0	-0.002099
143.875	0.0	-0.002086
144.0	0.0	-0.002074
144.125	0.0	-0.002061
144.25	0.0	-0.002048
144.375	0.0	-0.002036
144.5	0.0	-0.002023
144.625	0.0	-0.002011
144.75	0.0	-0.001998
144.875	0.0	-0.001986
145.0	0.0	-0.001973
145.125	0.0	-0.001961
145.25	0.0	-0.001949
145.375	0.0	-0.001936
145.5	0.0	-0.001924
145.625	0.0	-0.001912
145.75	0.0	-0.001899
145.875	0.0	-0.001887
146.0	0.0	-0.001875
146.125	0.0	-0.001863
146.25	0.0	-0.001851
146.375	0.0	-0.001839
146.5	0.0	-0.001826
146.625	0.0	-0.001814
146.75	0.0	-0.001802
146.875	0.0	-0.00179
147.0	0.0	-0.001778
147.125	0.0	-0.001766
147.25	0.0	-0.001755
147.375	0.0	-0.001743
147.5	0.0	-0.001731
147.625	0.0	-0.001719
147.75	0.0	-0.001707
147.875	0.0	-0.001695
148.0	0.0	-0.001684
148.125	0.0	-0.001672
148.25	0.0	-0.00166
148.375	0.0	-0.001648
148.5	0.0	-0.001637
148.625	0.0	-0.001625
148.75	0.0	-0.001613
148.875	0.0	-0.001602
149.0	0.0	-0.00159
149.125	0.0	-0.001579
149.25	0.0	-0.001567
149.375	0.0	-0.001556
149.5	0.0	-0.001544
149.625	0.0	-0.001533
149.75	0.0	-0.001522
149.875	0.0	-0.00151
150.0	0.0	-0.001499
150.125	0.0	-0.001487
150.25	0.0	-0.001476
150.375	0.0	-0.001465
150.5	0.0	-0.001454
150.625	0.0	-0.001442
150.75	0.0	-0.001431
150.875	0.0	-0.00142
151.0	0.0	-0.001409
151.125	0.0	-0.001398
151.25	0.0	-0.001387
151.375	0.0	-0.001375
151.5	0.0	-0.001364
151.625	0.0	-0.001353
151.75	0.0	-0.001342
151.875	0.0	-0.001331
152.0	0.0	-0.00132
152.125	0.0	-0.001309
152.25	0.0	-0.001298
152.375	0.0	-0.001288
152.5	0.0	-0.001277
152.625	0.0	-0.001266
152.75	0.0	-0.001255
152.875	0.0	-0.001244
153.0	0.0	-0.001233
153.125	0.0	-0.001223
153.25	0.0	-0.001212
153.375	0.0	-0.001201
153.5	0.0	-0.00119
153.625	0.0	-0.00118
153.75	0.0	-0.001169
153.875	0.0	-0.001158
154.0	0.0	-0.001148
154.125	0.0	-0.001137
154.25	0.0	-0.001127
154.375	0.0	-0.001116
154.5	0.0	-0.001106
154.625	0.0	-0.001095
154.75	0.0	-0.001085
154.875	0.0	-0.001074
155.0	0.0	-0.001064
155.125	0.0	-0.001053
155.25	0.0	-0.001043
155.375	0.0	-0.001032
155.5	0.0	-0.001022
155.625	0.0	-0.001012
155.75	0.0	-0.001001
155.875	0.0	-0.000991
156.0	0.0	-0.000981
156.125	0.0	-0.000971
156.25	0.0	-0.00096
156.375	0.0	-0.00095
156.5	0.0	-0.00094
156.625	0.0	-0.00093
156.75	0.0	-0.00092
156.875	0.0	-0.00091
157.0	0.0	-0.000899
157.125	0.0	-0.000889
157.25	0.0	-0.000879
157.375	0.0	-0.000869
157.5	0.0	-0.000859
157.625	0.0	-0.000849
157.75	0.0	-0.000839
157.875	0.0	-0.000829
158.0	0.0	-0.000819
158.125	0.0	-0.000809
158.25	0.0	-0.000799
158.375	0.0	-0.00079
158.5	0.0	-0.00078
158.625	0.0	-0.00077
158.75	0.0	-0.00076
158.875	0.0	-0.00075
159.0	0.0	-0.00074
159.125	0.0	-0.000731
159.25	0.0	-0.000721
159.375	0.0	-0.000711
159.5	0.0	-0.000701
159.625	0.0	-0.000692
159.75	0.0	-0.000682
159.875	0.0	-0.000672
160.0	0.0	-0.000663
160.125	0.0	-0.000653
160.25	0.0	-0.000643
160.375	0.0	-0.000634
160.5	0.0	-0.000624
160.625	0.0	-0.000615
160.75	0.0	-0.000605
160.875	0.0	-0.000596
161.0	0.0	-0.000586
161.125	0.0	-0.000577
161.25	0.0	-0.000567
161.375	0.0	-0.000558
161.5	0.0	-0.000548
161.625	0.0	-0.000539
161.75	0.0	-0.000529
161.875	0.0	-0.00052
162.0	0.0	-0.000511
162.125	0.0	-0.000501
162.25	0.0	-0.000492
162.375	0.0	-0.000483
162.5	0.0	-0.000473
162.625	0.0	-0.000464
162.75	0.0	-0.000455
162.875	0.0	-0.000446
163.0	0.0	-0.000436
163.125	0.0	-0.000427
163.25	0.0	-0.000418
163.375	0.0	-0.000409
163.5	0.0	-0.0004
163.625	0.0	-0.00039
163.75	0.0	-0.000381
163.875	0.0	-0.000372
164.0	0.0	-0.000363
164.125	0.0	-0.000354
164.25	0.0	-0.000345
164.375	0.0	-0.000336
164.5	0.0	-0.000327
164.625	0.0	-0.000318
164.75	0.0	-0.000309
164.875	0.0	-0.0003
165.0	0.0	-0.000291
165.125	0.0	-0.000282
165.25	0.0	-0.000273
165.375	0.0	-0.000264
165.5	0.0	-0.000255
165.625	0.0	-0.000246
165.75	0.0	-0.000238
165.875	0.0	-0.000229
166.0	0.0	-0.00022
166.125	0.0	-0.000211
166.25	0.0	-0.000202
166.375	0.0	-0.000193
166.5	0.0	-0.000185
166.625	0.0	-0.000176
166.75	0.0	-0.000167
166.875	0.0	-0.000158
167.0	0.0	-0.00015
167.125	0.0	-0.000141
167.25	0.0	-0.000132
167.375	0.0	-0.000124
167.5	0.0	-0.000115
167.625	0.0	-0.000106
167.75	0.0	-9.8e-5
167.875	0.0	-8.9e-5
168.0	0.0	-8.1e-5
168.125	0.0	-7.2e-5
168.25	0.0	-6.3e-5
168.375	0.0	-5.5e-5
168.5	0.0	-4.6e-5
168.625	0.0	-3.8e-5
168.75	0.0	-2.9e-5
168.875	0.0	-2.1e-5
169.0	0.0	-1.2e-5
169.125	0.0	-4.0e-6
169.25	0.0	5.0e-6
169.375	0.0	1.3e-5
169.5	0.0	2.1e-5
169.625	0.0	3.0e-5
169.75	0.0	3.8e-5
169.875	0.0	4.7e-5
170.0	0.0	5.5e-5
170.125	0.0	6.3e-5
170.25	0.0	7.2e-5
170.375	0.0	8.0e-5
170.5	0.0	8.8e-5
170.625	0.0	9.7e-5
170.75	0.0	0.000105
170.875	0.0	0.000113
171.0	0.0	0.000121
171.125	0.0	0.00013
171.25	0.0	0.000138
171.375	0.0	0.000146
171.5	0.0	0.000154
171.625	0.0	0.000162
171.75	0.0	0.00017
171.875	0.0	0.000179
172.0	0.0	0.000187
172.125	0.0	0.000195
172.25	0.0	0.000203
172.375	0.0	0.000211
172.5	0.0	0.000219
172.625	0.0	0.000227
172.75	0.0	0.000235
172.875	0.0	0.000243
173.0	0.0	0.000251
173.125	0.0	0.000259
173.25	0.0	0.000267
173.375	0.0	0.000275
173.5	0.0	0.000283
173.625	0.0	0.000291
173.75	0.0	0.000299
173.875	0.0	0.000307
174.0	0.0	0.000315
174.125	0.0	0.000323
174.25	0.0	0.000331
174.375	0.0	0.000339
174.5	0.0	0.000347
174.625	0.0	0.000355
174.75	0.0	0.000363
174.875	0.0	0.00037
175.0	0.0	0.000378
175.125	0.0	0.000386
175.25	0.0	0.000394
175.375	0.0	0.000402
175.5	0.0	0.000409
175.625	0.0	0.000417
175.75	0.0	0.000425
175.875	0.0	0.000433
176.0	0.0	0.00044
176.125	0.0	0.000448
176.25	0.0	0.000456
176.375	0.0	0.000464
176.5	0.0	0.000471
176.625	0.0	0.000479
176.75	0.0	0.000487
176.875	0.0	0.000494
177.0	0.0	0.000502
177.125	0.0	0.000509
177.25	0.0	0.000517
177.375	0.0	0.000525
177.5	0.0	0.000532
177.625	0.0	0.00054
177.75	0.0	0.000547
177.875	0.0	0.000555
178.0	0.0	0.000563
178.125	0.0	0.00057
178.25	0.0	0.000578
178.375	0.0	0.000585
178.5	0.0	0.000593
178.625	0.0	0.0006
178.75	0.0	0.000608
178.875	0.0	0.000615
179.0	0.0	0.000622
179.125	0.0	0.00063
179.25	0.0	0.000637
179.375	0.0	0.000645
179.5	0.0	0.000652
179.625	0.0	0.00066
179.75	0.0	0.000667
179.875	0.0	0.000674
180.0	0.0	0.000682
180.125	0.0	0.000689
180.25	0.0	0.000696
180.375	0.0	0.000704
180.5	0.0	0.000711
180.625	0.0	0.000718
180.75	0.0	0.000726
180.875	0.0	0.000733
181.0	0.0	0.00074
181.125	0.0	0.000747
181.25	0.0	0.000755
181.375	0.0	0.000762
181.5	0.0	0.000769
181.625	0.0	0.000776
181.75	0.0	0.000784
181.875	0.0	0.000791
182.0	0.0	0.000798
182.125	0.0	0.000805
182.25	0.0	0.000812
182.375	0.0	0.00082
182.5	0.0	0.000827
182.625	0.0	0.000834
182.75	0.0	0.000841
182.875	0.0	0.000848
183.0	0.0	0.000855
183.125	0.0	0.000862
183.25	0.0	0.000869
183.375	0.0	0.000876
183.5	0.0	0.000884
183.625	0.0	0.000891
183.75	0.0	0.000898
183.875	0.0	0.000905
184.0	0.0	0.000912
184.125	0.0	0.000919
184.25	0.0	0.000926
184.375	0.0	0.000933
184.5	0.0	0.00094
184.625	0.0	0.000947
184.75	0.0	0.000954
184.875	0.0	0.000961
185.0	0.0	0.000968
185.125	0.0	0.000975
185.25	0.0	0.000981
185.375	0.0	0.000988
185.5	0.0	0.000995
185.625	0.0	0.001002
185.75	0.0	0.001009
185.875	0.0	0.001016
186.0	0.0	0.001023
186.125	0.0	0.00103
186.25	0.0	0.001037
186.375	0.0	0.001043
186.5	0.0	0.00105
186.625	0.0	0.001057
186.75	0.0	0.001064
186.875	0.0	0.001071
187.0	0.0	0.001077
187.125	0.0	0.001084
187.25	0.0	0.001091
187.375	0.0	0.001098
187.5	0.0	0.001105
187.625	0.0	0.001111
187.75	0.0	0.001118
187.875	0.0	0.001125
188.0	0.0	0.001132
188.125	0.0	0.001138
188.25	0.0	0.001145
188.375	0.0	0.001152
188.5	0.0	0.001158
188.625	0.0	0.001165
188.75	0.0	0.001172
188.875	0.0	0.001178
189.0	0.0	0.001185
189.125	0.0	0.001192
189.25	0.0	0.001198
189.375	0.0	0.001205
189.5	0.0	0.001211
189.625	0.0	0.001218
189.75	0.0	0.001225
189.875	0.0	0.001231
190.0	0.0	0.001238
190.125	0.0	0.001244
190.25	0.0	0.001251
190.375	0.0	0.001258
190.5	0.0	0.001264
190.625	0.0	0.001271
190.75	0.0	0.001277
190.875	0.0	0.001284
191.0	0.0	0.00129
191.125	0.0	0.001297
191.25	0.0	0.001303
191.375	0.0	0.00131
191.5	0.0	0.001316
191.625	0.0	0.001323
191.75	0.0	0.001329
191.875	0.0	0.001336
192.0	0.0	0.001342
192.125	0.0	0.001348
192.25	0.0	0.001355
192.375	0.0	0.001361
192.5	0.0	0.001368
192.625	0.0	0.001374
192.75	0.0	0.001381
192.875	0.0	0.001387
193.0	0.0	0.001393
193.125	0.0	0.0014
193.25	0.0	0.001406
193.375	0.0	0.001412
193.5	0.0	0.001419
193.625	0.0	0.001425
193.75	0.0	0.001431
193.875	0.0	0.001438
194.0	0.0	0.001444
194.125	0.0	0.00145
194.25	0.0	0.001457
194.375	0.0	0.001463
194.5	0.0	0.001469
194.625	0.0	0.001476
194.75	0.0	0.001482
194.875	0.0	0.001488
195.0	0.0	0.001494
195.125	0.0	0.001501
195.25	0.0	0.001507
195.375	0.0	0.001513
195.5	0.0	0.001519
195.625	0.0	0.001525
195.75	0.0	0.001532
195.875	0.0	0.001538
196.0	0.0	0.001544
196.125	0.0	0.00155
196.25	0.0	0.001556
196.375	0.0	0.001563
196.5	0.0	0.001569
196.625	0.0	0.001575
196.75	0.0	0.001581
196.875	0.0	0.001587
197.0	0.0	0.001593
197.125	0.0	0.001599
197.25	0.0	0.001606
197.375	0.0	0.001612
197.5	0.0	0.001618
197.625	0.0	0.001624
197.75	0.0	0.00163
197.875	0.0	0.001636
198.0	0.0	0.001642
198.125	0.0	0.001648
198.25	0.0	0.001654
198.375	0.0	0.00166
198.5	0.0	0.001666
198.625	0.0	0.001672
198.75	0.0	0.001678
198.875	0.0	0.001684
199.0	0.0	0.00169
199.125	0.0	0.001696
199.25	0.0	0.001702
199.375	0.0	0.001708
199.5	0.0	0.001714
199.625	0.0	0.00172
199.75	0.0	0.001726
199.875	0.0	0.001732
200.0	0.0	0.001738
200.125	0.0	0.001744
200.25	0.0	0.00175
200.375	0.0	0.001756
200.5	0.0	0.001762
200.625	0.0	0.001768
200.75	0.0	0.001774
200.875	0.0	0.00178
201.0	0.0	0.001786
201.125	0.0	0.001792
201.25	0.0	0.001798
201.375	0.0	0.001803
201.5	0.0	0.001809
201.625	0.0	0.001815
201.75	0.0	0.001821
201.875	0.0	0.001827
202.0	0.0	0.001833
202.125	0.0	0.001839
202.25	0.0	0.001844
202.375	0.0	0.00185
202.5	0.0	0.001856
202.625	0.0	0.001862
202.75	0.0	0.001868
202.875	0.0	0.001874
203.0	0.0	0.001879
203.125	0.0	0.001885
203.25	0.0	0.001891
203.375	0.0	0.001897
203.5	0.0	0.001902
203.625	0.0	0.001908
203.75	0.0	0.001914
203.875	0.0	0.00192
204.0	0.0	0.001925
204.125	0.0	0.001931
204.25	0.0	0.001937
204.375	0.0	0.001943
204.5	0.0	0.001948
204.625	0.0	0.001954
204.75	0.0	0.00196
204.875	0.0	0.001966
205.0	0.0	0.001971
205.125	0.0	0.001977
205.25	0.0	0.001983
205.375	0.0	0.001988
205.5	0.0	0.001994
205.625	0.0	0.002
205.75	0.0	0.002005
205.875	0.0	0.002011
206.0	0.0	0.002017
206.125	0.0	0.002022
206.25	0.0	0.002028
206.375	0.0	0.002034
206.5	0.0	0.002039
206.625	0.0	0.002045
206.75	0.0	0.00205
206.875	0.0	0.002056
207.0	0.0	0.002062
207.125	0.0	0.002067
207.25	0.0	0.002073
207.375	0.0	0.002078
207.5	0.0	0.002084
207.625	0.0	0.002089
207.75	0.0	0.002095
207.875	0.0	0.002101
208.0	0.0	0.002106
208.125	0.0	0.002112
208.25	0.0	0.002117
208.375	0.0	0.002123
208.5	0.0	0.002128
208.625	0.0	0.002134
208.75	0.0	0.002139
208.875	0.0	0.002145
209.0	0.0	0.00215
209.125	0.0	0.002156
209.25	0.0	0.002161
209.375	0.0	0.002167
209.5	0.0	0.002172
209.625	0.0	0.002178
209.75	0.0	0.002183
209.875	0.0	0.002189
210.0	0.0	0.002194
210.125	0.0	0.0022
210.25	0.0	0.002205
210.375	0.0	0.002211
210.5	0.0	0.002216
210.625	0.0	0.002221
210.75	0.0	0.002227
210.875	0.0	0.002232
211.0	0.0	0.002238
211.125	0.0	0.002243
211.25	0.0	0.002249
211.375	0.0	0.002254
211.5	0.0	0.002259
211.625	0.0	0.002265
211.75	0.0	0.00227
211.875	0.0	0.002276
212.0	0.0	0.002281
212.125	0.0	0.002286
212.25	0.0	0.002292
212.375	0.0	0.002297
212.5	0.0	0.002302
212.625	0.0	0.002308
212.75	0.0	0.002313
212.875	0.0	0.002318
213.0	0.0	0.002324
213.125	0.0	0.002329
213.25	0.0	0.002334
213.375	0.0	0.00234
213.5	0.0	0.002345
213.625	0.0	0.00235
213.75	0.0	0.002356
213.875	0.0	0.002361
214.0	0.0	0.002366
214.125	0.0	0.002371
214.25	0.0	0.002377
214.375	0.0	0.002382
214.5	0.0	0.002387
214.625	0.0	0.002393
214.75	0.0	0.002398
214.875	0.0	0.002403
215.0	0.0	0.002408
215.125	0.0	0.002414
215.25	0.0	0.002419
215.375	0.0	0.002424
215.5	0.0	0.002429
215.625	0.0	0.002434
215.75	0.0	0.00244
215.875	0.0	0.002445
216.0	0.0	0.00245
216.125	0.0	0.002455
216.25	0.0	0.002461
216.375	0.0	0.002466
216.5	0.0	0.002471
216.625	0.0	0.002476
216.75	0.0	0.002481
216.875	0.0	0.002486
217.0	0.0	0.002492
217.125	0.0	0.002497
217.25	0.0	0.002502
217.375	0.0	0.002507
217.5	0.0	0.002512
217.625	0.0	0.002517
217.75	0.0	0.002523
217.875	0.0	0.002528
218.0	0.0	0.002533
218.125	0.0	0.002538
218.25	0.0	0.002543
218.375	0.0	0.002548
218.5	0.0	0.002553
218.625	0.0	0.002558
218.75	0.0	0.002564
218.875	0.0	0.002569
219.0	0.0	0.002574
219.125	0.0	0.002579
219.25	0.0	0.002584
219.375	0.0	0.002589
219.5	0.0	0.002594
219.625	0.0	0.002599
219.75	0.0	0.002604
219.875	0.0	0.002609
220.0	0.0	0.002614
220.125	0.0	0.002619
220.25	0.0	0.002624
220.375	0.0	0.00263
220.5	0.0	0.002635
220.625	0.0	0.00264
220.75	0.0	0.002645
220.875	0.0	0.00265
221.0	0.0	0.002655
221.125	0.0	0.00266
221.25	0.0	0.002665
221.375	0.0	0.00267
221.5	0.0	0.002675
221.625	0.0	0.00268
221.75	0.0	0.002685
221.875	0.0	0.00269
222.0	0.0	0.002695
222.125	0.0	0.0027
222.25	0.0	0.002705
222.375	0.0	0.00271
222.5	0.0	0.002715
222.625	0.0	0.00272
222.75	0.0	0.002725
222.875	0.0	0.00273
223.0	0.0	0.002734
223.125	0.0	0.002739
223.25	0.0	0.002744
223.375	0.0	0.002749
223.5	0.0	0.002754
223.625	0.0	0.002759
223.75	0.0	0.002764
223.875	0.0	0.002769
224.0	0.0	0.002774
224.125	0.0	0.002779
224.25	0.0	0.002784
224.375	0.0	0.002789
224.5	0.0	0.002794
224.625	0.0	0.002799
224.75	0.0	0.002803
224.875	0.0	0.002808
225.0	0.0	0.002813
225.125	0.0	0.002818
225.25	0.0	0.002823
225.375	0.0	0.002828
225.5	0.0	0.002833
225.625	0.0	0.002838
225.75	0.0	0.002842
225.875	0.0	0.002847
226.0	0.0	0.002852
226.125	0.0	0.002857
226.25	0.0	0.002862
226.375	0.0	0.002867
226.5	0.0	0.002872
226.625	0.0	0.002876
226.75	0.0	0.002881
226.875	0.0	0.002886
227.0	0.0	0.002891
227.125	0.0	0.002896
227.25	0.0	0.002901
227.375	0.0	0.002905
227.5	0.0	0.00291
227.625	0.0	0.002915
227.75	0.0	0.00292
227.875	0.0	0.002925
228.0	0.0	0.002929
228.125	0.0	0.002934
228.25	0.0	0.002939
228.375	0.0	0.002944
228.5	0.0	0.002949
228.625	0.0	0.002953
228.75	0.0	0.002958
228.875	0.0	0.002963
229.0	0.0	0.002968
229.125	0.0	0.002972
229.25	0.0	0.002977
229.375	0.0	0.002982
229.5	0.0	0.002987
229.625	0.0	0.002991
229.75	0.0	0.002996
229.875	0.0	0.003001
230.0	0.0	0.003006
230.125	0.0	0.00301
230.25	0.0	0.003015
230.375	0.0	0.00302
230.5	0.0	0.003024
230.625	0.0	0.003029
230.75	0.0	0.003034
230.875	0.0	0.003039
231.0	0.0	0.003043
231.125	0.0	0.003048
231.25	0.0	0.003053
231.375	0.0	0.003057
231.5	0.0	0.003062
231.625	0.0	0.003067
231.75	0.0	0.003072
231.875	0.0	0.003076
232.0	0.0	0.003081
232.125	0.0	0.003086
232.25	0.0	0.00309
232.375	0.0	0.003095
232.5	0.0	0.0031
232.625	0.0	0.003104
232.75	0.0	0.003109
232.875	0.0	0.003114
233.0	0.0	0.003118
233.125	0.0	0.003123
233.25	0.0	0.003127
233.375	0.0	0.003132
233.5	0.0	0.003137
233.625	0.0	0.003141
233.75	0.0	0.003146
233.875	0.0	0.003151
234.0	0.0	0.003155
234.125	0.0	0.00316
234.25	0.0	0.003165
234.375	0.0	0.003169
234.5	0.0	0.003174
234.625	0.0	0.003178
234.75	0.0	0.003183
234.875	0.0	0.003188
235.0	0.0	0.003192
235.125	0.0	0.003197
235.25	0.0	0.003201
235.375	0.0	0.003206
235.5	0.0	0.00321
235.625	0.0	0.003215
235.75	0.0	0.00322
235.875	0.0	0.003224
236.0	0.0	0.003229
236.125	0.0	0.003233
236.25	0.0	0.003238
236.375	0.0	0.003242
236.5	0.0	0.003247
236.625	0.0	0.003252
236.75	0.0	0.003256
236.875	0.0	0.003261
237.0	0.0	0.003265
237.125	0.0	0.00327
237.25	0.0	0.003274
237.375	0.0	0.003279
237.5	0.0	0.003283
237.625	0.0	0.003288
237.75	0.0	0.003292
237.875	0.0	0.003297
238.0	0.0	0.003302
238.125	0.0	0.003306
238.25	0.0	0.003311
238.375	0.0	0.003315
238.5	0.0	0.00332
238.625	0.0	0.003324
238.75	0.0	0.003329
238.875	0.0	0.003333
239.0	0.0	0.003338
239.125	0.0	0.003342
239.25	0.0	0.003347
239.375	0.0	0.003351
239.5	0.0	0.003356
239.625	0.0	0.00336
239.75	0.0	0.003365
239.875	0.0	0.003369
240.0	0.0	0.003373
240.125	0.0	0.003378
240.25	0.0	0.003382
240.375	0.0	0.003387
240.5	0.0	0.003391
240.625	0.0	0.003396
240.75	0.0	0.0034
240.875	0.0	0.003405
241.0	0.0	0.003409
241.125	0.0	0.003414
241.25	0.0	0.003418
241.375	0.0	0.003422
241.5	0.0	0.003427
241.625	0.0	0.003431
241.75	0.0	0.003436
241.875	0.0	0.00344
242.0	0.0	0.003445
242.125	0.0	0.003449
242.25	0.0	0.003453
242.375	0.0	0.003458
242.5	0.0	0.003462
242.625	0.0	0.003467
242.75	0.0	0.003471
242.875	0.0	0.003476
243.0	0.0	0.00348
243.125	0.0	0.003484
243.25	0.0	0.003489
243.375	0.0	0.003493
243.5	0.0	0.003498
243.625	0.0	0.003502
243.75	0.0	0.003506
243.875	0.0	0.003511
244.0	0.0	0.003515
244.125	0.0	0.00352
244.25	0.0	0.003524
244.375	0.0	0.003528
244.5	0.0	0.003533
244.625	0.0	0.003537
244.75	0.0	0.003541
244.875	0.0	0.003546
245.0	0.0	0.00355
245.125	0.0	0.003554
245.25	0.0	0.003559
245.375	0.0	0.003563
245.5	0.0	0.003568
245.625	0.0	0.003572
245.75	0.0	0.003576
245.875	0.0	0.003581
246.0	0.0	0.003585
246.125	0.0	0.003589
246.25	0.0	0.003594
246.375	0.0	0.003598
246.5	0.0	0.003602
246.625	0.0	0.003607
246.75	0.0	0.003611
246.875	0.0	0.003615
247.0	0.0	0.00362
247.125	0.0	0.003624
247.25	0.0	0.003628
247.375	0.0	0.003633
247.5	0.0	0.003637
247.625	0.0	0.003641
247.75	0.0	0.003645
247.875	0.0	0.00365
248.0	0.0	0.003654
248.125	0.0	0.003658
248.25	0.0	0.003663
248.375	0.0	0.003667
248.5	0.0	0.003671
248.625	0.0	0.003676
248.75	0.0	0.00368
248.875	0.0	0.003684
249.0	0.0	0.003688
249.125	0.0	0.003693
249.25	0.0	0.003697
249.375	0.0	0.003701
249.5	0.0	0.003705
249.625	0.0	0.00371
249.75	0.0	0.003714
249.875	0.0	0.003718
250.0	0.0	0.003723
250.125	0.0	0.003727
250.25	0.0	0.003731
250.375	0.0	0.003735
250.5	0.0	0.00374
250.625	0.0	0.003744
250.75	0.0	0.003748
250.875	0.0	0.003752
251.0	0.0	0.003757
251.125	0.0	0.003761
251.25	0.0	0.003765
251.375	0.0	0.003769
251.5	0.0	0.003774
251.625	0.0	0.003778
251.75	0.0	0.003782
251.875	0.0	0.003786
252.0	0.0	0.00379
252.125	0.0	0.003795
252.25	0.0	0.003799
252.375	0.0	0.003803
252.5	0.0	0.003807
252.625	0.0	0.003812
252.75	0.0	0.003816
252.875	0.0	0.00382
253.0	0.0	0.003824
253.125	0.0	0.003828
253.25	0.0	0.003833
253.375	0.0	0.003837
253.5	0.0	0.003841
253.625	0.0	0.003845
253.75	0.0	0.003849
253.875	0.0	0.003854
254.0	0.0	0.003858
254.125	0.0	0.003862
254.25	0.0	0.003866
254.375	0.0	0.00387
254.5	0.0	0.003875
254.625	0.0	0.003879
254.75	0.0	0.003883
254.875	0.0	0.003887
255.0	0.0	0.003891
255.125	0.0	0.003895
255.25	0.0	0.0039
255.375	0.0	0.003904
255.5	0.0	0.003908
255.625	0.0	0.003912
255.75	0.0	0.003916
255.875	0.0	0.00392
256.0	0.0	0.003925
256.125	0.0	0.003929
256.25	0.0	0.003933
256.375	0.0	0.003937
256.5	0.0	0.003941
256.625	0.0	0.003945
256.75	0.0	0.00395
256.875	0.0	0.003954
257.0	0.0	0.003958
257.125	0.0	0.003962
257.25	0.0	0.003966
257.375	0.0	0.00397
257.5	0.0	0.003974
257.625	0.0	0.003979
