-254.25	0.0	-0.00021
-254.125	0.0	-0.00021
-254.0	0.0	-0.00021
-253.875	0.0	-0.000209
-253.75	0.0	-0.000209
-253.625	0.0	-0.000209
-253.5	0.0	-0.000208
-253.375	0.0	-0.000208
-253.25	0.0	-0.000208
-253.125	0.0	-0.000207
-253.0	0.0	-0.000207
-252.875	0.0	-0.000207
-252.75	0.0	-0.000206
-252.625	0.0	-0.000206
-252.5	0.0	-0.000206
-252.375	0.0	-0.000206
-252.25	0.0	-0.000205
-252.125	0.0	-0.000205
-252.0	0.0	-0.000205
-251.875	0.0	-0.000204
-251.75	0.0	-0.000204
-251.625	0.0	-0.000204
-251.5	0.0	-0.000203
-251.375	0.0	-0.000203
-251.25	0.0	-0.000203
-251.125	0.0	-0.000202
-251.0	0.0	-0.000202
-250.875	0.0	-0.000202
-250.75	0.0	-0.000201
-250.625	0.0	-0.000201
-250.5	0.0	-0.000201
-250.375	0.0	-0.0002
-250.25	0.0	-0.0002
-250.125	0.0	-0.0002
-250.0	0.0	-0.0002
-249.875	0.0	-0.000199
-249.75	0.0	-0.000199
-249.625	0.0	-0.000199
-249.5	0.0	-0.000198
-249.375	0.0	-0.000198
-249.25	0.0	-0.000198
-249.125	0.0	-0.000197
-249.0	0.0	-0.000197
-248.875	0.0	-0.000197
-248.75	0.0	-0.000196
-248.625	0.0	-0.000196
-248.5	0.0	-0.000196
-248.375	0.0	-0.000196
-248.25	0.0	-0.000195
-248.125	0.0	-0.000195
-248.0	0.0	-0.000195
-247.875	0.0	-0.000194
-247.75	0.0	-0.000194
-247.625	0.0	-0.000194
-247.5	0.0	-0.000193
-247.375	0.0	-0.000193
-247.25	0.0	-0.000193
-247.125	0.0	-0.000192
-247.0	0.0	-0.000192
-246.875	0.0	-0.000192
-246.75	0.0	-0.000192
-246.625	0.0	-0.000191
-246.5	0.0	-0.000191
-246.375	0.0	-0.000191
-246.25	0.0	-0.00019
-246.125	0.0	-0.00019
-246.0	0.0	-0.00019
-245.875	0.0	-0.000189
-245.75	0.0	-0.000189
-245.625	0.0	-0.000189
-245.5	0.0	-0.000189
-245.375	0.0	-0.000188
-245.25	0.0	-0.000188
-245.125	0.0	-0.000188
-245.0	0.0	-0.000187
-244.875	0.0	-0.000187
-244.75	0.0	-0.000187
-244.625	0.0	-0.000187
-244.5	0.0	-0.000186
-244.375	0.0	-0.000186
-244.25	0.0	-0.000186
-244.125	0.0	-0.000185
-244.0	0.0	-0.000185
-243.875	0.0	-0.000185
-243.75	0.0	-0.000184
-243.625	0.0	-0.000184
-243.5	0.0	-0.000184
-243.375	0.0	-0.000184
-243.25	0.0	-0.000183
-243.125	0.0	-0.000183
-243.0	0.0	-0.000183
-242.875	0.0	-0.000182
-242.75	0.0	-0.000182
-242.625	0.0	-0.000182
-242.5	0.0	-0.000182
-242.375	0.0	-0.000181
-242.25	0.0	-0.000181
-242.125	0.0	-0.000181
-242.0	0.0	-0.00018
-241.875	0.0	-0.00018
-241.75	0.0	-0.00018
-241.625	0.0	-0.00018
-241.5	0.0	-0.000179
-241.375	0.0	-0.000179
-241.25	0.0	-0.000179
-241.125	0.0	-0.000178
-241.0	0.0	-0.000178
-240.875	0.0	-0.000178
-240.75	0.0	-0.000178
-240.625	0.0	-0.000177
-240.5	0.0	-0.000177
-240.375	0.0	-0.000177
-240.25	0.0	-0.000176
-240.125	0.0	-0.000176
-240.0	0.0	-0.000176
-239.875	0.0	-0.000176
-239.75	0.0	-0.000175
-239.625	0.0	-0.000175
-239.5	0.0	-0.000175
-239.375	0.0	-0.000174
-239.25	0.0	-0.000174
-239.125	0.0	-0.000174
-239.0	0.0	-0.000174
-238.875	0.0	-0.000173
-238.75	0.0	-0.000173
-238.625	0.0	-0.000173
-238.5	0.0	-0.000173
-238.375	0.0	-0.000172
-238.25	0.0	-0.000172
-238.125	0.0	-0.000172
-238.0	0.0	-0.000171
-237.875	0.0	-0.000171
-237.75	0.0	-0.000171
-237.625	0.0	-0.000171
-237.5	0.0	-0.00017
-237.375	0.0	-0.00017
-237.25	0.0	-0.00017
-237.125	0.0	-0.000169
-237.0	0.0	-0.000169
-236.875	0.0	-0.000169
-236.75	0.0	-0.000169
-236.625	0.0	-0.000168
-236.5	0.0	-0.000168
-236.375	0.0	-0.000168
-236.25	0.0	-0.000168
-236.125	0.0	-0.000167
-236.0	0.0	-0.000167
-235.875	0.0	-0.000167
-235.75	0.0	-0.000166
-235.625	0.0	-0.000166
-235.5	0.0	-0.000166
-235.375	0.0	-0.000166
-235.25	0.0	-0.000165
-235.125	0.0	-0.000165
-235.0	0.0	-0.000165
-234.875	0.0	-0.000165
-234.75	0.0	-0.000164
-234.625	0.0	-0.000164
-234.5	0.0	-0.000164
-234.375	0.0	-0.000164
-234.25	0.0	-0.000163
-234.125	0.0	-0.000163
-234.0	0.0	-0.000163
-233.875	0.0	-0.000162
-233.75	0.0	-0.000162
-233.625	0.0	-0.000162
-233.5	0.0	-0.000162
-233.375	0.0	-0.000161
-233.25	0.0	-0.000161
-233.125	0.0	-0.000161
-233.0	0.0	-0.000161
-232.875	0.0	-0.00016
-232.75	0.0	-0.00016
-232.625	0.0	-0.00016
-232.5	0.0	-0.00016
-232.375	0.0	-0.000159
-232.25	0.0	-0.000159
-232.125	0.0	-0.000159
-232.0	0.0	-0.000159
-231.875	0.0	-0.000158
-231.75	0.0	-0.000158
-231.625	0.0	-0.000158
-231.5	0.0	-0.000157
-231.375	0.0	-0.000157
-231.25	0.0	-0.000157
-231.125	0.0	-0.000157
-231.0	0.0	-0.000156
-230.875	0.0	-0.000156
-230.75	0.0	-0.000156
-230.625	0.0	-0.000156
-230.5	0.0	-0.000155
-230.375	0.0	-0.000155
-230.25	0.0	-0.000155
-230.125	0.0	-0.000155
-230.0	0.0	-0.000154
-229.875	0.0	-0.000154
-229.75	0.0	-0.000154
-229.625	0.0	-0.000154
-229.5	0.0	-0.000153
-229.375	0.0	-0.000153
-229.25	0.0	-0.000153
-229.125	0.0	-0.000153
-229.0	0.0	-0.000152
-228.875	0.0	-0.000152
-228.75	0.0	-0.000152
-228.625	0.0	-0.000152
-228.5	0.0	-0.000151
-228.375	0.0	-0.000151
-228.25	0.0	-0.000151
-228.125	0.0	-0.000151
-228.0	0.0	-0.00015
-227.875	0.0	-0.00015
-227.75	0.0	-0.00015
-227.625	0.0	-0.00015
-227.5	0.0	-0.000149
-227.375	0.0	-0.000149
-227.25	0.0	-0.000149
-227.125	0.0	-0.000149
-227.0	0.0	-0.000148
-226.875	0.0	-0.000148
-226.75	0.0	-0.000148
-226.625	0.0	-0.000148
-226.5	0.0	-0.000147
-226.375	0.0	-0.000147
-226.25	0.0	-0.000147
-226.125	0.0	-0.000147
-226.0	0.0	-0.000146
-225.875	0.0	-0.000146
-225.75	0.0	-0.000146
-225.625	0.0	-0.000146
-225.5	0.0	-0.000145
-225.375	0.0	-0.000145
-225.25	0.0	-0.000145
-225.125	0.0	-0.000145
-225.0	0.0	-0.000144
-224.875	0.0	-0.000144
-224.75	0.0	-0.000144
-224.625	0.0	-0.000144
-224.5	0.0	-0.000143
-224.375	0.0	-0.000143
-224.25	0.0	-0.000143
-224.125	0.0	-0.000143
-224.0	0.0	-0.000142
-223.875	0.0	-0.000142
-223.75	0.0	-0.000142
-223.625	0.0	-0.000142
-223.5	0.0	-0.000141
-223.375	0.0	-0.000141
-223.25	0.0	-0.000141
-223.125	0.0	-0.000141
-223.0	0.0	-0.00014
-222.875	0.0	-0.00014
-222.75	0.0	-0.00014
-222.625	0.0	-0.00014
-222.5	0.0	-0.000139
-222.375	0.0	-0.000139
-222.25	0.0	-0.000139
-222.125	0.0	-0.000139
-222.0	0.0	-0.000139
-221.875	0.0	-0.000138
-221.75	0.0	-0.000138
-221.625	0.0	-0.000138
-221.5	0.0	-0.000138
-221.375	0.0	-0.000137
-221.25	0.0	-0.000137
-221.125	0.0	-0.000137
-221.0	0.0	-0.000137
-220.875	0.0	-0.000136
-220.75	0.0	-0.000136
-220.625	0.0	-0.000136
-220.5	0.0	-0.000136
-220.375	0.0	-0.000135
-220.25	0.0	-0.000135
-220.125	0.0	-0.000135
-220.0	0.0	-0.000135
-219.875	0.0	-0.000134
-219.75	0.0	-0.000134
-219.625	0.0	-0.000134
-219.5	0.0	-0.000134
-219.375	0.0	-0.000134
-219.25	0.0	-0.000133
-219.125	0.0	-0.000133
-219.0	0.0	-0.000133
-218.875	0.0	-0.000133
-218.75	0.0	-0.000132
-218.625	0.0	-0.000132
-218.5	0.0	-0.000132
-218.375	0.0	-0.000132
-218.25	0.0	-0.000131
-218.125	0.0	-0.000131
-218.0	0.0	-0.000131
-217.875	0.0	-0.000131
-217.75	0.0	-0.00013
-217.625	0.0	-0.00013
-217.5	0.0	-0.00013
-217.375	0.0	-0.00013
-217.25	0.0	-0.00013
-217.125	0.0	-0.000129
-217.0	0.0	-0.000129
-216.875	0.0	-0.000129
-216.75	0.0	-0.000129
-216.625	0.0	-0.000128
-216.5	0.0	-0.000128
-216.375	0.0	-0.000128
-216.25	0.0	-0.000128
-216.125	0.0	-0.000127
-216.0	0.0	-0.000127
-215.875	0.0	-0.000127
-215.75	0.0	-0.000127
-215.625	0.0	-0.000127
-215.5	0.0	-0.000126
-215.375	0.0	-0.000126
-215.25	0.0	-0.000126
-215.125	0.0	-0.000126
-215.0	0.0	-0.000125
-214.875	0.0	-0.000125
-214.75	0.0	-0.000125
-214.625	0.0	-0.000125
-214.5	0.0	-0.000125
-214.375	0.0	-0.000124
-214.25	0.0	-0.000124
-214.125	0.0	-0.000124
-214.0	0.0	-0.000124
-213.875	0.0	-0.000123
-213.75	0.0	-0.000123
-213.625	0.0	-0.000123
-213.5	0.0	-0.000123
-213.375	0.0	-0.000122
-213.25	0.0	-0.000122
-213.125	0.0	-0.000122
-213.0	0.0	-0.000122
-212.875	0.0	-0.000122
-212.75	0.0	-0.000121
-212.625	0.0	-0.000121
-212.5	0.0	-0.000121
-212.375	0.0	-0.000121
-212.25	0.0	-0.00012
-212.125	0.0	-0.00012
-212.0	0.0	-0.00012
-211.875	0.0	-0.00012
-211.75	0.0	-0.00012
-211.625	0.0	-0.000119
-211.5	0.0	-0.000119
-211.375	0.0	-0.000119
-211.25	0.0	-0.000119
-211.125	0.0	-0.000118
-211.0	0.0	-0.000118
-210.875	0.0	-0.000118
-210.75	0.0	-0.000118
-210.625	0.0	-0.000118
-210.5	0.0	-0.000117
-210.375	0.0	-0.000117
-210.25	0.0	-0.000117
-210.125	0.0	-0.000117
-210.0	0.0	-0.000116
-209.875	0.0	-0.000116
-209.75	0.0	-0.000116
-209.625	0.0	-0.000116
-209.5	0.0	-0.000116
-209.375	0.0	-0.000115
-209.25	0.0	-0.000115
-209.125	0.0	-0.000115
-209.0	0.0	-0.000115
-208.875	0.0	-0.000114
-208.75	0.0	-0.000114
-208.625	0.0	-0.000114
-208.5	0.0	-0.000114
-208.375	0.0	-0.000114
-208.25	0.0	-0.000113
-208.125	0.0	-0.000113
-208.0	0.0	-0.000113
-207.875	0.0	-0.000113
-207.75	0.0	-0.000113
-207.625	0.0	-0.000112
-207.5	0.0	-0.000112
-207.375	0.0	-0.000112
-207.25	0.0	-0.000112
-207.125	0.0	-0.000111
-207.0	0.0	-0.000111
-206.875	0.0	-0.000111
-206.75	0.0	-0.000111
-206.625	0.0	-0.000111
-206.5	0.0	-0.00011
-206.375	0.0	-0.00011
-206.25	0.0	-0.00011
-206.125	0.0	-0.00011
-206.0	0.0	-0.000109
-205.875	0.0	-0.000109
-205.75	0.0	-0.000109
-205.625	0.0	-0.000109
-205.5	0.0	-0.000109
-205.375	0.0	-0.000108
-205.25	0.0	-0.000108
-205.125	0.0	-0.000108
-205.0	0.0	-0.000108
-204.875	0.0	-0.000108
-204.75	0.0	-0.000107
-204.625	0.0	-0.000107
-204.5	0.0	-0.000107
-204.375	0.0	-0.000107
-204.25	0.0	-0.000107
-204.125	0.0	-0.000106
-204.0	0.0	-0.000106
-203.875	0.0	-0.000106
-203.75	0.0	-0.000106
-203.625	0.0	-0.000105
-203.5	0.0	-0.000105
-203.375	0.0	-0.000105
-203.25	0.0	-0.000105
-203.125	0.0	-0.000105
-203.0	0.0	-0.000104
-202.875	0.0	-0.000104
-202.75	0.0	-0.000104
-202.625	0.0	-0.000104
-202.5	0.0	-0.000104
-202.375	0.0	-0.000103
-202.25	0.0	-0.000103
-202.125	0.0	-0.000103
-202.0	0.0	-0.000103
-201.875	0.0	-0.000103
-201.75	0.0	-0.000102
-201.625	0.0	-0.000102
-201.5	0.0	-0.000102
-201.375	0.0	-0.000102
-201.25	0.0	-0.000101
-201.125	0.0	-0.000101
-201.0	0.0	-0.000101
-200.875	0.0	-0.000101
-200.75	0.0	-0.000101
-200.625	0.0	-0.0001
-200.5	0.0	-0.0001
-200.375	0.0	-0.0001
-200.25	0.0	-0.0001
-200.125	0.0	-0.0001
-200.0	0.0	-9.9e-5
-199.875	0.0	-9.9e-5
-199.75	0.0	-9.9e-5
-199.625	0.0	-9.9e-5
-199.5	0.0	-9.9e-5
-199.375	0.0	-9.8e-5
-199.25	0.0	-9.8e-5
-199.125	0.0	-9.8e-5
-199.0	0.0	-9.8e-5
-198.875	0.0	-9.8e-5
-198.75	0.0	-9.7e-5
-198.625	0.0	-9.7e-5
-198.5	0.0	-9.7e-5
-198.375	0.0	-9.7e-5
-198.25	0.0	-9.6e-5
-198.125	0.0	-9.6e-5
-198.0	0.0	-9.6e-5
-197.875	0.0	-9.6e-5
-197.75	0.0	-9.6e-5
-197.625	0.0	-9.5e-5
-197.5	0.0	-9.5e-5
-197.375	0.0	-9.5e-5
-197.25	0.0	-9.5e-5
-197.125	0.0	-9.5e-5
-197.0	0.0	-9.4e-5
-196.875	0.0	-9.4e-5
-196.75	0.0	-9.4e-5
-196.625	0.0	-9.4e-5
-196.5	0.0	-9.4e-5
-196.375	0.0	-9.3e-5
-196.25	0.0	-9.3e-5
-196.125	0.0	-9.3e-5
-196.0	0.0	-9.3e-5
-195.875	0.0	-9.3e-5
-195.75	0.0	-9.2e-5
-195.625	0.0	-9.2e-5
-195.5	0.0	-9.2e-5
-195.375	0.0	-9.2e-5
-195.25	0.0	-9.2e-5
-195.125	0.0	-9.1e-5
-195.0	0.0	-9.1e-5
-194.875	0.0	-9.1e-5
-194.75	0.0	-9.1e-5
-194.625	0.0	-9.1e-5
-194.5	0.0	-9.0e-5
-194.375	0.0	-9.0e-5
-194.25	0.0	-9.0e-5
-194.125	0.0	-9.0e-5
-194.0	0.0	-9.0e-5
-193.875	0.0	-8.9e-5
-193.75	0.0	-8.9e-5
-193.625	0.0	-8.9e-5
-193.5	0.0	-8.9e-5
-193.375	0.0	-8.9e-5
-193.25	0.0	-8.8e-5
-193.125	0.0	-8.8e-5
-193.0	0.0	-8.8e-5
-192.875	0.0	-8.8e-5
-192.75	0.0	-8.8e-5
-192.625	0.0	-8.7e-5
-192.5	0.0	-8.7e-5
-192.375	0.0	-8.7e-5
-192.25	0.0	-8.7e-5
-192.125	0.0	-8.7e-5
-192.0	0.0	-8.6e-5
-191.875	0.0	-8.6e-5
-191.75	0.0	-8.6e-5
-191.625	0.0	-8.6e-5
-191.5	0.0	-8.6e-5
-191.375	0.0	-8.5e-5
-191.25	0.0	-8.5e-5
-191.125	0.0	-8.5e-5
-191.0	0.0	-8.5e-5
-190.875	0.0	-8.5e-5
-190.75	0.0	-8.4e-5
-190.625	0.0	-8.4e-5
-190.5	0.0	-8.4e-5
-190.375	0.0	-8.4e-5
-190.25	0.0	-8.4e-5
-190.125	0.0	-8.3e-5
-190.0	0.0	-8.3e-5
-189.875	0.0	-8.3e-5
-189.75	0.0	-8.3e-5
-189.625	0.0	-8.3e-5
-189.5	0.0	-8.2e-5
-189.375	0.0	-8.2e-5
-189.25	0.0	-8.2e-5
-189.125	0.0	-8.2e-5
-189.0	0.0	-8.2e-5
-188.875	0.0	-8.1e-5
-188.75	0.0	-8.1e-5
-188.625	0.0	-8.1e-5
-188.5	0.0	-8.1e-5
-188.375	0.0	-8.1e-5
-188.25	0.0	-8.1e-5
-188.125	0.0	-8.0e-5
-188.0	0.0	-8.0e-5
-187.875	0.0	-8.0e-5
-187.75	0.0	-8.0e-5
-187.625	0.0	-8.0e-5
-187.5	0.0	-7.9e-5
-187.375	0.0	-7.9e-5
-187.25	0.0	-7.9e-5
-187.125	0.0	-7.9e-5
-187.0	0.0	-7.9e-5
-186.875	0.0	-7.8e-5
-186.75	0.0	-7.8e-5
-186.625	0.0	-7.8e-5
-186.5	0.0	-7.8e-5
-186.375	0.0	-7.8e-5
-186.25	0.0	-7.7e-5
-186.125	0.0	-7.7e-5
-186.0	0.0	-7.7e-5
-185.875	0.0	-7.7e-5
-185.75	0.0	-7.7e-5
-185.625	0.0	-7.6e-5
-185.5	0.0	-7.6e-5
-185.375	0.0	-7.6e-5
-185.25	0.0	-7.6e-5
-185.125	0.0	-7.6e-5
-185.0	0.0	-7.5e-5
-184.875	0.0	-7.5e-5
-184.75	0.0	-7.5e-5
-184.625	0.0	-7.5e-5
-184.5	0.0	-7.5e-5
-184.375	0.0	-7.5e-5
-184.25	0.0	-7.4e-5
-184.125	0.0	-7.4e-5
-184.0	0.0	-7.4e-5
-183.875	0.0	-7.4e-5
-183.75	0.0	-7.4e-5
-183.625	0.0	-7.3e-5
-183.5	0.0	-7.3e-5
-183.375	0.0	-7.3e-5
-183.25	0.0	-7.3e-5
-183.125	0.0	-7.3e-5
-183.0	0.0	-7.2e-5
-182.875	0.0	-7.2e-5
-182.75	0.0	-7.2e-5
-182.625	0.0	-7.2e-5
-182.5	0.0	-7.2e-5
-182.375	0.0	-7.1e-5
-182.25	0.0	-7.1e-5
-182.125	0.0	-7.1e-5
-182.0	0.0	-7.1e-5
-181.875	0.0	-7.1e-5
-181.75	0.0	-7.1e-5
-181.625	0.0	-7.0e-5
-181.5	0.0	-7.0e-5
-181.375	0.0	-7.0e-5
-181.25	0.0	-7.0e-5
-181.125	0.0	-7.0e-5
-181.0	0.0	-6.9e-5
-180.875	0.0	-6.9e-5
-180.75	0.0	-6.9e-5
-180.625	0.0	-6.9e-5
-180.5	0.0	-6.9e-5
-180.375	0.0	-6.8e-5
-180.25	0.0	-6.8e-5
-180.125	0.0	-6.8e-5
-180.0	0.0	-6.8e-5
-179.875	0.0	-6.8e-5
-179.75	0.0	-6.8e-5
-179.625	0.0	-6.7e-5
-179.5	0.0	-6.7e-5
-179.375	0.0	-6.7e-5
-179.25	0.0	-6.7e-5
-179.125	0.0	-6.7e-5
-179.0	0.0	-6.6e-5
-178.875	0.0	-6.6e-5
-178.75	0.0	-6.6e-5
-178.625	0.0	-6.6e-5
-178.5	0.0	-6.6e-5
-178.375	0.0	-6.5e-5
-178.25	0.0	-6.5e-5
-178.125	0.0	-6.5e-5
-178.0	0.0	-6.5e-5
-177.875	0.0	-6.5e-5
-177.75	0.0	-6.5e-5
-177.625	0.0	-6.4e-5
-177.5	0.0	-6.4e-5
-177.375	0.0	-6.4e-5
-177.25	0.0	-6.4e-5
-177.125	0.0	-6.4e-5
-177.0	0.0	-6.3e-5
-176.875	0.0	-6.3e-5
-176.75	0.0	-6.3e-5
-176.625	0.0	-6.3e-5
-176.5	0.0	-6.3e-5
-176.375	0.0	-6.2e-5
-176.25	0.0	-6.2e-5
-176.125	0.0	-6.2e-5
-176.0	0.0	-6.2e-5
-175.875	0.0	-6.2e-5
-175.75	0.0	-6.2e-5
-175.625	0.0	-6.1e-5
-175.5	0.0	-6.1e-5
-175.375	0.0	-6.1e-5
-175.25	0.0	-6.1e-5
-175.125	0.0	-6.1e-5
-175.0	0.0	-6.0e-5
-174.875	0.0	-6.0e-5
-174.75	0.0	-6.0e-5
-174.625	0.0	-6.0e-5
-174.5	0.0	-6.0e-5
-174.375	0.0	-6.0e-5
-174.25	0.0	-5.9e-5
-174.125	0.0	-5.9e-5
-174.0	0.0	-5.9e-5
-173.875	0.0	-5.9e-5
-173.75	0.0	-5.9e-5
-173.625	0.0	-5.8e-5
-173.5	0.0	-5.8e-5
-173.375	0.0	-5.8e-5
-173.25	0.0	-5.8e-5
-173.125	0.0	-5.8e-5
-173.0	0.0	-5.8e-5
-172.875	0.0	-5.7e-5
-172.75	0.0	-5.7e-5
-172.625	0.0	-5.7e-5
-172.5	0.0	-5.7e-5
-172.375	0.0	-5.7e-5
-172.25	0.0	-5.6e-5
-172.125	0.0	-5.6e-5
-172.0	0.0	-5.6e-5
-171.875	0.0	-5.6e-5
-171.75	0.0	-5.6e-5
-171.625	0.0	-5.6e-5
-171.5	0.0	-5.5e-5
-171.375	0.0	-5.5e-5
-171.25	0.0	-5.5e-5
-171.125	0.0	-5.5e-5
-171.0	0.0	-5.5e-5
-170.875	0.0	-5.4e-5
-170.75	0.0	-5.4e-5
-170.625	0.0	-5.4e-5
-170.5	0.0	-5.4e-5
-170.375	0.0	-5.4e-5
-170.25	0.0	-5.4e-5
-170.125	0.0	-5.3e-5
-170.0	0.0	-5.3e-5
-169.875	0.0	-5.3e-5
-169.75	0.0	-5.3e-5
-169.625	0.0	-5.3e-5
-169.5	0.0	-5.2e-5
-169.375	0.0	-5.2e-5
-169.25	0.0	-5.2e-5
-169.125	0.0	-5.2e-5
-169.0	0.0	-5.2e-5
-168.875	0.0	-5.2e-5
-168.75	0.0	-5.1e-5
-168.625	0.0	-5.1e-5
-168.5	0.0	-5.1e-5
-168.375	0.0	-5.1e-5
-168.25	0.0	-5.1e-5
-168.125	0.0	-5.0e-5
-168.0	0.0	-5.0e-5
-167.875	0.0	-5.0e-5
-167.75	0.0	-5.0e-5
-167.625	0.0	-5.0e-5
-167.5	0.0	-5.0e-5
-167.375	0.0	-4.9e-5
-167.25	0.0	-4.9e-5
-167.125	0.0	-4.9e-5
-167.0	0.0	-4.9e-5
-166.875	0.0	-4.9e-5
-166.75	0.0	-4.8e-5
-166.625	0.0	-4.8e-5
-166.5	0.0	-4.8e-5
-166.375	0.0	-4.8e-5
-166.25	0.0	-4.8e-5
-166.125	0.0	-4.8e-5
-166.0	0.0	-4.7e-5
-165.875	0.0	-4.7e-5
-165.75	0.0	-4.7e-5
-165.625	0.0	-4.7e-5
-165.5	0.0	-4.7e-5
-165.375	0.0	-4.7e-5
-165.25	0.0	-4.6e-5
-165.125	0.0	-4.6e-5
-165.0	0.0	-4.6e-5
-164.875	0.0	-4.6e-5
-164.75	0.0	-4.6e-5
-164.625	0.0	-4.5e-5
-164.5	0.0	-4.5e-5
-164.375	0.0	-4.5e-5
-164.25	0.0	-4.5e-5
-164.125	0.0	-4.5e-5
-164.0	0.0	-4.5e-5
-163.875	0.0	-4.4e-5
-163.75	0.0	-4.4e-5
-163.625	0.0	-4.4e-5
-163.5	0.0	-4.4e-5
-163.375	0.0	-4.4e-5
-163.25	0.0	-4.3e-5
-163.125	0.0	-4.3e-5
-163.0	0.0	-4.3e-5
-162.875	0.0	-4.3e-5
-162.75	0.0	-4.3e-5
-162.625	0.0	-4.3e-5
-162.5	0.0	-4.2e-5
-162.375	0.0	-4.2e-5
-162.25	0.0	-4.2e-5
-162.125	0.0	-4.2e-5
-162.0	0.0	-4.2e-5
-161.875	0.0	-4.2e-5
-161.75	0.0	-4.1e-5
-161.625	0.0	-4.1e-5
-161.5	0.0	-4.1e-5
-161.375	0.0	-4.1e-5
-161.25	0.0	-4.1e-5
-161.125	0.0	-4.0e-5
-161.0	0.0	-4.0e-5
-160.875	0.0	-4.0e-5
-160.75	0.0	-4.0e-5
-160.625	0.0	-4.0e-5
-160.5	0.0	-4.0e-5
-160.375	0.0	-3.9e-5
-160.25	0.0	-3.9e-5
-160.125	0.0	-3.9e-5
-160.0	0.0	-3.9e-5
-159.875	0.0	-3.9e-5
-159.75	0.0	-3.9e-5
-159.625	0.0	-3.8e-5
-159.5	0.0	-3.8e-5
-159.375	0.0	-3.8e-5
-159.25	0.0	-3.8e-5
-159.125	0.0	-3.8e-5
-159.0	0.0	-3.7e-5
-158.875	0.0	-3.7e-5
-158.75	0.0	-3.7e-5
-158.625	0.0	-3.7e-5
-158.5	0.0	-3.7e-5
-158.375	0.0	-3.7e-5
-158.25	0.0	-3.6e-5
-158.125	0.0	-3.6e-5
-158.0	0.0	-3.6e-5
-157.875	0.0	-3.6e-5
-157.75	0.0	-3.6e-5
-157.625	0.0	-3.6e-5
-157.5	0.0	-3.5e-5
-157.375	0.0	-3.5e-5
-157.25	0.0	-3.5e-5
-157.125	0.0	-3.5e-5
-157.0	0.0	-3.5e-5
-156.875	0.0	-3.5e-5
-156.75	0.0	-3.4e-5
-156.625	0.0	-3.4e-5
-156.5	0.0	-3.4e-5
-156.375	0.0	-3.4e-5
-156.25	0.0	-3.4e-5
-156.125	0.0	-3.3e-5
-156.0	0.0	-3.3e-5
-155.875	0.0	-3.3e-5
-155.75	0.0	-3.3e-5
-155.625	0.0	-3.3e-5
-155.5	0.0	-3.3e-5
-155.375	0.0	-3.2e-5
-155.25	0.0	-3.2e-5
-155.125	0.0	-3.2e-5
-155.0	0.0	-3.2e-5
-154.875	0.0	-3.2e-5
-154.75	0.0	-3.2e-5
-154.625	0.0	-3.1e-5
-154.5	0.0	-3.1e-5
-154.375	0.0	-3.1e-5
-154.25	0.0	-3.1e-5
-154.125	0.0	-3.1e-5
-154.0	0.0	-3.1e-5
-153.875	0.0	-3.0e-5
-153.75	0.0	-3.0e-5
-153.625	0.0	-3.0e-5
-153.5	0.0	-3.0e-5
-153.375	0.0	-3.0e-5
-153.25	0.0	-2.9e-5
-153.125	0.0	-2.9e-5
-153.0	0.0	-2.9e-5
-152.875	0.0	-2.9e-5
-152.75	0.0	-2.9e-5
-152.625	0.0	-2.9e-5
-152.5	0.0	-2.8e-5
-152.375	0.0	-2.8e-5
-152.25	0.0	-2.8e-5
-152.125	0.0	-2.8e-5
-152.0	0.0	-2.8e-5
-151.875	0.0	-2.8e-5
-151.75	0.0	-2.7e-5
-151.625	0.0	-2.7e-5
-151.5	0.0	-2.7e-5
-151.375	0.0	-2.7e-5
-151.25	0.0	-2.7e-5
-151.125	0.0	-2.7e-5
-151.0	0.0	-2.6e-5
-150.875	0.0	-2.6e-5
-150.75	0.0	-2.6e-5
-150.625	0.0	-2.6e-5
-150.5	0.0	-2.6e-5
-150.375	0.0	-2.5e-5
-150.25	0.0	-2.5e-5
-150.125	0.0	-2.5e-5
-150.0	0.0	-2.5e-5
-149.875	0.0	-2.5e-5
-149.75	0.0	-2.5e-5
-149.625	0.0	-2.4e-5
-149.5	0.0	-2.4e-5
-149.375	0.0	-2.4e-5
-149.25	0.0	-2.4e-5
-149.125	0.0	-2.4e-5
-149.0	0.0	-2.4e-5
-148.875	0.0	-2.3e-5
-148.75	0.0	-2.3e-5
-148.625	0.0	-2.3e-5
-148.5	0.0	-2.3e-5
-148.375	0.0	-2.3e-5
-148.25	0.0	-2.3e-5
-148.125	0.0	-2.2e-5
-148.0	0.0	-2.2e-5
-147.875	0.0	-2.2e-5
-147.75	0.0	-2.2e-5
-147.625	0.0	-2.2e-5
-147.5	0.0	-2.2e-5
-147.375	0.0	-2.1e-5
-147.25	0.0	-2.1e-5
-147.125	0.0	-2.1e-5
-147.0	0.0	-2.1e-5
-146.875	0.0	-2.1e-5
-146.75	0.0	-2.1e-5
-146.625	0.0	-2.0e-5
-146.5	0.0	-2.0e-5
-146.375	0.0	-2.0e-5
-146.25	0.0	-2.0e-5
-146.125	0.0	-2.0e-5
-146.0	0.0	-1.9e-5
-145.875	0.0	-1.9e-5
-145.75	0.0	-1.9e-5
-145.625	0.0	-1.9e-5
-145.5	0.0	-1.9e-5
-145.375	0.0	-1.9e-5
-145.25	0.0	-1.8e-5
-145.125	0.0	-1.8e-5
-145.0	0.0	-1.8e-5
-144.875	0.0	-1.8e-5
-144.75	0.0	-1.8e-5
-144.625	0.0	-1.8e-5
-144.5	0.0	-1.7e-5
-144.375	0.0	-1.7e-5
-144.25	0.0	-1.7e-5
-144.125	0.0	-1.7e-5
-144.0	0.0	-1.7e-5
-143.875	0.0	-1.7e-5
-143.75	0.0	-1.6e-5
-143.625	0.0	-1.6e-5
-143.5	0.0	-1.6e-5
-143.375	0.0	-1.6e-5
-143.25	0.0	-1.6e-5
-143.125	0.0	-1.6e-5
-143.0	0.0	-1.5e-5
-142.875	0.0	-1.5e-5
-142.75	0.0	-1.5e-5
-142.625	0.0	-1.5e-5
-142.5	0.0	-1.5e-5
-142.375	0.0	-1.5e-5
-142.25	0.0	-1.4e-5
-142.125	0.0	-1.4e-5
-142.0	0.0	-1.4e-5
-141.875	0.0	-1.4e-5
-141.75	0.0	-1.4e-5
-141.625	0.0	-1.4e-5
-141.5	0.0	-1.3e-5
-141.375	0.0	-1.3e-5
-141.25	0.0	-1.3e-5
-141.125	0.0	-1.3e-5
-141.0	0.0	-1.3e-5
-140.875	0.0	-1.2e-5
-140.75	0.0	-1.2e-5
-140.625	0.0	-1.2e-5
-140.5	0.0	-1.2e-5
-140.375	0.0	-1.2e-5
-140.25	0.0	-1.2e-5
-140.125	0.0	-1.1e-5
-140.0	0.0	-1.1e-5
-139.875	0.0	-1.1e-5
-139.75	0.0	-1.1e-5
-139.625	0.0	-1.1e-5
-139.5	0.0	-1.1e-5
-139.375	0.0	-1.0e-5
-139.25	0.0	-1.0e-5
-139.125	0.0	-1.0e-5
-139.0	0.0	-1.0e-5
-138.875	0.0	-1.0e-5
-138.75	0.0	-1.0e-5
-138.625	0.0	-9.0e-6
-138.5	0.0	-9.0e-6
-138.375	0.0	-9.0e-6
-138.25	0.0	-9.0e-6
-138.125	0.0	-9.0e-6
-138.0	0.0	-9.0e-6
-137.875	0.0	-8.0e-6
-137.75	0.0	-8.0e-6
-137.625	0.0	-8.0e-6
-137.5	0.0	-8.0e-6
-137.375	0.0	-8.0e-6
-137.25	0.0	-8.0e-6
-137.125	0.0	-7.0e-6
-137.0	0.0	-7.0e-6
-136.875	0.0	-7.0e-6
-136.75	0.0	-7.0e-6
-136.625	0.0	-7.0e-6
-136.5	0.0	-7.0e-6
-136.375	0.0	-6.0e-6
-136.25	0.0	-6.0e-6
-136.125	0.0	-6.0e-6
-136.0	0.0	-6.0e-6
-135.875	0.0	-6.0e-6
-135.75	0.0	-6.0e-6
-135.625	0.0	-5.0e-6
-135.5	0.0	-5.0e-6
-135.375	0.0	-5.0e-6
-135.25	0.0	-5.0e-6
-135.125	0.0	-5.0e-6
-135.0	0.0	-5.0e-6
-134.875	0.0	-4.0e-6
-134.75	0.0	-4.0e-6
-134.625	0.0	-4.0e-6
-134.5	0.0	-4.0e-6
-134.375	0.0	-4.0e-6
-134.25	0.0	-3.0e-6
-134.125	0.0	-3.0e-6
-134.0	0.0	-3.0e-6
-133.875	0.0	-3.0e-6
-133.75	0.0	-3.0e-6
-133.625	0.0	-3.0e-6
-133.5	0.0	-2.0e-6
-133.375	0.0	-2.0e-6
-133.25	0.0	-2.0e-6
-133.125	0.0	-2.0e-6
-133.0	0.0	-2.0e-6
-132.875	0.0	-2.0e-6
-132.75	0.0	-1.0e-6
-132.625	0.0	-1.0e-6
-132.5	0.0	-1.0e-6
-132.375	0.0	0.0
-132.25	0.0	0.0
-132.125	0.0	0.0
-132.0	0.0	0.0
-131.875	0.0	0.0
-131.75	0.0	0.0
-131.625	0.0	0.0
-131.5	0.0	0.0
-131.375	0.0	0.0
-131.25	0.0	0.0
-131.125	0.0	0.0
-131.0	0.0	0.0
-130.875	0.0	1.0e-6
-130.75	0.0	1.0e-6
-130.625	0.0	1.0e-6
-130.5	0.0	2.0e-6
-130.375	0.0	2.0e-6
-130.25	0.0	2.0e-6
-130.125	0.0	2.0e-6
-130.0	0.0	2.0e-6
-129.875	0.0	2.0e-6
-129.75	0.0	3.0e-6
-129.625	0.0	3.0e-6
-129.5	0.0	3.0e-6
-129.375	0.0	3.0e-6
-129.25	0.0	3.0e-6
-129.125	0.0	3.0e-6
-129.0	0.0	4.0e-6
-128.875	0.0	4.0e-6
-128.75	0.0	4.0e-6
-128.625	0.0	4.0e-6
-128.5	0.0	4.0e-6
-128.375	0.0	4.0e-6
-128.25	0.0	5.0e-6
-128.125	0.0	5.0e-6
-128.0	0.0	5.0e-6
-127.875	0.0	5.0e-6
-127.75	0.0	5.0e-6
-127.625	0.0	5.0e-6
-127.5	0.0	6.0e-6
-127.375	0.0	6.0e-6
-127.25	0.0	6.0e-6
-127.125	0.0	6.0e-6
-127.0	0.0	6.0e-6
-126.875	0.0	6.0e-6
-126.75	0.0	7.0e-6
-126.625	0.0	7.0e-6
-126.5	0.0	7.0e-6
-126.375	0.0	7.0e-6
-126.25	0.0	7.0e-6
-126.125	0.0	7.0e-6
-126.0	0.0	8.0e-6
-125.875	0.0	8.0e-6
-125.75	0.0	8.0e-6
-125.625	0.0	8.0e-6
-125.5	0.0	8.0e-6
-125.375	0.0	8.0e-6
-125.25	0.0	9.0e-6
-125.125	0.0	9.0e-6
-125.0	0.0	9.0e-6
-124.875	0.0	9.0e-6
-124.75	0.0	9.0e-6
-124.625	0.0	1.0e-5
-124.5	0.0	1.0e-5
-124.375	0.0	1.0e-5
-124.25	0.0	1.0e-5
-124.125	0.0	1.0e-5
-124.0	0.0	1.0e-5
-123.875	0.0	1.1e-5
-123.75	0.0	1.1e-5
-123.625	0.0	1.1e-5
-123.5	0.0	1.1e-5
-123.375	0.0	1.1e-5
-123.25	0.0	1.1e-5
-123.125	0.0	1.2e-5
-123.0	0.0	1.2e-5
-122.875	0.0	1.2e-5
-122.75	0.0	1.2e-5
-122.625	0.0	1.2e-5
-122.5	0.0	1.2e-5
-122.375	0.0	1.3e-5
-122.25	0.0	1.3e-5
-122.125	0.0	1.3e-5
-122.0	0.0	1.3e-5
-121.875	0.0	1.3e-5
-121.75	0.0	1.3e-5
-121.625	0.0	1.4e-5
-121.5	0.0	1.4e-5
-121.375	0.0	1.4e-5
-121.25	0.0	1.4e-5
-121.125	0.0	1.4e-5
-121.0	0.0	1.4e-5
-120.875	0.0	1.5e-5
-120.75	0.0	1.5e-5
-120.625	0.0	1.5e-5
-120.5	0.0	1.5e-5
-120.375	0.0	1.5e-5
-120.25	0.0	1.5e-5
-120.125	0.0	1.6e-5
-120.0	0.0	1.6e-5
-119.875	0.0	1.6e-5
-119.75	0.0	1.6e-5
-119.625	0.0	1.6e-5
-119.5	0.0	1.6e-5
-119.375	0.0	1.7e-5
-119.25	0.0	1.7e-5
-119.125	0.0	1.7e-5
-119.0	0.0	1.7e-5
-118.875	0.0	1.7e-5
-118.75	0.0	1.7e-5
-118.625	0.0	1.8e-5
-118.5	0.0	1.8e-5
-118.375	0.0	1.8e-5
-118.25	0.0	1.8e-5
-118.125	0.0	1.8e-5
-118.0	0.0	1.8e-5
-117.875	0.0	1.9e-5
-117.75	0.0	1.9e-5
-117.625	0.0	1.9e-5
-117.5	0.0	1.9e-5
-117.375	0.0	1.9e-5
-117.25	0.0	1.9e-5
-117.125	0.0	2.0e-5
-117.0	0.0	2.0e-5
-116.875	0.0	2.0e-5
-116.75	0.0	2.0e-5
-116.625	0.0	2.0e-5
-116.5	0.0	2.0e-5
-116.375	0.0	2.1e-5
-116.25	0.0	2.1e-5
-116.125	0.0	2.1e-5
-116.0	0.0	2.1e-5
-115.875	0.0	2.1e-5
-115.75	0.0	2.2e-5
-115.625	0.0	2.2e-5
-115.5	0.0	2.2e-5
-115.375	0.0	2.2e-5
-115.25	0.0	2.2e-5
-115.125	0.0	2.2e-5
-115.0	0.0	2.3e-5
-114.875	0.0	2.3e-5
-114.75	0.0	2.3e-5
-114.625	0.0	2.3e-5
-114.5	0.0	2.3e-5
-114.375	0.0	2.3e-5
-114.25	0.0	2.4e-5
-114.125	0.0	2.4e-5
-114.0	0.0	2.4e-5
-113.875	0.0	2.4e-5
-113.75	0.0	2.4e-5
-113.625	0.0	2.4e-5
-113.5	0.0	2.5e-5
-113.375	0.0	2.5e-5
-113.25	0.0	2.5e-5
-113.125	0.0	2.5e-5
-113.0	0.0	2.5e-5
-112.875	0.0	2.5e-5
-112.75	0.0	2.6e-5
-112.625	0.0	2.6e-5
-112.5	0.0	2.6e-5
-112.375	0.0	2.6e-5
-112.25	0.0	2.6e-5
-112.125	0.0	2.6e-5
-112.0	0.0	2.7e-5
-111.875	0.0	2.7e-5
-111.75	0.0	2.7e-5
-111.625	0.0	2.7e-5
-111.5	0.0	2.7e-5
-111.375	0.0	2.7e-5
-111.25	0.0	2.8e-5
-111.125	0.0	2.8e-5
-111.0	0.0	2.8e-5
-110.875	0.0	2.8e-5
-110.75	0.0	2.8e-5
-110.625	0.0	2.8e-5
-110.5	0.0	2.9e-5
-110.375	0.0	2.9e-5
-110.25	0.0	2.9e-5
-110.125	0.0	2.9e-5
-110.0	0.0	2.9e-5
-109.875	0.0	2.9e-5
-109.75	0.0	3.0e-5
-109.625	0.0	3.0e-5
-109.5	0.0	3.0e-5
-109.375	0.0	3.0e-5
-109.25	0.0	3.0e-5
-109.125	0.0	3.1e-5
-109.0	0.0	3.1e-5
-108.875	0.0	3.1e-5
-108.75	0.0	3.1e-5
-108.625	0.0	3.1e-5
-108.5	0.0	3.1e-5
-108.375	0.0	3.2e-5
-108.25	0.0	3.2e-5
-108.125	0.0	3.2e-5
-108.0	0.0	3.2e-5
-107.875	0.0	3.2e-5
-107.75	0.0	3.2e-5
-107.625	0.0	3.3e-5
-107.5	0.0	3.3e-5
-107.375	0.0	3.3e-5
-107.25	0.0	3.3e-5
-107.125	0.0	3.3e-5
-107.0	0.0	3.3e-5
-106.875	0.0	3.4e-5
-106.75	0.0	3.4e-5
-106.625	0.0	3.4e-5
-106.5	0.0	3.4e-5
-106.375	0.0	3.4e-5
-106.25	0.0	3.4e-5
-106.125	0.0	3.5e-5
-106.0	0.0	3.5e-5
-105.875	0.0	3.5e-5
-105.75	0.0	3.5e-5
-105.625	0.0	3.5e-5
-105.5	0.0	3.5e-5
-105.375	0.0	3.6e-5
-105.25	0.0	3.6e-5
-105.125	0.0	3.6e-5
-105.0	0.0	3.6e-5
-104.875	0.0	3.6e-5
-104.75	0.0	3.7e-5
-104.625	0.0	3.7e-5
-104.5	0.0	3.7e-5
-104.375	0.0	3.7e-5
-104.25	0.0	3.7e-5
-104.125	0.0	3.7e-5
-104.0	0.0	3.8e-5
-103.875	0.0	3.8e-5
-103.75	0.0	3.8e-5
-103.625	0.0	3.8e-5
-103.5	0.0	3.8e-5
-103.375	0.0	3.8e-5
-103.25	0.0	3.9e-5
-103.125	0.0	3.9e-5
-103.0	0.0	3.9e-5
-102.875	0.0	3.9e-5
-102.75	0.0	3.9e-5
-102.625	0.0	3.9e-5
-102.5	0.0	4.0e-5
-102.375	0.0	4.0e-5
-102.25	0.0	4.0e-5
-102.125	0.0	4.0e-5
-102.0	0.0	4.0e-5
-101.875	0.0	4.0e-5
-101.75	0.0	4.1e-5
-101.625	0.0	4.1e-5
-101.5	0.0	4.1e-5
-101.375	0.0	4.1e-5
-101.25	0.0	4.1e-5
-101.125	0.0	4.2e-5
-101.0	0.0	4.2e-5
-100.875	0.0	4.2e-5
-100.75	0.0	4.2e-5
-100.625	0.0	4.2e-5
-100.5	0.0	4.2e-5
-100.375	0.0	4.3e-5
-100.25	0.0	4.3e-5
-100.125	0.0	4.3e-5
-100.0	0.0	4.3e-5
-99.875	0.0	4.3e-5
-99.75	0.0	4.3e-5
-99.625	0.0	4.4e-5
-99.5	0.0	4.4e-5
-99.375	0.0	4.4e-5
-99.25	0.0	4.4e-5
-99.125	0.0	4.4e-5
-99.0	0.0	4.4e-5
-98.875	0.0	4.5e-5
-98.75	0.0	4.5e-5
-98.625	0.0	4.5e-5
-98.5	0.0	4.5e-5
-98.375	0.0	4.5e-5
-98.25	0.0	4.5e-5
-98.125	0.0	4.6e-5
-98.0	0.0	4.6e-5
-97.875	0.0	4.6e-5
-97.75	0.0	4.6e-5
-97.625	0.0	4.6e-5
-97.5	0.0	4.7e-5
-97.375	0.0	4.7e-5
-97.25	0.0	4.7e-5
-97.125	0.0	4.7e-5
-97.0	0.0	4.7e-5
-96.875	0.0	4.7e-5
-96.75	0.0	4.8e-5
-96.625	0.0	4.8e-5
-96.5	0.0	4.8e-5
-96.375	0.0	4.8e-5
-96.25	0.0	4.8e-5
-96.125	0.0	4.8e-5
-96.0	0.0	4.9e-5
-95.875	0.0	4.9e-5
-95.75	0.0	4.9e-5
-95.625	0.0	4.9e-5
-95.5	0.0	4.9e-5
-95.375	0.0	4.9e-5
-95.25	0.0	5.0e-5
-95.125	0.0	5.0e-5
-95.0	0.0	5.0e-5
-94.875	0.0	5.0e-5
-94.75	0.0	5.0e-5
-94.625	0.0	5.1e-5
-94.5	0.0	5.1e-5
-94.375	0.0	5.1e-5
-94.25	0.0	5.1e-5
-94.125	0.0	5.1e-5
-94.0	0.0	5.1e-5
-93.875	0.0	5.2e-5
-93.75	0.0	5.2e-5
-93.625	0.0	5.2e-5
-93.5	0.0	5.2e-5
-93.375	0.0	5.2e-5
-93.25	0.0	5.2e-5
-93.125	0.0	5.3e-5
-93.0	0.0	5.3e-5
-92.875	0.0	5.3e-5
-92.75	0.0	5.3e-5
-92.625	0.0	5.3e-5
-92.5	0.0	5.4e-5
-92.375	0.0	5.4e-5
-92.25	0.0	5.4e-5
-92.125	0.0	5.4e-5
-92.0	0.0	5.4e-5
-91.875	0.0	5.4e-5
-91.75	0.0	5.5e-5
-91.625	0.0	5.5e-5
-91.5	0.0	5.5e-5
-91.375	0.0	5.5e-5
-91.25	0.0	5.5e-5
-91.125	0.0	5.5e-5
-91.0	0.0	5.6e-5
-90.875	0.0	5.6e-5
-90.75	0.0	5.6e-5
-90.625	0.0	5.6e-5
-90.5	0.0	5.6e-5
-90.375	0.0	5.7e-5
-90.25	0.0	5.7e-5
-90.125	0.0	5.7e-5
-90.0	0.0	5.7e-5
-89.875	0.0	5.7e-5
-89.75	0.0	5.7e-5
-89.625	0.0	5.8e-5
-89.5	0.0	5.8e-5
-89.375	0.0	5.8e-5
-89.25	0.0	5.8e-5
-89.125	0.0	5.8e-5
-89.0	0.0	5.8e-5
-88.875	0.0	5.9e-5
-88.75	0.0	5.9e-5
-88.625	0.0	5.9e-5
-88.5	0.0	5.9e-5
-88.375	0.0	5.9e-5
-88.25	0.0	6.0e-5
-88.125	0.0	6.0e-5
-88.0	0.0	6.0e-5
-87.875	0.0	6.0e-5
-87.75	0.0	6.0e-5
-87.625	0.0	6.0e-5
-87.5	0.0	6.1e-5
-87.375	0.0	6.1e-5
-87.25	0.0	6.1e-5
-87.125	0.0	6.1e-5
-87.0	0.0	6.1e-5
-86.875	0.0	6.2e-5
-86.75	0.0	6.2e-5
-86.625	0.0	6.2e-5
-86.5	0.0	6.2e-5
-86.375	0.0	6.2e-5
-86.25	0.0	6.2e-5
-86.125	0.0	6.3e-5
-86.0	0.0	6.3e-5
-85.875	0.0	6.3e-5
-85.75	0.0	6.3e-5
-85.625	0.0	6.3e-5
-85.5	0.0	6.3e-5
-85.375	0.0	6.4e-5
-85.25	0.0	6.4e-5
-85.125	0.0	6.4e-5
-85.0	0.0	6.4e-5
-84.875	0.0	6.4e-5
-84.75	0.0	6.5e-5
-84.625	0.0	6.5e-5
-84.5	0.0	6.5e-5
-84.375	0.0	6.5e-5
-84.25	0.0	6.5e-5
-84.125	0.0	6.5e-5
-84.0	0.0	6.6e-5
-83.875	0.0	6.6e-5
-83.75	0.0	6.6e-5
-83.625	0.0	6.6e-5
-83.5	0.0	6.6e-5
-83.375	0.0	6.7e-5
-83.25	0.0	6.7e-5
-83.125	0.0	6.7e-5
-83.0	0.0	6.7e-5
-82.875	0.0	6.7e-5
-82.75	0.0	6.7e-5
-82.625	0.0	6.8e-5
-82.5	0.0	6.8e-5
-82.375	0.0	6.8e-5
-82.25	0.0	6.8e-5
-82.125	0.0	6.8e-5
-82.0	0.0	6.9e-5
-81.875	0.0	6.9e-5
-81.75	0.0	6.9e-5
-81.625	0.0	6.9e-5
-81.5	0.0	6.9e-5
-81.375	0.0	6.9e-5
-81.25	0.0	7.0e-5
-81.125	0.0	7.0e-5
-81.0	0.0	7.0e-5
-80.875	0.0	7.0e-5
-80.75	0.0	7.0e-5
-80.625	0.0	7.1e-5
-80.5	0.0	7.1e-5
-80.375	0.0	7.1e-5
-80.25	0.0	7.1e-5
-80.125	0.0	7.1e-5
-80.0	0.0	7.1e-5
-79.875	0.0	7.2e-5
-79.75	0.0	7.2e-5
-79.625	0.0	7.2e-5
-79.5	0.0	7.2e-5
-79.375	0.0	7.2e-5
-79.25	0.0	7.3e-5
-79.125	0.0	7.3e-5
-79.0	0.0	7.3e-5
-78.875	0.0	7.3e-5
-78.75	0.0	7.3e-5
-78.625	0.0	7.3e-5
-78.5	0.0	7.4e-5
-78.375	0.0	7.4e-5
-78.25	0.0	7.4e-5
-78.125	0.0	7.4e-5
-78.0	0.0	7.4e-5
-77.875	0.0	7.5e-5
-77.75	0.0	7.5e-5
-77.625	0.0	7.5e-5
-77.5	0.0	7.5e-5
-77.375	0.0	7.5e-5
-77.25	0.0	7.5e-5
-77.125	0.0	7.6e-5
-77.0	0.0	7.6e-5
-76.875	0.0	7.6e-5
-76.75	0.0	7.6e-5
-76.625	0.0	7.6e-5
-76.5	0.0	7.7e-5
-76.375	0.0	7.7e-5
-76.25	0.0	7.7e-5
-76.125	0.0	7.7e-5
-76.0	0.0	7.7e-5
-75.875	0.0	7.8e-5
-75.75	0.0	7.8e-5
-75.625	0.0	7.8e-5
-75.5	0.0	7.8e-5
-75.375	0.0	7.8e-5
-75.25	0.0	7.8e-5
-75.125	0.0	7.9e-5
-75.0	0.0	7.9e-5
-74.875	0.0	7.9e-5
-74.75	0.0	7.9e-5
-74.625	0.0	7.9e-5
-74.5	0.0	8.0e-5
-74.375	0.0	8.0e-5
-74.25	0.0	8.0e-5
-74.125	0.0	8.0e-5
-74.0	0.0	8.0e-5
-73.875	0.0	8.1e-5
-73.75	0.0	8.1e-5
-73.625	0.0	8.1e-5
-73.5	0.0	8.1e-5
-73.375	0.0	8.1e-5
-73.25	0.0	8.1e-5
-73.125	0.0	8.2e-5
-73.0	0.0	8.2e-5
-72.875	0.0	8.2e-5
-72.75	0.0	8.2e-5
-72.625	0.0	8.2e-5
-72.5	0.0	8.3e-5
-72.375	0.0	8.3e-5
-72.25	0.0	8.3e-5
-72.125	0.0	8.3e-5
-72.0	0.0	8.3e-5
-71.875	0.0	8.4e-5
-71.75	0.0	8.4e-5
-71.625	0.0	8.4e-5
-71.5	0.0	8.4e-5
-71.375	0.0	8.4e-5
-71.25	0.0	8.4e-5
-71.125	0.0	8.5e-5
-71.0	0.0	8.5e-5
-70.875	0.0	8.5e-5
-70.75	0.0	8.5e-5
-70.625	0.0	8.5e-5
-70.5	0.0	8.6e-5
-70.375	0.0	8.6e-5
-70.25	0.0	8.6e-5
-70.125	0.0	8.6e-5
-70.0	0.0	8.6e-5
-69.875	0.0	8.7e-5
-69.75	0.0	8.7e-5
-69.625	0.0	8.7e-5
-69.5	0.0	8.7e-5
-69.375	0.0	8.7e-5
-69.25	0.0	8.7e-5
-69.125	0.0	8.8e-5
-69.0	0.0	8.8e-5
-68.875	0.0	8.8e-5
-68.75	0.0	8.8e-5
-68.625	0.0	8.8e-5
-68.5	0.0	8.9e-5
-68.375	0.0	8.9e-5
-68.25	0.0	8.9e-5
-68.125	0.0	8.9e-5
-68.0	0.0	8.9e-5
-67.875	0.0	9.0e-5
-67.75	0.0	9.0e-5
-67.625	0.0	9.0e-5
-67.5	0.0	9.0e-5
-67.375	0.0	9.0e-5
-67.25	0.0	9.1e-5
-67.125	0.0	9.1e-5
-67.0	0.0	9.1e-5
-66.875	0.0	9.1e-5
-66.75	0.0	9.1e-5
-66.625	0.0	9.2e-5
-66.5	0.0	9.2e-5
-66.375	0.0	9.2e-5
-66.25	0.0	9.2e-5
-66.125	0.0	9.2e-5
-66.0	0.0	9.2e-5
-65.875	0.0	9.3e-5
-65.75	0.0	9.3e-5
-65.625	0.0	9.3e-5
-65.5	0.0	9.3e-5
-65.375	0.0	9.3e-5
-65.25	0.0	9.4e-5
-65.125	0.0	9.4e-5
-65.0	0.0	9.4e-5
-64.875	0.0	9.4e-5
-64.75	0.0	9.4e-5
-64.625	0.0	9.5e-5
-64.5	0.0	9.5e-5
-64.375	0.0	9.5e-5
-64.25	0.0	9.5e-5
-64.125	0.0	9.5e-5
-64.0	0.0	9.6e-5
-63.875	0.0	9.6e-5
-63.75	0.0	9.6e-5
-63.625	0.0	9.6e-5
-63.5	0.0	9.6e-5
-63.375	0.0	9.7e-5
-63.25	0.0	9.7e-5
-63.125	0.0	9.7e-5
-63.0	0.0	9.7e-5
-62.875	0.0	9.7e-5
-62.75	0.0	9.8e-5
-62.625	0.0	9.8e-5
-62.5	0.0	9.8e-5
-62.375	0.0	9.8e-5
-62.25	0.0	9.8e-5
-62.125	0.0	9.9e-5
-62.0	0.0	9.9e-5
-61.875	0.0	9.9e-5
-61.75	0.0	9.9e-5
-61.625	0.0	9.9e-5
-61.5	0.0	0.0001
-61.375	0.0	0.0001
-61.25	0.0	0.0001
-61.125	0.0	0.0001
-61.0	0.0	0.0001
-60.875	0.0	0.000101
-60.75	0.0	0.000101
-60.625	0.0	0.000101
-60.5	0.0	0.000101
-60.375	0.0	0.000101
-60.25	0.0	0.000101
-60.125	0.0	0.000102
-60.0	0.0	0.000102
-59.875	0.0	0.000102
-59.75	0.0	0.000102
-59.625	0.0	0.000102
-59.5	0.0	0.000103
-59.375	0.0	0.000103
-59.25	0.0	0.000103
-59.125	0.0	0.000103
-59.0	0.0	0.000103
-58.875	0.0	0.000104
-58.75	0.0	0.000104
-58.625	0.0	0.000104
-58.5	0.0	0.000104
-58.375	0.0	0.000104
-58.25	0.0	0.000105
-58.125	0.0	0.000105
-58.0	0.0	0.000105
-57.875	0.0	0.000105
-57.75	0.0	0.000106
-57.625	0.0	0.000106
-57.5	0.0	0.000106
-57.375	0.0	0.000106
-57.25	0.0	0.000106
-57.125	0.0	0.000107
-57.0	0.0	0.000107
-56.875	0.0	0.000107
-56.75	0.0	0.000107
-56.625	0.0	0.000107
-56.5	0.0	0.000108
-56.375	0.0	0.000108
-56.25	0.0	0.000108
-56.125	0.0	0.000108
-56.0	0.0	0.000108
-55.875	0.0	0.000109
-55.75	0.0	0.000109
-55.625	0.0	0.000109
-55.5	0.0	0.000109
-55.375	0.0	0.000109
-55.25	0.0	0.00011
-55.125	0.0	0.00011
-55.0	0.0	0.00011
-54.875	0.0	0.00011
-54.75	0.0	0.00011
-54.625	0.0	0.000111
-54.5	0.0	0.000111
-54.375	0.0	0.000111
-54.25	0.0	0.000111
-54.125	0.0	0.000111
-54.0	0.0	0.000112
-53.875	0.0	0.000112
-53.75	0.0	0.000112
-53.625	0.0	0.000112
-53.5	0.0	0.000112
-53.375	0.0	0.000113
-53.25	0.0	0.000113
-53.125	0.0	0.000113
-53.0	0.0	0.000113
-52.875	0.0	0.000113
-52.75	0.0	0.000114
-52.625	0.0	0.000114
-52.5	0.0	0.000114
-52.375	0.0	0.000114
-52.25	0.0	0.000114
-52.125	0.0	0.000115
-52.0	0.0	0.000115
-51.875	0.0	0.000115
-51.75	0.0	0.000115
-51.625	0.0	0.000116
-51.5	0.0	0.000116
-51.375	0.0	0.000116
-51.25	0.0	0.000116
-51.125	0.0	0.000116
-51.0	0.0	0.000117
-50.875	0.0	0.000117
-50.75	0.0	0.000117
-50.625	0.0	0.000117
-50.5	0.0	0.000117
-50.375	0.0	0.000118
-50.25	0.0	0.000118
-50.125	0.0	0.000118
-50.0	0.0	0.000118
-49.875	0.0	0.000118
-49.75	0.0	0.000119
-49.625	0.0	0.000119
-49.5	0.0	0.000119
-49.375	0.0	0.000119
-49.25	0.0	0.00012
-49.125	0.0	0.00012
-49.0	0.0	0.00012
-48.875	0.0	0.00012
-48.75	0.0	0.00012
-48.625	0.0	0.000121
-48.5	0.0	0.000121
-48.375	0.0	0.000121
-48.25	0.0	0.000121
-48.125	0.0	0.000121
-48.0	0.0	0.000122
-47.875	0.0	0.000122
-47.75	0.0	0.000122
-47.625	0.0	0.000122
-47.5	0.0	0.000123
-47.375	0.0	0.000123
-47.25	0.0	0.000123
-47.125	0.0	0.000123
-47.0	0.0	0.000123
-46.875	0.0	0.000124
-46.75	0.0	0.000124
-46.625	0.0	0.000124
-46.5	0.0	0.000124
-46.375	0.0	0.000124
-46.25	0.0	0.000125
-46.125	0.0	0.000125
-46.0	0.0	0.000125
-45.875	0.0	0.000125
-45.75	0.0	0.000126
-45.625	0.0	0.000126
-45.5	0.0	0.000126
-45.375	0.0	0.000126
-45.25	0.0	0.000126
-45.125	0.0	0.000127
-45.0	0.0	0.000127
-44.875	0.0	0.000127
-44.75	0.0	0.000127
-44.625	0.0	0.000127
-44.5	0.0	0.000128
-44.375	0.0	0.000128
-44.25	0.0	0.000128
-44.125	0.0	0.000128
-44.0	0.0	0.000129
-43.875	0.0	0.000129
-43.75	0.0	0.000129
-43.625	0.0	0.000129
-43.5	0.0	0.000129
-43.375	0.0	0.00013
-43.25	0.0	0.00013
-43.125	0.0	0.00013
-43.0	0.0	0.00013
-42.875	0.0	0.000131
-42.75	0.0	0.000131
-42.625	0.0	0.000131
-42.5	0.0	0.000131
-42.375	0.0	0.000131
-42.25	0.0	0.000132
-42.125	0.0	0.000132
-42.0	0.0	0.000132
-41.875	0.0	0.000132
-41.75	0.0	0.000133
-41.625	0.0	0.000133
-41.5	0.0	0.000133
-41.375	0.0	0.000133
-41.25	0.0	0.000133
-41.125	0.0	0.000134
-41.0	0.0	0.000134
-40.875	0.0	0.000134
-40.75	0.0	0.000134
-40.625	0.0	0.000135
-40.5	0.0	0.000135
-40.375	0.0	0.000135
-40.25	0.0	0.000135
-40.125	0.0	0.000135
-40.0	0.0	0.000136
-39.875	0.0	0.000136
-39.75	0.0	0.000136
-39.625	0.0	0.000136
-39.5	0.0	0.000137
-39.375	0.0	0.000137
-39.25	0.0	0.000137
-39.125	0.0	0.000137
-39.0	0.0	0.000137
-38.875	0.0	0.000138
-38.75	0.0	0.000138
-38.625	0.0	0.000138
-38.5	0.0	0.000138
-38.375	0.0	0.000139
-38.25	0.0	0.000139
-38.125	0.0	0.000139
-38.0	0.0	0.000139
-37.875	0.0	0.000139
-37.75	0.0	0.00014
-37.625	0.0	0.00014
-37.5	0.0	0.00014
-37.375	0.0	0.00014
-37.25	0.0	0.000141
-37.125	0.0	0.000141
-37.0	0.0	0.000141
-36.875	0.0	0.000141
-36.75	0.0	0.000142
-36.625	0.0	0.000142
-36.5	0.0	0.000142
-36.375	0.0	0.000142
-36.25	0.0	0.000142
-36.125	0.0	0.000143
-36.0	0.0	0.000143
-35.875	0.0	0.000143
-35.75	0.0	0.000143
-35.625	0.0	0.000144
-35.5	0.0	0.000144
-35.375	0.0	0.000144
-35.25	0.0	0.000144
-35.125	0.0	0.000145
-35.0	0.0	0.000145
-34.875	0.0	0.000145
-34.75	0.0	0.000145
-34.625	0.0	0.000145
-34.5	0.0	0.000146
-34.375	0.0	0.000146
-34.25	0.0	0.000146
-34.125	0.0	0.000146
-34.0	0.0	0.000147
-33.875	0.0	0.000147
-33.75	0.0	0.000147
-33.625	0.0	0.000147
-33.5	0.0	0.000148
-33.375	0.0	0.000148
-33.25	0.0	0.000148
-33.125	0.0	0.000148
-33.0	0.0	0.000149
-32.875	0.0	0.000149
-32.75	0.0	0.000149
-32.625	0.0	0.000149
-32.5	0.0	0.000149
-32.375	0.0	0.00015
-32.25	0.0	0.00015
-32.125	0.0	0.00015
-32.0	0.0	0.00015
-31.875	0.0	0.000151
-31.75	0.0	0.000151
-31.625	0.0	0.000151
-31.5	0.0	0.000151
-31.375	0.0	0.000152
-31.25	0.0	0.000152
-31.125	0.0	0.000152
-31.0	0.0	0.000152
-30.875	0.0	0.000153
-30.75	0.0	0.000153
-30.625	0.0	0.000153
-30.5	0.0	0.000153
-30.375	0.0	0.000154
-30.25	0.0	0.000154
-30.125	0.0	0.000154
-30.0	0.0	0.000154
-29.875	0.0	0.000154
-29.75	0.0	0.000155
-29.625	0.0	0.000155
-29.5	0.0	0.000155
-29.375	0.0	0.000155
-29.25	0.0	0.000156
-29.125	0.0	0.000156
-29.0	0.0	0.000156
-28.875	0.0	0.000156
-28.75	0.0	0.000157
-28.625	0.0	0.000157
-28.5	0.0	0.000157
-28.375	0.0	0.000157
-28.25	0.0	0.000158
-28.125	0.0	0.000158
-28.0	0.0	0.000158
-27.875	0.0	0.000158
-27.75	0.0	0.000159
-27.625	0.0	0.000159
-27.5	0.0	0.000159
-27.375	0.0	0.000159
-27.25	0.0	0.00016
-27.125	0.0	0.00016
-27.0	0.0	0.00016
-26.875	0.0	0.00016
-26.75	0.0	0.000161
-26.625	0.0	0.000161
-26.5	0.0	0.000161
-26.375	0.0	0.000161
-26.25	0.0	0.000162
-26.125	0.0	0.000162
-26.0	0.0	0.000162
-25.875	0.0	0.000162
-25.75	0.0	0.000163
-25.625	0.0	0.000163
-25.5	0.0	0.000163
-25.375	0.0	0.000163
-25.25	0.0	0.000164
-25.125	0.0	0.000164
-25.0	0.0	0.000164
-24.875	0.0	0.000164
-24.75	0.0	0.000165
-24.625	0.0	0.000165
-24.5	0.0	0.000165
-24.375	0.0	0.000165
-24.25	0.0	0.000166
-24.125	0.0	0.000166
-24.0	0.0	0.000166
-23.875	0.0	0.000166
-23.75	0.0	0.000167
-23.625	0.0	0.000167
-23.5	0.0	0.000167
-23.375	0.0	0.000167
-23.25	0.0	0.000168
-23.125	0.0	0.000168
-23.0	0.0	0.000168
-22.875	0.0	0.000168
-22.75	0.0	0.000169
-22.625	0.0	0.000169
-22.5	0.0	0.000169
-22.375	0.0	0.000169
-22.25	0.0	0.00017
-22.125	0.0	0.00017
-22.0	0.0	0.00017
-21.875	0.0	0.00017
-21.75	0.0	0.000171
-21.625	0.0	0.000171
-21.5	0.0	0.000171
-21.375	0.0	0.000172
-21.25	0.0	0.000172
-21.125	0.0	0.000172
-21.0	0.0	0.000172
-20.875	0.0	0.000173
-20.75	0.0	0.000173
-20.625	0.0	0.000173
-20.5	0.0	0.000173
-20.375	0.0	0.000174
-20.25	0.0	0.000174
-20.125	0.0	0.000174
-20.0	0.0	0.000174
-19.875	0.0	0.000175
-19.75	0.0	0.000175
-19.625	0.0	0.000175
-19.5	0.0	0.000175
-19.375	0.0	0.000176
-19.25	0.0	0.000176
-19.125	0.0	0.000176
-19.0	0.0	0.000177
-18.875	0.0	0.000177
-18.75	0.0	0.000177
-18.625	0.0	0.000177
-18.5	0.0	0.000178
-18.375	0.0	0.000178
-18.25	0.0	0.000178
-18.125	0.0	0.000178
-18.0	0.0	0.000179
-17.875	0.0	0.000179
-17.75	0.0	0.000179
-17.625	0.0	0.000179
-17.5	0.0	0.00018
-17.375	0.0	0.00018
-17.25	0.0	0.00018
-17.125	0.0	0.000181
-17.0	0.0	0.000181
-16.875	0.0	0.000181
-16.75	0.0	0.000181
-16.625	0.0	0.000182
-16.5	0.0	0.000182
-16.375	0.0	0.000182
-16.25	0.0	0.000182
-16.125	0.0	0.000183
-16.0	0.0	0.000183
-15.875	0.0	0.000183
-15.75	0.0	0.000183
-15.625	0.0	0.000184
-15.5	0.0	0.000184
-15.375	0.0	0.000184
-15.25	0.0	0.000185
-15.125	0.0	0.000185
-15.0	0.0	0.000185
-14.875	0.0	0.000185
-14.75	0.0	0.000186
-14.625	0.0	0.000186
-14.5	0.0	0.000186
-14.375	0.0	0.000187
-14.25	0.0	0.000187
-14.125	0.0	0.000187
-14.0	0.0	0.000187
-13.875	0.0	0.000188
-13.75	0.0	0.000188
-13.625	0.0	0.000188
-13.5	0.0	0.000188
-13.375	0.0	0.000189
-13.25	0.0	0.000189
-13.125	0.0	0.000189
-13.0	0.0	0.00019
-12.875	0.0	0.00019
-12.75	0.0	0.00019
-12.625	0.0	0.00019
-12.5	0.0	0.000191
-12.375	0.0	0.000191
-12.25	0.0	0.000191
-12.125	0.0	0.000192
-12.0	0.0	0.000192
-11.875	0.0	0.000192
-11.75	0.0	0.000192
-11.625	0.0	0.000193
-11.5	0.0	0.000193
-11.375	0.0	0.000193
-11.25	0.0	0.000194
-11.125	0.0	0.000194
-11.0	0.0	0.000194
-10.875	0.0	0.000194
-10.75	0.0	0.000195
-10.625	0.0	0.000195
-10.5	0.0	0.000195
-10.375	0.0	0.000196
-10.25	0.0	0.000196
-10.125	0.0	0.000196
-10.0	0.0	0.000196
-9.875	0.0	0.000197
-9.75	0.0	0.000197
-9.625	0.0	0.000197
-9.5	0.0	0.000198
-9.375	0.0	0.000198
-9.25	0.0	0.000198
-9.125	0.0	0.000198
-9.0	0.0	0.000199
-8.875	0.0	0.000199
-8.75	0.0	0.000199
-8.625	0.0	0.0002
-8.5	0.0	0.0002
-8.375	0.0	0.0002
-8.25	0.0	0.0002
-8.125	0.0	0.000201
-8.0	0.0	0.000201
-7.875	0.0	0.000201
-7.75	0.0	0.000202
-7.625	0.0	0.000202
-7.5	0.0	0.000202
-7.375	0.0	0.000203
-7.25	0.0	0.000203
-7.125	0.0	0.000203
-7.0	0.0	0.000203
-6.875	0.0	0.000204
-6.75	0.0	0.000204
-6.625	0.0	0.000204
-6.5	0.0	0.000205
-6.375	0.0	0.000205
-6.25	0.0	0.000205
-6.125	0.0	0.000206
-6.0	0.0	0.000206
-5.875	0.0	0.000206
-5.75	0.0	0.000206
-5.625	0.0	0.000207
-5.5	0.0	0.000207
-5.375	0.0	0.000207
-5.25	0.0	0.000208
-5.125	0.0	0.000208
-5.0	0.0	0.000208
-4.875	0.0	0.000209
-4.75	0.0	0.000209
-4.625	0.0	0.000209
-4.5	0.0	0.000209
-4.375	0.0	0.00021
-4.25	0.0	0.00021
-4.125	0.0	0.00021
-4.0	0.0	0.000211
-3.875	0.0	0.000211
-3.75	0.0	0.000211
-3.625	0.0	0.000212
-3.5	0.0	0.000212
-3.375	0.0	0.000212
-3.25	0.0	0.000213
-3.125	0.0	0.000213
-3.0	0.0	0.000213
-2.875	0.0	0.000214
-2.75	0.0	0.000214
-2.625	0.0	0.000214
-2.5	0.0	0.000214
-2.375	0.0	0.000215
-2.25	0.0	0.000215
-2.125	0.0	0.000215
-2.0	0.0	0.000216
-1.875	0.0	0.000216
-1.75	0.0	0.000216
-1.625	0.0	0.000217
-1.5	0.0	0.000217
-1.375	0.0	0.000217
-1.25	0.0	0.000218
-1.125	0.0	0.000218
-1.0	0.0	0.000218
-0.875	0.0	0.000219
-0.75	0.0	0.000219
-0.625	0.0	0.000219
-0.5	0.0	0.00022
-0.375	0.0	0.00022
-0.25	0.0	0.00022
-0.125	0.0	0.00022
0.0	0.0	0.000221
0.125	0.0	0.000221
0.25	0.0	0.000221
0.375	0.0	0.000222
0.5	0.0	0.000222
0.625	0.0	0.000222
0.75	0.0	0.000223
0.875	0.0	0.000223
1.0	0.0	0.000223
1.125	0.0	0.000224
1.25	0.0	0.000224
1.375	0.0	0.000224
1.5	0.0	0.000225
1.625	0.0	0.000225
1.75	0.0	0.000225
1.875	0.0	0.000226
2.0	0.0	0.000226
2.125	0.0	0.000226
2.25	0.0	0.000227
2.375	0.0	0.000227
2.5	0.0	0.000227
2.625	0.0	0.000228
2.75	0.0	0.000228
2.875	0.0	0.000228
3.0	0.0	0.000229
3.125	0.0	0.000229
3.25	0.0	0.000229
3.375	0.0	0.00023
3.5	0.0	0.00023
3.625	0.0	0.00023
3.75	0.0	0.000231
3.875	0.0	0.000231
4.0	0.0	0.000231
4.125	0.0	0.000232
4.25	0.0	0.000232
4.375	0.0	0.000232
4.5	0.0	0.000233
4.625	0.0	0.000233
4.75	0.0	0.000233
4.875	0.0	0.000234
5.0	0.0	0.000234
5.125	0.0	0.000234
5.25	0.0	0.000235
5.375	0.0	0.000235
5.5	0.0	0.000235
5.625	0.0	0.000236
5.75	0.0	0.000236
5.875	0.0	0.000236
6.0	0.0	0.000237
6.125	0.0	0.000237
6.25	0.0	0.000237
6.375	0.0	0.000238
6.5	0.0	0.000238
6.625	0.0	0.000238
6.75	0.0	0.000239
6.875	0.0	0.000239
7.0	0.0	0.00024
7.125	0.0	0.00024
7.25	0.0	0.00024
7.375	0.0	0.000241
7.5	0.0	0.000241
7.625	0.0	0.000241
7.75	0.0	0.000242
7.875	0.0	0.000242
8.0	0.0	0.000242
8.125	0.0	0.000243
8.25	0.0	0.000243
8.375	0.0	0.000243
8.5	0.0	0.000244
8.625	0.0	0.000244
8.75	0.0	0.000244
8.875	0.0	0.000245
9.0	0.0	0.000245
9.125	0.0	0.000246
9.25	0.0	0.000246
9.375	0.0	0.000246
9.5	0.0	0.000247
9.625	0.0	0.000247
9.75	0.0	0.000247
9.875	0.0	0.000248
10.0	0.0	0.000248
10.125	0.0	0.000248
10.25	0.0	0.000249
10.375	0.0	0.000249
10.5	0.0	0.00025
10.625	0.0	0.00025
10.75	0.0	0.00025
10.875	0.0	0.000251
11.0	0.0	0.000251
11.125	0.0	0.000251
11.25	0.0	0.000252
11.375	0.0	0.000252
11.5	0.0	0.000252
11.625	0.0	0.000253
11.75	0.0	0.000253
11.875	0.0	0.000254
12.0	0.0	0.000254
12.125	0.0	0.000254
12.25	0.0	0.000255
12.375	0.0	0.000255
12.5	0.0	0.000255
12.625	0.0	0.000256
12.75	0.0	0.000256
12.875	0.0	0.000257
13.0	0.0	0.000257
13.125	0.0	0.000257
13.25	0.0	0.000258
13.375	0.0	0.000258
13.5	0.0	0.000258
13.625	0.0	0.000259
13.75	0.0	0.000259
13.875	0.0	0.00026
14.0	0.0	0.00026
14.125	0.0	0.00026
14.25	0.0	0.000261
14.375	0.0	0.000261
14.5	0.0	0.000262
14.625	0.0	0.000262
14.75	0.0	0.000262
14.875	0.0	0.000263
15.0	0.0	0.000263
15.125	0.0	0.000263
15.25	0.0	0.000264
15.375	0.0	0.000264
15.5	0.0	0.000265
15.625	0.0	0.000265
15.75	0.0	0.000265
15.875	0.0	0.000266
16.0	0.0	0.000266
16.125	0.0	0.000267
16.25	0.0	0.000267
16.375	0.0	0.000267
16.5	0.0	0.000268
16.625	0.0	0.000268
16.75	0.0	0.000269
16.875	0.0	0.000269
17.0	0.0	0.000269
17.125	0.0	0.00027
17.25	0.0	0.00027
17.375	0.0	0.000271
17.5	0.0	0.000271
17.625	0.0	0.000271
17.75	0.0	0.000272
17.875	0.0	0.000272
18.0	0.0	0.000273
18.125	0.0	0.000273
18.25	0.0	0.000273
18.375	0.0	0.000274
18.5	0.0	0.000274
18.625	0.0	0.000275
18.75	0.0	0.000275
18.875	0.0	0.000275
19.0	0.0	0.000276
19.125	0.0	0.000276
19.25	0.0	0.000277
19.375	0.0	0.000277
19.5	0.0	0.000277
19.625	0.0	0.000278
19.75	0.0	0.000278
19.875	0.0	0.000279
20.0	0.0	0.000279
20.125	0.0	0.000279
20.25	0.0	0.00028
20.375	0.0	0.00028
20.5	0.0	0.000281
20.625	0.0	0.000281
20.75	0.0	0.000282
20.875	0.0	0.000282
21.0	0.0	0.000282
21.125	0.0	0.000283
21.25	0.0	0.000283
21.375	0.0	0.000284
21.5	0.0	0.000284
21.625	0.0	0.000284
21.75	0.0	0.000285
21.875	0.0	0.000285
22.0	0.0	0.000286
22.125	0.0	0.000286
22.25	0.0	0.000287
22.375	0.0	0.000287
22.5	0.0	0.000287
22.625	0.0	0.000288
22.75	0.0	0.000288
22.875	0.0	0.000289
23.0	0.0	0.000289
23.125	0.0	0.00029
23.25	0.0	0.00029
23.375	0.0	0.000291
23.5	0.0	0.000291
23.625	0.0	0.000291
23.75	0.0	0.000292
23.875	0.0	0.000292
24.0	0.0	0.000293
24.125	0.0	0.000293
24.25	0.0	0.000294
24.375	0.0	0.000294
24.5	0.0	0.000294
24.625	0.0	0.000295
24.75	0.0	0.000295
24.875	0.0	0.000296
25.0	0.0	0.000296
25.125	0.0	0.000297
25.25	0.0	0.000297
25.375	0.0	0.000298
25.5	0.0	0.000298
25.625	0.0	0.000298
25.75	0.0	0.000299
25.875	0.0	0.000299
26.0	0.0	0.0003
26.125	0.0	0.0003
26.25	0.0	0.000301
26.375	0.0	0.000301
26.5	0.0	0.000302
26.625	0.0	0.000302
26.75	0.0	0.000303
26.875	0.0	0.000303
27.0	0.0	0.000303
27.125	0.0	0.000304
27.25	0.0	0.000304
27.375	0.0	0.000305
27.5	0.0	0.000305
27.625	0.0	0.000306
27.75	0.0	0.000306
27.875	0.0	0.000307
28.0	0.0	0.000307
28.125	0.0	0.000308
28.25	0.0	0.000308
28.375	0.0	0.000309
28.5	0.0	0.000309
28.625	0.0	0.00031
28.75	0.0	0.00031
28.875	0.0	0.00031
29.0	0.0	0.000311
29.125	0.0	0.000311
29.25	0.0	0.000312
29.375	0.0	0.000312
29.5	0.0	0.000313
29.625	0.0	0.000313
29.75	0.0	0.000314
29.875	0.0	0.000314
30.0	0.0	0.000315
30.125	0.0	0.000315
30.25	0.0	0.000316
30.375	0.0	0.000316
30.5	0.0	0.000317
30.625	0.0	0.000317
30.75	0.0	0.000318
30.875	0.0	0.000318
31.0	0.0	0.000319
31.125	0.0	0.000319
31.25	0.0	0.00032
31.375	0.0	0.00032
31.5	0.0	0.000321
31.625	0.0	0.000321
31.75	0.0	0.000322
31.875	0.0	0.000322
32.0	0.0	0.000323
32.125	0.0	0.000323
32.25	0.0	0.000324
32.375	0.0	0.000324
32.5	0.0	0.000325
32.625	0.0	0.000325
32.75	0.0	0.000326
32.875	0.0	0.000326
33.0	0.0	0.000327
33.125	0.0	0.000327
33.25	0.0	0.000328
33.375	0.0	0.000328
33.5	0.0	0.000329
33.625	0.0	0.000329
33.75	0.0	0.00033
33.875	0.0	0.00033
34.0	0.0	0.000331
34.125	0.0	0.000331
34.25	0.0	0.000332
34.375	0.0	0.000332
34.5	0.0	0.000333
34.625	0.0	0.000333
34.75	0.0	0.000334
34.875	0.0	0.000334
35.0	0.0	0.000335
35.125	0.0	0.000335
35.25	0.0	0.000336
35.375	0.0	0.000336
35.5	0.0	0.000337
35.625	0.0	0.000337
35.75	0.0	0.000338
35.875	0.0	0.000338
36.0	0.0	0.000339
36.125	0.0	0.00034
36.25	0.0	0.00034
36.375	0.0	0.000341
36.5	0.0	0.000341
36.625	0.0	0.000342
36.75	0.0	0.000342
36.875	0.0	0.000343
37.0	0.0	0.000343
37.125	0.0	0.000344
37.25	0.0	0.000344
37.375	0.0	0.000345
37.5	0.0	0.000345
37.625	0.0	0.000346
37.75	0.0	0.000347
37.875	0.0	0.000347
38.0	0.0	0.000348
38.125	0.0	0.000348
38.25	0.0	0.000349
38.375	0.0	0.000349
38.5	0.0	0.00035
38.625	0.0	0.00035
38.75	0.0	0.000351
38.875	0.0	0.000352
39.0	0.0	0.000352
39.125	0.0	0.000353
39.25	0.0	0.000353
39.375	0.0	0.000354
39.5	0.0	0.000354
39.625	0.0	0.000355
39.75	0.0	0.000355
39.875	0.0	0.000356
40.0	0.0	0.000357
40.125	0.0	0.000357
40.25	0.0	0.000358
40.375	0.0	0.000358
40.5	0.0	0.000359
40.625	0.0	0.000359
40.75	0.0	0.00036
40.875	0.0	0.000361
41.0	0.0	0.000361
41.125	0.0	0.000362
41.25	0.0	0.000362
41.375	0.0	0.000363
41.5	0.0	0.000364
41.625	0.0	0.000364
41.75	0.0	0.000365
41.875	0.0	0.000365
42.0	0.0	0.000366
42.125	0.0	0.000366
42.25	0.0	0.000367
42.375	0.0	0.000368
42.5	0.0	0.000368
42.625	0.0	0.000369
42.75	0.0	0.000369
42.875	0.0	0.00037
43.0	0.0	0.000371
43.125	0.0	0.000371
43.25	0.0	0.000372
43.375	0.0	0.000372
43.5	0.0	0.000373
43.625	0.0	0.000374
43.75	0.0	0.000374
43.875	0.0	0.000375
44.0	0.0	0.000375
44.125	0.0	0.000376
44.25	0.0	0.000377
44.375	0.0	0.000377
44.5	0.0	0.000378
44.625	0.0	0.000379
44.75	0.0	0.000379
44.875	0.0	0.00038
45.0	0.0	0.00038
45.125	0.0	0.000381
45.25	0.0	0.000382
45.375	0.0	0.000382
45.5	0.0	0.000383
45.625	0.0	0.000384
45.75	0.0	0.000384
45.875	0.0	0.000385
46.0	0.0	0.000385
46.125	0.0	0.000386
46.25	0.0	0.000387
46.375	0.0	0.000387
46.5	0.0	0.000388
46.625	0.0	0.000389
46.75	0.0	0.000389
46.875	0.0	0.00039
47.0	0.0	0.000391
47.125	0.0	0.000391
47.25	0.0	0.000392
47.375	0.0	0.000393
47.5	0.0	0.000393
47.625	0.0	0.000394
47.75	0.0	0.000395
47.875	0.0	0.000395
48.0	0.0	0.000396
48.125	0.0	0.000396
48.25	0.0	0.000397
48.375	0.0	0.000398
48.5	0.0	0.000398
48.625	0.0	0.000399
48.75	0.0	0.0004
48.875	0.0	0.0004
49.0	0.0	0.000401
49.125	0.0	0.000402
49.25	0.0	0.000403
49.375	0.0	0.000403
49.5	0.0	0.000404
49.625	0.0	0.000405
49.75	0.0	0.000405
49.875	0.0	0.000406
50.0	0.0	0.000407
50.125	0.0	0.000407
50.25	0.0	0.000408
50.375	0.0	0.000409
50.5	0.0	0.000409
50.625	0.0	0.00041
50.75	0.0	0.000411
50.875	0.0	0.000411
51.0	0.0	0.000412
51.125	0.0	0.000413
51.25	0.0	0.000414
51.375	0.0	0.000414
51.5	0.0	0.000415
51.625	0.0	0.000416
51.75	0.0	0.000416
51.875	0.0	0.000417
52.0	0.0	0.000418
52.125	0.0	0.000419
52.25	0.0	0.000419
52.375	0.0	0.00042
52.5	0.0	0.000421
52.625	0.0	0.000421
52.75	0.0	0.000422
52.875	0.0	0.000423
53.0	0.0	0.000424
53.125	0.0	0.000424
53.25	0.0	0.000425
53.375	0.0	0.000426
53.5	0.0	0.000426
53.625	0.0	0.000427
53.75	0.0	0.000428
53.875	0.0	0.000429
54.0	0.0	0.000429
54.125	0.0	0.00043
54.25	0.0	0.000431
54.375	0.0	0.000432
54.5	0.0	0.000432
54.625	0.0	0.000433
54.75	0.0	0.000434
54.875	0.0	0.000435
55.0	0.0	0.000435
55.125	0.0	0.000436
55.25	0.0	0.000437
55.375	0.0	0.000438
55.5	0.0	0.000439
55.625	0.0	0.000439
55.75	0.0	0.00044
55.875	0.0	0.000441
56.0	0.0	0.000442
56.125	0.0	0.000442
56.25	0.0	0.000443
56.375	0.0	0.000444
56.5	0.0	0.000445
56.625	0.0	0.000446
56.75	0.0	0.000446
56.875	0.0	0.000447
57.0	0.0	0.000448
57.125	0.0	0.000449
57.25	0.0	0.000449
57.375	0.0	0.00045
57.5	0.0	0.000451
57.625	0.0	0.000452
57.75	0.0	0.000453
57.875	0.0	0.000453
58.0	0.0	0.000454
58.125	0.0	0.000455
58.25	0.0	0.000456
58.375	0.0	0.000457
58.5	0.0	0.000458
58.625	0.0	0.000458
58.75	0.0	0.000459
58.875	0.0	0.00046
59.0	0.0	0.000461
59.125	0.0	0.000462
59.25	0.0	0.000462
59.375	0.0	0.000463
59.5	0.0	0.000464
59.625	0.0	0.000465
59.75	0.0	0.000466
59.875	0.0	0.000467
60.0	0.0	0.000467
60.125	0.0	0.000468
60.25	0.0	0.000469
60.375	0.0	0.00047
60.5	0.0	0.000471
60.625	0.0	0.000472
60.75	0.0	0.000473
60.875	0.0	0.000473
61.0	0.0	0.000474
61.125	0.0	0.000475
61.25	0.0	0.000476
61.375	0.0	0.000477
61.5	0.0	0.000478
61.625	0.0	0.000479
61.75	0.0	0.00048
61.875	0.0	0.00048
62.0	0.0	0.000481
62.125	0.0	0.000482
62.25	0.0	0.000483
62.375	0.0	0.000484
62.5	0.0	0.000485
62.625	0.0	0.000486
62.75	0.0	0.000487
62.875	0.0	0.000488
63.0	0.0	0.000488
63.125	0.0	0.000489
63.25	0.0	0.00049
63.375	0.0	0.000491
63.5	0.0	0.000492
63.625	0.0	0.000493
63.75	0.0	0.000494
63.875	0.0	0.000495
64.0	0.0	0.000496
64.125	0.0	0.000497
64.25	0.0	0.000498
64.375	0.0	0.000499
64.5	0.0	0.000499
64.625	0.0	0.0005
64.75	0.0	0.000501
64.875	0.0	0.000502
65.0	0.0	0.000503
65.125	0.0	0.000504
65.25	0.0	0.000505
65.375	0.0	0.000506
65.5	0.0	0.000507
65.625	0.0	0.000508
65.75	0.0	0.000509
65.875	0.0	0.00051
66.0	0.0	0.000511
66.125	0.0	0.000512
66.25	0.0	0.000513
66.375	0.0	0.000514
66.5	0.0	0.000515
66.625	0.0	0.000516
66.75	0.0	0.000517
66.875	0.0	0.000518
67.0	0.0	0.000519
67.125	0.0	0.00052
67.25	0.0	0.000521
67.375	0.0	0.000522
67.5	0.0	0.000523
67.625	0.0	0.000524
67.75	0.0	0.000525
67.875	0.0	0.000526
68.0	0.0	0.000527
68.125	0.0	0.000528
68.25	0.0	0.000529
68.375	0.0	0.00053
68.5	0.0	0.000531
68.625	0.0	0.000532
68.75	0.0	0.000533
68.875	0.0	0.000534
69.0	0.0	0.000535
69.125	0.0	0.000536
69.25	0.0	0.000537
69.375	0.0	0.000538
69.5	0.0	0.000539
69.625	0.0	0.00054
69.75	0.0	0.000541
69.875	0.0	0.000542
70.0	0.0	0.000543
70.125	0.0	0.000544
70.25	0.0	0.000545
70.375	0.0	0.000546
70.5	0.0	0.000548
70.625	0.0	0.000549
70.75	0.0	0.00055
70.875	0.0	0.000551
71.0	0.0	0.000552
71.125	0.0	0.000553
71.25	0.0	0.000554
71.375	0.0	0.000555
71.5	0.0	0.000556
71.625	0.0	0.000557
71.75	0.0	0.000558
71.875	0.0	0.00056
72.0	0.0	0.000561
72.125	0.0	0.000562
72.25	0.0	0.000563
72.375	0.0	0.000564
72.5	0.0	0.000565
72.625	0.0	0.000566
72.75	0.0	0.000567
72.875	0.0	0.000569
73.0	0.0	0.00057
73.125	0.0	0.000571
73.25	0.0	0.000572
73.375	0.0	0.000573
73.5	0.0	0.000574
73.625	0.0	0.000575
73.75	0.0	0.000577
73.875	0.0	0.000578
74.0	0.0	0.000579
74.125	0.0	0.00058
74.25	0.0	0.000581
74.375	0.0	0.000582
74.5	0.0	0.000584
74.625	0.0	0.000585
74.75	0.0	0.000586
74.875	0.0	0.000587
75.0	0.0	0.000588
75.125	0.0	0.000589
75.25	0.0	0.000591
75.375	0.0	0.000592
75.5	0.0	0.000593
75.625	0.0	0.000594
75.75	0.0	0.000596
75.875	0.0	0.000597
76.0	0.0	0.000598
76.125	0.0	0.000599
76.25	0.0	0.0006
76.375	0.0	0.000602
76.5	0.0	0.000603
76.625	0.0	0.000604
76.75	0.0	0.000605
76.875	0.0	0.000607
77.0	0.0	0.000608
77.125	0.0	0.000609
77.25	0.0	0.00061
77.375	0.0	0.000612
77.5	0.0	0.000613
77.625	0.0	0.000614
77.75	0.0	0.000615
77.875	0.0	0.000617
78.0	0.0	0.000618
78.125	0.0	0.000619
78.25	0.0	0.000621
78.375	0.0	0.000622
78.5	0.0	0.000623
78.625	0.0	0.000625
78.75	0.0	0.000626
78.875	0.0	0.000627
79.0	0.0	0.000628
79.125	0.0	0.00063
79.25	0.0	0.000631
79.375	0.0	0.000632
79.5	0.0	0.000634
79.625	0.0	0.000635
79.75	0.0	0.000636
79.875	0.0	0.000638
80.0	0.0	0.000639
80.125	0.0	0.00064
80.25	0.0	0.000642
80.375	0.0	0.000643
80.5	0.0	0.000644
80.625	0.0	0.000646
80.75	0.0	0.000647
80.875	0.0	0.000649
81.0	0.0	0.00065
81.125	0.0	0.000651
81.25	0.0	0.000653
81.375	0.0	0.000654
81.5	0.0	0.000656
81.625	0.0	0.000657
81.75	0.0	0.000658
81.875	0.0	0.00066
82.0	0.0	0.000661
82.125	0.0	0.000663
82.25	0.0	0.000664
82.375	0.0	0.000665
82.5	0.0	0.000667
82.625	0.0	0.000668
82.75	0.0	0.00067
82.875	0.0	0.000671
83.0	0.0	0.000673
83.125	0.0	0.000674
83.25	0.0	0.000675
83.375	0.0	0.000677
83.5	0.0	0.000678
83.625	0.0	0.00068
83.75	0.0	0.000681
83.875	0.0	0.000683
84.0	0.0	0.000684
84.125	0.0	0.000686
84.25	0.0	0.000687
84.375	0.0	0.000689
84.5	0.0	0.00069
84.625	0.0	0.000692
84.75	0.0	0.000693
84.875	0.0	0.000695
85.0	0.0	0.000696
85.125	0.0	0.000698
85.25	0.0	0.000699
85.375	0.0	0.000701
85.5	0.0	0.000702
85.625	0.0	0.000704
85.75	0.0	0.000705
85.875	0.0	0.000707
86.0	0.0	0.000708
86.125	0.0	0.00071
86.25	0.0	0.000711
86.375	0.0	0.000713
86.5	0.0	0.000715
86.625	0.0	0.000716
86.75	0.0	0.000718
86.875	0.0	0.000719
87.0	0.0	0.000721
87.125	0.0	0.000722
87.25	0.0	0.000724
87.375	0.0	0.000726
87.5	0.0	0.000727
87.625	0.0	0.000729
87.75	0.0	0.00073
87.875	0.0	0.000732
88.0	0.0	0.000734
88.125	0.0	0.000735
88.25	0.0	0.000737
88.375	0.0	0.000738
88.5	0.0	0.00074
88.625	0.0	0.000742
88.75	0.0	0.000743
88.875	0.0	0.000745
89.0	0.0	0.000747
89.125	0.0	0.000748
89.25	0.0	0.00075
89.375	0.0	0.000751
89.5	0.0	0.000753
89.625	0.0	0.000755
89.75	0.0	0.000756
89.875	0.0	0.000758
90.0	0.0	0.00076
90.125	0.0	0.000761
90.25	0.0	0.000763
90.375	0.0	0.000765
90.5	0.0	0.000766
90.625	0.0	0.000768
90.75	0.0	0.00077
90.875	0.0	0.000771
91.0	0.0	0.000773
91.125	0.0	0.000775
91.25	0.0	0.000777
91.375	0.0	0.000778
91.5	0.0	0.00078
91.625	0.0	0.000782
91.75	0.0	0.000783
91.875	0.0	0.000785
92.0	0.0	0.000787
92.125	0.0	0.000788
92.25	0.0	0.00079
92.375	0.0	0.000792
92.5	0.0	0.000794
92.625	0.0	0.000795
92.75	0.0	0.000797
92.875	0.0	0.000799
93.0	0.0	0.000801
93.125	0.0	0.000802
93.25	0.0	0.000804
93.375	0.0	0.000806
93.5	0.0	0.000807
93.625	0.0	0.000809
93.75	0.0	0.000811
93.875	0.0	0.000813
94.0	0.0	0.000814
94.125	0.0	0.000816
94.25	0.0	0.000818
94.375	0.0	0.00082
94.5	0.0	0.000821
94.625	0.0	0.000823
94.75	0.0	0.000825
94.875	0.0	0.000827
95.0	0.0	0.000828
95.125	0.0	0.00083
95.25	0.0	0.000832
95.375	0.0	0.000834
95.5	0.0	0.000835
95.625	0.0	0.000837
95.75	0.0	0.000839
95.875	0.0	0.000841
96.0	0.0	0.000842
96.125	0.0	0.000844
96.25	0.0	0.000846
96.375	0.0	0.000848
96.5	0.0	0.000849
96.625	0.0	0.000851
96.75	0.0	0.000853
96.875	0.0	0.000855
97.0	0.0	0.000856
97.125	0.0	0.000858
97.25	0.0	0.00086
97.375	0.0	0.000862
97.5	0.0	0.000863
97.625	0.0	0.000865
97.75	0.0	0.000867
97.875	0.0	0.000869
98.0	0.0	0.00087
98.125	0.0	0.000872
98.25	0.0	0.000874
98.375	0.0	0.000875
98.5	0.0	0.000877
98.625	0.0	0.000879
98.75	0.0	0.000881
98.875	0.0	0.000882
99.0	0.0	0.000884
99.125	0.0	0.000886
99.25	0.0	0.000887
99.375	0.0	0.000889
99.5	0.0	0.000891
99.625	0.0	0.000892
99.75	0.0	0.000894
99.875	0.0	0.000896
100.0	0.0	0.000897
100.125	0.0	0.000899
100.25	0.0	0.0009
100.375	0.0	0.000902
100.5	0.0	0.000904
100.625	0.0	0.000905
100.75	0.0	0.000907
100.875	0.0	0.000908
101.0	0.0	0.00091
101.125	0.0	0.000912
101.25	0.0	0.000913
101.375	0.0	0.000915
101.5	0.0	0.000916
101.625	0.0	0.000918
101.75	0.0	0.000919
101.875	0.0	0.000921
102.0	0.0	0.000922
102.125	0.0	0.000923
102.25	0.0	0.000925
102.375	0.0	0.000926
102.5	0.0	0.000927
102.625	0.0	0.000929
102.75	0.0	0.00093
102.875	0.0	0.000931
103.0	0.0	0.000932
103.125	0.0	0.000933
103.25	0.0	0.000935
103.375	0.0	0.000936
103.5	0.0	0.000936
103.625	0.0	0.000937
103.75	0.0	0.000938
103.875	0.0	0.000939
104.0	0.0	0.00094
104.125	0.0	0.00094
104.25	0.0	0.000941
104.375	0.0	0.000941
104.5	0.0	0.000942
104.625	0.0	0.000942
104.75	0.0	0.000942
104.875	0.0	0.000943
105.0	0.0	0.000943
105.125	0.0	0.000943
105.25	0.0	0.000943
105.375	0.0	0.000944
105.5	0.0	0.000944
105.625	0.0	0.000945
105.75	0.0	0.000946
105.875	0.0	0.000947
106.0	0.0	0.000949
106.125	0.0	0.000951
106.25	0.0	0.000953
106.375	0.0	0.000957
106.5	0.0	0.000961
106.625	0.0	0.000966
106.75	0.0	0.000971
106.875	0.0	0.000979
107.0	0.0	0.000987
107.125	0.0	0.000997
107.25	0.0	0.001009
107.375	0.0	0.001022
107.5	0.0	0.001038
107.625	0.0	0.001055
107.75	0.0	0.001075
107.875	0.0	0.001098
108.0	0.0	0.001122
108.125	0.0	0.00115
108.25	0.0	0.00118
108.375	0.0	0.001212
108.5	0.0	0.001247
108.625	0.0	0.001284
108.75	0.0	0.001322
108.875	0.0	0.001363
109.0	0.0	0.001404
109.125	0.0	0.001446
109.25	0.0	0.001487
109.375	0.0	0.001527
109.5	0.0	0.001564
109.625	0.0	0.001597
109.75	0.0	0.001625
109.875	0.0	0.001645
110.0	0.0	0.001656
110.125	0.0	0.001656
110.25	1.0e-6	0.001641
110.375	1.0e-6	0.00161
110.5	1.0e-6	0.001559
110.625	1.0e-6	0.001485
110.75	1.0e-6	0.001385
110.875	2.0e-6	0.001254
111.0	2.0e-6	0.00109
111.125	2.0e-6	0.000889
111.25	3.0e-6	0.000647
111.375	3.0e-6	0.000359
111.5	4.0e-6	2.3e-5
111.625	5.0e-6	-0.000365
111.75	6.0e-6	-0.000809
111.875	7.0e-6	-0.001312
112.0	8.0e-6	-0.001874
112.125	1.0e-5	-0.002499
112.25	1.2e-5	-0.003187
112.375	1.4e-5	-0.003938
112.5	1.7e-5	-0.004751
112.625	2.0e-5	-0.005622
112.75	2.4e-5	-0.006548
112.875	2.8e-5	-0.007523
113.0	3.4e-5	-0.008539
113.125	4.0e-5	-0.009587
113.25	4.8e-5	-0.010655
113.375	5.6e-5	-0.011729
113.5	6.7e-5	-0.012792
113.625	7.9e-5	-0.013825
113.75	9.3e-5	-0.014806
113.875	0.000109	-0.01571
114.0	0.000128	-0.016509
114.125	0.000151	-0.017175
114.25	0.000177	-0.017673
114.375	0.000207	-0.017968
114.5	0.000242	-0.018024
114.625	0.000283	-0.017799
114.75	0.000331	-0.017253
114.875	0.000385	-0.016344
115.0	0.000448	-0.015027
115.125	0.000521	-0.013259
115.25	0.000605	-0.010998
115.375	0.000702	-0.008201
115.5	0.000812	-0.004829
115.625	0.000939	-0.000844
115.75	0.001085	0.003786
115.875	0.001251	0.00909
116.0	0.001441	0.015088
116.125	0.001658	0.021795
116.25	0.001904	0.029218
116.375	0.002185	0.037352
116.5	0.002503	0.046185
116.625	0.002865	0.055688
116.75	0.003274	0.065824
116.875	0.003737	0.076539
117.0	0.00426	0.087764
117.125	0.004849	0.099416
117.25	0.005513	0.111393
117.375	0.00626	0.123577
117.5	0.007098	0.135835
117.625	0.008038	0.148013
117.75	0.009091	0.159943
117.875	0.010269	0.171438
118.0	0.011584	0.182296
118.125	0.013051	0.192302
118.25	0.014684	0.201226
118.375	0.016499	0.208826
118.5	0.018516	0.214854
118.625	0.020751	0.219053
118.75	0.023226	0.221162
118.875	0.025963	0.220921
119.0	0.028984	0.218073
119.125	0.032315	0.212368
119.25	0.035981	0.203566
119.375	0.040012	0.191444
119.5	0.044436	0.1758
119.625	0.049285	0.156454
119.75	0.054591	0.13326
119.875	0.060391	0.106102
120.0	0.066719	0.074907
120.125	0.073615	0.039642
120.25	0.081118	0.000326
120.375	0.089269	-0.042972
120.5	0.098111	-0.090129
120.625	0.107688	-0.14096
120.75	0.118047	-0.195221
120.875	0.129234	-0.252603
121.0	0.141296	-0.312737
121.125	0.154283	-0.375184
121.25	0.168245	-0.439446
121.375	0.183231	-0.504959
121.5	0.199293	-0.571104
121.625	0.21648	-0.637201
121.75	0.234843	-0.702521
121.875	0.254432	-0.766291
122.0	0.275296	-0.827695
122.125	0.297484	-0.885889
122.25	0.321041	-0.940004
122.375	0.346013	-0.989161
122.5	0.372441	-1.032473
122.625	0.400366	-1.069067
122.75	0.429825	-1.098087
122.875	0.46085	-1.118708
123.0	0.493472	-1.130151
123.125	0.527714	-1.131694
123.25	0.563599	-1.122683
123.375	0.601139	-1.102546
123.5	0.640346	-1.070806
123.625	0.681222	-1.027087
123.75	0.723763	-0.971132
123.875	0.76796	-0.902805
124.0	0.813795	-0.822103
124.125	0.861243	-0.729165
124.25	0.910271	-0.624271
124.375	0.960837	-0.507852
124.5	1.012892	-0.380488
124.625	1.066377	-0.242908
124.75	1.121224	-0.095991
124.875	1.177358	0.059243
125.0	1.234693	0.221634
125.125	1.293134	0.389894
125.25	1.352578	0.562615
125.375	1.412913	0.738286
125.5	1.474018	0.9153
125.625	1.535763	1.091974
125.75	1.598012	1.266569
125.875	1.660619	1.437302
126.0	1.723432	1.602374
126.125	1.786293	1.759985
126.25	1.849036	1.908358
126.375	1.911491	2.045759
126.5	1.973483	2.170523
126.625	2.034833	2.281073
126.75	2.095359	2.375939
126.875	2.154877	2.453784
127.0	2.213199	2.513418
127.125	2.270141	2.553819
127.25	2.325517	2.574145
127.375	2.379142	2.573753
127.5	2.430835	2.552208
127.625	2.480417	2.509289
127.75	2.527716	2.445003
127.875	2.572563	2.359582
128.0	2.614798	2.253485
128.125	2.654265	2.127401
128.25	2.690821	1.982238
128.375	2.724329	1.819119
128.5	2.754663	1.639367
128.625	2.781709	1.444497
128.75	2.805364	1.236198
128.875	2.825536	1.016312
129.0	2.842149	0.786817
129.125	2.855137	0.549804
129.25	2.864451	0.307451
129.375	2.870053	0.062001
129.5	2.871923	-0.184264
129.625	2.870053	-0.429055
129.75	2.86445	-0.670095
129.875	2.855136	-0.90515
130.0	2.842148	-1.132053
130.125	2.825535	-1.348732
130.25	2.805363	-1.55323
130.375	2.781708	-1.743727
130.5	2.754662	-1.918566
130.625	2.724327	-2.076265
130.75	2.690819	-2.215533
130.875	2.654263	-2.335288
131.0	2.614795	-2.434662
131.125	2.572561	-2.513014
131.25	2.527713	-2.569928
131.375	2.480414	-2.60522
131.5	2.430832	-2.618937
131.625	2.379139	-2.611347
131.75	2.325514	-2.58294
131.875	2.270138	-2.534411
132.0	2.213196	-2.466654
132.125	2.154873	-2.380744
132.25	2.095356	-2.277923
132.375	2.03483	-2.159579
132.5	1.97348	-2.027231
132.625	1.911488	-1.882501
132.75	1.849032	-1.727103
132.875	1.786289	-1.562811
133.0	1.723429	-1.39144
133.125	1.660615	-1.214828
133.25	1.598008	-1.034806
133.375	1.53576	-0.853186
133.5	1.474014	-0.671731
133.625	1.41291	-0.492145
133.75	1.352575	-0.316049
133.875	1.293131	-0.144968
134.0	1.23469	0.019685
134.125	1.177355	0.176618
134.25	1.121221	0.324676
134.375	1.066374	0.462842
134.5	1.012889	0.590252
134.625	0.960834	0.706189
134.75	0.910268	0.810093
134.875	0.86124	0.901557
135.0	0.813792	0.980326
135.125	0.767957	1.046292
135.25	0.723761	1.09949
135.375	0.681219	1.140088
135.5	0.640344	1.168384
135.625	0.601137	1.184788
135.75	0.563597	1.189821
135.875	0.527712	1.184092
136.0	0.49347	1.168298
136.125	0.460848	1.143201
136.25	0.429823	1.109621
136.375	0.400364	1.068422
136.5	0.372439	1.020498
136.625	0.346011	0.966761
136.75	0.32104	0.908131
136.875	0.297483	0.845522
137.0	0.275295	0.779833
137.125	0.254431	0.711937
137.25	0.234842	0.642673
137.375	0.216479	0.57284
137.5	0.199292	0.503185
137.625	0.18323	0.434403
137.75	0.168244	0.367129
137.875	0.154283	0.301936
138.0	0.141295	0.23933
138.125	0.129233	0.179752
138.25	0.118046	0.123576
138.375	0.107688	0.071107
138.5	0.09811	0.022587
138.625	0.089268	-0.021809
138.75	0.081117	-0.061962
138.875	0.073615	-0.097815
139.0	0.066719	-0.129363
139.125	0.06039	-0.156651
139.25	0.054591	-0.179768
139.375	0.049284	-0.198844
139.5	0.044436	-0.214045
139.625	0.040012	-0.225566
139.75	0.035981	-0.233629
139.875	0.032315	-0.238474
140.0	0.028984	-0.240357
140.125	0.025963	-0.239548
140.25	0.023226	-0.23632
140.375	0.020751	-0.23095
140.5	0.018516	-0.223714
140.625	0.016499	-0.214883
140.75	0.014684	-0.204722
140.875	0.013051	-0.193483
141.0	0.011584	-0.181409
141.125	0.010269	-0.168725
141.25	0.009091	-0.155643
141.375	0.008038	-0.142357
141.5	0.007098	-0.129043
141.625	0.006259	-0.115859
141.75	0.005513	-0.102945
141.875	0.004849	-0.090422
142.0	0.004259	-0.078393
142.125	0.003737	-0.066944
142.25	0.003274	-0.056144
142.375	0.002865	-0.046045
142.5	0.002503	-0.036687
142.625	0.002185	-0.028093
142.75	0.001904	-0.020276
142.875	0.001658	-0.013237
143.0	0.001441	-0.006965
143.125	0.001251	-0.001444
143.25	0.001085	0.003353
143.375	0.000939	0.007458
143.5	0.000812	0.010906
143.625	0.000702	0.01374
143.75	0.000605	0.016004
143.875	0.000521	0.017743
144.0	0.000448	0.019004
144.125	0.000385	0.019835
144.25	0.000331	0.020283
144.375	0.000283	0.020394
144.5	0.000242	0.020213
144.625	0.000207	0.019783
144.75	0.000177	0.019144
144.875	0.000151	0.018333
145.0	0.000128	0.017386
145.125	0.000109	0.016335
145.25	9.3e-5	0.01521
145.375	7.9e-5	0.014036
145.5	6.7e-5	0.012837
145.625	5.6e-5	0.011632
145.75	4.8e-5	0.010441
145.875	4.0e-5	0.009276
146.0	3.4e-5	0.008151
146.125	2.8e-5	0.007076
146.25	2.4e-5	0.006058
146.375	2.0e-5	0.005104
146.5	1.7e-5	0.004216
146.625	1.4e-5	0.003398
146.75	1.2e-5	0.002651
146.875	1.0e-5	0.001973
147.0	8.0e-6	0.001366
147.125	7.0e-6	0.000825
147.25	6.0e-6	0.000348
147.375	5.0e-6	-6.7e-5
147.5	4.0e-6	-0.000425
147.625	3.0e-6	-0.000729
147.75	3.0e-6	-0.000985
147.875	2.0e-6	-0.001195
148.0	2.0e-6	-0.001365
148.125	2.0e-6	-0.001498
148.25	1.0e-6	-0.001599
148.375	1.0e-6	-0.001672
148.5	1.0e-6	-0.00172
148.625	1.0e-6	-0.001747
148.75	1.0e-6	-0.001756
148.875	0.0	-0.00175
149.0	0.0	-0.001732
149.125	0.0	-0.001705
149.25	0.0	-0.00167
149.375	0.0	-0.001629
149.5	0.0	-0.001584
149.625	0.0	-0.001538
149.75	0.0	-0.001489
149.875	0.0	-0.001441
150.0	0.0	-0.001394
150.125	0.0	-0.001348
150.25	0.0	-0.001303
150.375	0.0	-0.001262
150.5	0.0	-0.001222
150.625	0.0	-0.001186
150.75	0.0	-0.001152
150.875	0.0	-0.001122
151.0	0.0	-0.001094
151.125	0.0	-0.00107
151.25	0.0	-0.001048
151.375	0.0	-0.001028
151.5	0.0	-0.001011
151.625	0.0	-0.000996
151.75	0.0	-0.000984
151.875	0.0	-0.000973
152.0	0.0	-0.000964
152.125	0.0	-0.000956
152.25	0.0	-0.00095
152.375	0.0	-0.000945
152.5	0.0	-0.00094
152.625	0.0	-0.000937
152.75	0.0	-0.000935
152.875	0.0	-0.000933
153.0	0.0	-0.000931
153.125	0.0	-0.00093
153.25	0.0	-0.000929
153.375	0.0	-0.000929
153.5	0.0	-0.000928
153.625	0.0	-0.000928
153.75	0.0	-0.000928
153.875	0.0	-0.000928
154.0	0.0	-0.000928
154.125	0.0	-0.000928
154.25	0.0	-0.000928
154.375	0.0	-0.000927
154.5	0.0	-0.000927
154.625	0.0	-0.000927
154.75	0.0	-0.000926
154.875	0.0	-0.000926
155.0	0.0	-0.000925
155.125	0.0	-0.000925
155.25	0.0	-0.000924
155.375	0.0	-0.000923
155.5	0.0	-0.000922
155.625	0.0	-0.000921
155.75	0.0	-0.00092
155.875	0.0	-0.000919
156.0	0.0	-0.000918
156.125	0.0	-0.000917
156.25	0.0	-0.000916
156.375	0.0	-0.000915
156.5	0.0	-0.000913
156.625	0.0	-0.000912
156.75	0.0	-0.000911
156.875	0.0	-0.000909
157.0	0.0	-0.000908
157.125	0.0	-0.000906
157.25	0.0	-0.000905
157.375	0.0	-0.000903
157.5	0.0	-0.000902
157.625	0.0	-0.0009
157.75	0.0	-0.000899
157.875	0.0	-0.000897
158.0	0.0	-0.000896
158.125	0.0	-0.000894
158.25	0.0	-0.000893
158.375	0.0	-0.000891
158.5	0.0	-0.000889
158.625	0.0	-0.000888
158.75	0.0	-0.000886
158.875	0.0	-0.000885
159.0	0.0	-0.000883
159.125	0.0	-0.000881
159.25	0.0	-0.00088
159.375	0.0	-0.000878
159.5	0.0	-0.000876
159.625	0.0	-0.000875
159.75	0.0	-0.000873
159.875	0.0	-0.000871
160.0	0.0	-0.00087
160.125	0.0	-0.000868
160.25	0.0	-0.000866
160.375	0.0	-0.000865
160.5	0.0	-0.000863
160.625	0.0	-0.000861
160.75	0.0	-0.000859
160.875	0.0	-0.000858
161.0	0.0	-0.000856
161.125	0.0	-0.000854
161.25	0.0	-0.000853
161.375	0.0	-0.000851
161.5	0.0	-0.000849
161.625	0.0	-0.000847
161.75	0.0	-0.000846
161.875	0.0	-0.000844
162.0	0.0	-0.000842
162.125	0.0	-0.00084
162.25	0.0	-0.000839
162.375	0.0	-0.000837
162.5	0.0	-0.000835
162.625	0.0	-0.000833
162.75	0.0	-0.000832
162.875	0.0	-0.00083
163.0	0.0	-0.000828
163.125	0.0	-0.000826
163.25	0.0	-0.000825
163.375	0.0	-0.000823
163.5	0.0	-0.000821
163.625	0.0	-0.000819
163.75	0.0	-0.000818
163.875	0.0	-0.000816
164.0	0.0	-0.000814
164.125	0.0	-0.000812
164.25	0.0	-0.000811
164.375	0.0	-0.000809
164.5	0.0	-0.000807
164.625	0.0	-0.000805
164.75	0.0	-0.000804
164.875	0.0	-0.000802
165.0	0.0	-0.0008
165.125	0.0	-0.000798
165.25	0.0	-0.000797
165.375	0.0	-0.000795
165.5	0.0	-0.000793
165.625	0.0	-0.000791
165.75	0.0	-0.00079
165.875	0.0	-0.000788
166.0	0.0	-0.000786
166.125	0.0	-0.000785
166.25	0.0	-0.000783
166.375	0.0	-0.000781
166.5	0.0	-0.000779
166.625	0.0	-0.000778
166.75	0.0	-0.000776
166.875	0.0	-0.000774
167.0	0.0	-0.000772
167.125	0.0	-0.000771
167.25	0.0	-0.000769
167.375	0.0	-0.000767
167.5	0.0	-0.000766
167.625	0.0	-0.000764
167.75	0.0	-0.000762
167.875	0.0	-0.000761
168.0	0.0	-0.000759
168.125	0.0	-0.000757
168.25	0.0	-0.000756
168.375	0.0	-0.000754
168.5	0.0	-0.000752
168.625	0.0	-0.00075
168.75	0.0	-0.000749
168.875	0.0	-0.000747
169.0	0.0	-0.000745
169.125	0.0	-0.000744
169.25	0.0	-0.000742
169.375	0.0	-0.00074
169.5	0.0	-0.000739
169.625	0.0	-0.000737
169.75	0.0	-0.000736
169.875	0.0	-0.000734
170.0	0.0	-0.000732
170.125	0.0	-0.000731
170.25	0.0	-0.000729
170.375	0.0	-0.000727
170.5	0.0	-0.000726
170.625	0.0	-0.000724
170.75	0.0	-0.000723
170.875	0.0	-0.000721
171.0	0.0	-0.000719
171.125	0.0	-0.000718
171.25	0.0	-0.000716
171.375	0.0	-0.000715
171.5	0.0	-0.000713
171.625	0.0	-0.000711
171.75	0.0	-0.00071
171.875	0.0	-0.000708
172.0	0.0	-0.000707
172.125	0.0	-0.000705
172.25	0.0	-0.000703
172.375	0.0	-0.000702
172.5	0.0	-0.0007
172.625	0.0	-0.000699
172.75	0.0	-0.000697
172.875	0.0	-0.000696
173.0	0.0	-0.000694
173.125	0.0	-0.000693
173.25	0.0	-0.000691
173.375	0.0	-0.00069
173.5	0.0	-0.000688
173.625	0.0	-0.000686
173.75	0.0	-0.000685
173.875	0.0	-0.000683
174.0	0.0	-0.000682
174.125	0.0	-0.00068
174.25	0.0	-0.000679
174.375	0.0	-0.000677
174.5	0.0	-0.000676
174.625	0.0	-0.000674
174.75	0.0	-0.000673
174.875	0.0	-0.000671
175.0	0.0	-0.00067
175.125	0.0	-0.000668
175.25	0.0	-0.000667
175.375	0.0	-0.000666
175.5	0.0	-0.000664
175.625	0.0	-0.000663
175.75	0.0	-0.000661
175.875	0.0	-0.00066
176.0	0.0	-0.000658
176.125	0.0	-0.000657
176.25	0.0	-0.000655
176.375	0.0	-0.000654
176.5	0.0	-0.000653
176.625	0.0	-0.000651
176.75	0.0	-0.00065
176.875	0.0	-0.000648
177.0	0.0	-0.000647
177.125	0.0	-0.000645
177.25	0.0	-0.000644
177.375	0.0	-0.000643
177.5	0.0	-0.000641
177.625	0.0	-0.00064
177.75	0.0	-0.000638
177.875	0.0	-0.000637
178.0	0.0	-0.000636
178.125	0.0	-0.000634
178.25	0.0	-0.000633
178.375	0.0	-0.000632
178.5	0.0	-0.00063
178.625	0.0	-0.000629
178.75	0.0	-0.000627
178.875	0.0	-0.000626
179.0	0.0	-0.000625
179.125	0.0	-0.000623
179.25	0.0	-0.000622
179.375	0.0	-0.000621
179.5	0.0	-0.000619
179.625	0.0	-0.000618
179.75	0.0	-0.000617
179.875	0.0	-0.000615
180.0	0.0	-0.000614
180.125	0.0	-0.000613
180.25	0.0	-0.000612
180.375	0.0	-0.00061
180.5	0.0	-0.000609
180.625	0.0	-0.000608
180.75	0.0	-0.000606
180.875	0.0	-0.000605
181.0	0.0	-0.000604
181.125	0.0	-0.000602
181.25	0.0	-0.000601
181.375	0.0	-0.0006
181.5	0.0	-0.000599
181.625	0.0	-0.000597
181.75	0.0	-0.000596
181.875	0.0	-0.000595
182.0	0.0	-0.000594
182.125	0.0	-0.000592
182.25	0.0	-0.000591
182.375	0.0	-0.00059
182.5	0.0	-0.000589
182.625	0.0	-0.000587
182.75	0.0	-0.000586
182.875	0.0	-0.000585
183.0	0.0	-0.000584
183.125	0.0	-0.000582
183.25	0.0	-0.000581
183.375	0.0	-0.00058
183.5	0.0	-0.000579
183.625	0.0	-0.000578
183.75	0.0	-0.000576
183.875	0.0	-0.000575
184.0	0.0	-0.000574
184.125	0.0	-0.000573
184.25	0.0	-0.000572
184.375	0.0	-0.00057
184.5	0.0	-0.000569
184.625	0.0	-0.000568
184.75	0.0	-0.000567
184.875	0.0	-0.000566
185.0	0.0	-0.000565
185.125	0.0	-0.000563
185.25	0.0	-0.000562
185.375	0.0	-0.000561
185.5	0.0	-0.00056
185.625	0.0	-0.000559
185.75	0.0	-0.000558
185.875	0.0	-0.000556
186.0	0.0	-0.000555
186.125	0.0	-0.000554
186.25	0.0	-0.000553
186.375	0.0	-0.000552
186.5	0.0	-0.000551
186.625	0.0	-0.00055
186.75	0.0	-0.000549
186.875	0.0	-0.000547
187.0	0.0	-0.000546
187.125	0.0	-0.000545
187.25	0.0	-0.000544
187.375	0.0	-0.000543
187.5	0.0	-0.000542
187.625	0.0	-0.000541
187.75	0.0	-0.00054
187.875	0.0	-0.000539
188.0	0.0	-0.000538
188.125	0.0	-0.000536
188.25	0.0	-0.000535
188.375	0.0	-0.000534
188.5	0.0	-0.000533
188.625	0.0	-0.000532
188.75	0.0	-0.000531
188.875	0.0	-0.00053
189.0	0.0	-0.000529
189.125	0.0	-0.000528
189.25	0.0	-0.000527
189.375	0.0	-0.000526
189.5	0.0	-0.000525
189.625	0.0	-0.000524
189.75	0.0	-0.000523
189.875	0.0	-0.000522
190.0	0.0	-0.000521
190.125	0.0	-0.00052
190.25	0.0	-0.000519
190.375	0.0	-0.000517
190.5	0.0	-0.000516
190.625	0.0	-0.000515
190.75	0.0	-0.000514
190.875	0.0	-0.000513
191.0	0.0	-0.000512
191.125	0.0	-0.000511
191.25	0.0	-0.00051
191.375	0.0	-0.000509
191.5	0.0	-0.000508
191.625	0.0	-0.000507
191.75	0.0	-0.000506
191.875	0.0	-0.000505
192.0	0.0	-0.000504
192.125	0.0	-0.000503
192.25	0.0	-0.000502
192.375	0.0	-0.000501
192.5	0.0	-0.0005
192.625	0.0	-0.000499
192.75	0.0	-0.000499
192.875	0.0	-0.000498
193.0	0.0	-0.000497
193.125	0.0	-0.000496
193.25	0.0	-0.000495
193.375	0.0	-0.000494
193.5	0.0	-0.000493
193.625	0.0	-0.000492
193.75	0.0	-0.000491
193.875	0.0	-0.00049
194.0	0.0	-0.000489
194.125	0.0	-0.000488
194.25	0.0	-0.000487
194.375	0.0	-0.000486
194.5	0.0	-0.000485
194.625	0.0	-0.000484
194.75	0.0	-0.000483
194.875	0.0	-0.000482
195.0	0.0	-0.000481
195.125	0.0	-0.000481
195.25	0.0	-0.00048
195.375	0.0	-0.000479
195.5	0.0	-0.000478
195.625	0.0	-0.000477
195.75	0.0	-0.000476
195.875	0.0	-0.000475
196.0	0.0	-0.000474
196.125	0.0	-0.000473
196.25	0.0	-0.000472
196.375	0.0	-0.000471
196.5	0.0	-0.000471
196.625	0.0	-0.00047
196.75	0.0	-0.000469
196.875	0.0	-0.000468
197.0	0.0	-0.000467
197.125	0.0	-0.000466
197.25	0.0	-0.000465
197.375	0.0	-0.000464
197.5	0.0	-0.000464
197.625	0.0	-0.000463
197.75	0.0	-0.000462
197.875	0.0	-0.000461
198.0	0.0	-0.00046
198.125	0.0	-0.000459
198.25	0.0	-0.000458
198.375	0.0	-0.000457
198.5	0.0	-0.000457
198.625	0.0	-0.000456
198.75	0.0	-0.000455
198.875	0.0	-0.000454
199.0	0.0	-0.000453
199.125	0.0	-0.000452
199.25	0.0	-0.000452
199.375	0.0	-0.000451
199.5	0.0	-0.00045
199.625	0.0	-0.000449
199.75	0.0	-0.000448
199.875	0.0	-0.000447
200.0	0.0	-0.000447
200.125	0.0	-0.000446
200.25	0.0	-0.000445
200.375	0.0	-0.000444
200.5	0.0	-0.000443
200.625	0.0	-0.000442
200.75	0.0	-0.000442
200.875	0.0	-0.000441
201.0	0.0	-0.00044
201.125	0.0	-0.000439
201.25	0.0	-0.000438
201.375	0.0	-0.000438
201.5	0.0	-0.000437
201.625	0.0	-0.000436
201.75	0.0	-0.000435
201.875	0.0	-0.000434
202.0	0.0	-0.000434
202.125	0.0	-0.000433
202.25	0.0	-0.000432
202.375	0.0	-0.000431
202.5	0.0	-0.00043
202.625	0.0	-0.00043
202.75	0.0	-0.000429
202.875	0.0	-0.000428
203.0	0.0	-0.000427
203.125	0.0	-0.000427
203.25	0.0	-0.000426
203.375	0.0	-0.000425
203.5	0.0	-0.000424
203.625	0.0	-0.000423
203.75	0.0	-0.000423
203.875	0.0	-0.000422
204.0	0.0	-0.000421
204.125	0.0	-0.00042
204.25	0.0	-0.00042
204.375	0.0	-0.000419
204.5	0.0	-0.000418
204.625	0.0	-0.000417
204.75	0.0	-0.000417
204.875	0.0	-0.000416
205.0	0.0	-0.000415
205.125	0.0	-0.000414
205.25	0.0	-0.000414
205.375	0.0	-0.000413
205.5	0.0	-0.000412
205.625	0.0	-0.000411
205.75	0.0	-0.000411
205.875	0.0	-0.00041
206.0	0.0	-0.000409
206.125	0.0	-0.000409
206.25	0.0	-0.000408
206.375	0.0	-0.000407
206.5	0.0	-0.000406
206.625	0.0	-0.000406
206.75	0.0	-0.000405
206.875	0.0	-0.000404
207.0	0.0	-0.000404
207.125	0.0	-0.000403
207.25	0.0	-0.000402
207.375	0.0	-0.000401
207.5	0.0	-0.000401
207.625	0.0	-0.0004
207.75	0.0	-0.000399
207.875	0.0	-0.000399
208.0	0.0	-0.000398
208.125	0.0	-0.000397
208.25	0.0	-0.000396
208.375	0.0	-0.000396
208.5	0.0	-0.000395
208.625	0.0	-0.000394
208.75	0.0	-0.000394
208.875	0.0	-0.000393
209.0	0.0	-0.000392
209.125	0.0	-0.000392
209.25	0.0	-0.000391
209.375	0.0	-0.00039
209.5	0.0	-0.00039
209.625	0.0	-0.000389
209.75	0.0	-0.000388
209.875	0.0	-0.000388
210.0	0.0	-0.000387
210.125	0.0	-0.000386
210.25	0.0	-0.000386
210.375	0.0	-0.000385
210.5	0.0	-0.000384
210.625	0.0	-0.000384
210.75	0.0	-0.000383
210.875	0.0	-0.000382
211.0	0.0	-0.000382
211.125	0.0	-0.000381
211.25	0.0	-0.00038
211.375	0.0	-0.00038
211.5	0.0	-0.000379
211.625	0.0	-0.000378
211.75	0.0	-0.000378
211.875	0.0	-0.000377
212.0	0.0	-0.000376
212.125	0.0	-0.000376
212.25	0.0	-0.000375
212.375	0.0	-0.000374
212.5	0.0	-0.000374
212.625	0.0	-0.000373
212.75	0.0	-0.000372
212.875	0.0	-0.000372
213.0	0.0	-0.000371
213.125	0.0	-0.000371
213.25	0.0	-0.00037
213.375	0.0	-0.000369
213.5	0.0	-0.000369
213.625	0.0	-0.000368
213.75	0.0	-0.000367
213.875	0.0	-0.000367
214.0	0.0	-0.000366
214.125	0.0	-0.000366
214.25	0.0	-0.000365
214.375	0.0	-0.000364
214.5	0.0	-0.000364
214.625	0.0	-0.000363
214.75	0.0	-0.000362
214.875	0.0	-0.000362
215.0	0.0	-0.000361
215.125	0.0	-0.000361
215.25	0.0	-0.00036
215.375	0.0	-0.000359
215.5	0.0	-0.000359
215.625	0.0	-0.000358
215.75	0.0	-0.000358
215.875	0.0	-0.000357
216.0	0.0	-0.000356
216.125	0.0	-0.000356
216.25	0.0	-0.000355
216.375	0.0	-0.000355
216.5	0.0	-0.000354
216.625	0.0	-0.000353
216.75	0.0	-0.000353
216.875	0.0	-0.000352
217.0	0.0	-0.000352
217.125	0.0	-0.000351
217.25	0.0	-0.00035
217.375	0.0	-0.00035
217.5	0.0	-0.000349
217.625	0.0	-0.000349
217.75	0.0	-0.000348
217.875	0.0	-0.000348
218.0	0.0	-0.000347
218.125	0.0	-0.000346
218.25	0.0	-0.000346
218.375	0.0	-0.000345
218.5	0.0	-0.000345
218.625	0.0	-0.000344
218.75	0.0	-0.000343
218.875	0.0	-0.000343
219.0	0.0	-0.000342
219.125	0.0	-0.000342
219.25	0.0	-0.000341
219.375	0.0	-0.000341
219.5	0.0	-0.00034
219.625	0.0	-0.000339
219.75	0.0	-0.000339
219.875	0.0	-0.000338
220.0	0.0	-0.000338
220.125	0.0	-0.000337
220.25	0.0	-0.000337
220.375	0.0	-0.000336
220.5	0.0	-0.000336
220.625	0.0	-0.000335
220.75	0.0	-0.000334
220.875	0.0	-0.000334
221.0	0.0	-0.000333
221.125	0.0	-0.000333
221.25	0.0	-0.000332
221.375	0.0	-0.000332
221.5	0.0	-0.000331
221.625	0.0	-0.000331
221.75	0.0	-0.00033
221.875	0.0	-0.00033
222.0	0.0	-0.000329
222.125	0.0	-0.000328
222.25	0.0	-0.000328
222.375	0.0	-0.000327
222.5	0.0	-0.000327
222.625	0.0	-0.000326
222.75	0.0	-0.000326
222.875	0.0	-0.000325
223.0	0.0	-0.000325
223.125	0.0	-0.000324
223.25	0.0	-0.000324
223.375	0.0	-0.000323
223.5	0.0	-0.000323
223.625	0.0	-0.000322
223.75	0.0	-0.000322
223.875	0.0	-0.000321
224.0	0.0	-0.000321
224.125	0.0	-0.00032
224.25	0.0	-0.000319
224.375	0.0	-0.000319
224.5	0.0	-0.000318
224.625	0.0	-0.000318
224.75	0.0	-0.000317
224.875	0.0	-0.000317
225.0	0.0	-0.000316
225.125	0.0	-0.000316
225.25	0.0	-0.000315
225.375	0.0	-0.000315
225.5	0.0	-0.000314
225.625	0.0	-0.000314
225.75	0.0	-0.000313
225.875	0.0	-0.000313
226.0	0.0	-0.000312
226.125	0.0	-0.000312
226.25	0.0	-0.000311
226.375	0.0	-0.000311
226.5	0.0	-0.00031
226.625	0.0	-0.00031
226.75	0.0	-0.000309
226.875	0.0	-0.000309
227.0	0.0	-0.000308
227.125	0.0	-0.000308
227.25	0.0	-0.000307
227.375	0.0	-0.000307
227.5	0.0	-0.000306
227.625	0.0	-0.000306
227.75	0.0	-0.000305
227.875	0.0	-0.000305
228.0	0.0	-0.000304
228.125	0.0	-0.000304
228.25	0.0	-0.000303
228.375	0.0	-0.000303
228.5	0.0	-0.000302
228.625	0.0	-0.000302
228.75	0.0	-0.000301
228.875	0.0	-0.000301
229.0	0.0	-0.0003
229.125	0.0	-0.0003
229.25	0.0	-0.0003
229.375	0.0	-0.000299
229.5	0.0	-0.000299
229.625	0.0	-0.000298
229.75	0.0	-0.000298
229.875	0.0	-0.000297
230.0	0.0	-0.000297
230.125	0.0	-0.000296
230.25	0.0	-0.000296
230.375	0.0	-0.000295
230.5	0.0	-0.000295
230.625	0.0	-0.000294
230.75	0.0	-0.000294
230.875	0.0	-0.000293
231.0	0.0	-0.000293
231.125	0.0	-0.000292
231.25	0.0	-0.000292
231.375	0.0	-0.000291
231.5	0.0	-0.000291
231.625	0.0	-0.000291
231.75	0.0	-0.00029
231.875	0.0	-0.00029
232.0	0.0	-0.000289
232.125	0.0	-0.000289
232.25	0.0	-0.000288
232.375	0.0	-0.000288
232.5	0.0	-0.000287
232.625	0.0	-0.000287
232.75	0.0	-0.000286
232.875	0.0	-0.000286
233.0	0.0	-0.000286
233.125	0.0	-0.000285
233.25	0.0	-0.000285
233.375	0.0	-0.000284
233.5	0.0	-0.000284
233.625	0.0	-0.000283
233.75	0.0	-0.000283
233.875	0.0	-0.000282
234.0	0.0	-0.000282
234.125	0.0	-0.000282
234.25	0.0	-0.000281
234.375	0.0	-0.000281
234.5	0.0	-0.00028
234.625	0.0	-0.00028
234.75	0.0	-0.000279
234.875	0.0	-0.000279
235.0	0.0	-0.000278
235.125	0.0	-0.000278
235.25	0.0	-0.000278
235.375	0.0	-0.000277
235.5	0.0	-0.000277
235.625	0.0	-0.000276
235.75	0.0	-0.000276
235.875	0.0	-0.000275
236.0	0.0	-0.000275
236.125	0.0	-0.000274
236.25	0.0	-0.000274
236.375	0.0	-0.000274
236.5	0.0	-0.000273
236.625	0.0	-0.000273
236.75	0.0	-0.000272
236.875	0.0	-0.000272
237.0	0.0	-0.000271
237.125	0.0	-0.000271
237.25	0.0	-0.000271
237.375	0.0	-0.00027
237.5	0.0	-0.00027
237.625	0.0	-0.000269
237.75	0.0	-0.000269
237.875	0.0	-0.000269
238.0	0.0	-0.000268
238.125	0.0	-0.000268
238.25	0.0	-0.000267
238.375	0.0	-0.000267
238.5	0.0	-0.000266
238.625	0.0	-0.000266
238.75	0.0	-0.000266
238.875	0.0	-0.000265
239.0	0.0	-0.000265
239.125	0.0	-0.000264
239.25	0.0	-0.000264
239.375	0.0	-0.000264
239.5	0.0	-0.000263
239.625	0.0	-0.000263
239.75	0.0	-0.000262
239.875	0.0	-0.000262
240.0	0.0	-0.000261
240.125	0.0	-0.000261
240.25	0.0	-0.000261
240.375	0.0	-0.00026
240.5	0.0	-0.00026
240.625	0.0	-0.000259
240.75	0.0	-0.000259
240.875	0.0	-0.000259
241.0	0.0	-0.000258
241.125	0.0	-0.000258
241.25	0.0	-0.000257
241.375	0.0	-0.000257
241.5	0.0	-0.000257
241.625	0.0	-0.000256
241.75	0.0	-0.000256
241.875	0.0	-0.000255
242.0	0.0	-0.000255
242.125	0.0	-0.000255
242.25	0.0	-0.000254
242.375	0.0	-0.000254
242.5	0.0	-0.000253
242.625	0.0	-0.000253
242.75	0.0	-0.000253
242.875	0.0	-0.000252
243.0	0.0	-0.000252
243.125	0.0	-0.000251
243.25	0.0	-0.000251
243.375	0.0	-0.000251
243.5	0.0	-0.00025
243.625	0.0	-0.00025
243.75	0.0	-0.00025
243.875	0.0	-0.000249
244.0	0.0	-0.000249
244.125	0.0	-0.000248
244.25	0.0	-0.000248
244.375	0.0	-0.000248
244.5	0.0	-0.000247
244.625	0.0	-0.000247
244.75	0.0	-0.000246
244.875	0.0	-0.000246
245.0	0.0	-0.000246
245.125	0.0	-0.000245
245.25	0.0	-0.000245
245.375	0.0	-0.000245
245.5	0.0	-0.000244
245.625	0.0	-0.000244
245.75	0.0	-0.000243
245.875	0.0	-0.000243
246.0	0.0	-0.000243
246.125	0.0	-0.000242
246.25	0.0	-0.000242
246.375	0.0	-0.000242
246.5	0.0	-0.000241
246.625	0.0	-0.000241
246.75	0.0	-0.00024
246.875	0.0	-0.00024
247.0	0.0	-0.00024
247.125	0.0	-0.000239
247.25	0.0	-0.000239
247.375	0.0	-0.000239
247.5	0.0	-0.000238
247.625	0.0	-0.000238
247.75	0.0	-0.000237
247.875	0.0	-0.000237
248.0	0.0	-0.000237
248.125	0.0	-0.000236
248.25	0.0	-0.000236
248.375	0.0	-0.000236
248.5	0.0	-0.000235
248.625	0.0	-0.000235
248.75	0.0	-0.000235
248.875	0.0	-0.000234
249.0	0.0	-0.000234
249.125	0.0	-0.000233
249.25	0.0	-0.000233
249.375	0.0	-0.000233
249.5	0.0	-0.000232
249.625	0.0	-0.000232
249.75	0.0	-0.000232
249.875	0.0	-0.000231
250.0	0.0	-0.000231
250.125	0.0	-0.000231
250.25	0.0	-0.00023
250.375	0.0	-0.00023
250.5	0.0	-0.000229
250.625	0.0	-0.000229
250.75	0.0	-0.000229
250.875	0.0	-0.000228
251.0	0.0	-0.000228
251.125	0.0	-0.000228
251.25	0.0	-0.000227
251.375	0.0	-0.000227
251.5	0.0	-0.000227
251.625	0.0	-0.000226
251.75	0.0	-0.000226
251.875	0.0	-0.000226
252.0	0.0	-0.000225
252.125	0.0	-0.000225
252.25	0.0	-0.000225
252.375	0.0	-0.000224
252.5	0.0	-0.000224
252.625	0.0	-0.000224
252.75	0.0	-0.000223
252.875	0.0	-0.000223
253.0	0.0	-0.000222
253.125	0.0	-0.000222
253.25	0.0	-0.000222
253.375	0.0	-0.000221
253.5	0.0	-0.000221
253.625	0.0	-0.000221
253.75	0.0	-0.00022
253.875	0.0	-0.00022
254.0	0.0	-0.00022
254.125	0.0	-0.000219
254.25	0.0	-0.000219
254.375	0.0	-0.000219
254.5	0.0	-0.000218
254.625	0.0	-0.000218
254.75	0.0	-0.000218
254.875	0.0	-0.000217
255.0	0.0	-0.000217
255.125	0.0	-0.000217
255.25	0.0	-0.000216
255.375	0.0	-0.000216
255.5	0.0	-0.000216
255.625	0.0	-0.000215
255.75	0.0	-0.000215
255.875	0.0	-0.000215
256.0	0.0	-0.000214
256.125	0.0	-0.000214
256.25	0.0	-0.000214
256.375	0.0	-0.000213
256.5	0.0	-0.000213
256.625	0.0	-0.000213
256.75	0.0	-0.000212
256.875	0.0	-0.000212
257.0	0.0	-0.000212
257.125	0.0	-0.000211
257.25	0.0	-0.000211
257.375	0.0	-0.000211
257.5	0.0	-0.00021
257.625	0.0	-0.00021
