-254.25	0.0	0.0
-254.125	0.0	0.0
-254.0	0.0	0.0
-253.875	0.0	0.0
-253.75	0.0	0.0
-253.625	0.0	0.0
-253.5	0.0	0.0
-253.375	0.0	0.0
-253.25	0.0	0.0
-253.125	0.0	0.0
-253.0	0.0	0.0
-252.875	0.0	0.0
-252.75	0.0	0.0
-252.625	0.0	0.0
-252.5	0.0	0.0
-252.375	0.0	0.0
-252.25	0.0	0.0
-252.125	0.0	0.0
-252.0	0.0	0.0
-251.875	0.0	0.0
-251.75	0.0	0.0
-251.625	0.0	0.0
-251.5	0.0	0.0
-251.375	0.0	0.0
-251.25	0.0	0.0
-251.125	0.0	0.0
-251.0	0.0	0.0
-250.875	0.0	0.0
-250.75	0.0	0.0
-250.625	0.0	0.0
-250.5	0.0	0.0
-250.375	0.0	0.0
-250.25	0.0	0.0
-250.125	0.0	0.0
-250.0	0.0	0.0
-249.875	0.0	0.0
-249.75	0.0	0.0
-249.625	0.0	0.0
-249.5	0.0	0.0
-249.375	0.0	0.0
-249.25	0.0	0.0
-249.125	0.0	0.0
-249.0	0.0	0.0
-248.875	0.0	0.0
-248.75	0.0	0.0
-248.625	0.0	0.0
-248.5	0.0	0.0
-248.375	0.0	0.0
-248.25	0.0	0.0
-248.125	0.0	0.0
-248.0	0.0	0.0
-247.875	0.0	0.0
-247.75	0.0	0.0
-247.625	0.0	0.0
-247.5	0.0	0.0
-247.375	0.0	0.0
-247.25	0.0	0.0
-247.125	0.0	0.0
-247.0	0.0	0.0
-246.875	0.0	0.0
-246.75	0.0	0.0
-246.625	0.0	0.0
-246.5	0.0	0.0
-246.375	0.0	0.0
-246.25	0.0	0.0
-246.125	0.0	0.0
-246.0	0.0	0.0
-245.875	0.0	0.0
-245.75	0.0	0.0
-245.625	0.0	0.0
-245.5	0.0	0.0
-245.375	0.0	0.0
-245.25	0.0	0.0
-245.125	0.0	0.0
-245.0	0.0	0.0
-244.875	0.0	0.0
-244.75	0.0	0.0
-244.625	0.0	0.0
-244.5	0.0	0.0
-244.375	0.0	0.0
-244.25	0.0	0.0
-244.125	0.0	0.0
-244.0	0.0	0.0
-243.875	0.0	0.0
-243.75	0.0	0.0
-243.625	0.0	0.0
-243.5	0.0	0.0
-243.375	0.0	0.0
-243.25	0.0	0.0
-243.125	0.0	0.0
-243.0	0.0	0.0
-242.875	0.0	0.0
-242.75	0.0	0.0
-242.625	0.0	0.0
-242.5	0.0	0.0
-242.375	0.0	0.0
-242.25	0.0	0.0
-242.125	0.0	0.0
-242.0	0.0	0.0
-241.875	0.0	0.0
-241.75	0.0	0.0
-241.625	0.0	0.0
-241.5	0.0	0.0
-241.375	0.0	0.0
-241.25	0.0	0.0
-241.125	0.0	0.0
-241.0	0.0	0.0
-240.875	0.0	0.0
-240.75	0.0	0.0
-240.625	0.0	0.0
-240.5	0.0	0.0
-240.375	0.0	0.0
-240.25	0.0	0.0
-240.125	0.0	0.0
-240.0	0.0	0.0
-239.875	0.0	0.0
-239.75	0.0	0.0
-239.625	0.0	0.0
-239.5	0.0	0.0
-239.375	0.0	0.0
-239.25	0.0	0.0
-239.125	0.0	0.0
-239.0	0.0	0.0
-238.875	0.0	0.0
-238.75	0.0	0.0
-238.625	0.0	0.0
-238.5	0.0	0.0
-238.375	0.0	0.0
-238.25	0.0	0.0
-238.125	0.0	0.0
-238.0	0.0	0.0
-237.875	0.0	0.0
-237.75	0.0	0.0
-237.625	0.0	0.0
-237.5	0.0	0.0
-237.375	0.0	0.0
-237.25	0.0	0.0
-237.125	0.0	0.0
-237.0	0.0	0.0
-236.875	0.0	0.0
-236.75	0.0	0.0
-236.625	0.0	0.0
-236.5	0.0	0.0
-236.375	0.0	0.0
-236.25	0.0	0.0
-236.125	0.0	0.0
-236.0	0.0	0.0
-235.875	0.0	0.0
-235.75	0.0	0.0
-235.625	0.0	0.0
-235.5	0.0	0.0
-235.375	0.0	0.0
-235.25	0.0	0.0
-235.125	0.0	0.0
-235.0	0.0	0.0
-234.875	0.0	0.0
-234.75	0.0	0.0
-234.625	0.0	0.0
-234.5	0.0	0.0
-234.375	0.0	0.0
-234.25	0.0	0.0
-234.125	0.0	0.0
-234.0	0.0	0.0
-233.875	0.0	0.0
-233.75	0.0	0.0
-233.625	0.0	0.0
-233.5	0.0	0.0
-233.375	0.0	0.0
-233.25	0.0	0.0
-233.125	0.0	0.0
-233.0	0.0	0.0
-232.875	0.0	0.0
-232.75	0.0	0.0
-232.625	0.0	0.0
-232.5	0.0	0.0
-232.375	0.0	0.0
-232.25	0.0	0.0
-232.125	0.0	0.0
-232.0	0.0	0.0
-231.875	0.0	0.0
-231.75	0.0	0.0
-231.625	0.0	0.0
-231.5	0.0	0.0
-231.375	0.0	0.0
-231.25	0.0	0.0
-231.125	0.0	0.0
-231.0	0.0	0.0
-230.875	0.0	0.0
-230.75	0.0	0.0
-230.625	0.0	0.0
-230.5	0.0	0.0
-230.375	0.0	0.0
-230.25	0.0	0.0
-230.125	0.0	0.0
-230.0	0.0	0.0
-229.875	0.0	0.0
-229.75	0.0	0.0
-229.625	0.0	0.0
-229.5	0.0	0.0
-229.375	0.0	0.0
-229.25	0.0	0.0
-229.125	0.0	0.0
-229.0	0.0	0.0
-228.875	0.0	0.0
-228.75	0.0	0.0
-228.625	0.0	0.0
-228.5	0.0	0.0
-228.375	0.0	0.0
-228.25	0.0	0.0
-228.125	0.0	0.0
-228.0	0.0	0.0
-227.875	0.0	0.0
-227.75	0.0	0.0
-227.625	0.0	0.0
-227.5	0.0	0.0
-227.375	0.0	0.0
-227.25	0.0	0.0
-227.125	0.0	0.0
-227.0	0.0	0.0
-226.875	0.0	0.0
-226.75	0.0	0.0
-226.625	0.0	0.0
-226.5	0.0	0.0
-226.375	0.0	0.0
-226.25	0.0	0.0
-226.125	0.0	0.0
-226.0	0.0	0.0
-225.875	0.0	0.0
-225.75	0.0	0.0
-225.625	0.0	0.0
-225.5	0.0	0.0
-225.375	0.0	0.0
-225.25	0.0	0.0
-225.125	0.0	0.0
-225.0	0.0	0.0
-224.875	0.0	0.0
-224.75	0.0	0.0
-224.625	0.0	0.0
-224.5	0.0	0.0
-224.375	0.0	0.0
-224.25	0.0	0.0
-224.125	0.0	0.0
-224.0	0.0	0.0
-223.875	0.0	0.0
-223.75	0.0	0.0
-223.625	0.0	0.0
-223.5	0.0	0.0
-223.375	0.0	0.0
-223.25	0.0	0.0
-223.125	0.0	0.0
-223.0	0.0	0.0
-222.875	0.0	0.0
-222.75	0.0	0.0
-222.625	0.0	0.0
-222.5	0.0	0.0
-222.375	0.0	0.0
-222.25	0.0	0.0
-222.125	0.0	0.0
-222.0	0.0	0.0
-221.875	0.0	0.0
-221.75	0.0	0.0
-221.625	0.0	0.0
-221.5	0.0	0.0
-221.375	0.0	0.0
-221.25	0.0	0.0
-221.125	0.0	0.0
-221.0	0.0	0.0
-220.875	0.0	0.0
-220.75	0.0	0.0
-220.625	0.0	0.0
-220.5	0.0	0.0
-220.375	0.0	0.0
-220.25	0.0	0.0
-220.125	0.0	0.0
-220.0	0.0	0.0
-219.875	0.0	0.0
-219.75	0.0	0.0
-219.625	0.0	0.0
-219.5	0.0	0.0
-219.375	0.0	0.0
-219.25	0.0	0.0
-219.125	0.0	0.0
-219.0	0.0	0.0
-218.875	0.0	0.0
-218.75	0.0	0.0
-218.625	0.0	0.0
-218.5	0.0	0.0
-218.375	0.0	0.0
-218.25	0.0	0.0
-218.125	0.0	0.0
-218.0	0.0	0.0
-217.875	0.0	0.0
-217.75	0.0	0.0
-217.625	0.0	0.0
-217.5	0.0	0.0
-217.375	0.0	0.0
-217.25	0.0	0.0
-217.125	0.0	0.0
-217.0	0.0	0.0
-216.875	0.0	0.0
-216.75	0.0	0.0
-216.625	0.0	0.0
-216.5	0.0	0.0
-216.375	0.0	0.0
-216.25	0.0	0.0
-216.125	0.0	0.0
-216.0	0.0	0.0
-215.875	0.0	0.0
-215.75	0.0	0.0
-215.625	0.0	0.0
-215.5	0.0	0.0
-215.375	0.0	0.0
-215.25	0.0	0.0
-215.125	0.0	0.0
-215.0	0.0	0.0
-214.875	0.0	0.0
-214.75	0.0	0.0
-214.625	0.0	0.0
-214.5	0.0	0.0
-214.375	0.0	0.0
-214.25	0.0	0.0
-214.125	0.0	0.0
-214.0	0.0	0.0
-213.875	0.0	0.0
-213.75	0.0	0.0
-213.625	0.0	0.0
-213.5	0.0	0.0
-213.375	0.0	0.0
-213.25	0.0	0.0
-213.125	0.0	0.0
-213.0	0.0	0.0
-212.875	0.0	0.0
-212.75	0.0	0.0
-212.625	0.0	0.0
-212.5	0.0	0.0
-212.375	0.0	0.0
-212.25	0.0	0.0
-212.125	0.0	0.0
-212.0	0.0	0.0
-211.875	0.0	0.0
-211.75	0.0	0.0
-211.625	0.0	0.0
-211.5	0.0	0.0
-211.375	0.0	0.0
-211.25	0.0	0.0
-211.125	0.0	0.0
-211.0	0.0	0.0
-210.875	0.0	0.0
-210.75	0.0	0.0
-210.625	0.0	0.0
-210.5	0.0	0.0
-210.375	0.0	0.0
-210.25	0.0	0.0
-210.125	0.0	0.0
-210.0	0.0	0.0
-209.875	0.0	0.0
-209.75	0.0	0.0
-209.625	0.0	0.0
-209.5	0.0	0.0
-209.375	0.0	0.0
-209.25	0.0	0.0
-209.125	0.0	0.0
-209.0	0.0	0.0
-208.875	0.0	0.0
-208.75	0.0	0.0
-208.625	0.0	0.0
-208.5	0.0	0.0
-208.375	0.0	0.0
-208.25	0.0	0.0
-208.125	0.0	0.0
-208.0	0.0	0.0
-207.875	0.0	0.0
-207.75	0.0	0.0
-207.625	0.0	0.0
-207.5	0.0	0.0
-207.375	0.0	0.0
-207.25	0.0	0.0
-207.125	0.0	0.0
-207.0	0.0	0.0
-206.875	0.0	0.0
-206.75	0.0	0.0
-206.625	0.0	0.0
-206.5	0.0	0.0
-206.375	0.0	0.0
-206.25	0.0	0.0
-206.125	0.0	0.0
-206.0	0.0	0.0
-205.875	0.0	0.0
-205.75	0.0	0.0
-205.625	0.0	0.0
-205.5	0.0	0.0
-205.375	0.0	0.0
-205.25	0.0	0.0
-205.125	0.0	0.0
-205.0	0.0	0.0
-204.875	0.0	0.0
-204.75	0.0	0.0
-204.625	0.0	0.0
-204.5	0.0	0.0
-204.375	0.0	0.0
-204.25	0.0	0.0
-204.125	0.0	0.0
-204.0	0.0	0.0
-203.875	0.0	0.0
-203.75	0.0	0.0
-203.625	0.0	0.0
-203.5	0.0	0.0
-203.375	0.0	0.0
-203.25	0.0	0.0
-203.125	0.0	0.0
-203.0	0.0	0.0
-202.875	0.0	0.0
-202.75	0.0	0.0
-202.625	0.0	0.0
-202.5	0.0	0.0
-202.375	0.0	0.0
-202.25	0.0	0.0
-202.125	0.0	0.0
-202.0	0.0	0.0
-201.875	0.0	0.0
-201.75	0.0	0.0
-201.625	0.0	0.0
-201.5	0.0	0.0
-201.375	0.0	0.0
-201.25	0.0	0.0
-201.125	0.0	0.0
-201.0	0.0	0.0
-200.875	0.0	0.0
-200.75	0.0	0.0
-200.625	0.0	0.0
-200.5	0.0	0.0
-200.375	0.0	0.0
-200.25	0.0	0.0
-200.125	0.0	0.0
-200.0	0.0	0.0
-199.875	0.0	0.0
-199.75	0.0	0.0
-199.625	0.0	0.0
-199.5	0.0	0.0
-199.375	0.0	0.0
-199.25	0.0	0.0
-199.125	0.0	0.0
-199.0	0.0	0.0
-198.875	0.0	0.0
-198.75	0.0	0.0
-198.625	0.0	0.0
-198.5	0.0	0.0
-198.375	0.0	0.0
-198.25	0.0	0.0
-198.125	0.0	0.0
-198.0	0.0	0.0
-197.875	0.0	0.0
-197.75	0.0	0.0
-197.625	0.0	0.0
-197.5	0.0	0.0
-197.375	0.0	0.0
-197.25	0.0	0.0
-197.125	0.0	0.0
-197.0	0.0	0.0
-196.875	0.0	0.0
-196.75	0.0	0.0
-196.625	0.0	0.0
-196.5	0.0	0.0
-196.375	0.0	0.0
-196.25	0.0	0.0
-196.125	0.0	0.0
-196.0	0.0	0.0
-195.875	0.0	0.0
-195.75	0.0	0.0
-195.625	0.0	0.0
-195.5	0.0	0.0
-195.375	0.0	0.0
-195.25	0.0	0.0
-195.125	0.0	0.0
-195.0	0.0	0.0
-194.875	0.0	0.0
-194.75	0.0	0.0
-194.625	0.0	0.0
-194.5	0.0	0.0
-194.375	0.0	0.0
-194.25	0.0	0.0
-194.125	0.0	0.0
-194.0	0.0	0.0
-193.875	0.0	0.0
-193.75	0.0	0.0
-193.625	0.0	0.0
-193.5	0.0	0.0
-193.375	0.0	0.0
-193.25	0.0	0.0
-193.125	0.0	0.0
-193.0	0.0	0.0
-192.875	0.0	0.0
-192.75	0.0	0.0
-192.625	0.0	0.0
-192.5	0.0	0.0
-192.375	0.0	0.0
-192.25	0.0	0.0
-192.125	0.0	0.0
-192.0	0.0	0.0
-191.875	0.0	0.0
-191.75	0.0	0.0
-191.625	0.0	0.0
-191.5	0.0	0.0
-191.375	0.0	0.0
-191.25	0.0	0.0
-191.125	0.0	0.0
-191.0	0.0	0.0
-190.875	0.0	0.0
-190.75	0.0	0.0
-190.625	0.0	0.0
-190.5	0.0	0.0
-190.375	0.0	0.0
-190.25	0.0	0.0
-190.125	0.0	0.0
-190.0	0.0	0.0
-189.875	0.0	0.0
-189.75	0.0	0.0
-189.625	0.0	0.0
-189.5	0.0	0.0
-189.375	0.0	0.0
-189.25	0.0	0.0
-189.125	0.0	0.0
-189.0	0.0	0.0
-188.875	0.0	0.0
-188.75	0.0	0.0
-188.625	0.0	0.0
-188.5	0.0	0.0
-188.375	0.0	0.0
-188.25	0.0	0.0
-188.125	0.0	0.0
-188.0	0.0	0.0
-187.875	0.0	0.0
-187.75	0.0	0.0
-187.625	0.0	0.0
-187.5	0.0	0.0
-187.375	0.0	0.0
-187.25	0.0	0.0
-187.125	0.0	0.0
-187.0	0.0	0.0
-186.875	0.0	0.0
-186.75	0.0	0.0
-186.625	0.0	0.0
-186.5	0.0	0.0
-186.375	0.0	0.0
-186.25	0.0	0.0
-186.125	0.0	0.0
-186.0	0.0	0.0
-185.875	0.0	0.0
-185.75	0.0	0.0
-185.625	0.0	0.0
-185.5	0.0	0.0
-185.375	0.0	0.0
-185.25	0.0	0.0
-185.125	0.0	0.0
-185.0	0.0	0.0
-184.875	0.0	0.0
-184.75	0.0	0.0
-184.625	0.0	0.0
-184.5	0.0	0.0
-184.375	0.0	0.0
-184.25	0.0	0.0
-184.125	0.0	0.0
-184.0	0.0	0.0
-183.875	0.0	0.0
-183.75	0.0	0.0
-183.625	0.0	0.0
-183.5	0.0	0.0
-183.375	0.0	0.0
-183.25	0.0	0.0
-183.125	0.0	0.0
-183.0	0.0	0.0
-182.875	0.0	0.0
-182.75	0.0	0.0
-182.625	0.0	0.0
-182.5	0.0	0.0
-182.375	0.0	0.0
-182.25	0.0	0.0
-182.125	0.0	0.0
-182.0	0.0	0.0
-181.875	0.0	0.0
-181.75	0.0	0.0
-181.625	0.0	0.0
-181.5	0.0	0.0
-181.375	0.0	0.0
-181.25	0.0	0.0
-181.125	0.0	0.0
-181.0	0.0	0.0
-180.875	0.0	0.0
-180.75	0.0	0.0
-180.625	0.0	0.0
-180.5	0.0	0.0
-180.375	0.0	0.0
-180.25	0.0	0.0
-180.125	0.0	0.0
-180.0	0.0	0.0
-179.875	0.0	0.0
-179.75	0.0	0.0
-179.625	0.0	0.0
-179.5	0.0	0.0
-179.375	0.0	0.0
-179.25	0.0	0.0
-179.125	0.0	0.0
-179.0	0.0	0.0
-178.875	0.0	0.0
-178.75	0.0	0.0
-178.625	0.0	0.0
-178.5	0.0	0.0
-178.375	0.0	0.0
-178.25	0.0	0.0
-178.125	0.0	0.0
-178.0	0.0	0.0
-177.875	0.0	0.0
-177.75	0.0	0.0
-177.625	0.0	0.0
-177.5	0.0	0.0
-177.375	0.0	0.0
-177.25	0.0	0.0
-177.125	0.0	0.0
-177.0	0.0	0.0
-176.875	0.0	0.0
-176.75	0.0	0.0
-176.625	0.0	0.0
-176.5	0.0	0.0
-176.375	0.0	0.0
-176.25	0.0	0.0
-176.125	0.0	0.0
-176.0	0.0	0.0
-175.875	0.0	0.0
-175.75	0.0	0.0
-175.625	0.0	0.0
-175.5	0.0	0.0
-175.375	0.0	0.0
-175.25	0.0	0.0
-175.125	0.0	0.0
-175.0	0.0	0.0
-174.875	0.0	0.0
-174.75	0.0	0.0
-174.625	0.0	0.0
-174.5	0.0	0.0
-174.375	0.0	0.0
-174.25	0.0	0.0
-174.125	0.0	0.0
-174.0	0.0	0.0
-173.875	0.0	0.0
-173.75	0.0	0.0
-173.625	0.0	0.0
-173.5	0.0	0.0
-173.375	0.0	0.0
-173.25	0.0	0.0
-173.125	0.0	0.0
-173.0	0.0	0.0
-172.875	0.0	0.0
-172.75	0.0	0.0
-172.625	0.0	0.0
-172.5	0.0	0.0
-172.375	0.0	0.0
-172.25	0.0	0.0
-172.125	0.0	0.0
-172.0	0.0	0.0
-171.875	0.0	0.0
-171.75	0.0	0.0
-171.625	0.0	0.0
-171.5	0.0	0.0
-171.375	0.0	0.0
-171.25	0.0	0.0
-171.125	0.0	0.0
-171.0	0.0	0.0
-170.875	0.0	0.0
-170.75	0.0	0.0
-170.625	0.0	0.0
-170.5	0.0	0.0
-170.375	0.0	0.0
-170.25	0.0	0.0
-170.125	0.0	0.0
-170.0	0.0	0.0
-169.875	0.0	0.0
-169.75	0.0	0.0
-169.625	0.0	0.0
-169.5	0.0	0.0
-169.375	0.0	0.0
-169.25	0.0	0.0
-169.125	0.0	0.0
-169.0	0.0	0.0
-168.875	0.0	0.0
-168.75	0.0	0.0
-168.625	0.0	0.0
-168.5	0.0	0.0
-168.375	0.0	0.0
-168.25	0.0	0.0
-168.125	0.0	0.0
-168.0	0.0	0.0
-167.875	0.0	0.0
-167.75	0.0	0.0
-167.625	0.0	0.0
-167.5	0.0	0.0
-167.375	0.0	0.0
-167.25	0.0	0.0
-167.125	0.0	0.0
-167.0	0.0	0.0
-166.875	0.0	0.0
-166.75	0.0	0.0
-166.625	0.0	0.0
-166.5	0.0	0.0
-166.375	0.0	0.0
-166.25	0.0	0.0
-166.125	0.0	0.0
-166.0	0.0	0.0
-165.875	0.0	0.0
-165.75	0.0	0.0
-165.625	0.0	0.0
-165.5	0.0	0.0
-165.375	0.0	0.0
-165.25	0.0	0.0
-165.125	0.0	0.0
-165.0	0.0	0.0
-164.875	0.0	0.0
-164.75	0.0	0.0
-164.625	0.0	0.0
-164.5	0.0	0.0
-164.375	0.0	0.0
-164.25	0.0	0.0
-164.125	0.0	0.0
-164.0	0.0	0.0
-163.875	0.0	0.0
-163.75	0.0	0.0
-163.625	0.0	0.0
-163.5	0.0	0.0
-163.375	0.0	0.0
-163.25	0.0	0.0
-163.125	0.0	0.0
-163.0	0.0	0.0
-162.875	0.0	0.0
-162.75	0.0	0.0
-162.625	0.0	0.0
-162.5	0.0	0.0
-162.375	0.0	0.0
-162.25	0.0	0.0
-162.125	0.0	0.0
-162.0	0.0	0.0
-161.875	0.0	0.0
-161.75	0.0	0.0
-161.625	0.0	0.0
-161.5	0.0	0.0
-161.375	0.0	0.0
-161.25	0.0	0.0
-161.125	0.0	0.0
-161.0	0.0	0.0
-160.875	0.0	0.0
-160.75	0.0	0.0
-160.625	0.0	0.0
-160.5	0.0	0.0
-160.375	0.0	0.0
-160.25	0.0	0.0
-160.125	0.0	0.0
-160.0	0.0	0.0
-159.875	0.0	0.0
-159.75	0.0	0.0
-159.625	0.0	0.0
-159.5	0.0	0.0
-159.375	0.0	0.0
-159.25	0.0	0.0
-159.125	0.0	0.0
-159.0	0.0	0.0
-158.875	0.0	0.0
-158.75	0.0	0.0
-158.625	0.0	0.0
-158.5	0.0	0.0
-158.375	0.0	0.0
-158.25	0.0	0.0
-158.125	0.0	0.0
-158.0	0.0	0.0
-157.875	0.0	0.0
-157.75	0.0	0.0
-157.625	0.0	0.0
-157.5	0.0	0.0
-157.375	0.0	0.0
-157.25	0.0	0.0
-157.125	0.0	0.0
-157.0	0.0	0.0
-156.875	0.0	0.0
-156.75	0.0	0.0
-156.625	0.0	0.0
-156.5	0.0	0.0
-156.375	0.0	0.0
-156.25	0.0	0.0
-156.125	0.0	0.0
-156.0	0.0	0.0
-155.875	0.0	0.0
-155.75	0.0	0.0
-155.625	0.0	0.0
-155.5	0.0	0.0
-155.375	0.0	0.0
-155.25	0.0	0.0
-155.125	0.0	0.0
-155.0	0.0	0.0
-154.875	0.0	0.0
-154.75	0.0	0.0
-154.625	0.0	0.0
-154.5	0.0	0.0
-154.375	0.0	0.0
-154.25	0.0	0.0
-154.125	0.0	0.0
-154.0	0.0	0.0
-153.875	0.0	0.0
-153.75	0.0	0.0
-153.625	0.0	0.0
-153.5	0.0	0.0
-153.375	0.0	0.0
-153.25	0.0	0.0
-153.125	0.0	0.0
-153.0	0.0	0.0
-152.875	0.0	0.0
-152.75	0.0	0.0
-152.625	0.0	0.0
-152.5	0.0	0.0
-152.375	0.0	0.0
-152.25	0.0	0.0
-152.125	0.0	0.0
-152.0	0.0	0.0
-151.875	0.0	0.0
-151.75	0.0	0.0
-151.625	0.0	0.0
-151.5	0.0	0.0
-151.375	0.0	0.0
-151.25	0.0	0.0
-151.125	0.0	0.0
-151.0	0.0	0.0
-150.875	0.0	0.0
-150.75	0.0	0.0
-150.625	0.0	0.0
-150.5	0.0	0.0
-150.375	0.0	0.0
-150.25	0.0	0.0
-150.125	0.0	0.0
-150.0	0.0	0.0
-149.875	0.0	0.0
-149.75	0.0	0.0
-149.625	0.0	0.0
-149.5	0.0	0.0
-149.375	0.0	0.0
-149.25	0.0	0.0
-149.125	0.0	0.0
-149.0	0.0	0.0
-148.875	0.0	0.0
-148.75	0.0	0.0
-148.625	0.0	0.0
-148.5	0.0	0.0
-148.375	0.0	0.0
-148.25	0.0	0.0
-148.125	0.0	0.0
-148.0	0.0	0.0
-147.875	0.0	0.0
-147.75	0.0	0.0
-147.625	0.0	0.0
-147.5	0.0	0.0
-147.375	0.0	0.0
-147.25	0.0	0.0
-147.125	0.0	0.0
-147.0	0.0	0.0
-146.875	0.0	0.0
-146.75	0.0	0.0
-146.625	0.0	0.0
-146.5	0.0	0.0
-146.375	0.0	0.0
-146.25	0.0	0.0
-146.125	0.0	0.0
-146.0	0.0	0.0
-145.875	0.0	0.0
-145.75	0.0	0.0
-145.625	0.0	0.0
-145.5	0.0	0.0
-145.375	0.0	0.0
-145.25	0.0	0.0
-145.125	0.0	0.0
-145.0	0.0	0.0
-144.875	0.0	0.0
-144.75	0.0	0.0
-144.625	0.0	0.0
-144.5	0.0	0.0
-144.375	0.0	0.0
-144.25	0.0	0.0
-144.125	0.0	0.0
-144.0	0.0	0.0
-143.875	0.0	0.0
-143.75	0.0	0.0
-143.625	0.0	0.0
-143.5	0.0	0.0
-143.375	0.0	0.0
-143.25	0.0	0.0
-143.125	0.0	0.0
-143.0	0.0	0.0
-142.875	0.0	0.0
-142.75	0.0	0.0
-142.625	0.0	0.0
-142.5	0.0	0.0
-142.375	0.0	0.0
-142.25	0.0	0.0
-142.125	0.0	0.0
-142.0	0.0	0.0
-141.875	0.0	0.0
-141.75	0.0	0.0
-141.625	0.0	0.0
-141.5	0.0	0.0
-141.375	0.0	0.0
-141.25	0.0	0.0
-141.125	0.0	0.0
-141.0	0.0	0.0
-140.875	0.0	0.0
-140.75	0.0	0.0
-140.625	0.0	0.0
-140.5	0.0	0.0
-140.375	0.0	0.0
-140.25	0.0	0.0
-140.125	0.0	0.0
-140.0	0.0	0.0
-139.875	0.0	0.0
-139.75	0.0	0.0
-139.625	0.0	0.0
-139.5	0.0	0.0
-139.375	0.0	0.0
-139.25	0.0	0.0
-139.125	0.0	0.0
-139.0	0.0	0.0
-138.875	0.0	0.0
-138.75	0.0	0.0
-138.625	0.0	0.0
-138.5	0.0	0.0
-138.375	0.0	0.0
-138.25	0.0	0.0
-138.125	0.0	0.0
-138.0	0.0	0.0
-137.875	0.0	0.0
-137.75	0.0	0.0
-137.625	0.0	0.0
-137.5	0.0	0.0
-137.375	0.0	0.0
-137.25	0.0	0.0
-137.125	0.0	0.0
-137.0	0.0	0.0
-136.875	0.0	0.0
-136.75	0.0	0.0
-136.625	0.0	0.0
-136.5	0.0	0.0
-136.375	0.0	0.0
-136.25	0.0	0.0
-136.125	0.0	0.0
-136.0	0.0	0.0
-135.875	0.0	0.0
-135.75	0.0	0.0
-135.625	0.0	0.0
-135.5	0.0	0.0
-135.375	0.0	0.0
-135.25	0.0	0.0
-135.125	0.0	0.0
-135.0	0.0	0.0
-134.875	0.0	0.0
-134.75	0.0	0.0
-134.625	0.0	0.0
-134.5	0.0	0.0
-134.375	0.0	0.0
-134.25	0.0	0.0
-134.125	0.0	0.0
-134.0	0.0	0.0
-133.875	0.0	0.0
-133.75	0.0	0.0
-133.625	0.0	0.0
-133.5	0.0	0.0
-133.375	0.0	0.0
-133.25	0.0	0.0
-133.125	0.0	0.0
-133.0	0.0	0.0
-132.875	0.0	0.0
-132.75	0.0	0.0
-132.625	0.0	0.0
-132.5	0.0	0.0
-132.375	0.0	0.0
-132.25	0.0	0.0
-132.125	0.0	0.0
-132.0	0.0	0.0
-131.875	0.0	0.0
-131.75	0.0	0.0
-131.625	0.0	0.0
-131.5	0.0	0.0
-131.375	0.0	0.0
-131.25	0.0	0.0
-131.125	0.0	0.0
-131.0	0.0	0.0
-130.875	0.0	0.0
-130.75	0.0	0.0
-130.625	0.0	0.0
-130.5	0.0	0.0
-130.375	0.0	0.0
-130.25	0.0	0.0
-130.125	0.0	0.0
-130.0	0.0	0.0
-129.875	0.0	0.0
-129.75	0.0	0.0
-129.625	0.0	0.0
-129.5	0.0	0.0
-129.375	0.0	0.0
-129.25	0.0	0.0
-129.125	0.0	0.0
-129.0	0.0	0.0
-128.875	0.0	0.0
-128.75	0.0	0.0
-128.625	0.0	0.0
-128.5	0.0	0.0
-128.375	0.0	0.0
-128.25	0.0	0.0
-128.125	0.0	0.0
-128.0	0.0	0.0
-127.875	0.0	0.0
-127.75	0.0	0.0
-127.625	0.0	0.0
-127.5	0.0	0.0
-127.375	0.0	0.0
-127.25	0.0	0.0
-127.125	0.0	0.0
-127.0	0.0	0.0
-126.875	0.0	0.0
-126.75	0.0	0.0
-126.625	0.0	0.0
-126.5	0.0	0.0
-126.375	0.0	0.0
-126.25	0.0	0.0
-126.125	0.0	0.0
-126.0	0.0	0.0
-125.875	0.0	0.0
-125.75	0.0	0.0
-125.625	0.0	0.0
-125.5	0.0	0.0
-125.375	0.0	0.0
-125.25	0.0	0.0
-125.125	0.0	0.0
-125.0	0.0	0.0
-124.875	0.0	0.0
-124.75	0.0	0.0
-124.625	0.0	0.0
-124.5	0.0	0.0
-124.375	0.0	0.0
-124.25	0.0	0.0
-124.125	0.0	0.0
-124.0	0.0	0.0
-123.875	0.0	0.0
-123.75	0.0	0.0
-123.625	0.0	0.0
-123.5	0.0	0.0
-123.375	0.0	0.0
-123.25	0.0	0.0
-123.125	0.0	0.0
-123.0	0.0	0.0
-122.875	0.0	0.0
-122.75	0.0	0.0
-122.625	0.0	0.0
-122.5	0.0	0.0
-122.375	0.0	0.0
-122.25	0.0	0.0
-122.125	0.0	0.0
-122.0	0.0	0.0
-121.875	0.0	0.0
-121.75	0.0	0.0
-121.625	0.0	0.0
-121.5	0.0	0.0
-121.375	0.0	0.0
-121.25	0.0	0.0
-121.125	0.0	0.0
-121.0	0.0	0.0
-120.875	0.0	0.0
-120.75	0.0	0.0
-120.625	0.0	0.0
-120.5	0.0	0.0
-120.375	0.0	0.0
-120.25	0.0	0.0
-120.125	0.0	0.0
-120.0	0.0	0.0
-119.875	0.0	0.0
-119.75	0.0	0.0
-119.625	0.0	0.0
-119.5	0.0	0.0
-119.375	0.0	0.0
-119.25	0.0	0.0
-119.125	0.0	0.0
-119.0	0.0	0.0
-118.875	0.0	0.0
-118.75	0.0	0.0
-118.625	0.0	0.0
-118.5	0.0	0.0
-118.375	0.0	0.0
-118.25	0.0	0.0
-118.125	0.0	0.0
-118.0	0.0	0.0
-117.875	0.0	0.0
-117.75	0.0	0.0
-117.625	0.0	0.0
-117.5	0.0	0.0
-117.375	0.0	0.0
-117.25	0.0	0.0
-117.125	0.0	0.0
-117.0	0.0	0.0
-116.875	0.0	0.0
-116.75	0.0	0.0
-116.625	0.0	0.0
-116.5	0.0	0.0
-116.375	0.0	0.0
-116.25	0.0	0.0
-116.125	0.0	0.0
-116.0	0.0	0.0
-115.875	0.0	0.0
-115.75	0.0	0.0
-115.625	0.0	0.0
-115.5	0.0	0.0
-115.375	0.0	0.0
-115.25	0.0	0.0
-115.125	0.0	0.0
-115.0	0.0	0.0
-114.875	0.0	0.0
-114.75	0.0	0.0
-114.625	0.0	0.0
-114.5	0.0	0.0
-114.375	0.0	0.0
-114.25	0.0	0.0
-114.125	0.0	0.0
-114.0	0.0	0.0
-113.875	0.0	0.0
-113.75	0.0	0.0
-113.625	0.0	0.0
-113.5	0.0	0.0
-113.375	0.0	0.0
-113.25	0.0	0.0
-113.125	0.0	0.0
-113.0	0.0	0.0
-112.875	0.0	0.0
-112.75	0.0	0.0
-112.625	0.0	0.0
-112.5	0.0	0.0
-112.375	0.0	0.0
-112.25	0.0	0.0
-112.125	0.0	0.0
-112.0	0.0	0.0
-111.875	0.0	0.0
-111.75	0.0	0.0
-111.625	0.0	0.0
-111.5	0.0	0.0
-111.375	0.0	0.0
-111.25	0.0	0.0
-111.125	0.0	0.0
-111.0	0.0	0.0
-110.875	0.0	0.0
-110.75	0.0	0.0
-110.625	0.0	0.0
-110.5	0.0	0.0
-110.375	0.0	0.0
-110.25	0.0	0.0
-110.125	0.0	0.0
-110.0	0.0	0.0
-109.875	0.0	0.0
-109.75	0.0	0.0
-109.625	0.0	0.0
-109.5	0.0	0.0
-109.375	0.0	0.0
-109.25	0.0	0.0
-109.125	0.0	0.0
-109.0	0.0	0.0
-108.875	0.0	0.0
-108.75	0.0	0.0
-108.625	0.0	0.0
-108.5	0.0	0.0
-108.375	0.0	0.0
-108.25	0.0	0.0
-108.125	0.0	0.0
-108.0	0.0	0.0
-107.875	0.0	0.0
-107.75	0.0	0.0
-107.625	0.0	0.0
-107.5	0.0	0.0
-107.375	0.0	0.0
-107.25	0.0	0.0
-107.125	0.0	0.0
-107.0	0.0	0.0
-106.875	0.0	0.0
-106.75	0.0	0.0
-106.625	0.0	0.0
-106.5	0.0	0.0
-106.375	0.0	0.0
-106.25	0.0	0.0
-106.125	0.0	0.0
-106.0	0.0	0.0
-105.875	0.0	0.0
-105.75	0.0	0.0
-105.625	0.0	0.0
-105.5	0.0	0.0
-105.375	0.0	0.0
-105.25	0.0	0.0
-105.125	0.0	0.0
-105.0	0.0	0.0
-104.875	0.0	0.0
-104.75	0.0	0.0
-104.625	0.0	0.0
-104.5	0.0	0.0
-104.375	0.0	0.0
-104.25	0.0	0.0
-104.125	0.0	0.0
-104.0	0.0	0.0
-103.875	0.0	0.0
-103.75	0.0	0.0
-103.625	0.0	0.0
-103.5	0.0	0.0
-103.375	0.0	0.0
-103.25	0.0	0.0
-103.125	0.0	0.0
-103.0	0.0	0.0
-102.875	0.0	0.0
-102.75	0.0	0.0
-102.625	0.0	0.0
-102.5	0.0	0.0
-102.375	0.0	0.0
-102.25	0.0	0.0
-102.125	0.0	0.0
-102.0	0.0	0.0
-101.875	0.0	0.0
-101.75	0.0	0.0
-101.625	0.0	0.0
-101.5	0.0	0.0
-101.375	0.0	0.0
-101.25	0.0	0.0
-101.125	0.0	0.0
-101.0	0.0	0.0
-100.875	0.0	0.0
-100.75	0.0	0.0
-100.625	0.0	0.0
-100.5	0.0	0.0
-100.375	0.0	0.0
-100.25	0.0	0.0
-100.125	0.0	0.0
-100.0	0.0	0.0
-99.875	0.0	0.0
-99.75	0.0	0.0
-99.625	0.0	0.0
-99.5	0.0	0.0
-99.375	0.0	0.0
-99.25	0.0	0.0
-99.125	0.0	0.0
-99.0	0.0	0.0
-98.875	0.0	0.0
-98.75	0.0	0.0
-98.625	0.0	0.0
-98.5	0.0	0.0
-98.375	0.0	0.0
-98.25	0.0	0.0
-98.125	0.0	0.0
-98.0	0.0	0.0
-97.875	0.0	0.0
-97.75	0.0	0.0
-97.625	0.0	0.0
-97.5	0.0	0.0
-97.375	0.0	0.0
-97.25	0.0	0.0
-97.125	0.0	0.0
-97.0	0.0	0.0
-96.875	0.0	0.0
-96.75	0.0	0.0
-96.625	0.0	0.0
-96.5	0.0	0.0
-96.375	0.0	0.0
-96.25	0.0	0.0
-96.125	0.0	0.0
-96.0	0.0	0.0
-95.875	0.0	0.0
-95.75	0.0	0.0
-95.625	0.0	0.0
-95.5	0.0	0.0
-95.375	0.0	0.0
-95.25	0.0	0.0
-95.125	0.0	0.0
-95.0	0.0	0.0
-94.875	0.0	0.0
-94.75	0.0	0.0
-94.625	0.0	0.0
-94.5	0.0	0.0
-94.375	0.0	0.0
-94.25	0.0	0.0
-94.125	0.0	0.0
-94.0	0.0	0.0
-93.875	0.0	0.0
-93.75	0.0	0.0
-93.625	0.0	0.0
-93.5	0.0	0.0
-93.375	0.0	0.0
-93.25	0.0	0.0
-93.125	0.0	0.0
-93.0	0.0	0.0
-92.875	0.0	0.0
-92.75	0.0	0.0
-92.625	0.0	0.0
-92.5	0.0	0.0
-92.375	0.0	0.0
-92.25	0.0	0.0
-92.125	0.0	0.0
-92.0	0.0	0.0
-91.875	0.0	0.0
-91.75	0.0	0.0
-91.625	0.0	0.0
-91.5	0.0	0.0
-91.375	0.0	0.0
-91.25	0.0	0.0
-91.125	0.0	0.0
-91.0	0.0	0.0
-90.875	0.0	0.0
-90.75	0.0	0.0
-90.625	0.0	0.0
-90.5	0.0	0.0
-90.375	0.0	0.0
-90.25	0.0	0.0
-90.125	0.0	0.0
-90.0	0.0	0.0
-89.875	0.0	0.0
-89.75	0.0	0.0
-89.625	0.0	0.0
-89.5	0.0	0.0
-89.375	0.0	0.0
-89.25	0.0	0.0
-89.125	0.0	0.0
-89.0	0.0	0.0
-88.875	0.0	0.0
-88.75	0.0	0.0
-88.625	0.0	0.0
-88.5	0.0	0.0
-88.375	0.0	0.0
-88.25	0.0	0.0
-88.125	0.0	0.0
-88.0	0.0	0.0
-87.875	0.0	0.0
-87.75	0.0	0.0
-87.625	0.0	0.0
-87.5	0.0	0.0
-87.375	0.0	0.0
-87.25	0.0	0.0
-87.125	0.0	0.0
-87.0	0.0	0.0
-86.875	0.0	0.0
-86.75	0.0	0.0
-86.625	0.0	0.0
-86.5	0.0	0.0
-86.375	0.0	0.0
-86.25	0.0	0.0
-86.125	0.0	0.0
-86.0	0.0	0.0
-85.875	0.0	0.0
-85.75	0.0	0.0
-85.625	0.0	0.0
-85.5	0.0	0.0
-85.375	0.0	0.0
-85.25	0.0	0.0
-85.125	0.0	0.0
-85.0	0.0	0.0
-84.875	0.0	0.0
-84.75	0.0	0.0
-84.625	0.0	0.0
-84.5	0.0	0.0
-84.375	0.0	0.0
-84.25	0.0	0.0
-84.125	0.0	0.0
-84.0	0.0	0.0
-83.875	0.0	0.0
-83.75	0.0	0.0
-83.625	0.0	0.0
-83.5	0.0	0.0
-83.375	0.0	0.0
-83.25	0.0	0.0
-83.125	0.0	0.0
-83.0	0.0	0.0
-82.875	0.0	0.0
-82.75	0.0	0.0
-82.625	0.0	0.0
-82.5	0.0	0.0
-82.375	0.0	0.0
-82.25	0.0	0.0
-82.125	0.0	0.0
-82.0	0.0	0.0
-81.875	0.0	0.0
-81.75	0.0	0.0
-81.625	0.0	0.0
-81.5	0.0	0.0
-81.375	0.0	0.0
-81.25	0.0	0.0
-81.125	0.0	0.0
-81.0	0.0	0.0
-80.875	0.0	0.0
-80.75	0.0	0.0
-80.625	0.0	0.0
-80.5	0.0	0.0
-80.375	0.0	0.0
-80.25	0.0	0.0
-80.125	0.0	0.0
-80.0	0.0	0.0
-79.875	0.0	0.0
-79.75	0.0	0.0
-79.625	0.0	0.0
-79.5	0.0	0.0
-79.375	0.0	0.0
-79.25	0.0	0.0
-79.125	0.0	0.0
-79.0	0.0	0.0
-78.875	0.0	0.0
-78.75	0.0	0.0
-78.625	0.0	0.0
-78.5	0.0	0.0
-78.375	0.0	0.0
-78.25	0.0	0.0
-78.125	0.0	0.0
-78.0	0.0	0.0
-77.875	0.0	0.0
-77.75	0.0	0.0
-77.625	0.0	0.0
-77.5	0.0	0.0
-77.375	0.0	0.0
-77.25	0.0	0.0
-77.125	0.0	0.0
-77.0	0.0	0.0
-76.875	0.0	0.0
-76.75	0.0	0.0
-76.625	0.0	0.0
-76.5	0.0	0.0
-76.375	0.0	0.0
-76.25	0.0	0.0
-76.125	0.0	0.0
-76.0	0.0	0.0
-75.875	0.0	0.0
-75.75	0.0	0.0
-75.625	0.0	0.0
-75.5	0.0	0.0
-75.375	0.0	0.0
-75.25	0.0	0.0
-75.125	0.0	0.0
-75.0	0.0	0.0
-74.875	0.0	0.0
-74.75	0.0	0.0
-74.625	0.0	0.0
-74.5	0.0	0.0
-74.375	0.0	0.0
-74.25	0.0	0.0
-74.125	0.0	0.0
-74.0	0.0	0.0
-73.875	0.0	0.0
-73.75	0.0	0.0
-73.625	0.0	0.0
-73.5	0.0	0.0
-73.375	0.0	0.0
-73.25	0.0	0.0
-73.125	0.0	0.0
-73.0	0.0	0.0
-72.875	0.0	0.0
-72.75	0.0	0.0
-72.625	0.0	0.0
-72.5	0.0	0.0
-72.375	0.0	0.0
-72.25	0.0	0.0
-72.125	0.0	0.0
-72.0	0.0	0.0
-71.875	0.0	0.0
-71.75	0.0	0.0
-71.625	0.0	0.0
-71.5	0.0	0.0
-71.375	0.0	0.0
-71.25	0.0	0.0
-71.125	0.0	0.0
-71.0	0.0	0.0
-70.875	0.0	0.0
-70.75	0.0	0.0
-70.625	0.0	0.0
-70.5	0.0	0.0
-70.375	0.0	0.0
-70.25	0.0	0.0
-70.125	0.0	0.0
-70.0	0.0	0.0
-69.875	0.0	0.0
-69.75	0.0	0.0
-69.625	0.0	0.0
-69.5	0.0	0.0
-69.375	0.0	0.0
-69.25	0.0	0.0
-69.125	0.0	0.0
-69.0	0.0	0.0
-68.875	0.0	0.0
-68.75	0.0	0.0
-68.625	0.0	0.0
-68.5	0.0	0.0
-68.375	0.0	0.0
-68.25	0.0	0.0
-68.125	0.0	0.0
-68.0	0.0	0.0
-67.875	0.0	0.0
-67.75	0.0	0.0
-67.625	0.0	0.0
-67.5	0.0	0.0
-67.375	0.0	0.0
-67.25	0.0	0.0
-67.125	0.0	0.0
-67.0	0.0	0.0
-66.875	0.0	0.0
-66.75	0.0	0.0
-66.625	0.0	0.0
-66.5	0.0	0.0
-66.375	0.0	0.0
-66.25	0.0	0.0
-66.125	0.0	0.0
-66.0	0.0	0.0
-65.875	0.0	0.0
-65.75	0.0	0.0
-65.625	0.0	0.0
-65.5	0.0	0.0
-65.375	0.0	0.0
-65.25	0.0	0.0
-65.125	0.0	0.0
-65.0	0.0	0.0
-64.875	0.0	0.0
-64.75	0.0	0.0
-64.625	0.0	0.0
-64.5	0.0	0.0
-64.375	0.0	0.0
-64.25	0.0	0.0
-64.125	0.0	0.0
-64.0	0.0	0.0
-63.875	0.0	0.0
-63.75	0.0	0.0
-63.625	0.0	0.0
-63.5	0.0	0.0
-63.375	0.0	0.0
-63.25	0.0	0.0
-63.125	0.0	0.0
-63.0	0.0	0.0
-62.875	0.0	0.0
-62.75	0.0	0.0
-62.625	0.0	0.0
-62.5	0.0	0.0
-62.375	0.0	0.0
-62.25	0.0	0.0
-62.125	0.0	0.0
-62.0	0.0	0.0
-61.875	0.0	0.0
-61.75	0.0	0.0
-61.625	0.0	0.0
-61.5	0.0	0.0
-61.375	0.0	0.0
-61.25	0.0	0.0
-61.125	0.0	0.0
-61.0	0.0	0.0
-60.875	0.0	0.0
-60.75	0.0	0.0
-60.625	0.0	0.0
-60.5	0.0	0.0
-60.375	0.0	0.0
-60.25	0.0	0.0
-60.125	0.0	0.0
-60.0	0.0	0.0
-59.875	0.0	0.0
-59.75	0.0	0.0
-59.625	0.0	0.0
-59.5	0.0	0.0
-59.375	0.0	0.0
-59.25	0.0	0.0
-59.125	0.0	0.0
-59.0	0.0	0.0
-58.875	0.0	0.0
-58.75	0.0	0.0
-58.625	0.0	0.0
-58.5	0.0	0.0
-58.375	0.0	0.0
-58.25	0.0	0.0
-58.125	0.0	0.0
-58.0	0.0	0.0
-57.875	0.0	0.0
-57.75	0.0	0.0
-57.625	0.0	0.0
-57.5	0.0	0.0
-57.375	0.0	0.0
-57.25	0.0	0.0
-57.125	0.0	0.0
-57.0	0.0	0.0
-56.875	0.0	0.0
-56.75	0.0	0.0
-56.625	0.0	0.0
-56.5	0.0	0.0
-56.375	0.0	0.0
-56.25	0.0	0.0
-56.125	0.0	0.0
-56.0	0.0	0.0
-55.875	0.0	0.0
-55.75	0.0	0.0
-55.625	0.0	0.0
-55.5	0.0	0.0
-55.375	0.0	0.0
-55.25	0.0	0.0
-55.125	0.0	0.0
-55.0	0.0	0.0
-54.875	0.0	0.0
-54.75	0.0	0.0
-54.625	0.0	0.0
-54.5	0.0	0.0
-54.375	0.0	0.0
-54.25	0.0	0.0
-54.125	0.0	0.0
-54.0	0.0	0.0
-53.875	0.0	0.0
-53.75	0.0	0.0
-53.625	0.0	0.0
-53.5	0.0	0.0
-53.375	0.0	0.0
-53.25	0.0	0.0
-53.125	0.0	0.0
-53.0	0.0	0.0
-52.875	0.0	0.0
-52.75	0.0	0.0
-52.625	0.0	0.0
-52.5	0.0	0.0
-52.375	0.0	0.0
-52.25	0.0	0.0
-52.125	0.0	0.0
-52.0	0.0	0.0
-51.875	0.0	0.0
-51.75	0.0	0.0
-51.625	0.0	0.0
-51.5	0.0	0.0
-51.375	0.0	0.0
-51.25	0.0	0.0
-51.125	0.0	0.0
-51.0	0.0	0.0
-50.875	0.0	0.0
-50.75	0.0	0.0
-50.625	0.0	0.0
-50.5	0.0	0.0
-50.375	0.0	0.0
-50.25	0.0	0.0
-50.125	0.0	0.0
-50.0	0.0	0.0
-49.875	0.0	0.0
-49.75	0.0	0.0
-49.625	0.0	0.0
-49.5	0.0	0.0
-49.375	0.0	0.0
-49.25	0.0	0.0
-49.125	0.0	0.0
-49.0	0.0	0.0
-48.875	0.0	0.0
-48.75	0.0	0.0
-48.625	0.0	0.0
-48.5	0.0	0.0
-48.375	0.0	0.0
-48.25	0.0	0.0
-48.125	0.0	0.0
-48.0	0.0	0.0
-47.875	0.0	0.0
-47.75	0.0	0.0
-47.625	0.0	0.0
-47.5	0.0	0.0
-47.375	0.0	0.0
-47.25	0.0	0.0
-47.125	0.0	0.0
-47.0	0.0	0.0
-46.875	0.0	0.0
-46.75	0.0	0.0
-46.625	0.0	0.0
-46.5	0.0	0.0
-46.375	0.0	0.0
-46.25	0.0	0.0
-46.125	0.0	0.0
-46.0	0.0	0.0
-45.875	0.0	0.0
-45.75	0.0	0.0
-45.625	0.0	0.0
-45.5	0.0	0.0
-45.375	0.0	0.0
-45.25	0.0	0.0
-45.125	0.0	0.0
-45.0	0.0	0.0
-44.875	0.0	0.0
-44.75	0.0	0.0
-44.625	0.0	0.0
-44.5	0.0	0.0
-44.375	0.0	0.0
-44.25	0.0	0.0
-44.125	0.0	0.0
-44.0	0.0	0.0
-43.875	0.0	0.0
-43.75	0.0	0.0
-43.625	0.0	0.0
-43.5	0.0	0.0
-43.375	0.0	0.0
-43.25	0.0	0.0
-43.125	0.0	0.0
-43.0	0.0	0.0
-42.875	0.0	0.0
-42.75	0.0	0.0
-42.625	0.0	0.0
-42.5	0.0	0.0
-42.375	0.0	0.0
-42.25	0.0	0.0
-42.125	0.0	0.0
-42.0	0.0	0.0
-41.875	0.0	0.0
-41.75	0.0	0.0
-41.625	0.0	0.0
-41.5	0.0	0.0
-41.375	0.0	0.0
-41.25	0.0	0.0
-41.125	0.0	0.0
-41.0	0.0	0.0
-40.875	0.0	0.0
-40.75	0.0	0.0
-40.625	0.0	0.0
-40.5	0.0	0.0
-40.375	0.0	0.0
-40.25	0.0	0.0
-40.125	0.0	0.0
-40.0	0.0	0.0
-39.875	0.0	0.0
-39.75	0.0	0.0
-39.625	0.0	0.0
-39.5	0.0	0.0
-39.375	0.0	0.0
-39.25	0.0	0.0
-39.125	0.0	0.0
-39.0	0.0	0.0
-38.875	0.0	0.0
-38.75	0.0	0.0
-38.625	0.0	0.0
-38.5	0.0	0.0
-38.375	0.0	0.0
-38.25	0.0	0.0
-38.125	0.0	0.0
-38.0	0.0	0.0
-37.875	0.0	0.0
-37.75	0.0	0.0
-37.625	0.0	0.0
-37.5	0.0	0.0
-37.375	0.0	0.0
-37.25	0.0	0.0
-37.125	0.0	0.0
-37.0	0.0	0.0
-36.875	0.0	0.0
-36.75	0.0	0.0
-36.625	0.0	0.0
-36.5	0.0	0.0
-36.375	0.0	0.0
-36.25	0.0	0.0
-36.125	0.0	0.0
-36.0	0.0	0.0
-35.875	0.0	0.0
-35.75	0.0	0.0
-35.625	0.0	0.0
-35.5	0.0	0.0
-35.375	0.0	0.0
-35.25	0.0	0.0
-35.125	0.0	0.0
-35.0	0.0	0.0
-34.875	0.0	0.0
-34.75	0.0	0.0
-34.625	0.0	0.0
-34.5	0.0	0.0
-34.375	0.0	0.0
-34.25	0.0	0.0
-34.125	0.0	0.0
-34.0	0.0	0.0
-33.875	0.0	0.0
-33.75	0.0	0.0
-33.625	0.0	0.0
-33.5	0.0	0.0
-33.375	0.0	0.0
-33.25	0.0	0.0
-33.125	0.0	0.0
-33.0	0.0	0.0
-32.875	0.0	0.0
-32.75	0.0	0.0
-32.625	0.0	0.0
-32.5	0.0	0.0
-32.375	0.0	0.0
-32.25	0.0	0.0
-32.125	0.0	0.0
-32.0	0.0	0.0
-31.875	0.0	0.0
-31.75	0.0	0.0
-31.625	0.0	0.0
-31.5	0.0	0.0
-31.375	0.0	0.0
-31.25	0.0	0.0
-31.125	0.0	0.0
-31.0	0.0	0.0
-30.875	0.0	0.0
-30.75	0.0	0.0
-30.625	0.0	0.0
-30.5	0.0	0.0
-30.375	0.0	0.0
-30.25	0.0	0.0
-30.125	0.0	0.0
-30.0	0.0	0.0
-29.875	0.0	0.0
-29.75	0.0	0.0
-29.625	0.0	0.0
-29.5	0.0	0.0
-29.375	0.0	0.0
-29.25	0.0	0.0
-29.125	0.0	0.0
-29.0	0.0	0.0
-28.875	0.0	0.0
-28.75	0.0	0.0
-28.625	0.0	0.0
-28.5	0.0	0.0
-28.375	0.0	0.0
-28.25	0.0	0.0
-28.125	0.0	0.0
-28.0	0.0	0.0
-27.875	0.0	0.0
-27.75	0.0	0.0
-27.625	0.0	0.0
-27.5	0.0	0.0
-27.375	0.0	0.0
-27.25	0.0	0.0
-27.125	0.0	0.0
-27.0	0.0	0.0
-26.875	0.0	0.0
-26.75	0.0	0.0
-26.625	0.0	0.0
-26.5	0.0	0.0
-26.375	0.0	0.0
-26.25	0.0	0.0
-26.125	0.0	0.0
-26.0	0.0	0.0
-25.875	0.0	0.0
-25.75	0.0	0.0
-25.625	0.0	0.0
-25.5	0.0	0.0
-25.375	0.0	0.0
-25.25	0.0	0.0
-25.125	0.0	0.0
-25.0	0.0	0.0
-24.875	0.0	0.0
-24.75	0.0	0.0
-24.625	0.0	0.0
-24.5	0.0	0.0
-24.375	0.0	0.0
-24.25	0.0	0.0
-24.125	0.0	0.0
-24.0	0.0	0.0
-23.875	0.0	0.0
-23.75	0.0	0.0
-23.625	0.0	0.0
-23.5	0.0	0.0
-23.375	0.0	0.0
-23.25	0.0	0.0
-23.125	0.0	0.0
-23.0	0.0	0.0
-22.875	0.0	0.0
-22.75	0.0	0.0
-22.625	0.0	0.0
-22.5	0.0	0.0
-22.375	0.0	0.0
-22.25	0.0	0.0
-22.125	0.0	0.0
-22.0	0.0	0.0
-21.875	0.0	0.0
-21.75	0.0	0.0
-21.625	0.0	0.0
-21.5	0.0	0.0
-21.375	0.0	0.0
-21.25	0.0	0.0
-21.125	0.0	0.0
-21.0	0.0	0.0
-20.875	0.0	1.0e-6
-20.75	0.0	1.0e-6
-20.625	0.0	1.0e-6
-20.5	0.0	2.0e-6
-20.375	0.0	2.0e-6
-20.25	0.0	2.0e-6
-20.125	0.0	2.0e-6
-20.0	0.0	2.0e-6
-19.875	0.0	2.0e-6
-19.75	0.0	3.0e-6
-19.625	0.0	3.0e-6
-19.5	0.0	3.0e-6
-19.375	0.0	3.0e-6
-19.25	0.0	3.0e-6
-19.125	0.0	3.0e-6
-19.0	0.0	3.0e-6
-18.875	0.0	3.0e-6
-18.75	0.0	3.0e-6
-18.625	0.0	3.0e-6
-18.5	0.0	3.0e-6
-18.375	0.0	3.0e-6
-18.25	0.0	3.0e-6
-18.125	0.0	3.0e-6
-18.0	0.0	3.0e-6
-17.875	0.0	2.0e-6
-17.75	0.0	2.0e-6
-17.625	0.0	2.0e-6
-17.5	0.0	1.0e-6
-17.375	0.0	0.0
-17.25	0.0	0.0
-17.125	0.0	0.0
-17.0	0.0	0.0
-16.875	0.0	-1.0e-6
-16.75	0.0	-2.0e-6
-16.625	0.0	-2.0e-6
-16.5	0.0	-3.0e-6
-16.375	0.0	-4.0e-6
-16.25	0.0	-4.0e-6
-16.125	0.0	-5.0e-6
-16.0	0.0	-6.0e-6
-15.875	0.0	-7.0e-6
-15.75	0.0	-7.0e-6
-15.625	0.0	-8.0e-6
-15.5	0.0	-9.0e-6
-15.375	0.0	-9.0e-6
-15.25	0.0	-1.0e-5
-15.125	0.0	-1.1e-5
-15.0	0.0	-1.1e-5
-14.875	0.0	-1.2e-5
-14.75	0.0	-1.2e-5
-14.625	0.0	-1.2e-5
-14.5	0.0	-1.3e-5
-14.375	0.0	-1.3e-5
-14.25	0.0	-1.3e-5
-14.125	0.0	-1.3e-5
-14.0	0.0	-1.3e-5
-13.875	0.0	-1.2e-5
-13.75	0.0	-1.2e-5
-13.625	0.0	-1.1e-5
-13.5	0.0	-1.1e-5
-13.375	0.0	-1.0e-5
-13.25	0.0	-9.0e-6
-13.125	0.0	-7.0e-6
-13.0	0.0	-6.0e-6
-12.875	0.0	-4.0e-6
-12.75	0.0	-3.0e-6
-12.625	0.0	0.0
-12.5	0.0	0.0
-12.375	0.0	3.0e-6
-12.25	0.0	5.0e-6
-12.125	0.0	8.0e-6
-12.0	0.0	1.0e-5
-11.875	0.0	1.3e-5
-11.75	0.0	1.5e-5
-11.625	0.0	1.8e-5
-11.5	0.0	2.1e-5
-11.375	0.0	2.3e-5
-11.25	0.0	2.6e-5
-11.125	0.0	2.9e-5
-11.0	0.0	3.1e-5
-10.875	0.0	3.4e-5
-10.75	0.0	3.6e-5
-10.625	0.0	3.9e-5
-10.5	0.0	4.1e-5
-10.375	0.0	4.3e-5
-10.25	0.0	4.4e-5
-10.125	0.0	4.6e-5
-10.0	0.0	4.7e-5
-9.875	0.0	4.7e-5
-9.75	0.0	4.8e-5
-9.625	0.0	4.8e-5
-9.5	0.0	4.7e-5
-9.375	0.0	4.6e-5
-9.25	0.0	4.5e-5
-9.125	0.0	4.3e-5
-9.0	0.0	4.0e-5
-8.875	0.0	3.7e-5
-8.75	0.0	3.4e-5
-8.625	0.0	3.0e-5
-8.5	0.0	2.5e-5
-8.375	0.0	2.0e-5
-8.25	0.0	1.4e-5
-8.125	0.0	8.0e-6
-8.0	0.0	0.0
-7.875	0.0	-6.0e-6
-7.75	0.0	-1.4e-5
-7.625	0.0	-2.2e-5
-7.5	0.0	-3.1e-5
-7.375	0.0	-4.0e-5
-7.25	0.0	-4.9e-5
-7.125	0.0	-5.8e-5
-7.0	0.0	-6.7e-5
-6.875	0.0	-7.7e-5
-6.75	0.0	-8.6e-5
-6.625	0.0	-9.6e-5
-6.5	0.0	-0.000105
-6.375	0.0	-0.000114
-6.25	0.0	-0.000122
-6.125	0.0	-0.00013
-6.0	0.0	-0.000138
-5.875	0.0	-0.000144
-5.75	0.0	-0.00015
-5.625	0.0	-0.000155
-5.5	0.0	-0.000159
-5.375	0.0	-0.000162
-5.25	0.0	-0.000164
-5.125	0.0	-0.000164
-5.0	0.0	-0.000163
-4.875	0.0	-0.00016
-4.75	0.0	-0.000156
-4.625	0.0	-0.00015
-4.5	0.0	-0.000142
-4.375	0.0	-0.000133
-4.25	0.0	-0.000122
-4.125	0.0	-0.000109
-4.0	0.0	-9.4e-5
-3.875	0.0	-7.8e-5
-3.75	0.0	-5.9e-5
-3.625	0.0	-3.9e-5
-3.5	0.0	-1.8e-5
-3.375	0.0	6.0e-6
-3.25	0.0	3.1e-5
-3.125	0.0	5.7e-5
-3.0	0.0	8.4e-5
-2.875	0.0	0.000113
-2.75	0.0	0.000142
-2.625	0.0	0.000172
-2.5	0.0	0.000203
-2.375	0.0	0.000234
-2.25	0.0	0.000265
-2.125	0.0	0.000295
-2.0	0.0	0.000325
-1.875	0.0	0.000354
-1.75	0.0	0.000382
-1.625	0.0	0.000408
-1.5	0.0	0.000433
-1.375	0.0	0.000455
-1.25	0.0	0.000475
-1.125	0.0	0.000492
-1.0	0.0	0.000506
-0.875	0.0	0.000517
-0.75	0.0	0.000523
-0.625	0.0	0.000526
-0.5	0.0	0.000524
-0.375	0.0	0.000518
-0.25	0.0	0.000506
-0.125	0.0	0.00049
0.0	0.0	0.000468
0.125	0.0	0.000441
0.25	0.0	0.000409
0.375	0.0	0.000371
0.5	0.0	0.000327
0.625	0.0	0.000278
0.75	0.0	0.000223
0.875	0.0	0.000163
1.0	0.0	9.8e-5
1.125	0.0	2.8e-5
1.25	0.0	-4.6e-5
1.375	0.0	-0.000125
1.5	0.0	-0.000208
1.625	0.0	-0.000294
1.75	0.0	-0.000382
1.875	0.0	-0.000473
2.0	0.0	-0.000566
2.125	0.0	-0.000659
2.25	0.0	-0.000752
2.375	0.0	-0.000845
2.5	0.0	-0.000936
2.625	0.0	-0.001025
2.75	0.0	-0.00111
2.875	0.0	-0.001191
3.0	0.0	-0.001267
3.125	0.0	-0.001336
3.25	0.0	-0.001399
3.375	1.0e-6	-0.001453
3.5	1.0e-6	-0.001498
3.625	1.0e-6	-0.001533
3.75	1.0e-6	-0.001557
3.875	1.0e-6	-0.00157
4.0	1.0e-6	-0.00157
4.125	1.0e-6	-0.001556
4.25	1.0e-6	-0.001529
4.375	1.0e-6	-0.001487
4.5	1.0e-6	-0.001429
4.625	1.0e-6	-0.001357
4.75	1.0e-6	-0.001268
4.875	1.0e-6	-0.001164
5.0	1.0e-6	-0.001044
5.125	1.0e-6	-0.000908
5.25	1.0e-6	-0.000756
5.375	1.0e-6	-0.000589
5.5	1.0e-6	-0.000408
5.625	1.0e-6	-0.000212
5.75	2.0e-6	-3.0e-6
5.875	2.0e-6	0.000218
6.0	2.0e-6	0.00045
6.125	2.0e-6	0.000691
6.25	2.0e-6	0.000941
6.375	2.0e-6	0.001197
6.5	2.0e-6	0.001457
6.625	2.0e-6	0.00172
6.75	2.0e-6	0.001984
6.875	2.0e-6	0.002246
7.0	3.0e-6	0.002504
7.125	3.0e-6	0.002756
7.25	3.0e-6	0.002999
7.375	3.0e-6	0.00323
7.5	3.0e-6	0.003448
7.625	3.0e-6	0.003649
7.75	4.0e-6	0.00383
7.875	4.0e-6	0.00399
8.0	4.0e-6	0.004125
8.125	4.0e-6	0.004233
8.25	5.0e-6	0.004312
8.375	5.0e-6	0.004359
8.5	5.0e-6	0.004372
8.625	5.0e-6	0.00435
8.75	6.0e-6	0.00429
8.875	6.0e-6	0.004191
9.0	6.0e-6	0.004051
9.125	7.0e-6	0.00387
9.25	7.0e-6	0.003647
9.375	7.0e-6	0.003381
9.5	8.0e-6	0.003072
9.625	8.0e-6	0.002721
9.75	9.0e-6	0.002328
9.875	9.0e-6	0.001895
10.0	1.0e-5	0.001422
10.125	1.0e-5	0.000912
10.25	1.1e-5	0.000367
10.375	1.1e-5	-0.000211
10.5	1.2e-5	-0.000818
10.625	1.2e-5	-0.00145
10.75	1.3e-5	-0.002105
10.875	1.4e-5	-0.002777
11.0	1.4e-5	-0.003462
11.125	1.5e-5	-0.004154
11.25	1.6e-5	-0.004849
11.375	1.7e-5	-0.00554
11.5	1.8e-5	-0.006222
11.625	1.9e-5	-0.006889
11.75	2.0e-5	-0.007534
11.875	2.1e-5	-0.00815
12.0	2.2e-5	-0.008731
12.125	2.3e-5	-0.00927
12.25	2.4e-5	-0.009761
12.375	2.5e-5	-0.010197
12.5	2.7e-5	-0.010572
12.625	2.8e-5	-0.010878
12.75	3.0e-5	-0.011111
12.875	3.1e-5	-0.011264
13.0	3.3e-5	-0.011333
13.125	3.4e-5	-0.011311
13.25	3.6e-5	-0.011195
13.375	3.8e-5	-0.010981
13.5	4.0e-5	-0.010666
13.625	4.2e-5	-0.010247
13.75	4.4e-5	-0.009723
13.875	4.6e-5	-0.009092
14.0	4.9e-5	-0.008354
14.125	5.1e-5	-0.00751
14.25	5.4e-5	-0.006563
14.375	5.6e-5	-0.005514
14.5	5.9e-5	-0.004367
14.625	6.2e-5	-0.003127
14.75	6.5e-5	-0.001799
14.875	6.8e-5	-0.00039
15.0	7.2e-5	0.001091
15.125	7.5e-5	0.002638
15.25	7.9e-5	0.004239
15.375	8.3e-5	0.005885
15.5	8.7e-5	0.007563
15.625	9.1e-5	0.009263
15.75	9.6e-5	0.01097
15.875	0.0001	0.01267
16.0	0.000105	0.014351
16.125	0.00011	0.015996
16.25	0.000116	0.017591
16.375	0.000121	0.019119
16.5	0.000127	0.020565
16.625	0.000133	0.021914
16.75	0.00014	0.023149
16.875	0.000146	0.024255
17.0	0.000153	0.025216
17.125	0.000161	0.026018
17.25	0.000168	0.026647
17.375	0.000176	0.027089
17.5	0.000185	0.027331
17.625	0.000194	0.027363
17.75	0.000203	0.027174
17.875	0.000212	0.026756
18.0	0.000222	0.026101
18.125	0.000233	0.025203
18.25	0.000243	0.024058
18.375	0.000255	0.022665
18.5	0.000267	0.021024
18.625	0.000279	0.019136
18.75	0.000292	0.017005
18.875	0.000305	0.014638
19.0	0.000319	0.012044
19.125	0.000334	0.009232
19.25	0.000349	0.006217
19.375	0.000365	0.003013
19.5	0.000382	-0.000362
19.625	0.000399	-0.003887
19.75	0.000417	-0.007541
19.875	0.000436	-0.011301
20.0	0.000456	-0.015139
20.125	0.000476	-0.019028
20.25	0.000498	-0.022939
20.375	0.00052	-0.02684
20.5	0.000543	-0.0307
20.625	0.000568	-0.034485
20.75	0.000593	-0.038162
20.875	0.000619	-0.041694
21.0	0.000646	-0.045047
21.125	0.000675	-0.048187
21.25	0.000705	-0.051077
21.375	0.000736	-0.053684
21.5	0.000768	-0.055974
21.625	0.000801	-0.057915
21.75	0.000836	-0.059475
21.875	0.000873	-0.060625
22.0	0.000911	-0.061339
22.125	0.00095	-0.061591
22.25	0.000991	-0.061361
22.375	0.001034	-0.060628
22.5	0.001078	-0.059378
22.625	0.001124	-0.057598
22.75	0.001172	-0.055281
22.875	0.001222	-0.052422
23.0	0.001274	-0.049022
23.125	0.001328	-0.045085
23.25	0.001384	-0.04062
23.375	0.001442	-0.035642
23.5	0.001503	-0.03017
23.625	0.001566	-0.024226
23.75	0.001631	-0.017839
23.875	0.001699	-0.011043
24.0	0.00177	-0.003875
24.125	0.001843	0.003621
24.25	0.001919	0.0114
24.375	0.001999	0.01941
24.5	0.002081	0.027595
24.625	0.002166	0.035897
24.75	0.002255	0.044254
24.875	0.002347	0.052601
25.0	0.002442	0.060869
25.125	0.002542	0.068989
25.25	0.002644	0.076889
25.375	0.002751	0.084498
25.5	0.002862	0.091742
25.625	0.002977	0.098548
25.75	0.003096	0.104844
25.875	0.00322	0.11056
26.0	0.003348	0.115625
26.125	0.003481	0.119974
26.25	0.003619	0.123544
26.375	0.003761	0.126274
26.5	0.00391	0.128111
26.625	0.004063	0.129004
26.75	0.004222	0.128909
26.875	0.004387	0.127789
27.0	0.004558	0.125613
27.125	0.004735	0.122357
27.25	0.004918	0.118006
27.375	0.005108	0.112553
27.5	0.005304	0.105999
27.625	0.005508	0.098354
27.75	0.005719	0.089637
27.875	0.005937	0.079879
28.0	0.006163	0.069117
28.125	0.006397	0.057399
28.25	0.006638	0.044784
28.375	0.006889	0.031338
28.5	0.007148	0.017137
28.625	0.007416	0.002267
28.75	0.007693	-0.013179
28.875	0.00798	-0.029098
29.0	0.008277	-0.045381
29.125	0.008583	-0.061911
29.25	0.0089	-0.078567
29.375	0.009228	-0.095218
29.5	0.009567	-0.111734
29.625	0.009917	-0.127977
29.75	0.010279	-0.143807
29.875	0.010654	-0.159084
30.0	0.01104	-0.173666
30.125	0.011439	-0.187411
30.25	0.011852	-0.200181
30.375	0.012278	-0.211838
30.5	0.012718	-0.222251
30.625	0.013173	-0.231291
30.75	0.013642	-0.238839
30.875	0.014127	-0.244782
31.0	0.014627	-0.249015
31.125	0.015143	-0.251445
31.25	0.015676	-0.251988
31.375	0.016225	-0.250576
31.5	0.016793	-0.247151
31.625	0.017378	-0.24167
31.75	0.017982	-0.234105
31.875	0.018605	-0.224444
32.0	0.019247	-0.212692
32.125	0.019909	-0.198869
32.25	0.020592	-0.183016
32.375	0.021297	-0.165187
32.5	0.022022	-0.145457
32.625	0.022771	-0.123918
32.75	0.023542	-0.100679
32.875	0.024336	-0.075867
33.0	0.025155	-0.049625
33.125	0.025999	-0.022112
33.25	0.026868	0.006495
33.375	0.027763	0.036008
33.5	0.028685	0.066224
33.625	0.029634	0.096926
33.75	0.030612	0.127888
33.875	0.031618	0.158875
34.0	0.032654	0.189642
34.125	0.033721	0.21994
34.25	0.034818	0.249515
34.375	0.035948	0.278109
34.5	0.03711	0.305466
34.625	0.038306	0.331331
34.75	0.039536	0.355451
34.875	0.040801	0.377581
35.0	0.042102	0.397484
35.125	0.04344	0.414931
35.25	0.044816	0.429709
35.375	0.04623	0.441616
35.5	0.047684	0.450469
35.625	0.049179	0.456103
35.75	0.050715	0.458374
35.875	0.052293	0.457158
36.0	0.053915	0.452357
36.125	0.055581	0.443899
36.25	0.057293	0.431738
36.375	0.059051	0.415856
36.5	0.060856	0.396264
36.625	0.06271	0.373002
36.75	0.064614	0.346143
36.875	0.066568	0.315789
37.0	0.068575	0.282071
37.125	0.070634	0.245155
37.25	0.072747	0.205234
37.375	0.074916	0.162531
37.5	0.077141	0.117298
37.625	0.079423	0.069816
37.75	0.081765	0.02039
37.875	0.084167	-0.030651
38.0	0.086629	-0.082953
38.125	0.089155	-0.136145
38.25	0.091744	-0.189835
38.375	0.094399	-0.243619
38.5	0.09712	-0.297078
38.625	0.099909	-0.349785
38.75	0.102767	-0.401307
38.875	0.105696	-0.451207
39.0	0.108696	-0.49905
39.125	0.11177	-0.544403
39.25	0.114919	-0.586843
39.375	0.118143	-0.625957
39.5	0.121446	-0.661347
39.625	0.124827	-0.692632
39.75	0.128289	-0.719455
39.875	0.131833	-0.741485
40.0	0.13546	-0.758417
40.125	0.139172	-0.76998
40.25	0.142971	-0.775938
40.375	0.146858	-0.776091
40.5	0.150835	-0.770283
40.625	0.154903	-0.758398
40.75	0.159063	-0.740364
40.875	0.163318	-0.71616
41.0	0.16767	-0.685807
41.125	0.172118	-0.649381
41.25	0.176666	-0.607004
41.375	0.181315	-0.558849
41.5	0.186067	-0.50514
41.625	0.190922	-0.446149
41.75	0.195884	-0.382198
41.875	0.200953	-0.313656
42.0	0.206132	-0.240936
42.125	0.211421	-0.164498
42.25	0.216823	-0.084838
42.375	0.22234	-0.002495
42.5	0.227973	0.081961
42.625	0.233723	0.167928
42.75	0.239593	0.254776
42.875	0.245585	0.341854
43.0	0.2517	0.428493
43.125	0.257939	0.514009
43.25	0.264305	0.597712
43.375	0.2708	0.67891
43.5	0.277424	0.756911
43.625	0.284181	0.831033
43.75	0.291071	0.900609
43.875	0.298096	0.964991
44.0	0.305258	1.023555
44.125	0.31256	1.075709
44.25	0.320002	1.120896
44.375	0.327586	1.158603
44.5	0.335315	1.188362
44.625	0.343189	1.209755
44.75	0.351212	1.222423
44.875	0.359383	1.226064
45.0	0.367705	1.220441
45.125	0.376181	1.205385
45.25	0.38481	1.180796
45.375	0.393596	1.146646
45.5	0.40254	1.102981
45.625	0.411643	1.049925
45.75	0.420907	0.987674
45.875	0.430334	0.916505
46.0	0.439926	0.836767
46.125	0.449683	0.748886
46.25	0.459609	0.653359
46.375	0.469703	0.550757
46.5	0.479968	0.441714
46.625	0.490405	0.326932
46.75	0.501016	0.207171
46.875	0.511802	0.083248
47.0	0.522765	-0.043974
47.125	0.533906	-0.173584
47.25	0.545226	-0.304635
47.375	0.556727	-0.436147
47.5	0.568411	-0.567119
47.625	0.580278	-0.696532
47.75	0.59233	-0.823357
47.875	0.604568	-0.946565
48.0	0.616993	-1.065134
48.125	0.629607	-1.178057
48.25	0.64241	-1.284353
48.375	0.655404	-1.383069
48.5	0.66859	-1.473294
48.625	0.681969	-1.554166
48.75	0.695541	-1.624876
48.875	0.709309	-1.684681
49.0	0.723272	-1.732907
49.125	0.737431	-1.768957
49.25	0.751788	-1.792317
49.375	0.766343	-1.802562
49.5	0.781097	-1.799361
49.625	0.79605	-1.782481
49.75	0.811203	-1.751792
49.875	0.826557	-1.707267
50.0	0.842112	-1.648987
50.125	0.857869	-1.577142
50.25	0.873827	-1.49203
50.375	0.889988	-1.394059
50.5	0.906352	-1.283742
50.625	0.922918	-1.161699
50.75	0.939687	-1.028651
50.875	0.95666	-0.885419
51.0	0.973835	-0.732917
51.125	0.991214	-0.572147
51.25	1.008795	-0.404193
51.375	1.02658	-0.230214
51.5	1.044566	-0.051434
51.625	1.062755	0.13086
51.75	1.081146	0.315337
51.875	1.099739	0.500622
52.0	1.118532	0.685312
52.125	1.137525	0.867986
52.25	1.156719	1.047212
52.375	1.176111	1.221564
52.5	1.195701	1.389627
52.625	1.215488	1.550013
52.75	1.235472	1.701371
52.875	1.25565	1.842396
53.0	1.276023	1.971845
53.125	1.296588	2.088542
53.25	1.317345	2.191391
53.375	1.338292	2.279388
53.5	1.359428	2.351625
53.625	1.380751	2.407305
53.75	1.402259	2.445744
53.875	1.423951	2.466382
54.0	1.445825	2.468787
54.125	1.467879	2.452664
54.25	1.490111	2.417853
54.375	1.512519	2.364339
54.5	1.535102	2.292249
54.625	1.557855	2.201859
54.75	1.580778	2.093586
54.875	1.603868	1.967994
55.0	1.627123	1.825789
55.125	1.650539	1.667813
55.25	1.674114	1.495044
55.375	1.697846	1.308587
55.5	1.721731	1.10967
55.625	1.745766	0.899632
55.75	1.76995	0.679917
55.875	1.794277	0.452063
56.0	1.818746	0.217694
56.125	1.843352	-0.021496
56.25	1.868093	-0.263754
56.375	1.892965	-0.507276
56.5	1.917965	-0.750229
56.625	1.943088	-0.990757
56.75	1.968331	-1.227001
56.875	1.99369	-1.45711
57.0	2.019161	-1.679255
57.125	2.044741	-1.891649
57.25	2.070424	-2.092554
57.375	2.096208	-2.280301
57.5	2.122087	-2.453301
57.625	2.148057	-2.610059
57.75	2.174115	-2.749187
57.875	2.200254	-2.869416
58.0	2.226472	-2.969608
58.125	2.252762	-3.048764
58.25	2.279121	-3.106037
58.375	2.305543	-3.140737
58.5	2.332024	-3.152342
58.625	2.358558	-3.140499
58.75	2.385141	-3.105034
58.875	2.411767	-3.045949
59.0	2.438432	-2.963432
59.125	2.465129	-2.857849
59.25	2.491854	-2.729752
59.375	2.518601	-2.579867
59.5	2.545365	-2.409099
59.625	2.572139	-2.218521
59.75	2.59892	-2.00937
59.875	2.6257	-1.783038
60.0	2.652474	-1.541065
60.125	2.679237	-1.285123
60.25	2.705983	-1.017013
60.375	2.732705	-0.738642
60.5	2.759397	-0.452019
60.625	2.786055	-0.159233
60.75	2.812671	0.137558
60.875	2.83924	0.436146
61.0	2.865755	0.734289
61.125	2.892211	1.029724
61.25	2.918601	1.320194
61.375	2.944918	1.603453
61.5	2.971158	1.877297
61.625	2.997312	2.139568
61.75	3.023376	2.388183
61.875	3.049343	2.621143
62.0	3.075205	2.836553
62.125	3.100958	3.032637
62.25	3.126594	3.207751
62.375	3.152108	3.360399
62.5	3.177491	3.489244
62.625	3.202739	3.593124
62.75	3.227845	3.671055
62.875	3.252802	3.722247
63.0	3.277604	3.746107
63.125	3.302244	3.742248
63.25	3.326715	3.710491
63.375	3.351012	3.650871
63.5	3.375128	3.563636
63.625	3.399057	3.449248
63.75	3.422791	3.308377
63.875	3.446325	3.141904
64.0	3.469652	2.950911
64.125	3.492766	2.736674
64.25	3.515661	2.500656
64.375	3.538329	2.244497
64.5	3.560766	1.969999
64.625	3.582964	1.679119
64.75	3.604918	1.373949
64.875	3.62662	1.056705
65.0	3.648066	0.729707
65.125	3.669249	0.395364
65.25	3.690163	0.056155
65.375	3.710801	-0.285389
65.5	3.731159	-0.626707
65.625	3.75123	-0.965224
65.75	3.771008	-1.298372
65.875	3.790488	-1.623612
66.0	3.809664	-1.938453
66.125	3.82853	-2.240469
66.25	3.847081	-2.527321
66.375	3.86531	-2.796774
66.5	3.883214	-3.046716
66.625	3.900786	-3.275174
66.75	3.918022	-3.480331
66.875	3.934916	-3.660538
67.0	3.951462	-3.814332
67.125	3.967657	-3.940443
67.25	3.983495	-4.037809
67.375	3.998971	-4.105583
67.5	4.014081	-4.14314
67.625	4.02882	-4.150083
67.75	4.043184	-4.12625
67.875	4.057167	-4.071709
68.0	4.070767	-3.986766
68.125	4.083978	-3.87196
68.25	4.096797	-3.728057
68.375	4.10922	-3.55605
68.5	4.121242	-3.357148
68.625	4.132861	-3.132771
68.75	4.144072	-2.884534
68.875	4.154872	-2.614242
69.0	4.165258	-2.32387
69.125	4.175226	-2.015552
69.25	4.184773	-1.691566
69.375	4.193897	-1.354312
69.5	4.202594	-1.006299
69.625	4.210861	-0.65012
69.75	4.218697	-0.288439
69.875	4.226098	0.076034
70.0	4.233063	0.440565
70.125	4.239589	0.802413
70.25	4.245673	1.158853
70.375	4.251315	1.507199
70.5	4.256512	1.84482
70.625	4.261263	2.169165
70.75	4.265565	2.477784
70.875	4.269419	2.76834
71.0	4.272822	3.038633
71.125	4.275774	3.286616
71.25	4.278273	3.51041
71.375	4.280318	3.708321
71.5	4.28191	3.878848
71.625	4.283048	4.0207
71.75	4.28373	4.132804
71.875	4.283958	4.214313
72.0	4.28373	4.264613
72.125	4.283048	4.283328
72.25	4.28191	4.270322
72.375	4.280318	4.225702
72.5	4.278273	4.149815
72.625	4.275774	4.043244
72.75	4.272822	3.906808
72.875	4.269419	3.741553
73.0	4.265566	3.548741
73.125	4.261263	3.329846
73.25	4.256512	3.086537
73.375	4.251315	2.820667
73.5	4.245673	2.534261
73.625	4.239589	2.229494
73.75	4.233063	1.908683
73.875	4.226099	1.574258
74.0	4.218697	1.228752
74.125	4.210862	0.874779
74.25	4.202594	0.51501
74.375	4.193897	0.152157
74.5	4.184773	-0.21105
74.625	4.175226	-0.571886
74.75	4.165258	-0.927647
74.875	4.154872	-1.275675
75.0	4.144072	-1.61338
75.125	4.132861	-1.938252
75.25	4.121243	-2.24789
75.375	4.10922	-2.540012
75.5	4.096798	-2.812478
75.625	4.083979	-3.063302
75.75	4.070767	-3.29067
75.875	4.057168	-3.492952
76.0	4.043184	-3.668713
76.125	4.02882	-3.816727
76.25	4.014081	-3.935979
76.375	3.998972	-4.025682
76.5	3.983495	-4.085272
76.625	3.967657	-4.114419
76.75	3.951463	-4.113023
76.875	3.934916	-4.08122
77.0	3.918022	-4.019375
77.125	3.900787	-3.928079
77.25	3.883215	-3.808146
77.375	3.865311	-3.660605
77.5	3.847081	-3.486687
77.625	3.82853	-3.287822
77.75	3.809664	-3.065619
77.875	3.790489	-2.82186
78.0	3.771009	-2.558481
78.125	3.751231	-2.277556
78.25	3.73116	-1.981284
78.375	3.710802	-1.671969
78.5	3.690163	-1.351999
78.625	3.669249	-1.023834
78.75	3.648067	-0.68998
78.875	3.626621	-0.352974
79.0	3.604918	-0.01536
79.125	3.582965	0.320326
79.25	3.560766	0.651579
79.375	3.53833	0.975943
79.5	3.515661	1.291029
79.625	3.492767	1.594534
79.75	3.469653	1.884256
79.875	3.446326	2.158115
80.0	3.422792	2.414163
80.125	3.399057	2.650602
80.25	3.375129	2.865793
80.375	3.351013	3.058273
80.5	3.326716	3.226759
80.625	3.302244	3.370162
80.75	3.277604	3.487589
80.875	3.252803	3.578354
81.0	3.227846	3.641975
81.125	3.20274	3.678184
81.25	3.177492	3.68692
81.375	3.152108	3.668334
81.5	3.126595	3.622782
81.625	3.100959	3.550822
81.75	3.075206	3.45321
81.875	3.049343	3.330888
82.0	3.023377	3.184981
82.125	2.997313	3.016783
82.25	2.971158	2.827745
82.375	2.944919	2.619465
82.5	2.918601	2.393675
82.625	2.892211	2.152223
82.75	2.865756	1.897059
82.875	2.83924	1.630222
83.0	2.812672	1.35382
83.125	2.786055	1.070014
83.25	2.759398	0.781003
83.375	2.732705	0.489002
83.5	2.705983	0.196229
83.625	2.679238	-0.095111
83.75	2.652475	-0.382849
83.875	2.625701	-0.664863
84.0	2.59892	-0.939096
84.125	2.57214	-1.203569
84.25	2.545365	-1.456401
84.375	2.518601	-1.695814
84.5	2.491854	-1.920154
84.625	2.46513	-2.127899
84.75	2.438432	-2.317665
84.875	2.411768	-2.488225
85.0	2.385142	-2.638508
85.125	2.358559	-2.767609
85.25	2.332024	-2.874795
85.375	2.305544	-2.959506
85.5	2.279121	-3.021362
85.625	2.252763	-3.060158
85.75	2.226472	-3.075869
85.875	2.200255	-3.068645
86.0	2.174115	-3.038809
86.125	2.148058	-2.986851
86.25	2.122088	-2.913425
86.375	2.096208	-2.81934
86.5	2.070425	-2.705552
86.625	2.044741	-2.573156
86.75	2.019162	-2.423376
86.875	1.99369	-2.25755
87.0	1.968331	-2.077124
87.125	1.943088	-1.883637
87.25	1.917965	-1.678708
87.375	1.892966	-1.464021
87.5	1.868094	-1.241315
87.625	1.843353	-1.012364
87.75	1.818746	-0.778969
87.875	1.794278	-0.542942
88.0	1.76995	-0.306089
88.125	1.745767	-0.070199
88.25	1.721731	0.162971
88.375	1.697846	0.391707
88.5	1.674115	0.614354
88.625	1.650539	0.829324
88.75	1.627123	1.035112
88.875	1.603869	1.230302
89.0	1.580779	1.413578
89.125	1.557856	1.583736
89.25	1.535102	1.739687
89.375	1.51252	1.880465
89.5	1.490112	2.005237
89.625	1.46788	2.1133
89.75	1.445826	2.204091
89.875	1.423952	2.277186
90.0	1.40226	2.332303
90.125	1.380751	2.369299
90.25	1.359428	2.388172
90.375	1.338293	2.389061
90.5	1.317346	2.372235
90.625	1.296589	2.338097
90.75	1.276023	2.287175
90.875	1.255651	2.220116
91.0	1.235472	2.137681
91.125	1.215489	2.040733
91.25	1.195701	1.930237
91.375	1.176111	1.80724
91.5	1.156719	1.672871
91.625	1.137526	1.528328
91.75	1.118532	1.374863
91.875	1.099739	1.213779
92.0	1.081147	1.046415
92.125	1.062756	0.874134
92.25	1.044567	0.698314
92.375	1.02658	0.520339
92.5	1.008796	0.341583
92.625	0.991214	0.163403
92.75	0.973836	-0.012869
92.875	0.95666	-0.185941
93.0	0.939688	-0.354568
93.125	0.922919	-0.51756
93.25	0.906352	-0.67379
93.375	0.889989	-0.822203
93.5	0.873828	-0.961824
93.625	0.857869	-1.091761
93.75	0.842112	-1.211211
93.875	0.826557	-1.319467
94.0	0.811203	-1.41592
94.125	0.79605	-1.500063
94.25	0.781097	-1.57149
94.375	0.766343	-1.6299
94.5	0.751788	-1.6751
94.625	0.737432	-1.706998
94.75	0.723272	-1.725607
94.875	0.709309	-1.73104
95.0	0.695542	-1.723509
95.125	0.681969	-1.703321
95.25	0.66859	-1.670874
95.375	0.655405	-1.626651
95.5	0.64241	-1.571216
95.625	0.629607	-1.505209
95.75	0.616993	-1.429336
95.875	0.604568	-1.344365
96.0	0.59233	-1.251119
96.125	0.580278	-1.150468
96.25	0.568411	-1.043318
96.375	0.556728	-0.930612
96.5	0.545226	-0.81331
96.625	0.533906	-0.692394
96.75	0.522765	-0.568848
96.875	0.511802	-0.443659
97.0	0.501016	-0.317805
97.125	0.490405	-0.192249
97.25	0.479968	-0.067933
97.375	0.469703	0.054233
97.5	0.459609	0.173372
97.625	0.449684	0.288651
97.75	0.439926	0.399282
97.875	0.430335	0.504531
98.0	0.420908	0.60372
98.125	0.411643	0.696233
98.25	0.40254	0.781517
98.375	0.393596	0.859088
98.5	0.384811	0.928531
98.625	0.376181	0.9895
98.75	0.367706	1.041726
98.875	0.359383	1.085009
99.0	0.351212	1.119224
99.125	0.34319	1.144318
99.25	0.335315	1.160308
99.375	0.327587	1.16728
99.5	0.320002	1.16539
99.625	0.31256	1.154855
99.75	0.305259	1.135956
99.875	0.298096	1.109028
100.0	0.291071	1.074463
100.125	0.284181	1.032701
100.25	0.277424	0.984228
100.375	0.2708	0.929569
100.5	0.264305	0.869283
100.625	0.257939	0.803962
100.75	0.2517	0.734219
100.875	0.245585	0.66069
101.0	0.239594	0.584021
101.125	0.233723	0.504868
101.25	0.227973	0.423893
101.375	0.22234	0.341751
101.5	0.216823	0.259093
101.625	0.211421	0.176558
101.75	0.206132	0.094768
101.875	0.200953	0.014323
102.0	0.195884	-0.0642
102.125	0.190922	-0.140257
102.25	0.186067	-0.213331
102.375	0.181315	-0.282946
102.5	0.176666	-0.348662
102.625	0.172118	-0.41008
102.75	0.16767	-0.466844
102.875	0.163319	-0.518645
103.0	0.159063	-0.565217
103.125	0.154903	-0.606344
103.25	0.150835	-0.641854
103.375	0.146858	-0.671625
103.5	0.142971	-0.695583
103.625	0.139172	-0.713697
103.75	0.13546	-0.725986
103.875	0.131833	-0.73251
104.0	0.128289	-0.733373
104.125	0.124827	-0.728721
104.25	0.121446	-0.718737
104.375	0.118143	-0.703639
104.5	0.114919	-0.683682
104.625	0.11177	-0.659148
104.75	0.108696	-0.630348
104.875	0.105696	-0.597619
105.0	0.102767	-0.561315
105.125	0.099909	-0.521812
105.25	0.09712	-0.479499
105.375	0.094399	-0.434774
105.5	0.091744	-0.388046
105.625	0.089155	-0.339724
105.75	0.08663	-0.290222
105.875	0.084167	-0.239949
106.0	0.081765	-0.189309
106.125	0.079423	-0.138697
106.25	0.077141	-0.088499
106.375	0.074916	-0.039083
106.5	0.072747	0.009196
106.625	0.070634	0.056005
106.75	0.068575	0.101028
106.875	0.066569	0.143976
107.0	0.064614	0.184581
107.125	0.06271	0.222603
107.25	0.060856	0.257828
107.375	0.059051	0.290069
107.5	0.057293	0.31917
107.625	0.055581	0.345002
107.75	0.053915	0.367465
107.875	0.052293	0.386487
108.0	0.050715	0.402028
108.125	0.049179	0.414073
108.25	0.047684	0.422635
108.375	0.04623	0.427755
108.5	0.044816	0.429498
108.625	0.04344	0.427953
108.75	0.042102	0.423232
108.875	0.040801	0.41547
109.0	0.039536	0.404818
109.125	0.038306	0.391447
109.25	0.03711	0.375543
109.375	0.035948	0.357307
109.5	0.034818	0.336949
109.625	0.033721	0.314693
109.75	0.032654	0.290767
109.875	0.031618	0.265407
110.0	0.030612	0.238852
110.125	0.029634	0.211342
110.25	0.028685	0.183119
110.375	0.027763	0.15442
110.5	0.026868	0.125481
110.625	0.025999	0.096531
110.75	0.025155	0.06779
110.875	0.024336	0.039473
111.0	0.023542	0.011783
111.125	0.022771	-0.01509
111.25	0.022022	-0.040966
111.375	0.021297	-0.065679
111.5	0.020592	-0.089079
111.625	0.019909	-0.11103
111.75	0.019247	-0.13141
111.875	0.018605	-0.150116
112.0	0.017982	-0.167061
112.125	0.017378	-0.182172
112.25	0.016793	-0.195396
112.375	0.016226	-0.206694
112.5	0.015676	-0.216045
112.625	0.015143	-0.223442
112.75	0.014627	-0.228894
112.875	0.014127	-0.232426
113.0	0.013642	-0.234076
113.125	0.013173	-0.233895
113.25	0.012718	-0.231948
113.375	0.012278	-0.22831
113.5	0.011852	-0.223067
113.625	0.01144	-0.216314
113.75	0.01104	-0.208157
113.875	0.010654	-0.198706
114.0	0.010279	-0.188079
114.125	0.009917	-0.176399
114.25	0.009567	-0.163793
114.375	0.009228	-0.15039
114.5	0.0089	-0.13632
114.625	0.008583	-0.121717
114.75	0.008277	-0.10671
114.875	0.00798	-0.091431
115.0	0.007693	-0.076006
115.125	0.007416	-0.060558
115.25	0.007148	-0.045209
115.375	0.006889	-0.030073
115.5	0.006638	-0.015257
115.625	0.006397	-0.000866
115.75	0.006163	0.013006
115.875	0.005937	0.02627
116.0	0.005719	0.038847
116.125	0.005508	0.050665
116.25	0.005304	0.06166
116.375	0.005108	0.071777
116.5	0.004918	0.080972
116.625	0.004735	0.089208
116.75	0.004558	0.096455
116.875	0.004387	0.102696
117.0	0.004222	0.107919
117.125	0.004063	0.112122
117.25	0.00391	0.115311
117.375	0.003761	0.1175
117.5	0.003619	0.118709
117.625	0.003481	0.118965
117.75	0.003348	0.118304
117.875	0.00322	0.116765
118.0	0.003096	0.114393
118.125	0.002977	0.111238
118.25	0.002862	0.107355
118.375	0.002751	0.102802
118.5	0.002644	0.09764
118.625	0.002542	0.091932
118.75	0.002442	0.085743
118.875	0.002347	0.079141
119.0	0.002255	0.072193
119.125	0.002166	0.064964
119.25	0.002081	0.057524
119.375	0.001999	0.049937
119.5	0.001919	0.042269
119.625	0.001843	0.034581
119.75	0.00177	0.026935
119.875	0.001699	0.019387
120.0	0.001631	0.011993
120.125	0.001566	0.004804
120.25	0.001503	-0.002133
120.375	0.001442	-0.008773
120.5	0.001384	-0.015078
120.625	0.001328	-0.021012
120.75	0.001274	-0.026543
120.875	0.001222	-0.031645
121.0	0.001172	-0.036295
121.125	0.001124	-0.040476
121.25	0.001078	-0.044175
121.375	0.001034	-0.047382
121.5	0.000991	-0.050093
121.625	0.00095	-0.052306
121.75	0.000911	-0.054026
121.875	0.000873	-0.055258
122.0	0.000836	-0.056014
122.125	0.000801	-0.056308
122.25	0.000768	-0.056156
122.375	0.000736	-0.055578
122.5	0.000705	-0.054596
122.625	0.000675	-0.053235
122.75	0.000646	-0.051522
122.875	0.000619	-0.049484
123.0	0.000593	-0.047151
123.125	0.000568	-0.044555
123.25	0.000543	-0.041725
123.375	0.00052	-0.038695
123.5	0.000498	-0.035496
123.625	0.000476	-0.032161
123.75	0.000456	-0.028721
123.875	0.000436	-0.025208
124.0	0.000417	-0.021652
124.125	0.000399	-0.018084
124.25	0.000382	-0.014531
124.375	0.000365	-0.011021
124.5	0.000349	-0.007578
124.625	0.000334	-0.004228
124.75	0.000319	-0.000993
124.875	0.000305	0.002108
125.0	0.000292	0.005056
125.125	0.000279	0.007834
125.25	0.000267	0.010429
125.375	0.000255	0.012827
125.5	0.000243	0.01502
125.625	0.000233	0.016998
125.75	0.000222	0.018756
125.875	0.000212	0.02029
126.0	0.000203	0.021598
126.125	0.000194	0.022679
126.25	0.000185	0.023536
126.375	0.000176	0.024171
126.5	0.000168	0.02459
126.625	0.000161	0.024799
126.75	0.000153	0.024806
126.875	0.000146	0.02462
127.0	0.00014	0.024251
127.125	0.000133	0.02371
127.25	0.000127	0.02301
127.375	0.000121	0.022164
127.5	0.000116	0.021184
127.625	0.00011	0.020084
127.75	0.000105	0.01888
127.875	0.0001	0.017584
128.0	9.6e-5	0.016211
128.125	9.1e-5	0.014777
128.25	8.7e-5	0.013294
128.375	8.3e-5	0.011777
128.5	7.9e-5	0.01024
128.625	7.5e-5	0.008695
128.75	7.2e-5	0.007155
128.875	6.8e-5	0.005633
129.0	6.5e-5	0.004138
129.125	6.2e-5	0.002682
129.25	5.9e-5	0.001274
129.375	5.6e-5	-7.6e-5
129.5	5.4e-5	-0.001362
129.625	5.1e-5	-0.002575
129.75	4.9e-5	-0.00371
129.875	4.6e-5	-0.004762
130.0	4.4e-5	-0.005725
130.125	4.2e-5	-0.006597
130.25	4.0e-5	-0.007376
130.375	3.8e-5	-0.008059
130.5	3.6e-5	-0.008646
130.625	3.4e-5	-0.009136
130.75	3.3e-5	-0.009531
130.875	3.1e-5	-0.009832
131.0	3.0e-5	-0.010042
131.125	2.8e-5	-0.010162
131.25	2.7e-5	-0.010196
131.375	2.5e-5	-0.010149
131.5	2.4e-5	-0.010025
131.625	2.3e-5	-0.009828
131.75	2.2e-5	-0.009564
131.875	2.1e-5	-0.009238
132.0	2.0e-5	-0.008855
132.125	1.9e-5	-0.008422
132.25	1.8e-5	-0.007945
132.375	1.7e-5	-0.007429
132.5	1.6e-5	-0.00688
132.625	1.5e-5	-0.006305
132.75	1.4e-5	-0.005709
132.875	1.4e-5	-0.005099
133.0	1.3e-5	-0.004479
133.125	1.2e-5	-0.003855
133.25	1.2e-5	-0.003233
133.375	1.1e-5	-0.002617
133.5	1.1e-5	-0.002011
133.625	1.0e-5	-0.001421
133.75	1.0e-5	-0.00085
133.875	9.0e-6	-0.000301
134.0	9.0e-6	0.000222
134.125	8.0e-6	0.000716
134.25	8.0e-6	0.001179
134.375	7.0e-6	0.001609
134.5	7.0e-6	0.002004
134.625	7.0e-6	0.002362
134.75	6.0e-6	0.002683
134.875	6.0e-6	0.002966
135.0	6.0e-6	0.003211
135.125	5.0e-6	0.003418
135.25	5.0e-6	0.003587
135.375	5.0e-6	0.003718
135.5	5.0e-6	0.003814
135.625	4.0e-6	0.003874
135.75	4.0e-6	0.0039
135.875	4.0e-6	0.003894
136.0	4.0e-6	0.003857
136.125	3.0e-6	0.003792
136.25	3.0e-6	0.0037
136.375	3.0e-6	0.003583
136.5	3.0e-6	0.003445
136.625	3.0e-6	0.003286
136.75	3.0e-6	0.00311
136.875	2.0e-6	0.002918
137.0	2.0e-6	0.002714
137.125	2.0e-6	0.002499
137.25	2.0e-6	0.002276
137.375	2.0e-6	0.002047
137.5	2.0e-6	0.001814
137.625	2.0e-6	0.001579
137.75	2.0e-6	0.001345
137.875	2.0e-6	0.001112
138.0	2.0e-6	0.000883
138.125	1.0e-6	0.00066
138.25	1.0e-6	0.000444
138.375	1.0e-6	0.000236
138.5	1.0e-6	3.8e-5
138.625	1.0e-6	-0.00015
138.75	1.0e-6	-0.000326
138.875	1.0e-6	-0.00049
139.0	1.0e-6	-0.000641
139.125	1.0e-6	-0.000778
139.25	1.0e-6	-0.000901
139.375	1.0e-6	-0.001011
139.5	1.0e-6	-0.001106
139.625	1.0e-6	-0.001187
139.75	1.0e-6	-0.001254
139.875	1.0e-6	-0.001307
140.0	1.0e-6	-0.001347
140.125	1.0e-6	-0.001374
140.25	1.0e-6	-0.001388
140.375	1.0e-6	-0.00139
140.5	0.0	-0.001381
140.625	0.0	-0.001361
140.75	0.0	-0.001332
140.875	0.0	-0.001293
141.0	0.0	-0.001247
141.125	0.0	-0.001193
141.25	0.0	-0.001132
141.375	0.0	-0.001066
141.5	0.0	-0.000996
141.625	0.0	-0.000921
141.75	0.0	-0.000843
141.875	0.0	-0.000763
142.0	0.0	-0.000681
142.125	0.0	-0.000599
142.25	0.0	-0.000516
142.375	0.0	-0.000434
142.5	0.0	-0.000354
142.625	0.0	-0.000275
142.75	0.0	-0.000199
142.875	0.0	-0.000125
143.0	0.0	-5.5e-5
143.125	0.0	1.1e-5
143.25	0.0	7.4e-5
143.375	0.0	0.000132
143.5	0.0	0.000186
143.625	0.0	0.000235
143.75	0.0	0.000279
143.875	0.0	0.000318
144.0	0.0	0.000353
144.125	0.0	0.000382
144.25	0.0	0.000407
144.375	0.0	0.000427
144.5	0.0	0.000442
144.625	0.0	0.000453
144.75	0.0	0.000459
144.875	0.0	0.000462
145.0	0.0	0.00046
145.125	0.0	0.000455
145.25	0.0	0.000446
145.375	0.0	0.000435
145.5	0.0	0.00042
145.625	0.0	0.000403
145.75	0.0	0.000384
145.875	0.0	0.000362
146.0	0.0	0.00034
146.125	0.0	0.000315
146.25	0.0	0.00029
146.375	0.0	0.000264
146.5	0.0	0.000237
146.625	0.0	0.00021
146.75	0.0	0.000183
146.875	0.0	0.000156
147.0	0.0	0.00013
147.125	0.0	0.000104
147.25	0.0	7.9e-5
147.375	0.0	5.5e-5
147.5	0.0	3.1e-5
147.625	0.0	9.0e-6
147.75	0.0	-1.1e-5
147.875	0.0	-3.0e-5
148.0	0.0	-4.8e-5
148.125	0.0	-6.5e-5
148.25	0.0	-7.9e-5
148.375	0.0	-9.3e-5
148.5	0.0	-0.000104
148.625	0.0	-0.000114
148.75	0.0	-0.000123
148.875	0.0	-0.00013
149.0	0.0	-0.000135
149.125	0.0	-0.000139
149.25	0.0	-0.000141
149.375	0.0	-0.000143
149.5	0.0	-0.000143
149.625	0.0	-0.000141
149.75	0.0	-0.000139
149.875	0.0	-0.000136
150.0	0.0	-0.000132
150.125	0.0	-0.000127
150.25	0.0	-0.000121
150.375	0.0	-0.000115
150.5	0.0	-0.000108
150.625	0.0	-0.0001
150.75	0.0	-9.3e-5
150.875	0.0	-8.5e-5
151.0	0.0	-7.7e-5
151.125	0.0	-6.8e-5
151.25	0.0	-6.0e-5
151.375	0.0	-5.2e-5
151.5	0.0	-4.4e-5
151.625	0.0	-3.6e-5
151.75	0.0	-2.8e-5
151.875	0.0	-2.1e-5
152.0	0.0	-1.4e-5
152.125	0.0	-7.0e-6
152.25	0.0	0.0
152.375	0.0	5.0e-6
152.5	0.0	1.1e-5
152.625	0.0	1.6e-5
152.75	0.0	2.1e-5
152.875	0.0	2.5e-5
153.0	0.0	2.8e-5
153.125	0.0	3.2e-5
153.25	0.0	3.4e-5
153.375	0.0	3.6e-5
153.5	0.0	3.8e-5
153.625	0.0	4.0e-5
153.75	0.0	4.0e-5
153.875	0.0	4.1e-5
154.0	0.0	4.1e-5
154.125	0.0	4.1e-5
154.25	0.0	4.0e-5
154.375	0.0	4.0e-5
154.5	0.0	3.8e-5
154.625	0.0	3.7e-5
154.75	0.0	3.5e-5
154.875	0.0	3.4e-5
155.0	0.0	3.2e-5
155.125	0.0	3.0e-5
155.25	0.0	2.8e-5
155.375	0.0	2.5e-5
155.5	0.0	2.3e-5
155.625	0.0	2.1e-5
155.75	0.0	1.8e-5
155.875	0.0	1.6e-5
156.0	0.0	1.4e-5
156.125	0.0	1.1e-5
156.25	0.0	9.0e-6
156.375	0.0	7.0e-6
156.5	0.0	5.0e-6
156.625	0.0	3.0e-6
156.75	0.0	1.0e-6
156.875	0.0	0.0
157.0	0.0	-2.0e-6
157.125	0.0	-4.0e-6
157.25	0.0	-5.0e-6
157.375	0.0	-6.0e-6
157.5	0.0	-7.0e-6
157.625	0.0	-8.0e-6
157.75	0.0	-9.0e-6
157.875	0.0	-1.0e-5
158.0	0.0	-1.0e-5
158.125	0.0	-1.0e-5
158.25	0.0	-1.1e-5
158.375	0.0	-1.1e-5
158.5	0.0	-1.1e-5
158.625	0.0	-1.1e-5
158.75	0.0	-1.1e-5
158.875	0.0	-1.1e-5
159.0	0.0	-1.0e-5
159.125	0.0	-1.0e-5
159.25	0.0	-1.0e-5
159.375	0.0	-9.0e-6
159.5	0.0	-9.0e-6
159.625	0.0	-8.0e-6
159.75	0.0	-8.0e-6
159.875	0.0	-7.0e-6
160.0	0.0	-6.0e-6
160.125	0.0	-6.0e-6
160.25	0.0	-5.0e-6
160.375	0.0	-5.0e-6
160.5	0.0	-4.0e-6
160.625	0.0	-3.0e-6
160.75	0.0	-3.0e-6
160.875	0.0	-2.0e-6
161.0	0.0	-2.0e-6
161.125	0.0	-1.0e-6
161.25	0.0	0.0
161.375	0.0	0.0
161.5	0.0	0.0
161.625	0.0	0.0
161.75	0.0	1.0e-6
161.875	0.0	1.0e-6
162.0	0.0	2.0e-6
162.125	0.0	2.0e-6
162.25	0.0	2.0e-6
162.375	0.0	2.0e-6
162.5	0.0	2.0e-6
162.625	0.0	3.0e-6
162.75	0.0	3.0e-6
162.875	0.0	3.0e-6
163.0	0.0	3.0e-6
163.125	0.0	3.0e-6
163.25	0.0	3.0e-6
163.375	0.0	3.0e-6
163.5	0.0	3.0e-6
163.625	0.0	3.0e-6
163.75	0.0	2.0e-6
163.875	0.0	2.0e-6
164.0	0.0	2.0e-6
164.125	0.0	2.0e-6
164.25	0.0	2.0e-6
164.375	0.0	2.0e-6
164.5	0.0	2.0e-6
164.625	0.0	2.0e-6
164.75	0.0	1.0e-6
164.875	0.0	1.0e-6
165.0	0.0	1.0e-6
165.125	0.0	0.0
165.25	0.0	0.0
165.375	0.0	0.0
165.5	0.0	0.0
165.625	0.0	0.0
165.75	0.0	0.0
165.875	0.0	0.0
166.0	0.0	0.0
166.125	0.0	0.0
166.25	0.0	0.0
166.375	0.0	0.0
166.5	0.0	0.0
166.625	0.0	0.0
166.75	0.0	0.0
166.875	0.0	0.0
167.0	0.0	0.0
167.125	0.0	0.0
167.25	0.0	0.0
167.375	0.0	0.0
167.5	0.0	0.0
167.625	0.0	0.0
167.75	0.0	0.0
167.875	0.0	0.0
168.0	0.0	0.0
168.125	0.0	0.0
168.25	0.0	0.0
168.375	0.0	0.0
168.5	0.0	0.0
168.625	0.0	0.0
168.75	0.0	0.0
168.875	0.0	0.0
169.0	0.0	0.0
169.125	0.0	0.0
169.25	0.0	0.0
169.375	0.0	0.0
169.5	0.0	0.0
169.625	0.0	0.0
169.75	0.0	0.0
169.875	0.0	0.0
170.0	0.0	0.0
170.125	0.0	0.0
170.25	0.0	0.0
170.375	0.0	0.0
170.5	0.0	0.0
170.625	0.0	0.0
170.75	0.0	0.0
170.875	0.0	0.0
171.0	0.0	0.0
171.125	0.0	0.0
171.25	0.0	0.0
171.375	0.0	0.0
171.5	0.0	0.0
171.625	0.0	0.0
171.75	0.0	0.0
171.875	0.0	0.0
172.0	0.0	0.0
172.125	0.0	0.0
172.25	0.0	0.0
172.375	0.0	0.0
172.5	0.0	0.0
172.625	0.0	0.0
172.75	0.0	0.0
172.875	0.0	0.0
173.0	0.0	0.0
173.125	0.0	0.0
173.25	0.0	0.0
173.375	0.0	0.0
173.5	0.0	0.0
173.625	0.0	0.0
173.75	0.0	0.0
173.875	0.0	0.0
174.0	0.0	0.0
174.125	0.0	0.0
174.25	0.0	0.0
174.375	0.0	0.0
174.5	0.0	0.0
174.625	0.0	0.0
174.75	0.0	0.0
174.875	0.0	0.0
175.0	0.0	0.0
175.125	0.0	0.0
175.25	0.0	0.0
175.375	0.0	0.0
175.5	0.0	0.0
175.625	0.0	0.0
175.75	0.0	0.0
175.875	0.0	0.0
176.0	0.0	0.0
176.125	0.0	0.0
176.25	0.0	0.0
176.375	0.0	0.0
176.5	0.0	0.0
176.625	0.0	0.0
176.75	0.0	0.0
176.875	0.0	0.0
177.0	0.0	0.0
177.125	0.0	0.0
177.25	0.0	0.0
177.375	0.0	0.0
177.5	0.0	0.0
177.625	0.0	0.0
177.75	0.0	0.0
177.875	0.0	0.0
178.0	0.0	0.0
178.125	0.0	0.0
178.25	0.0	0.0
178.375	0.0	0.0
178.5	0.0	0.0
178.625	0.0	0.0
178.75	0.0	0.0
178.875	0.0	0.0
179.0	0.0	0.0
179.125	0.0	0.0
179.25	0.0	0.0
179.375	0.0	0.0
179.5	0.0	0.0
179.625	0.0	0.0
179.75	0.0	0.0
179.875	0.0	0.0
180.0	0.0	0.0
180.125	0.0	0.0
180.25	0.0	0.0
180.375	0.0	0.0
180.5	0.0	0.0
180.625	0.0	0.0
180.75	0.0	0.0
180.875	0.0	0.0
181.0	0.0	0.0
181.125	0.0	0.0
181.25	0.0	0.0
181.375	0.0	0.0
181.5	0.0	0.0
181.625	0.0	0.0
181.75	0.0	0.0
181.875	0.0	0.0
182.0	0.0	0.0
182.125	0.0	0.0
182.25	0.0	0.0
182.375	0.0	0.0
182.5	0.0	0.0
182.625	0.0	0.0
182.75	0.0	0.0
182.875	0.0	0.0
183.0	0.0	0.0
183.125	0.0	0.0
183.25	0.0	0.0
183.375	0.0	0.0
183.5	0.0	0.0
183.625	0.0	0.0
183.75	0.0	0.0
183.875	0.0	0.0
184.0	0.0	0.0
184.125	0.0	0.0
184.25	0.0	0.0
184.375	0.0	0.0
184.5	0.0	0.0
184.625	0.0	0.0
184.75	0.0	0.0
184.875	0.0	0.0
185.0	0.0	0.0
185.125	0.0	0.0
185.25	0.0	0.0
185.375	0.0	0.0
185.5	0.0	0.0
185.625	0.0	0.0
185.75	0.0	0.0
185.875	0.0	0.0
186.0	0.0	0.0
186.125	0.0	0.0
186.25	0.0	0.0
186.375	0.0	0.0
186.5	0.0	0.0
186.625	0.0	0.0
186.75	0.0	0.0
186.875	0.0	0.0
187.0	0.0	0.0
187.125	0.0	0.0
187.25	0.0	0.0
187.375	0.0	0.0
187.5	0.0	0.0
187.625	0.0	0.0
187.75	0.0	0.0
187.875	0.0	0.0
188.0	0.0	0.0
188.125	0.0	0.0
188.25	0.0	0.0
188.375	0.0	0.0
188.5	0.0	0.0
188.625	0.0	0.0
188.75	0.0	0.0
188.875	0.0	0.0
189.0	0.0	0.0
189.125	0.0	0.0
189.25	0.0	0.0
189.375	0.0	0.0
189.5	0.0	0.0
189.625	0.0	0.0
189.75	0.0	0.0
189.875	0.0	0.0
190.0	0.0	0.0
190.125	0.0	0.0
190.25	0.0	0.0
190.375	0.0	0.0
190.5	0.0	0.0
190.625	0.0	0.0
190.75	0.0	0.0
190.875	0.0	0.0
191.0	0.0	0.0
191.125	0.0	0.0
191.25	0.0	0.0
191.375	0.0	0.0
191.5	0.0	0.0
191.625	0.0	0.0
191.75	0.0	0.0
191.875	0.0	0.0
192.0	0.0	0.0
192.125	0.0	0.0
192.25	0.0	0.0
192.375	0.0	0.0
192.5	0.0	0.0
192.625	0.0	0.0
192.75	0.0	0.0
192.875	0.0	0.0
193.0	0.0	0.0
193.125	0.0	0.0
193.25	0.0	0.0
193.375	0.0	0.0
193.5	0.0	0.0
193.625	0.0	0.0
193.75	0.0	0.0
193.875	0.0	0.0
194.0	0.0	0.0
194.125	0.0	0.0
194.25	0.0	0.0
194.375	0.0	0.0
194.5	0.0	0.0
194.625	0.0	0.0
194.75	0.0	0.0
194.875	0.0	0.0
195.0	0.0	0.0
195.125	0.0	0.0
195.25	0.0	0.0
195.375	0.0	0.0
195.5	0.0	0.0
195.625	0.0	0.0
195.75	0.0	0.0
195.875	0.0	0.0
196.0	0.0	0.0
196.125	0.0	0.0
196.25	0.0	0.0
196.375	0.0	0.0
196.5	0.0	0.0
196.625	0.0	0.0
196.75	0.0	0.0
196.875	0.0	0.0
197.0	0.0	0.0
197.125	0.0	0.0
197.25	0.0	0.0
197.375	0.0	0.0
197.5	0.0	0.0
197.625	0.0	0.0
197.75	0.0	0.0
197.875	0.0	0.0
198.0	0.0	0.0
198.125	0.0	0.0
198.25	0.0	0.0
198.375	0.0	0.0
198.5	0.0	0.0
198.625	0.0	0.0
198.75	0.0	0.0
198.875	0.0	0.0
199.0	0.0	0.0
199.125	0.0	0.0
199.25	0.0	0.0
199.375	0.0	0.0
199.5	0.0	0.0
199.625	0.0	0.0
199.75	0.0	0.0
199.875	0.0	0.0
200.0	0.0	0.0
200.125	0.0	0.0
200.25	0.0	0.0
200.375	0.0	0.0
200.5	0.0	0.0
200.625	0.0	0.0
200.75	0.0	0.0
200.875	0.0	0.0
201.0	0.0	0.0
201.125	0.0	0.0
201.25	0.0	0.0
201.375	0.0	0.0
201.5	0.0	0.0
201.625	0.0	0.0
201.75	0.0	0.0
201.875	0.0	0.0
202.0	0.0	0.0
202.125	0.0	0.0
202.25	0.0	0.0
202.375	0.0	0.0
202.5	0.0	0.0
202.625	0.0	0.0
202.75	0.0	0.0
202.875	0.0	0.0
203.0	0.0	0.0
203.125	0.0	0.0
203.25	0.0	0.0
203.375	0.0	0.0
203.5	0.0	0.0
203.625	0.0	0.0
203.75	0.0	0.0
203.875	0.0	0.0
204.0	0.0	0.0
204.125	0.0	0.0
204.25	0.0	0.0
204.375	0.0	0.0
204.5	0.0	0.0
204.625	0.0	0.0
204.75	0.0	0.0
204.875	0.0	0.0
205.0	0.0	0.0
205.125	0.0	0.0
205.25	0.0	0.0
205.375	0.0	0.0
205.5	0.0	0.0
205.625	0.0	0.0
205.75	0.0	0.0
205.875	0.0	0.0
206.0	0.0	0.0
206.125	0.0	0.0
206.25	0.0	0.0
206.375	0.0	0.0
206.5	0.0	0.0
206.625	0.0	0.0
206.75	0.0	0.0
206.875	0.0	0.0
207.0	0.0	0.0
207.125	0.0	0.0
207.25	0.0	0.0
207.375	0.0	0.0
207.5	0.0	0.0
207.625	0.0	0.0
207.75	0.0	0.0
207.875	0.0	0.0
208.0	0.0	0.0
208.125	0.0	0.0
208.25	0.0	0.0
208.375	0.0	0.0
208.5	0.0	0.0
208.625	0.0	0.0
208.75	0.0	0.0
208.875	0.0	0.0
209.0	0.0	0.0
209.125	0.0	0.0
209.25	0.0	0.0
209.375	0.0	0.0
209.5	0.0	0.0
209.625	0.0	0.0
209.75	0.0	0.0
209.875	0.0	0.0
210.0	0.0	0.0
210.125	0.0	0.0
210.25	0.0	0.0
210.375	0.0	0.0
210.5	0.0	0.0
210.625	0.0	0.0
210.75	0.0	0.0
210.875	0.0	0.0
211.0	0.0	0.0
211.125	0.0	0.0
211.25	0.0	0.0
211.375	0.0	0.0
211.5	0.0	0.0
211.625	0.0	0.0
211.75	0.0	0.0
211.875	0.0	0.0
212.0	0.0	0.0
212.125	0.0	0.0
212.25	0.0	0.0
212.375	0.0	0.0
212.5	0.0	0.0
212.625	0.0	0.0
212.75	0.0	0.0
212.875	0.0	0.0
213.0	0.0	0.0
213.125	0.0	0.0
213.25	0.0	0.0
213.375	0.0	0.0
213.5	0.0	0.0
213.625	0.0	0.0
213.75	0.0	0.0
213.875	0.0	0.0
214.0	0.0	0.0
214.125	0.0	0.0
214.25	0.0	0.0
214.375	0.0	0.0
214.5	0.0	0.0
214.625	0.0	0.0
214.75	0.0	0.0
214.875	0.0	0.0
215.0	0.0	0.0
215.125	0.0	0.0
215.25	0.0	0.0
215.375	0.0	0.0
215.5	0.0	0.0
215.625	0.0	0.0
215.75	0.0	0.0
215.875	0.0	0.0
216.0	0.0	0.0
216.125	0.0	0.0
216.25	0.0	0.0
216.375	0.0	0.0
216.5	0.0	0.0
216.625	0.0	0.0
216.75	0.0	0.0
216.875	0.0	0.0
217.0	0.0	0.0
217.125	0.0	0.0
217.25	0.0	0.0
217.375	0.0	0.0
217.5	0.0	0.0
217.625	0.0	0.0
217.75	0.0	0.0
217.875	0.0	0.0
218.0	0.0	0.0
218.125	0.0	0.0
218.25	0.0	0.0
218.375	0.0	0.0
218.5	0.0	0.0
218.625	0.0	0.0
218.75	0.0	0.0
218.875	0.0	0.0
219.0	0.0	0.0
219.125	0.0	0.0
219.25	0.0	0.0
219.375	0.0	0.0
219.5	0.0	0.0
219.625	0.0	0.0
219.75	0.0	0.0
219.875	0.0	0.0
220.0	0.0	0.0
220.125	0.0	0.0
220.25	0.0	0.0
220.375	0.0	0.0
220.5	0.0	0.0
220.625	0.0	0.0
220.75	0.0	0.0
220.875	0.0	0.0
221.0	0.0	0.0
221.125	0.0	0.0
221.25	0.0	0.0
221.375	0.0	0.0
221.5	0.0	0.0
221.625	0.0	0.0
221.75	0.0	0.0
221.875	0.0	0.0
222.0	0.0	0.0
222.125	0.0	0.0
222.25	0.0	0.0
222.375	0.0	0.0
222.5	0.0	0.0
222.625	0.0	0.0
222.75	0.0	0.0
222.875	0.0	0.0
223.0	0.0	0.0
223.125	0.0	0.0
223.25	0.0	0.0
223.375	0.0	0.0
223.5	0.0	0.0
223.625	0.0	0.0
223.75	0.0	0.0
223.875	0.0	0.0
224.0	0.0	0.0
224.125	0.0	0.0
224.25	0.0	0.0
224.375	0.0	0.0
224.5	0.0	0.0
224.625	0.0	0.0
224.75	0.0	0.0
224.875	0.0	0.0
225.0	0.0	0.0
225.125	0.0	0.0
225.25	0.0	0.0
225.375	0.0	0.0
225.5	0.0	0.0
225.625	0.0	0.0
225.75	0.0	0.0
225.875	0.0	0.0
226.0	0.0	0.0
226.125	0.0	0.0
226.25	0.0	0.0
226.375	0.0	0.0
226.5	0.0	0.0
226.625	0.0	0.0
226.75	0.0	0.0
226.875	0.0	0.0
227.0	0.0	0.0
227.125	0.0	0.0
227.25	0.0	0.0
227.375	0.0	0.0
227.5	0.0	0.0
227.625	0.0	0.0
227.75	0.0	0.0
227.875	0.0	0.0
228.0	0.0	0.0
228.125	0.0	0.0
228.25	0.0	0.0
228.375	0.0	0.0
228.5	0.0	0.0
228.625	0.0	0.0
228.75	0.0	0.0
228.875	0.0	0.0
229.0	0.0	0.0
229.125	0.0	0.0
229.25	0.0	0.0
229.375	0.0	0.0
229.5	0.0	0.0
229.625	0.0	0.0
229.75	0.0	0.0
229.875	0.0	0.0
230.0	0.0	0.0
230.125	0.0	0.0
230.25	0.0	0.0
230.375	0.0	0.0
230.5	0.0	0.0
230.625	0.0	0.0
230.75	0.0	0.0
230.875	0.0	0.0
231.0	0.0	0.0
231.125	0.0	0.0
231.25	0.0	0.0
231.375	0.0	0.0
231.5	0.0	0.0
231.625	0.0	0.0
231.75	0.0	0.0
231.875	0.0	0.0
232.0	0.0	0.0
232.125	0.0	0.0
232.25	0.0	0.0
232.375	0.0	0.0
232.5	0.0	0.0
232.625	0.0	0.0
232.75	0.0	0.0
232.875	0.0	0.0
233.0	0.0	0.0
233.125	0.0	0.0
233.25	0.0	0.0
233.375	0.0	0.0
233.5	0.0	0.0
233.625	0.0	0.0
233.75	0.0	0.0
233.875	0.0	0.0
234.0	0.0	0.0
234.125	0.0	0.0
234.25	0.0	0.0
234.375	0.0	0.0
234.5	0.0	0.0
234.625	0.0	0.0
234.75	0.0	0.0
234.875	0.0	0.0
235.0	0.0	0.0
235.125	0.0	0.0
235.25	0.0	0.0
235.375	0.0	0.0
235.5	0.0	0.0
235.625	0.0	0.0
235.75	0.0	0.0
235.875	0.0	0.0
236.0	0.0	0.0
236.125	0.0	0.0
236.25	0.0	0.0
236.375	0.0	0.0
236.5	0.0	0.0
236.625	0.0	0.0
236.75	0.0	0.0
236.875	0.0	0.0
237.0	0.0	0.0
237.125	0.0	0.0
237.25	0.0	0.0
237.375	0.0	0.0
237.5	0.0	0.0
237.625	0.0	0.0
237.75	0.0	0.0
237.875	0.0	0.0
238.0	0.0	0.0
238.125	0.0	0.0
238.25	0.0	0.0
238.375	0.0	0.0
238.5	0.0	0.0
238.625	0.0	0.0
238.75	0.0	0.0
238.875	0.0	0.0
239.0	0.0	0.0
239.125	0.0	0.0
239.25	0.0	0.0
239.375	0.0	0.0
239.5	0.0	0.0
239.625	0.0	0.0
239.75	0.0	0.0
239.875	0.0	0.0
240.0	0.0	0.0
240.125	0.0	0.0
240.25	0.0	0.0
240.375	0.0	0.0
240.5	0.0	0.0
240.625	0.0	0.0
240.75	0.0	0.0
240.875	0.0	0.0
241.0	0.0	0.0
241.125	0.0	0.0
241.25	0.0	0.0
241.375	0.0	0.0
241.5	0.0	0.0
241.625	0.0	0.0
241.75	0.0	0.0
241.875	0.0	0.0
242.0	0.0	0.0
242.125	0.0	0.0
242.25	0.0	0.0
242.375	0.0	0.0
242.5	0.0	0.0
242.625	0.0	0.0
242.75	0.0	0.0
242.875	0.0	0.0
243.0	0.0	0.0
243.125	0.0	0.0
243.25	0.0	0.0
243.375	0.0	0.0
243.5	0.0	0.0
243.625	0.0	0.0
243.75	0.0	0.0
243.875	0.0	0.0
244.0	0.0	0.0
244.125	0.0	0.0
244.25	0.0	0.0
244.375	0.0	0.0
244.5	0.0	0.0
244.625	0.0	0.0
244.75	0.0	0.0
244.875	0.0	0.0
245.0	0.0	0.0
245.125	0.0	0.0
245.25	0.0	0.0
245.375	0.0	0.0
245.5	0.0	0.0
245.625	0.0	0.0
245.75	0.0	0.0
245.875	0.0	0.0
246.0	0.0	0.0
246.125	0.0	0.0
246.25	0.0	0.0
246.375	0.0	0.0
246.5	0.0	0.0
246.625	0.0	0.0
246.75	0.0	0.0
246.875	0.0	0.0
247.0	0.0	0.0
247.125	0.0	0.0
247.25	0.0	0.0
247.375	0.0	0.0
247.5	0.0	0.0
247.625	0.0	0.0
247.75	0.0	0.0
247.875	0.0	0.0
248.0	0.0	0.0
248.125	0.0	0.0
248.25	0.0	0.0
248.375	0.0	0.0
248.5	0.0	0.0
248.625	0.0	0.0
248.75	0.0	0.0
248.875	0.0	0.0
249.0	0.0	0.0
249.125	0.0	0.0
249.25	0.0	0.0
249.375	0.0	0.0
249.5	0.0	0.0
249.625	0.0	0.0
249.75	0.0	0.0
249.875	0.0	0.0
250.0	0.0	0.0
250.125	0.0	0.0
250.25	0.0	0.0
250.375	0.0	0.0
250.5	0.0	0.0
250.625	0.0	0.0
250.75	0.0	0.0
250.875	0.0	0.0
251.0	0.0	0.0
251.125	0.0	0.0
251.25	0.0	0.0
251.375	0.0	0.0
251.5	0.0	0.0
251.625	0.0	0.0
251.75	0.0	0.0
251.875	0.0	0.0
252.0	0.0	0.0
252.125	0.0	0.0
252.25	0.0	0.0
252.375	0.0	0.0
252.5	0.0	0.0
252.625	0.0	0.0
252.75	0.0	0.0
252.875	0.0	0.0
253.0	0.0	0.0
253.125	0.0	0.0
253.25	0.0	0.0
253.375	0.0	0.0
253.5	0.0	0.0
253.625	0.0	0.0
253.75	0.0	0.0
253.875	0.0	0.0
254.0	0.0	0.0
254.125	0.0	0.0
254.25	0.0	0.0
254.375	0.0	0.0
254.5	0.0	0.0
254.625	0.0	0.0
254.75	0.0	0.0
254.875	0.0	0.0
255.0	0.0	0.0
255.125	0.0	0.0
255.25	0.0	0.0
255.375	0.0	0.0
255.5	0.0	0.0
255.625	0.0	0.0
255.75	0.0	0.0
255.875	0.0	0.0
256.0	0.0	0.0
256.125	0.0	0.0
256.25	0.0	0.0
256.375	0.0	0.0
256.5	0.0	0.0
256.625	0.0	0.0
256.75	0.0	0.0
256.875	0.0	0.0
257.0	0.0	0.0
257.125	0.0	0.0
257.25	0.0	0.0
257.375	0.0	0.0
257.5	0.0	0.0
257.625	0.0	0.0
