-254.25	0.0	-0.00011
-254.125	0.0	-0.00011
-254.0	0.0	-0.00011
-253.875	0.0	-0.00011
-253.75	0.0	-0.00011
-253.625	0.0	-0.00011
-253.5	0.0	-0.00011
-253.375	0.0	-0.00011
-253.25	0.0	-0.00011
-253.125	0.0	-0.00011
-253.0	0.0	-0.00011
-252.875	0.0	-0.000111
-252.75	0.0	-0.000111
-252.625	0.0	-0.000111
-252.5	0.0	-0.000111
-252.375	0.0	-0.000111
-252.25	0.0	-0.000111
-252.125	0.0	-0.000111
-252.0	0.0	-0.000111
-251.875	0.0	-0.000111
-251.75	0.0	-0.000111
-251.625	0.0	-0.000111
-251.5	0.0	-0.000111
-251.375	0.0	-0.000111
-251.25	0.0	-0.000111
-251.125	0.0	-0.000111
-251.0	0.0	-0.000111
-250.875	0.0	-0.000111
-250.75	0.0	-0.000111
-250.625	0.0	-0.000111
-250.5	0.0	-0.000111
-250.375	0.0	-0.000111
-250.25	0.0	-0.000111
-250.125	0.0	-0.000111
-250.0	0.0	-0.000111
-249.875	0.0	-0.000111
-249.75	0.0	-0.000111
-249.625	0.0	-0.000111
-249.5	0.0	-0.000111
-249.375	0.0	-0.000111
-249.25	0.0	-0.000111
-249.125	0.0	-0.000111
-249.0	0.0	-0.000111
-248.875	0.0	-0.000111
-248.75	0.0	-0.000111
-248.625	0.0	-0.000111
-248.5	0.0	-0.000111
-248.375	0.0	-0.000111
-248.25	0.0	-0.000111
-248.125	0.0	-0.000111
-248.0	0.0	-0.000111
-247.875	0.0	-0.000111
-247.75	0.0	-0.000111
-247.625	0.0	-0.000111
-247.5	0.0	-0.000111
-247.375	0.0	-0.000111
-247.25	0.0	-0.000111
-247.125	0.0	-0.000111
-247.0	0.0	-0.000111
-246.875	0.0	-0.000111
-246.75	0.0	-0.000111
-246.625	0.0	-0.000111
-246.5	0.0	-0.000111
-246.375	0.0	-0.000111
-246.25	0.0	-0.000111
-246.125	0.0	-0.000111
-246.0	0.0	-0.000111
-245.875	0.0	-0.000111
-245.75	0.0	-0.000111
-245.625	0.0	-0.000111
-245.5	0.0	-0.000111
-245.375	0.0	-0.000112
-245.25	0.0	-0.000112
-245.125	0.0	-0.000112
-245.0	0.0	-0.000112
-244.875	0.0	-0.000112
-244.75	0.0	-0.000112
-244.625	0.0	-0.000112
-244.5	0.0	-0.000112
-244.375	0.0	-0.000112
-244.25	0.0	-0.000112
-244.125	0.0	-0.000112
-244.0	0.0	-0.000112
-243.875	0.0	-0.000112
-243.75	0.0	-0.000112
-243.625	0.0	-0.000112
-243.5	0.0	-0.000112
-243.375	0.0	-0.000112
-243.25	0.0	-0.000112
-243.125	0.0	-0.000112
-243.0	0.0	-0.000112
-242.875	0.0	-0.000112
-242.75	0.0	-0.000112
-242.625	0.0	-0.000112
-242.5	0.0	-0.000112
-242.375	0.0	-0.000112
-242.25	0.0	-0.000112
-242.125	0.0	-0.000112
-242.0	0.0	-0.000112
-241.875	0.0	-0.000112
-241.75	0.0	-0.000112
-241.625	0.0	-0.000112
-241.5	0.0	-0.000112
-241.375	0.0	-0.000112
-241.25	0.0	-0.000112
-241.125	0.0	-0.000112
-241.0	0.0	-0.000112
-240.875	0.0	-0.000112
-240.75	0.0	-0.000112
-240.625	0.0	-0.000112
-240.5	0.0	-0.000112
-240.375	0.0	-0.000112
-240.25	0.0	-0.000112
-240.125	0.0	-0.000112
-240.0	0.0	-0.000112
-239.875	0.0	-0.000112
-239.75	0.0	-0.000112
-239.625	0.0	-0.000112
-239.5	0.0	-0.000112
-239.375	0.0	-0.000112
-239.25	0.0	-0.000112
-239.125	0.0	-0.000112
-239.0	0.0	-0.000112
-238.875	0.0	-0.000112
-238.75	0.0	-0.000112
-238.625	0.0	-0.000112
-238.5	0.0	-0.000112
-238.375	0.0	-0.000112
-238.25	0.0	-0.000112
-238.125	0.0	-0.000112
-238.0	0.0	-0.000112
-237.875	0.0	-0.000112
-237.75	0.0	-0.000113
-237.625	0.0	-0.000113
-237.5	0.0	-0.000113
-237.375	0.0	-0.000113
-237.25	0.0	-0.000113
-237.125	0.0	-0.000113
-237.0	0.0	-0.000113
-236.875	0.0	-0.000113
-236.75	0.0	-0.000113
-236.625	0.0	-0.000113
-236.5	0.0	-0.000113
-236.375	0.0	-0.000113
-236.25	0.0	-0.000113
-236.125	0.0	-0.000113
-236.0	0.0	-0.000113
-235.875	0.0	-0.000113
-235.75	0.0	-0.000113
-235.625	0.0	-0.000113
-235.5	0.0	-0.000113
-235.375	0.0	-0.000113
-235.25	0.0	-0.000113
-235.125	0.0	-0.000113
-235.0	0.0	-0.000113
-234.875	0.0	-0.000113
-234.75	0.0	-0.000113
-234.625	0.0	-0.000113
-234.5	0.0	-0.000113
-234.375	0.0	-0.000113
-234.25	0.0	-0.000113
-234.125	0.0	-0.000113
-234.0	0.0	-0.000113
-233.875	0.0	-0.000113
-233.75	0.0	-0.000113
-233.625	0.0	-0.000113
-233.5	0.0	-0.000113
-233.375	0.0	-0.000113
-233.25	0.0	-0.000113
-233.125	0.0	-0.000113
-233.0	0.0	-0.000113
-232.875	0.0	-0.000113
-232.75	0.0	-0.000113
-232.625	0.0	-0.000113
-232.5	0.0	-0.000113
-232.375	0.0	-0.000113
-232.25	0.0	-0.000113
-232.125	0.0	-0.000113
-232.0	0.0	-0.000113
-231.875	0.0	-0.000113
-231.75	0.0	-0.000113
-231.625	0.0	-0.000113
-231.5	0.0	-0.000113
-231.375	0.0	-0.000113
-231.25	0.0	-0.000113
-231.125	0.0	-0.000113
-231.0	0.0	-0.000113
-230.875	0.0	-0.000113
-230.75	0.0	-0.000113
-230.625	0.0	-0.000113
-230.5	0.0	-0.000113
-230.375	0.0	-0.000113
-230.25	0.0	-0.000113
-230.125	0.0	-0.000113
-230.0	0.0	-0.000114
-229.875	0.0	-0.000114
-229.75	0.0	-0.000114
-229.625	0.0	-0.000114
-229.5	0.0	-0.000114
-229.375	0.0	-0.000114
-229.25	0.0	-0.000114
-229.125	0.0	-0.000114
-229.0	0.0	-0.000114
-228.875	0.0	-0.000114
-228.75	0.0	-0.000114
-228.625	0.0	-0.000114
-228.5	0.0	-0.000114
-228.375	0.0	-0.000114
-228.25	0.0	-0.000114
-228.125	0.0	-0.000114
-228.0	0.0	-0.000114
-227.875	0.0	-0.000114
-227.75	0.0	-0.000114
-227.625	0.0	-0.000114
-227.5	0.0	-0.000114
-227.375	0.0	-0.000114
-227.25	0.0	-0.000114
-227.125	0.0	-0.000114
-227.0	0.0	-0.000114
-226.875	0.0	-0.000114
-226.75	0.0	-0.000114
-226.625	0.0	-0.000114
-226.5	0.0	-0.000114
-226.375	0.0	-0.000114
-226.25	0.0	-0.000114
-226.125	0.0	-0.000114
-226.0	0.0	-0.000114
-225.875	0.0	-0.000114
-225.75	0.0	-0.000114
-225.625	0.0	-0.000114
-225.5	0.0	-0.000114
-225.375	0.0	-0.000114
-225.25	0.0	-0.000114
-225.125	0.0	-0.000114
-225.0	0.0	-0.000114
-224.875	0.0	-0.000114
-224.75	0.0	-0.000114
-224.625	0.0	-0.000114
-224.5	0.0	-0.000114
-224.375	0.0	-0.000114
-224.25	0.0	-0.000114
-224.125	0.0	-0.000114
-224.0	0.0	-0.000114
-223.875	0.0	-0.000114
-223.75	0.0	-0.000114
-223.625	0.0	-0.000114
-223.5	0.0	-0.000114
-223.375	0.0	-0.000114
-223.25	0.0	-0.000114
-223.125	0.0	-0.000114
-223.0	0.0	-0.000114
-222.875	0.0	-0.000114
-222.75	0.0	-0.000114
-222.625	0.0	-0.000114
-222.5	0.0	-0.000114
-222.375	0.0	-0.000114
-222.25	0.0	-0.000115
-222.125	0.0	-0.000115
-222.0	0.0	-0.000115
-221.875	0.0	-0.000115
-221.75	0.0	-0.000115
-221.625	0.0	-0.000115
-221.5	0.0	-0.000115
-221.375	0.0	-0.000115
-221.25	0.0	-0.000115
-221.125	0.0	-0.000115
-221.0	0.0	-0.000115
-220.875	0.0	-0.000115
-220.75	0.0	-0.000115
-220.625	0.0	-0.000115
-220.5	0.0	-0.000115
-220.375	0.0	-0.000115
-220.25	0.0	-0.000115
-220.125	0.0	-0.000115
-220.0	0.0	-0.000115
-219.875	0.0	-0.000115
-219.75	0.0	-0.000115
-219.625	0.0	-0.000115
-219.5	0.0	-0.000115
-219.375	0.0	-0.000115
-219.25	0.0	-0.000115
-219.125	0.0	-0.000115
-219.0	0.0	-0.000115
-218.875	0.0	-0.000115
-218.75	0.0	-0.000115
-218.625	0.0	-0.000115
-218.5	0.0	-0.000115
-218.375	0.0	-0.000115
-218.25	0.0	-0.000115
-218.125	0.0	-0.000115
-218.0	0.0	-0.000115
-217.875	0.0	-0.000115
-217.75	0.0	-0.000115
-217.625	0.0	-0.000115
-217.5	0.0	-0.000115
-217.375	0.0	-0.000115
-217.25	0.0	-0.000115
-217.125	0.0	-0.000115
-217.0	0.0	-0.000115
-216.875	0.0	-0.000115
-216.75	0.0	-0.000115
-216.625	0.0	-0.000115
-216.5	0.0	-0.000115
-216.375	0.0	-0.000115
-216.25	0.0	-0.000115
-216.125	0.0	-0.000115
-216.0	0.0	-0.000115
-215.875	0.0	-0.000115
-215.75	0.0	-0.000115
-215.625	0.0	-0.000115
-215.5	0.0	-0.000115
-215.375	0.0	-0.000115
-215.25	0.0	-0.000115
-215.125	0.0	-0.000115
-215.0	0.0	-0.000115
-214.875	0.0	-0.000115
-214.75	0.0	-0.000115
-214.625	0.0	-0.000115
-214.5	0.0	-0.000115
-214.375	0.0	-0.000116
-214.25	0.0	-0.000116
-214.125	0.0	-0.000116
-214.0	0.0	-0.000116
-213.875	0.0	-0.000116
-213.75	0.0	-0.000116
-213.625	0.0	-0.000116
-213.5	0.0	-0.000116
-213.375	0.0	-0.000116
-213.25	0.0	-0.000116
-213.125	0.0	-0.000116
-213.0	0.0	-0.000116
-212.875	0.0	-0.000116
-212.75	0.0	-0.000116
-212.625	0.0	-0.000116
-212.5	0.0	-0.000116
-212.375	0.0	-0.000116
-212.25	0.0	-0.000116
-212.125	0.0	-0.000116
-212.0	0.0	-0.000116
-211.875	0.0	-0.000116
-211.75	0.0	-0.000116
-211.625	0.0	-0.000116
-211.5	0.0	-0.000116
-211.375	0.0	-0.000116
-211.25	0.0	-0.000116
-211.125	0.0	-0.000116
-211.0	0.0	-0.000116
-210.875	0.0	-0.000116
-210.75	0.0	-0.000116
-210.625	0.0	-0.000116
-210.5	0.0	-0.000116
-210.375	0.0	-0.000116
-210.25	0.0	-0.000116
-210.125	0.0	-0.000116
-210.0	0.0	-0.000116
-209.875	0.0	-0.000116
-209.75	0.0	-0.000116
-209.625	0.0	-0.000116
-209.5	0.0	-0.000116
-209.375	0.0	-0.000116
-209.25	0.0	-0.000116
-209.125	0.0	-0.000116
-209.0	0.0	-0.000116
-208.875	0.0	-0.000116
-208.75	0.0	-0.000116
-208.625	0.0	-0.000116
-208.5	0.0	-0.000116
-208.375	0.0	-0.000116
-208.25	0.0	-0.000116
-208.125	0.0	-0.000116
-208.0	0.0	-0.000116
-207.875	0.0	-0.000116
-207.75	0.0	-0.000116
-207.625	0.0	-0.000116
-207.5	0.0	-0.000116
-207.375	0.0	-0.000116
-207.25	0.0	-0.000116
-207.125	0.0	-0.000116
-207.0	0.0	-0.000116
-206.875	0.0	-0.000116
-206.75	0.0	-0.000116
-206.625	0.0	-0.000117
-206.5	0.0	-0.000117
-206.375	0.0	-0.000117
-206.25	0.0	-0.000117
-206.125	0.0	-0.000117
-206.0	0.0	-0.000117
-205.875	0.0	-0.000117
-205.75	0.0	-0.000117
-205.625	0.0	-0.000117
-205.5	0.0	-0.000117
-205.375	0.0	-0.000117
-205.25	0.0	-0.000117
-205.125	0.0	-0.000117
-205.0	0.0	-0.000117
-204.875	0.0	-0.000117
-204.75	0.0	-0.000117
-204.625	0.0	-0.000117
-204.5	0.0	-0.000117
-204.375	0.0	-0.000117
-204.25	0.0	-0.000117
-204.125	0.0	-0.000117
-204.0	0.0	-0.000117
-203.875	0.0	-0.000117
-203.75	0.0	-0.000117
-203.625	0.0	-0.000117
-203.5	0.0	-0.000117
-203.375	0.0	-0.000117
-203.25	0.0	-0.000117
-203.125	0.0	-0.000117
-203.0	0.0	-0.000117
-202.875	0.0	-0.000117
-202.75	0.0	-0.000117
-202.625	0.0	-0.000117
-202.5	0.0	-0.000117
-202.375	0.0	-0.000117
-202.25	0.0	-0.000117
-202.125	0.0	-0.000117
-202.0	0.0	-0.000117
-201.875	0.0	-0.000117
-201.75	0.0	-0.000117
-201.625	0.0	-0.000117
-201.5	0.0	-0.000117
-201.375	0.0	-0.000117
-201.25	0.0	-0.000117
-201.125	0.0	-0.000117
-201.0	0.0	-0.000117
-200.875	0.0	-0.000117
-200.75	0.0	-0.000117
-200.625	0.0	-0.000117
-200.5	0.0	-0.000117
-200.375	0.0	-0.000117
-200.25	0.0	-0.000117
-200.125	0.0	-0.000117
-200.0	0.0	-0.000117
-199.875	0.0	-0.000117
-199.75	0.0	-0.000117
-199.625	0.0	-0.000117
-199.5	0.0	-0.000117
-199.375	0.0	-0.000117
-199.25	0.0	-0.000117
-199.125	0.0	-0.000117
-199.0	0.0	-0.000117
-198.875	0.0	-0.000118
-198.75	0.0	-0.000118
-198.625	0.0	-0.000118
-198.5	0.0	-0.000118
-198.375	0.0	-0.000118
-198.25	0.0	-0.000118
-198.125	0.0	-0.000118
-198.0	0.0	-0.000118
-197.875	0.0	-0.000118
-197.75	0.0	-0.000118
-197.625	0.0	-0.000118
-197.5	0.0	-0.000118
-197.375	0.0	-0.000118
-197.25	0.0	-0.000118
-197.125	0.0	-0.000118
-197.0	0.0	-0.000118
-196.875	0.0	-0.000118
-196.75	0.0	-0.000118
-196.625	0.0	-0.000118
-196.5	0.0	-0.000118
-196.375	0.0	-0.000118
-196.25	0.0	-0.000118
-196.125	0.0	-0.000118
-196.0	0.0	-0.000118
-195.875	0.0	-0.000118
-195.75	0.0	-0.000118
-195.625	0.0	-0.000118
-195.5	0.0	-0.000118
-195.375	0.0	-0.000118
-195.25	0.0	-0.000118
-195.125	0.0	-0.000118
-195.0	0.0	-0.000118
-194.875	0.0	-0.000118
-194.75	0.0	-0.000118
-194.625	0.0	-0.000118
-194.5	0.0	-0.000118
-194.375	0.0	-0.000118
-194.25	0.0	-0.000118
-194.125	0.0	-0.000118
-194.0	0.0	-0.000118
-193.875	0.0	-0.000118
-193.75	0.0	-0.000118
-193.625	0.0	-0.000118
-193.5	0.0	-0.000118
-193.375	0.0	-0.000118
-193.25	0.0	-0.000118
-193.125	0.0	-0.000118
-193.0	0.0	-0.000118
-192.875	0.0	-0.000118
-192.75	0.0	-0.000118
-192.625	0.0	-0.000118
-192.5	0.0	-0.000118
-192.375	0.0	-0.000118
-192.25	0.0	-0.000118
-192.125	0.0	-0.000118
-192.0	0.0	-0.000118
-191.875	0.0	-0.000118
-191.75	0.0	-0.000118
-191.625	0.0	-0.000118
-191.5	0.0	-0.000118
-191.375	0.0	-0.000118
-191.25	0.0	-0.000119
-191.125	0.0	-0.000119
-191.0	0.0	-0.000119
-190.875	0.0	-0.000119
-190.75	0.0	-0.000119
-190.625	0.0	-0.000119
-190.5	0.0	-0.000119
-190.375	0.0	-0.000119
-190.25	0.0	-0.000119
-190.125	0.0	-0.000119
-190.0	0.0	-0.000119
-189.875	0.0	-0.000119
-189.75	0.0	-0.000119
-189.625	0.0	-0.000119
-189.5	0.0	-0.000119
-189.375	0.0	-0.000119
-189.25	0.0	-0.000119
-189.125	0.0	-0.000119
-189.0	0.0	-0.000119
-188.875	0.0	-0.000119
-188.75	0.0	-0.000119
-188.625	0.0	-0.000119
-188.5	0.0	-0.000119
-188.375	0.0	-0.000119
-188.25	0.0	-0.000119
-188.125	0.0	-0.000119
-188.0	0.0	-0.000119
-187.875	0.0	-0.000119
-187.75	0.0	-0.000119
-187.625	0.0	-0.000119
-187.5	0.0	-0.000119
-187.375	0.0	-0.000119
-187.25	0.0	-0.000119
-187.125	0.0	-0.000119
-187.0	0.0	-0.000119
-186.875	0.0	-0.000119
-186.75	0.0	-0.000119
-186.625	0.0	-0.000119
-186.5	0.0	-0.000119
-186.375	0.0	-0.000119
-186.25	0.0	-0.000119
-186.125	0.0	-0.000119
-186.0	0.0	-0.000119
-185.875	0.0	-0.000119
-185.75	0.0	-0.000119
-185.625	0.0	-0.000119
-185.5	0.0	-0.000119
-185.375	0.0	-0.000119
-185.25	0.0	-0.000119
-185.125	0.0	-0.000119
-185.0	0.0	-0.000119
-184.875	0.0	-0.000119
-184.75	0.0	-0.000119
-184.625	0.0	-0.000119
-184.5	0.0	-0.000119
-184.375	0.0	-0.000119
-184.25	0.0	-0.000119
-184.125	0.0	-0.000119
-184.0	0.0	-0.000119
-183.875	0.0	-0.000119
-183.75	0.0	-0.000119
-183.625	0.0	-0.00012
-183.5	0.0	-0.00012
-183.375	0.0	-0.00012
-183.25	0.0	-0.00012
-183.125	0.0	-0.00012
-183.0	0.0	-0.00012
-182.875	0.0	-0.00012
-182.75	0.0	-0.00012
-182.625	0.0	-0.00012
-182.5	0.0	-0.00012
-182.375	0.0	-0.00012
-182.25	0.0	-0.00012
-182.125	0.0	-0.00012
-182.0	0.0	-0.00012
-181.875	0.0	-0.00012
-181.75	0.0	-0.00012
-181.625	0.0	-0.00012
-181.5	0.0	-0.00012
-181.375	0.0	-0.00012
-181.25	0.0	-0.00012
-181.125	0.0	-0.00012
-181.0	0.0	-0.00012
-180.875	0.0	-0.00012
-180.75	0.0	-0.00012
-180.625	0.0	-0.00012
-180.5	0.0	-0.00012
-180.375	0.0	-0.00012
-180.25	0.0	-0.00012
-180.125	0.0	-0.00012
-180.0	0.0	-0.00012
-179.875	0.0	-0.00012
-179.75	0.0	-0.00012
-179.625	0.0	-0.00012
-179.5	0.0	-0.00012
-179.375	0.0	-0.00012
-179.25	0.0	-0.00012
-179.125	0.0	-0.00012
-179.0	0.0	-0.00012
-178.875	0.0	-0.00012
-178.75	0.0	-0.00012
-178.625	0.0	-0.00012
-178.5	0.0	-0.00012
-178.375	0.0	-0.00012
-178.25	0.0	-0.00012
-178.125	0.0	-0.00012
-178.0	0.0	-0.00012
-177.875	0.0	-0.00012
-177.75	0.0	-0.00012
-177.625	0.0	-0.00012
-177.5	0.0	-0.00012
-177.375	0.0	-0.00012
-177.25	0.0	-0.00012
-177.125	0.0	-0.00012
-177.0	0.0	-0.00012
-176.875	0.0	-0.00012
-176.75	0.0	-0.00012
-176.625	0.0	-0.00012
-176.5	0.0	-0.00012
-176.375	0.0	-0.00012
-176.25	0.0	-0.00012
-176.125	0.0	-0.000121
-176.0	0.0	-0.000121
-175.875	0.0	-0.000121
-175.75	0.0	-0.000121
-175.625	0.0	-0.000121
-175.5	0.0	-0.000121
-175.375	0.0	-0.000121
-175.25	0.0	-0.000121
-175.125	0.0	-0.000121
-175.0	0.0	-0.000121
-174.875	0.0	-0.000121
-174.75	0.0	-0.000121
-174.625	0.0	-0.000121
-174.5	0.0	-0.000121
-174.375	0.0	-0.000121
-174.25	0.0	-0.000121
-174.125	0.0	-0.000121
-174.0	0.0	-0.000121
-173.875	0.0	-0.000121
-173.75	0.0	-0.000121
-173.625	0.0	-0.000121
-173.5	0.0	-0.000121
-173.375	0.0	-0.000121
-173.25	0.0	-0.000121
-173.125	0.0	-0.000121
-173.0	0.0	-0.000121
-172.875	0.0	-0.000121
-172.75	0.0	-0.000121
-172.625	0.0	-0.000121
-172.5	0.0	-0.000121
-172.375	0.0	-0.000121
-172.25	0.0	-0.000121
-172.125	0.0	-0.000121
-172.0	0.0	-0.000121
-171.875	0.0	-0.000121
-171.75	0.0	-0.000121
-171.625	0.0	-0.000121
-171.5	0.0	-0.000121
-171.375	0.0	-0.000121
-171.25	0.0	-0.000121
-171.125	0.0	-0.000121
-171.0	0.0	-0.000121
-170.875	0.0	-0.000121
-170.75	0.0	-0.000121
-170.625	0.0	-0.000121
-170.5	0.0	-0.000121
-170.375	0.0	-0.000121
-170.25	0.0	-0.000121
-170.125	0.0	-0.000121
-170.0	0.0	-0.000121
-169.875	0.0	-0.000121
-169.75	0.0	-0.000121
-169.625	0.0	-0.000121
-169.5	0.0	-0.000121
-169.375	0.0	-0.000121
-169.25	0.0	-0.000121
-169.125	0.0	-0.000121
-169.0	0.0	-0.000121
-168.875	0.0	-0.000122
-168.75	0.0	-0.000122
-168.625	0.0	-0.000122
-168.5	0.0	-0.000122
-168.375	0.0	-0.000122
-168.25	0.0	-0.000122
-168.125	0.0	-0.000122
-168.0	0.0	-0.000122
-167.875	0.0	-0.000122
-167.75	0.0	-0.000122
-167.625	0.0	-0.000122
-167.5	0.0	-0.000122
-167.375	0.0	-0.000122
-167.25	0.0	-0.000122
-167.125	0.0	-0.000122
-167.0	0.0	-0.000122
-166.875	0.0	-0.000122
-166.75	0.0	-0.000122
-166.625	0.0	-0.000122
-166.5	0.0	-0.000122
-166.375	0.0	-0.000122
-166.25	0.0	-0.000122
-166.125	0.0	-0.000122
-166.0	0.0	-0.000122
-165.875	0.0	-0.000122
-165.75	0.0	-0.000122
-165.625	0.0	-0.000122
-165.5	0.0	-0.000122
-165.375	0.0	-0.000122
-165.25	0.0	-0.000122
-165.125	0.0	-0.000122
-165.0	0.0	-0.000122
-164.875	0.0	-0.000122
-164.75	0.0	-0.000122
-164.625	0.0	-0.000122
-164.5	0.0	-0.000122
-164.375	0.0	-0.000122
-164.25	0.0	-0.000122
-164.125	0.0	-0.000122
-164.0	0.0	-0.000122
-163.875	0.0	-0.000122
-163.75	0.0	-0.000122
-163.625	0.0	-0.000122
-163.5	0.0	-0.000122
-163.375	0.0	-0.000122
-163.25	0.0	-0.000122
-163.125	0.0	-0.000122
-163.0	0.0	-0.000122
-162.875	0.0	-0.000122
-162.75	0.0	-0.000122
-162.625	0.0	-0.000122
-162.5	0.0	-0.000122
-162.375	0.0	-0.000122
-162.25	0.0	-0.000122
-162.125	0.0	-0.000122
-162.0	0.0	-0.000122
-161.875	0.0	-0.000122
-161.75	0.0	-0.000123
-161.625	0.0	-0.000123
-161.5	0.0	-0.000123
-161.375	0.0	-0.000123
-161.25	0.0	-0.000123
-161.125	0.0	-0.000123
-161.0	0.0	-0.000123
-160.875	0.0	-0.000123
-160.75	0.0	-0.000123
-160.625	0.0	-0.000123
-160.5	0.0	-0.000123
-160.375	0.0	-0.000123
-160.25	0.0	-0.000123
-160.125	0.0	-0.000123
-160.0	0.0	-0.000123
-159.875	0.0	-0.000123
-159.75	0.0	-0.000123
-159.625	0.0	-0.000123
-159.5	0.0	-0.000123
-159.375	0.0	-0.000123
-159.25	0.0	-0.000123
-159.125	0.0	-0.000123
-159.0	0.0	-0.000123
-158.875	0.0	-0.000123
-158.75	0.0	-0.000123
-158.625	0.0	-0.000123
-158.5	0.0	-0.000123
-158.375	0.0	-0.000123
-158.25	0.0	-0.000123
-158.125	0.0	-0.000123
-158.0	0.0	-0.000123
-157.875	0.0	-0.000123
-157.75	0.0	-0.000123
-157.625	0.0	-0.000123
-157.5	0.0	-0.000123
-157.375	0.0	-0.000123
-157.25	0.0	-0.000123
-157.125	0.0	-0.000123
-157.0	0.0	-0.000123
-156.875	0.0	-0.000123
-156.75	0.0	-0.000123
-156.625	0.0	-0.000123
-156.5	0.0	-0.000123
-156.375	0.0	-0.000123
-156.25	0.0	-0.000123
-156.125	0.0	-0.000123
-156.0	0.0	-0.000123
-155.875	0.0	-0.000123
-155.75	0.0	-0.000123
-155.625	0.0	-0.000123
-155.5	0.0	-0.000123
-155.375	0.0	-0.000123
-155.25	0.0	-0.000123
-155.125	0.0	-0.000123
-155.0	0.0	-0.000123
-154.875	0.0	-0.000124
-154.75	0.0	-0.000124
-154.625	0.0	-0.000124
-154.5	0.0	-0.000124
-154.375	0.0	-0.000124
-154.25	0.0	-0.000124
-154.125	0.0	-0.000124
-154.0	0.0	-0.000124
-153.875	0.0	-0.000124
-153.75	0.0	-0.000124
-153.625	0.0	-0.000124
-153.5	0.0	-0.000124
-153.375	0.0	-0.000124
-153.25	0.0	-0.000124
-153.125	0.0	-0.000124
-153.0	0.0	-0.000124
-152.875	0.0	-0.000124
-152.75	0.0	-0.000124
-152.625	0.0	-0.000124
-152.5	0.0	-0.000124
-152.375	0.0	-0.000124
-152.25	0.0	-0.000124
-152.125	0.0	-0.000124
-152.0	0.0	-0.000124
-151.875	0.0	-0.000124
-151.75	0.0	-0.000124
-151.625	0.0	-0.000124
-151.5	0.0	-0.000124
-151.375	0.0	-0.000124
-151.25	0.0	-0.000124
-151.125	0.0	-0.000124
-151.0	0.0	-0.000124
-150.875	0.0	-0.000124
-150.75	0.0	-0.000124
-150.625	0.0	-0.000124
-150.5	0.0	-0.000124
-150.375	0.0	-0.000124
-150.25	0.0	-0.000124
-150.125	0.0	-0.000124
-150.0	0.0	-0.000124
-149.875	0.0	-0.000124
-149.75	0.0	-0.000124
-149.625	0.0	-0.000124
-149.5	0.0	-0.000124
-149.375	0.0	-0.000124
-149.25	0.0	-0.000124
-149.125	0.0	-0.000124
-149.0	0.0	-0.000124
-148.875	0.0	-0.000124
-148.75	0.0	-0.000124
-148.625	0.0	-0.000124
-148.5	0.0	-0.000124
-148.375	0.0	-0.000124
-148.25	0.0	-0.000124
-148.125	0.0	-0.000125
-148.0	0.0	-0.000125
-147.875	0.0	-0.000125
-147.75	0.0	-0.000125
-147.625	0.0	-0.000125
-147.5	0.0	-0.000125
-147.375	0.0	-0.000125
-147.25	0.0	-0.000125
-147.125	0.0	-0.000125
-147.0	0.0	-0.000125
-146.875	0.0	-0.000125
-146.75	0.0	-0.000125
-146.625	0.0	-0.000125
-146.5	0.0	-0.000125
-146.375	0.0	-0.000125
-146.25	0.0	-0.000125
-146.125	0.0	-0.000125
-146.0	0.0	-0.000125
-145.875	0.0	-0.000125
-145.75	0.0	-0.000125
-145.625	0.0	-0.000125
-145.5	0.0	-0.000125
-145.375	0.0	-0.000125
-145.25	0.0	-0.000125
-145.125	0.0	-0.000125
-145.0	0.0	-0.000125
-144.875	0.0	-0.000125
-144.75	0.0	-0.000125
-144.625	0.0	-0.000125
-144.5	0.0	-0.000125
-144.375	0.0	-0.000125
-144.25	0.0	-0.000125
-144.125	0.0	-0.000125
-144.0	0.0	-0.000125
-143.875	0.0	-0.000125
-143.75	0.0	-0.000125
-143.625	0.0	-0.000125
-143.5	0.0	-0.000125
-143.375	0.0	-0.000125
-143.25	0.0	-0.000125
-143.125	0.0	-0.000125
-143.0	0.0	-0.000125
-142.875	0.0	-0.000125
-142.75	0.0	-0.000125
-142.625	0.0	-0.000125
-142.5	0.0	-0.000125
-142.375	0.0	-0.000125
-142.25	0.0	-0.000125
-142.125	0.0	-0.000125
-142.0	0.0	-0.000125
-141.875	0.0	-0.000125
-141.75	0.0	-0.000126
-141.625	0.0	-0.000126
-141.5	0.0	-0.000126
-141.375	0.0	-0.000126
-141.25	0.0	-0.000126
-141.125	0.0	-0.000126
-141.0	0.0	-0.000126
-140.875	0.0	-0.000126
-140.75	0.0	-0.000126
-140.625	0.0	-0.000126
-140.5	0.0	-0.000126
-140.375	0.0	-0.000126
-140.25	0.0	-0.000126
-140.125	0.0	-0.000126
-140.0	0.0	-0.000126
-139.875	0.0	-0.000126
-139.75	0.0	-0.000126
-139.625	0.0	-0.000126
-139.5	0.0	-0.000126
-139.375	0.0	-0.000126
-139.25	0.0	-0.000126
-139.125	0.0	-0.000126
-139.0	0.0	-0.000126
-138.875	0.0	-0.000126
-138.75	0.0	-0.000126
-138.625	0.0	-0.000126
-138.5	0.0	-0.000126
-138.375	0.0	-0.000126
-138.25	0.0	-0.000126
-138.125	0.0	-0.000126
-138.0	0.0	-0.000126
-137.875	0.0	-0.000126
-137.75	0.0	-0.000126
-137.625	0.0	-0.000126
-137.5	0.0	-0.000126
-137.375	0.0	-0.000126
-137.25	0.0	-0.000126
-137.125	0.0	-0.000126
-137.0	0.0	-0.000126
-136.875	0.0	-0.000126
-136.75	0.0	-0.000126
-136.625	0.0	-0.000126
-136.5	0.0	-0.000126
-136.375	0.0	-0.000126
-136.25	0.0	-0.000126
-136.125	0.0	-0.000126
-136.0	0.0	-0.000126
-135.875	0.0	-0.000126
-135.75	0.0	-0.000126
-135.625	0.0	-0.000126
-135.5	0.0	-0.000127
-135.375	0.0	-0.000127
-135.25	0.0	-0.000127
-135.125	0.0	-0.000127
-135.0	0.0	-0.000127
-134.875	0.0	-0.000127
-134.75	0.0	-0.000127
-134.625	0.0	-0.000127
-134.5	0.0	-0.000127
-134.375	0.0	-0.000127
-134.25	0.0	-0.000127
-134.125	0.0	-0.000127
-134.0	0.0	-0.000127
-133.875	0.0	-0.000127
-133.75	0.0	-0.000127
-133.625	0.0	-0.000127
-133.5	0.0	-0.000127
-133.375	0.0	-0.000127
-133.25	0.0	-0.000127
-133.125	0.0	-0.000127
-133.0	0.0	-0.000127
-132.875	0.0	-0.000127
-132.75	0.0	-0.000127
-132.625	0.0	-0.000127
-132.5	0.0	-0.000127
-132.375	0.0	-0.000127
-132.25	0.0	-0.000127
-132.125	0.0	-0.000127
-132.0	0.0	-0.000127
-131.875	0.0	-0.000127
-131.75	0.0	-0.000127
-131.625	0.0	-0.000127
-131.5	0.0	-0.000127
-131.375	0.0	-0.000127
-131.25	0.0	-0.000127
-131.125	0.0	-0.000127
-131.0	0.0	-0.000127
-130.875	0.0	-0.000127
-130.75	0.0	-0.000127
-130.625	0.0	-0.000127
-130.5	0.0	-0.000127
-130.375	0.0	-0.000127
-130.25	0.0	-0.000127
-130.125	0.0	-0.000127
-130.0	0.0	-0.000127
-129.875	0.0	-0.000127
-129.75	0.0	-0.000127
-129.625	0.0	-0.000127
-129.5	0.0	-0.000128
-129.375	0.0	-0.000128
-129.25	0.0	-0.000128
-129.125	0.0	-0.000128
-129.0	0.0	-0.000128
-128.875	0.0	-0.000128
-128.75	0.0	-0.000128
-128.625	0.0	-0.000128
-128.5	0.0	-0.000128
-128.375	0.0	-0.000128
-128.25	0.0	-0.000128
-128.125	0.0	-0.000128
-128.0	0.0	-0.000128
-127.875	0.0	-0.000128
-127.75	0.0	-0.000128
-127.625	0.0	-0.000128
-127.5	0.0	-0.000128
-127.375	0.0	-0.000128
-127.25	0.0	-0.000128
-127.125	0.0	-0.000128
-127.0	0.0	-0.000128
-126.875	0.0	-0.000128
-126.75	0.0	-0.000128
-126.625	0.0	-0.000128
-126.5	0.0	-0.000128
-126.375	0.0	-0.000128
-126.25	0.0	-0.000128
-126.125	0.0	-0.000128
-126.0	0.0	-0.000128
-125.875	0.0	-0.000128
-125.75	0.0	-0.000128
-125.625	0.0	-0.000128
-125.5	0.0	-0.000128
-125.375	0.0	-0.000128
-125.25	0.0	-0.000128
-125.125	0.0	-0.000128
-125.0	0.0	-0.000128
-124.875	0.0	-0.000128
-124.75	0.0	-0.000128
-124.625	0.0	-0.000128
-124.5	0.0	-0.000128
-124.375	0.0	-0.000128
-124.25	0.0	-0.000128
-124.125	0.0	-0.000128
-124.0	0.0	-0.000128
-123.875	0.0	-0.000128
-123.75	0.0	-0.000129
-123.625	0.0	-0.000129
-123.5	0.0	-0.000129
-123.375	0.0	-0.000129
-123.25	0.0	-0.000129
-123.125	0.0	-0.000129
-123.0	0.0	-0.000129
-122.875	0.0	-0.000129
-122.75	0.0	-0.000129
-122.625	0.0	-0.000129
-122.5	0.0	-0.000129
-122.375	0.0	-0.000129
-122.25	0.0	-0.000129
-122.125	0.0	-0.000129
-122.0	0.0	-0.000129
-121.875	0.0	-0.000129
-121.75	0.0	-0.000129
-121.625	0.0	-0.000129
-121.5	0.0	-0.000129
-121.375	0.0	-0.000129
-121.25	0.0	-0.000129
-121.125	0.0	-0.000129
-121.0	0.0	-0.000129
-120.875	0.0	-0.000129
-120.75	0.0	-0.000129
-120.625	0.0	-0.000129
-120.5	0.0	-0.000129
-120.375	0.0	-0.000129
-120.25	0.0	-0.000129
-120.125	0.0	-0.000129
-120.0	0.0	-0.000129
-119.875	0.0	-0.000129
-119.75	0.0	-0.000129
-119.625	0.0	-0.000129
-119.5	0.0	-0.000129
-119.375	0.0	-0.000129
-119.25	0.0	-0.000129
-119.125	0.0	-0.000129
-119.0	0.0	-0.000129
-118.875	0.0	-0.000129
-118.75	0.0	-0.000129
-118.625	0.0	-0.000129
-118.5	0.0	-0.000129
-118.375	0.0	-0.000129
-118.25	0.0	-0.000129
-118.125	0.0	-0.00013
-118.0	0.0	-0.00013
-117.875	0.0	-0.00013
-117.75	0.0	-0.00013
-117.625	0.0	-0.00013
-117.5	0.0	-0.00013
-117.375	0.0	-0.00013
-117.25	0.0	-0.00013
-117.125	0.0	-0.00013
-117.0	0.0	-0.00013
-116.875	0.0	-0.00013
-116.75	0.0	-0.00013
-116.625	0.0	-0.00013
-116.5	0.0	-0.00013
-116.375	0.0	-0.00013
-116.25	0.0	-0.00013
-116.125	0.0	-0.00013
-116.0	0.0	-0.00013
-115.875	0.0	-0.00013
-115.75	0.0	-0.00013
-115.625	0.0	-0.00013
-115.5	0.0	-0.00013
-115.375	0.0	-0.00013
-115.25	0.0	-0.00013
-115.125	0.0	-0.00013
-115.0	0.0	-0.00013
-114.875	0.0	-0.00013
-114.75	0.0	-0.00013
-114.625	0.0	-0.00013
-114.5	0.0	-0.00013
-114.375	0.0	-0.00013
-114.25	0.0	-0.00013
-114.125	0.0	-0.00013
-114.0	0.0	-0.00013
-113.875	0.0	-0.00013
-113.75	0.0	-0.00013
-113.625	0.0	-0.00013
-113.5	0.0	-0.00013
-113.375	0.0	-0.00013
-113.25	0.0	-0.00013
-113.125	0.0	-0.00013
-113.0	0.0	-0.00013
-112.875	0.0	-0.000131
-112.75	0.0	-0.000131
-112.625	0.0	-0.000131
-112.5	0.0	-0.000131
-112.375	0.0	-0.000131
-112.25	0.0	-0.000131
-112.125	0.0	-0.000131
-112.0	0.0	-0.000131
-111.875	0.0	-0.000131
-111.75	0.0	-0.000131
-111.625	0.0	-0.000131
-111.5	0.0	-0.000131
-111.375	0.0	-0.000131
-111.25	0.0	-0.000131
-111.125	0.0	-0.000131
-111.0	0.0	-0.000131
-110.875	0.0	-0.000131
-110.75	0.0	-0.000131
-110.625	0.0	-0.000131
-110.5	0.0	-0.000131
-110.375	0.0	-0.000131
-110.25	0.0	-0.000131
-110.125	0.0	-0.000131
-110.0	0.0	-0.000131
-109.875	0.0	-0.000131
-109.75	0.0	-0.000131
-109.625	0.0	-0.000131
-109.5	0.0	-0.000131
-109.375	0.0	-0.000131
-109.25	0.0	-0.000131
-109.125	0.0	-0.000131
-109.0	0.0	-0.000131
-108.875	0.0	-0.000131
-108.75	0.0	-0.000131
-108.625	0.0	-0.000131
-108.5	0.0	-0.000131
-108.375	0.0	-0.000131
-108.25	0.0	-0.000131
-108.125	0.0	-0.000131
-108.0	0.0	-0.000131
-107.875	0.0	-0.000132
-107.75	0.0	-0.000132
-107.625	0.0	-0.000132
-107.5	0.0	-0.000132
-107.375	0.0	-0.000132
-107.25	0.0	-0.000132
-107.125	0.0	-0.000132
-107.0	0.0	-0.000132
-106.875	0.0	-0.000132
-106.75	0.0	-0.000132
-106.625	0.0	-0.000132
-106.5	0.0	-0.000132
-106.375	0.0	-0.000132
-106.25	0.0	-0.000132
-106.125	0.0	-0.000132
-106.0	0.0	-0.000132
-105.875	0.0	-0.000132
-105.75	0.0	-0.000132
-105.625	0.0	-0.000132
-105.5	0.0	-0.000132
-105.375	0.0	-0.000132
-105.25	0.0	-0.000132
-105.125	0.0	-0.000132
-105.0	0.0	-0.000132
-104.875	0.0	-0.000132
-104.75	0.0	-0.000132
-104.625	0.0	-0.000132
-104.5	0.0	-0.000132
-104.375	0.0	-0.000132
-104.25	0.0	-0.000132
-104.125	0.0	-0.000132
-104.0	0.0	-0.000132
-103.875	0.0	-0.000132
-103.75	0.0	-0.000132
-103.625	0.0	-0.000132
-103.5	0.0	-0.000132
-103.375	0.0	-0.000132
-103.25	0.0	-0.000132
-103.125	0.0	-0.000132
-103.0	0.0	-0.000133
-102.875	0.0	-0.000133
-102.75	0.0	-0.000133
-102.625	0.0	-0.000133
-102.5	0.0	-0.000133
-102.375	0.0	-0.000133
-102.25	0.0	-0.000133
-102.125	0.0	-0.000133
-102.0	0.0	-0.000133
-101.875	0.0	-0.000133
-101.75	0.0	-0.000133
-101.625	0.0	-0.000133
-101.5	0.0	-0.000133
-101.375	0.0	-0.000133
-101.25	0.0	-0.000133
-101.125	0.0	-0.000133
-101.0	0.0	-0.000133
-100.875	0.0	-0.000133
-100.75	0.0	-0.000133
-100.625	0.0	-0.000133
-100.5	0.0	-0.000133
-100.375	0.0	-0.000133
-100.25	0.0	-0.000133
-100.125	0.0	-0.000133
-100.0	0.0	-0.000133
-99.875	0.0	-0.000133
-99.75	0.0	-0.000133
-99.625	0.0	-0.000133
-99.5	0.0	-0.000133
-99.375	0.0	-0.000133
-99.25	0.0	-0.000133
-99.125	0.0	-0.000133
-99.0	0.0	-0.000133
-98.875	0.0	-0.000133
-98.75	0.0	-0.000133
-98.625	0.0	-0.000133
-98.5	0.0	-0.000133
-98.375	0.0	-0.000134
-98.25	0.0	-0.000134
-98.125	0.0	-0.000134
-98.0	0.0	-0.000134
-97.875	0.0	-0.000134
-97.75	0.0	-0.000134
-97.625	0.0	-0.000134
-97.5	0.0	-0.000134
-97.375	0.0	-0.000134
-97.25	0.0	-0.000134
-97.125	0.0	-0.000134
-97.0	0.0	-0.000134
-96.875	0.0	-0.000134
-96.75	0.0	-0.000134
-96.625	0.0	-0.000134
-96.5	0.0	-0.000134
-96.375	0.0	-0.000134
-96.25	0.0	-0.000134
-96.125	0.0	-0.000134
-96.0	0.0	-0.000134
-95.875	0.0	-0.000134
-95.75	0.0	-0.000134
-95.625	0.0	-0.000134
-95.5	0.0	-0.000134
-95.375	0.0	-0.000134
-95.25	0.0	-0.000134
-95.125	0.0	-0.000134
-95.0	0.0	-0.000134
-94.875	0.0	-0.000134
-94.75	0.0	-0.000134
-94.625	0.0	-0.000134
-94.5	0.0	-0.000134
-94.375	0.0	-0.000134
-94.25	0.0	-0.000134
-94.125	0.0	-0.000134
-94.0	0.0	-0.000134
-93.875	0.0	-0.000135
-93.75	0.0	-0.000135
-93.625	0.0	-0.000135
-93.5	0.0	-0.000135
-93.375	0.0	-0.000135
-93.25	0.0	-0.000135
-93.125	0.0	-0.000135
-93.0	0.0	-0.000135
-92.875	0.0	-0.000135
-92.75	0.0	-0.000135
-92.625	0.0	-0.000135
-92.5	0.0	-0.000135
-92.375	0.0	-0.000135
-92.25	0.0	-0.000135
-92.125	0.0	-0.000135
-92.0	0.0	-0.000135
-91.875	0.0	-0.000135
-91.75	0.0	-0.000135
-91.625	0.0	-0.000135
-91.5	0.0	-0.000135
-91.375	0.0	-0.000135
-91.25	0.0	-0.000135
-91.125	0.0	-0.000135
-91.0	0.0	-0.000135
-90.875	0.0	-0.000135
-90.75	0.0	-0.000135
-90.625	0.0	-0.000135
-90.5	0.0	-0.000135
-90.375	0.0	-0.000135
-90.25	0.0	-0.000135
-90.125	0.0	-0.000135
-90.0	0.0	-0.000135
-89.875	0.0	-0.000135
-89.75	0.0	-0.000136
-89.625	0.0	-0.000136
-89.5	0.0	-0.000136
-89.375	0.0	-0.000136
-89.25	0.0	-0.000136
-89.125	0.0	-0.000136
-89.0	0.0	-0.000136
-88.875	0.0	-0.000136
-88.75	0.0	-0.000136
-88.625	0.0	-0.000136
-88.5	0.0	-0.000136
-88.375	0.0	-0.000136
-88.25	0.0	-0.000136
-88.125	0.0	-0.000136
-88.0	0.0	-0.000136
-87.875	0.0	-0.000136
-87.75	0.0	-0.000136
-87.625	0.0	-0.000136
-87.5	0.0	-0.000136
-87.375	0.0	-0.000136
-87.25	0.0	-0.000136
-87.125	0.0	-0.000136
-87.0	0.0	-0.000136
-86.875	0.0	-0.000136
-86.75	0.0	-0.000136
-86.625	0.0	-0.000136
-86.5	0.0	-0.000136
-86.375	0.0	-0.000136
-86.25	0.0	-0.000136
-86.125	0.0	-0.000136
-86.0	0.0	-0.000136
-85.875	0.0	-0.000136
-85.75	0.0	-0.000136
-85.625	0.0	-0.000137
-85.5	0.0	-0.000137
-85.375	0.0	-0.000137
-85.25	0.0	-0.000137
-85.125	0.0	-0.000137
-85.0	0.0	-0.000137
-84.875	0.0	-0.000137
-84.75	0.0	-0.000137
-84.625	0.0	-0.000137
-84.5	0.0	-0.000137
-84.375	0.0	-0.000137
-84.25	0.0	-0.000137
-84.125	0.0	-0.000137
-84.0	0.0	-0.000137
-83.875	0.0	-0.000137
-83.75	0.0	-0.000137
-83.625	0.0	-0.000137
-83.5	0.0	-0.000137
-83.375	0.0	-0.000137
-83.25	0.0	-0.000137
-83.125	0.0	-0.000137
-83.0	0.0	-0.000137
-82.875	0.0	-0.000137
-82.75	0.0	-0.000137
-82.625	0.0	-0.000137
-82.5	0.0	-0.000137
-82.375	0.0	-0.000137
-82.25	0.0	-0.000137
-82.125	0.0	-0.000137
-82.0	0.0	-0.000137
-81.875	0.0	-0.000138
-81.75	0.0	-0.000138
-81.625	0.0	-0.000138
-81.5	0.0	-0.000138
-81.375	0.0	-0.000138
-81.25	0.0	-0.000138
-81.125	0.0	-0.000138
-81.0	0.0	-0.000138
-80.875	0.0	-0.000138
-80.75	0.0	-0.000138
-80.625	0.0	-0.000138
-80.5	0.0	-0.000138
-80.375	0.0	-0.000138
-80.25	0.0	-0.000138
-80.125	0.0	-0.000138
-80.0	0.0	-0.000138
-79.875	0.0	-0.000138
-79.75	0.0	-0.000138
-79.625	0.0	-0.000138
-79.5	0.0	-0.000138
-79.375	0.0	-0.000138
-79.25	0.0	-0.000138
-79.125	0.0	-0.000138
-79.0	0.0	-0.000138
-78.875	0.0	-0.000138
-78.75	0.0	-0.000138
-78.625	0.0	-0.000138
-78.5	0.0	-0.000138
-78.375	0.0	-0.000138
-78.25	0.0	-0.000138
-78.125	0.0	-0.000139
-78.0	0.0	-0.000139
-77.875	0.0	-0.000139
-77.75	0.0	-0.000139
-77.625	0.0	-0.000139
-77.5	0.0	-0.000139
-77.375	0.0	-0.000139
-77.25	0.0	-0.000139
-77.125	0.0	-0.000139
-77.0	0.0	-0.000139
-76.875	0.0	-0.000139
-76.75	0.0	-0.000139
-76.625	0.0	-0.000139
-76.5	0.0	-0.000139
-76.375	0.0	-0.000139
-76.25	0.0	-0.000139
-76.125	0.0	-0.000139
-76.0	0.0	-0.000139
-75.875	0.0	-0.000139
-75.75	0.0	-0.000139
-75.625	0.0	-0.000139
-75.5	0.0	-0.000139
-75.375	0.0	-0.000139
-75.25	0.0	-0.000139
-75.125	0.0	-0.000139
-75.0	0.0	-0.000139
-74.875	0.0	-0.000139
-74.75	0.0	-0.000139
-74.625	0.0	-0.00014
-74.5	0.0	-0.00014
-74.375	0.0	-0.00014
-74.25	0.0	-0.00014
-74.125	0.0	-0.00014
-74.0	0.0	-0.00014
-73.875	0.0	-0.00014
-73.75	0.0	-0.00014
-73.625	0.0	-0.00014
-73.5	0.0	-0.00014
-73.375	0.0	-0.00014
-73.25	0.0	-0.00014
-73.125	0.0	-0.00014
-73.0	0.0	-0.00014
-72.875	0.0	-0.00014
-72.75	0.0	-0.00014
-72.625	0.0	-0.00014
-72.5	0.0	-0.00014
-72.375	0.0	-0.00014
-72.25	0.0	-0.00014
-72.125	0.0	-0.00014
-72.0	0.0	-0.00014
-71.875	0.0	-0.00014
-71.75	0.0	-0.00014
-71.625	0.0	-0.00014
-71.5	0.0	-0.00014
-71.375	0.0	-0.000141
-71.25	0.0	-0.000141
-71.125	0.0	-0.000141
-71.0	0.0	-0.000141
-70.875	0.0	-0.000141
-70.75	0.0	-0.000141
-70.625	0.0	-0.000141
-70.5	0.0	-0.000141
-70.375	0.0	-0.000141
-70.25	0.0	-0.000141
-70.125	0.0	-0.000141
-70.0	0.0	-0.000141
-69.875	0.0	-0.000141
-69.75	0.0	-0.000141
-69.625	0.0	-0.000141
-69.5	0.0	-0.000141
-69.375	0.0	-0.000141
-69.25	0.0	-0.000141
-69.125	0.0	-0.000141
-69.0	0.0	-0.000141
-68.875	0.0	-0.000141
-68.75	0.0	-0.000141
-68.625	0.0	-0.000141
-68.5	0.0	-0.000141
-68.375	0.0	-0.000141
-68.25	0.0	-0.000141
-68.125	0.0	-0.000142
-68.0	0.0	-0.000142
-67.875	0.0	-0.000142
-67.75	0.0	-0.000142
-67.625	0.0	-0.000142
-67.5	0.0	-0.000142
-67.375	0.0	-0.000142
-67.25	0.0	-0.000142
-67.125	0.0	-0.000142
-67.0	0.0	-0.000142
-66.875	0.0	-0.000142
-66.75	0.0	-0.000142
-66.625	0.0	-0.000142
-66.5	0.0	-0.000142
-66.375	0.0	-0.000142
-66.25	0.0	-0.000142
-66.125	0.0	-0.000142
-66.0	0.0	-0.000142
-65.875	0.0	-0.000142
-65.75	0.0	-0.000142
-65.625	0.0	-0.000142
-65.5	0.0	-0.000142
-65.375	0.0	-0.000142
-65.25	0.0	-0.000142
-65.125	0.0	-0.000143
-65.0	0.0	-0.000143
-64.875	0.0	-0.000143
-64.75	0.0	-0.000143
-64.625	0.0	-0.000143
-64.5	0.0	-0.000143
-64.375	0.0	-0.000143
-64.25	0.0	-0.000143
-64.125	0.0	-0.000143
-64.0	0.0	-0.000143
-63.875	0.0	-0.000143
-63.75	0.0	-0.000143
-63.625	0.0	-0.000143
-63.5	0.0	-0.000143
-63.375	0.0	-0.000143
-63.25	0.0	-0.000143
-63.125	0.0	-0.000143
-63.0	0.0	-0.000143
-62.875	0.0	-0.000143
-62.75	0.0	-0.000143
-62.625	0.0	-0.000143
-62.5	0.0	-0.000143
-62.375	0.0	-0.000143
-62.25	0.0	-0.000143
-62.125	0.0	-0.000144
-62.0	0.0	-0.000144
-61.875	0.0	-0.000144
-61.75	0.0	-0.000144
-61.625	0.0	-0.000144
-61.5	0.0	-0.000144
-61.375	0.0	-0.000144
-61.25	0.0	-0.000144
-61.125	0.0	-0.000144
-61.0	0.0	-0.000144
-60.875	0.0	-0.000144
-60.75	0.0	-0.000144
-60.625	0.0	-0.000144
-60.5	0.0	-0.000144
-60.375	0.0	-0.000144
-60.25	0.0	-0.000144
-60.125	0.0	-0.000144
-60.0	0.0	-0.000144
-59.875	0.0	-0.000144
-59.75	0.0	-0.000144
-59.625	0.0	-0.000144
-59.5	0.0	-0.000144
-59.375	0.0	-0.000145
-59.25	0.0	-0.000145
-59.125	0.0	-0.000145
-59.0	0.0	-0.000145
-58.875	0.0	-0.000145
-58.75	0.0	-0.000145
-58.625	0.0	-0.000145
-58.5	0.0	-0.000145
-58.375	0.0	-0.000145
-58.25	0.0	-0.000145
-58.125	0.0	-0.000145
-58.0	0.0	-0.000145
-57.875	0.0	-0.000145
-57.75	0.0	-0.000145
-57.625	0.0	-0.000145
-57.5	0.0	-0.000145
-57.375	0.0	-0.000145
-57.25	0.0	-0.000145
-57.125	0.0	-0.000145
-57.0	0.0	-0.000145
-56.875	0.0	-0.000145
-56.75	0.0	-0.000145
-56.625	0.0	-0.000146
-56.5	0.0	-0.000146
-56.375	0.0	-0.000146
-56.25	0.0	-0.000146
-56.125	0.0	-0.000146
-56.0	0.0	-0.000146
-55.875	0.0	-0.000146
-55.75	0.0	-0.000146
-55.625	0.0	-0.000146
-55.5	0.0	-0.000146
-55.375	0.0	-0.000146
-55.25	0.0	-0.000146
-55.125	0.0	-0.000146
-55.0	0.0	-0.000146
-54.875	0.0	-0.000146
-54.75	0.0	-0.000146
-54.625	0.0	-0.000146
-54.5	0.0	-0.000146
-54.375	0.0	-0.000146
-54.25	0.0	-0.000146
-54.125	0.0	-0.000147
-54.0	0.0	-0.000147
-53.875	0.0	-0.000147
-53.75	0.0	-0.000147
-53.625	0.0	-0.000147
-53.5	0.0	-0.000147
-53.375	0.0	-0.000147
-53.25	0.0	-0.000147
-53.125	0.0	-0.000147
-53.0	0.0	-0.000147
-52.875	0.0	-0.000147
-52.75	0.0	-0.000147
-52.625	0.0	-0.000147
-52.5	0.0	-0.000147
-52.375	0.0	-0.000147
-52.25	0.0	-0.000147
-52.125	0.0	-0.000147
-52.0	0.0	-0.000147
-51.875	0.0	-0.000147
-51.75	0.0	-0.000147
-51.625	0.0	-0.000148
-51.5	0.0	-0.000148
-51.375	0.0	-0.000148
-51.25	0.0	-0.000148
-51.125	0.0	-0.000148
-51.0	0.0	-0.000148
-50.875	0.0	-0.000148
-50.75	0.0	-0.000148
-50.625	0.0	-0.000148
-50.5	0.0	-0.000148
-50.375	0.0	-0.000148
-50.25	0.0	-0.000148
-50.125	0.0	-0.000148
-50.0	0.0	-0.000148
-49.875	0.0	-0.000148
-49.75	0.0	-0.000148
-49.625	0.0	-0.000148
-49.5	0.0	-0.000148
-49.375	0.0	-0.000148
-49.25	0.0	-0.000149
-49.125	0.0	-0.000149
-49.0	0.0	-0.000149
-48.875	0.0	-0.000149
-48.75	0.0	-0.000149
-48.625	0.0	-0.000149
-48.5	0.0	-0.000149
-48.375	0.0	-0.000149
-48.25	0.0	-0.000149
-48.125	0.0	-0.000149
-48.0	0.0	-0.000149
-47.875	0.0	-0.000149
-47.75	0.0	-0.000149
-47.625	0.0	-0.000149
-47.5	0.0	-0.000149
-47.375	0.0	-0.000149
-47.25	0.0	-0.000149
-47.125	0.0	-0.000149
-47.0	0.0	-0.00015
-46.875	0.0	-0.00015
-46.75	0.0	-0.00015
-46.625	0.0	-0.00015
-46.5	0.0	-0.00015
-46.375	0.0	-0.00015
-46.25	0.0	-0.00015
-46.125	0.0	-0.00015
-46.0	0.0	-0.00015
-45.875	0.0	-0.00015
-45.75	0.0	-0.00015
-45.625	0.0	-0.00015
-45.5	0.0	-0.00015
-45.375	0.0	-0.00015
-45.25	0.0	-0.00015
-45.125	0.0	-0.00015
-45.0	0.0	-0.00015
-44.875	0.0	-0.000151
-44.75	0.0	-0.000151
-44.625	0.0	-0.000151
-44.5	0.0	-0.000151
-44.375	0.0	-0.000151
-44.25	0.0	-0.000151
-44.125	0.0	-0.000151
-44.0	0.0	-0.000151
-43.875	0.0	-0.000151
-43.75	0.0	-0.000151
-43.625	0.0	-0.000151
-43.5	0.0	-0.000151
-43.375	0.0	-0.000151
-43.25	0.0	-0.000151
-43.125	0.0	-0.000151
-43.0	0.0	-0.000151
-42.875	0.0	-0.000151
-42.75	0.0	-0.000152
-42.625	0.0	-0.000152
-42.5	0.0	-0.000152
-42.375	0.0	-0.000152
-42.25	0.0	-0.000152
-42.125	0.0	-0.000152
-42.0	0.0	-0.000152
-41.875	0.0	-0.000152
-41.75	0.0	-0.000152
-41.625	0.0	-0.000152
-41.5	0.0	-0.000152
-41.375	0.0	-0.000152
-41.25	0.0	-0.000152
-41.125	0.0	-0.000152
-41.0	0.0	-0.000152
-40.875	0.0	-0.000152
-40.75	0.0	-0.000153
-40.625	0.0	-0.000153
-40.5	0.0	-0.000153
-40.375	0.0	-0.000153
-40.25	0.0	-0.000153
-40.125	0.0	-0.000153
-40.0	0.0	-0.000153
-39.875	0.0	-0.000153
-39.75	0.0	-0.000153
-39.625	0.0	-0.000153
-39.5	0.0	-0.000153
-39.375	0.0	-0.000153
-39.25	0.0	-0.000153
-39.125	0.0	-0.000153
-39.0	0.0	-0.000153
-38.875	0.0	-0.000153
-38.75	0.0	-0.000154
-38.625	0.0	-0.000154
-38.5	0.0	-0.000154
-38.375	0.0	-0.000154
-38.25	0.0	-0.000154
-38.125	0.0	-0.000154
-38.0	0.0	-0.000154
-37.875	0.0	-0.000154
-37.75	0.0	-0.000154
-37.625	0.0	-0.000154
-37.5	0.0	-0.000154
-37.375	0.0	-0.000154
-37.25	0.0	-0.000154
-37.125	0.0	-0.000154
-37.0	0.0	-0.000155
-36.875	0.0	-0.000155
-36.75	0.0	-0.000155
-36.625	0.0	-0.000155
-36.5	0.0	-0.000155
-36.375	0.0	-0.000155
-36.25	0.0	-0.000155
-36.125	0.0	-0.000155
-36.0	0.0	-0.000155
-35.875	0.0	-0.000155
-35.75	0.0	-0.000155
-35.625	0.0	-0.000155
-35.5	0.0	-0.000155
-35.375	0.0	-0.000155
-35.25	0.0	-0.000155
-35.125	0.0	-0.000156
-35.0	0.0	-0.000156
-34.875	0.0	-0.000156
-34.75	0.0	-0.000156
-34.625	0.0	-0.000156
-34.5	0.0	-0.000156
-34.375	0.0	-0.000156
-34.25	0.0	-0.000156
-34.125	0.0	-0.000156
-34.0	0.0	-0.000156
-33.875	0.0	-0.000156
-33.75	0.0	-0.000156
-33.625	0.0	-0.000156
-33.5	0.0	-0.000156
-33.375	0.0	-0.000157
-33.25	0.0	-0.000157
-33.125	0.0	-0.000157
-33.0	0.0	-0.000157
-32.875	0.0	-0.000157
-32.75	0.0	-0.000157
-32.625	0.0	-0.000157
-32.5	0.0	-0.000157
-32.375	0.0	-0.000157
-32.25	0.0	-0.000157
-32.125	0.0	-0.000157
-32.0	0.0	-0.000157
-31.875	0.0	-0.000157
-31.75	0.0	-0.000158
-31.625	0.0	-0.000158
-31.5	0.0	-0.000158
-31.375	0.0	-0.000158
-31.25	0.0	-0.000158
-31.125	0.0	-0.000158
-31.0	0.0	-0.000158
-30.875	0.0	-0.000158
-30.75	0.0	-0.000158
-30.625	0.0	-0.000158
-30.5	0.0	-0.000158
-30.375	0.0	-0.000158
-30.25	0.0	-0.000158
-30.125	0.0	-0.000159
-30.0	0.0	-0.000159
-29.875	0.0	-0.000159
-29.75	0.0	-0.000159
-29.625	0.0	-0.000159
-29.5	0.0	-0.000159
-29.375	0.0	-0.000159
-29.25	0.0	-0.000159
-29.125	0.0	-0.000159
-29.0	0.0	-0.000159
-28.875	0.0	-0.000159
-28.75	0.0	-0.000159
-28.625	0.0	-0.00016
-28.5	0.0	-0.00016
-28.375	0.0	-0.00016
-28.25	0.0	-0.00016
-28.125	0.0	-0.00016
-28.0	0.0	-0.00016
-27.875	0.0	-0.00016
-27.75	0.0	-0.00016
-27.625	0.0	-0.00016
-27.5	0.0	-0.00016
-27.375	0.0	-0.00016
-27.25	0.0	-0.00016
-27.125	0.0	-0.000161
-27.0	0.0	-0.000161
-26.875	0.0	-0.000161
-26.75	0.0	-0.000161
-26.625	0.0	-0.000161
-26.5	0.0	-0.000161
-26.375	0.0	-0.000161
-26.25	0.0	-0.000161
-26.125	0.0	-0.000161
-26.0	0.0	-0.000161
-25.875	0.0	-0.000161
-25.75	0.0	-0.000161
-25.625	0.0	-0.000162
-25.5	0.0	-0.000162
-25.375	0.0	-0.000162
-25.25	0.0	-0.000162
-25.125	0.0	-0.000162
-25.0	0.0	-0.000162
-24.875	0.0	-0.000162
-24.75	0.0	-0.000162
-24.625	0.0	-0.000162
-24.5	0.0	-0.000162
-24.375	0.0	-0.000162
-24.25	0.0	-0.000163
-24.125	0.0	-0.000163
-24.0	0.0	-0.000163
-23.875	0.0	-0.000163
-23.75	0.0	-0.000163
-23.625	0.0	-0.000163
-23.5	0.0	-0.000163
-23.375	0.0	-0.000163
-23.25	0.0	-0.000163
-23.125	0.0	-0.000163
-23.0	0.0	-0.000163
-22.875	0.0	-0.000164
-22.75	0.0	-0.000164
-22.625	0.0	-0.000164
-22.5	0.0	-0.000164
-22.375	0.0	-0.000164
-22.25	0.0	-0.000164
-22.125	0.0	-0.000164
-22.0	0.0	-0.000164
-21.875	0.0	-0.000164
-21.75	0.0	-0.000164
-21.625	0.0	-0.000164
-21.5	0.0	-0.000165
-21.375	0.0	-0.000165
-21.25	0.0	-0.000165
-21.125	0.0	-0.000165
-21.0	0.0	-0.000165
-20.875	0.0	-0.000165
-20.75	0.0	-0.000165
-20.625	0.0	-0.000165
-20.5	0.0	-0.000165
-20.375	0.0	-0.000165
-20.25	0.0	-0.000166
-20.125	0.0	-0.000166
-20.0	0.0	-0.000166
-19.875	0.0	-0.000166
-19.75	0.0	-0.000166
-19.625	0.0	-0.000166
-19.5	0.0	-0.000166
-19.375	0.0	-0.000166
-19.25	0.0	-0.000166
-19.125	0.0	-0.000166
-19.0	0.0	-0.000167
-18.875	0.0	-0.000167
-18.75	0.0	-0.000167
-18.625	0.0	-0.000167
-18.5	0.0	-0.000167
-18.375	0.0	-0.000167
-18.25	0.0	-0.000167
-18.125	0.0	-0.000167
-18.0	0.0	-0.000167
-17.875	0.0	-0.000168
-17.75	0.0	-0.000168
-17.625	0.0	-0.000168
-17.5	0.0	-0.000168
-17.375	0.0	-0.000168
-17.25	0.0	-0.000168
-17.125	0.0	-0.000168
-17.0	0.0	-0.000168
-16.875	0.0	-0.000168
-16.75	0.0	-0.000168
-16.625	0.0	-0.000169
-16.5	0.0	-0.000169
-16.375	0.0	-0.000169
-16.25	0.0	-0.000169
-16.125	0.0	-0.000169
-16.0	0.0	-0.000169
-15.875	0.0	-0.000169
-15.75	0.0	-0.000169
-15.625	0.0	-0.000169
-15.5	0.0	-0.00017
-15.375	0.0	-0.00017
-15.25	0.0	-0.00017
-15.125	0.0	-0.00017
-15.0	0.0	-0.00017
-14.875	0.0	-0.00017
-14.75	0.0	-0.00017
-14.625	0.0	-0.00017
-14.5	0.0	-0.00017
-14.375	0.0	-0.000171
-14.25	0.0	-0.000171
-14.125	0.0	-0.000171
-14.0	0.0	-0.000171
-13.875	0.0	-0.000171
-13.75	0.0	-0.000171
-13.625	0.0	-0.000171
-13.5	0.0	-0.000171
-13.375	0.0	-0.000172
-13.25	0.0	-0.000172
-13.125	0.0	-0.000172
-13.0	0.0	-0.000172
-12.875	0.0	-0.000172
-12.75	0.0	-0.000172
-12.625	0.0	-0.000172
-12.5	0.0	-0.000172
-12.375	0.0	-0.000172
-12.25	0.0	-0.000173
-12.125	0.0	-0.000173
-12.0	0.0	-0.000173
-11.875	0.0	-0.000173
-11.75	0.0	-0.000173
-11.625	0.0	-0.000173
-11.5	0.0	-0.000173
-11.375	0.0	-0.000173
-11.25	0.0	-0.000174
-11.125	0.0	-0.000174
-11.0	0.0	-0.000174
-10.875	0.0	-0.000174
-10.75	0.0	-0.000174
-10.625	0.0	-0.000174
-10.5	0.0	-0.000174
-10.375	0.0	-0.000174
-10.25	0.0	-0.000175
-10.125	0.0	-0.000175
-10.0	0.0	-0.000175
-9.875	0.0	-0.000175
-9.75	0.0	-0.000175
-9.625	0.0	-0.000175
-9.5	0.0	-0.000175
-9.375	0.0	-0.000176
-9.25	0.0	-0.000176
-9.125	0.0	-0.000176
-9.0	0.0	-0.000176
-8.875	0.0	-0.000176
-8.75	0.0	-0.000176
-8.625	0.0	-0.000176
-8.5	0.0	-0.000176
-8.375	0.0	-0.000177
-8.25	0.0	-0.000177
-8.125	0.0	-0.000177
-8.0	0.0	-0.000177
-7.875	0.0	-0.000177
-7.75	0.0	-0.000177
-7.625	0.0	-0.000177
-7.5	0.0	-0.000178
-7.375	0.0	-0.000178
-7.25	0.0	-0.000178
-7.125	0.0	-0.000178
-7.0	0.0	-0.000178
-6.875	0.0	-0.000178
-6.75	0.0	-0.000178
-6.625	0.0	-0.000179
-6.5	0.0	-0.000179
-6.375	0.0	-0.000179
-6.25	0.0	-0.000179
-6.125	0.0	-0.000179
-6.0	0.0	-0.000179
-5.875	0.0	-0.000179
-5.75	0.0	-0.00018
-5.625	0.0	-0.00018
-5.5	0.0	-0.00018
-5.375	0.0	-0.00018
-5.25	0.0	-0.00018
-5.125	0.0	-0.00018
-5.0	0.0	-0.00018
-4.875	0.0	-0.000181
-4.75	0.0	-0.000181
-4.625	0.0	-0.000181
-4.5	0.0	-0.000181
-4.375	0.0	-0.000181
-4.25	0.0	-0.000181
-4.125	0.0	-0.000181
-4.0	0.0	-0.000182
-3.875	0.0	-0.000182
-3.75	0.0	-0.000182
-3.625	0.0	-0.000182
-3.5	0.0	-0.000182
-3.375	0.0	-0.000182
-3.25	0.0	-0.000182
-3.125	0.0	-0.000183
-3.0	0.0	-0.000183
-2.875	0.0	-0.000183
-2.75	0.0	-0.000183
-2.625	0.0	-0.000183
-2.5	0.0	-0.000183
-2.375	0.0	-0.000184
-2.25	0.0	-0.000184
-2.125	0.0	-0.000184
-2.0	0.0	-0.000184
-1.875	0.0	-0.000184
-1.75	0.0	-0.000184
-1.625	0.0	-0.000185
-1.5	0.0	-0.000185
-1.375	0.0	-0.000185
-1.25	0.0	-0.000185
-1.125	0.0	-0.000185
-1.0	0.0	-0.000185
-0.875	0.0	-0.000185
-0.75	0.0	-0.000186
-0.625	0.0	-0.000186
-0.5	0.0	-0.000186
-0.375	0.0	-0.000186
-0.25	0.0	-0.000186
-0.125	0.0	-0.000186
0.0	0.0	-0.000187
0.125	0.0	-0.000187
0.25	0.0	-0.000187
0.375	0.0	-0.000187
0.5	0.0	-0.000187
0.625	0.0	-0.000187
0.75	0.0	-0.000188
0.875	0.0	-0.000188
1.0	0.0	-0.000188
1.125	0.0	-0.000188
1.25	0.0	-0.000188
1.375	0.0	-0.000189
1.5	0.0	-0.000189
1.625	0.0	-0.000189
1.75	0.0	-0.000189
1.875	0.0	-0.000189
2.0	0.0	-0.000189
2.125	0.0	-0.00019
2.25	0.0	-0.00019
2.375	0.0	-0.00019
2.5	0.0	-0.00019
2.625	0.0	-0.00019
2.75	0.0	-0.00019
2.875	0.0	-0.000191
3.0	0.0	-0.000191
3.125	0.0	-0.000191
3.25	0.0	-0.000191
3.375	0.0	-0.000191
3.5	0.0	-0.000192
3.625	0.0	-0.000192
3.75	0.0	-0.000192
3.875	0.0	-0.000192
4.0	0.0	-0.000192
4.125	0.0	-0.000192
4.25	0.0	-0.000193
4.375	0.0	-0.000193
4.5	0.0	-0.000193
4.625	0.0	-0.000193
4.75	0.0	-0.000193
4.875	0.0	-0.000194
5.0	0.0	-0.000194
5.125	0.0	-0.000194
5.25	0.0	-0.000194
5.375	0.0	-0.000194
5.5	0.0	-0.000194
5.625	0.0	-0.000195
5.75	0.0	-0.000195
5.875	0.0	-0.000195
6.0	0.0	-0.000195
6.125	0.0	-0.000195
6.25	0.0	-0.000196
6.375	0.0	-0.000196
6.5	0.0	-0.000196
6.625	0.0	-0.000196
6.75	0.0	-0.000196
6.875	0.0	-0.000197
7.0	0.0	-0.000197
7.125	0.0	-0.000197
7.25	0.0	-0.000197
7.375	0.0	-0.000197
7.5	0.0	-0.000198
7.625	0.0	-0.000198
7.75	0.0	-0.000198
7.875	0.0	-0.000198
8.0	0.0	-0.000198
8.125	0.0	-0.000199
8.25	0.0	-0.000199
8.375	0.0	-0.000199
8.5	0.0	-0.000199
8.625	0.0	-0.000199
8.75	0.0	-0.0002
8.875	0.0	-0.0002
9.0	0.0	-0.0002
9.125	0.0	-0.0002
9.25	0.0	-0.000201
9.375	0.0	-0.000201
9.5	0.0	-0.000201
9.625	0.0	-0.000201
9.75	0.0	-0.000201
9.875	0.0	-0.000202
10.0	0.0	-0.000202
10.125	0.0	-0.000202
10.25	0.0	-0.000202
10.375	0.0	-0.000202
10.5	0.0	-0.000202
10.625	0.0	-0.000203
10.75	0.0	-0.000203
10.875	0.0	-0.000203
11.0	0.0	-0.000203
11.125	0.0	-0.000203
11.25	0.0	-0.000203
11.375	0.0	-0.000203
11.5	0.0	-0.000203
11.625	0.0	-0.000203
11.75	0.0	-0.000203
11.875	0.0	-0.000203
12.0	0.0	-0.000203
12.125	0.0	-0.000203
12.25	0.0	-0.000202
12.375	0.0	-0.000202
12.5	0.0	-0.000202
12.625	0.0	-0.000201
12.75	0.0	-0.000201
12.875	0.0	-0.0002
13.0	0.0	-0.000199
13.125	0.0	-0.000199
13.25	0.0	-0.000198
13.375	0.0	-0.000197
13.5	0.0	-0.000197
13.625	0.0	-0.000196
13.75	0.0	-0.000195
13.875	0.0	-0.000195
14.0	0.0	-0.000194
14.125	0.0	-0.000194
14.25	0.0	-0.000194
14.375	0.0	-0.000194
14.5	0.0	-0.000195
14.625	0.0	-0.000196
14.75	0.0	-0.000198
14.875	0.0	-0.0002
15.0	0.0	-0.000203
15.125	0.0	-0.000207
15.25	0.0	-0.000213
15.375	0.0	-0.000219
15.5	0.0	-0.000226
15.625	0.0	-0.000236
15.75	0.0	-0.000246
15.875	0.0	-0.000259
16.0	0.0	-0.000274
16.125	0.0	-0.00029
16.25	0.0	-0.00031
16.375	0.0	-0.000331
16.5	0.0	-0.000355
16.625	0.0	-0.000382
16.75	0.0	-0.000411
16.875	0.0	-0.000443
17.0	0.0	-0.000478
17.125	0.0	-0.000515
17.25	0.0	-0.000555
17.375	0.0	-0.000596
17.5	0.0	-0.000639
17.625	0.0	-0.000683
17.75	0.0	-0.000728
17.875	0.0	-0.000772
18.0	0.0	-0.000815
18.125	0.0	-0.000855
18.25	0.0	-0.000892
18.375	0.0	-0.000923
18.5	0.0	-0.000947
18.625	0.0	-0.000963
18.75	0.0	-0.000967
18.875	0.0	-0.000957
19.0	0.0	-0.000932
19.125	0.0	-0.000887
19.25	1.0e-6	-0.000821
19.375	1.0e-6	-0.000729
19.5	1.0e-6	-0.000609
19.625	1.0e-6	-0.000457
19.75	1.0e-6	-0.000269
19.875	2.0e-6	-4.2e-5
20.0	2.0e-6	0.000228
20.125	2.0e-6	0.000545
20.25	3.0e-6	0.000911
20.375	3.0e-6	0.001329
20.5	4.0e-6	0.001803
20.625	4.0e-6	0.002335
20.75	5.0e-6	0.002926
20.875	6.0e-6	0.003577
21.0	8.0e-6	0.004288
21.125	9.0e-6	0.005058
21.25	1.1e-5	0.005885
21.375	1.3e-5	0.006766
21.5	1.5e-5	0.007694
21.625	1.8e-5	0.008664
21.75	2.1e-5	0.009667
21.875	2.5e-5	0.010693
22.0	2.9e-5	0.011727
22.125	3.5e-5	0.012757
22.25	4.1e-5	0.013764
22.375	4.8e-5	0.014728
22.5	5.6e-5	0.015627
22.625	6.6e-5	0.016436
22.75	7.8e-5	0.017127
22.875	9.1e-5	0.017671
23.0	0.000106	0.018034
23.125	0.000124	0.018183
23.25	0.000145	0.018079
23.375	0.000168	0.017685
23.5	0.000196	0.016961
23.625	0.000228	0.015865
23.75	0.000265	0.014356
23.875	0.000307	0.012392
24.0	0.000356	0.009933
24.125	0.000412	0.006939
24.25	0.000476	0.003373
24.375	0.00055	-0.0008
24.5	0.000635	-0.005608
24.625	0.000731	-0.011077
24.75	0.000841	-0.017226
24.875	0.000967	-0.024067
25.0	0.001111	-0.031602
25.125	0.001274	-0.039825
25.25	0.00146	-0.048719
25.375	0.001671	-0.058256
25.5	0.00191	-0.068394
25.625	0.002181	-0.079078
25.75	0.002487	-0.090237
25.875	0.002834	-0.101785
26.0	0.003225	-0.11362
26.125	0.003666	-0.125624
26.25	0.004162	-0.137659
26.375	0.004721	-0.149572
26.5	0.005348	-0.161193
26.625	0.006052	-0.172335
26.75	0.00684	-0.182793
26.875	0.007723	-0.192349
27.0	0.00871	-0.200771
27.125	0.009811	-0.207815
27.25	0.01104	-0.213225
27.375	0.012408	-0.216742
27.5	0.013931	-0.218097
27.625	0.015622	-0.217023
27.75	0.017499	-0.213253
27.875	0.01958	-0.206525
28.0	0.021883	-0.19659
28.125	0.024429	-0.18321
28.25	0.027241	-0.166167
28.375	0.030342	-0.145266
28.5	0.033758	-0.120341
28.625	0.037517	-0.09126
28.75	0.041647	-0.057928
28.875	0.046179	-0.020297
29.0	0.051147	0.021638
29.125	0.056585	0.067823
29.25	0.062531	0.118152
29.375	0.069023	0.172454
29.5	0.076104	0.230496
29.625	0.083817	0.291976
29.75	0.092207	0.356525
29.875	0.101322	0.423701
30.0	0.111213	0.492994
30.125	0.121932	0.563819
30.25	0.133533	0.635527
30.375	0.146072	0.7074
30.5	0.159609	0.778656
30.625	0.174204	0.848457
30.75	0.189918	0.915914
30.875	0.206817	0.980089
31.0	0.224964	1.040012
31.125	0.244429	1.094681
31.25	0.265277	1.143082
31.375	0.28758	1.18419
31.5	0.311405	1.216992
31.625	0.336824	1.240491
31.75	0.363906	1.253725
31.875	0.392723	1.255779
32.0	0.423343	1.2458
32.125	0.455835	1.223012
32.25	0.490268	1.186731
32.375	0.526706	1.136379
32.5	0.565215	1.071495
32.625	0.605854	0.991754
32.75	0.648682	0.896975
32.875	0.693755	0.787131
33.0	0.741122	0.662366
33.125	0.79083	0.522993
33.25	0.842919	0.369508
33.375	0.897426	0.202592
33.5	0.954379	0.023114
33.625	1.013801	-0.167872
33.75	1.075708	-0.369124
33.875	1.140108	-0.579223
34.0	1.206999	-0.796574
34.125	1.276373	-1.019422
34.25	1.348212	-1.245861
34.375	1.422487	-1.473848
34.5	1.49916	-1.701225
34.625	1.578183	-1.925735
34.75	1.659498	-2.145043
34.875	1.743032	-2.356766
35.0	1.828706	-2.558489
35.125	1.916427	-2.747802
35.25	2.006088	-2.922321
35.375	2.097576	-3.079718
35.5	2.19076	-3.217754
35.625	2.285503	-3.334302
35.75	2.381652	-3.427383
35.875	2.479047	-3.495188
36.0	2.577512	-3.536108
36.125	2.676864	-3.548759
36.25	2.776909	-3.532007
36.375	2.877443	-3.484984
36.5	2.978252	-3.407114
36.625	3.079114	-3.298123
36.75	3.1798	-3.158051
36.875	3.280073	-2.987266
37.0	3.379691	-2.786462
37.125	3.478405	-2.556665
37.25	3.575962	-2.299228
37.375	3.672108	-2.015823
37.5	3.766583	-1.708433
37.625	3.85913	-1.379332
37.75	3.949489	-1.031068
37.875	4.037403	-0.666443
38.0	4.122617	-0.288481
38.125	4.20488	0.099599
38.25	4.283945	0.494414
38.375	4.359571	0.892456
38.5	4.431527	1.290128
38.625	4.499588	1.683779
38.75	4.563538	2.069751
38.875	4.623175	2.444415
39.0	4.678307	2.804213
39.125	4.728754	3.1457
39.25	4.774352	3.465581
39.375	4.814951	3.76075
39.5	4.850416	4.028331
39.625	4.880628	4.265701
39.75	4.905487	4.470533
39.875	4.92491	4.640813
40.0	4.93883	4.774873
40.125	4.947201	4.871401
40.25	4.949995	4.929467
40.375	4.947202	4.948523
40.5	4.938831	4.928419
40.625	4.924911	4.869397
40.75	4.905489	4.772094
40.875	4.88063	4.637527
41.0	4.850418	4.467087
41.125	4.814953	4.262519
41.25	4.774355	4.025902
41.375	4.728757	3.75962
41.5	4.67831	3.466339
41.625	4.623179	3.148972
41.75	4.563542	2.810647
41.875	4.499592	2.454665
42.0	4.431532	2.084469
42.125	4.359576	1.703597
42.25	4.28395	1.315649
42.375	4.204885	0.924238
42.5	4.122623	0.532959
42.625	4.037409	0.145343
42.75	3.949495	-0.23518
42.875	3.859136	-0.605315
43.0	3.766589	-0.961936
43.125	3.672114	-1.302118
43.25	3.575968	-1.623167
43.375	3.478411	-1.922642
43.5	3.379697	-2.198376
43.625	3.28008	-2.448498
43.75	3.179806	-2.671441
43.875	3.07912	-2.865955
44.0	2.978258	-3.031111
44.125	2.877449	-3.166302
44.25	2.776915	-3.271246
44.375	2.67687	-3.34597
44.5	2.577518	-3.390811
44.625	2.479053	-3.406394
44.75	2.381659	-3.393621
44.875	2.285509	-3.353652
45.0	2.190766	-3.287878
45.125	2.097581	-3.197905
45.25	2.006094	-3.085524
45.375	1.916432	-2.952685
45.5	1.828712	-2.801469
45.625	1.743038	-2.634062
45.75	1.659503	-2.452723
45.875	1.578188	-2.259761
46.0	1.499165	-2.0575
46.125	1.422491	-1.848259
46.25	1.348216	-1.634324
46.375	1.276378	-1.417923
46.5	1.207003	-1.201203
46.625	1.140112	-0.986213
46.75	1.075712	-0.774882
46.875	1.013805	-0.569007
47.0	0.954383	-0.370234
47.125	0.897429	-0.180052
47.25	0.842922	0.000219
47.375	0.790833	0.169433
47.5	0.741125	0.326621
47.625	0.693758	0.470994
47.75	0.648685	0.601942
47.875	0.605856	0.71903
48.0	0.565217	0.821994
48.125	0.526709	0.910734
48.25	0.49027	0.985305
48.375	0.455837	1.045908
48.5	0.423345	1.092878
48.625	0.392724	1.126675
48.75	0.363908	1.147866
48.875	0.336825	1.157115
49.0	0.311406	1.155172
49.125	0.287581	1.142851
49.25	0.265279	1.121024
49.375	0.24443	1.090603
49.5	0.224966	1.052528
49.625	0.206818	1.007755
49.75	0.189919	0.957242
49.875	0.174204	0.90194
50.0	0.15961	0.842778
50.125	0.146073	0.780661
50.25	0.133533	0.716456
50.375	0.121932	0.650983
50.5	0.111214	0.585016
50.625	0.101323	0.51927
50.75	0.092207	0.454402
50.875	0.083817	0.391006
51.0	0.076105	0.32961
51.125	0.069024	0.270676
51.25	0.062531	0.214602
51.375	0.056585	0.161718
51.5	0.051147	0.112292
51.625	0.046179	0.066528
51.75	0.041647	0.024571
51.875	0.037517	-0.013486
52.0	0.033758	-0.047608
52.125	0.030342	-0.077803
52.25	0.027241	-0.104126
52.375	0.024429	-0.126669
52.5	0.021883	-0.14556
52.625	0.01958	-0.160955
52.75	0.017499	-0.173038
52.875	0.015622	-0.182012
53.0	0.013931	-0.188095
53.125	0.012408	-0.191519
53.25	0.01104	-0.192522
53.375	0.009811	-0.19135
53.5	0.00871	-0.188245
53.625	0.007723	-0.18345
53.75	0.00684	-0.177202
53.875	0.006052	-0.16973
54.0	0.005348	-0.161255
54.125	0.004721	-0.151986
54.25	0.004162	-0.142117
54.375	0.003666	-0.13183
54.5	0.003225	-0.121294
54.625	0.002834	-0.110658
54.75	0.002487	-0.10006
54.875	0.002181	-0.08962
55.0	0.00191	-0.079442
55.125	0.001671	-0.069615
55.25	0.00146	-0.060216
55.375	0.001274	-0.051305
55.5	0.001111	-0.042929
55.625	0.000967	-0.035125
55.75	0.000841	-0.027916
55.875	0.000731	-0.021316
56.0	0.000635	-0.01533
56.125	0.00055	-0.009952
56.25	0.000476	-0.005173
56.375	0.000412	-0.000975
56.5	0.000356	0.002666
56.625	0.000307	0.005776
56.75	0.000265	0.008386
56.875	0.000228	0.01053
57.0	0.000196	0.012241
57.125	0.000168	0.013557
57.25	0.000145	0.014514
57.375	0.000124	0.015148
57.5	0.000106	0.015497
57.625	9.1e-5	0.015594
57.75	7.8e-5	0.015474
57.875	6.6e-5	0.015168
58.0	5.6e-5	0.014708
58.125	4.8e-5	0.014121
58.25	4.1e-5	0.013433
58.375	3.5e-5	0.012668
58.5	2.9e-5	0.011848
58.625	2.5e-5	0.010992
58.75	2.1e-5	0.010117
58.875	1.8e-5	0.009238
59.0	1.5e-5	0.008367
59.125	1.3e-5	0.007516
59.25	1.1e-5	0.006694
59.375	9.0e-6	0.005907
59.5	8.0e-6	0.005162
59.625	6.0e-6	0.004462
59.75	5.0e-6	0.00381
59.875	4.0e-6	0.00321
60.0	4.0e-6	0.00266
60.125	3.0e-6	0.002161
60.25	3.0e-6	0.001713
60.375	2.0e-6	0.001313
60.5	2.0e-6	0.000961
60.625	2.0e-6	0.000652
60.75	1.0e-6	0.000386
60.875	1.0e-6	0.000159
61.0	1.0e-6	-3.2e-5
61.125	1.0e-6	-0.000191
61.25	1.0e-6	-0.000319
61.375	0.0	-0.00042
61.5	0.0	-0.000498
61.625	0.0	-0.000554
61.75	0.0	-0.000592
61.875	0.0	-0.000615
62.0	0.0	-0.000623
62.125	0.0	-0.000621
62.25	0.0	-0.000609
62.375	0.0	-0.00059
62.5	0.0	-0.000565
62.625	0.0	-0.000536
62.75	0.0	-0.000503
62.875	0.0	-0.000469
63.0	0.0	-0.000433
63.125	0.0	-0.000397
63.25	0.0	-0.000362
63.375	0.0	-0.000327
63.5	0.0	-0.000294
63.625	0.0	-0.000262
63.75	0.0	-0.000232
63.875	0.0	-0.000205
64.0	0.0	-0.000179
64.125	0.0	-0.000155
64.25	0.0	-0.000134
64.375	0.0	-0.000115
64.5	0.0	-9.8e-5
64.625	0.0	-8.3e-5
64.75	0.0	-7.0e-5
64.875	0.0	-5.8e-5
65.0	0.0	-4.8e-5
65.125	0.0	-4.0e-5
65.25	0.0	-3.3e-5
65.375	0.0	-2.7e-5
65.5	0.0	-2.3e-5
65.625	0.0	-1.9e-5
65.75	0.0	-1.6e-5
65.875	0.0	-1.4e-5
66.0	0.0	-1.2e-5
66.125	0.0	-1.1e-5
66.25	0.0	-1.1e-5
66.375	0.0	-1.1e-5
66.5	0.0	-1.1e-5
66.625	0.0	-1.1e-5
66.75	0.0	-1.2e-5
66.875	0.0	-1.3e-5
67.0	0.0	-1.3e-5
67.125	0.0	-1.4e-5
67.25	0.0	-1.5e-5
67.375	0.0	-1.6e-5
67.5	0.0	-1.7e-5
67.625	0.0	-1.8e-5
67.75	0.0	-1.9e-5
67.875	0.0	-2.0e-5
68.0	0.0	-2.1e-5
68.125	0.0	-2.1e-5
68.25	0.0	-2.2e-5
68.375	0.0	-2.3e-5
68.5	0.0	-2.3e-5
68.625	0.0	-2.4e-5
68.75	0.0	-2.4e-5
68.875	0.0	-2.5e-5
69.0	0.0	-2.5e-5
69.125	0.0	-2.6e-5
69.25	0.0	-2.6e-5
69.375	0.0	-2.7e-5
69.5	0.0	-2.7e-5
69.625	0.0	-2.7e-5
69.75	0.0	-2.8e-5
69.875	0.0	-2.8e-5
70.0	0.0	-2.8e-5
70.125	0.0	-2.8e-5
70.25	0.0	-2.9e-5
70.375	0.0	-2.9e-5
70.5	0.0	-2.9e-5
70.625	0.0	-2.9e-5
70.75	0.0	-3.0e-5
70.875	0.0	-3.0e-5
71.0	0.0	-3.0e-5
71.125	0.0	-3.0e-5
71.25	0.0	-3.0e-5
71.375	0.0	-3.1e-5
71.5	0.0	-3.1e-5
71.625	0.0	-3.1e-5
71.75	0.0	-3.1e-5
71.875	0.0	-3.1e-5
72.0	0.0	-3.2e-5
72.125	0.0	-3.2e-5
72.25	0.0	-3.2e-5
72.375	0.0	-3.2e-5
72.5	0.0	-3.2e-5
72.625	0.0	-3.3e-5
72.75	0.0	-3.3e-5
72.875	0.0	-3.3e-5
73.0	0.0	-3.3e-5
73.125	0.0	-3.3e-5
73.25	0.0	-3.4e-5
73.375	0.0	-3.4e-5
73.5	0.0	-3.4e-5
73.625	0.0	-3.4e-5
73.75	0.0	-3.4e-5
73.875	0.0	-3.4e-5
74.0	0.0	-3.5e-5
74.125	0.0	-3.5e-5
74.25	0.0	-3.5e-5
74.375	0.0	-3.5e-5
74.5	0.0	-3.5e-5
74.625	0.0	-3.6e-5
74.75	0.0	-3.6e-5
74.875	0.0	-3.6e-5
75.0	0.0	-3.6e-5
75.125	0.0	-3.6e-5
75.25	0.0	-3.7e-5
75.375	0.0	-3.7e-5
75.5	0.0	-3.7e-5
75.625	0.0	-3.7e-5
75.75	0.0	-3.7e-5
75.875	0.0	-3.8e-5
76.0	0.0	-3.8e-5
76.125	0.0	-3.8e-5
76.25	0.0	-3.8e-5
76.375	0.0	-3.8e-5
76.5	0.0	-3.8e-5
76.625	0.0	-3.9e-5
76.75	0.0	-3.9e-5
76.875	0.0	-3.9e-5
77.0	0.0	-3.9e-5
77.125	0.0	-3.9e-5
77.25	0.0	-4.0e-5
77.375	0.0	-4.0e-5
77.5	0.0	-4.0e-5
77.625	0.0	-4.0e-5
77.75	0.0	-4.0e-5
77.875	0.0	-4.0e-5
78.0	0.0	-4.1e-5
78.125	0.0	-4.1e-5
78.25	0.0	-4.1e-5
78.375	0.0	-4.1e-5
78.5	0.0	-4.1e-5
78.625	0.0	-4.1e-5
78.75	0.0	-4.2e-5
78.875	0.0	-4.2e-5
79.0	0.0	-4.2e-5
79.125	0.0	-4.2e-5
79.25	0.0	-4.2e-5
79.375	0.0	-4.3e-5
79.5	0.0	-4.3e-5
79.625	0.0	-4.3e-5
79.75	0.0	-4.3e-5
79.875	0.0	-4.3e-5
80.0	0.0	-4.3e-5
80.125	0.0	-4.4e-5
80.25	0.0	-4.4e-5
80.375	0.0	-4.4e-5
80.5	0.0	-4.4e-5
80.625	0.0	-4.4e-5
80.75	0.0	-4.4e-5
80.875	0.0	-4.5e-5
81.0	0.0	-4.5e-5
81.125	0.0	-4.5e-5
81.25	0.0	-4.5e-5
81.375	0.0	-4.5e-5
81.5	0.0	-4.5e-5
81.625	0.0	-4.6e-5
81.75	0.0	-4.6e-5
81.875	0.0	-4.6e-5
82.0	0.0	-4.6e-5
82.125	0.0	-4.6e-5
82.25	0.0	-4.6e-5
82.375	0.0	-4.7e-5
82.5	0.0	-4.7e-5
82.625	0.0	-4.7e-5
82.75	0.0	-4.7e-5
82.875	0.0	-4.7e-5
83.0	0.0	-4.7e-5
83.125	0.0	-4.7e-5
83.25	0.0	-4.8e-5
83.375	0.0	-4.8e-5
83.5	0.0	-4.8e-5
83.625	0.0	-4.8e-5
83.75	0.0	-4.8e-5
83.875	0.0	-4.8e-5
84.0	0.0	-4.9e-5
84.125	0.0	-4.9e-5
84.25	0.0	-4.9e-5
84.375	0.0	-4.9e-5
84.5	0.0	-4.9e-5
84.625	0.0	-4.9e-5
84.75	0.0	-4.9e-5
84.875	0.0	-5.0e-5
85.0	0.0	-5.0e-5
85.125	0.0	-5.0e-5
85.25	0.0	-5.0e-5
85.375	0.0	-5.0e-5
85.5	0.0	-5.0e-5
85.625	0.0	-5.0e-5
85.75	0.0	-5.1e-5
85.875	0.0	-5.1e-5
86.0	0.0	-5.1e-5
86.125	0.0	-5.1e-5
86.25	0.0	-5.1e-5
86.375	0.0	-5.1e-5
86.5	0.0	-5.1e-5
86.625	0.0	-5.2e-5
86.75	0.0	-5.2e-5
86.875	0.0	-5.2e-5
87.0	0.0	-5.2e-5
87.125	0.0	-5.2e-5
87.25	0.0	-5.2e-5
87.375	0.0	-5.2e-5
87.5	0.0	-5.3e-5
87.625	0.0	-5.3e-5
87.75	0.0	-5.3e-5
87.875	0.0	-5.3e-5
88.0	0.0	-5.3e-5
88.125	0.0	-5.3e-5
88.25	0.0	-5.3e-5
88.375	0.0	-5.4e-5
88.5	0.0	-5.4e-5
88.625	0.0	-5.4e-5
88.75	0.0	-5.4e-5
88.875	0.0	-5.4e-5
89.0	0.0	-5.4e-5
89.125	0.0	-5.4e-5
89.25	0.0	-5.5e-5
89.375	0.0	-5.5e-5
89.5	0.0	-5.5e-5
89.625	0.0	-5.5e-5
89.75	0.0	-5.5e-5
89.875	0.0	-5.5e-5
90.0	0.0	-5.5e-5
90.125	0.0	-5.5e-5
90.25	0.0	-5.6e-5
90.375	0.0	-5.6e-5
90.5	0.0	-5.6e-5
90.625	0.0	-5.6e-5
90.75	0.0	-5.6e-5
90.875	0.0	-5.6e-5
91.0	0.0	-5.6e-5
91.125	0.0	-5.6e-5
91.25	0.0	-5.7e-5
91.375	0.0	-5.7e-5
91.5	0.0	-5.7e-5
91.625	0.0	-5.7e-5
91.75	0.0	-5.7e-5
91.875	0.0	-5.7e-5
92.0	0.0	-5.7e-5
92.125	0.0	-5.7e-5
92.25	0.0	-5.8e-5
92.375	0.0	-5.8e-5
92.5	0.0	-5.8e-5
92.625	0.0	-5.8e-5
92.75	0.0	-5.8e-5
92.875	0.0	-5.8e-5
93.0	0.0	-5.8e-5
93.125	0.0	-5.8e-5
93.25	0.0	-5.9e-5
93.375	0.0	-5.9e-5
93.5	0.0	-5.9e-5
93.625	0.0	-5.9e-5
93.75	0.0	-5.9e-5
93.875	0.0	-5.9e-5
94.0	0.0	-5.9e-5
94.125	0.0	-5.9e-5
94.25	0.0	-6.0e-5
94.375	0.0	-6.0e-5
94.5	0.0	-6.0e-5
94.625	0.0	-6.0e-5
94.75	0.0	-6.0e-5
94.875	0.0	-6.0e-5
95.0	0.0	-6.0e-5
95.125	0.0	-6.0e-5
95.25	0.0	-6.0e-5
95.375	0.0	-6.1e-5
95.5	0.0	-6.1e-5
95.625	0.0	-6.1e-5
95.75	0.0	-6.1e-5
95.875	0.0	-6.1e-5
96.0	0.0	-6.1e-5
96.125	0.0	-6.1e-5
96.25	0.0	-6.1e-5
96.375	0.0	-6.1e-5
96.5	0.0	-6.2e-5
96.625	0.0	-6.2e-5
96.75	0.0	-6.2e-5
96.875	0.0	-6.2e-5
97.0	0.0	-6.2e-5
97.125	0.0	-6.2e-5
97.25	0.0	-6.2e-5
97.375	0.0	-6.2e-5
97.5	0.0	-6.2e-5
97.625	0.0	-6.3e-5
97.75	0.0	-6.3e-5
97.875	0.0	-6.3e-5
98.0	0.0	-6.3e-5
98.125	0.0	-6.3e-5
98.25	0.0	-6.3e-5
98.375	0.0	-6.3e-5
98.5	0.0	-6.3e-5
98.625	0.0	-6.3e-5
98.75	0.0	-6.4e-5
98.875	0.0	-6.4e-5
99.0	0.0	-6.4e-5
99.125	0.0	-6.4e-5
99.25	0.0	-6.4e-5
99.375	0.0	-6.4e-5
99.5	0.0	-6.4e-5
99.625	0.0	-6.4e-5
99.75	0.0	-6.4e-5
99.875	0.0	-6.4e-5
100.0	0.0	-6.5e-5
100.125	0.0	-6.5e-5
100.25	0.0	-6.5e-5
100.375	0.0	-6.5e-5
100.5	0.0	-6.5e-5
100.625	0.0	-6.5e-5
100.75	0.0	-6.5e-5
100.875	0.0	-6.5e-5
101.0	0.0	-6.5e-5
101.125	0.0	-6.5e-5
101.25	0.0	-6.6e-5
101.375	0.0	-6.6e-5
101.5	0.0	-6.6e-5
101.625	0.0	-6.6e-5
101.75	0.0	-6.6e-5
101.875	0.0	-6.6e-5
102.0	0.0	-6.6e-5
102.125	0.0	-6.6e-5
102.25	0.0	-6.6e-5
102.375	0.0	-6.6e-5
102.5	0.0	-6.7e-5
102.625	0.0	-6.7e-5
102.75	0.0	-6.7e-5
102.875	0.0	-6.7e-5
103.0	0.0	-6.7e-5
103.125	0.0	-6.7e-5
103.25	0.0	-6.7e-5
103.375	0.0	-6.7e-5
103.5	0.0	-6.7e-5
103.625	0.0	-6.7e-5
103.75	0.0	-6.7e-5
103.875	0.0	-6.8e-5
104.0	0.0	-6.8e-5
104.125	0.0	-6.8e-5
104.25	0.0	-6.8e-5
104.375	0.0	-6.8e-5
104.5	0.0	-6.8e-5
104.625	0.0	-6.8e-5
104.75	0.0	-6.8e-5
104.875	0.0	-6.8e-5
105.0	0.0	-6.8e-5
105.125	0.0	-6.8e-5
105.25	0.0	-6.9e-5
105.375	0.0	-6.9e-5
105.5	0.0	-6.9e-5
105.625	0.0	-6.9e-5
105.75	0.0	-6.9e-5
105.875	0.0	-6.9e-5
106.0	0.0	-6.9e-5
106.125	0.0	-6.9e-5
106.25	0.0	-6.9e-5
106.375	0.0	-6.9e-5
106.5	0.0	-6.9e-5
106.625	0.0	-7.0e-5
106.75	0.0	-7.0e-5
106.875	0.0	-7.0e-5
107.0	0.0	-7.0e-5
107.125	0.0	-7.0e-5
107.25	0.0	-7.0e-5
107.375	0.0	-7.0e-5
107.5	0.0	-7.0e-5
107.625	0.0	-7.0e-5
107.75	0.0	-7.0e-5
107.875	0.0	-7.0e-5
108.0	0.0	-7.0e-5
108.125	0.0	-7.1e-5
108.25	0.0	-7.1e-5
108.375	0.0	-7.1e-5
108.5	0.0	-7.1e-5
108.625	0.0	-7.1e-5
108.75	0.0	-7.1e-5
108.875	0.0	-7.1e-5
109.0	0.0	-7.1e-5
109.125	0.0	-7.1e-5
109.25	0.0	-7.1e-5
109.375	0.0	-7.1e-5
109.5	0.0	-7.1e-5
109.625	0.0	-7.2e-5
109.75	0.0	-7.2e-5
109.875	0.0	-7.2e-5
110.0	0.0	-7.2e-5
110.125	0.0	-7.2e-5
110.25	0.0	-7.2e-5
110.375	0.0	-7.2e-5
110.5	0.0	-7.2e-5
110.625	0.0	-7.2e-5
110.75	0.0	-7.2e-5
110.875	0.0	-7.2e-5
111.0	0.0	-7.2e-5
111.125	0.0	-7.2e-5
111.25	0.0	-7.3e-5
111.375	0.0	-7.3e-5
111.5	0.0	-7.3e-5
111.625	0.0	-7.3e-5
111.75	0.0	-7.3e-5
111.875	0.0	-7.3e-5
112.0	0.0	-7.3e-5
112.125	0.0	-7.3e-5
112.25	0.0	-7.3e-5
112.375	0.0	-7.3e-5
112.5	0.0	-7.3e-5
112.625	0.0	-7.3e-5
112.75	0.0	-7.3e-5
112.875	0.0	-7.4e-5
113.0	0.0	-7.4e-5
113.125	0.0	-7.4e-5
113.25	0.0	-7.4e-5
113.375	0.0	-7.4e-5
113.5	0.0	-7.4e-5
113.625	0.0	-7.4e-5
113.75	0.0	-7.4e-5
113.875	0.0	-7.4e-5
114.0	0.0	-7.4e-5
114.125	0.0	-7.4e-5
114.25	0.0	-7.4e-5
114.375	0.0	-7.4e-5
114.5	0.0	-7.5e-5
114.625	0.0	-7.5e-5
114.75	0.0	-7.5e-5
114.875	0.0	-7.5e-5
115.0	0.0	-7.5e-5
115.125	0.0	-7.5e-5
115.25	0.0	-7.5e-5
115.375	0.0	-7.5e-5
115.5	0.0	-7.5e-5
115.625	0.0	-7.5e-5
115.75	0.0	-7.5e-5
115.875	0.0	-7.5e-5
116.0	0.0	-7.5e-5
116.125	0.0	-7.5e-5
116.25	0.0	-7.6e-5
116.375	0.0	-7.6e-5
116.5	0.0	-7.6e-5
116.625	0.0	-7.6e-5
116.75	0.0	-7.6e-5
116.875	0.0	-7.6e-5
117.0	0.0	-7.6e-5
117.125	0.0	-7.6e-5
117.25	0.0	-7.6e-5
117.375	0.0	-7.6e-5
117.5	0.0	-7.6e-5
117.625	0.0	-7.6e-5
117.75	0.0	-7.6e-5
117.875	0.0	-7.6e-5
118.0	0.0	-7.6e-5
118.125	0.0	-7.7e-5
118.25	0.0	-7.7e-5
118.375	0.0	-7.7e-5
118.5	0.0	-7.7e-5
118.625	0.0	-7.7e-5
118.75	0.0	-7.7e-5
118.875	0.0	-7.7e-5
119.0	0.0	-7.7e-5
119.125	0.0	-7.7e-5
119.25	0.0	-7.7e-5
119.375	0.0	-7.7e-5
119.5	0.0	-7.7e-5
119.625	0.0	-7.7e-5
119.75	0.0	-7.7e-5
119.875	0.0	-7.7e-5
120.0	0.0	-7.8e-5
120.125	0.0	-7.8e-5
120.25	0.0	-7.8e-5
120.375	0.0	-7.8e-5
120.5	0.0	-7.8e-5
120.625	0.0	-7.8e-5
120.75	0.0	-7.8e-5
120.875	0.0	-7.8e-5
121.0	0.0	-7.8e-5
121.125	0.0	-7.8e-5
121.25	0.0	-7.8e-5
121.375	0.0	-7.8e-5
121.5	0.0	-7.8e-5
121.625	0.0	-7.8e-5
121.75	0.0	-7.8e-5
121.875	0.0	-7.9e-5
122.0	0.0	-7.9e-5
122.125	0.0	-7.9e-5
122.25	0.0	-7.9e-5
122.375	0.0	-7.9e-5
122.5	0.0	-7.9e-5
122.625	0.0	-7.9e-5
122.75	0.0	-7.9e-5
122.875	0.0	-7.9e-5
123.0	0.0	-7.9e-5
123.125	0.0	-7.9e-5
123.25	0.0	-7.9e-5
123.375	0.0	-7.9e-5
123.5	0.0	-7.9e-5
123.625	0.0	-7.9e-5
123.75	0.0	-7.9e-5
123.875	0.0	-7.9e-5
124.0	0.0	-8.0e-5
124.125	0.0	-8.0e-5
124.25	0.0	-8.0e-5
124.375	0.0	-8.0e-5
124.5	0.0	-8.0e-5
124.625	0.0	-8.0e-5
124.75	0.0	-8.0e-5
124.875	0.0	-8.0e-5
125.0	0.0	-8.0e-5
125.125	0.0	-8.0e-5
125.25	0.0	-8.0e-5
125.375	0.0	-8.0e-5
125.5	0.0	-8.0e-5
125.625	0.0	-8.0e-5
125.75	0.0	-8.0e-5
125.875	0.0	-8.0e-5
126.0	0.0	-8.0e-5
126.125	0.0	-8.1e-5
126.25	0.0	-8.1e-5
126.375	0.0	-8.1e-5
126.5	0.0	-8.1e-5
126.625	0.0	-8.1e-5
126.75	0.0	-8.1e-5
126.875	0.0	-8.1e-5
127.0	0.0	-8.1e-5
127.125	0.0	-8.1e-5
127.25	0.0	-8.1e-5
127.375	0.0	-8.1e-5
127.5	0.0	-8.1e-5
127.625	0.0	-8.1e-5
127.75	0.0	-8.1e-5
127.875	0.0	-8.1e-5
128.0	0.0	-8.1e-5
128.125	0.0	-8.1e-5
128.25	0.0	-8.2e-5
128.375	0.0	-8.2e-5
128.5	0.0	-8.2e-5
128.625	0.0	-8.2e-5
128.75	0.0	-8.2e-5
128.875	0.0	-8.2e-5
129.0	0.0	-8.2e-5
129.125	0.0	-8.2e-5
129.25	0.0	-8.2e-5
129.375	0.0	-8.2e-5
129.5	0.0	-8.2e-5
129.625	0.0	-8.2e-5
129.75	0.0	-8.2e-5
129.875	0.0	-8.2e-5
130.0	0.0	-8.2e-5
130.125	0.0	-8.2e-5
130.25	0.0	-8.2e-5
130.375	0.0	-8.2e-5
130.5	0.0	-8.2e-5
130.625	0.0	-8.3e-5
130.75	0.0	-8.3e-5
130.875	0.0	-8.3e-5
131.0	0.0	-8.3e-5
131.125	0.0	-8.3e-5
131.25	0.0	-8.3e-5
131.375	0.0	-8.3e-5
131.5	0.0	-8.3e-5
131.625	0.0	-8.3e-5
131.75	0.0	-8.3e-5
131.875	0.0	-8.3e-5
132.0	0.0	-8.3e-5
132.125	0.0	-8.3e-5
132.25	0.0	-8.3e-5
132.375	0.0	-8.3e-5
132.5	0.0	-8.3e-5
132.625	0.0	-8.3e-5
132.75	0.0	-8.3e-5
132.875	0.0	-8.3e-5
133.0	0.0	-8.4e-5
133.125	0.0	-8.4e-5
133.25	0.0	-8.4e-5
133.375	0.0	-8.4e-5
133.5	0.0	-8.4e-5
133.625	0.0	-8.4e-5
133.75	0.0	-8.4e-5
133.875	0.0	-8.4e-5
134.0	0.0	-8.4e-5
134.125	0.0	-8.4e-5
134.25	0.0	-8.4e-5
134.375	0.0	-8.4e-5
134.5	0.0	-8.4e-5
134.625	0.0	-8.4e-5
134.75	0.0	-8.4e-5
134.875	0.0	-8.4e-5
135.0	0.0	-8.4e-5
135.125	0.0	-8.4e-5
135.25	0.0	-8.4e-5
135.375	0.0	-8.4e-5
135.5	0.0	-8.5e-5
135.625	0.0	-8.5e-5
135.75	0.0	-8.5e-5
135.875	0.0	-8.5e-5
136.0	0.0	-8.5e-5
136.125	0.0	-8.5e-5
136.25	0.0	-8.5e-5
136.375	0.0	-8.5e-5
136.5	0.0	-8.5e-5
136.625	0.0	-8.5e-5
136.75	0.0	-8.5e-5
136.875	0.0	-8.5e-5
137.0	0.0	-8.5e-5
137.125	0.0	-8.5e-5
137.25	0.0	-8.5e-5
137.375	0.0	-8.5e-5
137.5	0.0	-8.5e-5
137.625	0.0	-8.5e-5
137.75	0.0	-8.5e-5
137.875	0.0	-8.5e-5
138.0	0.0	-8.6e-5
138.125	0.0	-8.6e-5
138.25	0.0	-8.6e-5
138.375	0.0	-8.6e-5
138.5	0.0	-8.6e-5
138.625	0.0	-8.6e-5
138.75	0.0	-8.6e-5
138.875	0.0	-8.6e-5
139.0	0.0	-8.6e-5
139.125	0.0	-8.6e-5
139.25	0.0	-8.6e-5
139.375	0.0	-8.6e-5
139.5	0.0	-8.6e-5
139.625	0.0	-8.6e-5
139.75	0.0	-8.6e-5
139.875	0.0	-8.6e-5
140.0	0.0	-8.6e-5
140.125	0.0	-8.6e-5
140.25	0.0	-8.6e-5
140.375	0.0	-8.6e-5
140.5	0.0	-8.6e-5
140.625	0.0	-8.6e-5
140.75	0.0	-8.7e-5
140.875	0.0	-8.7e-5
141.0	0.0	-8.7e-5
141.125	0.0	-8.7e-5
141.25	0.0	-8.7e-5
141.375	0.0	-8.7e-5
141.5	0.0	-8.7e-5
141.625	0.0	-8.7e-5
141.75	0.0	-8.7e-5
141.875	0.0	-8.7e-5
142.0	0.0	-8.7e-5
142.125	0.0	-8.7e-5
142.25	0.0	-8.7e-5
142.375	0.0	-8.7e-5
142.5	0.0	-8.7e-5
142.625	0.0	-8.7e-5
142.75	0.0	-8.7e-5
142.875	0.0	-8.7e-5
143.0	0.0	-8.7e-5
143.125	0.0	-8.7e-5
143.25	0.0	-8.7e-5
143.375	0.0	-8.7e-5
143.5	0.0	-8.7e-5
143.625	0.0	-8.8e-5
143.75	0.0	-8.8e-5
143.875	0.0	-8.8e-5
144.0	0.0	-8.8e-5
144.125	0.0	-8.8e-5
144.25	0.0	-8.8e-5
144.375	0.0	-8.8e-5
144.5	0.0	-8.8e-5
144.625	0.0	-8.8e-5
144.75	0.0	-8.8e-5
144.875	0.0	-8.8e-5
145.0	0.0	-8.8e-5
145.125	0.0	-8.8e-5
145.25	0.0	-8.8e-5
145.375	0.0	-8.8e-5
145.5	0.0	-8.8e-5
145.625	0.0	-8.8e-5
145.75	0.0	-8.8e-5
145.875	0.0	-8.8e-5
146.0	0.0	-8.8e-5
146.125	0.0	-8.8e-5
146.25	0.0	-8.8e-5
146.375	0.0	-8.8e-5
146.5	0.0	-8.9e-5
146.625	0.0	-8.9e-5
146.75	0.0	-8.9e-5
146.875	0.0	-8.9e-5
147.0	0.0	-8.9e-5
147.125	0.0	-8.9e-5
147.25	0.0	-8.9e-5
147.375	0.0	-8.9e-5
147.5	0.0	-8.9e-5
147.625	0.0	-8.9e-5
147.75	0.0	-8.9e-5
147.875	0.0	-8.9e-5
148.0	0.0	-8.9e-5
148.125	0.0	-8.9e-5
148.25	0.0	-8.9e-5
148.375	0.0	-8.9e-5
148.5	0.0	-8.9e-5
148.625	0.0	-8.9e-5
148.75	0.0	-8.9e-5
148.875	0.0	-8.9e-5
149.0	0.0	-8.9e-5
149.125	0.0	-8.9e-5
149.25	0.0	-8.9e-5
149.375	0.0	-8.9e-5
149.5	0.0	-8.9e-5
149.625	0.0	-9.0e-5
149.75	0.0	-9.0e-5
149.875	0.0	-9.0e-5
150.0	0.0	-9.0e-5
150.125	0.0	-9.0e-5
150.25	0.0	-9.0e-5
150.375	0.0	-9.0e-5
150.5	0.0	-9.0e-5
150.625	0.0	-9.0e-5
150.75	0.0	-9.0e-5
150.875	0.0	-9.0e-5
151.0	0.0	-9.0e-5
151.125	0.0	-9.0e-5
151.25	0.0	-9.0e-5
151.375	0.0	-9.0e-5
151.5	0.0	-9.0e-5
151.625	0.0	-9.0e-5
151.75	0.0	-9.0e-5
151.875	0.0	-9.0e-5
152.0	0.0	-9.0e-5
152.125	0.0	-9.0e-5
152.25	0.0	-9.0e-5
152.375	0.0	-9.0e-5
152.5	0.0	-9.0e-5
152.625	0.0	-9.0e-5
152.75	0.0	-9.0e-5
152.875	0.0	-9.1e-5
153.0	0.0	-9.1e-5
153.125	0.0	-9.1e-5
153.25	0.0	-9.1e-5
153.375	0.0	-9.1e-5
153.5	0.0	-9.1e-5
153.625	0.0	-9.1e-5
153.75	0.0	-9.1e-5
153.875	0.0	-9.1e-5
154.0	0.0	-9.1e-5
154.125	0.0	-9.1e-5
154.25	0.0	-9.1e-5
154.375	0.0	-9.1e-5
154.5	0.0	-9.1e-5
154.625	0.0	-9.1e-5
154.75	0.0	-9.1e-5
154.875	0.0	-9.1e-5
155.0	0.0	-9.1e-5
155.125	0.0	-9.1e-5
155.25	0.0	-9.1e-5
155.375	0.0	-9.1e-5
155.5	0.0	-9.1e-5
155.625	0.0	-9.1e-5
155.75	0.0	-9.1e-5
155.875	0.0	-9.1e-5
156.0	0.0	-9.1e-5
156.125	0.0	-9.1e-5
156.25	0.0	-9.2e-5
156.375	0.0	-9.2e-5
156.5	0.0	-9.2e-5
156.625	0.0	-9.2e-5
156.75	0.0	-9.2e-5
156.875	0.0	-9.2e-5
157.0	0.0	-9.2e-5
157.125	0.0	-9.2e-5
157.25	0.0	-9.2e-5
157.375	0.0	-9.2e-5
157.5	0.0	-9.2e-5
157.625	0.0	-9.2e-5
157.75	0.0	-9.2e-5
157.875	0.0	-9.2e-5
158.0	0.0	-9.2e-5
158.125	0.0	-9.2e-5
158.25	0.0	-9.2e-5
158.375	0.0	-9.2e-5
158.5	0.0	-9.2e-5
158.625	0.0	-9.2e-5
158.75	0.0	-9.2e-5
158.875	0.0	-9.2e-5
159.0	0.0	-9.2e-5
159.125	0.0	-9.2e-5
159.25	0.0	-9.2e-5
159.375	0.0	-9.2e-5
159.5	0.0	-9.2e-5
159.625	0.0	-9.2e-5
159.75	0.0	-9.2e-5
159.875	0.0	-9.3e-5
160.0	0.0	-9.3e-5
160.125	0.0	-9.3e-5
160.25	0.0	-9.3e-5
160.375	0.0	-9.3e-5
160.5	0.0	-9.3e-5
160.625	0.0	-9.3e-5
160.75	0.0	-9.3e-5
160.875	0.0	-9.3e-5
161.0	0.0	-9.3e-5
161.125	0.0	-9.3e-5
161.25	0.0	-9.3e-5
161.375	0.0	-9.3e-5
161.5	0.0	-9.3e-5
161.625	0.0	-9.3e-5
161.75	0.0	-9.3e-5
161.875	0.0	-9.3e-5
162.0	0.0	-9.3e-5
162.125	0.0	-9.3e-5
162.25	0.0	-9.3e-5
162.375	0.0	-9.3e-5
162.5	0.0	-9.3e-5
162.625	0.0	-9.3e-5
162.75	0.0	-9.3e-5
162.875	0.0	-9.3e-5
163.0	0.0	-9.3e-5
163.125	0.0	-9.3e-5
163.25	0.0	-9.3e-5
163.375	0.0	-9.3e-5
163.5	0.0	-9.4e-5
163.625	0.0	-9.4e-5
163.75	0.0	-9.4e-5
163.875	0.0	-9.4e-5
164.0	0.0	-9.4e-5
164.125	0.0	-9.4e-5
164.25	0.0	-9.4e-5
164.375	0.0	-9.4e-5
164.5	0.0	-9.4e-5
164.625	0.0	-9.4e-5
164.75	0.0	-9.4e-5
164.875	0.0	-9.4e-5
165.0	0.0	-9.4e-5
165.125	0.0	-9.4e-5
165.25	0.0	-9.4e-5
165.375	0.0	-9.4e-5
165.5	0.0	-9.4e-5
165.625	0.0	-9.4e-5
165.75	0.0	-9.4e-5
165.875	0.0	-9.4e-5
166.0	0.0	-9.4e-5
166.125	0.0	-9.4e-5
166.25	0.0	-9.4e-5
166.375	0.0	-9.4e-5
166.5	0.0	-9.4e-5
166.625	0.0	-9.4e-5
166.75	0.0	-9.4e-5
166.875	0.0	-9.4e-5
167.0	0.0	-9.4e-5
167.125	0.0	-9.4e-5
167.25	0.0	-9.4e-5
167.375	0.0	-9.4e-5
167.5	0.0	-9.5e-5
167.625	0.0	-9.5e-5
167.75	0.0	-9.5e-5
167.875	0.0	-9.5e-5
168.0	0.0	-9.5e-5
168.125	0.0	-9.5e-5
168.25	0.0	-9.5e-5
168.375	0.0	-9.5e-5
168.5	0.0	-9.5e-5
168.625	0.0	-9.5e-5
168.75	0.0	-9.5e-5
168.875	0.0	-9.5e-5
169.0	0.0	-9.5e-5
169.125	0.0	-9.5e-5
169.25	0.0	-9.5e-5
169.375	0.0	-9.5e-5
169.5	0.0	-9.5e-5
169.625	0.0	-9.5e-5
169.75	0.0	-9.5e-5
169.875	0.0	-9.5e-5
170.0	0.0	-9.5e-5
170.125	0.0	-9.5e-5
170.25	0.0	-9.5e-5
170.375	0.0	-9.5e-5
170.5	0.0	-9.5e-5
170.625	0.0	-9.5e-5
170.75	0.0	-9.5e-5
170.875	0.0	-9.5e-5
171.0	0.0	-9.5e-5
171.125	0.0	-9.5e-5
171.25	0.0	-9.5e-5
171.375	0.0	-9.5e-5
171.5	0.0	-9.6e-5
171.625	0.0	-9.6e-5
171.75	0.0	-9.6e-5
171.875	0.0	-9.6e-5
172.0	0.0	-9.6e-5
172.125	0.0	-9.6e-5
172.25	0.0	-9.6e-5
172.375	0.0	-9.6e-5
172.5	0.0	-9.6e-5
172.625	0.0	-9.6e-5
172.75	0.0	-9.6e-5
172.875	0.0	-9.6e-5
173.0	0.0	-9.6e-5
173.125	0.0	-9.6e-5
173.25	0.0	-9.6e-5
173.375	0.0	-9.6e-5
173.5	0.0	-9.6e-5
173.625	0.0	-9.6e-5
173.75	0.0	-9.6e-5
173.875	0.0	-9.6e-5
174.0	0.0	-9.6e-5
174.125	0.0	-9.6e-5
174.25	0.0	-9.6e-5
174.375	0.0	-9.6e-5
174.5	0.0	-9.6e-5
174.625	0.0	-9.6e-5
174.75	0.0	-9.6e-5
174.875	0.0	-9.6e-5
175.0	0.0	-9.6e-5
175.125	0.0	-9.6e-5
175.25	0.0	-9.6e-5
175.375	0.0	-9.6e-5
175.5	0.0	-9.6e-5
175.625	0.0	-9.6e-5
175.75	0.0	-9.7e-5
175.875	0.0	-9.7e-5
176.0	0.0	-9.7e-5
176.125	0.0	-9.7e-5
176.25	0.0	-9.7e-5
176.375	0.0	-9.7e-5
176.5	0.0	-9.7e-5
176.625	0.0	-9.7e-5
176.75	0.0	-9.7e-5
176.875	0.0	-9.7e-5
177.0	0.0	-9.7e-5
177.125	0.0	-9.7e-5
177.25	0.0	-9.7e-5
177.375	0.0	-9.7e-5
177.5	0.0	-9.7e-5
177.625	0.0	-9.7e-5
177.75	0.0	-9.7e-5
177.875	0.0	-9.7e-5
178.0	0.0	-9.7e-5
178.125	0.0	-9.7e-5
178.25	0.0	-9.7e-5
178.375	0.0	-9.7e-5
178.5	0.0	-9.7e-5
178.625	0.0	-9.7e-5
178.75	0.0	-9.7e-5
178.875	0.0	-9.7e-5
179.0	0.0	-9.7e-5
179.125	0.0	-9.7e-5
179.25	0.0	-9.7e-5
179.375	0.0	-9.7e-5
179.5	0.0	-9.7e-5
179.625	0.0	-9.7e-5
179.75	0.0	-9.7e-5
179.875	0.0	-9.7e-5
180.0	0.0	-9.7e-5
180.125	0.0	-9.7e-5
180.25	0.0	-9.8e-5
180.375	0.0	-9.8e-5
180.5	0.0	-9.8e-5
180.625	0.0	-9.8e-5
180.75	0.0	-9.8e-5
180.875	0.0	-9.8e-5
181.0	0.0	-9.8e-5
181.125	0.0	-9.8e-5
181.25	0.0	-9.8e-5
181.375	0.0	-9.8e-5
181.5	0.0	-9.8e-5
181.625	0.0	-9.8e-5
181.75	0.0	-9.8e-5
181.875	0.0	-9.8e-5
182.0	0.0	-9.8e-5
182.125	0.0	-9.8e-5
182.25	0.0	-9.8e-5
182.375	0.0	-9.8e-5
182.5	0.0	-9.8e-5
182.625	0.0	-9.8e-5
182.75	0.0	-9.8e-5
182.875	0.0	-9.8e-5
183.0	0.0	-9.8e-5
183.125	0.0	-9.8e-5
183.25	0.0	-9.8e-5
183.375	0.0	-9.8e-5
183.5	0.0	-9.8e-5
183.625	0.0	-9.8e-5
183.75	0.0	-9.8e-5
183.875	0.0	-9.8e-5
184.0	0.0	-9.8e-5
184.125	0.0	-9.8e-5
184.25	0.0	-9.8e-5
184.375	0.0	-9.8e-5
184.5	0.0	-9.8e-5
184.625	0.0	-9.8e-5
184.75	0.0	-9.8e-5
184.875	0.0	-9.8e-5
185.0	0.0	-9.9e-5
185.125	0.0	-9.9e-5
185.25	0.0	-9.9e-5
185.375	0.0	-9.9e-5
185.5	0.0	-9.9e-5
185.625	0.0	-9.9e-5
185.75	0.0	-9.9e-5
185.875	0.0	-9.9e-5
186.0	0.0	-9.9e-5
186.125	0.0	-9.9e-5
186.25	0.0	-9.9e-5
186.375	0.0	-9.9e-5
186.5	0.0	-9.9e-5
186.625	0.0	-9.9e-5
186.75	0.0	-9.9e-5
186.875	0.0	-9.9e-5
187.0	0.0	-9.9e-5
187.125	0.0	-9.9e-5
187.25	0.0	-9.9e-5
187.375	0.0	-9.9e-5
187.5	0.0	-9.9e-5
187.625	0.0	-9.9e-5
187.75	0.0	-9.9e-5
187.875	0.0	-9.9e-5
188.0	0.0	-9.9e-5
188.125	0.0	-9.9e-5
188.25	0.0	-9.9e-5
188.375	0.0	-9.9e-5
188.5	0.0	-9.9e-5
188.625	0.0	-9.9e-5
188.75	0.0	-9.9e-5
188.875	0.0	-9.9e-5
189.0	0.0	-9.9e-5
189.125	0.0	-9.9e-5
189.25	0.0	-9.9e-5
189.375	0.0	-9.9e-5
189.5	0.0	-9.9e-5
189.625	0.0	-9.9e-5
189.75	0.0	-9.9e-5
189.875	0.0	-0.0001
190.0	0.0	-0.0001
190.125	0.0	-0.0001
190.25	0.0	-0.0001
190.375	0.0	-0.0001
190.5	0.0	-0.0001
190.625	0.0	-0.0001
190.75	0.0	-0.0001
190.875	0.0	-0.0001
191.0	0.0	-0.0001
191.125	0.0	-0.0001
191.25	0.0	-0.0001
191.375	0.0	-0.0001
191.5	0.0	-0.0001
191.625	0.0	-0.0001
191.75	0.0	-0.0001
191.875	0.0	-0.0001
192.0	0.0	-0.0001
192.125	0.0	-0.0001
192.25	0.0	-0.0001
192.375	0.0	-0.0001
192.5	0.0	-0.0001
192.625	0.0	-0.0001
192.75	0.0	-0.0001
192.875	0.0	-0.0001
193.0	0.0	-0.0001
193.125	0.0	-0.0001
193.25	0.0	-0.0001
193.375	0.0	-0.0001
193.5	0.0	-0.0001
193.625	0.0	-0.0001
193.75	0.0	-0.0001
193.875	0.0	-0.0001
194.0	0.0	-0.0001
194.125	0.0	-0.0001
194.25	0.0	-0.0001
194.375	0.0	-0.0001
194.5	0.0	-0.0001
194.625	0.0	-0.0001
194.75	0.0	-0.0001
194.875	0.0	-0.0001
195.0	0.0	-0.000101
195.125	0.0	-0.000101
195.25	0.0	-0.000101
195.375	0.0	-0.000101
195.5	0.0	-0.000101
195.625	0.0	-0.000101
195.75	0.0	-0.000101
195.875	0.0	-0.000101
196.0	0.0	-0.000101
196.125	0.0	-0.000101
196.25	0.0	-0.000101
196.375	0.0	-0.000101
196.5	0.0	-0.000101
196.625	0.0	-0.000101
196.75	0.0	-0.000101
196.875	0.0	-0.000101
197.0	0.0	-0.000101
197.125	0.0	-0.000101
197.25	0.0	-0.000101
197.375	0.0	-0.000101
197.5	0.0	-0.000101
197.625	0.0	-0.000101
197.75	0.0	-0.000101
197.875	0.0	-0.000101
198.0	0.0	-0.000101
198.125	0.0	-0.000101
198.25	0.0	-0.000101
198.375	0.0	-0.000101
198.5	0.0	-0.000101
198.625	0.0	-0.000101
198.75	0.0	-0.000101
198.875	0.0	-0.000101
199.0	0.0	-0.000101
199.125	0.0	-0.000101
199.25	0.0	-0.000101
199.375	0.0	-0.000101
199.5	0.0	-0.000101
199.625	0.0	-0.000101
199.75	0.0	-0.000101
199.875	0.0	-0.000101
200.0	0.0	-0.000101
200.125	0.0	-0.000101
200.25	0.0	-0.000101
200.375	0.0	-0.000102
200.5	0.0	-0.000102
200.625	0.0	-0.000102
200.75	0.0	-0.000102
200.875	0.0	-0.000102
201.0	0.0	-0.000102
201.125	0.0	-0.000102
201.25	0.0	-0.000102
201.375	0.0	-0.000102
201.5	0.0	-0.000102
201.625	0.0	-0.000102
201.75	0.0	-0.000102
201.875	0.0	-0.000102
202.0	0.0	-0.000102
202.125	0.0	-0.000102
202.25	0.0	-0.000102
202.375	0.0	-0.000102
202.5	0.0	-0.000102
202.625	0.0	-0.000102
202.75	0.0	-0.000102
202.875	0.0	-0.000102
203.0	0.0	-0.000102
203.125	0.0	-0.000102
203.25	0.0	-0.000102
203.375	0.0	-0.000102
203.5	0.0	-0.000102
203.625	0.0	-0.000102
203.75	0.0	-0.000102
203.875	0.0	-0.000102
204.0	0.0	-0.000102
204.125	0.0	-0.000102
204.25	0.0	-0.000102
204.375	0.0	-0.000102
204.5	0.0	-0.000102
204.625	0.0	-0.000102
204.75	0.0	-0.000102
204.875	0.0	-0.000102
205.0	0.0	-0.000102
205.125	0.0	-0.000102
205.25	0.0	-0.000102
205.375	0.0	-0.000102
205.5	0.0	-0.000102
205.625	0.0	-0.000102
205.75	0.0	-0.000102
205.875	0.0	-0.000102
206.0	0.0	-0.000103
206.125	0.0	-0.000103
206.25	0.0	-0.000103
206.375	0.0	-0.000103
206.5	0.0	-0.000103
206.625	0.0	-0.000103
206.75	0.0	-0.000103
206.875	0.0	-0.000103
207.0	0.0	-0.000103
207.125	0.0	-0.000103
207.25	0.0	-0.000103
207.375	0.0	-0.000103
207.5	0.0	-0.000103
207.625	0.0	-0.000103
207.75	0.0	-0.000103
207.875	0.0	-0.000103
208.0	0.0	-0.000103
208.125	0.0	-0.000103
208.25	0.0	-0.000103
208.375	0.0	-0.000103
208.5	0.0	-0.000103
208.625	0.0	-0.000103
208.75	0.0	-0.000103
208.875	0.0	-0.000103
209.0	0.0	-0.000103
209.125	0.0	-0.000103
209.25	0.0	-0.000103
209.375	0.0	-0.000103
209.5	0.0	-0.000103
209.625	0.0	-0.000103
209.75	0.0	-0.000103
209.875	0.0	-0.000103
210.0	0.0	-0.000103
210.125	0.0	-0.000103
210.25	0.0	-0.000103
210.375	0.0	-0.000103
210.5	0.0	-0.000103
210.625	0.0	-0.000103
210.75	0.0	-0.000103
210.875	0.0	-0.000103
211.0	0.0	-0.000103
211.125	0.0	-0.000103
211.25	0.0	-0.000103
211.375	0.0	-0.000103
211.5	0.0	-0.000103
211.625	0.0	-0.000103
211.75	0.0	-0.000104
211.875	0.0	-0.000104
212.0	0.0	-0.000104
212.125	0.0	-0.000104
212.25	0.0	-0.000104
212.375	0.0	-0.000104
212.5	0.0	-0.000104
212.625	0.0	-0.000104
212.75	0.0	-0.000104
212.875	0.0	-0.000104
213.0	0.0	-0.000104
213.125	0.0	-0.000104
213.25	0.0	-0.000104
213.375	0.0	-0.000104
213.5	0.0	-0.000104
213.625	0.0	-0.000104
213.75	0.0	-0.000104
213.875	0.0	-0.000104
214.0	0.0	-0.000104
214.125	0.0	-0.000104
214.25	0.0	-0.000104
214.375	0.0	-0.000104
214.5	0.0	-0.000104
214.625	0.0	-0.000104
214.75	0.0	-0.000104
214.875	0.0	-0.000104
215.0	0.0	-0.000104
215.125	0.0	-0.000104
215.25	0.0	-0.000104
215.375	0.0	-0.000104
215.5	0.0	-0.000104
215.625	0.0	-0.000104
215.75	0.0	-0.000104
215.875	0.0	-0.000104
216.0	0.0	-0.000104
216.125	0.0	-0.000104
216.25	0.0	-0.000104
216.375	0.0	-0.000104
216.5	0.0	-0.000104
216.625	0.0	-0.000104
216.75	0.0	-0.000104
216.875	0.0	-0.000104
217.0	0.0	-0.000104
217.125	0.0	-0.000104
217.25	0.0	-0.000104
217.375	0.0	-0.000104
217.5	0.0	-0.000104
217.625	0.0	-0.000104
217.75	0.0	-0.000104
217.875	0.0	-0.000105
218.0	0.0	-0.000105
218.125	0.0	-0.000105
218.25	0.0	-0.000105
218.375	0.0	-0.000105
218.5	0.0	-0.000105
218.625	0.0	-0.000105
218.75	0.0	-0.000105
218.875	0.0	-0.000105
219.0	0.0	-0.000105
219.125	0.0	-0.000105
219.25	0.0	-0.000105
219.375	0.0	-0.000105
219.5	0.0	-0.000105
219.625	0.0	-0.000105
219.75	0.0	-0.000105
219.875	0.0	-0.000105
220.0	0.0	-0.000105
220.125	0.0	-0.000105
220.25	0.0	-0.000105
220.375	0.0	-0.000105
220.5	0.0	-0.000105
220.625	0.0	-0.000105
220.75	0.0	-0.000105
220.875	0.0	-0.000105
221.0	0.0	-0.000105
221.125	0.0	-0.000105
221.25	0.0	-0.000105
221.375	0.0	-0.000105
221.5	0.0	-0.000105
221.625	0.0	-0.000105
221.75	0.0	-0.000105
221.875	0.0	-0.000105
222.0	0.0	-0.000105
222.125	0.0	-0.000105
222.25	0.0	-0.000105
222.375	0.0	-0.000105
222.5	0.0	-0.000105
222.625	0.0	-0.000105
222.75	0.0	-0.000105
222.875	0.0	-0.000105
223.0	0.0	-0.000105
223.125	0.0	-0.000105
223.25	0.0	-0.000105
223.375	0.0	-0.000105
223.5	0.0	-0.000105
223.625	0.0	-0.000105
223.75	0.0	-0.000105
223.875	0.0	-0.000105
224.0	0.0	-0.000105
224.125	0.0	-0.000106
224.25	0.0	-0.000106
224.375	0.0	-0.000106
224.5	0.0	-0.000106
224.625	0.0	-0.000106
224.75	0.0	-0.000106
224.875	0.0	-0.000106
225.0	0.0	-0.000106
225.125	0.0	-0.000106
225.25	0.0	-0.000106
225.375	0.0	-0.000106
225.5	0.0	-0.000106
225.625	0.0	-0.000106
225.75	0.0	-0.000106
225.875	0.0	-0.000106
226.0	0.0	-0.000106
226.125	0.0	-0.000106
226.25	0.0	-0.000106
226.375	0.0	-0.000106
226.5	0.0	-0.000106
226.625	0.0	-0.000106
226.75	0.0	-0.000106
226.875	0.0	-0.000106
227.0	0.0	-0.000106
227.125	0.0	-0.000106
227.25	0.0	-0.000106
227.375	0.0	-0.000106
227.5	0.0	-0.000106
227.625	0.0	-0.000106
227.75	0.0	-0.000106
227.875	0.0	-0.000106
228.0	0.0	-0.000106
228.125	0.0	-0.000106
228.25	0.0	-0.000106
228.375	0.0	-0.000106
228.5	0.0	-0.000106
228.625	0.0	-0.000106
228.75	0.0	-0.000106
228.875	0.0	-0.000106
229.0	0.0	-0.000106
229.125	0.0	-0.000106
229.25	0.0	-0.000106
229.375	0.0	-0.000106
229.5	0.0	-0.000106
229.625	0.0	-0.000106
229.75	0.0	-0.000106
229.875	0.0	-0.000106
230.0	0.0	-0.000106
230.125	0.0	-0.000106
230.25	0.0	-0.000106
230.375	0.0	-0.000106
230.5	0.0	-0.000106
230.625	0.0	-0.000106
230.75	0.0	-0.000107
230.875	0.0	-0.000107
231.0	0.0	-0.000107
231.125	0.0	-0.000107
231.25	0.0	-0.000107
231.375	0.0	-0.000107
231.5	0.0	-0.000107
231.625	0.0	-0.000107
231.75	0.0	-0.000107
231.875	0.0	-0.000107
232.0	0.0	-0.000107
232.125	0.0	-0.000107
232.25	0.0	-0.000107
232.375	0.0	-0.000107
232.5	0.0	-0.000107
232.625	0.0	-0.000107
232.75	0.0	-0.000107
232.875	0.0	-0.000107
233.0	0.0	-0.000107
233.125	0.0	-0.000107
233.25	0.0	-0.000107
233.375	0.0	-0.000107
233.5	0.0	-0.000107
233.625	0.0	-0.000107
233.75	0.0	-0.000107
233.875	0.0	-0.000107
234.0	0.0	-0.000107
234.125	0.0	-0.000107
234.25	0.0	-0.000107
234.375	0.0	-0.000107
234.5	0.0	-0.000107
234.625	0.0	-0.000107
234.75	0.0	-0.000107
234.875	0.0	-0.000107
235.0	0.0	-0.000107
235.125	0.0	-0.000107
235.25	0.0	-0.000107
235.375	0.0	-0.000107
235.5	0.0	-0.000107
235.625	0.0	-0.000107
235.75	0.0	-0.000107
235.875	0.0	-0.000107
236.0	0.0	-0.000107
236.125	0.0	-0.000107
236.25	0.0	-0.000107
236.375	0.0	-0.000107
236.5	0.0	-0.000107
236.625	0.0	-0.000107
236.75	0.0	-0.000107
236.875	0.0	-0.000107
237.0	0.0	-0.000107
237.125	0.0	-0.000107
237.25	0.0	-0.000107
237.375	0.0	-0.000107
237.5	0.0	-0.000108
237.625	0.0	-0.000108
237.75	0.0	-0.000108
237.875	0.0	-0.000108
238.0	0.0	-0.000108
238.125	0.0	-0.000108
238.25	0.0	-0.000108
238.375	0.0	-0.000108
238.5	0.0	-0.000108
238.625	0.0	-0.000108
238.75	0.0	-0.000108
238.875	0.0	-0.000108
239.0	0.0	-0.000108
239.125	0.0	-0.000108
239.25	0.0	-0.000108
239.375	0.0	-0.000108
239.5	0.0	-0.000108
239.625	0.0	-0.000108
239.75	0.0	-0.000108
239.875	0.0	-0.000108
240.0	0.0	-0.000108
240.125	0.0	-0.000108
240.25	0.0	-0.000108
240.375	0.0	-0.000108
240.5	0.0	-0.000108
240.625	0.0	-0.000108
240.75	0.0	-0.000108
240.875	0.0	-0.000108
241.0	0.0	-0.000108
241.125	0.0	-0.000108
241.25	0.0	-0.000108
241.375	0.0	-0.000108
241.5	0.0	-0.000108
241.625	0.0	-0.000108
241.75	0.0	-0.000108
241.875	0.0	-0.000108
242.0	0.0	-0.000108
242.125	0.0	-0.000108
242.25	0.0	-0.000108
242.375	0.0	-0.000108
242.5	0.0	-0.000108
242.625	0.0	-0.000108
242.75	0.0	-0.000108
242.875	0.0	-0.000108
243.0	0.0	-0.000108
243.125	0.0	-0.000108
243.25	0.0	-0.000108
243.375	0.0	-0.000108
243.5	0.0	-0.000108
243.625	0.0	-0.000108
243.75	0.0	-0.000108
243.875	0.0	-0.000108
244.0	0.0	-0.000108
244.125	0.0	-0.000108
244.25	0.0	-0.000108
244.375	0.0	-0.000109
244.5	0.0	-0.000109
244.625	0.0	-0.000109
244.75	0.0	-0.000109
244.875	0.0	-0.000109
245.0	0.0	-0.000109
245.125	0.0	-0.000109
245.25	0.0	-0.000109
245.375	0.0	-0.000109
245.5	0.0	-0.000109
245.625	0.0	-0.000109
245.75	0.0	-0.000109
245.875	0.0	-0.000109
246.0	0.0	-0.000109
246.125	0.0	-0.000109
246.25	0.0	-0.000109
246.375	0.0	-0.000109
246.5	0.0	-0.000109
246.625	0.0	-0.000109
246.75	0.0	-0.000109
246.875	0.0	-0.000109
247.0	0.0	-0.000109
247.125	0.0	-0.000109
247.25	0.0	-0.000109
247.375	0.0	-0.000109
247.5	0.0	-0.000109
247.625	0.0	-0.000109
247.75	0.0	-0.000109
247.875	0.0	-0.000109
248.0	0.0	-0.000109
248.125	0.0	-0.000109
248.25	0.0	-0.000109
248.375	0.0	-0.000109
248.5	0.0	-0.000109
248.625	0.0	-0.000109
248.75	0.0	-0.000109
248.875	0.0	-0.000109
249.0	0.0	-0.000109
249.125	0.0	-0.000109
249.25	0.0	-0.000109
249.375	0.0	-0.000109
249.5	0.0	-0.000109
249.625	0.0	-0.000109
249.75	0.0	-0.000109
249.875	0.0	-0.000109
250.0	0.0	-0.000109
250.125	0.0	-0.000109
250.25	0.0	-0.000109
250.375	0.0	-0.000109
250.5	0.0	-0.000109
250.625	0.0	-0.000109
250.75	0.0	-0.000109
250.875	0.0	-0.000109
251.0	0.0	-0.000109
251.125	0.0	-0.000109
251.25	0.0	-0.000109
251.375	0.0	-0.000109
251.5	0.0	-0.000109
251.625	0.0	-0.00011
251.75	0.0	-0.00011
251.875	0.0	-0.00011
252.0	0.0	-0.00011
252.125	0.0	-0.00011
252.25	0.0	-0.00011
252.375	0.0	-0.00011
252.5	0.0	-0.00011
252.625	0.0	-0.00011
252.75	0.0	-0.00011
252.875	0.0	-0.00011
253.0	0.0	-0.00011
253.125	0.0	-0.00011
253.25	0.0	-0.00011
253.375	0.0	-0.00011
253.5	0.0	-0.00011
253.625	0.0	-0.00011
253.75	0.0	-0.00011
253.875	0.0	-0.00011
254.0	0.0	-0.00011
254.125	0.0	-0.00011
254.25	0.0	-0.00011
254.375	0.0	-0.00011
254.5	0.0	-0.00011
254.625	0.0	-0.00011
254.75	0.0	-0.00011
254.875	0.0	-0.00011
255.0	0.0	-0.00011
255.125	0.0	-0.00011
255.25	0.0	-0.00011
255.375	0.0	-0.00011
255.5	0.0	-0.00011
255.625	0.0	-0.00011
255.75	0.0	-0.00011
255.875	0.0	-0.00011
256.0	0.0	-0.00011
256.125	0.0	-0.00011
256.25	0.0	-0.00011
256.375	0.0	-0.00011
256.5	0.0	-0.00011
256.625	0.0	-0.00011
256.75	0.0	-0.00011
256.875	0.0	-0.00011
257.0	0.0	-0.00011
257.125	0.0	-0.00011
257.25	0.0	-0.00011
257.375	0.0	-0.00011
257.5	0.0	-0.00011
257.625	0.0	-0.00011
