-254.25	0.0	0.0
-254.125	0.0	0.0
-254.0	0.0	0.0
-253.875	0.0	0.0
-253.75	0.0	0.0
-253.625	0.0	0.0
-253.5	0.0	0.0
-253.375	0.0	0.0
-253.25	0.0	0.0
-253.125	0.0	0.0
-253.0	0.0	0.0
-252.875	0.0	0.0
-252.75	0.0	0.0
-252.625	0.0	0.0
-252.5	0.0	0.0
-252.375	0.0	0.0
-252.25	0.0	0.0
-252.125	0.0	0.0
-252.0	0.0	0.0
-251.875	0.0	0.0
-251.75	0.0	0.0
-251.625	0.0	0.0
-251.5	0.0	0.0
-251.375	0.0	0.0
-251.25	0.0	0.0
-251.125	0.0	0.0
-251.0	0.0	0.0
-250.875	0.0	0.0
-250.75	0.0	0.0
-250.625	0.0	0.0
-250.5	0.0	0.0
-250.375	0.0	0.0
-250.25	0.0	0.0
-250.125	0.0	0.0
-250.0	0.0	0.0
-249.875	0.0	0.0
-249.75	0.0	0.0
-249.625	0.0	0.0
-249.5	0.0	0.0
-249.375	0.0	0.0
-249.25	0.0	0.0
-249.125	0.0	0.0
-249.0	0.0	0.0
-248.875	0.0	0.0
-248.75	0.0	0.0
-248.625	0.0	0.0
-248.5	0.0	0.0
-248.375	0.0	0.0
-248.25	0.0	0.0
-248.125	0.0	0.0
-248.0	0.0	0.0
-247.875	0.0	0.0
-247.75	0.0	0.0
-247.625	0.0	0.0
-247.5	0.0	0.0
-247.375	0.0	0.0
-247.25	0.0	0.0
-247.125	0.0	0.0
-247.0	0.0	0.0
-246.875	0.0	0.0
-246.75	0.0	0.0
-246.625	0.0	0.0
-246.5	0.0	0.0
-246.375	0.0	0.0
-246.25	0.0	0.0
-246.125	0.0	0.0
-246.0	0.0	0.0
-245.875	0.0	0.0
-245.75	0.0	0.0
-245.625	0.0	0.0
-245.5	0.0	0.0
-245.375	0.0	0.0
-245.25	0.0	0.0
-245.125	0.0	0.0
-245.0	0.0	0.0
-244.875	0.0	0.0
-244.75	0.0	0.0
-244.625	0.0	0.0
-244.5	0.0	0.0
-244.375	0.0	0.0
-244.25	0.0	0.0
-244.125	0.0	0.0
-244.0	0.0	0.0
-243.875	0.0	0.0
-243.75	0.0	0.0
-243.625	0.0	0.0
-243.5	0.0	0.0
-243.375	0.0	0.0
-243.25	0.0	0.0
-243.125	0.0	0.0
-243.0	0.0	0.0
-242.875	0.0	0.0
-242.75	0.0	0.0
-242.625	0.0	0.0
-242.5	0.0	0.0
-242.375	0.0	0.0
-242.25	0.0	0.0
-242.125	0.0	0.0
-242.0	0.0	0.0
-241.875	0.0	0.0
-241.75	0.0	0.0
-241.625	0.0	0.0
-241.5	0.0	0.0
-241.375	0.0	0.0
-241.25	0.0	0.0
-241.125	0.0	0.0
-241.0	0.0	0.0
-240.875	0.0	0.0
-240.75	0.0	0.0
-240.625	0.0	0.0
-240.5	0.0	0.0
-240.375	0.0	0.0
-240.25	0.0	0.0
-240.125	0.0	0.0
-240.0	0.0	0.0
-239.875	0.0	0.0
-239.75	0.0	0.0
-239.625	0.0	0.0
-239.5	0.0	0.0
-239.375	0.0	0.0
-239.25	0.0	0.0
-239.125	0.0	0.0
-239.0	0.0	0.0
-238.875	0.0	0.0
-238.75	0.0	0.0
-238.625	0.0	0.0
-238.5	0.0	0.0
-238.375	0.0	0.0
-238.25	0.0	0.0
-238.125	0.0	0.0
-238.0	0.0	0.0
-237.875	0.0	0.0
-237.75	0.0	0.0
-237.625	0.0	0.0
-237.5	0.0	0.0
-237.375	0.0	0.0
-237.25	0.0	0.0
-237.125	0.0	0.0
-237.0	0.0	0.0
-236.875	0.0	0.0
-236.75	0.0	0.0
-236.625	0.0	0.0
-236.5	0.0	0.0
-236.375	0.0	0.0
-236.25	0.0	0.0
-236.125	0.0	0.0
-236.0	0.0	0.0
-235.875	0.0	0.0
-235.75	0.0	0.0
-235.625	0.0	0.0
-235.5	0.0	0.0
-235.375	0.0	0.0
-235.25	0.0	0.0
-235.125	0.0	0.0
-235.0	0.0	0.0
-234.875	0.0	0.0
-234.75	0.0	0.0
-234.625	0.0	0.0
-234.5	0.0	0.0
-234.375	0.0	0.0
-234.25	0.0	0.0
-234.125	0.0	0.0
-234.0	0.0	0.0
-233.875	0.0	0.0
-233.75	0.0	0.0
-233.625	0.0	0.0
-233.5	0.0	0.0
-233.375	0.0	0.0
-233.25	0.0	0.0
-233.125	0.0	0.0
-233.0	0.0	0.0
-232.875	0.0	0.0
-232.75	0.0	0.0
-232.625	0.0	0.0
-232.5	0.0	0.0
-232.375	0.0	0.0
-232.25	0.0	0.0
-232.125	0.0	0.0
-232.0	0.0	0.0
-231.875	0.0	0.0
-231.75	0.0	0.0
-231.625	0.0	0.0
-231.5	0.0	0.0
-231.375	0.0	0.0
-231.25	0.0	0.0
-231.125	0.0	0.0
-231.0	0.0	0.0
-230.875	0.0	0.0
-230.75	0.0	0.0
-230.625	0.0	0.0
-230.5	0.0	0.0
-230.375	0.0	0.0
-230.25	0.0	0.0
-230.125	0.0	0.0
-230.0	0.0	0.0
-229.875	0.0	0.0
-229.75	0.0	0.0
-229.625	0.0	0.0
-229.5	0.0	0.0
-229.375	0.0	0.0
-229.25	0.0	0.0
-229.125	0.0	0.0
-229.0	0.0	0.0
-228.875	0.0	0.0
-228.75	0.0	0.0
-228.625	0.0	0.0
-228.5	0.0	0.0
-228.375	0.0	0.0
-228.25	0.0	0.0
-228.125	0.0	0.0
-228.0	0.0	0.0
-227.875	0.0	0.0
-227.75	0.0	0.0
-227.625	0.0	0.0
-227.5	0.0	0.0
-227.375	0.0	0.0
-227.25	0.0	0.0
-227.125	0.0	0.0
-227.0	0.0	0.0
-226.875	0.0	0.0
-226.75	0.0	0.0
-226.625	0.0	0.0
-226.5	0.0	0.0
-226.375	0.0	0.0
-226.25	0.0	0.0
-226.125	0.0	0.0
-226.0	0.0	0.0
-225.875	0.0	0.0
-225.75	0.0	0.0
-225.625	0.0	0.0
-225.5	0.0	0.0
-225.375	0.0	0.0
-225.25	0.0	0.0
-225.125	0.0	0.0
-225.0	0.0	0.0
-224.875	0.0	0.0
-224.75	0.0	0.0
-224.625	0.0	0.0
-224.5	0.0	0.0
-224.375	0.0	0.0
-224.25	0.0	0.0
-224.125	0.0	0.0
-224.0	0.0	0.0
-223.875	0.0	0.0
-223.75	0.0	0.0
-223.625	0.0	0.0
-223.5	0.0	0.0
-223.375	0.0	0.0
-223.25	0.0	0.0
-223.125	0.0	0.0
-223.0	0.0	0.0
-222.875	0.0	0.0
-222.75	0.0	0.0
-222.625	0.0	0.0
-222.5	0.0	0.0
-222.375	0.0	0.0
-222.25	0.0	0.0
-222.125	0.0	0.0
-222.0	0.0	0.0
-221.875	0.0	0.0
-221.75	0.0	0.0
-221.625	0.0	0.0
-221.5	0.0	0.0
-221.375	0.0	0.0
-221.25	0.0	0.0
-221.125	0.0	0.0
-221.0	0.0	0.0
-220.875	0.0	0.0
-220.75	0.0	0.0
-220.625	0.0	0.0
-220.5	0.0	0.0
-220.375	0.0	0.0
-220.25	0.0	0.0
-220.125	0.0	0.0
-220.0	0.0	0.0
-219.875	0.0	0.0
-219.75	0.0	0.0
-219.625	0.0	0.0
-219.5	0.0	0.0
-219.375	0.0	0.0
-219.25	0.0	0.0
-219.125	0.0	0.0
-219.0	0.0	0.0
-218.875	0.0	0.0
-218.75	0.0	0.0
-218.625	0.0	0.0
-218.5	0.0	0.0
-218.375	0.0	0.0
-218.25	0.0	0.0
-218.125	0.0	0.0
-218.0	0.0	0.0
-217.875	0.0	0.0
-217.75	0.0	0.0
-217.625	0.0	0.0
-217.5	0.0	0.0
-217.375	0.0	0.0
-217.25	0.0	0.0
-217.125	0.0	0.0
-217.0	0.0	0.0
-216.875	0.0	0.0
-216.75	0.0	0.0
-216.625	0.0	0.0
-216.5	0.0	0.0
-216.375	0.0	0.0
-216.25	0.0	0.0
-216.125	0.0	0.0
-216.0	0.0	0.0
-215.875	0.0	0.0
-215.75	0.0	0.0
-215.625	0.0	0.0
-215.5	0.0	0.0
-215.375	0.0	0.0
-215.25	0.0	0.0
-215.125	0.0	0.0
-215.0	0.0	0.0
-214.875	0.0	0.0
-214.75	0.0	0.0
-214.625	0.0	0.0
-214.5	0.0	0.0
-214.375	0.0	0.0
-214.25	0.0	0.0
-214.125	0.0	0.0
-214.0	0.0	0.0
-213.875	0.0	0.0
-213.75	0.0	0.0
-213.625	0.0	0.0
-213.5	0.0	0.0
-213.375	0.0	0.0
-213.25	0.0	0.0
-213.125	0.0	0.0
-213.0	0.0	0.0
-212.875	0.0	0.0
-212.75	0.0	0.0
-212.625	0.0	0.0
-212.5	0.0	0.0
-212.375	0.0	0.0
-212.25	0.0	0.0
-212.125	0.0	0.0
-212.0	0.0	0.0
-211.875	0.0	0.0
-211.75	0.0	0.0
-211.625	0.0	0.0
-211.5	0.0	0.0
-211.375	0.0	0.0
-211.25	0.0	0.0
-211.125	0.0	0.0
-211.0	0.0	0.0
-210.875	0.0	0.0
-210.75	0.0	0.0
-210.625	0.0	0.0
-210.5	0.0	0.0
-210.375	0.0	0.0
-210.25	0.0	0.0
-210.125	0.0	0.0
-210.0	0.0	0.0
-209.875	0.0	0.0
-209.75	0.0	0.0
-209.625	0.0	0.0
-209.5	0.0	0.0
-209.375	0.0	0.0
-209.25	0.0	0.0
-209.125	0.0	0.0
-209.0	0.0	0.0
-208.875	0.0	0.0
-208.75	0.0	0.0
-208.625	0.0	0.0
-208.5	0.0	0.0
-208.375	0.0	0.0
-208.25	0.0	0.0
-208.125	0.0	0.0
-208.0	0.0	0.0
-207.875	0.0	0.0
-207.75	0.0	0.0
-207.625	0.0	0.0
-207.5	0.0	0.0
-207.375	0.0	0.0
-207.25	0.0	0.0
-207.125	0.0	0.0
-207.0	0.0	0.0
-206.875	0.0	0.0
-206.75	0.0	0.0
-206.625	0.0	0.0
-206.5	0.0	0.0
-206.375	0.0	0.0
-206.25	0.0	0.0
-206.125	0.0	0.0
-206.0	0.0	0.0
-205.875	0.0	0.0
-205.75	0.0	0.0
-205.625	0.0	0.0
-205.5	0.0	0.0
-205.375	0.0	0.0
-205.25	0.0	0.0
-205.125	0.0	0.0
-205.0	0.0	0.0
-204.875	0.0	0.0
-204.75	0.0	0.0
-204.625	0.0	0.0
-204.5	0.0	0.0
-204.375	0.0	0.0
-204.25	0.0	0.0
-204.125	0.0	0.0
-204.0	0.0	0.0
-203.875	0.0	0.0
-203.75	0.0	0.0
-203.625	0.0	0.0
-203.5	0.0	0.0
-203.375	0.0	0.0
-203.25	0.0	0.0
-203.125	0.0	0.0
-203.0	0.0	0.0
-202.875	0.0	0.0
-202.75	0.0	0.0
-202.625	0.0	0.0
-202.5	0.0	0.0
-202.375	0.0	0.0
-202.25	0.0	0.0
-202.125	0.0	0.0
-202.0	0.0	0.0
-201.875	0.0	0.0
-201.75	0.0	0.0
-201.625	0.0	0.0
-201.5	0.0	0.0
-201.375	0.0	0.0
-201.25	0.0	0.0
-201.125	0.0	0.0
-201.0	0.0	0.0
-200.875	0.0	0.0
-200.75	0.0	0.0
-200.625	0.0	0.0
-200.5	0.0	0.0
-200.375	0.0	0.0
-200.25	0.0	0.0
-200.125	0.0	0.0
-200.0	0.0	0.0
-199.875	0.0	0.0
-199.75	0.0	0.0
-199.625	0.0	0.0
-199.5	0.0	0.0
-199.375	0.0	0.0
-199.25	0.0	0.0
-199.125	0.0	0.0
-199.0	0.0	0.0
-198.875	0.0	0.0
-198.75	0.0	0.0
-198.625	0.0	0.0
-198.5	0.0	0.0
-198.375	0.0	0.0
-198.25	0.0	0.0
-198.125	0.0	0.0
-198.0	0.0	0.0
-197.875	0.0	0.0
-197.75	0.0	0.0
-197.625	0.0	0.0
-197.5	0.0	0.0
-197.375	0.0	0.0
-197.25	0.0	0.0
-197.125	0.0	0.0
-197.0	0.0	0.0
-196.875	0.0	0.0
-196.75	0.0	0.0
-196.625	0.0	0.0
-196.5	0.0	0.0
-196.375	0.0	0.0
-196.25	0.0	0.0
-196.125	0.0	0.0
-196.0	0.0	0.0
-195.875	0.0	0.0
-195.75	0.0	0.0
-195.625	0.0	0.0
-195.5	0.0	0.0
-195.375	0.0	0.0
-195.25	0.0	0.0
-195.125	0.0	0.0
-195.0	0.0	0.0
-194.875	0.0	0.0
-194.75	0.0	0.0
-194.625	0.0	0.0
-194.5	0.0	0.0
-194.375	0.0	0.0
-194.25	0.0	0.0
-194.125	0.0	0.0
-194.0	0.0	0.0
-193.875	0.0	0.0
-193.75	0.0	0.0
-193.625	0.0	0.0
-193.5	0.0	0.0
-193.375	0.0	0.0
-193.25	0.0	0.0
-193.125	0.0	0.0
-193.0	0.0	0.0
-192.875	0.0	0.0
-192.75	0.0	0.0
-192.625	0.0	0.0
-192.5	0.0	0.0
-192.375	0.0	0.0
-192.25	0.0	0.0
-192.125	0.0	0.0
-192.0	0.0	0.0
-191.875	0.0	0.0
-191.75	0.0	0.0
-191.625	0.0	0.0
-191.5	0.0	0.0
-191.375	0.0	0.0
-191.25	0.0	0.0
-191.125	0.0	0.0
-191.0	0.0	0.0
-190.875	0.0	0.0
-190.75	0.0	0.0
-190.625	0.0	0.0
-190.5	0.0	0.0
-190.375	0.0	0.0
-190.25	0.0	0.0
-190.125	0.0	0.0
-190.0	0.0	0.0
-189.875	0.0	0.0
-189.75	0.0	0.0
-189.625	0.0	0.0
-189.5	0.0	0.0
-189.375	0.0	0.0
-189.25	0.0	0.0
-189.125	0.0	0.0
-189.0	0.0	0.0
-188.875	0.0	0.0
-188.75	0.0	0.0
-188.625	0.0	0.0
-188.5	0.0	0.0
-188.375	0.0	0.0
-188.25	0.0	0.0
-188.125	0.0	0.0
-188.0	0.0	0.0
-187.875	0.0	0.0
-187.75	0.0	0.0
-187.625	0.0	0.0
-187.5	0.0	0.0
-187.375	0.0	0.0
-187.25	0.0	0.0
-187.125	0.0	0.0
-187.0	0.0	0.0
-186.875	0.0	0.0
-186.75	0.0	0.0
-186.625	0.0	0.0
-186.5	0.0	0.0
-186.375	0.0	0.0
-186.25	0.0	0.0
-186.125	0.0	0.0
-186.0	0.0	0.0
-185.875	0.0	0.0
-185.75	0.0	0.0
-185.625	0.0	0.0
-185.5	0.0	0.0
-185.375	0.0	0.0
-185.25	0.0	0.0
-185.125	0.0	0.0
-185.0	0.0	0.0
-184.875	0.0	0.0
-184.75	0.0	0.0
-184.625	0.0	0.0
-184.5	0.0	0.0
-184.375	0.0	0.0
-184.25	0.0	0.0
-184.125	0.0	0.0
-184.0	0.0	0.0
-183.875	0.0	0.0
-183.75	0.0	0.0
-183.625	0.0	0.0
-183.5	0.0	0.0
-183.375	0.0	0.0
-183.25	0.0	0.0
-183.125	0.0	0.0
-183.0	0.0	0.0
-182.875	0.0	0.0
-182.75	0.0	0.0
-182.625	0.0	0.0
-182.5	0.0	0.0
-182.375	0.0	0.0
-182.25	0.0	0.0
-182.125	0.0	0.0
-182.0	0.0	0.0
-181.875	0.0	0.0
-181.75	0.0	0.0
-181.625	0.0	0.0
-181.5	0.0	0.0
-181.375	0.0	0.0
-181.25	0.0	0.0
-181.125	0.0	0.0
-181.0	0.0	0.0
-180.875	0.0	0.0
-180.75	0.0	0.0
-180.625	0.0	0.0
-180.5	0.0	0.0
-180.375	0.0	0.0
-180.25	0.0	0.0
-180.125	0.0	0.0
-180.0	0.0	0.0
-179.875	0.0	0.0
-179.75	0.0	0.0
-179.625	0.0	0.0
-179.5	0.0	0.0
-179.375	0.0	0.0
-179.25	0.0	0.0
-179.125	0.0	0.0
-179.0	0.0	0.0
-178.875	0.0	0.0
-178.75	0.0	0.0
-178.625	0.0	0.0
-178.5	0.0	0.0
-178.375	0.0	0.0
-178.25	0.0	0.0
-178.125	0.0	0.0
-178.0	0.0	0.0
-177.875	0.0	0.0
-177.75	0.0	0.0
-177.625	0.0	0.0
-177.5	0.0	0.0
-177.375	0.0	0.0
-177.25	0.0	0.0
-177.125	0.0	0.0
-177.0	0.0	0.0
-176.875	0.0	0.0
-176.75	0.0	0.0
-176.625	0.0	0.0
-176.5	0.0	0.0
-176.375	0.0	0.0
-176.25	0.0	0.0
-176.125	0.0	0.0
-176.0	0.0	0.0
-175.875	0.0	0.0
-175.75	0.0	0.0
-175.625	0.0	0.0
-175.5	0.0	0.0
-175.375	0.0	0.0
-175.25	0.0	0.0
-175.125	0.0	0.0
-175.0	0.0	0.0
-174.875	0.0	0.0
-174.75	0.0	0.0
-174.625	0.0	0.0
-174.5	0.0	0.0
-174.375	0.0	0.0
-174.25	0.0	0.0
-174.125	0.0	0.0
-174.0	0.0	0.0
-173.875	0.0	0.0
-173.75	0.0	0.0
-173.625	0.0	0.0
-173.5	0.0	0.0
-173.375	0.0	0.0
-173.25	0.0	0.0
-173.125	0.0	0.0
-173.0	0.0	0.0
-172.875	0.0	0.0
-172.75	0.0	0.0
-172.625	0.0	0.0
-172.5	0.0	0.0
-172.375	0.0	0.0
-172.25	0.0	0.0
-172.125	0.0	0.0
-172.0	0.0	0.0
-171.875	0.0	0.0
-171.75	0.0	0.0
-171.625	0.0	0.0
-171.5	0.0	0.0
-171.375	0.0	0.0
-171.25	0.0	0.0
-171.125	0.0	0.0
-171.0	0.0	0.0
-170.875	0.0	0.0
-170.75	0.0	0.0
-170.625	0.0	0.0
-170.5	0.0	0.0
-170.375	0.0	0.0
-170.25	0.0	0.0
-170.125	0.0	0.0
-170.0	0.0	0.0
-169.875	0.0	0.0
-169.75	0.0	0.0
-169.625	0.0	0.0
-169.5	0.0	0.0
-169.375	0.0	0.0
-169.25	0.0	0.0
-169.125	0.0	0.0
-169.0	0.0	0.0
-168.875	0.0	0.0
-168.75	0.0	0.0
-168.625	0.0	0.0
-168.5	0.0	0.0
-168.375	0.0	0.0
-168.25	0.0	0.0
-168.125	0.0	0.0
-168.0	0.0	0.0
-167.875	0.0	0.0
-167.75	0.0	0.0
-167.625	0.0	0.0
-167.5	0.0	0.0
-167.375	0.0	0.0
-167.25	0.0	0.0
-167.125	0.0	0.0
-167.0	0.0	0.0
-166.875	0.0	0.0
-166.75	0.0	0.0
-166.625	0.0	0.0
-166.5	0.0	0.0
-166.375	0.0	0.0
-166.25	0.0	0.0
-166.125	0.0	0.0
-166.0	0.0	0.0
-165.875	0.0	0.0
-165.75	0.0	0.0
-165.625	0.0	0.0
-165.5	0.0	0.0
-165.375	0.0	0.0
-165.25	0.0	0.0
-165.125	0.0	0.0
-165.0	0.0	0.0
-164.875	0.0	0.0
-164.75	0.0	0.0
-164.625	0.0	0.0
-164.5	0.0	0.0
-164.375	0.0	0.0
-164.25	0.0	0.0
-164.125	0.0	0.0
-164.0	0.0	0.0
-163.875	0.0	0.0
-163.75	0.0	0.0
-163.625	0.0	0.0
-163.5	0.0	0.0
-163.375	0.0	0.0
-163.25	0.0	0.0
-163.125	0.0	0.0
-163.0	0.0	0.0
-162.875	0.0	0.0
-162.75	0.0	0.0
-162.625	0.0	0.0
-162.5	0.0	0.0
-162.375	0.0	0.0
-162.25	0.0	0.0
-162.125	0.0	0.0
-162.0	0.0	0.0
-161.875	0.0	0.0
-161.75	0.0	0.0
-161.625	0.0	0.0
-161.5	0.0	0.0
-161.375	0.0	0.0
-161.25	0.0	0.0
-161.125	0.0	0.0
-161.0	0.0	0.0
-160.875	0.0	0.0
-160.75	0.0	0.0
-160.625	0.0	0.0
-160.5	0.0	0.0
-160.375	0.0	0.0
-160.25	0.0	0.0
-160.125	0.0	0.0
-160.0	0.0	0.0
-159.875	0.0	0.0
-159.75	0.0	0.0
-159.625	0.0	0.0
-159.5	0.0	0.0
-159.375	0.0	0.0
-159.25	0.0	0.0
-159.125	0.0	0.0
-159.0	0.0	0.0
-158.875	0.0	0.0
-158.75	0.0	0.0
-158.625	0.0	0.0
-158.5	0.0	0.0
-158.375	0.0	0.0
-158.25	0.0	0.0
-158.125	0.0	0.0
-158.0	0.0	0.0
-157.875	0.0	0.0
-157.75	0.0	0.0
-157.625	0.0	0.0
-157.5	0.0	0.0
-157.375	0.0	0.0
-157.25	0.0	0.0
-157.125	0.0	0.0
-157.0	0.0	0.0
-156.875	0.0	0.0
-156.75	0.0	0.0
-156.625	0.0	0.0
-156.5	0.0	0.0
-156.375	0.0	0.0
-156.25	0.0	0.0
-156.125	0.0	0.0
-156.0	0.0	0.0
-155.875	0.0	0.0
-155.75	0.0	0.0
-155.625	0.0	0.0
-155.5	0.0	0.0
-155.375	0.0	0.0
-155.25	0.0	0.0
-155.125	0.0	0.0
-155.0	0.0	0.0
-154.875	0.0	0.0
-154.75	0.0	0.0
-154.625	0.0	0.0
-154.5	0.0	0.0
-154.375	0.0	0.0
-154.25	0.0	0.0
-154.125	0.0	0.0
-154.0	0.0	0.0
-153.875	0.0	0.0
-153.75	0.0	0.0
-153.625	0.0	0.0
-153.5	0.0	0.0
-153.375	0.0	0.0
-153.25	0.0	0.0
-153.125	0.0	0.0
-153.0	0.0	0.0
-152.875	0.0	0.0
-152.75	0.0	0.0
-152.625	0.0	0.0
-152.5	0.0	0.0
-152.375	0.0	0.0
-152.25	0.0	0.0
-152.125	0.0	0.0
-152.0	0.0	0.0
-151.875	0.0	0.0
-151.75	0.0	0.0
-151.625	0.0	0.0
-151.5	0.0	0.0
-151.375	0.0	0.0
-151.25	0.0	0.0
-151.125	0.0	0.0
-151.0	0.0	0.0
-150.875	0.0	0.0
-150.75	0.0	0.0
-150.625	0.0	0.0
-150.5	0.0	0.0
-150.375	0.0	0.0
-150.25	0.0	0.0
-150.125	0.0	0.0
-150.0	0.0	0.0
-149.875	0.0	0.0
-149.75	0.0	0.0
-149.625	0.0	0.0
-149.5	0.0	0.0
-149.375	0.0	0.0
-149.25	0.0	0.0
-149.125	0.0	0.0
-149.0	0.0	0.0
-148.875	0.0	0.0
-148.75	0.0	0.0
-148.625	0.0	0.0
-148.5	0.0	0.0
-148.375	0.0	0.0
-148.25	0.0	0.0
-148.125	0.0	0.0
-148.0	0.0	0.0
-147.875	0.0	0.0
-147.75	0.0	0.0
-147.625	0.0	0.0
-147.5	0.0	0.0
-147.375	0.0	0.0
-147.25	0.0	0.0
-147.125	0.0	0.0
-147.0	0.0	0.0
-146.875	0.0	0.0
-146.75	0.0	0.0
-146.625	0.0	0.0
-146.5	0.0	0.0
-146.375	0.0	0.0
-146.25	0.0	0.0
-146.125	0.0	0.0
-146.0	0.0	0.0
-145.875	0.0	0.0
-145.75	0.0	0.0
-145.625	0.0	0.0
-145.5	0.0	0.0
-145.375	0.0	0.0
-145.25	0.0	0.0
-145.125	0.0	0.0
-145.0	0.0	0.0
-144.875	0.0	0.0
-144.75	0.0	0.0
-144.625	0.0	0.0
-144.5	0.0	0.0
-144.375	0.0	0.0
-144.25	0.0	0.0
-144.125	0.0	0.0
-144.0	0.0	0.0
-143.875	0.0	0.0
-143.75	0.0	0.0
-143.625	0.0	0.0
-143.5	0.0	0.0
-143.375	0.0	0.0
-143.25	0.0	0.0
-143.125	0.0	0.0
-143.0	0.0	0.0
-142.875	0.0	0.0
-142.75	0.0	0.0
-142.625	0.0	0.0
-142.5	0.0	0.0
-142.375	0.0	0.0
-142.25	0.0	0.0
-142.125	0.0	0.0
-142.0	0.0	0.0
-141.875	0.0	0.0
-141.75	0.0	0.0
-141.625	0.0	0.0
-141.5	0.0	0.0
-141.375	0.0	0.0
-141.25	0.0	0.0
-141.125	0.0	0.0
-141.0	0.0	0.0
-140.875	0.0	0.0
-140.75	0.0	0.0
-140.625	0.0	0.0
-140.5	0.0	0.0
-140.375	0.0	0.0
-140.25	0.0	0.0
-140.125	0.0	0.0
-140.0	0.0	0.0
-139.875	0.0	0.0
-139.75	0.0	0.0
-139.625	0.0	0.0
-139.5	0.0	0.0
-139.375	0.0	0.0
-139.25	0.0	0.0
-139.125	0.0	0.0
-139.0	0.0	0.0
-138.875	0.0	0.0
-138.75	0.0	0.0
-138.625	0.0	0.0
-138.5	0.0	0.0
-138.375	0.0	0.0
-138.25	0.0	0.0
-138.125	0.0	0.0
-138.0	0.0	0.0
-137.875	0.0	0.0
-137.75	0.0	0.0
-137.625	0.0	0.0
-137.5	0.0	0.0
-137.375	0.0	0.0
-137.25	0.0	0.0
-137.125	0.0	0.0
-137.0	0.0	0.0
-136.875	0.0	0.0
-136.75	0.0	0.0
-136.625	0.0	0.0
-136.5	0.0	0.0
-136.375	0.0	0.0
-136.25	0.0	0.0
-136.125	0.0	0.0
-136.0	0.0	0.0
-135.875	0.0	0.0
-135.75	0.0	0.0
-135.625	0.0	0.0
-135.5	0.0	0.0
-135.375	0.0	0.0
-135.25	0.0	0.0
-135.125	0.0	0.0
-135.0	0.0	0.0
-134.875	0.0	0.0
-134.75	0.0	0.0
-134.625	0.0	0.0
-134.5	0.0	0.0
-134.375	0.0	0.0
-134.25	0.0	0.0
-134.125	0.0	0.0
-134.0	0.0	0.0
-133.875	0.0	0.0
-133.75	0.0	0.0
-133.625	0.0	0.0
-133.5	0.0	0.0
-133.375	0.0	0.0
-133.25	0.0	0.0
-133.125	0.0	0.0
-133.0	0.0	0.0
-132.875	0.0	0.0
-132.75	0.0	0.0
-132.625	0.0	0.0
-132.5	0.0	0.0
-132.375	0.0	0.0
-132.25	0.0	0.0
-132.125	0.0	0.0
-132.0	0.0	0.0
-131.875	0.0	0.0
-131.75	0.0	0.0
-131.625	0.0	0.0
-131.5	0.0	0.0
-131.375	0.0	0.0
-131.25	0.0	0.0
-131.125	0.0	0.0
-131.0	0.0	0.0
-130.875	0.0	0.0
-130.75	0.0	0.0
-130.625	0.0	0.0
-130.5	0.0	0.0
-130.375	0.0	0.0
-130.25	0.0	0.0
-130.125	0.0	0.0
-130.0	0.0	0.0
-129.875	0.0	0.0
-129.75	0.0	0.0
-129.625	0.0	0.0
-129.5	0.0	0.0
-129.375	0.0	0.0
-129.25	0.0	0.0
-129.125	0.0	0.0
-129.0	0.0	0.0
-128.875	0.0	0.0
-128.75	0.0	0.0
-128.625	0.0	0.0
-128.5	0.0	0.0
-128.375	0.0	0.0
-128.25	0.0	0.0
-128.125	0.0	0.0
-128.0	0.0	0.0
-127.875	0.0	0.0
-127.75	0.0	0.0
-127.625	0.0	0.0
-127.5	0.0	0.0
-127.375	0.0	0.0
-127.25	0.0	0.0
-127.125	0.0	0.0
-127.0	0.0	0.0
-126.875	0.0	0.0
-126.75	0.0	0.0
-126.625	0.0	0.0
-126.5	0.0	0.0
-126.375	0.0	0.0
-126.25	0.0	0.0
-126.125	0.0	0.0
-126.0	0.0	0.0
-125.875	0.0	0.0
-125.75	0.0	0.0
-125.625	0.0	0.0
-125.5	0.0	0.0
-125.375	0.0	0.0
-125.25	0.0	0.0
-125.125	0.0	0.0
-125.0	0.0	0.0
-124.875	0.0	0.0
-124.75	0.0	0.0
-124.625	0.0	0.0
-124.5	0.0	0.0
-124.375	0.0	0.0
-124.25	0.0	0.0
-124.125	0.0	0.0
-124.0	0.0	0.0
-123.875	0.0	0.0
-123.75	0.0	0.0
-123.625	0.0	0.0
-123.5	0.0	0.0
-123.375	0.0	0.0
-123.25	0.0	0.0
-123.125	0.0	0.0
-123.0	0.0	0.0
-122.875	0.0	0.0
-122.75	0.0	0.0
-122.625	0.0	0.0
-122.5	0.0	0.0
-122.375	0.0	0.0
-122.25	0.0	0.0
-122.125	0.0	0.0
-122.0	0.0	0.0
-121.875	0.0	0.0
-121.75	0.0	0.0
-121.625	0.0	0.0
-121.5	0.0	0.0
-121.375	0.0	0.0
-121.25	0.0	0.0
-121.125	0.0	0.0
-121.0	0.0	0.0
-120.875	0.0	0.0
-120.75	0.0	0.0
-120.625	0.0	0.0
-120.5	0.0	0.0
-120.375	0.0	0.0
-120.25	0.0	0.0
-120.125	0.0	0.0
-120.0	0.0	0.0
-119.875	0.0	0.0
-119.75	0.0	0.0
-119.625	0.0	0.0
-119.5	0.0	0.0
-119.375	0.0	0.0
-119.25	0.0	0.0
-119.125	0.0	0.0
-119.0	0.0	0.0
-118.875	0.0	0.0
-118.75	0.0	0.0
-118.625	0.0	0.0
-118.5	0.0	0.0
-118.375	0.0	0.0
-118.25	0.0	0.0
-118.125	0.0	0.0
-118.0	0.0	0.0
-117.875	0.0	0.0
-117.75	0.0	0.0
-117.625	0.0	0.0
-117.5	0.0	0.0
-117.375	0.0	0.0
-117.25	0.0	0.0
-117.125	0.0	0.0
-117.0	0.0	0.0
-116.875	0.0	0.0
-116.75	0.0	0.0
-116.625	0.0	0.0
-116.5	0.0	0.0
-116.375	0.0	0.0
-116.25	0.0	0.0
-116.125	0.0	0.0
-116.0	0.0	0.0
-115.875	0.0	0.0
-115.75	0.0	0.0
-115.625	0.0	0.0
-115.5	0.0	0.0
-115.375	0.0	0.0
-115.25	0.0	0.0
-115.125	0.0	0.0
-115.0	0.0	0.0
-114.875	0.0	0.0
-114.75	0.0	0.0
-114.625	0.0	0.0
-114.5	0.0	0.0
-114.375	0.0	0.0
-114.25	0.0	0.0
-114.125	0.0	0.0
-114.0	0.0	0.0
-113.875	0.0	0.0
-113.75	0.0	0.0
-113.625	0.0	0.0
-113.5	0.0	0.0
-113.375	0.0	0.0
-113.25	0.0	0.0
-113.125	0.0	0.0
-113.0	0.0	0.0
-112.875	0.0	0.0
-112.75	0.0	0.0
-112.625	0.0	0.0
-112.5	0.0	0.0
-112.375	0.0	0.0
-112.25	0.0	0.0
-112.125	0.0	0.0
-112.0	0.0	0.0
-111.875	0.0	0.0
-111.75	0.0	0.0
-111.625	0.0	0.0
-111.5	0.0	0.0
-111.375	0.0	0.0
-111.25	0.0	0.0
-111.125	0.0	0.0
-111.0	0.0	0.0
-110.875	0.0	0.0
-110.75	0.0	0.0
-110.625	0.0	0.0
-110.5	0.0	0.0
-110.375	0.0	0.0
-110.25	0.0	0.0
-110.125	0.0	0.0
-110.0	0.0	0.0
-109.875	0.0	0.0
-109.75	0.0	0.0
-109.625	0.0	0.0
-109.5	0.0	0.0
-109.375	0.0	0.0
-109.25	0.0	0.0
-109.125	0.0	0.0
-109.0	0.0	0.0
-108.875	0.0	0.0
-108.75	0.0	0.0
-108.625	0.0	0.0
-108.5	0.0	0.0
-108.375	0.0	0.0
-108.25	0.0	0.0
-108.125	0.0	0.0
-108.0	0.0	0.0
-107.875	0.0	0.0
-107.75	0.0	0.0
-107.625	0.0	0.0
-107.5	0.0	0.0
-107.375	0.0	0.0
-107.25	0.0	0.0
-107.125	0.0	0.0
-107.0	0.0	0.0
-106.875	0.0	0.0
-106.75	0.0	0.0
-106.625	0.0	0.0
-106.5	0.0	0.0
-106.375	0.0	0.0
-106.25	0.0	0.0
-106.125	0.0	0.0
-106.0	0.0	0.0
-105.875	0.0	0.0
-105.75	0.0	0.0
-105.625	0.0	0.0
-105.5	0.0	0.0
-105.375	0.0	0.0
-105.25	0.0	0.0
-105.125	0.0	0.0
-105.0	0.0	0.0
-104.875	0.0	0.0
-104.75	0.0	0.0
-104.625	0.0	0.0
-104.5	0.0	0.0
-104.375	0.0	0.0
-104.25	0.0	0.0
-104.125	0.0	0.0
-104.0	0.0	0.0
-103.875	0.0	0.0
-103.75	0.0	0.0
-103.625	0.0	0.0
-103.5	0.0	0.0
-103.375	0.0	0.0
-103.25	0.0	0.0
-103.125	0.0	0.0
-103.0	0.0	0.0
-102.875	0.0	0.0
-102.75	0.0	0.0
-102.625	0.0	0.0
-102.5	0.0	0.0
-102.375	0.0	0.0
-102.25	0.0	0.0
-102.125	0.0	0.0
-102.0	0.0	0.0
-101.875	0.0	0.0
-101.75	0.0	0.0
-101.625	0.0	0.0
-101.5	0.0	0.0
-101.375	0.0	0.0
-101.25	0.0	0.0
-101.125	0.0	0.0
-101.0	0.0	0.0
-100.875	0.0	0.0
-100.75	0.0	0.0
-100.625	0.0	0.0
-100.5	0.0	0.0
-100.375	0.0	0.0
-100.25	0.0	0.0
-100.125	0.0	0.0
-100.0	0.0	0.0
-99.875	0.0	0.0
-99.75	0.0	0.0
-99.625	0.0	0.0
-99.5	0.0	0.0
-99.375	0.0	0.0
-99.25	0.0	0.0
-99.125	0.0	0.0
-99.0	0.0	0.0
-98.875	0.0	0.0
-98.75	0.0	0.0
-98.625	0.0	0.0
-98.5	0.0	0.0
-98.375	0.0	0.0
-98.25	0.0	0.0
-98.125	0.0	0.0
-98.0	0.0	0.0
-97.875	0.0	0.0
-97.75	0.0	0.0
-97.625	0.0	0.0
-97.5	0.0	0.0
-97.375	0.0	0.0
-97.25	0.0	0.0
-97.125	0.0	0.0
-97.0	0.0	0.0
-96.875	0.0	0.0
-96.75	0.0	0.0
-96.625	0.0	0.0
-96.5	0.0	0.0
-96.375	0.0	0.0
-96.25	0.0	0.0
-96.125	0.0	0.0
-96.0	0.0	0.0
-95.875	0.0	0.0
-95.75	0.0	0.0
-95.625	0.0	0.0
-95.5	0.0	0.0
-95.375	0.0	0.0
-95.25	0.0	0.0
-95.125	0.0	0.0
-95.0	0.0	0.0
-94.875	0.0	0.0
-94.75	0.0	0.0
-94.625	0.0	0.0
-94.5	0.0	0.0
-94.375	0.0	0.0
-94.25	0.0	0.0
-94.125	0.0	0.0
-94.0	0.0	0.0
-93.875	0.0	0.0
-93.75	0.0	0.0
-93.625	0.0	0.0
-93.5	0.0	0.0
-93.375	0.0	0.0
-93.25	0.0	0.0
-93.125	0.0	0.0
-93.0	0.0	0.0
-92.875	0.0	0.0
-92.75	0.0	0.0
-92.625	0.0	0.0
-92.5	0.0	0.0
-92.375	0.0	0.0
-92.25	0.0	0.0
-92.125	0.0	0.0
-92.0	0.0	0.0
-91.875	0.0	0.0
-91.75	0.0	0.0
-91.625	0.0	0.0
-91.5	0.0	0.0
-91.375	0.0	0.0
-91.25	0.0	0.0
-91.125	0.0	0.0
-91.0	0.0	0.0
-90.875	0.0	0.0
-90.75	0.0	0.0
-90.625	0.0	0.0
-90.5	0.0	0.0
-90.375	0.0	0.0
-90.25	0.0	0.0
-90.125	0.0	0.0
-90.0	0.0	0.0
-89.875	0.0	0.0
-89.75	0.0	0.0
-89.625	0.0	0.0
-89.5	0.0	0.0
-89.375	0.0	0.0
-89.25	0.0	0.0
-89.125	0.0	0.0
-89.0	0.0	0.0
-88.875	0.0	0.0
-88.75	0.0	0.0
-88.625	0.0	0.0
-88.5	0.0	0.0
-88.375	0.0	0.0
-88.25	0.0	0.0
-88.125	0.0	0.0
-88.0	0.0	0.0
-87.875	0.0	0.0
-87.75	0.0	0.0
-87.625	0.0	0.0
-87.5	0.0	0.0
-87.375	0.0	0.0
-87.25	0.0	0.0
-87.125	0.0	0.0
-87.0	0.0	0.0
-86.875	0.0	0.0
-86.75	0.0	0.0
-86.625	0.0	0.0
-86.5	0.0	0.0
-86.375	0.0	0.0
-86.25	0.0	0.0
-86.125	0.0	0.0
-86.0	0.0	0.0
-85.875	0.0	0.0
-85.75	0.0	0.0
-85.625	0.0	0.0
-85.5	0.0	0.0
-85.375	0.0	0.0
-85.25	0.0	0.0
-85.125	0.0	0.0
-85.0	0.0	0.0
-84.875	0.0	0.0
-84.75	0.0	0.0
-84.625	0.0	0.0
-84.5	0.0	0.0
-84.375	0.0	0.0
-84.25	0.0	0.0
-84.125	0.0	0.0
-84.0	0.0	0.0
-83.875	0.0	0.0
-83.75	0.0	0.0
-83.625	0.0	0.0
-83.5	0.0	0.0
-83.375	0.0	0.0
-83.25	0.0	0.0
-83.125	0.0	0.0
-83.0	0.0	0.0
-82.875	0.0	0.0
-82.75	0.0	0.0
-82.625	0.0	0.0
-82.5	0.0	0.0
-82.375	0.0	0.0
-82.25	0.0	0.0
-82.125	0.0	0.0
-82.0	0.0	0.0
-81.875	0.0	0.0
-81.75	0.0	0.0
-81.625	0.0	0.0
-81.5	0.0	0.0
-81.375	0.0	0.0
-81.25	0.0	0.0
-81.125	0.0	0.0
-81.0	0.0	0.0
-80.875	0.0	0.0
-80.75	0.0	0.0
-80.625	0.0	0.0
-80.5	0.0	0.0
-80.375	0.0	0.0
-80.25	0.0	0.0
-80.125	0.0	0.0
-80.0	0.0	0.0
-79.875	0.0	0.0
-79.75	0.0	0.0
-79.625	0.0	0.0
-79.5	0.0	0.0
-79.375	0.0	0.0
-79.25	0.0	0.0
-79.125	0.0	0.0
-79.0	0.0	0.0
-78.875	0.0	0.0
-78.75	0.0	0.0
-78.625	0.0	0.0
-78.5	0.0	0.0
-78.375	0.0	0.0
-78.25	0.0	0.0
-78.125	0.0	0.0
-78.0	0.0	0.0
-77.875	0.0	0.0
-77.75	0.0	0.0
-77.625	0.0	0.0
-77.5	0.0	0.0
-77.375	0.0	0.0
-77.25	0.0	0.0
-77.125	0.0	0.0
-77.0	0.0	0.0
-76.875	0.0	0.0
-76.75	0.0	0.0
-76.625	0.0	0.0
-76.5	0.0	0.0
-76.375	0.0	0.0
-76.25	0.0	0.0
-76.125	0.0	0.0
-76.0	0.0	0.0
-75.875	0.0	0.0
-75.75	0.0	0.0
-75.625	0.0	0.0
-75.5	0.0	0.0
-75.375	0.0	0.0
-75.25	0.0	0.0
-75.125	0.0	0.0
-75.0	0.0	0.0
-74.875	0.0	0.0
-74.75	0.0	0.0
-74.625	0.0	0.0
-74.5	0.0	0.0
-74.375	0.0	0.0
-74.25	0.0	0.0
-74.125	0.0	0.0
-74.0	0.0	0.0
-73.875	0.0	0.0
-73.75	0.0	0.0
-73.625	0.0	0.0
-73.5	0.0	0.0
-73.375	0.0	0.0
-73.25	0.0	0.0
-73.125	0.0	0.0
-73.0	0.0	0.0
-72.875	0.0	0.0
-72.75	0.0	0.0
-72.625	0.0	0.0
-72.5	0.0	0.0
-72.375	0.0	0.0
-72.25	0.0	0.0
-72.125	0.0	0.0
-72.0	0.0	0.0
-71.875	0.0	0.0
-71.75	0.0	0.0
-71.625	0.0	0.0
-71.5	0.0	0.0
-71.375	0.0	0.0
-71.25	0.0	0.0
-71.125	0.0	0.0
-71.0	0.0	0.0
-70.875	0.0	0.0
-70.75	0.0	0.0
-70.625	0.0	0.0
-70.5	0.0	0.0
-70.375	0.0	0.0
-70.25	0.0	0.0
-70.125	0.0	0.0
-70.0	0.0	0.0
-69.875	0.0	0.0
-69.75	0.0	0.0
-69.625	0.0	0.0
-69.5	0.0	0.0
-69.375	0.0	0.0
-69.25	0.0	0.0
-69.125	0.0	0.0
-69.0	0.0	0.0
-68.875	0.0	0.0
-68.75	0.0	0.0
-68.625	0.0	0.0
-68.5	0.0	0.0
-68.375	0.0	0.0
-68.25	0.0	0.0
-68.125	0.0	0.0
-68.0	0.0	0.0
-67.875	0.0	0.0
-67.75	0.0	0.0
-67.625	0.0	0.0
-67.5	0.0	0.0
-67.375	0.0	0.0
-67.25	0.0	0.0
-67.125	0.0	0.0
-67.0	0.0	0.0
-66.875	0.0	0.0
-66.75	0.0	0.0
-66.625	0.0	0.0
-66.5	0.0	0.0
-66.375	0.0	0.0
-66.25	0.0	0.0
-66.125	0.0	0.0
-66.0	0.0	0.0
-65.875	0.0	0.0
-65.75	0.0	0.0
-65.625	0.0	0.0
-65.5	0.0	0.0
-65.375	0.0	0.0
-65.25	0.0	0.0
-65.125	0.0	0.0
-65.0	0.0	0.0
-64.875	0.0	0.0
-64.75	0.0	0.0
-64.625	0.0	0.0
-64.5	0.0	0.0
-64.375	0.0	0.0
-64.25	0.0	0.0
-64.125	0.0	0.0
-64.0	0.0	0.0
-63.875	0.0	0.0
-63.75	0.0	0.0
-63.625	0.0	0.0
-63.5	0.0	0.0
-63.375	0.0	0.0
-63.25	0.0	0.0
-63.125	0.0	0.0
-63.0	0.0	0.0
-62.875	0.0	0.0
-62.75	0.0	0.0
-62.625	0.0	0.0
-62.5	0.0	0.0
-62.375	0.0	0.0
-62.25	0.0	0.0
-62.125	0.0	0.0
-62.0	0.0	0.0
-61.875	0.0	0.0
-61.75	0.0	0.0
-61.625	0.0	0.0
-61.5	0.0	0.0
-61.375	0.0	0.0
-61.25	0.0	0.0
-61.125	0.0	0.0
-61.0	0.0	0.0
-60.875	0.0	0.0
-60.75	0.0	0.0
-60.625	0.0	0.0
-60.5	0.0	0.0
-60.375	0.0	0.0
-60.25	0.0	0.0
-60.125	0.0	0.0
-60.0	0.0	0.0
-59.875	0.0	0.0
-59.75	0.0	0.0
-59.625	0.0	0.0
-59.5	0.0	0.0
-59.375	0.0	0.0
-59.25	0.0	0.0
-59.125	0.0	0.0
-59.0	0.0	0.0
-58.875	0.0	0.0
-58.75	0.0	0.0
-58.625	0.0	0.0
-58.5	0.0	0.0
-58.375	0.0	0.0
-58.25	0.0	0.0
-58.125	0.0	0.0
-58.0	0.0	0.0
-57.875	0.0	0.0
-57.75	0.0	0.0
-57.625	0.0	0.0
-57.5	0.0	0.0
-57.375	0.0	0.0
-57.25	0.0	0.0
-57.125	0.0	0.0
-57.0	0.0	0.0
-56.875	0.0	0.0
-56.75	0.0	0.0
-56.625	0.0	0.0
-56.5	0.0	0.0
-56.375	0.0	0.0
-56.25	0.0	0.0
-56.125	0.0	0.0
-56.0	0.0	0.0
-55.875	0.0	0.0
-55.75	0.0	0.0
-55.625	0.0	0.0
-55.5	0.0	0.0
-55.375	0.0	0.0
-55.25	0.0	0.0
-55.125	0.0	0.0
-55.0	0.0	0.0
-54.875	0.0	0.0
-54.75	0.0	0.0
-54.625	0.0	0.0
-54.5	0.0	0.0
-54.375	0.0	0.0
-54.25	0.0	0.0
-54.125	0.0	0.0
-54.0	0.0	0.0
-53.875	0.0	0.0
-53.75	0.0	0.0
-53.625	0.0	0.0
-53.5	0.0	0.0
-53.375	0.0	0.0
-53.25	0.0	0.0
-53.125	0.0	0.0
-53.0	0.0	0.0
-52.875	0.0	0.0
-52.75	0.0	0.0
-52.625	0.0	0.0
-52.5	0.0	0.0
-52.375	0.0	0.0
-52.25	0.0	0.0
-52.125	0.0	0.0
-52.0	0.0	0.0
-51.875	0.0	0.0
-51.75	0.0	0.0
-51.625	0.0	0.0
-51.5	0.0	0.0
-51.375	0.0	0.0
-51.25	0.0	0.0
-51.125	0.0	0.0
-51.0	0.0	0.0
-50.875	0.0	0.0
-50.75	0.0	0.0
-50.625	0.0	0.0
-50.5	0.0	0.0
-50.375	0.0	0.0
-50.25	0.0	0.0
-50.125	0.0	0.0
-50.0	0.0	0.0
-49.875	0.0	0.0
-49.75	0.0	0.0
-49.625	0.0	0.0
-49.5	0.0	0.0
-49.375	0.0	0.0
-49.25	0.0	0.0
-49.125	0.0	0.0
-49.0	0.0	0.0
-48.875	0.0	0.0
-48.75	0.0	0.0
-48.625	0.0	0.0
-48.5	0.0	0.0
-48.375	0.0	0.0
-48.25	0.0	0.0
-48.125	0.0	0.0
-48.0	0.0	0.0
-47.875	0.0	0.0
-47.75	0.0	0.0
-47.625	0.0	0.0
-47.5	0.0	0.0
-47.375	0.0	0.0
-47.25	0.0	0.0
-47.125	0.0	0.0
-47.0	0.0	0.0
-46.875	0.0	0.0
-46.75	0.0	0.0
-46.625	0.0	0.0
-46.5	0.0	0.0
-46.375	0.0	0.0
-46.25	0.0	0.0
-46.125	0.0	0.0
-46.0	0.0	0.0
-45.875	0.0	0.0
-45.75	0.0	0.0
-45.625	0.0	0.0
-45.5	0.0	0.0
-45.375	0.0	0.0
-45.25	0.0	0.0
-45.125	0.0	0.0
-45.0	0.0	0.0
-44.875	0.0	0.0
-44.75	0.0	0.0
-44.625	0.0	0.0
-44.5	0.0	0.0
-44.375	0.0	0.0
-44.25	0.0	0.0
-44.125	0.0	0.0
-44.0	0.0	0.0
-43.875	0.0	0.0
-43.75	0.0	0.0
-43.625	0.0	0.0
-43.5	0.0	0.0
-43.375	0.0	0.0
-43.25	0.0	0.0
-43.125	0.0	0.0
-43.0	0.0	0.0
-42.875	0.0	0.0
-42.75	0.0	0.0
-42.625	0.0	0.0
-42.5	0.0	0.0
-42.375	0.0	0.0
-42.25	0.0	0.0
-42.125	0.0	0.0
-42.0	0.0	0.0
-41.875	0.0	0.0
-41.75	0.0	0.0
-41.625	0.0	0.0
-41.5	0.0	0.0
-41.375	0.0	0.0
-41.25	0.0	0.0
-41.125	0.0	0.0
-41.0	0.0	0.0
-40.875	0.0	0.0
-40.75	0.0	0.0
-40.625	0.0	0.0
-40.5	0.0	0.0
-40.375	0.0	0.0
-40.25	0.0	0.0
-40.125	0.0	0.0
-40.0	0.0	0.0
-39.875	0.0	0.0
-39.75	0.0	0.0
-39.625	0.0	0.0
-39.5	0.0	0.0
-39.375	0.0	0.0
-39.25	0.0	0.0
-39.125	0.0	0.0
-39.0	0.0	0.0
-38.875	0.0	0.0
-38.75	0.0	0.0
-38.625	0.0	0.0
-38.5	0.0	0.0
-38.375	0.0	0.0
-38.25	0.0	0.0
-38.125	0.0	0.0
-38.0	0.0	0.0
-37.875	0.0	0.0
-37.75	0.0	0.0
-37.625	0.0	0.0
-37.5	0.0	0.0
-37.375	0.0	0.0
-37.25	0.0	0.0
-37.125	0.0	0.0
-37.0	0.0	0.0
-36.875	0.0	0.0
-36.75	0.0	0.0
-36.625	0.0	0.0
-36.5	0.0	0.0
-36.375	0.0	0.0
-36.25	0.0	0.0
-36.125	0.0	0.0
-36.0	0.0	0.0
-35.875	0.0	0.0
-35.75	0.0	0.0
-35.625	0.0	0.0
-35.5	0.0	0.0
-35.375	0.0	0.0
-35.25	0.0	0.0
-35.125	0.0	0.0
-35.0	0.0	0.0
-34.875	0.0	0.0
-34.75	0.0	0.0
-34.625	0.0	0.0
-34.5	0.0	0.0
-34.375	0.0	0.0
-34.25	0.0	0.0
-34.125	0.0	0.0
-34.0	0.0	0.0
-33.875	0.0	0.0
-33.75	0.0	0.0
-33.625	0.0	0.0
-33.5	0.0	0.0
-33.375	0.0	0.0
-33.25	0.0	0.0
-33.125	0.0	0.0
-33.0	0.0	0.0
-32.875	0.0	0.0
-32.75	0.0	0.0
-32.625	0.0	0.0
-32.5	0.0	0.0
-32.375	0.0	0.0
-32.25	0.0	0.0
-32.125	0.0	0.0
-32.0	0.0	0.0
-31.875	0.0	0.0
-31.75	0.0	0.0
-31.625	0.0	0.0
-31.5	0.0	0.0
-31.375	0.0	0.0
-31.25	0.0	0.0
-31.125	0.0	0.0
-31.0	0.0	0.0
-30.875	0.0	0.0
-30.75	0.0	0.0
-30.625	0.0	0.0
-30.5	0.0	0.0
-30.375	0.0	0.0
-30.25	0.0	0.0
-30.125	0.0	0.0
-30.0	0.0	0.0
-29.875	0.0	0.0
-29.75	0.0	0.0
-29.625	0.0	0.0
-29.5	0.0	0.0
-29.375	0.0	0.0
-29.25	0.0	0.0
-29.125	0.0	0.0
-29.0	0.0	0.0
-28.875	0.0	0.0
-28.75	0.0	0.0
-28.625	0.0	0.0
-28.5	0.0	0.0
-28.375	0.0	0.0
-28.25	0.0	0.0
-28.125	0.0	0.0
-28.0	0.0	0.0
-27.875	0.0	0.0
-27.75	0.0	0.0
-27.625	0.0	0.0
-27.5	0.0	0.0
-27.375	0.0	0.0
-27.25	0.0	0.0
-27.125	0.0	0.0
-27.0	0.0	0.0
-26.875	0.0	0.0
-26.75	0.0	0.0
-26.625	0.0	0.0
-26.5	0.0	0.0
-26.375	0.0	0.0
-26.25	0.0	0.0
-26.125	0.0	0.0
-26.0	0.0	0.0
-25.875	0.0	0.0
-25.75	0.0	0.0
-25.625	0.0	0.0
-25.5	0.0	0.0
-25.375	0.0	0.0
-25.25	0.0	0.0
-25.125	0.0	0.0
-25.0	0.0	0.0
-24.875	0.0	0.0
-24.75	0.0	0.0
-24.625	0.0	0.0
-24.5	0.0	0.0
-24.375	0.0	0.0
-24.25	0.0	0.0
-24.125	0.0	0.0
-24.0	0.0	0.0
-23.875	0.0	0.0
-23.75	0.0	0.0
-23.625	0.0	0.0
-23.5	0.0	0.0
-23.375	0.0	0.0
-23.25	0.0	0.0
-23.125	0.0	0.0
-23.0	0.0	0.0
-22.875	0.0	0.0
-22.75	0.0	0.0
-22.625	0.0	0.0
-22.5	0.0	0.0
-22.375	0.0	0.0
-22.25	0.0	0.0
-22.125	0.0	0.0
-22.0	0.0	0.0
-21.875	0.0	0.0
-21.75	0.0	0.0
-21.625	0.0	0.0
-21.5	0.0	0.0
-21.375	0.0	0.0
-21.25	0.0	0.0
-21.125	0.0	0.0
-21.0	0.0	0.0
-20.875	0.0	0.0
-20.75	0.0	0.0
-20.625	0.0	0.0
-20.5	0.0	0.0
-20.375	0.0	0.0
-20.25	0.0	0.0
-20.125	0.0	0.0
-20.0	0.0	0.0
-19.875	0.0	0.0
-19.75	0.0	0.0
-19.625	0.0	0.0
-19.5	0.0	0.0
-19.375	0.0	0.0
-19.25	0.0	0.0
-19.125	0.0	0.0
-19.0	0.0	0.0
-18.875	0.0	0.0
-18.75	0.0	0.0
-18.625	0.0	0.0
-18.5	0.0	0.0
-18.375	0.0	0.0
-18.25	0.0	0.0
-18.125	0.0	0.0
-18.0	0.0	0.0
-17.875	0.0	0.0
-17.75	0.0	0.0
-17.625	0.0	0.0
-17.5	0.0	0.0
-17.375	0.0	0.0
-17.25	0.0	0.0
-17.125	0.0	0.0
-17.0	0.0	0.0
-16.875	0.0	0.0
-16.75	0.0	0.0
-16.625	0.0	0.0
-16.5	0.0	0.0
-16.375	0.0	0.0
-16.25	0.0	0.0
-16.125	0.0	0.0
-16.0	0.0	0.0
-15.875	0.0	0.0
-15.75	0.0	0.0
-15.625	0.0	0.0
-15.5	0.0	0.0
-15.375	0.0	0.0
-15.25	0.0	0.0
-15.125	0.0	0.0
-15.0	0.0	0.0
-14.875	0.0	0.0
-14.75	0.0	0.0
-14.625	0.0	0.0
-14.5	0.0	0.0
-14.375	0.0	0.0
-14.25	0.0	0.0
-14.125	0.0	0.0
-14.0	0.0	0.0
-13.875	0.0	0.0
-13.75	0.0	0.0
-13.625	0.0	0.0
-13.5	0.0	0.0
-13.375	0.0	0.0
-13.25	0.0	0.0
-13.125	0.0	0.0
-13.0	0.0	0.0
-12.875	0.0	0.0
-12.75	0.0	0.0
-12.625	0.0	0.0
-12.5	0.0	0.0
-12.375	0.0	0.0
-12.25	0.0	0.0
-12.125	0.0	0.0
-12.0	0.0	0.0
-11.875	0.0	0.0
-11.75	0.0	0.0
-11.625	0.0	0.0
-11.5	0.0	0.0
-11.375	0.0	0.0
-11.25	0.0	0.0
-11.125	0.0	0.0
-11.0	0.0	0.0
-10.875	0.0	0.0
-10.75	0.0	0.0
-10.625	0.0	0.0
-10.5	0.0	0.0
-10.375	0.0	0.0
-10.25	0.0	0.0
-10.125	0.0	0.0
-10.0	0.0	0.0
-9.875	0.0	0.0
-9.75	0.0	0.0
-9.625	0.0	0.0
-9.5	0.0	0.0
-9.375	0.0	0.0
-9.25	0.0	0.0
-9.125	0.0	0.0
-9.0	0.0	0.0
-8.875	0.0	0.0
-8.75	0.0	0.0
-8.625	0.0	0.0
-8.5	0.0	0.0
-8.375	0.0	0.0
-8.25	0.0	0.0
-8.125	0.0	0.0
-8.0	0.0	0.0
-7.875	0.0	0.0
-7.75	0.0	0.0
-7.625	0.0	0.0
-7.5	0.0	0.0
-7.375	0.0	0.0
-7.25	0.0	0.0
-7.125	0.0	0.0
-7.0	0.0	0.0
-6.875	0.0	0.0
-6.75	0.0	0.0
-6.625	0.0	0.0
-6.5	0.0	0.0
-6.375	0.0	0.0
-6.25	0.0	0.0
-6.125	0.0	0.0
-6.0	0.0	0.0
-5.875	0.0	0.0
-5.75	0.0	0.0
-5.625	0.0	0.0
-5.5	0.0	0.0
-5.375	0.0	0.0
-5.25	0.0	0.0
-5.125	0.0	0.0
-5.0	0.0	0.0
-4.875	0.0	0.0
-4.75	0.0	0.0
-4.625	0.0	0.0
-4.5	0.0	0.0
-4.375	0.0	0.0
-4.25	0.0	0.0
-4.125	0.0	0.0
-4.0	0.0	0.0
-3.875	0.0	0.0
-3.75	0.0	0.0
-3.625	0.0	0.0
-3.5	0.0	0.0
-3.375	0.0	0.0
-3.25	0.0	0.0
-3.125	0.0	0.0
-3.0	0.0	0.0
-2.875	0.0	0.0
-2.75	0.0	0.0
-2.625	0.0	0.0
-2.5	0.0	0.0
-2.375	0.0	0.0
-2.25	0.0	0.0
-2.125	0.0	0.0
-2.0	0.0	0.0
-1.875	0.0	0.0
-1.75	0.0	0.0
-1.625	0.0	0.0
-1.5	0.0	0.0
-1.375	0.0	0.0
-1.25	0.0	0.0
-1.125	0.0	0.0
-1.0	0.0	0.0
-0.875	0.0	0.0
-0.75	0.0	0.0
-0.625	0.0	0.0
-0.5	0.0	0.0
-0.375	0.0	0.0
-0.25	0.0	0.0
-0.125	0.0	0.0
0.0	0.0	0.0
0.125	0.0	0.0
0.25	0.0	0.0
0.375	0.0	0.0
0.5	0.0	0.0
0.625	0.0	0.0
0.75	0.0	0.0
0.875	0.0	0.0
1.0	0.0	0.0
1.125	0.0	0.0
1.25	0.0	0.0
1.375	0.0	0.0
1.5	0.0	0.0
1.625	0.0	0.0
1.75	0.0	0.0
1.875	0.0	0.0
2.0	0.0	0.0
2.125	0.0	0.0
2.25	0.0	0.0
2.375	0.0	0.0
2.5	0.0	0.0
2.625	0.0	0.0
2.75	0.0	0.0
2.875	0.0	0.0
3.0	0.0	0.0
3.125	0.0	0.0
3.25	0.0	0.0
3.375	0.0	0.0
3.5	0.0	0.0
3.625	0.0	0.0
3.75	0.0	0.0
3.875	0.0	0.0
4.0	0.0	0.0
4.125	0.0	0.0
4.25	0.0	0.0
4.375	0.0	0.0
4.5	0.0	0.0
4.625	0.0	0.0
4.75	0.0	0.0
4.875	0.0	0.0
5.0	0.0	0.0
5.125	0.0	0.0
5.25	0.0	0.0
5.375	0.0	0.0
5.5	0.0	0.0
5.625	0.0	0.0
5.75	0.0	0.0
5.875	0.0	0.0
6.0	0.0	0.0
6.125	0.0	0.0
6.25	0.0	0.0
6.375	0.0	0.0
6.5	0.0	0.0
6.625	0.0	0.0
6.75	0.0	0.0
6.875	0.0	0.0
7.0	0.0	0.0
7.125	0.0	0.0
7.25	0.0	0.0
7.375	0.0	0.0
7.5	0.0	0.0
7.625	0.0	0.0
7.75	0.0	0.0
7.875	0.0	0.0
8.0	0.0	0.0
8.125	0.0	0.0
8.25	0.0	0.0
8.375	0.0	0.0
8.5	0.0	0.0
8.625	0.0	0.0
8.75	0.0	0.0
8.875	0.0	0.0
9.0	0.0	0.0
9.125	0.0	0.0
9.25	0.0	0.0
9.375	0.0	0.0
9.5	0.0	0.0
9.625	0.0	0.0
9.75	0.0	0.0
9.875	0.0	0.0
10.0	0.0	0.0
10.125	0.0	0.0
10.25	0.0	0.0
10.375	0.0	0.0
10.5	0.0	0.0
10.625	0.0	0.0
10.75	0.0	0.0
10.875	0.0	0.0
11.0	0.0	0.0
11.125	0.0	0.0
11.25	0.0	0.0
11.375	0.0	0.0
11.5	0.0	0.0
11.625	0.0	0.0
11.75	0.0	0.0
11.875	0.0	0.0
12.0	0.0	0.0
12.125	0.0	0.0
12.25	0.0	0.0
12.375	0.0	0.0
12.5	0.0	0.0
12.625	0.0	0.0
12.75	0.0	0.0
12.875	0.0	0.0
13.0	0.0	0.0
13.125	0.0	0.0
13.25	0.0	0.0
13.375	0.0	0.0
13.5	0.0	0.0
13.625	0.0	0.0
13.75	0.0	0.0
13.875	0.0	0.0
14.0	0.0	0.0
14.125	0.0	0.0
14.25	0.0	0.0
14.375	0.0	0.0
14.5	0.0	0.0
14.625	0.0	0.0
14.75	0.0	0.0
14.875	0.0	0.0
15.0	0.0	0.0
15.125	0.0	0.0
15.25	0.0	0.0
15.375	0.0	0.0
15.5	0.0	0.0
15.625	0.0	0.0
15.75	0.0	0.0
15.875	0.0	0.0
16.0	0.0	0.0
16.125	0.0	0.0
16.25	0.0	0.0
16.375	0.0	0.0
16.5	0.0	0.0
16.625	0.0	0.0
16.75	0.0	0.0
16.875	0.0	0.0
17.0	0.0	0.0
17.125	0.0	0.0
17.25	0.0	0.0
17.375	0.0	0.0
17.5	0.0	0.0
17.625	0.0	0.0
17.75	0.0	0.0
17.875	0.0	0.0
18.0	0.0	0.0
18.125	0.0	0.0
18.25	0.0	0.0
18.375	0.0	0.0
18.5	0.0	0.0
18.625	0.0	0.0
18.75	0.0	0.0
18.875	0.0	0.0
19.0	0.0	0.0
19.125	0.0	0.0
19.25	0.0	0.0
19.375	0.0	0.0
19.5	0.0	0.0
19.625	0.0	0.0
19.75	0.0	0.0
19.875	0.0	0.0
20.0	0.0	0.0
20.125	0.0	0.0
20.25	0.0	0.0
20.375	0.0	0.0
20.5	0.0	0.0
20.625	0.0	0.0
20.75	0.0	0.0
20.875	0.0	0.0
21.0	0.0	0.0
21.125	0.0	0.0
21.25	0.0	0.0
21.375	0.0	0.0
21.5	0.0	0.0
21.625	0.0	0.0
21.75	0.0	0.0
21.875	0.0	0.0
22.0	0.0	0.0
22.125	0.0	0.0
22.25	0.0	0.0
22.375	0.0	0.0
22.5	0.0	0.0
22.625	0.0	0.0
22.75	0.0	0.0
22.875	0.0	0.0
23.0	0.0	0.0
23.125	0.0	0.0
23.25	0.0	0.0
23.375	0.0	0.0
23.5	0.0	0.0
23.625	0.0	0.0
23.75	0.0	0.0
23.875	0.0	0.0
24.0	0.0	0.0
24.125	0.0	0.0
24.25	0.0	0.0
24.375	0.0	0.0
24.5	0.0	0.0
24.625	0.0	0.0
24.75	0.0	0.0
24.875	0.0	0.0
25.0	0.0	0.0
25.125	0.0	0.0
25.25	0.0	0.0
25.375	0.0	0.0
25.5	0.0	0.0
25.625	0.0	0.0
25.75	0.0	0.0
25.875	0.0	0.0
26.0	0.0	0.0
26.125	0.0	0.0
26.25	0.0	0.0
26.375	0.0	0.0
26.5	0.0	0.0
26.625	0.0	0.0
26.75	0.0	0.0
26.875	0.0	0.0
27.0	0.0	0.0
27.125	0.0	0.0
27.25	0.0	0.0
27.375	0.0	0.0
27.5	0.0	0.0
27.625	0.0	0.0
27.75	0.0	0.0
27.875	0.0	0.0
28.0	0.0	0.0
28.125	0.0	0.0
28.25	0.0	0.0
28.375	0.0	0.0
28.5	0.0	0.0
28.625	0.0	0.0
28.75	0.0	0.0
28.875	0.0	0.0
29.0	0.0	0.0
29.125	0.0	0.0
29.25	0.0	0.0
29.375	0.0	0.0
29.5	0.0	0.0
29.625	0.0	0.0
29.75	0.0	0.0
29.875	0.0	0.0
30.0	0.0	0.0
30.125	0.0	0.0
30.25	0.0	0.0
30.375	0.0	0.0
30.5	0.0	0.0
30.625	0.0	0.0
30.75	0.0	0.0
30.875	0.0	0.0
31.0	0.0	0.0
31.125	0.0	0.0
31.25	0.0	0.0
31.375	0.0	0.0
31.5	0.0	0.0
31.625	0.0	0.0
31.75	0.0	0.0
31.875	0.0	0.0
32.0	0.0	0.0
32.125	0.0	0.0
32.25	0.0	0.0
32.375	0.0	0.0
32.5	0.0	0.0
32.625	0.0	0.0
32.75	0.0	0.0
32.875	0.0	0.0
33.0	0.0	0.0
33.125	0.0	0.0
33.25	0.0	0.0
33.375	0.0	0.0
33.5	0.0	0.0
33.625	0.0	0.0
33.75	0.0	0.0
33.875	0.0	0.0
34.0	0.0	0.0
34.125	0.0	0.0
34.25	0.0	0.0
34.375	0.0	0.0
34.5	0.0	0.0
34.625	0.0	0.0
34.75	0.0	0.0
34.875	0.0	0.0
35.0	0.0	0.0
35.125	0.0	0.0
35.25	0.0	0.0
35.375	0.0	0.0
35.5	0.0	0.0
35.625	0.0	0.0
35.75	0.0	0.0
35.875	0.0	0.0
36.0	0.0	0.0
36.125	0.0	0.0
36.25	0.0	0.0
36.375	0.0	0.0
36.5	0.0	0.0
36.625	0.0	0.0
36.75	0.0	0.0
36.875	0.0	0.0
37.0	0.0	0.0
37.125	0.0	0.0
37.25	0.0	0.0
37.375	0.0	0.0
37.5	0.0	0.0
37.625	0.0	0.0
37.75	0.0	0.0
37.875	0.0	0.0
38.0	0.0	0.0
38.125	0.0	0.0
38.25	0.0	0.0
38.375	0.0	0.0
38.5	0.0	0.0
38.625	0.0	0.0
38.75	0.0	0.0
38.875	0.0	0.0
39.0	0.0	0.0
39.125	0.0	0.0
39.25	0.0	0.0
39.375	0.0	0.0
39.5	0.0	0.0
39.625	0.0	0.0
39.75	0.0	0.0
39.875	0.0	0.0
40.0	0.0	0.0
40.125	0.0	0.0
40.25	0.0	0.0
40.375	0.0	0.0
40.5	0.0	0.0
40.625	0.0	0.0
40.75	0.0	0.0
40.875	0.0	0.0
41.0	0.0	0.0
41.125	0.0	0.0
41.25	0.0	0.0
41.375	0.0	0.0
41.5	0.0	0.0
41.625	0.0	0.0
41.75	0.0	0.0
41.875	0.0	0.0
42.0	0.0	0.0
42.125	0.0	0.0
42.25	0.0	0.0
42.375	0.0	0.0
42.5	0.0	0.0
42.625	0.0	0.0
42.75	0.0	0.0
42.875	0.0	0.0
43.0	0.0	0.0
43.125	0.0	0.0
43.25	0.0	0.0
43.375	0.0	0.0
43.5	0.0	0.0
43.625	0.0	0.0
43.75	0.0	0.0
43.875	0.0	0.0
44.0	0.0	0.0
44.125	0.0	0.0
44.25	0.0	0.0
44.375	0.0	0.0
44.5	0.0	0.0
44.625	0.0	0.0
44.75	0.0	0.0
44.875	0.0	0.0
45.0	0.0	0.0
45.125	0.0	0.0
45.25	0.0	0.0
45.375	0.0	0.0
45.5	0.0	0.0
45.625	0.0	0.0
45.75	0.0	0.0
45.875	0.0	0.0
46.0	0.0	0.0
46.125	0.0	0.0
46.25	0.0	0.0
46.375	0.0	0.0
46.5	0.0	0.0
46.625	0.0	0.0
46.75	0.0	0.0
46.875	0.0	0.0
47.0	0.0	0.0
47.125	0.0	0.0
47.25	0.0	0.0
47.375	0.0	0.0
47.5	0.0	0.0
47.625	0.0	0.0
47.75	0.0	0.0
47.875	0.0	0.0
48.0	0.0	0.0
48.125	0.0	0.0
48.25	0.0	0.0
48.375	0.0	0.0
48.5	0.0	0.0
48.625	0.0	0.0
48.75	0.0	0.0
48.875	0.0	0.0
49.0	0.0	0.0
49.125	0.0	0.0
49.25	0.0	0.0
49.375	0.0	0.0
49.5	0.0	0.0
49.625	0.0	0.0
49.75	0.0	0.0
49.875	0.0	0.0
50.0	0.0	0.0
50.125	0.0	0.0
50.25	0.0	0.0
50.375	0.0	0.0
50.5	0.0	0.0
50.625	0.0	0.0
50.75	0.0	0.0
50.875	0.0	0.0
51.0	0.0	0.0
51.125	0.0	0.0
51.25	0.0	0.0
51.375	0.0	0.0
51.5	0.0	0.0
51.625	0.0	0.0
51.75	0.0	0.0
51.875	0.0	0.0
52.0	0.0	0.0
52.125	0.0	0.0
52.25	0.0	0.0
52.375	0.0	0.0
52.5	0.0	0.0
52.625	0.0	0.0
52.75	0.0	0.0
52.875	0.0	0.0
53.0	0.0	0.0
53.125	0.0	0.0
53.25	0.0	0.0
53.375	0.0	0.0
53.5	0.0	0.0
53.625	0.0	0.0
53.75	0.0	0.0
53.875	0.0	0.0
54.0	0.0	0.0
54.125	0.0	0.0
54.25	0.0	0.0
54.375	0.0	0.0
54.5	0.0	0.0
54.625	0.0	0.0
54.75	0.0	0.0
54.875	0.0	0.0
55.0	0.0	0.0
55.125	0.0	0.0
55.25	0.0	0.0
55.375	0.0	0.0
55.5	0.0	0.0
55.625	0.0	0.0
55.75	0.0	0.0
55.875	0.0	0.0
56.0	0.0	0.0
56.125	0.0	0.0
56.25	0.0	0.0
56.375	0.0	0.0
56.5	0.0	0.0
56.625	0.0	0.0
56.75	0.0	0.0
56.875	0.0	0.0
57.0	0.0	0.0
57.125	0.0	0.0
57.25	0.0	0.0
57.375	0.0	0.0
57.5	0.0	0.0
57.625	0.0	0.0
57.75	0.0	0.0
57.875	0.0	0.0
58.0	0.0	0.0
58.125	0.0	0.0
58.25	0.0	0.0
58.375	0.0	0.0
58.5	0.0	0.0
58.625	0.0	0.0
58.75	0.0	0.0
58.875	0.0	0.0
59.0	0.0	0.0
59.125	0.0	0.0
59.25	0.0	0.0
59.375	0.0	0.0
59.5	0.0	0.0
59.625	0.0	0.0
59.75	0.0	0.0
59.875	0.0	0.0
60.0	0.0	0.0
60.125	0.0	0.0
60.25	0.0	0.0
60.375	0.0	0.0
60.5	0.0	0.0
60.625	0.0	0.0
60.75	0.0	0.0
60.875	0.0	0.0
61.0	0.0	0.0
61.125	0.0	0.0
61.25	0.0	0.0
61.375	0.0	0.0
61.5	0.0	0.0
61.625	0.0	0.0
61.75	0.0	0.0
61.875	0.0	0.0
62.0	0.0	0.0
62.125	0.0	0.0
62.25	0.0	0.0
62.375	0.0	0.0
62.5	0.0	0.0
62.625	0.0	0.0
62.75	0.0	0.0
62.875	0.0	0.0
63.0	0.0	0.0
63.125	0.0	0.0
63.25	0.0	0.0
63.375	0.0	0.0
63.5	0.0	0.0
63.625	0.0	0.0
63.75	0.0	0.0
63.875	0.0	0.0
64.0	0.0	0.0
64.125	0.0	0.0
64.25	0.0	0.0
64.375	0.0	0.0
64.5	0.0	0.0
64.625	0.0	0.0
64.75	0.0	0.0
64.875	0.0	0.0
65.0	0.0	0.0
65.125	0.0	0.0
65.25	0.0	0.0
65.375	0.0	0.0
65.5	0.0	0.0
65.625	0.0	0.0
65.75	0.0	0.0
65.875	0.0	0.0
66.0	0.0	0.0
66.125	0.0	0.0
66.25	0.0	0.0
66.375	0.0	0.0
66.5	0.0	0.0
66.625	0.0	0.0
66.75	0.0	0.0
66.875	0.0	0.0
67.0	0.0	0.0
67.125	0.0	0.0
67.25	0.0	0.0
67.375	0.0	0.0
67.5	0.0	0.0
67.625	0.0	0.0
67.75	0.0	0.0
67.875	0.0	0.0
68.0	0.0	0.0
68.125	0.0	0.0
68.25	0.0	0.0
68.375	0.0	0.0
68.5	0.0	0.0
68.625	0.0	0.0
68.75	0.0	0.0
68.875	0.0	0.0
69.0	0.0	0.0
69.125	0.0	0.0
69.25	0.0	0.0
69.375	0.0	0.0
69.5	0.0	0.0
69.625	0.0	0.0
69.75	0.0	0.0
69.875	0.0	0.0
70.0	0.0	0.0
70.125	0.0	0.0
70.25	0.0	0.0
70.375	0.0	0.0
70.5	0.0	0.0
70.625	0.0	0.0
70.75	0.0	0.0
70.875	0.0	0.0
71.0	0.0	0.0
71.125	0.0	0.0
71.25	0.0	0.0
71.375	0.0	0.0
71.5	0.0	0.0
71.625	0.0	0.0
71.75	0.0	0.0
71.875	0.0	0.0
72.0	0.0	0.0
72.125	0.0	0.0
72.25	0.0	0.0
72.375	0.0	0.0
72.5	0.0	0.0
72.625	0.0	0.0
72.75	0.0	0.0
72.875	0.0	0.0
73.0	0.0	0.0
73.125	0.0	0.0
73.25	0.0	0.0
73.375	0.0	0.0
73.5	0.0	0.0
73.625	0.0	0.0
73.75	0.0	0.0
73.875	0.0	0.0
74.0	0.0	0.0
74.125	0.0	0.0
74.25	0.0	0.0
74.375	0.0	0.0
74.5	0.0	0.0
74.625	0.0	0.0
74.75	0.0	0.0
74.875	0.0	0.0
75.0	0.0	0.0
75.125	0.0	0.0
75.25	0.0	0.0
75.375	0.0	0.0
75.5	0.0	0.0
75.625	0.0	0.0
75.75	0.0	0.0
75.875	0.0	0.0
76.0	0.0	0.0
76.125	0.0	0.0
76.25	0.0	0.0
76.375	0.0	0.0
76.5	0.0	0.0
76.625	0.0	0.0
76.75	0.0	0.0
76.875	0.0	0.0
77.0	0.0	0.0
77.125	0.0	0.0
77.25	0.0	0.0
77.375	0.0	0.0
77.5	0.0	0.0
77.625	0.0	0.0
77.75	0.0	0.0
77.875	0.0	0.0
78.0	0.0	0.0
78.125	0.0	0.0
78.25	0.0	0.0
78.375	0.0	0.0
78.5	0.0	0.0
78.625	0.0	0.0
78.75	0.0	0.0
78.875	0.0	0.0
79.0	0.0	0.0
79.125	0.0	0.0
79.25	0.0	0.0
79.375	0.0	0.0
79.5	0.0	0.0
79.625	0.0	0.0
79.75	0.0	0.0
79.875	0.0	0.0
80.0	0.0	0.0
80.125	0.0	0.0
80.25	0.0	0.0
80.375	0.0	0.0
80.5	0.0	0.0
80.625	0.0	0.0
80.75	0.0	0.0
80.875	0.0	0.0
81.0	0.0	0.0
81.125	0.0	0.0
81.25	0.0	0.0
81.375	0.0	0.0
81.5	0.0	0.0
81.625	0.0	0.0
81.75	0.0	0.0
81.875	0.0	0.0
82.0	0.0	0.0
82.125	0.0	0.0
82.25	0.0	0.0
82.375	0.0	0.0
82.5	0.0	0.0
82.625	0.0	0.0
82.75	0.0	0.0
82.875	0.0	0.0
83.0	0.0	0.0
83.125	0.0	0.0
83.25	0.0	0.0
83.375	0.0	0.0
83.5	0.0	0.0
83.625	0.0	0.0
83.75	0.0	0.0
83.875	0.0	0.0
84.0	0.0	0.0
84.125	0.0	0.0
84.25	0.0	0.0
84.375	0.0	0.0
84.5	0.0	0.0
84.625	0.0	0.0
84.75	0.0	0.0
84.875	0.0	0.0
85.0	0.0	0.0
85.125	0.0	0.0
85.25	0.0	0.0
85.375	0.0	0.0
85.5	0.0	0.0
85.625	0.0	0.0
85.75	0.0	0.0
85.875	0.0	0.0
86.0	0.0	0.0
86.125	0.0	0.0
86.25	0.0	0.0
86.375	0.0	0.0
86.5	0.0	0.0
86.625	0.0	0.0
86.75	0.0	0.0
86.875	0.0	0.0
87.0	0.0	0.0
87.125	0.0	0.0
87.25	0.0	0.0
87.375	0.0	0.0
87.5	0.0	0.0
87.625	0.0	0.0
87.75	0.0	0.0
87.875	0.0	0.0
88.0	0.0	0.0
88.125	0.0	0.0
88.25	0.0	0.0
88.375	0.0	0.0
88.5	0.0	0.0
88.625	0.0	0.0
88.75	0.0	0.0
88.875	0.0	0.0
89.0	0.0	0.0
89.125	0.0	0.0
89.25	0.0	0.0
89.375	0.0	0.0
89.5	0.0	0.0
89.625	0.0	0.0
89.75	0.0	1.0e-6
89.875	0.0	1.0e-6
90.0	0.0	2.0e-6
90.125	0.0	2.0e-6
90.25	0.0	2.0e-6
90.375	0.0	2.0e-6
90.5	0.0	3.0e-6
90.625	0.0	3.0e-6
90.75	0.0	3.0e-6
90.875	0.0	4.0e-6
91.0	0.0	4.0e-6
91.125	0.0	4.0e-6
91.25	0.0	5.0e-6
91.375	0.0	5.0e-6
91.5	0.0	5.0e-6
91.625	0.0	5.0e-6
91.75	0.0	6.0e-6
91.875	0.0	6.0e-6
92.0	0.0	6.0e-6
92.125	0.0	6.0e-6
92.25	0.0	6.0e-6
92.375	0.0	6.0e-6
92.5	0.0	6.0e-6
92.625	0.0	5.0e-6
92.75	0.0	5.0e-6
92.875	0.0	5.0e-6
93.0	0.0	4.0e-6
93.125	0.0	3.0e-6
93.25	0.0	2.0e-6
93.375	0.0	1.0e-6
93.5	0.0	0.0
93.625	0.0	-1.0e-6
93.75	0.0	-3.0e-6
93.875	0.0	-4.0e-6
94.0	0.0	-6.0e-6
94.125	0.0	-8.0e-6
94.25	0.0	-1.1e-5
94.375	0.0	-1.3e-5
94.5	0.0	-1.5e-5
94.625	0.0	-1.8e-5
94.75	0.0	-2.1e-5
94.875	0.0	-2.4e-5
95.0	0.0	-2.7e-5
95.125	0.0	-3.0e-5
95.25	0.0	-3.3e-5
95.375	0.0	-3.6e-5
95.5	0.0	-3.9e-5
95.625	0.0	-4.2e-5
95.75	0.0	-4.5e-5
95.875	0.0	-4.8e-5
96.0	0.0	-5.0e-5
96.125	0.0	-5.3e-5
96.25	0.0	-5.5e-5
96.375	0.0	-5.6e-5
96.5	0.0	-5.7e-5
96.625	0.0	-5.8e-5
96.75	0.0	-5.8e-5
96.875	0.0	-5.7e-5
97.0	0.0	-5.6e-5
97.125	0.0	-5.3e-5
97.25	0.0	-5.0e-5
97.375	0.0	-4.6e-5
97.5	0.0	-4.1e-5
97.625	0.0	-3.4e-5
97.75	0.0	-2.7e-5
97.875	0.0	-1.8e-5
98.0	0.0	-8.0e-6
98.125	0.0	3.0e-6
98.25	0.0	1.6e-5
98.375	0.0	3.0e-5
98.5	0.0	4.5e-5
98.625	0.0	6.2e-5
98.75	0.0	8.0e-5
98.875	0.0	9.9e-5
99.0	0.0	0.00012
99.125	0.0	0.000141
99.25	0.0	0.000163
99.375	0.0	0.000187
99.5	0.0	0.00021
99.625	0.0	0.000235
99.75	0.0	0.000259
99.875	0.0	0.000284
100.0	0.0	0.000308
100.125	0.0	0.000331
100.25	0.0	0.000354
100.375	0.0	0.000375
100.5	0.0	0.000394
100.625	0.0	0.000412
100.75	0.0	0.000427
100.875	0.0	0.000439
101.0	0.0	0.000447
101.125	0.0	0.000451
101.25	0.0	0.000451
101.375	0.0	0.000447
101.5	0.0	0.000436
101.625	0.0	0.00042
101.75	0.0	0.000397
101.875	0.0	0.000368
102.0	0.0	0.000331
102.125	0.0	0.000287
102.25	0.0	0.000235
102.375	0.0	0.000175
102.5	0.0	0.000106
102.625	0.0	2.8e-5
102.75	0.0	-5.8e-5
102.875	0.0	-0.000153
103.0	0.0	-0.000257
103.125	0.0	-0.000369
103.25	0.0	-0.000489
103.375	0.0	-0.000617
103.5	0.0	-0.000751
103.625	0.0	-0.000893
103.75	0.0	-0.001039
103.875	1.0e-6	-0.001191
104.0	1.0e-6	-0.001345
104.125	1.0e-6	-0.001502
104.25	1.0e-6	-0.001659
104.375	1.0e-6	-0.001815
104.5	1.0e-6	-0.001969
104.625	1.0e-6	-0.002118
104.75	1.0e-6	-0.00226
104.875	1.0e-6	-0.002393
105.0	1.0e-6	-0.002515
105.125	1.0e-6	-0.002624
105.25	2.0e-6	-0.002716
105.375	2.0e-6	-0.00279
105.5	2.0e-6	-0.002843
105.625	2.0e-6	-0.002871
105.75	2.0e-6	-0.002873
105.875	3.0e-6	-0.002845
106.0	3.0e-6	-0.002786
106.125	3.0e-6	-0.002692
106.25	3.0e-6	-0.002562
106.375	4.0e-6	-0.002393
106.5	4.0e-6	-0.002182
106.625	5.0e-6	-0.001929
106.75	5.0e-6	-0.001632
106.875	5.0e-6	-0.001289
107.0	6.0e-6	-0.0009
107.125	7.0e-6	-0.000464
107.25	7.0e-6	1.8e-5
107.375	8.0e-6	0.000546
107.5	9.0e-6	0.00112
107.625	9.0e-6	0.001736
107.75	1.0e-5	0.002394
107.875	1.1e-5	0.00309
108.0	1.2e-5	0.003821
108.125	1.4e-5	0.004582
108.25	1.5e-5	0.005369
108.375	1.6e-5	0.006176
108.5	1.8e-5	0.006996
108.625	1.9e-5	0.007824
108.75	2.1e-5	0.00865
108.875	2.3e-5	0.009467
109.0	2.5e-5	0.010265
109.125	2.7e-5	0.011035
109.25	3.0e-5	0.011767
109.375	3.2e-5	0.01245
109.5	3.5e-5	0.013072
109.625	3.9e-5	0.013623
109.75	4.2e-5	0.01409
109.875	4.6e-5	0.014461
110.0	5.0e-5	0.014725
110.125	5.4e-5	0.014869
110.25	5.9e-5	0.014882
110.375	6.4e-5	0.014752
110.5	7.0e-5	0.014468
110.625	7.6e-5	0.01402
110.75	8.2e-5	0.013399
110.875	8.9e-5	0.012594
111.0	9.7e-5	0.0116
111.125	0.000105	0.01041
111.25	0.000114	0.009018
111.375	0.000124	0.007421
111.5	0.000134	0.005619
111.625	0.000145	0.003611
111.75	0.000158	0.0014
111.875	0.000171	-0.001009
112.0	0.000185	-0.003609
112.125	0.0002	-0.00639
112.25	0.000217	-0.009342
112.375	0.000234	-0.012448
112.5	0.000254	-0.015691
112.625	0.000274	-0.019051
112.75	0.000296	-0.022506
112.875	0.00032	-0.026029
113.0	0.000346	-0.029592
113.125	0.000374	-0.033165
113.25	0.000404	-0.036713
113.375	0.000436	-0.040202
113.5	0.00047	-0.043593
113.625	0.000507	-0.046846
113.75	0.000547	-0.04992
113.875	0.000589	-0.052772
114.0	0.000635	-0.055358
114.125	0.000684	-0.057632
114.25	0.000737	-0.059551
114.375	0.000793	-0.061068
114.5	0.000854	-0.062139
114.625	0.000919	-0.062722
114.75	0.000988	-0.062772
114.875	0.001063	-0.062252
115.0	0.001142	-0.061122
115.125	0.001228	-0.05935
115.25	0.001319	-0.056904
115.375	0.001416	-0.053758
115.5	0.001521	-0.04989
115.625	0.001632	-0.045285
115.75	0.001751	-0.039931
115.875	0.001878	-0.033826
116.0	0.002014	-0.026971
116.125	0.002159	-0.019377
116.25	0.002314	-0.011063
116.375	0.002479	-0.002054
116.5	0.002655	0.007616
116.625	0.002842	0.017902
116.75	0.003042	0.028754
116.875	0.003255	0.040111
117.0	0.003481	0.051903
117.125	0.003723	0.064051
117.25	0.003979	0.076469
117.375	0.004252	0.089061
117.5	0.004543	0.101725
117.625	0.004852	0.114349
117.75	0.00518	0.126815
117.875	0.005529	0.139
118.0	0.005899	0.150774
118.125	0.006292	0.162004
118.25	0.006709	0.172551
118.375	0.007152	0.182276
118.5	0.007621	0.191038
118.625	0.008119	0.198695
118.75	0.008647	0.205107
118.875	0.009206	0.210136
119.0	0.009798	0.213651
119.125	0.010425	0.215523
119.25	0.011089	0.215632
119.375	0.011791	0.213867
119.5	0.012534	0.210127
119.625	0.013319	0.204324
119.75	0.01415	0.196382
119.875	0.015027	0.186242
120.0	0.015954	0.173859
120.125	0.016933	0.159208
120.25	0.017966	0.142283
120.375	0.019057	0.123098
120.5	0.020207	0.101689
120.625	0.02142	0.078113
120.75	0.022699	0.052451
120.875	0.024047	0.024809
121.0	0.025466	-0.004685
121.125	0.026962	-0.035879
121.25	0.028536	-0.068594
121.375	0.030193	-0.102631
121.5	0.031936	-0.137764
121.625	0.033769	-0.173748
121.75	0.035696	-0.210315
121.875	0.037721	-0.247176
122.0	0.039849	-0.284026
122.125	0.042084	-0.32054
122.25	0.044431	-0.356382
122.375	0.046893	-0.391202
122.5	0.049477	-0.42464
122.625	0.052187	-0.456331
122.75	0.055028	-0.485904
122.875	0.058006	-0.512989
123.0	0.061126	-0.53722
123.125	0.064394	-0.558234
123.25	0.067816	-0.575681
123.375	0.071397	-0.589224
123.5	0.075143	-0.598544
123.625	0.079062	-0.603341
123.75	0.08316	-0.603344
123.875	0.087442	-0.598307
124.0	0.091916	-0.588021
124.125	0.09659	-0.572309
124.25	0.101469	-0.551035
124.375	0.106562	-0.524107
124.5	0.111876	-0.491477
124.625	0.117418	-0.453145
124.75	0.123196	-0.409162
124.875	0.129218	-0.359632
125.0	0.135493	-0.30471
125.125	0.142028	-0.244609
125.25	0.148833	-0.179597
125.375	0.155914	-0.109995
125.5	0.163282	-0.036182
125.625	0.170945	0.041409
125.75	0.178912	0.122295
125.875	0.187192	0.205939
126.0	0.195794	0.291757
126.125	0.204728	0.379121
126.25	0.214003	0.46736
126.375	0.223628	0.555768
126.5	0.233614	0.643605
126.625	0.24397	0.730105
126.75	0.254706	0.814481
126.875	0.265831	0.895929
127.0	0.277356	0.97364
127.125	0.289291	1.0468
127.25	0.301646	1.114603
127.375	0.314431	1.176256
127.5	0.327655	1.230984
127.625	0.34133	1.278045
127.75	0.355465	1.31673
127.875	0.37007	1.346375
128.0	0.385155	1.366368
128.125	0.40073	1.376155
128.25	0.416806	1.375251
128.375	0.433392	1.363241
128.5	0.450498	1.339793
128.625	0.468134	1.304658
128.75	0.486308	1.257679
128.875	0.505031	1.198795
129.0	0.524312	1.128046
129.125	0.54416	1.045573
129.25	0.564584	0.951625
129.375	0.585592	0.846556
129.5	0.607193	0.730831
129.625	0.629395	0.60502
129.75	0.652206	0.4698
129.875	0.675634	0.325953
130.0	0.699685	0.174361
130.125	0.724368	0.016003
130.25	0.749688	-0.148051
130.375	0.775652	-0.316647
130.5	0.802266	-0.488553
130.625	0.829535	-0.662468
130.75	0.857464	-0.837031
130.875	0.886058	-1.010831
131.0	0.91532	-1.182419
131.125	0.945256	-1.350318
131.25	0.975866	-1.513034
131.375	1.007155	-1.669074
131.5	1.039124	-1.816949
131.625	1.071775	-1.9552
131.75	1.105107	-2.082401
131.875	1.139122	-2.197176
132.0	1.173819	-2.298216
132.125	1.209197	-2.384287
132.25	1.245254	-2.454246
132.375	1.281987	-2.507053
132.5	1.319394	-2.541781
132.625	1.35747	-2.557632
132.75	1.39621	-2.553942
132.875	1.43561	-2.530194
133.0	1.475663	-2.486025
133.125	1.516361	-2.421235
133.25	1.557698	-2.33579
133.375	1.599664	-2.229829
133.5	1.64225	-2.103667
133.625	1.685445	-1.957796
133.75	1.729239	-1.792884
133.875	1.773619	-1.609779
134.0	1.818573	-1.409498
134.125	1.864086	-1.19323
134.25	1.910145	-0.962323
134.375	1.956732	-0.718283
134.5	2.003833	-0.462759
134.625	2.05143	-0.197535
134.75	2.099505	0.075484
134.875	2.148038	0.354283
135.0	2.19701	0.636756
135.125	2.2464	0.920719
135.25	2.296186	1.203926
135.375	2.346345	1.484092
135.5	2.396856	1.758907
135.625	2.447692	2.026058
135.75	2.498829	2.283249
135.875	2.550242	2.528217
136.0	2.601903	2.758759
136.125	2.653786	2.972746
136.25	2.705861	3.168145
136.375	2.758101	3.343039
136.5	2.810476	3.495645
136.625	2.862954	3.624331
136.75	2.915506	3.727634
136.875	2.9681	3.804273
137.0	3.020703	3.853167
137.125	3.073282	3.873444
137.25	3.125805	3.864455
137.375	3.178237	3.82578
137.5	3.230543	3.757239
137.625	3.28269	3.658894
137.75	3.334642	3.531054
137.875	3.386362	3.374275
138.0	3.437816	3.189362
138.125	3.488966	2.97736
138.25	3.539777	2.739556
138.375	3.590211	2.477464
138.5	3.640232	2.19282
138.625	3.689802	1.887571
138.75	3.738885	1.563855
138.875	3.787442	1.223993
139.0	3.835438	0.870466
139.125	3.882834	0.505898
139.25	3.929594	0.133036
139.375	3.975681	-0.245274
139.5	4.021058	-0.626107
139.625	4.065688	-1.006486
139.75	4.109536	-1.383407
139.875	4.152565	-1.753858
140.0	4.19474	-2.114855
140.125	4.236026	-2.463457
140.25	4.276389	-2.796799
140.375	4.315795	-3.112113
140.5	4.354209	-3.406753
140.625	4.3916	-3.67822
140.75	4.427934	-3.924183
140.875	4.463182	-4.1425
141.0	4.497311	-4.331239
141.125	4.530293	-4.488694
141.25	4.562097	-4.613404
141.375	4.592697	-4.704162
141.5	4.622065	-4.760032
141.625	4.650174	-4.780358
141.75	4.677	-4.764767
141.875	4.702518	-4.713179
142.0	4.726705	-4.625806
142.125	4.74954	-4.503152
142.25	4.771002	-4.346013
142.375	4.79107	-4.155467
142.5	4.809728	-3.932871
142.625	4.826957	-3.679847
142.75	4.842741	-3.398269
142.875	4.857067	-3.090253
143.0	4.869921	-2.758133
143.125	4.881291	-2.404448
143.25	4.891166	-2.031917
143.375	4.899537	-1.643419
143.5	4.906398	-1.241966
143.625	4.91174	-0.830683
143.75	4.915559	-0.412776
143.875	4.917852	0.008491
144.0	4.918617	0.429825
144.125	4.917852	0.847933
144.25	4.915559	1.259546
144.375	4.91174	1.661449
144.5	4.906397	2.050509
144.625	4.899537	2.423699
144.75	4.891166	2.778125
144.875	4.88129	3.111049
145.0	4.86992	3.419915
145.125	4.857067	3.702363
145.25	4.842741	3.956256
145.375	4.826956	4.179695
145.5	4.809727	4.371033
145.625	4.79107	4.528886
145.75	4.771001	4.652152
145.875	4.74954	4.740009
146.0	4.726705	4.791928
146.125	4.702517	4.807673
146.25	4.676999	4.787303
146.375	4.650173	4.731169
146.5	4.622064	4.63991
146.625	4.592696	4.514446
146.75	4.562097	4.355971
146.875	4.530292	4.165936
147.0	4.49731	3.946039
147.125	4.463181	3.69821
147.25	4.427933	3.424591
147.375	4.391599	3.127515
147.5	4.354208	2.80949
147.625	4.315794	2.473172
147.75	4.276388	2.121343
147.875	4.236026	1.756888
148.0	4.194739	1.382766
148.125	4.152564	1.00199
148.25	4.109535	0.617597
148.375	4.065687	0.232622
148.5	4.021057	-0.149923
148.625	3.97568	-0.52708
148.75	3.929593	-0.895965
148.875	3.882833	-1.253793
149.0	3.835437	-1.5979
149.125	3.787441	-1.925764
149.25	3.738884	-2.235025
149.375	3.689801	-2.523503
149.5	3.640231	-2.789212
149.625	3.59021	-3.030379
149.75	3.539776	-3.24545
149.875	3.488965	-3.433106
150.0	3.437815	-3.592266
150.125	3.386361	-3.722098
150.25	3.33464	-3.822018
150.375	3.282689	-3.891692
150.5	3.230542	-3.93104
150.625	3.178235	-3.940225
150.75	3.125804	-3.919655
150.875	3.073281	-3.869973
151.0	3.020702	-3.792047
151.125	2.968099	-3.686961
151.25	2.915505	-3.555999
151.375	2.862953	-3.400638
151.5	2.810475	-3.222523
151.625	2.7581	-3.023459
151.75	2.70586	-2.805385
151.875	2.653785	-2.570363
152.0	2.601902	-2.320553
152.125	2.550241	-2.058195
152.25	2.498828	-1.785588
152.375	2.447691	-1.505072
152.5	2.396854	-1.219004
152.625	2.346344	-0.929738
152.75	2.296185	-0.63961
152.875	2.246399	-0.350912
153.0	2.197009	-0.065878
153.125	2.148037	0.213333
153.25	2.099504	0.484658
153.375	2.051429	0.746142
153.5	2.003832	0.995953
153.625	1.956731	1.232395
153.75	1.910143	1.453918
153.875	1.864085	1.65913
154.0	1.818572	1.846803
154.125	1.773618	2.015883
154.25	1.729238	2.165491
154.375	1.685444	2.294927
154.5	1.642249	2.403674
154.625	1.599663	2.491397
154.75	1.557697	2.557939
154.875	1.51636	2.603322
155.0	1.475662	2.627739
155.125	1.435609	2.63155
155.25	1.396209	2.615274
155.375	1.357469	2.57958
155.5	1.319393	2.52528
155.625	1.281986	2.453312
155.75	1.245253	2.364739
155.875	1.209196	2.260726
156.0	1.173818	2.142534
156.125	1.139121	2.011504
156.25	1.105106	1.869046
156.375	1.071774	1.716622
156.5	1.039123	1.555733
156.625	1.007155	1.387905
156.75	0.975866	1.214679
156.875	0.945255	1.037591
157.0	0.91532	0.858164
157.125	0.886057	0.677894
157.25	0.857463	0.498238
157.375	0.829534	0.320602
157.5	0.802265	0.146332
157.625	0.775651	-0.023295
157.75	0.749687	-0.187083
157.875	0.724367	-0.343922
158.0	0.699685	-0.492793
158.125	0.675633	-0.632779
158.25	0.652206	-0.763065
158.375	0.629395	-0.882943
158.5	0.607192	-0.991814
158.625	0.585592	-1.089193
158.75	0.564583	-1.174704
158.875	0.54416	-1.248082
159.0	0.524312	-1.309172
159.125	0.505031	-1.357926
159.25	0.486308	-1.3944
159.375	0.468133	-1.418749
159.5	0.450498	-1.431223
159.625	0.433392	-1.432162
159.75	0.416806	-1.421989
159.875	0.40073	-1.401202
160.0	0.385154	-1.37037
160.125	0.370069	-1.330124
160.25	0.355464	-1.28115
160.375	0.341329	-1.224178
160.5	0.327655	-1.15998
160.625	0.31443	-1.089355
160.75	0.301646	-1.013128
160.875	0.289291	-0.932134
161.0	0.277356	-0.847219
161.125	0.265831	-0.759226
161.25	0.254705	-0.66899
161.375	0.24397	-0.577331
161.5	0.233614	-0.485048
161.625	0.223628	-0.392914
161.75	0.214002	-0.301666
161.875	0.204727	-0.212006
162.0	0.195794	-0.124591
162.125	0.187191	-0.040033
162.25	0.178911	0.041105
162.375	0.170945	0.118315
162.5	0.163282	0.191142
162.625	0.155914	0.259187
162.75	0.148832	0.32211
162.875	0.142028	0.379627
163.0	0.135493	0.431514
163.125	0.129218	0.477602
163.25	0.123196	0.51778
163.375	0.117418	0.551991
163.5	0.111876	0.580231
163.625	0.106562	0.602546
163.75	0.101469	0.619031
163.875	0.09659	0.629824
164.0	0.091916	0.635107
164.125	0.087442	0.635098
164.25	0.083159	0.63005
164.375	0.079062	0.620247
164.5	0.075143	0.606
164.625	0.071396	0.587642
164.75	0.067815	0.565525
164.875	0.064394	0.540018
165.0	0.061126	0.511497
165.125	0.058006	0.480347
165.25	0.055028	0.446958
165.375	0.052187	0.411718
165.5	0.049477	0.375011
165.625	0.046893	0.337216
165.75	0.04443	0.2987
165.875	0.042084	0.259819
166.0	0.039849	0.220915
166.125	0.037721	0.18231
166.25	0.035696	0.144309
166.375	0.033769	0.107196
166.5	0.031935	0.07123
166.625	0.030193	0.036651
166.75	0.028536	0.003671
166.875	0.026962	-0.027521
167.0	0.025466	-0.056763
167.125	0.024047	-0.083918
167.25	0.022699	-0.108872
167.375	0.02142	-0.13154
167.5	0.020207	-0.151858
167.625	0.019057	-0.169787
167.75	0.017966	-0.185311
167.875	0.016933	-0.198435
168.0	0.015954	-0.209185
168.125	0.015027	-0.217605
168.25	0.01415	-0.223758
168.375	0.013319	-0.227722
168.5	0.012534	-0.229591
168.625	0.011791	-0.22947
168.75	0.011089	-0.227476
168.875	0.010425	-0.223735
169.0	0.009798	-0.218383
169.125	0.009206	-0.211559
169.25	0.008647	-0.203409
169.375	0.008119	-0.194081
169.5	0.007621	-0.183725
169.625	0.007152	-0.172491
169.75	0.006709	-0.160527
169.875	0.006292	-0.147979
170.0	0.005899	-0.134989
170.125	0.005529	-0.121697
170.25	0.00518	-0.108232
170.375	0.004852	-0.094722
170.5	0.004543	-0.081283
170.625	0.004252	-0.068027
170.75	0.003979	-0.055055
170.875	0.003723	-0.042461
171.0	0.003481	-0.030327
171.125	0.003255	-0.01873
171.25	0.003042	-0.007734
171.375	0.002842	0.002605
171.5	0.002655	0.012241
171.625	0.002479	0.021137
171.75	0.002314	0.029263
171.875	0.002159	0.0366
172.0	0.002014	0.043137
172.125	0.001878	0.04887
172.25	0.001751	0.053804
172.375	0.001632	0.057947
172.5	0.001521	0.061318
172.625	0.001416	0.063939
172.75	0.001319	0.065839
172.875	0.001228	0.067048
173.0	0.001142	0.067604
173.125	0.001063	0.067547
173.25	0.000988	0.066919
173.375	0.000919	0.065765
173.5	0.000854	0.064132
173.625	0.000793	0.062067
173.75	0.000737	0.059618
173.875	0.000684	0.056834
174.0	0.000635	0.053763
174.125	0.000589	0.050451
174.25	0.000547	0.046946
174.375	0.000507	0.043292
174.5	0.00047	0.039531
174.625	0.000436	0.035705
174.75	0.000404	0.031852
174.875	0.000374	0.028008
175.0	0.000346	0.024206
175.125	0.00032	0.020477
175.25	0.000296	0.016849
175.375	0.000274	0.013347
175.5	0.000254	0.009991
175.625	0.000234	0.006802
175.75	0.000217	0.003796
175.875	0.0002	0.000985
176.0	0.000185	-0.00162
176.125	0.000171	-0.004012
176.25	0.000158	-0.006184
176.375	0.000145	-0.008134
176.5	0.000134	-0.009862
176.625	0.000124	-0.011369
176.75	0.000114	-0.012659
176.875	0.000105	-0.013735
177.0	9.7e-5	-0.014607
177.125	8.9e-5	-0.01528
177.25	8.2e-5	-0.015765
177.375	7.6e-5	-0.016072
177.5	7.0e-5	-0.016212
177.625	6.4e-5	-0.016197
177.75	5.9e-5	-0.016039
177.875	5.4e-5	-0.015752
178.0	5.0e-5	-0.015347
178.125	4.6e-5	-0.014839
178.25	4.2e-5	-0.014239
178.375	3.9e-5	-0.013562
178.5	3.5e-5	-0.012818
178.625	3.2e-5	-0.012021
178.75	3.0e-5	-0.011182
178.875	2.7e-5	-0.010312
179.0	2.5e-5	-0.009421
179.125	2.3e-5	-0.008521
179.25	2.1e-5	-0.007618
179.375	1.9e-5	-0.006723
179.5	1.8e-5	-0.005843
179.625	1.6e-5	-0.004984
179.75	1.5e-5	-0.004153
179.875	1.4e-5	-0.003355
180.0	1.2e-5	-0.002594
180.125	1.1e-5	-0.001876
180.25	1.0e-5	-0.001202
180.375	9.0e-6	-0.000575
180.5	9.0e-6	2.0e-6
180.625	8.0e-6	0.00053
180.75	7.0e-6	0.001006
180.875	7.0e-6	0.001432
181.0	6.0e-6	0.001807
181.125	5.0e-6	0.002133
181.25	5.0e-6	0.00241
181.375	5.0e-6	0.00264
181.5	4.0e-6	0.002826
181.625	4.0e-6	0.002968
181.75	3.0e-6	0.003071
181.875	3.0e-6	0.003136
182.0	3.0e-6	0.003166
182.125	3.0e-6	0.003163
182.25	2.0e-6	0.003132
182.375	2.0e-6	0.003074
182.5	2.0e-6	0.002993
182.625	2.0e-6	0.002891
182.75	2.0e-6	0.002771
182.875	1.0e-6	0.002637
183.0	1.0e-6	0.00249
183.125	1.0e-6	0.002333
183.25	1.0e-6	0.002169
183.375	1.0e-6	0.002
183.5	1.0e-6	0.001828
183.625	1.0e-6	0.001654
183.75	1.0e-6	0.001482
183.875	1.0e-6	0.001311
184.0	1.0e-6	0.001144
184.125	1.0e-6	0.000982
184.25	0.0	0.000826
184.375	0.0	0.000678
184.5	0.0	0.000537
184.625	0.0	0.000404
184.75	0.0	0.00028
184.875	0.0	0.000166
185.0	0.0	6.1e-5
185.125	0.0	-3.5e-5
185.25	0.0	-0.000121
185.375	0.0	-0.000197
185.5	0.0	-0.000264
185.625	0.0	-0.000322
185.75	0.0	-0.00037
185.875	0.0	-0.000411
186.0	0.0	-0.000444
186.125	0.0	-0.000468
186.25	0.0	-0.000486
186.375	0.0	-0.000498
186.5	0.0	-0.000503
186.625	0.0	-0.000503
186.75	0.0	-0.000498
186.875	0.0	-0.000489
187.0	0.0	-0.000476
187.125	0.0	-0.000459
187.25	0.0	-0.00044
187.375	0.0	-0.000418
187.5	0.0	-0.000394
187.625	0.0	-0.000369
187.75	0.0	-0.000343
187.875	0.0	-0.000316
188.0	0.0	-0.000289
188.125	0.0	-0.000261
188.25	0.0	-0.000234
188.375	0.0	-0.000208
188.5	0.0	-0.000182
188.625	0.0	-0.000157
188.75	0.0	-0.000133
188.875	0.0	-0.00011
189.0	0.0	-8.9e-5
189.125	0.0	-6.9e-5
189.25	0.0	-5.0e-5
189.375	0.0	-3.3e-5
189.5	0.0	-1.7e-5
189.625	0.0	-3.0e-6
189.75	0.0	9.0e-6
189.875	0.0	2.1e-5
190.0	0.0	3.0e-5
190.125	0.0	3.9e-5
190.25	0.0	4.6e-5
190.375	0.0	5.2e-5
190.5	0.0	5.6e-5
190.625	0.0	6.0e-5
190.75	0.0	6.3e-5
190.875	0.0	6.4e-5
191.0	0.0	6.5e-5
191.125	0.0	6.5e-5
191.25	0.0	6.5e-5
191.375	0.0	6.3e-5
191.5	0.0	6.2e-5
191.625	0.0	5.9e-5
191.75	0.0	5.7e-5
191.875	0.0	5.4e-5
192.0	0.0	5.1e-5
192.125	0.0	4.8e-5
192.25	0.0	4.4e-5
192.375	0.0	4.1e-5
192.5	0.0	3.7e-5
192.625	0.0	3.4e-5
192.75	0.0	3.0e-5
192.875	0.0	2.7e-5
193.0	0.0	2.4e-5
193.125	0.0	2.0e-5
193.25	0.0	1.7e-5
193.375	0.0	1.5e-5
193.5	0.0	1.2e-5
193.625	0.0	9.0e-6
193.75	0.0	7.0e-6
193.875	0.0	5.0e-6
194.0	0.0	3.0e-6
194.125	0.0	1.0e-6
194.25	0.0	0.0
194.375	0.0	-2.0e-6
194.5	0.0	-3.0e-6
194.625	0.0	-4.0e-6
194.75	0.0	-5.0e-6
194.875	0.0	-5.0e-6
195.0	0.0	-6.0e-6
195.125	0.0	-6.0e-6
195.25	0.0	-7.0e-6
195.375	0.0	-7.0e-6
195.5	0.0	-7.0e-6
195.625	0.0	-7.0e-6
195.75	0.0	-7.0e-6
195.875	0.0	-7.0e-6
196.0	0.0	-6.0e-6
196.125	0.0	-6.0e-6
196.25	0.0	-6.0e-6
196.375	0.0	-6.0e-6
196.5	0.0	-5.0e-6
196.625	0.0	-5.0e-6
196.75	0.0	-5.0e-6
196.875	0.0	-4.0e-6
197.0	0.0	-4.0e-6
197.125	0.0	-4.0e-6
197.25	0.0	-3.0e-6
197.375	0.0	-3.0e-6
197.5	0.0	-2.0e-6
197.625	0.0	-2.0e-6
197.75	0.0	-2.0e-6
197.875	0.0	-2.0e-6
198.0	0.0	-1.0e-6
198.125	0.0	-1.0e-6
198.25	0.0	0.0
198.375	0.0	0.0
198.5	0.0	0.0
198.625	0.0	0.0
198.75	0.0	0.0
198.875	0.0	0.0
199.0	0.0	0.0
199.125	0.0	0.0
199.25	0.0	0.0
199.375	0.0	0.0
199.5	0.0	0.0
199.625	0.0	0.0
199.75	0.0	0.0
199.875	0.0	0.0
200.0	0.0	0.0
200.125	0.0	0.0
200.25	0.0	0.0
200.375	0.0	0.0
200.5	0.0	0.0
200.625	0.0	0.0
200.75	0.0	0.0
200.875	0.0	0.0
201.0	0.0	0.0
201.125	0.0	0.0
201.25	0.0	0.0
201.375	0.0	0.0
201.5	0.0	0.0
201.625	0.0	0.0
201.75	0.0	0.0
201.875	0.0	0.0
202.0	0.0	0.0
202.125	0.0	0.0
202.25	0.0	0.0
202.375	0.0	0.0
202.5	0.0	0.0
202.625	0.0	0.0
202.75	0.0	0.0
202.875	0.0	0.0
203.0	0.0	0.0
203.125	0.0	0.0
203.25	0.0	0.0
203.375	0.0	0.0
203.5	0.0	0.0
203.625	0.0	0.0
203.75	0.0	0.0
203.875	0.0	0.0
204.0	0.0	0.0
204.125	0.0	0.0
204.25	0.0	0.0
204.375	0.0	0.0
204.5	0.0	0.0
204.625	0.0	0.0
204.75	0.0	0.0
204.875	0.0	0.0
205.0	0.0	0.0
205.125	0.0	0.0
205.25	0.0	0.0
205.375	0.0	0.0
205.5	0.0	0.0
205.625	0.0	0.0
205.75	0.0	0.0
205.875	0.0	0.0
206.0	0.0	0.0
206.125	0.0	0.0
206.25	0.0	0.0
206.375	0.0	0.0
206.5	0.0	0.0
206.625	0.0	0.0
206.75	0.0	0.0
206.875	0.0	0.0
207.0	0.0	0.0
207.125	0.0	0.0
207.25	0.0	0.0
207.375	0.0	0.0
207.5	0.0	0.0
207.625	0.0	0.0
207.75	0.0	0.0
207.875	0.0	0.0
208.0	0.0	0.0
208.125	0.0	0.0
208.25	0.0	0.0
208.375	0.0	0.0
208.5	0.0	0.0
208.625	0.0	0.0
208.75	0.0	0.0
208.875	0.0	0.0
209.0	0.0	0.0
209.125	0.0	0.0
209.25	0.0	0.0
209.375	0.0	0.0
209.5	0.0	0.0
209.625	0.0	0.0
209.75	0.0	0.0
209.875	0.0	0.0
210.0	0.0	0.0
210.125	0.0	0.0
210.25	0.0	0.0
210.375	0.0	0.0
210.5	0.0	0.0
210.625	0.0	0.0
210.75	0.0	0.0
210.875	0.0	0.0
211.0	0.0	0.0
211.125	0.0	0.0
211.25	0.0	0.0
211.375	0.0	0.0
211.5	0.0	0.0
211.625	0.0	0.0
211.75	0.0	0.0
211.875	0.0	0.0
212.0	0.0	0.0
212.125	0.0	0.0
212.25	0.0	0.0
212.375	0.0	0.0
212.5	0.0	0.0
212.625	0.0	0.0
212.75	0.0	0.0
212.875	0.0	0.0
213.0	0.0	0.0
213.125	0.0	0.0
213.25	0.0	0.0
213.375	0.0	0.0
213.5	0.0	0.0
213.625	0.0	0.0
213.75	0.0	0.0
213.875	0.0	0.0
214.0	0.0	0.0
214.125	0.0	0.0
214.25	0.0	0.0
214.375	0.0	0.0
214.5	0.0	0.0
214.625	0.0	0.0
214.75	0.0	0.0
214.875	0.0	0.0
215.0	0.0	0.0
215.125	0.0	0.0
215.25	0.0	0.0
215.375	0.0	0.0
215.5	0.0	0.0
215.625	0.0	0.0
215.75	0.0	0.0
215.875	0.0	0.0
216.0	0.0	0.0
216.125	0.0	0.0
216.25	0.0	0.0
216.375	0.0	0.0
216.5	0.0	0.0
216.625	0.0	0.0
216.75	0.0	0.0
216.875	0.0	0.0
217.0	0.0	0.0
217.125	0.0	0.0
217.25	0.0	0.0
217.375	0.0	0.0
217.5	0.0	0.0
217.625	0.0	0.0
217.75	0.0	0.0
217.875	0.0	0.0
218.0	0.0	0.0
218.125	0.0	0.0
218.25	0.0	0.0
218.375	0.0	0.0
218.5	0.0	0.0
218.625	0.0	0.0
218.75	0.0	0.0
218.875	0.0	0.0
219.0	0.0	0.0
219.125	0.0	0.0
219.25	0.0	0.0
219.375	0.0	0.0
219.5	0.0	0.0
219.625	0.0	0.0
219.75	0.0	0.0
219.875	0.0	0.0
220.0	0.0	0.0
220.125	0.0	0.0
220.25	0.0	0.0
220.375	0.0	0.0
220.5	0.0	0.0
220.625	0.0	0.0
220.75	0.0	0.0
220.875	0.0	0.0
221.0	0.0	0.0
221.125	0.0	0.0
221.25	0.0	0.0
221.375	0.0	0.0
221.5	0.0	0.0
221.625	0.0	0.0
221.75	0.0	0.0
221.875	0.0	0.0
222.0	0.0	0.0
222.125	0.0	0.0
222.25	0.0	0.0
222.375	0.0	0.0
222.5	0.0	0.0
222.625	0.0	0.0
222.75	0.0	0.0
222.875	0.0	0.0
223.0	0.0	0.0
223.125	0.0	0.0
223.25	0.0	0.0
223.375	0.0	0.0
223.5	0.0	0.0
223.625	0.0	0.0
223.75	0.0	0.0
223.875	0.0	0.0
224.0	0.0	0.0
224.125	0.0	0.0
224.25	0.0	0.0
224.375	0.0	0.0
224.5	0.0	0.0
224.625	0.0	0.0
224.75	0.0	0.0
224.875	0.0	0.0
225.0	0.0	0.0
225.125	0.0	0.0
225.25	0.0	0.0
225.375	0.0	0.0
225.5	0.0	0.0
225.625	0.0	0.0
225.75	0.0	0.0
225.875	0.0	0.0
226.0	0.0	0.0
226.125	0.0	0.0
226.25	0.0	0.0
226.375	0.0	0.0
226.5	0.0	0.0
226.625	0.0	0.0
226.75	0.0	0.0
226.875	0.0	0.0
227.0	0.0	0.0
227.125	0.0	0.0
227.25	0.0	0.0
227.375	0.0	0.0
227.5	0.0	0.0
227.625	0.0	0.0
227.75	0.0	0.0
227.875	0.0	0.0
228.0	0.0	0.0
228.125	0.0	0.0
228.25	0.0	0.0
228.375	0.0	0.0
228.5	0.0	0.0
228.625	0.0	0.0
228.75	0.0	0.0
228.875	0.0	0.0
229.0	0.0	0.0
229.125	0.0	0.0
229.25	0.0	0.0
229.375	0.0	0.0
229.5	0.0	0.0
229.625	0.0	0.0
229.75	0.0	0.0
229.875	0.0	0.0
230.0	0.0	0.0
230.125	0.0	0.0
230.25	0.0	0.0
230.375	0.0	0.0
230.5	0.0	0.0
230.625	0.0	0.0
230.75	0.0	0.0
230.875	0.0	0.0
231.0	0.0	0.0
231.125	0.0	0.0
231.25	0.0	0.0
231.375	0.0	0.0
231.5	0.0	0.0
231.625	0.0	0.0
231.75	0.0	0.0
231.875	0.0	0.0
232.0	0.0	0.0
232.125	0.0	0.0
232.25	0.0	0.0
232.375	0.0	0.0
232.5	0.0	0.0
232.625	0.0	0.0
232.75	0.0	0.0
232.875	0.0	0.0
233.0	0.0	0.0
233.125	0.0	0.0
233.25	0.0	0.0
233.375	0.0	0.0
233.5	0.0	0.0
233.625	0.0	0.0
233.75	0.0	0.0
233.875	0.0	0.0
234.0	0.0	0.0
234.125	0.0	0.0
234.25	0.0	0.0
234.375	0.0	0.0
234.5	0.0	0.0
234.625	0.0	0.0
234.75	0.0	0.0
234.875	0.0	0.0
235.0	0.0	0.0
235.125	0.0	0.0
235.25	0.0	0.0
235.375	0.0	0.0
235.5	0.0	0.0
235.625	0.0	0.0
235.75	0.0	0.0
235.875	0.0	0.0
236.0	0.0	0.0
236.125	0.0	0.0
236.25	0.0	0.0
236.375	0.0	0.0
236.5	0.0	0.0
236.625	0.0	0.0
236.75	0.0	0.0
236.875	0.0	0.0
237.0	0.0	0.0
237.125	0.0	0.0
237.25	0.0	0.0
237.375	0.0	0.0
237.5	0.0	0.0
237.625	0.0	0.0
237.75	0.0	0.0
237.875	0.0	0.0
238.0	0.0	0.0
238.125	0.0	0.0
238.25	0.0	0.0
238.375	0.0	0.0
238.5	0.0	0.0
238.625	0.0	0.0
238.75	0.0	0.0
238.875	0.0	0.0
239.0	0.0	0.0
239.125	0.0	0.0
239.25	0.0	0.0
239.375	0.0	0.0
239.5	0.0	0.0
239.625	0.0	0.0
239.75	0.0	0.0
239.875	0.0	0.0
240.0	0.0	0.0
240.125	0.0	0.0
240.25	0.0	0.0
240.375	0.0	0.0
240.5	0.0	0.0
240.625	0.0	0.0
240.75	0.0	0.0
240.875	0.0	0.0
241.0	0.0	0.0
241.125	0.0	0.0
241.25	0.0	0.0
241.375	0.0	0.0
241.5	0.0	0.0
241.625	0.0	0.0
241.75	0.0	0.0
241.875	0.0	0.0
242.0	0.0	0.0
242.125	0.0	0.0
242.25	0.0	0.0
242.375	0.0	0.0
242.5	0.0	0.0
242.625	0.0	0.0
242.75	0.0	0.0
242.875	0.0	0.0
243.0	0.0	0.0
243.125	0.0	0.0
243.25	0.0	0.0
243.375	0.0	0.0
243.5	0.0	0.0
243.625	0.0	0.0
243.75	0.0	0.0
243.875	0.0	0.0
244.0	0.0	0.0
244.125	0.0	0.0
244.25	0.0	0.0
244.375	0.0	0.0
244.5	0.0	0.0
244.625	0.0	0.0
244.75	0.0	0.0
244.875	0.0	0.0
245.0	0.0	0.0
245.125	0.0	0.0
245.25	0.0	0.0
245.375	0.0	0.0
245.5	0.0	0.0
245.625	0.0	0.0
245.75	0.0	0.0
245.875	0.0	0.0
246.0	0.0	0.0
246.125	0.0	0.0
246.25	0.0	0.0
246.375	0.0	0.0
246.5	0.0	0.0
246.625	0.0	0.0
246.75	0.0	0.0
246.875	0.0	0.0
247.0	0.0	0.0
247.125	0.0	0.0
247.25	0.0	0.0
247.375	0.0	0.0
247.5	0.0	0.0
247.625	0.0	0.0
247.75	0.0	0.0
247.875	0.0	0.0
248.0	0.0	0.0
248.125	0.0	0.0
248.25	0.0	0.0
248.375	0.0	0.0
248.5	0.0	0.0
248.625	0.0	0.0
248.75	0.0	0.0
248.875	0.0	0.0
249.0	0.0	0.0
249.125	0.0	0.0
249.25	0.0	0.0
249.375	0.0	0.0
249.5	0.0	0.0
249.625	0.0	0.0
249.75	0.0	0.0
249.875	0.0	0.0
250.0	0.0	0.0
250.125	0.0	0.0
250.25	0.0	0.0
250.375	0.0	0.0
250.5	0.0	0.0
250.625	0.0	0.0
250.75	0.0	0.0
250.875	0.0	0.0
251.0	0.0	0.0
251.125	0.0	0.0
251.25	0.0	0.0
251.375	0.0	0.0
251.5	0.0	0.0
251.625	0.0	0.0
251.75	0.0	0.0
251.875	0.0	0.0
252.0	0.0	0.0
252.125	0.0	0.0
252.25	0.0	0.0
252.375	0.0	0.0
252.5	0.0	0.0
252.625	0.0	0.0
252.75	0.0	0.0
252.875	0.0	0.0
253.0	0.0	0.0
253.125	0.0	0.0
253.25	0.0	0.0
253.375	0.0	0.0
253.5	0.0	0.0
253.625	0.0	0.0
253.75	0.0	0.0
253.875	0.0	0.0
254.0	0.0	0.0
254.125	0.0	0.0
254.25	0.0	0.0
254.375	0.0	0.0
254.5	0.0	0.0
254.625	0.0	0.0
254.75	0.0	0.0
254.875	0.0	0.0
255.0	0.0	0.0
255.125	0.0	0.0
255.25	0.0	0.0
255.375	0.0	0.0
255.5	0.0	0.0
255.625	0.0	0.0
255.75	0.0	0.0
255.875	0.0	0.0
256.0	0.0	0.0
256.125	0.0	0.0
256.25	0.0	0.0
256.375	0.0	0.0
256.5	0.0	0.0
256.625	0.0	0.0
256.75	0.0	0.0
256.875	0.0	0.0
257.0	0.0	0.0
257.125	0.0	0.0
257.25	0.0	0.0
257.375	0.0	0.0
257.5	0.0	0.0
257.625	0.0	0.0
