-254.25	0.0	-3.6e-5
-254.125	0.0	-3.6e-5
-254.0	0.0	-3.6e-5
-253.875	0.0	-3.6e-5
-253.75	0.0	-3.6e-5
-253.625	0.0	-3.6e-5
-253.5	0.0	-3.6e-5
-253.375	0.0	-3.5e-5
-253.25	0.0	-3.5e-5
-253.125	0.0	-3.5e-5
-253.0	0.0	-3.5e-5
-252.875	0.0	-3.5e-5
-252.75	0.0	-3.5e-5
-252.625	0.0	-3.5e-5
-252.5	0.0	-3.5e-5
-252.375	0.0	-3.4e-5
-252.25	0.0	-3.4e-5
-252.125	0.0	-3.4e-5
-252.0	0.0	-3.4e-5
-251.875	0.0	-3.4e-5
-251.75	0.0	-3.4e-5
-251.625	0.0	-3.4e-5
-251.5	0.0	-3.4e-5
-251.375	0.0	-3.3e-5
-251.25	0.0	-3.3e-5
-251.125	0.0	-3.3e-5
-251.0	0.0	-3.3e-5
-250.875	0.0	-3.3e-5
-250.75	0.0	-3.3e-5
-250.625	0.0	-3.3e-5
-250.5	0.0	-3.3e-5
-250.375	0.0	-3.3e-5
-250.25	0.0	-3.2e-5
-250.125	0.0	-3.2e-5
-250.0	0.0	-3.2e-5
-249.875	0.0	-3.2e-5
-249.75	0.0	-3.2e-5
-249.625	0.0	-3.2e-5
-249.5	0.0	-3.2e-5
-249.375	0.0	-3.2e-5
-249.25	0.0	-3.1e-5
-249.125	0.0	-3.1e-5
-249.0	0.0	-3.1e-5
-248.875	0.0	-3.1e-5
-248.75	0.0	-3.1e-5
-248.625	0.0	-3.1e-5
-248.5	0.0	-3.1e-5
-248.375	0.0	-3.1e-5
-248.25	0.0	-3.1e-5
-248.125	0.0	-3.0e-5
-248.0	0.0	-3.0e-5
-247.875	0.0	-3.0e-5
-247.75	0.0	-3.0e-5
-247.625	0.0	-3.0e-5
-247.5	0.0	-3.0e-5
-247.375	0.0	-3.0e-5
-247.25	0.0	-3.0e-5
-247.125	0.0	-2.9e-5
-247.0	0.0	-2.9e-5
-246.875	0.0	-2.9e-5
-246.75	0.0	-2.9e-5
-246.625	0.0	-2.9e-5
-246.5	0.0	-2.9e-5
-246.375	0.0	-2.9e-5
-246.25	0.0	-2.9e-5
-246.125	0.0	-2.9e-5
-246.0	0.0	-2.8e-5
-245.875	0.0	-2.8e-5
-245.75	0.0	-2.8e-5
-245.625	0.0	-2.8e-5
-245.5	0.0	-2.8e-5
-245.375	0.0	-2.8e-5
-245.25	0.0	-2.8e-5
-245.125	0.0	-2.8e-5
-245.0	0.0	-2.8e-5
-244.875	0.0	-2.7e-5
-244.75	0.0	-2.7e-5
-244.625	0.0	-2.7e-5
-244.5	0.0	-2.7e-5
-244.375	0.0	-2.7e-5
-244.25	0.0	-2.7e-5
-244.125	0.0	-2.7e-5
-244.0	0.0	-2.7e-5
-243.875	0.0	-2.7e-5
-243.75	0.0	-2.6e-5
-243.625	0.0	-2.6e-5
-243.5	0.0	-2.6e-5
-243.375	0.0	-2.6e-5
-243.25	0.0	-2.6e-5
-243.125	0.0	-2.6e-5
-243.0	0.0	-2.6e-5
-242.875	0.0	-2.6e-5
-242.75	0.0	-2.6e-5
-242.625	0.0	-2.6e-5
-242.5	0.0	-2.5e-5
-242.375	0.0	-2.5e-5
-242.25	0.0	-2.5e-5
-242.125	0.0	-2.5e-5
-242.0	0.0	-2.5e-5
-241.875	0.0	-2.5e-5
-241.75	0.0	-2.5e-5
-241.625	0.0	-2.5e-5
-241.5	0.0	-2.5e-5
-241.375	0.0	-2.4e-5
-241.25	0.0	-2.4e-5
-241.125	0.0	-2.4e-5
-241.0	0.0	-2.4e-5
-240.875	0.0	-2.4e-5
-240.75	0.0	-2.4e-5
-240.625	0.0	-2.4e-5
-240.5	0.0	-2.4e-5
-240.375	0.0	-2.4e-5
-240.25	0.0	-2.4e-5
-240.125	0.0	-2.3e-5
-240.0	0.0	-2.3e-5
-239.875	0.0	-2.3e-5
-239.75	0.0	-2.3e-5
-239.625	0.0	-2.3e-5
-239.5	0.0	-2.3e-5
-239.375	0.0	-2.3e-5
-239.25	0.0	-2.3e-5
-239.125	0.0	-2.3e-5
-239.0	0.0	-2.3e-5
-238.875	0.0	-2.2e-5
-238.75	0.0	-2.2e-5
-238.625	0.0	-2.2e-5
-238.5	0.0	-2.2e-5
-238.375	0.0	-2.2e-5
-238.25	0.0	-2.2e-5
-238.125	0.0	-2.2e-5
-238.0	0.0	-2.2e-5
-237.875	0.0	-2.2e-5
-237.75	0.0	-2.2e-5
-237.625	0.0	-2.1e-5
-237.5	0.0	-2.1e-5
-237.375	0.0	-2.1e-5
-237.25	0.0	-2.1e-5
-237.125	0.0	-2.1e-5
-237.0	0.0	-2.1e-5
-236.875	0.0	-2.1e-5
-236.75	0.0	-2.1e-5
-236.625	0.0	-2.1e-5
-236.5	0.0	-2.1e-5
-236.375	0.0	-2.0e-5
-236.25	0.0	-2.0e-5
-236.125	0.0	-2.0e-5
-236.0	0.0	-2.0e-5
-235.875	0.0	-2.0e-5
-235.75	0.0	-2.0e-5
-235.625	0.0	-2.0e-5
-235.5	0.0	-2.0e-5
-235.375	0.0	-2.0e-5
-235.25	0.0	-2.0e-5
-235.125	0.0	-2.0e-5
-235.0	0.0	-1.9e-5
-234.875	0.0	-1.9e-5
-234.75	0.0	-1.9e-5
-234.625	0.0	-1.9e-5
-234.5	0.0	-1.9e-5
-234.375	0.0	-1.9e-5
-234.25	0.0	-1.9e-5
-234.125	0.0	-1.9e-5
-234.0	0.0	-1.9e-5
-233.875	0.0	-1.9e-5
-233.75	0.0	-1.8e-5
-233.625	0.0	-1.8e-5
-233.5	0.0	-1.8e-5
-233.375	0.0	-1.8e-5
-233.25	0.0	-1.8e-5
-233.125	0.0	-1.8e-5
-233.0	0.0	-1.8e-5
-232.875	0.0	-1.8e-5
-232.75	0.0	-1.8e-5
-232.625	0.0	-1.8e-5
-232.5	0.0	-1.8e-5
-232.375	0.0	-1.7e-5
-232.25	0.0	-1.7e-5
-232.125	0.0	-1.7e-5
-232.0	0.0	-1.7e-5
-231.875	0.0	-1.7e-5
-231.75	0.0	-1.7e-5
-231.625	0.0	-1.7e-5
-231.5	0.0	-1.7e-5
-231.375	0.0	-1.7e-5
-231.25	0.0	-1.7e-5
-231.125	0.0	-1.7e-5
-231.0	0.0	-1.6e-5
-230.875	0.0	-1.6e-5
-230.75	0.0	-1.6e-5
-230.625	0.0	-1.6e-5
-230.5	0.0	-1.6e-5
-230.375	0.0	-1.6e-5
-230.25	0.0	-1.6e-5
-230.125	0.0	-1.6e-5
-230.0	0.0	-1.6e-5
-229.875	0.0	-1.6e-5
-229.75	0.0	-1.6e-5
-229.625	0.0	-1.5e-5
-229.5	0.0	-1.5e-5
-229.375	0.0	-1.5e-5
-229.25	0.0	-1.5e-5
-229.125	0.0	-1.5e-5
-229.0	0.0	-1.5e-5
-228.875	0.0	-1.5e-5
-228.75	0.0	-1.5e-5
-228.625	0.0	-1.5e-5
-228.5	0.0	-1.5e-5
-228.375	0.0	-1.5e-5
-228.25	0.0	-1.5e-5
-228.125	0.0	-1.4e-5
-228.0	0.0	-1.4e-5
-227.875	0.0	-1.4e-5
-227.75	0.0	-1.4e-5
-227.625	0.0	-1.4e-5
-227.5	0.0	-1.4e-5
-227.375	0.0	-1.4e-5
-227.25	0.0	-1.4e-5
-227.125	0.0	-1.4e-5
-227.0	0.0	-1.4e-5
-226.875	0.0	-1.4e-5
-226.75	0.0	-1.3e-5
-226.625	0.0	-1.3e-5
-226.5	0.0	-1.3e-5
-226.375	0.0	-1.3e-5
-226.25	0.0	-1.3e-5
-226.125	0.0	-1.3e-5
-226.0	0.0	-1.3e-5
-225.875	0.0	-1.3e-5
-225.75	0.0	-1.3e-5
-225.625	0.0	-1.3e-5
-225.5	0.0	-1.3e-5
-225.375	0.0	-1.3e-5
-225.25	0.0	-1.2e-5
-225.125	0.0	-1.2e-5
-225.0	0.0	-1.2e-5
-224.875	0.0	-1.2e-5
-224.75	0.0	-1.2e-5
-224.625	0.0	-1.2e-5
-224.5	0.0	-1.2e-5
-224.375	0.0	-1.2e-5
-224.25	0.0	-1.2e-5
-224.125	0.0	-1.2e-5
-224.0	0.0	-1.2e-5
-223.875	0.0	-1.2e-5
-223.75	0.0	-1.1e-5
-223.625	0.0	-1.1e-5
-223.5	0.0	-1.1e-5
-223.375	0.0	-1.1e-5
-223.25	0.0	-1.1e-5
-223.125	0.0	-1.1e-5
-223.0	0.0	-1.1e-5
-222.875	0.0	-1.1e-5
-222.75	0.0	-1.1e-5
-222.625	0.0	-1.1e-5
-222.5	0.0	-1.1e-5
-222.375	0.0	-1.1e-5
-222.25	0.0	-1.1e-5
-222.125	0.0	-1.0e-5
-222.0	0.0	-1.0e-5
-221.875	0.0	-1.0e-5
-221.75	0.0	-1.0e-5
-221.625	0.0	-1.0e-5
-221.5	0.0	-1.0e-5
-221.375	0.0	-1.0e-5
-221.25	0.0	-1.0e-5
-221.125	0.0	-1.0e-5
-221.0	0.0	-1.0e-5
-220.875	0.0	-1.0e-5
-220.75	0.0	-1.0e-5
-220.625	0.0	-9.0e-6
-220.5	0.0	-9.0e-6
-220.375	0.0	-9.0e-6
-220.25	0.0	-9.0e-6
-220.125	0.0	-9.0e-6
-220.0	0.0	-9.0e-6
-219.875	0.0	-9.0e-6
-219.75	0.0	-9.0e-6
-219.625	0.0	-9.0e-6
-219.5	0.0	-9.0e-6
-219.375	0.0	-9.0e-6
-219.25	0.0	-9.0e-6
-219.125	0.0	-9.0e-6
-219.0	0.0	-8.0e-6
-218.875	0.0	-8.0e-6
-218.75	0.0	-8.0e-6
-218.625	0.0	-8.0e-6
-218.5	0.0	-8.0e-6
-218.375	0.0	-8.0e-6
-218.25	0.0	-8.0e-6
-218.125	0.0	-8.0e-6
-218.0	0.0	-8.0e-6
-217.875	0.0	-8.0e-6
-217.75	0.0	-8.0e-6
-217.625	0.0	-8.0e-6
-217.5	0.0	-8.0e-6
-217.375	0.0	-7.0e-6
-217.25	0.0	-7.0e-6
-217.125	0.0	-7.0e-6
-217.0	0.0	-7.0e-6
-216.875	0.0	-7.0e-6
-216.75	0.0	-7.0e-6
-216.625	0.0	-7.0e-6
-216.5	0.0	-7.0e-6
-216.375	0.0	-7.0e-6
-216.25	0.0	-7.0e-6
-216.125	0.0	-7.0e-6
-216.0	0.0	-7.0e-6
-215.875	0.0	-7.0e-6
-215.75	0.0	-7.0e-6
-215.625	0.0	-6.0e-6
-215.5	0.0	-6.0e-6
-215.375	0.0	-6.0e-6
-215.25	0.0	-6.0e-6
-215.125	0.0	-6.0e-6
-215.0	0.0	-6.0e-6
-214.875	0.0	-6.0e-6
-214.75	0.0	-6.0e-6
-214.625	0.0	-6.0e-6
-214.5	0.0	-6.0e-6
-214.375	0.0	-6.0e-6
-214.25	0.0	-6.0e-6
-214.125	0.0	-6.0e-6
-214.0	0.0	-5.0e-6
-213.875	0.0	-5.0e-6
-213.75	0.0	-5.0e-6
-213.625	0.0	-5.0e-6
-213.5	0.0	-5.0e-6
-213.375	0.0	-5.0e-6
-213.25	0.0	-5.0e-6
-213.125	0.0	-5.0e-6
-213.0	0.0	-5.0e-6
-212.875	0.0	-5.0e-6
-212.75	0.0	-5.0e-6
-212.625	0.0	-5.0e-6
-212.5	0.0	-5.0e-6
-212.375	0.0	-5.0e-6
-212.25	0.0	-4.0e-6
-212.125	0.0	-4.0e-6
-212.0	0.0	-4.0e-6
-211.875	0.0	-4.0e-6
-211.75	0.0	-4.0e-6
-211.625	0.0	-4.0e-6
-211.5	0.0	-4.0e-6
-211.375	0.0	-4.0e-6
-211.25	0.0	-4.0e-6
-211.125	0.0	-4.0e-6
-211.0	0.0	-4.0e-6
-210.875	0.0	-4.0e-6
-210.75	0.0	-4.0e-6
-210.625	0.0	-4.0e-6
-210.5	0.0	-3.0e-6
-210.375	0.0	-3.0e-6
-210.25	0.0	-3.0e-6
-210.125	0.0	-3.0e-6
-210.0	0.0	-3.0e-6
-209.875	0.0	-3.0e-6
-209.75	0.0	-3.0e-6
-209.625	0.0	-3.0e-6
-209.5	0.0	-3.0e-6
-209.375	0.0	-3.0e-6
-209.25	0.0	-3.0e-6
-209.125	0.0	-3.0e-6
-209.0	0.0	-3.0e-6
-208.875	0.0	-3.0e-6
-208.75	0.0	-2.0e-6
-208.625	0.0	-2.0e-6
-208.5	0.0	-2.0e-6
-208.375	0.0	-2.0e-6
-208.25	0.0	-2.0e-6
-208.125	0.0	-2.0e-6
-208.0	0.0	-2.0e-6
-207.875	0.0	-2.0e-6
-207.75	0.0	-2.0e-6
-207.625	0.0	-2.0e-6
-207.5	0.0	-2.0e-6
-207.375	0.0	-2.0e-6
-207.25	0.0	-2.0e-6
-207.125	0.0	-2.0e-6
-207.0	0.0	-2.0e-6
-206.875	0.0	-1.0e-6
-206.75	0.0	-1.0e-6
-206.625	0.0	-1.0e-6
-206.5	0.0	-1.0e-6
-206.375	0.0	-1.0e-6
-206.25	0.0	-1.0e-6
-206.125	0.0	-1.0e-6
-206.0	0.0	-1.0e-6
-205.875	0.0	0.0
-205.75	0.0	0.0
-205.625	0.0	0.0
-205.5	0.0	0.0
-205.375	0.0	0.0
-205.25	0.0	0.0
-205.125	0.0	0.0
-205.0	0.0	0.0
-204.875	0.0	0.0
-204.75	0.0	0.0
-204.625	0.0	0.0
-204.5	0.0	0.0
-204.375	0.0	0.0
-204.25	0.0	0.0
-204.125	0.0	0.0
-204.0	0.0	0.0
-203.875	0.0	0.0
-203.75	0.0	0.0
-203.625	0.0	0.0
-203.5	0.0	0.0
-203.375	0.0	0.0
-203.25	0.0	0.0
-203.125	0.0	0.0
-203.0	0.0	0.0
-202.875	0.0	0.0
-202.75	0.0	0.0
-202.625	0.0	0.0
-202.5	0.0	0.0
-202.375	0.0	0.0
-202.25	0.0	0.0
-202.125	0.0	1.0e-6
-202.0	0.0	1.0e-6
-201.875	0.0	1.0e-6
-201.75	0.0	1.0e-6
-201.625	0.0	1.0e-6
-201.5	0.0	1.0e-6
-201.375	0.0	1.0e-6
-201.25	0.0	1.0e-6
-201.125	0.0	2.0e-6
-201.0	0.0	2.0e-6
-200.875	0.0	2.0e-6
-200.75	0.0	2.0e-6
-200.625	0.0	2.0e-6
-200.5	0.0	2.0e-6
-200.375	0.0	2.0e-6
-200.25	0.0	2.0e-6
-200.125	0.0	2.0e-6
-200.0	0.0	2.0e-6
-199.875	0.0	2.0e-6
-199.75	0.0	2.0e-6
-199.625	0.0	2.0e-6
-199.5	0.0	2.0e-6
-199.375	0.0	2.0e-6
-199.25	0.0	3.0e-6
-199.125	0.0	3.0e-6
-199.0	0.0	3.0e-6
-198.875	0.0	3.0e-6
-198.75	0.0	3.0e-6
-198.625	0.0	3.0e-6
-198.5	0.0	3.0e-6
-198.375	0.0	3.0e-6
-198.25	0.0	3.0e-6
-198.125	0.0	3.0e-6
-198.0	0.0	3.0e-6
-197.875	0.0	3.0e-6
-197.75	0.0	3.0e-6
-197.625	0.0	3.0e-6
-197.5	0.0	3.0e-6
-197.375	0.0	3.0e-6
-197.25	0.0	4.0e-6
-197.125	0.0	4.0e-6
-197.0	0.0	4.0e-6
-196.875	0.0	4.0e-6
-196.75	0.0	4.0e-6
-196.625	0.0	4.0e-6
-196.5	0.0	4.0e-6
-196.375	0.0	4.0e-6
-196.25	0.0	4.0e-6
-196.125	0.0	4.0e-6
-196.0	0.0	4.0e-6
-195.875	0.0	4.0e-6
-195.75	0.0	4.0e-6
-195.625	0.0	4.0e-6
-195.5	0.0	4.0e-6
-195.375	0.0	4.0e-6
-195.25	0.0	4.0e-6
-195.125	0.0	5.0e-6
-195.0	0.0	5.0e-6
-194.875	0.0	5.0e-6
-194.75	0.0	5.0e-6
-194.625	0.0	5.0e-6
-194.5	0.0	5.0e-6
-194.375	0.0	5.0e-6
-194.25	0.0	5.0e-6
-194.125	0.0	5.0e-6
-194.0	0.0	5.0e-6
-193.875	0.0	5.0e-6
-193.75	0.0	5.0e-6
-193.625	0.0	5.0e-6
-193.5	0.0	5.0e-6
-193.375	0.0	5.0e-6
-193.25	0.0	5.0e-6
-193.125	0.0	5.0e-6
-193.0	0.0	6.0e-6
-192.875	0.0	6.0e-6
-192.75	0.0	6.0e-6
-192.625	0.0	6.0e-6
-192.5	0.0	6.0e-6
-192.375	0.0	6.0e-6
-192.25	0.0	6.0e-6
-192.125	0.0	6.0e-6
-192.0	0.0	6.0e-6
-191.875	0.0	6.0e-6
-191.75	0.0	6.0e-6
-191.625	0.0	6.0e-6
-191.5	0.0	6.0e-6
-191.375	0.0	6.0e-6
-191.25	0.0	6.0e-6
-191.125	0.0	6.0e-6
-191.0	0.0	7.0e-6
-190.875	0.0	7.0e-6
-190.75	0.0	7.0e-6
-190.625	0.0	7.0e-6
-190.5	0.0	7.0e-6
-190.375	0.0	7.0e-6
-190.25	0.0	7.0e-6
-190.125	0.0	7.0e-6
-190.0	0.0	7.0e-6
-189.875	0.0	7.0e-6
-189.75	0.0	7.0e-6
-189.625	0.0	7.0e-6
-189.5	0.0	7.0e-6
-189.375	0.0	7.0e-6
-189.25	0.0	7.0e-6
-189.125	0.0	7.0e-6
-189.0	0.0	7.0e-6
-188.875	0.0	7.0e-6
-188.75	0.0	8.0e-6
-188.625	0.0	8.0e-6
-188.5	0.0	8.0e-6
-188.375	0.0	8.0e-6
-188.25	0.0	8.0e-6
-188.125	0.0	8.0e-6
-188.0	0.0	8.0e-6
-187.875	0.0	8.0e-6
-187.75	0.0	8.0e-6
-187.625	0.0	8.0e-6
-187.5	0.0	8.0e-6
-187.375	0.0	8.0e-6
-187.25	0.0	8.0e-6
-187.125	0.0	8.0e-6
-187.0	0.0	8.0e-6
-186.875	0.0	8.0e-6
-186.75	0.0	8.0e-6
-186.625	0.0	9.0e-6
-186.5	0.0	9.0e-6
-186.375	0.0	9.0e-6
-186.25	0.0	9.0e-6
-186.125	0.0	9.0e-6
-186.0	0.0	9.0e-6
-185.875	0.0	9.0e-6
-185.75	0.0	9.0e-6
-185.625	0.0	9.0e-6
-185.5	0.0	9.0e-6
-185.375	0.0	9.0e-6
-185.25	0.0	9.0e-6
-185.125	0.0	9.0e-6
-185.0	0.0	9.0e-6
-184.875	0.0	9.0e-6
-184.75	0.0	9.0e-6
-184.625	0.0	9.0e-6
-184.5	0.0	9.0e-6
-184.375	0.0	1.0e-5
-184.25	0.0	1.0e-5
-184.125	0.0	1.0e-5
-184.0	0.0	1.0e-5
-183.875	0.0	1.0e-5
-183.75	0.0	1.0e-5
-183.625	0.0	1.0e-5
-183.5	0.0	1.0e-5
-183.375	0.0	1.0e-5
-183.25	0.0	1.0e-5
-183.125	0.0	1.0e-5
-183.0	0.0	1.0e-5
-182.875	0.0	1.0e-5
-182.75	0.0	1.0e-5
-182.625	0.0	1.0e-5
-182.5	0.0	1.0e-5
-182.375	0.0	1.0e-5
-182.25	0.0	1.0e-5
-182.125	0.0	1.1e-5
-182.0	0.0	1.1e-5
-181.875	0.0	1.1e-5
-181.75	0.0	1.1e-5
-181.625	0.0	1.1e-5
-181.5	0.0	1.1e-5
-181.375	0.0	1.1e-5
-181.25	0.0	1.1e-5
-181.125	0.0	1.1e-5
-181.0	0.0	1.1e-5
-180.875	0.0	1.1e-5
-180.75	0.0	1.1e-5
-180.625	0.0	1.1e-5
-180.5	0.0	1.1e-5
-180.375	0.0	1.1e-5
-180.25	0.0	1.1e-5
-180.125	0.0	1.1e-5
-180.0	0.0	1.1e-5
-179.875	0.0	1.1e-5
-179.75	0.0	1.2e-5
-179.625	0.0	1.2e-5
-179.5	0.0	1.2e-5
-179.375	0.0	1.2e-5
-179.25	0.0	1.2e-5
-179.125	0.0	1.2e-5
-179.0	0.0	1.2e-5
-178.875	0.0	1.2e-5
-178.75	0.0	1.2e-5
-178.625	0.0	1.2e-5
-178.5	0.0	1.2e-5
-178.375	0.0	1.2e-5
-178.25	0.0	1.2e-5
-178.125	0.0	1.2e-5
-178.0	0.0	1.2e-5
-177.875	0.0	1.2e-5
-177.75	0.0	1.2e-5
-177.625	0.0	1.2e-5
-177.5	0.0	1.2e-5
-177.375	0.0	1.3e-5
-177.25	0.0	1.3e-5
-177.125	0.0	1.3e-5
-177.0	0.0	1.3e-5
-176.875	0.0	1.3e-5
-176.75	0.0	1.3e-5
-176.625	0.0	1.3e-5
-176.5	0.0	1.3e-5
-176.375	0.0	1.3e-5
-176.25	0.0	1.3e-5
-176.125	0.0	1.3e-5
-176.0	0.0	1.3e-5
-175.875	0.0	1.3e-5
-175.75	0.0	1.3e-5
-175.625	0.0	1.3e-5
-175.5	0.0	1.3e-5
-175.375	0.0	1.3e-5
-175.25	0.0	1.3e-5
-175.125	0.0	1.3e-5
-175.0	0.0	1.4e-5
-174.875	0.0	1.4e-5
-174.75	0.0	1.4e-5
-174.625	0.0	1.4e-5
-174.5	0.0	1.4e-5
-174.375	0.0	1.4e-5
-174.25	0.0	1.4e-5
-174.125	0.0	1.4e-5
-174.0	0.0	1.4e-5
-173.875	0.0	1.4e-5
-173.75	0.0	1.4e-5
-173.625	0.0	1.4e-5
-173.5	0.0	1.4e-5
-173.375	0.0	1.4e-5
-173.25	0.0	1.4e-5
-173.125	0.0	1.4e-5
-173.0	0.0	1.4e-5
-172.875	0.0	1.4e-5
-172.75	0.0	1.4e-5
-172.625	0.0	1.5e-5
-172.5	0.0	1.5e-5
-172.375	0.0	1.5e-5
-172.25	0.0	1.5e-5
-172.125	0.0	1.5e-5
-172.0	0.0	1.5e-5
-171.875	0.0	1.5e-5
-171.75	0.0	1.5e-5
-171.625	0.0	1.5e-5
-171.5	0.0	1.5e-5
-171.375	0.0	1.5e-5
-171.25	0.0	1.5e-5
-171.125	0.0	1.5e-5
-171.0	0.0	1.5e-5
-170.875	0.0	1.5e-5
-170.75	0.0	1.5e-5
-170.625	0.0	1.5e-5
-170.5	0.0	1.5e-5
-170.375	0.0	1.5e-5
-170.25	0.0	1.5e-5
-170.125	0.0	1.6e-5
-170.0	0.0	1.6e-5
-169.875	0.0	1.6e-5
-169.75	0.0	1.6e-5
-169.625	0.0	1.6e-5
-169.5	0.0	1.6e-5
-169.375	0.0	1.6e-5
-169.25	0.0	1.6e-5
-169.125	0.0	1.6e-5
-169.0	0.0	1.6e-5
-168.875	0.0	1.6e-5
-168.75	0.0	1.6e-5
-168.625	0.0	1.6e-5
-168.5	0.0	1.6e-5
-168.375	0.0	1.6e-5
-168.25	0.0	1.6e-5
-168.125	0.0	1.6e-5
-168.0	0.0	1.6e-5
-167.875	0.0	1.6e-5
-167.75	0.0	1.6e-5
-167.625	0.0	1.7e-5
-167.5	0.0	1.7e-5
-167.375	0.0	1.7e-5
-167.25	0.0	1.7e-5
-167.125	0.0	1.7e-5
-167.0	0.0	1.7e-5
-166.875	0.0	1.7e-5
-166.75	0.0	1.7e-5
-166.625	0.0	1.7e-5
-166.5	0.0	1.7e-5
-166.375	0.0	1.7e-5
-166.25	0.0	1.7e-5
-166.125	0.0	1.7e-5
-166.0	0.0	1.7e-5
-165.875	0.0	1.7e-5
-165.75	0.0	1.7e-5
-165.625	0.0	1.7e-5
-165.5	0.0	1.7e-5
-165.375	0.0	1.7e-5
-165.25	0.0	1.7e-5
-165.125	0.0	1.8e-5
-165.0	0.0	1.8e-5
-164.875	0.0	1.8e-5
-164.75	0.0	1.8e-5
-164.625	0.0	1.8e-5
-164.5	0.0	1.8e-5
-164.375	0.0	1.8e-5
-164.25	0.0	1.8e-5
-164.125	0.0	1.8e-5
-164.0	0.0	1.8e-5
-163.875	0.0	1.8e-5
-163.75	0.0	1.8e-5
-163.625	0.0	1.8e-5
-163.5	0.0	1.8e-5
-163.375	0.0	1.8e-5
-163.25	0.0	1.8e-5
-163.125	0.0	1.8e-5
-163.0	0.0	1.8e-5
-162.875	0.0	1.8e-5
-162.75	0.0	1.8e-5
-162.625	0.0	1.8e-5
-162.5	0.0	1.9e-5
-162.375	0.0	1.9e-5
-162.25	0.0	1.9e-5
-162.125	0.0	1.9e-5
-162.0	0.0	1.9e-5
-161.875	0.0	1.9e-5
-161.75	0.0	1.9e-5
-161.625	0.0	1.9e-5
-161.5	0.0	1.9e-5
-161.375	0.0	1.9e-5
-161.25	0.0	1.9e-5
-161.125	0.0	1.9e-5
-161.0	0.0	1.9e-5
-160.875	0.0	1.9e-5
-160.75	0.0	1.9e-5
-160.625	0.0	1.9e-5
-160.5	0.0	1.9e-5
-160.375	0.0	1.9e-5
-160.25	0.0	1.9e-5
-160.125	0.0	1.9e-5
-160.0	0.0	1.9e-5
-159.875	0.0	2.0e-5
-159.75	0.0	2.0e-5
-159.625	0.0	2.0e-5
-159.5	0.0	2.0e-5
-159.375	0.0	2.0e-5
-159.25	0.0	2.0e-5
-159.125	0.0	2.0e-5
-159.0	0.0	2.0e-5
-158.875	0.0	2.0e-5
-158.75	0.0	2.0e-5
-158.625	0.0	2.0e-5
-158.5	0.0	2.0e-5
-158.375	0.0	2.0e-5
-158.25	0.0	2.0e-5
-158.125	0.0	2.0e-5
-158.0	0.0	2.0e-5
-157.875	0.0	2.0e-5
-157.75	0.0	2.0e-5
-157.625	0.0	2.0e-5
-157.5	0.0	2.0e-5
-157.375	0.0	2.0e-5
-157.25	0.0	2.1e-5
-157.125	0.0	2.1e-5
-157.0	0.0	2.1e-5
-156.875	0.0	2.1e-5
-156.75	0.0	2.1e-5
-156.625	0.0	2.1e-5
-156.5	0.0	2.1e-5
-156.375	0.0	2.1e-5
-156.25	0.0	2.1e-5
-156.125	0.0	2.1e-5
-156.0	0.0	2.1e-5
-155.875	0.0	2.1e-5
-155.75	0.0	2.1e-5
-155.625	0.0	2.1e-5
-155.5	0.0	2.1e-5
-155.375	0.0	2.1e-5
-155.25	0.0	2.1e-5
-155.125	0.0	2.1e-5
-155.0	0.0	2.1e-5
-154.875	0.0	2.1e-5
-154.75	0.0	2.1e-5
-154.625	0.0	2.1e-5
-154.5	0.0	2.2e-5
-154.375	0.0	2.2e-5
-154.25	0.0	2.2e-5
-154.125	0.0	2.2e-5
-154.0	0.0	2.2e-5
-153.875	0.0	2.2e-5
-153.75	0.0	2.2e-5
-153.625	0.0	2.2e-5
-153.5	0.0	2.2e-5
-153.375	0.0	2.2e-5
-153.25	0.0	2.2e-5
-153.125	0.0	2.2e-5
-153.0	0.0	2.2e-5
-152.875	0.0	2.2e-5
-152.75	0.0	2.2e-5
-152.625	0.0	2.2e-5
-152.5	0.0	2.2e-5
-152.375	0.0	2.2e-5
-152.25	0.0	2.2e-5
-152.125	0.0	2.2e-5
-152.0	0.0	2.2e-5
-151.875	0.0	2.2e-5
-151.75	0.0	2.3e-5
-151.625	0.0	2.3e-5
-151.5	0.0	2.3e-5
-151.375	0.0	2.3e-5
-151.25	0.0	2.3e-5
-151.125	0.0	2.3e-5
-151.0	0.0	2.3e-5
-150.875	0.0	2.3e-5
-150.75	0.0	2.3e-5
-150.625	0.0	2.3e-5
-150.5	0.0	2.3e-5
-150.375	0.0	2.3e-5
-150.25	0.0	2.3e-5
-150.125	0.0	2.3e-5
-150.0	0.0	2.3e-5
-149.875	0.0	2.3e-5
-149.75	0.0	2.3e-5
-149.625	0.0	2.3e-5
-149.5	0.0	2.3e-5
-149.375	0.0	2.3e-5
-149.25	0.0	2.3e-5
-149.125	0.0	2.3e-5
-149.0	0.0	2.4e-5
-148.875	0.0	2.4e-5
-148.75	0.0	2.4e-5
-148.625	0.0	2.4e-5
-148.5	0.0	2.4e-5
-148.375	0.0	2.4e-5
-148.25	0.0	2.4e-5
-148.125	0.0	2.4e-5
-148.0	0.0	2.4e-5
-147.875	0.0	2.4e-5
-147.75	0.0	2.4e-5
-147.625	0.0	2.4e-5
-147.5	0.0	2.4e-5
-147.375	0.0	2.4e-5
-147.25	0.0	2.4e-5
-147.125	0.0	2.4e-5
-147.0	0.0	2.4e-5
-146.875	0.0	2.4e-5
-146.75	0.0	2.4e-5
-146.625	0.0	2.4e-5
-146.5	0.0	2.4e-5
-146.375	0.0	2.4e-5
-146.25	0.0	2.4e-5
-146.125	0.0	2.5e-5
-146.0	0.0	2.5e-5
-145.875	0.0	2.5e-5
-145.75	0.0	2.5e-5
-145.625	0.0	2.5e-5
-145.5	0.0	2.5e-5
-145.375	0.0	2.5e-5
-145.25	0.0	2.5e-5
-145.125	0.0	2.5e-5
-145.0	0.0	2.5e-5
-144.875	0.0	2.5e-5
-144.75	0.0	2.5e-5
-144.625	0.0	2.5e-5
-144.5	0.0	2.5e-5
-144.375	0.0	2.5e-5
-144.25	0.0	2.5e-5
-144.125	0.0	2.5e-5
-144.0	0.0	2.5e-5
-143.875	0.0	2.5e-5
-143.75	0.0	2.5e-5
-143.625	0.0	2.5e-5
-143.5	0.0	2.5e-5
-143.375	0.0	2.6e-5
-143.25	0.0	2.6e-5
-143.125	0.0	2.6e-5
-143.0	0.0	2.6e-5
-142.875	0.0	2.6e-5
-142.75	0.0	2.6e-5
-142.625	0.0	2.6e-5
-142.5	0.0	2.6e-5
-142.375	0.0	2.6e-5
-142.25	0.0	2.6e-5
-142.125	0.0	2.6e-5
-142.0	0.0	2.6e-5
-141.875	0.0	2.6e-5
-141.75	0.0	2.6e-5
-141.625	0.0	2.6e-5
-141.5	0.0	2.6e-5
-141.375	0.0	2.6e-5
-141.25	0.0	2.6e-5
-141.125	0.0	2.6e-5
-141.0	0.0	2.6e-5
-140.875	0.0	2.6e-5
-140.75	0.0	2.6e-5
-140.625	0.0	2.6e-5
-140.5	0.0	2.7e-5
-140.375	0.0	2.7e-5
-140.25	0.0	2.7e-5
-140.125	0.0	2.7e-5
-140.0	0.0	2.7e-5
-139.875	0.0	2.7e-5
-139.75	0.0	2.7e-5
-139.625	0.0	2.7e-5
-139.5	0.0	2.7e-5
-139.375	0.0	2.7e-5
-139.25	0.0	2.7e-5
-139.125	0.0	2.7e-5
-139.0	0.0	2.7e-5
-138.875	0.0	2.7e-5
-138.75	0.0	2.7e-5
-138.625	0.0	2.7e-5
-138.5	0.0	2.7e-5
-138.375	0.0	2.7e-5
-138.25	0.0	2.7e-5
-138.125	0.0	2.7e-5
-138.0	0.0	2.7e-5
-137.875	0.0	2.7e-5
-137.75	0.0	2.7e-5
-137.625	0.0	2.7e-5
-137.5	0.0	2.8e-5
-137.375	0.0	2.8e-5
-137.25	0.0	2.8e-5
-137.125	0.0	2.8e-5
-137.0	0.0	2.8e-5
-136.875	0.0	2.8e-5
-136.75	0.0	2.8e-5
-136.625	0.0	2.8e-5
-136.5	0.0	2.8e-5
-136.375	0.0	2.8e-5
-136.25	0.0	2.8e-5
-136.125	0.0	2.8e-5
-136.0	0.0	2.8e-5
-135.875	0.0	2.8e-5
-135.75	0.0	2.8e-5
-135.625	0.0	2.8e-5
-135.5	0.0	2.8e-5
-135.375	0.0	2.8e-5
-135.25	0.0	2.8e-5
-135.125	0.0	2.8e-5
-135.0	0.0	2.8e-5
-134.875	0.0	2.8e-5
-134.75	0.0	2.8e-5
-134.625	0.0	2.9e-5
-134.5	0.0	2.9e-5
-134.375	0.0	2.9e-5
-134.25	0.0	2.9e-5
-134.125	0.0	2.9e-5
-134.0	0.0	2.9e-5
-133.875	0.0	2.9e-5
-133.75	0.0	2.9e-5
-133.625	0.0	2.9e-5
-133.5	0.0	2.9e-5
-133.375	0.0	2.9e-5
-133.25	0.0	2.9e-5
-133.125	0.0	2.9e-5
-133.0	0.0	2.9e-5
-132.875	0.0	2.9e-5
-132.75	0.0	2.9e-5
-132.625	0.0	2.9e-5
-132.5	0.0	2.9e-5
-132.375	0.0	2.9e-5
-132.25	0.0	2.9e-5
-132.125	0.0	2.9e-5
-132.0	0.0	2.9e-5
-131.875	0.0	2.9e-5
-131.75	0.0	2.9e-5
-131.625	0.0	3.0e-5
-131.5	0.0	3.0e-5
-131.375	0.0	3.0e-5
-131.25	0.0	3.0e-5
-131.125	0.0	3.0e-5
-131.0	0.0	3.0e-5
-130.875	0.0	3.0e-5
-130.75	0.0	3.0e-5
-130.625	0.0	3.0e-5
-130.5	0.0	3.0e-5
-130.375	0.0	3.0e-5
-130.25	0.0	3.0e-5
-130.125	0.0	3.0e-5
-130.0	0.0	3.0e-5
-129.875	0.0	3.0e-5
-129.75	0.0	3.0e-5
-129.625	0.0	3.0e-5
-129.5	0.0	3.0e-5
-129.375	0.0	3.0e-5
-129.25	0.0	3.0e-5
-129.125	0.0	3.0e-5
-129.0	0.0	3.0e-5
-128.875	0.0	3.0e-5
-128.75	0.0	3.0e-5
-128.625	0.0	3.1e-5
-128.5	0.0	3.1e-5
-128.375	0.0	3.1e-5
-128.25	0.0	3.1e-5
-128.125	0.0	3.1e-5
-128.0	0.0	3.1e-5
-127.875	0.0	3.1e-5
-127.75	0.0	3.1e-5
-127.625	0.0	3.1e-5
-127.5	0.0	3.1e-5
-127.375	0.0	3.1e-5
-127.25	0.0	3.1e-5
-127.125	0.0	3.1e-5
-127.0	0.0	3.1e-5
-126.875	0.0	3.1e-5
-126.75	0.0	3.1e-5
-126.625	0.0	3.1e-5
-126.5	0.0	3.1e-5
-126.375	0.0	3.1e-5
-126.25	0.0	3.1e-5
-126.125	0.0	3.1e-5
-126.0	0.0	3.1e-5
-125.875	0.0	3.1e-5
-125.75	0.0	3.1e-5
-125.625	0.0	3.2e-5
-125.5	0.0	3.2e-5
-125.375	0.0	3.2e-5
-125.25	0.0	3.2e-5
-125.125	0.0	3.2e-5
-125.0	0.0	3.2e-5
-124.875	0.0	3.2e-5
-124.75	0.0	3.2e-5
-124.625	0.0	3.2e-5
-124.5	0.0	3.2e-5
-124.375	0.0	3.2e-5
-124.25	0.0	3.2e-5
-124.125	0.0	3.2e-5
-124.0	0.0	3.2e-5
-123.875	0.0	3.2e-5
-123.75	0.0	3.2e-5
-123.625	0.0	3.2e-5
-123.5	0.0	3.2e-5
-123.375	0.0	3.2e-5
-123.25	0.0	3.2e-5
-123.125	0.0	3.2e-5
-123.0	0.0	3.2e-5
-122.875	0.0	3.2e-5
-122.75	0.0	3.2e-5
-122.625	0.0	3.3e-5
-122.5	0.0	3.3e-5
-122.375	0.0	3.3e-5
-122.25	0.0	3.3e-5
-122.125	0.0	3.3e-5
-122.0	0.0	3.3e-5
-121.875	0.0	3.3e-5
-121.75	0.0	3.3e-5
-121.625	0.0	3.3e-5
-121.5	0.0	3.3e-5
-121.375	0.0	3.3e-5
-121.25	0.0	3.3e-5
-121.125	0.0	3.3e-5
-121.0	0.0	3.3e-5
-120.875	0.0	3.3e-5
-120.75	0.0	3.3e-5
-120.625	0.0	3.3e-5
-120.5	0.0	3.3e-5
-120.375	0.0	3.3e-5
-120.25	0.0	3.3e-5
-120.125	0.0	3.3e-5
-120.0	0.0	3.3e-5
-119.875	0.0	3.3e-5
-119.75	0.0	3.3e-5
-119.625	0.0	3.3e-5
-119.5	0.0	3.4e-5
-119.375	0.0	3.4e-5
-119.25	0.0	3.4e-5
-119.125	0.0	3.4e-5
-119.0	0.0	3.4e-5
-118.875	0.0	3.4e-5
-118.75	0.0	3.4e-5
-118.625	0.0	3.4e-5
-118.5	0.0	3.4e-5
-118.375	0.0	3.4e-5
-118.25	0.0	3.4e-5
-118.125	0.0	3.4e-5
-118.0	0.0	3.4e-5
-117.875	0.0	3.4e-5
-117.75	0.0	3.4e-5
-117.625	0.0	3.4e-5
-117.5	0.0	3.4e-5
-117.375	0.0	3.4e-5
-117.25	0.0	3.4e-5
-117.125	0.0	3.4e-5
-117.0	0.0	3.4e-5
-116.875	0.0	3.4e-5
-116.75	0.0	3.4e-5
-116.625	0.0	3.4e-5
-116.5	0.0	3.5e-5
-116.375	0.0	3.5e-5
-116.25	0.0	3.5e-5
-116.125	0.0	3.5e-5
-116.0	0.0	3.5e-5
-115.875	0.0	3.5e-5
-115.75	0.0	3.5e-5
-115.625	0.0	3.5e-5
-115.5	0.0	3.5e-5
-115.375	0.0	3.5e-5
-115.25	0.0	3.5e-5
-115.125	0.0	3.5e-5
-115.0	0.0	3.5e-5
-114.875	0.0	3.5e-5
-114.75	0.0	3.5e-5
-114.625	0.0	3.5e-5
-114.5	0.0	3.5e-5
-114.375	0.0	3.5e-5
-114.25	0.0	3.5e-5
-114.125	0.0	3.5e-5
-114.0	0.0	3.5e-5
-113.875	0.0	3.5e-5
-113.75	0.0	3.5e-5
-113.625	0.0	3.5e-5
-113.5	0.0	3.5e-5
-113.375	0.0	3.6e-5
-113.25	0.0	3.6e-5
-113.125	0.0	3.6e-5
-113.0	0.0	3.6e-5
-112.875	0.0	3.6e-5
-112.75	0.0	3.6e-5
-112.625	0.0	3.6e-5
-112.5	0.0	3.6e-5
-112.375	0.0	3.6e-5
-112.25	0.0	3.6e-5
-112.125	0.0	3.6e-5
-112.0	0.0	3.6e-5
-111.875	0.0	3.6e-5
-111.75	0.0	3.6e-5
-111.625	0.0	3.6e-5
-111.5	0.0	3.6e-5
-111.375	0.0	3.6e-5
-111.25	0.0	3.6e-5
-111.125	0.0	3.6e-5
-111.0	0.0	3.6e-5
-110.875	0.0	3.6e-5
-110.75	0.0	3.6e-5
-110.625	0.0	3.6e-5
-110.5	0.0	3.6e-5
-110.375	0.0	3.6e-5
-110.25	0.0	3.7e-5
-110.125	0.0	3.7e-5
-110.0	0.0	3.7e-5
-109.875	0.0	3.7e-5
-109.75	0.0	3.7e-5
-109.625	0.0	3.7e-5
-109.5	0.0	3.7e-5
-109.375	0.0	3.7e-5
-109.25	0.0	3.7e-5
-109.125	0.0	3.7e-5
-109.0	0.0	3.7e-5
-108.875	0.0	3.7e-5
-108.75	0.0	3.7e-5
-108.625	0.0	3.7e-5
-108.5	0.0	3.7e-5
-108.375	0.0	3.7e-5
-108.25	0.0	3.7e-5
-108.125	0.0	3.7e-5
-108.0	0.0	3.7e-5
-107.875	0.0	3.7e-5
-107.75	0.0	3.7e-5
-107.625	0.0	3.7e-5
-107.5	0.0	3.7e-5
-107.375	0.0	3.7e-5
-107.25	0.0	3.7e-5
-107.125	0.0	3.8e-5
-107.0	0.0	3.8e-5
-106.875	0.0	3.8e-5
-106.75	0.0	3.8e-5
-106.625	0.0	3.8e-5
-106.5	0.0	3.8e-5
-106.375	0.0	3.8e-5
-106.25	0.0	3.8e-5
-106.125	0.0	3.8e-5
-106.0	0.0	3.8e-5
-105.875	0.0	3.8e-5
-105.75	0.0	3.8e-5
-105.625	0.0	3.8e-5
-105.5	0.0	3.8e-5
-105.375	0.0	3.8e-5
-105.25	0.0	3.8e-5
-105.125	0.0	3.8e-5
-105.0	0.0	3.8e-5
-104.875	0.0	3.8e-5
-104.75	0.0	3.8e-5
-104.625	0.0	3.8e-5
-104.5	0.0	3.8e-5
-104.375	0.0	3.8e-5
-104.25	0.0	3.8e-5
-104.125	0.0	3.8e-5
-104.0	0.0	3.9e-5
-103.875	0.0	3.9e-5
-103.75	0.0	3.9e-5
-103.625	0.0	3.9e-5
-103.5	0.0	3.9e-5
-103.375	0.0	3.9e-5
-103.25	0.0	3.9e-5
-103.125	0.0	3.9e-5
-103.0	0.0	3.9e-5
-102.875	0.0	3.9e-5
-102.75	0.0	3.9e-5
-102.625	0.0	3.9e-5
-102.5	0.0	3.9e-5
-102.375	0.0	3.9e-5
-102.25	0.0	3.9e-5
-102.125	0.0	3.9e-5
-102.0	0.0	3.9e-5
-101.875	0.0	3.9e-5
-101.75	0.0	3.9e-5
-101.625	0.0	3.9e-5
-101.5	0.0	3.9e-5
-101.375	0.0	3.9e-5
-101.25	0.0	3.9e-5
-101.125	0.0	3.9e-5
-101.0	0.0	3.9e-5
-100.875	0.0	3.9e-5
-100.75	0.0	4.0e-5
-100.625	0.0	4.0e-5
-100.5	0.0	4.0e-5
-100.375	0.0	4.0e-5
-100.25	0.0	4.0e-5
-100.125	0.0	4.0e-5
-100.0	0.0	4.0e-5
-99.875	0.0	4.0e-5
-99.75	0.0	4.0e-5
-99.625	0.0	4.0e-5
-99.5	0.0	4.0e-5
-99.375	0.0	4.0e-5
-99.25	0.0	4.0e-5
-99.125	0.0	4.0e-5
-99.0	0.0	4.0e-5
-98.875	0.0	4.0e-5
-98.75	0.0	4.0e-5
-98.625	0.0	4.0e-5
-98.5	0.0	4.0e-5
-98.375	0.0	4.0e-5
-98.25	0.0	4.0e-5
-98.125	0.0	4.0e-5
-98.0	0.0	4.0e-5
-97.875	0.0	4.0e-5
-97.75	0.0	4.0e-5
-97.625	0.0	4.1e-5
-97.5	0.0	4.1e-5
-97.375	0.0	4.1e-5
-97.25	0.0	4.1e-5
-97.125	0.0	4.1e-5
-97.0	0.0	4.1e-5
-96.875	0.0	4.1e-5
-96.75	0.0	4.1e-5
-96.625	0.0	4.1e-5
-96.5	0.0	4.1e-5
-96.375	0.0	4.1e-5
-96.25	0.0	4.1e-5
-96.125	0.0	4.1e-5
-96.0	0.0	4.1e-5
-95.875	0.0	4.1e-5
-95.75	0.0	4.1e-5
-95.625	0.0	4.1e-5
-95.5	0.0	4.1e-5
-95.375	0.0	4.1e-5
-95.25	0.0	4.1e-5
-95.125	0.0	4.1e-5
-95.0	0.0	4.1e-5
-94.875	0.0	4.1e-5
-94.75	0.0	4.1e-5
-94.625	0.0	4.1e-5
-94.5	0.0	4.2e-5
-94.375	0.0	4.2e-5
-94.25	0.0	4.2e-5
-94.125	0.0	4.2e-5
-94.0	0.0	4.2e-5
-93.875	0.0	4.2e-5
-93.75	0.0	4.2e-5
-93.625	0.0	4.2e-5
-93.5	0.0	4.2e-5
-93.375	0.0	4.2e-5
-93.25	0.0	4.2e-5
-93.125	0.0	4.2e-5
-93.0	0.0	4.2e-5
-92.875	0.0	4.2e-5
-92.75	0.0	4.2e-5
-92.625	0.0	4.2e-5
-92.5	0.0	4.2e-5
-92.375	0.0	4.2e-5
-92.25	0.0	4.2e-5
-92.125	0.0	4.2e-5
-92.0	0.0	4.2e-5
-91.875	0.0	4.2e-5
-91.75	0.0	4.2e-5
-91.625	0.0	4.2e-5
-91.5	0.0	4.2e-5
-91.375	0.0	4.2e-5
-91.25	0.0	4.3e-5
-91.125	0.0	4.3e-5
-91.0	0.0	4.3e-5
-90.875	0.0	4.3e-5
-90.75	0.0	4.3e-5
-90.625	0.0	4.3e-5
-90.5	0.0	4.3e-5
-90.375	0.0	4.3e-5
-90.25	0.0	4.3e-5
-90.125	0.0	4.3e-5
-90.0	0.0	4.3e-5
-89.875	0.0	4.3e-5
-89.75	0.0	4.3e-5
-89.625	0.0	4.3e-5
-89.5	0.0	4.3e-5
-89.375	0.0	4.3e-5
-89.25	0.0	4.3e-5
-89.125	0.0	4.3e-5
-89.0	0.0	4.3e-5
-88.875	0.0	4.3e-5
-88.75	0.0	4.3e-5
-88.625	0.0	4.3e-5
-88.5	0.0	4.3e-5
-88.375	0.0	4.3e-5
-88.25	0.0	4.3e-5
-88.125	0.0	4.4e-5
-88.0	0.0	4.4e-5
-87.875	0.0	4.4e-5
-87.75	0.0	4.4e-5
-87.625	0.0	4.4e-5
-87.5	0.0	4.4e-5
-87.375	0.0	4.4e-5
-87.25	0.0	4.4e-5
-87.125	0.0	4.4e-5
-87.0	0.0	4.4e-5
-86.875	0.0	4.4e-5
-86.75	0.0	4.4e-5
-86.625	0.0	4.4e-5
-86.5	0.0	4.4e-5
-86.375	0.0	4.4e-5
-86.25	0.0	4.4e-5
-86.125	0.0	4.4e-5
-86.0	0.0	4.4e-5
-85.875	0.0	4.4e-5
-85.75	0.0	4.4e-5
-85.625	0.0	4.4e-5
-85.5	0.0	4.4e-5
-85.375	0.0	4.4e-5
-85.25	0.0	4.4e-5
-85.125	0.0	4.4e-5
-85.0	0.0	4.5e-5
-84.875	0.0	4.5e-5
-84.75	0.0	4.5e-5
-84.625	0.0	4.5e-5
-84.5	0.0	4.5e-5
-84.375	0.0	4.5e-5
-84.25	0.0	4.5e-5
-84.125	0.0	4.5e-5
-84.0	0.0	4.5e-5
-83.875	0.0	4.5e-5
-83.75	0.0	4.5e-5
-83.625	0.0	4.5e-5
-83.5	0.0	4.5e-5
-83.375	0.0	4.5e-5
-83.25	0.0	4.5e-5
-83.125	0.0	4.5e-5
-83.0	0.0	4.5e-5
-82.875	0.0	4.5e-5
-82.75	0.0	4.5e-5
-82.625	0.0	4.5e-5
-82.5	0.0	4.5e-5
-82.375	0.0	4.5e-5
-82.25	0.0	4.5e-5
-82.125	0.0	4.5e-5
-82.0	0.0	4.5e-5
-81.875	0.0	4.5e-5
-81.75	0.0	4.6e-5
-81.625	0.0	4.6e-5
-81.5	0.0	4.6e-5
-81.375	0.0	4.6e-5
-81.25	0.0	4.6e-5
-81.125	0.0	4.6e-5
-81.0	0.0	4.6e-5
-80.875	0.0	4.6e-5
-80.75	0.0	4.6e-5
-80.625	0.0	4.6e-5
-80.5	0.0	4.6e-5
-80.375	0.0	4.6e-5
-80.25	0.0	4.6e-5
-80.125	0.0	4.6e-5
-80.0	0.0	4.6e-5
-79.875	0.0	4.6e-5
-79.75	0.0	4.6e-5
-79.625	0.0	4.6e-5
-79.5	0.0	4.6e-5
-79.375	0.0	4.6e-5
-79.25	0.0	4.6e-5
-79.125	0.0	4.6e-5
-79.0	0.0	4.6e-5
-78.875	0.0	4.6e-5
-78.75	0.0	4.6e-5
-78.625	0.0	4.7e-5
-78.5	0.0	4.7e-5
-78.375	0.0	4.7e-5
-78.25	0.0	4.7e-5
-78.125	0.0	4.7e-5
-78.0	0.0	4.7e-5
-77.875	0.0	4.7e-5
-77.75	0.0	4.7e-5
-77.625	0.0	4.7e-5
-77.5	0.0	4.7e-5
-77.375	0.0	4.7e-5
-77.25	0.0	4.7e-5
-77.125	0.0	4.7e-5
-77.0	0.0	4.7e-5
-76.875	0.0	4.7e-5
-76.75	0.0	4.7e-5
-76.625	0.0	4.7e-5
-76.5	0.0	4.7e-5
-76.375	0.0	4.7e-5
-76.25	0.0	4.7e-5
-76.125	0.0	4.7e-5
-76.0	0.0	4.7e-5
-75.875	0.0	4.7e-5
-75.75	0.0	4.7e-5
-75.625	0.0	4.7e-5
-75.5	0.0	4.8e-5
-75.375	0.0	4.8e-5
-75.25	0.0	4.8e-5
-75.125	0.0	4.8e-5
-75.0	0.0	4.8e-5
-74.875	0.0	4.8e-5
-74.75	0.0	4.8e-5
-74.625	0.0	4.8e-5
-74.5	0.0	4.8e-5
-74.375	0.0	4.8e-5
-74.25	0.0	4.8e-5
-74.125	0.0	4.8e-5
-74.0	0.0	4.8e-5
-73.875	0.0	4.8e-5
-73.75	0.0	4.8e-5
-73.625	0.0	4.8e-5
-73.5	0.0	4.8e-5
-73.375	0.0	4.8e-5
-73.25	0.0	4.8e-5
-73.125	0.0	4.8e-5
-73.0	0.0	4.8e-5
-72.875	0.0	4.8e-5
-72.75	0.0	4.8e-5
-72.625	0.0	4.8e-5
-72.5	0.0	4.8e-5
-72.375	0.0	4.9e-5
-72.25	0.0	4.9e-5
-72.125	0.0	4.9e-5
-72.0	0.0	4.9e-5
-71.875	0.0	4.9e-5
-71.75	0.0	4.9e-5
-71.625	0.0	4.9e-5
-71.5	0.0	4.9e-5
-71.375	0.0	4.9e-5
-71.25	0.0	4.9e-5
-71.125	0.0	4.9e-5
-71.0	0.0	4.9e-5
-70.875	0.0	4.9e-5
-70.75	0.0	4.9e-5
-70.625	0.0	4.9e-5
-70.5	0.0	4.9e-5
-70.375	0.0	4.9e-5
-70.25	0.0	4.9e-5
-70.125	0.0	4.9e-5
-70.0	0.0	4.9e-5
-69.875	0.0	4.9e-5
-69.75	0.0	4.9e-5
-69.625	0.0	4.9e-5
-69.5	0.0	4.9e-5
-69.375	0.0	4.9e-5
-69.25	0.0	5.0e-5
-69.125	0.0	5.0e-5
-69.0	0.0	5.0e-5
-68.875	0.0	5.0e-5
-68.75	0.0	5.0e-5
-68.625	0.0	5.0e-5
-68.5	0.0	5.0e-5
-68.375	0.0	5.0e-5
-68.25	0.0	5.0e-5
-68.125	0.0	5.0e-5
-68.0	0.0	5.0e-5
-67.875	0.0	5.0e-5
-67.75	0.0	5.0e-5
-67.625	0.0	5.0e-5
-67.5	0.0	5.0e-5
-67.375	0.0	5.0e-5
-67.25	0.0	5.0e-5
-67.125	0.0	5.0e-5
-67.0	0.0	5.0e-5
-66.875	0.0	5.0e-5
-66.75	0.0	5.0e-5
-66.625	0.0	5.0e-5
-66.5	0.0	5.0e-5
-66.375	0.0	5.0e-5
-66.25	0.0	5.0e-5
-66.125	0.0	5.1e-5
-66.0	0.0	5.1e-5
-65.875	0.0	5.1e-5
-65.75	0.0	5.1e-5
-65.625	0.0	5.1e-5
-65.5	0.0	5.1e-5
-65.375	0.0	5.1e-5
-65.25	0.0	5.1e-5
-65.125	0.0	5.1e-5
-65.0	0.0	5.1e-5
-64.875	0.0	5.1e-5
-64.75	0.0	5.1e-5
-64.625	0.0	5.1e-5
-64.5	0.0	5.1e-5
-64.375	0.0	5.1e-5
-64.25	0.0	5.1e-5
-64.125	0.0	5.1e-5
-64.0	0.0	5.1e-5
-63.875	0.0	5.1e-5
-63.75	0.0	5.1e-5
-63.625	0.0	5.1e-5
-63.5	0.0	5.1e-5
-63.375	0.0	5.1e-5
-63.25	0.0	5.1e-5
-63.125	0.0	5.1e-5
-63.0	0.0	5.2e-5
-62.875	0.0	5.2e-5
-62.75	0.0	5.2e-5
-62.625	0.0	5.2e-5
-62.5	0.0	5.2e-5
-62.375	0.0	5.2e-5
-62.25	0.0	5.2e-5
-62.125	0.0	5.2e-5
-62.0	0.0	5.2e-5
-61.875	0.0	5.2e-5
-61.75	0.0	5.2e-5
-61.625	0.0	5.2e-5
-61.5	0.0	5.2e-5
-61.375	0.0	5.2e-5
-61.25	0.0	5.2e-5
-61.125	0.0	5.2e-5
-61.0	0.0	5.2e-5
-60.875	0.0	5.2e-5
-60.75	0.0	5.2e-5
-60.625	0.0	5.2e-5
-60.5	0.0	5.2e-5
-60.375	0.0	5.2e-5
-60.25	0.0	5.2e-5
-60.125	0.0	5.2e-5
-60.0	0.0	5.2e-5
-59.875	0.0	5.3e-5
-59.75	0.0	5.3e-5
-59.625	0.0	5.3e-5
-59.5	0.0	5.3e-5
-59.375	0.0	5.3e-5
-59.25	0.0	5.3e-5
-59.125	0.0	5.3e-5
-59.0	0.0	5.3e-5
-58.875	0.0	5.3e-5
-58.75	0.0	5.3e-5
-58.625	0.0	5.3e-5
-58.5	0.0	5.3e-5
-58.375	0.0	5.3e-5
-58.25	0.0	5.3e-5
-58.125	0.0	5.3e-5
-58.0	0.0	5.3e-5
-57.875	0.0	5.3e-5
-57.75	0.0	5.3e-5
-57.625	0.0	5.3e-5
-57.5	0.0	5.3e-5
-57.375	0.0	5.3e-5
-57.25	0.0	5.3e-5
-57.125	0.0	5.3e-5
-57.0	0.0	5.3e-5
-56.875	0.0	5.4e-5
-56.75	0.0	5.4e-5
-56.625	0.0	5.4e-5
-56.5	0.0	5.4e-5
-56.375	0.0	5.4e-5
-56.25	0.0	5.4e-5
-56.125	0.0	5.4e-5
-56.0	0.0	5.4e-5
-55.875	0.0	5.4e-5
-55.75	0.0	5.4e-5
-55.625	0.0	5.4e-5
-55.5	0.0	5.4e-5
-55.375	0.0	5.4e-5
-55.25	0.0	5.4e-5
-55.125	0.0	5.4e-5
-55.0	0.0	5.4e-5
-54.875	0.0	5.4e-5
-54.75	0.0	5.4e-5
-54.625	0.0	5.4e-5
-54.5	0.0	5.4e-5
-54.375	0.0	5.4e-5
-54.25	0.0	5.4e-5
-54.125	0.0	5.4e-5
-54.0	0.0	5.4e-5
-53.875	0.0	5.4e-5
-53.75	0.0	5.5e-5
-53.625	0.0	5.5e-5
-53.5	0.0	5.5e-5
-53.375	0.0	5.5e-5
-53.25	0.0	5.5e-5
-53.125	0.0	5.5e-5
-53.0	0.0	5.5e-5
-52.875	0.0	5.5e-5
-52.75	0.0	5.5e-5
-52.625	0.0	5.5e-5
-52.5	0.0	5.5e-5
-52.375	0.0	5.5e-5
-52.25	0.0	5.5e-5
-52.125	0.0	5.5e-5
-52.0	0.0	5.5e-5
-51.875	0.0	5.5e-5
-51.75	0.0	5.5e-5
-51.625	0.0	5.5e-5
-51.5	0.0	5.5e-5
-51.375	0.0	5.5e-5
-51.25	0.0	5.5e-5
-51.125	0.0	5.5e-5
-51.0	0.0	5.5e-5
-50.875	0.0	5.5e-5
-50.75	0.0	5.6e-5
-50.625	0.0	5.6e-5
-50.5	0.0	5.6e-5
-50.375	0.0	5.6e-5
-50.25	0.0	5.6e-5
-50.125	0.0	5.6e-5
-50.0	0.0	5.6e-5
-49.875	0.0	5.6e-5
-49.75	0.0	5.6e-5
-49.625	0.0	5.6e-5
-49.5	0.0	5.6e-5
-49.375	0.0	5.6e-5
-49.25	0.0	5.6e-5
-49.125	0.0	5.6e-5
-49.0	0.0	5.6e-5
-48.875	0.0	5.6e-5
-48.75	0.0	5.6e-5
-48.625	0.0	5.6e-5
-48.5	0.0	5.6e-5
-48.375	0.0	5.6e-5
-48.25	0.0	5.6e-5
-48.125	0.0	5.6e-5
-48.0	0.0	5.6e-5
-47.875	0.0	5.6e-5
-47.75	0.0	5.7e-5
-47.625	0.0	5.7e-5
-47.5	0.0	5.7e-5
-47.375	0.0	5.7e-5
-47.25	0.0	5.7e-5
-47.125	0.0	5.7e-5
-47.0	0.0	5.7e-5
-46.875	0.0	5.7e-5
-46.75	0.0	5.7e-5
-46.625	0.0	5.7e-5
-46.5	0.0	5.7e-5
-46.375	0.0	5.7e-5
-46.25	0.0	5.7e-5
-46.125	0.0	5.7e-5
-46.0	0.0	5.7e-5
-45.875	0.0	5.7e-5
-45.75	0.0	5.7e-5
-45.625	0.0	5.7e-5
-45.5	0.0	5.7e-5
-45.375	0.0	5.7e-5
-45.25	0.0	5.7e-5
-45.125	0.0	5.7e-5
-45.0	0.0	5.7e-5
-44.875	0.0	5.8e-5
-44.75	0.0	5.8e-5
-44.625	0.0	5.8e-5
-44.5	0.0	5.8e-5
-44.375	0.0	5.8e-5
-44.25	0.0	5.8e-5
-44.125	0.0	5.8e-5
-44.0	0.0	5.8e-5
-43.875	0.0	5.8e-5
-43.75	0.0	5.8e-5
-43.625	0.0	5.8e-5
-43.5	0.0	5.8e-5
-43.375	0.0	5.8e-5
-43.25	0.0	5.8e-5
-43.125	0.0	5.8e-5
-43.0	0.0	5.8e-5
-42.875	0.0	5.8e-5
-42.75	0.0	5.8e-5
-42.625	0.0	5.8e-5
-42.5	0.0	5.8e-5
-42.375	0.0	5.8e-5
-42.25	0.0	5.8e-5
-42.125	0.0	5.8e-5
-42.0	0.0	5.8e-5
-41.875	0.0	5.9e-5
-41.75	0.0	5.9e-5
-41.625	0.0	5.9e-5
-41.5	0.0	5.9e-5
-41.375	0.0	5.9e-5
-41.25	0.0	5.9e-5
-41.125	0.0	5.9e-5
-41.0	0.0	5.9e-5
-40.875	0.0	5.9e-5
-40.75	0.0	5.9e-5
-40.625	0.0	5.9e-5
-40.5	0.0	5.9e-5
-40.375	0.0	5.9e-5
-40.25	0.0	5.9e-5
-40.125	0.0	5.9e-5
-40.0	0.0	5.9e-5
-39.875	0.0	5.9e-5
-39.75	0.0	5.9e-5
-39.625	0.0	5.9e-5
-39.5	0.0	5.9e-5
-39.375	0.0	5.9e-5
-39.25	0.0	5.9e-5
-39.125	0.0	5.9e-5
-39.0	0.0	6.0e-5
-38.875	0.0	6.0e-5
-38.75	0.0	6.0e-5
-38.625	0.0	6.0e-5
-38.5	0.0	6.0e-5
-38.375	0.0	6.0e-5
-38.25	0.0	6.0e-5
-38.125	0.0	6.0e-5
-38.0	0.0	6.0e-5
-37.875	0.0	6.0e-5
-37.75	0.0	6.0e-5
-37.625	0.0	6.0e-5
-37.5	0.0	6.0e-5
-37.375	0.0	6.0e-5
-37.25	0.0	6.0e-5
-37.125	0.0	6.0e-5
-37.0	0.0	6.0e-5
-36.875	0.0	6.0e-5
-36.75	0.0	6.0e-5
-36.625	0.0	6.0e-5
-36.5	0.0	6.0e-5
-36.375	0.0	6.0e-5
-36.25	0.0	6.0e-5
-36.125	0.0	6.1e-5
-36.0	0.0	6.1e-5
-35.875	0.0	6.1e-5
-35.75	0.0	6.1e-5
-35.625	0.0	6.1e-5
-35.5	0.0	6.1e-5
-35.375	0.0	6.1e-5
-35.25	0.0	6.1e-5
-35.125	0.0	6.1e-5
-35.0	0.0	6.1e-5
-34.875	0.0	6.1e-5
-34.75	0.0	6.1e-5
-34.625	0.0	6.1e-5
-34.5	0.0	6.1e-5
-34.375	0.0	6.1e-5
-34.25	0.0	6.1e-5
-34.125	0.0	6.1e-5
-34.0	0.0	6.1e-5
-33.875	0.0	6.1e-5
-33.75	0.0	6.1e-5
-33.625	0.0	6.1e-5
-33.5	0.0	6.1e-5
-33.375	0.0	6.2e-5
-33.25	0.0	6.2e-5
-33.125	0.0	6.2e-5
-33.0	0.0	6.2e-5
-32.875	0.0	6.2e-5
-32.75	0.0	6.2e-5
-32.625	0.0	6.2e-5
-32.5	0.0	6.2e-5
-32.375	0.0	6.2e-5
-32.25	0.0	6.2e-5
-32.125	0.0	6.2e-5
-32.0	0.0	6.2e-5
-31.875	0.0	6.2e-5
-31.75	0.0	6.2e-5
-31.625	0.0	6.2e-5
-31.5	0.0	6.2e-5
-31.375	0.0	6.2e-5
-31.25	0.0	6.2e-5
-31.125	0.0	6.2e-5
-31.0	0.0	6.2e-5
-30.875	0.0	6.2e-5
-30.75	0.0	6.2e-5
-30.625	0.0	6.2e-5
-30.5	0.0	6.3e-5
-30.375	0.0	6.3e-5
-30.25	0.0	6.3e-5
-30.125	0.0	6.3e-5
-30.0	0.0	6.3e-5
-29.875	0.0	6.3e-5
-29.75	0.0	6.3e-5
-29.625	0.0	6.3e-5
-29.5	0.0	6.3e-5
-29.375	0.0	6.3e-5
-29.25	0.0	6.3e-5
-29.125	0.0	6.3e-5
-29.0	0.0	6.3e-5
-28.875	0.0	6.3e-5
-28.75	0.0	6.3e-5
-28.625	0.0	6.3e-5
-28.5	0.0	6.3e-5
-28.375	0.0	6.3e-5
-28.25	0.0	6.3e-5
-28.125	0.0	6.3e-5
-28.0	0.0	6.3e-5
-27.875	0.0	6.3e-5
-27.75	0.0	6.4e-5
-27.625	0.0	6.4e-5
-27.5	0.0	6.4e-5
-27.375	0.0	6.4e-5
-27.25	0.0	6.4e-5
-27.125	0.0	6.4e-5
-27.0	0.0	6.4e-5
-26.875	0.0	6.4e-5
-26.75	0.0	6.4e-5
-26.625	0.0	6.4e-5
-26.5	0.0	6.4e-5
-26.375	0.0	6.4e-5
-26.25	0.0	6.4e-5
-26.125	0.0	6.4e-5
-26.0	0.0	6.4e-5
-25.875	0.0	6.4e-5
-25.75	0.0	6.4e-5
-25.625	0.0	6.4e-5
-25.5	0.0	6.4e-5
-25.375	0.0	6.4e-5
-25.25	0.0	6.4e-5
-25.125	0.0	6.4e-5
-25.0	0.0	6.5e-5
-24.875	0.0	6.5e-5
-24.75	0.0	6.5e-5
-24.625	0.0	6.5e-5
-24.5	0.0	6.5e-5
-24.375	0.0	6.5e-5
-24.25	0.0	6.5e-5
-24.125	0.0	6.5e-5
-24.0	0.0	6.5e-5
-23.875	0.0	6.5e-5
-23.75	0.0	6.5e-5
-23.625	0.0	6.5e-5
-23.5	0.0	6.5e-5
-23.375	0.0	6.5e-5
-23.25	0.0	6.5e-5
-23.125	0.0	6.5e-5
-23.0	0.0	6.5e-5
-22.875	0.0	6.5e-5
-22.75	0.0	6.5e-5
-22.625	0.0	6.5e-5
-22.5	0.0	6.5e-5
-22.375	0.0	6.6e-5
-22.25	0.0	6.6e-5
-22.125	0.0	6.6e-5
-22.0	0.0	6.6e-5
-21.875	0.0	6.6e-5
-21.75	0.0	6.6e-5
-21.625	0.0	6.6e-5
-21.5	0.0	6.6e-5
-21.375	0.0	6.6e-5
-21.25	0.0	6.6e-5
-21.125	0.0	6.6e-5
-21.0	0.0	6.6e-5
-20.875	0.0	6.6e-5
-20.75	0.0	6.6e-5
-20.625	0.0	6.6e-5
-20.5	0.0	6.6e-5
-20.375	0.0	6.6e-5
-20.25	0.0	6.6e-5
-20.125	0.0	6.6e-5
-20.0	0.0	6.6e-5
-19.875	0.0	6.6e-5
-19.75	0.0	6.7e-5
-19.625	0.0	6.7e-5
-19.5	0.0	6.7e-5
-19.375	0.0	6.7e-5
-19.25	0.0	6.7e-5
-19.125	0.0	6.7e-5
-19.0	0.0	6.7e-5
-18.875	0.0	6.7e-5
-18.75	0.0	6.7e-5
-18.625	0.0	6.7e-5
-18.5	0.0	6.7e-5
-18.375	0.0	6.7e-5
-18.25	0.0	6.7e-5
-18.125	0.0	6.7e-5
-18.0	0.0	6.7e-5
-17.875	0.0	6.7e-5
-17.75	0.0	6.7e-5
-17.625	0.0	6.7e-5
-17.5	0.0	6.7e-5
-17.375	0.0	6.7e-5
-17.25	0.0	6.7e-5
-17.125	0.0	6.8e-5
-17.0	0.0	6.8e-5
-16.875	0.0	6.8e-5
-16.75	0.0	6.8e-5
-16.625	0.0	6.8e-5
-16.5	0.0	6.8e-5
-16.375	0.0	6.8e-5
-16.25	0.0	6.8e-5
-16.125	0.0	6.8e-5
-16.0	0.0	6.8e-5
-15.875	0.0	6.8e-5
-15.75	0.0	6.8e-5
-15.625	0.0	6.8e-5
-15.5	0.0	6.8e-5
-15.375	0.0	6.8e-5
-15.25	0.0	6.8e-5
-15.125	0.0	6.8e-5
-15.0	0.0	6.8e-5
-14.875	0.0	6.8e-5
-14.75	0.0	6.8e-5
-14.625	0.0	6.8e-5
-14.5	0.0	6.9e-5
-14.375	0.0	6.9e-5
-14.25	0.0	6.9e-5
-14.125	0.0	6.9e-5
-14.0	0.0	6.9e-5
-13.875	0.0	6.9e-5
-13.75	0.0	6.9e-5
-13.625	0.0	6.9e-5
-13.5	0.0	6.9e-5
-13.375	0.0	6.9e-5
-13.25	0.0	6.9e-5
-13.125	0.0	6.9e-5
-13.0	0.0	6.9e-5
-12.875	0.0	6.9e-5
-12.75	0.0	6.9e-5
-12.625	0.0	6.9e-5
-12.5	0.0	6.9e-5
-12.375	0.0	6.9e-5
-12.25	0.0	6.9e-5
-12.125	0.0	6.9e-5
-12.0	0.0	7.0e-5
-11.875	0.0	7.0e-5
-11.75	0.0	7.0e-5
-11.625	0.0	7.0e-5
-11.5	0.0	7.0e-5
-11.375	0.0	7.0e-5
-11.25	0.0	7.0e-5
-11.125	0.0	7.0e-5
-11.0	0.0	7.0e-5
-10.875	0.0	7.0e-5
-10.75	0.0	7.0e-5
-10.625	0.0	7.0e-5
-10.5	0.0	7.0e-5
-10.375	0.0	7.0e-5
-10.25	0.0	7.0e-5
-10.125	0.0	7.0e-5
-10.0	0.0	7.0e-5
-9.875	0.0	7.0e-5
-9.75	0.0	7.0e-5
-9.625	0.0	7.0e-5
-9.5	0.0	7.1e-5
-9.375	0.0	7.1e-5
-9.25	0.0	7.1e-5
-9.125	0.0	7.1e-5
-9.0	0.0	7.1e-5
-8.875	0.0	7.1e-5
-8.75	0.0	7.1e-5
-8.625	0.0	7.1e-5
-8.5	0.0	7.1e-5
-8.375	0.0	7.1e-5
-8.25	0.0	7.1e-5
-8.125	0.0	7.1e-5
-8.0	0.0	7.1e-5
-7.875	0.0	7.1e-5
-7.75	0.0	7.1e-5
-7.625	0.0	7.1e-5
-7.5	0.0	7.1e-5
-7.375	0.0	7.1e-5
-7.25	0.0	7.1e-5
-7.125	0.0	7.1e-5
-7.0	0.0	7.2e-5
-6.875	0.0	7.2e-5
-6.75	0.0	7.2e-5
-6.625	0.0	7.2e-5
-6.5	0.0	7.2e-5
-6.375	0.0	7.2e-5
-6.25	0.0	7.2e-5
-6.125	0.0	7.2e-5
-6.0	0.0	7.2e-5
-5.875	0.0	7.2e-5
-5.75	0.0	7.2e-5
-5.625	0.0	7.2e-5
-5.5	0.0	7.2e-5
-5.375	0.0	7.2e-5
-5.25	0.0	7.2e-5
-5.125	0.0	7.2e-5
-5.0	0.0	7.2e-5
-4.875	0.0	7.2e-5
-4.75	0.0	7.2e-5
-4.625	0.0	7.3e-5
-4.5	0.0	7.3e-5
-4.375	0.0	7.3e-5
-4.25	0.0	7.3e-5
-4.125	0.0	7.3e-5
-4.0	0.0	7.3e-5
-3.875	0.0	7.3e-5
-3.75	0.0	7.3e-5
-3.625	0.0	7.3e-5
-3.5	0.0	7.3e-5
-3.375	0.0	7.3e-5
-3.25	0.0	7.3e-5
-3.125	0.0	7.3e-5
-3.0	0.0	7.3e-5
-2.875	0.0	7.3e-5
-2.75	0.0	7.3e-5
-2.625	0.0	7.3e-5
-2.5	0.0	7.3e-5
-2.375	0.0	7.3e-5
-2.25	0.0	7.4e-5
-2.125	0.0	7.4e-5
-2.0	0.0	7.4e-5
-1.875	0.0	7.4e-5
-1.75	0.0	7.4e-5
-1.625	0.0	7.4e-5
-1.5	0.0	7.4e-5
-1.375	0.0	7.4e-5
-1.25	0.0	7.4e-5
-1.125	0.0	7.4e-5
-1.0	0.0	7.4e-5
-0.875	0.0	7.4e-5
-0.75	0.0	7.4e-5
-0.625	0.0	7.4e-5
-0.5	0.0	7.4e-5
-0.375	0.0	7.4e-5
-0.25	0.0	7.4e-5
-0.125	0.0	7.4e-5
0.0	0.0	7.4e-5
0.125	0.0	7.5e-5
0.25	0.0	7.5e-5
0.375	0.0	7.5e-5
0.5	0.0	7.5e-5
0.625	0.0	7.5e-5
0.75	0.0	7.5e-5
0.875	0.0	7.5e-5
1.0	0.0	7.5e-5
1.125	0.0	7.5e-5
1.25	0.0	7.5e-5
1.375	0.0	7.5e-5
1.5	0.0	7.5e-5
1.625	0.0	7.5e-5
1.75	0.0	7.5e-5
1.875	0.0	7.5e-5
2.0	0.0	7.5e-5
2.125	0.0	7.5e-5
2.25	0.0	7.5e-5
2.375	0.0	7.6e-5
2.5	0.0	7.6e-5
2.625	0.0	7.6e-5
2.75	0.0	7.6e-5
2.875	0.0	7.6e-5
3.0	0.0	7.6e-5
3.125	0.0	7.6e-5
3.25	0.0	7.6e-5
3.375	0.0	7.6e-5
3.5	0.0	7.6e-5
3.625	0.0	7.6e-5
3.75	0.0	7.6e-5
3.875	0.0	7.6e-5
4.0	0.0	7.6e-5
4.125	0.0	7.6e-5
4.25	0.0	7.6e-5
4.375	0.0	7.6e-5
4.5	0.0	7.6e-5
4.625	0.0	7.7e-5
4.75	0.0	7.7e-5
4.875	0.0	7.7e-5
5.0	0.0	7.7e-5
5.125	0.0	7.7e-5
5.25	0.0	7.7e-5
5.375	0.0	7.7e-5
5.5	0.0	7.7e-5
5.625	0.0	7.7e-5
5.75	0.0	7.7e-5
5.875	0.0	7.7e-5
6.0	0.0	7.7e-5
6.125	0.0	7.7e-5
6.25	0.0	7.7e-5
6.375	0.0	7.7e-5
6.5	0.0	7.7e-5
6.625	0.0	7.7e-5
6.75	0.0	7.7e-5
6.875	0.0	7.8e-5
7.0	0.0	7.8e-5
7.125	0.0	7.8e-5
7.25	0.0	7.8e-5
7.375	0.0	7.8e-5
7.5	0.0	7.8e-5
7.625	0.0	7.8e-5
7.75	0.0	7.8e-5
7.875	0.0	7.8e-5
8.0	0.0	7.8e-5
8.125	0.0	7.8e-5
8.25	0.0	7.8e-5
8.375	0.0	7.8e-5
8.5	0.0	7.8e-5
8.625	0.0	7.8e-5
8.75	0.0	7.8e-5
8.875	0.0	7.8e-5
9.0	0.0	7.8e-5
9.125	0.0	7.9e-5
9.25	0.0	7.9e-5
9.375	0.0	7.9e-5
9.5	0.0	7.9e-5
9.625	0.0	7.9e-5
9.75	0.0	7.9e-5
9.875	0.0	7.9e-5
10.0	0.0	7.9e-5
10.125	0.0	7.9e-5
10.25	0.0	7.9e-5
10.375	0.0	7.9e-5
10.5	0.0	7.9e-5
10.625	0.0	7.9e-5
10.75	0.0	7.9e-5
10.875	0.0	7.9e-5
11.0	0.0	7.9e-5
11.125	0.0	7.9e-5
11.25	0.0	8.0e-5
11.375	0.0	8.0e-5
11.5	0.0	8.0e-5
11.625	0.0	8.0e-5
11.75	0.0	8.0e-5
11.875	0.0	8.0e-5
12.0	0.0	8.0e-5
12.125	0.0	8.0e-5
12.25	0.0	8.0e-5
12.375	0.0	8.0e-5
12.5	0.0	8.0e-5
12.625	0.0	8.0e-5
12.75	0.0	8.0e-5
12.875	0.0	8.0e-5
13.0	0.0	8.0e-5
13.125	0.0	8.0e-5
13.25	0.0	8.0e-5
13.375	0.0	8.1e-5
13.5	0.0	8.1e-5
13.625	0.0	8.1e-5
13.75	0.0	8.1e-5
13.875	0.0	8.1e-5
14.0	0.0	8.1e-5
14.125	0.0	8.1e-5
14.25	0.0	8.1e-5
14.375	0.0	8.1e-5
14.5	0.0	8.1e-5
14.625	0.0	8.1e-5
14.75	0.0	8.1e-5
14.875	0.0	8.1e-5
15.0	0.0	8.1e-5
15.125	0.0	8.1e-5
15.25	0.0	8.1e-5
15.375	0.0	8.2e-5
15.5	0.0	8.2e-5
15.625	0.0	8.2e-5
15.75	0.0	8.2e-5
15.875	0.0	8.2e-5
16.0	0.0	8.2e-5
16.125	0.0	8.2e-5
16.25	0.0	8.2e-5
16.375	0.0	8.2e-5
16.5	0.0	8.2e-5
16.625	0.0	8.2e-5
16.75	0.0	8.2e-5
16.875	0.0	8.2e-5
17.0	0.0	8.2e-5
17.125	0.0	8.2e-5
17.25	0.0	8.2e-5
17.375	0.0	8.3e-5
17.5	0.0	8.3e-5
17.625	0.0	8.3e-5
17.75	0.0	8.3e-5
17.875	0.0	8.3e-5
18.0	0.0	8.3e-5
18.125	0.0	8.3e-5
18.25	0.0	8.3e-5
18.375	0.0	8.3e-5
18.5	0.0	8.3e-5
18.625	0.0	8.3e-5
18.75	0.0	8.3e-5
18.875	0.0	8.3e-5
19.0	0.0	8.3e-5
19.125	0.0	8.3e-5
19.25	0.0	8.3e-5
19.375	0.0	8.4e-5
19.5	0.0	8.4e-5
19.625	0.0	8.4e-5
19.75	0.0	8.4e-5
19.875	0.0	8.4e-5
20.0	0.0	8.4e-5
20.125	0.0	8.4e-5
20.25	0.0	8.4e-5
20.375	0.0	8.4e-5
20.5	0.0	8.4e-5
20.625	0.0	8.4e-5
20.75	0.0	8.4e-5
20.875	0.0	8.4e-5
21.0	0.0	8.4e-5
21.125	0.0	8.4e-5
21.25	0.0	8.4e-5
21.375	0.0	8.5e-5
21.5	0.0	8.5e-5
21.625	0.0	8.5e-5
21.75	0.0	8.5e-5
21.875	0.0	8.5e-5
22.0	0.0	8.5e-5
22.125	0.0	8.5e-5
22.25	0.0	8.5e-5
22.375	0.0	8.5e-5
22.5	0.0	8.5e-5
22.625	0.0	8.5e-5
22.75	0.0	8.5e-5
22.875	0.0	8.5e-5
23.0	0.0	8.5e-5
23.125	0.0	8.5e-5
23.25	0.0	8.6e-5
23.375	0.0	8.6e-5
23.5	0.0	8.6e-5
23.625	0.0	8.6e-5
23.75	0.0	8.6e-5
23.875	0.0	8.6e-5
24.0	0.0	8.6e-5
24.125	0.0	8.6e-5
24.25	0.0	8.6e-5
24.375	0.0	8.6e-5
24.5	0.0	8.6e-5
24.625	0.0	8.6e-5
24.75	0.0	8.6e-5
24.875	0.0	8.6e-5
25.0	0.0	8.6e-5
25.125	0.0	8.6e-5
25.25	0.0	8.7e-5
25.375	0.0	8.7e-5
25.5	0.0	8.7e-5
25.625	0.0	8.7e-5
25.75	0.0	8.7e-5
25.875	0.0	8.7e-5
26.0	0.0	8.7e-5
26.125	0.0	8.7e-5
26.25	0.0	8.7e-5
26.375	0.0	8.7e-5
26.5	0.0	8.7e-5
26.625	0.0	8.7e-5
26.75	0.0	8.7e-5
26.875	0.0	8.7e-5
27.0	0.0	8.8e-5
27.125	0.0	8.8e-5
27.25	0.0	8.8e-5
27.375	0.0	8.8e-5
27.5	0.0	8.8e-5
27.625	0.0	8.8e-5
27.75	0.0	8.8e-5
27.875	0.0	8.8e-5
28.0	0.0	8.8e-5
28.125	0.0	8.8e-5
28.25	0.0	8.8e-5
28.375	0.0	8.8e-5
28.5	0.0	8.8e-5
28.625	0.0	8.8e-5
28.75	0.0	8.8e-5
28.875	0.0	8.9e-5
29.0	0.0	8.9e-5
29.125	0.0	8.9e-5
29.25	0.0	8.9e-5
29.375	0.0	8.9e-5
29.5	0.0	8.9e-5
29.625	0.0	8.9e-5
29.75	0.0	8.9e-5
29.875	0.0	8.9e-5
30.0	0.0	8.9e-5
30.125	0.0	8.9e-5
30.25	0.0	8.9e-5
30.375	0.0	8.9e-5
30.5	0.0	8.9e-5
30.625	0.0	9.0e-5
30.75	0.0	9.0e-5
30.875	0.0	9.0e-5
31.0	0.0	9.0e-5
31.125	0.0	9.0e-5
31.25	0.0	9.0e-5
31.375	0.0	9.0e-5
31.5	0.0	9.0e-5
31.625	0.0	9.0e-5
31.75	0.0	9.0e-5
31.875	0.0	9.0e-5
32.0	0.0	9.0e-5
32.125	0.0	9.0e-5
32.25	0.0	9.0e-5
32.375	0.0	9.1e-5
32.5	0.0	9.1e-5
32.625	0.0	9.1e-5
32.75	0.0	9.1e-5
32.875	0.0	9.1e-5
33.0	0.0	9.1e-5
33.125	0.0	9.1e-5
33.25	0.0	9.1e-5
33.375	0.0	9.1e-5
33.5	0.0	9.1e-5
33.625	0.0	9.1e-5
33.75	0.0	9.1e-5
33.875	0.0	9.1e-5
34.0	0.0	9.1e-5
34.125	0.0	9.2e-5
34.25	0.0	9.2e-5
34.375	0.0	9.2e-5
34.5	0.0	9.2e-5
34.625	0.0	9.2e-5
34.75	0.0	9.2e-5
34.875	0.0	9.2e-5
35.0	0.0	9.2e-5
35.125	0.0	9.2e-5
35.25	0.0	9.2e-5
35.375	0.0	9.2e-5
35.5	0.0	9.2e-5
35.625	0.0	9.2e-5
35.75	0.0	9.3e-5
35.875	0.0	9.3e-5
36.0	0.0	9.3e-5
36.125	0.0	9.3e-5
36.25	0.0	9.3e-5
36.375	0.0	9.3e-5
36.5	0.0	9.3e-5
36.625	0.0	9.3e-5
36.75	0.0	9.3e-5
36.875	0.0	9.3e-5
37.0	0.0	9.3e-5
37.125	0.0	9.3e-5
37.25	0.0	9.3e-5
37.375	0.0	9.3e-5
37.5	0.0	9.4e-5
37.625	0.0	9.4e-5
37.75	0.0	9.4e-5
37.875	0.0	9.4e-5
38.0	0.0	9.4e-5
38.125	0.0	9.4e-5
38.25	0.0	9.4e-5
38.375	0.0	9.4e-5
38.5	0.0	9.4e-5
38.625	0.0	9.4e-5
38.75	0.0	9.4e-5
38.875	0.0	9.4e-5
39.0	0.0	9.4e-5
39.125	0.0	9.5e-5
39.25	0.0	9.5e-5
39.375	0.0	9.5e-5
39.5	0.0	9.5e-5
39.625	0.0	9.5e-5
39.75	0.0	9.5e-5
39.875	0.0	9.5e-5
40.0	0.0	9.5e-5
40.125	0.0	9.5e-5
40.25	0.0	9.5e-5
40.375	0.0	9.5e-5
40.5	0.0	9.5e-5
40.625	0.0	9.6e-5
40.75	0.0	9.6e-5
40.875	0.0	9.6e-5
41.0	0.0	9.6e-5
41.125	0.0	9.6e-5
41.25	0.0	9.6e-5
41.375	0.0	9.6e-5
41.5	0.0	9.6e-5
41.625	0.0	9.6e-5
41.75	0.0	9.6e-5
41.875	0.0	9.6e-5
42.0	0.0	9.6e-5
42.125	0.0	9.6e-5
42.25	0.0	9.7e-5
42.375	0.0	9.7e-5
42.5	0.0	9.7e-5
42.625	0.0	9.7e-5
42.75	0.0	9.7e-5
42.875	0.0	9.7e-5
43.0	0.0	9.7e-5
43.125	0.0	9.7e-5
43.25	0.0	9.7e-5
43.375	0.0	9.7e-5
43.5	0.0	9.7e-5
43.625	0.0	9.7e-5
43.75	0.0	9.8e-5
43.875	0.0	9.8e-5
44.0	0.0	9.8e-5
44.125	0.0	9.8e-5
44.25	0.0	9.8e-5
44.375	0.0	9.8e-5
44.5	0.0	9.8e-5
44.625	0.0	9.8e-5
44.75	0.0	9.8e-5
44.875	0.0	9.8e-5
45.0	0.0	9.8e-5
45.125	0.0	9.8e-5
45.25	0.0	9.9e-5
45.375	0.0	9.9e-5
45.5	0.0	9.9e-5
45.625	0.0	9.9e-5
45.75	0.0	9.9e-5
45.875	0.0	9.9e-5
46.0	0.0	9.9e-5
46.125	0.0	9.9e-5
46.25	0.0	9.9e-5
46.375	0.0	9.9e-5
46.5	0.0	9.9e-5
46.625	0.0	9.9e-5
46.75	0.0	0.0001
46.875	0.0	0.0001
47.0	0.0	0.0001
47.125	0.0	0.0001
47.25	0.0	0.0001
47.375	0.0	0.0001
47.5	0.0	0.0001
47.625	0.0	0.0001
47.75	0.0	0.0001
47.875	0.0	0.0001
48.0	0.0	0.0001
48.125	0.0	0.0001
48.25	0.0	0.000101
48.375	0.0	0.000101
48.5	0.0	0.000101
48.625	0.0	0.000101
48.75	0.0	0.000101
48.875	0.0	0.000101
49.0	0.0	0.000101
49.125	0.0	0.000101
49.25	0.0	0.000101
49.375	0.0	0.000101
49.5	0.0	0.000101
49.625	0.0	0.000102
49.75	0.0	0.000102
49.875	0.0	0.000102
50.0	0.0	0.000102
50.125	0.0	0.000102
50.25	0.0	0.000102
50.375	0.0	0.000102
50.5	0.0	0.000102
50.625	0.0	0.000102
50.75	0.0	0.000102
50.875	0.0	0.000102
51.0	0.0	0.000103
51.125	0.0	0.000103
51.25	0.0	0.000103
51.375	0.0	0.000103
51.5	0.0	0.000103
51.625	0.0	0.000103
51.75	0.0	0.000103
51.875	0.0	0.000103
52.0	0.0	0.000103
52.125	0.0	0.000103
52.25	0.0	0.000103
52.375	0.0	0.000104
52.5	0.0	0.000104
52.625	0.0	0.000104
52.75	0.0	0.000104
52.875	0.0	0.000104
53.0	0.0	0.000104
53.125	0.0	0.000104
53.25	0.0	0.000104
53.375	0.0	0.000104
53.5	0.0	0.000104
53.625	0.0	0.000104
53.75	0.0	0.000105
53.875	0.0	0.000105
54.0	0.0	0.000105
54.125	0.0	0.000105
54.25	0.0	0.000105
54.375	0.0	0.000105
54.5	0.0	0.000105
54.625	0.0	0.000105
54.75	0.0	0.000105
54.875	0.0	0.000105
55.0	0.0	0.000105
55.125	0.0	0.000106
55.25	0.0	0.000106
55.375	0.0	0.000106
55.5	0.0	0.000106
55.625	0.0	0.000106
55.75	0.0	0.000106
55.875	0.0	0.000106
56.0	0.0	0.000106
56.125	0.0	0.000106
56.25	0.0	0.000106
56.375	0.0	0.000107
56.5	0.0	0.000107
56.625	0.0	0.000107
56.75	0.0	0.000107
56.875	0.0	0.000107
57.0	0.0	0.000107
57.125	0.0	0.000107
57.25	0.0	0.000107
57.375	0.0	0.000107
57.5	0.0	0.000107
57.625	0.0	0.000108
57.75	0.0	0.000108
57.875	0.0	0.000108
58.0	0.0	0.000108
58.125	0.0	0.000108
58.25	0.0	0.000108
58.375	0.0	0.000108
58.5	0.0	0.000108
58.625	0.0	0.000108
58.75	0.0	0.000108
58.875	0.0	0.000109
59.0	0.0	0.000109
59.125	0.0	0.000109
59.25	0.0	0.000109
59.375	0.0	0.000109
59.5	0.0	0.000109
59.625	0.0	0.000109
59.75	0.0	0.000109
59.875	0.0	0.000109
60.0	0.0	0.000109
60.125	0.0	0.00011
60.25	0.0	0.00011
60.375	0.0	0.00011
60.5	0.0	0.00011
60.625	0.0	0.00011
60.75	0.0	0.00011
60.875	0.0	0.00011
61.0	0.0	0.00011
61.125	0.0	0.00011
61.25	0.0	0.00011
61.375	0.0	0.000111
61.5	0.0	0.000111
61.625	0.0	0.000111
61.75	0.0	0.000111
61.875	0.0	0.000111
62.0	0.0	0.000111
62.125	0.0	0.000111
62.25	0.0	0.000111
62.375	0.0	0.000111
62.5	0.0	0.000112
62.625	0.0	0.000112
62.75	0.0	0.000112
62.875	0.0	0.000112
63.0	0.0	0.000112
63.125	0.0	0.000112
63.25	0.0	0.000112
63.375	0.0	0.000112
63.5	0.0	0.000112
63.625	0.0	0.000113
63.75	0.0	0.000113
63.875	0.0	0.000113
64.0	0.0	0.000113
64.125	0.0	0.000113
64.25	0.0	0.000113
64.375	0.0	0.000113
64.5	0.0	0.000113
64.625	0.0	0.000113
64.75	0.0	0.000113
64.875	0.0	0.000114
65.0	0.0	0.000114
65.125	0.0	0.000114
65.25	0.0	0.000114
65.375	0.0	0.000114
65.5	0.0	0.000114
65.625	0.0	0.000114
65.75	0.0	0.000114
65.875	0.0	0.000114
66.0	0.0	0.000115
66.125	0.0	0.000115
66.25	0.0	0.000115
66.375	0.0	0.000115
66.5	0.0	0.000115
66.625	0.0	0.000115
66.75	0.0	0.000115
66.875	0.0	0.000115
67.0	0.0	0.000116
67.125	0.0	0.000116
67.25	0.0	0.000116
67.375	0.0	0.000116
67.5	0.0	0.000116
67.625	0.0	0.000116
67.75	0.0	0.000116
67.875	0.0	0.000116
68.0	0.0	0.000116
68.125	0.0	0.000117
68.25	0.0	0.000117
68.375	0.0	0.000117
68.5	0.0	0.000117
68.625	0.0	0.000117
68.75	0.0	0.000117
68.875	0.0	0.000117
69.0	0.0	0.000117
69.125	0.0	0.000117
69.25	0.0	0.000118
69.375	0.0	0.000118
69.5	0.0	0.000118
69.625	0.0	0.000118
69.75	0.0	0.000118
69.875	0.0	0.000118
70.0	0.0	0.000118
70.125	0.0	0.000118
70.25	0.0	0.000119
70.375	0.0	0.000119
70.5	0.0	0.000119
70.625	0.0	0.000119
70.75	0.0	0.000119
70.875	0.0	0.000119
71.0	0.0	0.000119
71.125	0.0	0.000119
71.25	0.0	0.00012
71.375	0.0	0.00012
71.5	0.0	0.00012
71.625	0.0	0.00012
71.75	0.0	0.00012
71.875	0.0	0.00012
72.0	0.0	0.00012
72.125	0.0	0.00012
72.25	0.0	0.000121
72.375	0.0	0.000121
72.5	0.0	0.000121
72.625	0.0	0.000121
72.75	0.0	0.000121
72.875	0.0	0.000121
73.0	0.0	0.000121
73.125	0.0	0.000121
73.25	0.0	0.000122
73.375	0.0	0.000122
73.5	0.0	0.000122
73.625	0.0	0.000122
73.75	0.0	0.000122
73.875	0.0	0.000122
74.0	0.0	0.000122
74.125	0.0	0.000122
74.25	0.0	0.000123
74.375	0.0	0.000123
74.5	0.0	0.000123
74.625	0.0	0.000123
74.75	0.0	0.000123
74.875	0.0	0.000123
75.0	0.0	0.000123
75.125	0.0	0.000123
75.25	0.0	0.000124
75.375	0.0	0.000124
75.5	0.0	0.000124
75.625	0.0	0.000124
75.75	0.0	0.000124
75.875	0.0	0.000124
76.0	0.0	0.000124
76.125	0.0	0.000125
76.25	0.0	0.000125
76.375	0.0	0.000125
76.5	0.0	0.000125
76.625	0.0	0.000125
76.75	0.0	0.000125
76.875	0.0	0.000125
77.0	0.0	0.000125
77.125	0.0	0.000126
77.25	0.0	0.000126
77.375	0.0	0.000126
77.5	0.0	0.000126
77.625	0.0	0.000126
77.75	0.0	0.000126
77.875	0.0	0.000126
78.0	0.0	0.000127
78.125	0.0	0.000127
78.25	0.0	0.000127
78.375	0.0	0.000127
78.5	0.0	0.000127
78.625	0.0	0.000127
78.75	0.0	0.000127
78.875	0.0	0.000128
79.0	0.0	0.000128
79.125	0.0	0.000128
79.25	0.0	0.000128
79.375	0.0	0.000128
79.5	0.0	0.000128
79.625	0.0	0.000128
79.75	0.0	0.000129
79.875	0.0	0.000129
80.0	0.0	0.000129
80.125	0.0	0.000129
80.25	0.0	0.000129
80.375	0.0	0.000129
80.5	0.0	0.000129
80.625	0.0	0.00013
80.75	0.0	0.00013
80.875	0.0	0.00013
81.0	0.0	0.00013
81.125	0.0	0.00013
81.25	0.0	0.00013
81.375	0.0	0.00013
81.5	0.0	0.000131
81.625	0.0	0.000131
81.75	0.0	0.000131
81.875	0.0	0.000131
82.0	0.0	0.000131
82.125	0.0	0.000131
82.25	0.0	0.000131
82.375	0.0	0.000132
82.5	0.0	0.000132
82.625	0.0	0.000132
82.75	0.0	0.000132
82.875	0.0	0.000132
83.0	0.0	0.000132
83.125	0.0	0.000133
83.25	0.0	0.000133
83.375	0.0	0.000133
83.5	0.0	0.000133
83.625	0.0	0.000133
83.75	0.0	0.000133
83.875	0.0	0.000133
84.0	0.0	0.000134
84.125	0.0	0.000134
84.25	0.0	0.000134
84.375	0.0	0.000134
84.5	0.0	0.000134
84.625	0.0	0.000134
84.75	0.0	0.000135
84.875	0.0	0.000135
85.0	0.0	0.000135
85.125	0.0	0.000135
85.25	0.0	0.000135
85.375	0.0	0.000135
85.5	0.0	0.000135
85.625	0.0	0.000136
85.75	0.0	0.000136
85.875	0.0	0.000136
86.0	0.0	0.000136
86.125	0.0	0.000136
86.25	0.0	0.000136
86.375	0.0	0.000137
86.5	0.0	0.000137
86.625	0.0	0.000137
86.75	0.0	0.000137
86.875	0.0	0.000137
87.0	0.0	0.000137
87.125	0.0	0.000138
87.25	0.0	0.000138
87.375	0.0	0.000138
87.5	0.0	0.000138
87.625	0.0	0.000138
87.75	0.0	0.000138
87.875	0.0	0.000139
88.0	0.0	0.000139
88.125	0.0	0.000139
88.25	0.0	0.000139
88.375	0.0	0.000139
88.5	0.0	0.000139
88.625	0.0	0.00014
88.75	0.0	0.00014
88.875	0.0	0.00014
89.0	0.0	0.00014
89.125	0.0	0.00014
89.25	0.0	0.00014
89.375	0.0	0.000141
89.5	0.0	0.000141
89.625	0.0	0.000141
89.75	0.0	0.000141
89.875	0.0	0.000141
90.0	0.0	0.000142
90.125	0.0	0.000142
90.25	0.0	0.000142
90.375	0.0	0.000142
90.5	0.0	0.000142
90.625	0.0	0.000142
90.75	0.0	0.000143
90.875	0.0	0.000143
91.0	0.0	0.000143
91.125	0.0	0.000143
91.25	0.0	0.000143
91.375	0.0	0.000143
91.5	0.0	0.000144
91.625	0.0	0.000144
91.75	0.0	0.000144
91.875	0.0	0.000144
92.0	0.0	0.000144
92.125	0.0	0.000145
92.25	0.0	0.000145
92.375	0.0	0.000145
92.5	0.0	0.000145
92.625	0.0	0.000145
92.75	0.0	0.000145
92.875	0.0	0.000146
93.0	0.0	0.000146
93.125	0.0	0.000146
93.25	0.0	0.000146
93.375	0.0	0.000146
93.5	0.0	0.000147
93.625	0.0	0.000147
93.75	0.0	0.000147
93.875	0.0	0.000147
94.0	0.0	0.000147
94.125	0.0	0.000148
94.25	0.0	0.000148
94.375	0.0	0.000148
94.5	0.0	0.000148
94.625	0.0	0.000148
94.75	0.0	0.000149
94.875	0.0	0.000149
95.0	0.0	0.000149
95.125	0.0	0.000149
95.25	0.0	0.000149
95.375	0.0	0.00015
95.5	0.0	0.00015
95.625	0.0	0.00015
95.75	0.0	0.00015
95.875	0.0	0.00015
96.0	0.0	0.00015
96.125	0.0	0.000151
96.25	0.0	0.000151
96.375	0.0	0.000151
96.5	0.0	0.000151
96.625	0.0	0.000152
96.75	0.0	0.000152
96.875	0.0	0.000152
97.0	0.0	0.000152
97.125	0.0	0.000152
97.25	0.0	0.000153
97.375	0.0	0.000153
97.5	0.0	0.000153
97.625	0.0	0.000153
97.75	0.0	0.000153
97.875	0.0	0.000154
98.0	0.0	0.000154
98.125	0.0	0.000154
98.25	0.0	0.000154
98.375	0.0	0.000154
98.5	0.0	0.000155
98.625	0.0	0.000155
98.75	0.0	0.000155
98.875	0.0	0.000155
99.0	0.0	0.000155
99.125	0.0	0.000156
99.25	0.0	0.000156
99.375	0.0	0.000156
99.5	0.0	0.000156
99.625	0.0	0.000157
99.75	0.0	0.000157
99.875	0.0	0.000157
100.0	0.0	0.000157
100.125	0.0	0.000157
100.25	0.0	0.000158
100.375	0.0	0.000158
100.5	0.0	0.000158
100.625	0.0	0.000158
100.75	0.0	0.000159
100.875	0.0	0.000159
101.0	0.0	0.000159
101.125	0.0	0.000159
101.25	0.0	0.000159
101.375	0.0	0.00016
101.5	0.0	0.00016
101.625	0.0	0.00016
101.75	0.0	0.00016
101.875	0.0	0.000161
102.0	0.0	0.000161
102.125	0.0	0.000161
102.25	0.0	0.000161
102.375	0.0	0.000161
102.5	0.0	0.000162
102.625	0.0	0.000162
102.75	0.0	0.000162
102.875	0.0	0.000162
103.0	0.0	0.000163
103.125	0.0	0.000163
103.25	0.0	0.000163
103.375	0.0	0.000163
103.5	0.0	0.000164
103.625	0.0	0.000164
103.75	0.0	0.000164
103.875	0.0	0.000164
104.0	0.0	0.000165
104.125	0.0	0.000165
104.25	0.0	0.000165
104.375	0.0	0.000165
104.5	0.0	0.000166
104.625	0.0	0.000166
104.75	0.0	0.000166
104.875	0.0	0.000166
105.0	0.0	0.000167
105.125	0.0	0.000167
105.25	0.0	0.000167
105.375	0.0	0.000167
105.5	0.0	0.000168
105.625	0.0	0.000168
105.75	0.0	0.000168
105.875	0.0	0.000168
106.0	0.0	0.000169
106.125	0.0	0.000169
106.25	0.0	0.000169
106.375	0.0	0.000169
106.5	0.0	0.00017
106.625	0.0	0.00017
106.75	0.0	0.00017
106.875	0.0	0.00017
107.0	0.0	0.000171
107.125	0.0	0.000171
107.25	0.0	0.000171
107.375	0.0	0.000171
107.5	0.0	0.000172
107.625	0.0	0.000172
107.75	0.0	0.000172
107.875	0.0	0.000172
108.0	0.0	0.000173
108.125	0.0	0.000173
108.25	0.0	0.000173
108.375	0.0	0.000173
108.5	0.0	0.000174
108.625	0.0	0.000174
108.75	0.0	0.000174
108.875	0.0	0.000175
109.0	0.0	0.000175
109.125	0.0	0.000175
109.25	0.0	0.000175
109.375	0.0	0.000176
109.5	0.0	0.000176
109.625	0.0	0.000176
109.75	0.0	0.000177
109.875	0.0	0.000177
110.0	0.0	0.000177
110.125	0.0	0.000177
110.25	0.0	0.000178
110.375	0.0	0.000178
110.5	0.0	0.000178
110.625	0.0	0.000178
110.75	0.0	0.000179
110.875	0.0	0.000179
111.0	0.0	0.000179
111.125	0.0	0.00018
111.25	0.0	0.00018
111.375	0.0	0.00018
111.5	0.0	0.000181
111.625	0.0	0.000181
111.75	0.0	0.000181
111.875	0.0	0.000181
112.0	0.0	0.000182
112.125	0.0	0.000182
112.25	0.0	0.000182
112.375	0.0	0.000183
112.5	0.0	0.000183
112.625	0.0	0.000183
112.75	0.0	0.000184
112.875	0.0	0.000184
113.0	0.0	0.000184
113.125	0.0	0.000184
113.25	0.0	0.000185
113.375	0.0	0.000185
113.5	0.0	0.000185
113.625	0.0	0.000186
113.75	0.0	0.000186
113.875	0.0	0.000186
114.0	0.0	0.000187
114.125	0.0	0.000187
114.25	0.0	0.000187
114.375	0.0	0.000188
114.5	0.0	0.000188
114.625	0.0	0.000188
114.75	0.0	0.000188
114.875	0.0	0.000189
115.0	0.0	0.000189
115.125	0.0	0.000189
115.25	0.0	0.00019
115.375	0.0	0.00019
115.5	0.0	0.00019
115.625	0.0	0.000191
115.75	0.0	0.000191
115.875	0.0	0.000191
116.0	0.0	0.000192
116.125	0.0	0.000192
116.25	0.0	0.000192
116.375	0.0	0.000193
116.5	0.0	0.000193
116.625	0.0	0.000193
116.75	0.0	0.000194
116.875	0.0	0.000194
117.0	0.0	0.000194
117.125	0.0	0.000195
117.25	0.0	0.000195
117.375	0.0	0.000195
117.5	0.0	0.000196
117.625	0.0	0.000196
117.75	0.0	0.000197
117.875	0.0	0.000197
118.0	0.0	0.000197
118.125	0.0	0.000198
118.25	0.0	0.000198
118.375	0.0	0.000198
118.5	0.0	0.000199
118.625	0.0	0.000199
118.75	0.0	0.000199
118.875	0.0	0.0002
119.0	0.0	0.0002
119.125	0.0	0.0002
119.25	0.0	0.000201
119.375	0.0	0.000201
119.5	0.0	0.000202
119.625	0.0	0.000202
119.75	0.0	0.000202
119.875	0.0	0.000203
120.0	0.0	0.000203
120.125	0.0	0.000203
120.25	0.0	0.000204
120.375	0.0	0.000204
120.5	0.0	0.000205
120.625	0.0	0.000205
120.75	0.0	0.000205
120.875	0.0	0.000206
121.0	0.0	0.000206
121.125	0.0	0.000206
121.25	0.0	0.000207
121.375	0.0	0.000207
121.5	0.0	0.000208
121.625	0.0	0.000208
121.75	0.0	0.000208
121.875	0.0	0.000209
122.0	0.0	0.000209
122.125	0.0	0.00021
122.25	0.0	0.00021
122.375	0.0	0.00021
122.5	0.0	0.000211
122.625	0.0	0.000211
122.75	0.0	0.000212
122.875	0.0	0.000212
123.0	0.0	0.000212
123.125	0.0	0.000213
123.25	0.0	0.000213
123.375	0.0	0.000214
123.5	0.0	0.000214
123.625	0.0	0.000214
123.75	0.0	0.000215
123.875	0.0	0.000215
124.0	0.0	0.000216
124.125	0.0	0.000216
124.25	0.0	0.000217
124.375	0.0	0.000217
124.5	0.0	0.000217
124.625	0.0	0.000218
124.75	0.0	0.000218
124.875	0.0	0.000219
125.0	0.0	0.000219
125.125	0.0	0.00022
125.25	0.0	0.00022
125.375	0.0	0.00022
125.5	0.0	0.000221
125.625	0.0	0.000221
125.75	0.0	0.000222
125.875	0.0	0.000222
126.0	0.0	0.000223
126.125	0.0	0.000223
126.25	0.0	0.000224
126.375	0.0	0.000224
126.5	0.0	0.000224
126.625	0.0	0.000225
126.75	0.0	0.000225
126.875	0.0	0.000226
127.0	0.0	0.000226
127.125	0.0	0.000227
127.25	0.0	0.000227
127.375	0.0	0.000228
127.5	0.0	0.000228
127.625	0.0	0.000229
127.75	0.0	0.000229
127.875	0.0	0.00023
128.0	0.0	0.00023
128.125	0.0	0.000231
128.25	0.0	0.000231
128.375	0.0	0.000231
128.5	0.0	0.000232
128.625	0.0	0.000232
128.75	0.0	0.000233
128.875	0.0	0.000233
129.0	0.0	0.000234
129.125	0.0	0.000234
129.25	0.0	0.000235
129.375	0.0	0.000235
129.5	0.0	0.000236
129.625	0.0	0.000236
129.75	0.0	0.000237
129.875	0.0	0.000237
130.0	0.0	0.000238
130.125	0.0	0.000238
130.25	0.0	0.000239
130.375	0.0	0.000239
130.5	0.0	0.00024
130.625	0.0	0.000241
130.75	0.0	0.000241
130.875	0.0	0.000242
131.0	0.0	0.000242
131.125	0.0	0.000243
131.25	0.0	0.000243
131.375	0.0	0.000244
131.5	0.0	0.000244
131.625	0.0	0.000245
131.75	0.0	0.000245
131.875	0.0	0.000246
132.0	0.0	0.000246
132.125	0.0	0.000247
132.25	0.0	0.000248
132.375	0.0	0.000248
132.5	0.0	0.000249
132.625	0.0	0.000249
132.75	0.0	0.00025
132.875	0.0	0.00025
133.0	0.0	0.000251
133.125	0.0	0.000252
133.25	0.0	0.000252
133.375	0.0	0.000253
133.5	0.0	0.000253
133.625	0.0	0.000254
133.75	0.0	0.000255
133.875	0.0	0.000255
134.0	0.0	0.000256
134.125	0.0	0.000257
134.25	0.0	0.000257
134.375	0.0	0.000258
134.5	0.0	0.000259
134.625	0.0	0.000259
134.75	0.0	0.00026
134.875	0.0	0.000261
135.0	0.0	0.000262
135.125	0.0	0.000262
135.25	0.0	0.000263
135.375	0.0	0.000264
135.5	0.0	0.000264
135.625	0.0	0.000265
135.75	0.0	0.000266
135.875	0.0	0.000266
136.0	0.0	0.000267
136.125	0.0	0.000267
136.25	0.0	0.000268
136.375	0.0	0.000268
136.5	0.0	0.000269
136.625	0.0	0.000269
136.75	0.0	0.000269
136.875	0.0	0.000269
137.0	0.0	0.000268
137.125	0.0	0.000268
137.25	0.0	0.000267
137.375	0.0	0.000266
137.5	0.0	0.000265
137.625	0.0	0.000264
137.75	0.0	0.000262
137.875	0.0	0.00026
138.0	0.0	0.000258
138.125	0.0	0.000256
138.25	0.0	0.000253
138.375	0.0	0.00025
138.5	0.0	0.000246
138.625	0.0	0.000242
138.75	0.0	0.000238
138.875	0.0	0.000234
139.0	0.0	0.000229
139.125	0.0	0.000224
139.25	0.0	0.00022
139.375	0.0	0.000215
139.5	0.0	0.000211
139.625	0.0	0.000206
139.75	0.0	0.000203
139.875	0.0	0.0002
140.0	0.0	0.000198
140.125	0.0	0.000197
140.25	0.0	0.000197
140.375	0.0	0.000199
140.5	0.0	0.000204
140.625	0.0	0.000211
140.75	0.0	0.000221
140.875	0.0	0.000234
141.0	0.0	0.000251
141.125	0.0	0.000273
141.25	0.0	0.000299
141.375	0.0	0.00033
141.5	0.0	0.000368
141.625	0.0	0.000412
141.75	0.0	0.000462
141.875	0.0	0.000521
142.0	0.0	0.000587
142.125	0.0	0.000661
142.25	0.0	0.000743
142.375	0.0	0.000834
142.5	0.0	0.000934
142.625	0.0	0.001043
142.75	0.0	0.00116
142.875	0.0	0.001286
143.0	0.0	0.001418
143.125	0.0	0.001558
143.25	1.0e-6	0.001703
143.375	1.0e-6	0.001851
143.5	1.0e-6	0.002002
143.625	1.0e-6	0.002153
143.75	1.0e-6	0.002302
143.875	1.0e-6	0.002446
144.0	1.0e-6	0.00258
144.125	2.0e-6	0.002702
144.25	2.0e-6	0.002808
144.375	2.0e-6	0.002892
144.5	3.0e-6	0.00295
144.625	3.0e-6	0.002975
144.75	4.0e-6	0.002963
144.875	5.0e-6	0.002906
145.0	6.0e-6	0.002798
145.125	7.0e-6	0.002632
145.25	8.0e-6	0.0024
145.375	9.0e-6	0.002095
145.5	1.1e-5	0.001709
145.625	1.3e-5	0.001236
145.75	1.5e-5	0.000668
145.875	1.7e-5	-2.0e-6
146.0	2.0e-5	-0.000781
146.125	2.4e-5	-0.001674
146.25	2.8e-5	-0.002686
146.375	3.2e-5	-0.003821
146.5	3.7e-5	-0.005082
146.625	4.3e-5	-0.00647
146.75	5.1e-5	-0.007983
146.875	5.9e-5	-0.009621
147.0	6.8e-5	-0.011377
147.125	7.9e-5	-0.013244
147.25	9.1e-5	-0.015213
147.375	0.000105	-0.01727
147.5	0.000121	-0.0194
147.625	0.00014	-0.021583
147.75	0.000161	-0.023795
147.875	0.000186	-0.026011
148.0	0.000213	-0.028201
148.125	0.000245	-0.030328
148.25	0.000281	-0.032357
148.375	0.000323	-0.034244
148.5	0.00037	-0.035943
148.625	0.000423	-0.037407
148.75	0.000483	-0.038582
148.875	0.000552	-0.039413
149.0	0.00063	-0.039842
149.125	0.000718	-0.039809
149.25	0.000817	-0.039253
149.375	0.00093	-0.038111
149.5	0.001056	-0.036321
149.625	0.001199	-0.033823
149.75	0.00136	-0.030555
149.875	0.001541	-0.026463
150.0	0.001744	-0.021494
150.125	0.001972	-0.015599
150.25	0.002228	-0.008739
150.375	0.002514	-0.000881
150.5	0.002834	0.008
150.625	0.003193	0.017917
150.75	0.003592	0.028871
150.875	0.004038	0.040851
151.0	0.004535	0.05383
151.125	0.005087	0.067767
151.25	0.005702	0.082602
151.375	0.006384	0.098259
151.5	0.007141	0.114643
151.625	0.007979	0.131638
151.75	0.008908	0.149109
151.875	0.009934	0.166901
152.0	0.011068	0.184837
152.125	0.01232	0.202721
152.25	0.013699	0.220337
152.375	0.015217	0.237451
152.5	0.016888	0.253809
152.625	0.018723	0.269143
152.75	0.020737	0.28317
152.875	0.022944	0.295594
153.0	0.025362	0.306112
153.125	0.028008	0.314411
153.25	0.030898	0.320177
153.375	0.034053	0.323098
153.5	0.037494	0.322863
153.625	0.041241	0.319172
153.75	0.045318	0.311739
153.875	0.049748	0.300293
154.0	0.054559	0.28459
154.125	0.059775	0.264411
154.25	0.065425	0.239571
154.375	0.071539	0.209923
154.5	0.078147	0.175365
154.625	0.085281	0.135839
154.75	0.092974	0.091342
154.875	0.101262	0.041928
155.0	0.110179	-0.012289
155.125	0.119763	-0.071133
155.25	0.130053	-0.134359
155.375	0.141087	-0.201655
155.5	0.152907	-0.272638
155.625	0.165553	-0.346854
155.75	0.179069	-0.42378
155.875	0.193496	-0.502822
156.0	0.20888	-0.583322
156.125	0.225264	-0.664554
156.25	0.242694	-0.745734
156.375	0.261215	-0.826025
156.5	0.280871	-0.90454
156.625	0.301709	-0.98035
156.75	0.323773	-1.052494
156.875	0.347107	-1.119987
157.0	0.371756	-1.18183
157.125	0.397763	-1.237022
157.25	0.425169	-1.284568
157.375	0.454015	-1.323494
157.5	0.48434	-1.352862
157.625	0.51618	-1.371775
157.75	0.549571	-1.379397
157.875	0.584545	-1.374965
158.0	0.621131	-1.357797
158.125	0.659355	-1.327311
158.25	0.699241	-1.283033
158.375	0.740809	-1.224607
158.5	0.784073	-1.151811
158.625	0.829045	-1.064561
158.75	0.875732	-0.962918
158.875	0.924135	-0.847103
159.0	0.974251	-0.717492
159.125	1.026071	-0.574625
159.25	1.079582	-0.419208
159.375	1.134763	-0.252108
159.5	1.191587	-0.074357
159.625	1.250023	0.112859
159.75	1.31003	0.308199
159.875	1.371563	0.510185
160.0	1.43457	0.717202
160.125	1.498991	0.92752
160.25	1.564759	1.139302
160.375	1.631801	1.350624
160.5	1.700037	1.559491
160.625	1.769379	1.763858
160.75	1.839732	1.961649
160.875	1.910995	2.150781
161.0	1.98306	2.329185
161.125	2.055812	2.49483
161.25	2.12913	2.645747
161.375	2.202888	2.78005
161.5	2.276953	2.895965
161.625	2.351185	2.991844
161.75	2.425442	3.066197
161.875	2.499576	3.117704
162.0	2.573434	3.145239
162.125	2.64686	3.147884
162.25	2.719695	3.12495
162.375	2.791778	3.075983
162.5	2.862943	3.00078
162.625	2.933026	2.899392
162.75	3.00186	2.772137
162.875	3.069278	2.619592
163.0	3.135114	2.442599
163.125	3.199202	2.242261
163.25	3.26138	2.019931
163.375	3.321485	1.777205
163.5	3.379361	1.515907
163.625	3.434853	1.238074
163.75	3.487812	0.945937
163.875	3.538093	0.641903
164.0	3.585558	0.328523
164.125	3.630074	0.008475
164.25	3.671517	-0.315465
164.375	3.70977	-0.640456
164.5	3.744722	-0.963618
164.625	3.776275	-1.282063
164.75	3.804336	-1.592926
164.875	3.828824	-1.893396
165.0	3.849668	-2.180747
165.125	3.866807	-2.452367
165.25	3.88019	-2.705784
165.375	3.889777	-2.938697
165.5	3.895541	-3.149
165.625	3.897464	-3.334803
165.75	3.895541	-3.494453
165.875	3.889777	-3.626553
166.0	3.88019	-3.729975
166.125	3.866808	-3.803873
166.25	3.849669	-3.847692
166.375	3.828826	-3.861169
166.5	3.804338	-3.844341
166.625	3.776277	-3.797538
166.75	3.744724	-3.72138
166.875	3.709772	-3.616768
167.0	3.67152	-3.484873
167.125	3.630077	-3.327121
167.25	3.585561	-3.145176
167.375	3.538096	-2.940919
167.5	3.487815	-2.716426
167.625	3.434857	-2.473946
167.75	3.379365	-2.215872
167.875	3.321489	-1.944716
168.0	3.261383	-1.663078
168.125	3.199206	-1.373619
168.25	3.135117	-1.079034
168.375	3.069282	-0.782018
168.5	3.001864	-0.485242
168.625	2.93303	-0.191321
168.75	2.862947	0.09721
168.875	2.791782	0.377919
169.0	2.7197	0.648508
169.125	2.646864	0.906827
169.25	2.573438	1.150896
169.375	2.49958	1.378926
169.5	2.425446	1.589326
169.625	2.351189	1.780721
169.75	2.276957	1.951958
169.875	2.202893	2.102114
170.0	2.129135	2.230498
170.125	2.055816	2.336654
170.25	1.983064	2.420354
170.375	1.910999	2.481601
170.5	1.839736	2.520617
170.625	1.769383	2.537833
170.75	1.700041	2.533881
170.875	1.631805	2.509579
171.0	1.564763	2.465914
171.125	1.498995	2.40403
171.25	1.434574	2.325205
171.375	1.371567	2.230836
171.5	1.310033	2.12242
171.625	1.250026	2.001531
171.75	1.191591	1.869803
171.875	1.134766	1.728907
172.0	1.079585	1.580536
172.125	1.026075	1.426382
172.25	0.974254	1.268121
172.375	0.924138	1.107391
172.5	0.875735	0.945783
172.625	0.829048	0.784818
172.75	0.784076	0.625941
172.875	0.740811	0.470505
173.0	0.699244	0.31976
173.125	0.659358	0.174848
173.25	0.621133	0.036794
173.375	0.584547	-0.0935
173.5	0.549573	-0.215259
173.625	0.516182	-0.327833
173.75	0.484342	-0.430703
173.875	0.454017	-0.523475
174.0	0.425171	-0.605879
174.125	0.397765	-0.677768
174.25	0.371758	-0.739107
174.375	0.347109	-0.789974
174.5	0.323774	-0.830545
174.625	0.30171	-0.861094
174.75	0.280872	-0.881979
174.875	0.261216	-0.893634
175.0	0.242695	-0.896561
175.125	0.225265	-0.89132
175.25	0.208881	-0.878518
175.375	0.193497	-0.8588
175.5	0.179069	-0.83284
175.625	0.165554	-0.801331
175.75	0.152908	-0.764976
175.875	0.141088	-0.72448
176.0	0.130054	-0.680541
176.125	0.119764	-0.633845
176.25	0.110179	-0.585057
176.375	0.101262	-0.534814
176.5	0.092975	-0.483724
176.625	0.085281	-0.432358
176.75	0.078147	-0.381244
176.875	0.071539	-0.330873
177.0	0.065425	-0.281684
177.125	0.059775	-0.234075
177.25	0.054559	-0.188392
177.375	0.049749	-0.144934
177.5	0.045318	-0.103953
177.625	0.041241	-0.065653
177.75	0.037494	-0.030192
177.875	0.034053	0.002314
178.0	0.030898	0.031791
178.125	0.028008	0.058207
178.25	0.025363	0.081561
178.375	0.022945	0.101891
178.5	0.020737	0.11926
178.625	0.018723	0.133761
178.75	0.016888	0.145509
178.875	0.015217	0.154638
179.0	0.013699	0.161301
179.125	0.01232	0.165664
179.25	0.011068	0.167901
179.375	0.009934	0.168196
179.5	0.008908	0.166736
179.625	0.007979	0.163711
179.75	0.007141	0.15931
179.875	0.006384	0.153718
180.0	0.005702	0.147117
180.125	0.005087	0.139682
180.25	0.004535	0.131581
180.375	0.004038	0.122972
180.5	0.003592	0.114002
180.625	0.003193	0.10481
180.75	0.002835	0.095519
180.875	0.002514	0.086245
181.0	0.002228	0.077089
181.125	0.001972	0.06814
181.25	0.001744	0.059477
181.375	0.001541	0.051166
181.5	0.00136	0.043261
181.625	0.001199	0.035806
181.75	0.001056	0.028836
181.875	0.00093	0.022375
182.0	0.000817	0.016439
182.125	0.000718	0.011035
182.25	0.00063	0.006164
182.375	0.000552	0.001819
182.5	0.000483	-0.00201
182.625	0.000423	-0.005341
182.75	0.00037	-0.008195
182.875	0.000323	-0.010595
183.0	0.000281	-0.012568
183.125	0.000245	-0.014144
183.25	0.000213	-0.015352
183.375	0.000186	-0.016224
183.5	0.000161	-0.016792
183.625	0.00014	-0.017088
183.75	0.000121	-0.017141
183.875	0.000105	-0.016984
184.0	9.1e-5	-0.016644
184.125	7.9e-5	-0.016151
184.25	6.8e-5	-0.015529
184.375	5.9e-5	-0.014804
184.5	5.1e-5	-0.013999
184.625	4.3e-5	-0.013134
184.75	3.7e-5	-0.012228
184.875	3.2e-5	-0.011299
185.0	2.8e-5	-0.010361
185.125	2.4e-5	-0.009428
185.25	2.0e-5	-0.008511
185.375	1.7e-5	-0.00762
185.5	1.5e-5	-0.006762
185.625	1.3e-5	-0.005944
185.75	1.1e-5	-0.005172
185.875	9.0e-6	-0.004449
186.0	8.0e-6	-0.003777
186.125	7.0e-6	-0.003158
186.25	6.0e-6	-0.002593
186.375	5.0e-6	-0.002081
186.5	4.0e-6	-0.001622
186.625	3.0e-6	-0.001214
186.75	3.0e-6	-0.000855
186.875	2.0e-6	-0.000542
187.0	2.0e-6	-0.000274
187.125	2.0e-6	-4.7e-5
187.25	1.0e-6	0.000143
187.375	1.0e-6	0.000298
187.5	1.0e-6	0.00042
187.625	1.0e-6	0.000515
187.75	1.0e-6	0.000584
187.875	1.0e-6	0.00063
188.0	1.0e-6	0.000657
188.125	0.0	0.000668
188.25	0.0	0.000663
188.375	0.0	0.000647
188.5	0.0	0.000621
188.625	0.0	0.000587
188.75	0.0	0.000547
188.875	0.0	0.000502
189.0	0.0	0.000455
189.125	0.0	0.000405
189.25	0.0	0.000355
189.375	0.0	0.000305
189.5	0.0	0.000255
189.625	0.0	0.000207
189.75	0.0	0.000162
189.875	0.0	0.000118
190.0	0.0	7.7e-5
190.125	0.0	3.9e-5
190.25	0.0	4.0e-6
190.375	0.0	-2.8e-5
190.5	0.0	-5.7e-5
190.625	0.0	-8.3e-5
190.75	0.0	-0.000107
190.875	0.0	-0.000127
191.0	0.0	-0.000145
191.125	0.0	-0.00016
191.25	0.0	-0.000174
191.375	0.0	-0.000185
191.5	0.0	-0.000194
191.625	0.0	-0.000201
191.75	0.0	-0.000207
191.875	0.0	-0.000212
192.0	0.0	-0.000215
192.125	0.0	-0.000217
192.25	0.0	-0.000219
192.375	0.0	-0.000219
192.5	0.0	-0.000219
192.625	0.0	-0.000219
192.75	0.0	-0.000218
192.875	0.0	-0.000216
193.0	0.0	-0.000214
193.125	0.0	-0.000213
193.25	0.0	-0.00021
193.375	0.0	-0.000208
193.5	0.0	-0.000206
193.625	0.0	-0.000204
193.75	0.0	-0.000202
193.875	0.0	-0.0002
194.0	0.0	-0.000198
194.125	0.0	-0.000196
194.25	0.0	-0.000194
194.375	0.0	-0.000192
194.5	0.0	-0.00019
194.625	0.0	-0.000189
194.75	0.0	-0.000187
194.875	0.0	-0.000186
195.0	0.0	-0.000184
195.125	0.0	-0.000183
195.25	0.0	-0.000182
195.375	0.0	-0.000181
195.5	0.0	-0.00018
195.625	0.0	-0.000179
195.75	0.0	-0.000178
195.875	0.0	-0.000177
196.0	0.0	-0.000176
196.125	0.0	-0.000175
196.25	0.0	-0.000175
196.375	0.0	-0.000174
196.5	0.0	-0.000173
196.625	0.0	-0.000172
196.75	0.0	-0.000172
196.875	0.0	-0.000171
197.0	0.0	-0.000171
197.125	0.0	-0.00017
197.25	0.0	-0.000169
197.375	0.0	-0.000169
197.5	0.0	-0.000168
197.625	0.0	-0.000168
197.75	0.0	-0.000167
197.875	0.0	-0.000167
198.0	0.0	-0.000166
198.125	0.0	-0.000166
198.25	0.0	-0.000165
198.375	0.0	-0.000164
198.5	0.0	-0.000164
198.625	0.0	-0.000163
198.75	0.0	-0.000163
198.875	0.0	-0.000162
199.0	0.0	-0.000162
199.125	0.0	-0.000161
199.25	0.0	-0.000161
199.375	0.0	-0.00016
199.5	0.0	-0.00016
199.625	0.0	-0.000159
199.75	0.0	-0.000159
199.875	0.0	-0.000158
200.0	0.0	-0.000157
200.125	0.0	-0.000157
200.25	0.0	-0.000156
200.375	0.0	-0.000156
200.5	0.0	-0.000155
200.625	0.0	-0.000155
200.75	0.0	-0.000154
200.875	0.0	-0.000154
201.0	0.0	-0.000153
201.125	0.0	-0.000153
201.25	0.0	-0.000152
201.375	0.0	-0.000152
201.5	0.0	-0.000151
201.625	0.0	-0.000151
201.75	0.0	-0.00015
201.875	0.0	-0.00015
202.0	0.0	-0.000149
202.125	0.0	-0.000149
202.25	0.0	-0.000148
202.375	0.0	-0.000148
202.5	0.0	-0.000147
202.625	0.0	-0.000147
202.75	0.0	-0.000146
202.875	0.0	-0.000146
203.0	0.0	-0.000145
203.125	0.0	-0.000145
203.25	0.0	-0.000144
203.375	0.0	-0.000144
203.5	0.0	-0.000143
203.625	0.0	-0.000143
203.75	0.0	-0.000142
203.875	0.0	-0.000142
204.0	0.0	-0.000142
204.125	0.0	-0.000141
204.25	0.0	-0.000141
204.375	0.0	-0.00014
204.5	0.0	-0.00014
204.625	0.0	-0.000139
204.75	0.0	-0.000139
204.875	0.0	-0.000138
205.0	0.0	-0.000138
205.125	0.0	-0.000137
205.25	0.0	-0.000137
205.375	0.0	-0.000136
205.5	0.0	-0.000136
205.625	0.0	-0.000136
205.75	0.0	-0.000135
205.875	0.0	-0.000135
206.0	0.0	-0.000134
206.125	0.0	-0.000134
206.25	0.0	-0.000133
206.375	0.0	-0.000133
206.5	0.0	-0.000133
206.625	0.0	-0.000132
206.75	0.0	-0.000132
206.875	0.0	-0.000131
207.0	0.0	-0.000131
207.125	0.0	-0.00013
207.25	0.0	-0.00013
207.375	0.0	-0.00013
207.5	0.0	-0.000129
207.625	0.0	-0.000129
207.75	0.0	-0.000128
207.875	0.0	-0.000128
208.0	0.0	-0.000128
208.125	0.0	-0.000127
208.25	0.0	-0.000127
208.375	0.0	-0.000126
208.5	0.0	-0.000126
208.625	0.0	-0.000125
208.75	0.0	-0.000125
208.875	0.0	-0.000125
209.0	0.0	-0.000124
209.125	0.0	-0.000124
209.25	0.0	-0.000123
209.375	0.0	-0.000123
209.5	0.0	-0.000123
209.625	0.0	-0.000122
209.75	0.0	-0.000122
209.875	0.0	-0.000122
210.0	0.0	-0.000121
210.125	0.0	-0.000121
210.25	0.0	-0.00012
210.375	0.0	-0.00012
210.5	0.0	-0.00012
210.625	0.0	-0.000119
210.75	0.0	-0.000119
210.875	0.0	-0.000118
211.0	0.0	-0.000118
211.125	0.0	-0.000118
211.25	0.0	-0.000117
211.375	0.0	-0.000117
211.5	0.0	-0.000117
211.625	0.0	-0.000116
211.75	0.0	-0.000116
211.875	0.0	-0.000115
212.0	0.0	-0.000115
212.125	0.0	-0.000115
212.25	0.0	-0.000114
212.375	0.0	-0.000114
212.5	0.0	-0.000114
212.625	0.0	-0.000113
212.75	0.0	-0.000113
212.875	0.0	-0.000113
213.0	0.0	-0.000112
213.125	0.0	-0.000112
213.25	0.0	-0.000112
213.375	0.0	-0.000111
213.5	0.0	-0.000111
213.625	0.0	-0.00011
213.75	0.0	-0.00011
213.875	0.0	-0.00011
214.0	0.0	-0.000109
214.125	0.0	-0.000109
214.25	0.0	-0.000109
214.375	0.0	-0.000108
214.5	0.0	-0.000108
214.625	0.0	-0.000108
214.75	0.0	-0.000107
214.875	0.0	-0.000107
215.0	0.0	-0.000107
215.125	0.0	-0.000106
215.25	0.0	-0.000106
215.375	0.0	-0.000106
215.5	0.0	-0.000105
215.625	0.0	-0.000105
215.75	0.0	-0.000105
215.875	0.0	-0.000104
216.0	0.0	-0.000104
216.125	0.0	-0.000104
216.25	0.0	-0.000103
216.375	0.0	-0.000103
216.5	0.0	-0.000103
216.625	0.0	-0.000102
216.75	0.0	-0.000102
216.875	0.0	-0.000102
217.0	0.0	-0.000102
217.125	0.0	-0.000101
217.25	0.0	-0.000101
217.375	0.0	-0.000101
217.5	0.0	-0.0001
217.625	0.0	-0.0001
217.75	0.0	-0.0001
217.875	0.0	-9.9e-5
218.0	0.0	-9.9e-5
218.125	0.0	-9.9e-5
218.25	0.0	-9.8e-5
218.375	0.0	-9.8e-5
218.5	0.0	-9.8e-5
218.625	0.0	-9.8e-5
218.75	0.0	-9.7e-5
218.875	0.0	-9.7e-5
219.0	0.0	-9.7e-5
219.125	0.0	-9.6e-5
219.25	0.0	-9.6e-5
219.375	0.0	-9.6e-5
219.5	0.0	-9.5e-5
219.625	0.0	-9.5e-5
219.75	0.0	-9.5e-5
219.875	0.0	-9.5e-5
220.0	0.0	-9.4e-5
220.125	0.0	-9.4e-5
220.25	0.0	-9.4e-5
220.375	0.0	-9.3e-5
220.5	0.0	-9.3e-5
220.625	0.0	-9.3e-5
220.75	0.0	-9.3e-5
220.875	0.0	-9.2e-5
221.0	0.0	-9.2e-5
221.125	0.0	-9.2e-5
221.25	0.0	-9.1e-5
221.375	0.0	-9.1e-5
221.5	0.0	-9.1e-5
221.625	0.0	-9.1e-5
221.75	0.0	-9.0e-5
221.875	0.0	-9.0e-5
222.0	0.0	-9.0e-5
222.125	0.0	-8.9e-5
222.25	0.0	-8.9e-5
222.375	0.0	-8.9e-5
222.5	0.0	-8.9e-5
222.625	0.0	-8.8e-5
222.75	0.0	-8.8e-5
222.875	0.0	-8.8e-5
223.0	0.0	-8.8e-5
223.125	0.0	-8.7e-5
223.25	0.0	-8.7e-5
223.375	0.0	-8.7e-5
223.5	0.0	-8.6e-5
223.625	0.0	-8.6e-5
223.75	0.0	-8.6e-5
223.875	0.0	-8.6e-5
224.0	0.0	-8.5e-5
224.125	0.0	-8.5e-5
224.25	0.0	-8.5e-5
224.375	0.0	-8.5e-5
224.5	0.0	-8.4e-5
224.625	0.0	-8.4e-5
224.75	0.0	-8.4e-5
224.875	0.0	-8.4e-5
225.0	0.0	-8.3e-5
225.125	0.0	-8.3e-5
225.25	0.0	-8.3e-5
225.375	0.0	-8.3e-5
225.5	0.0	-8.2e-5
225.625	0.0	-8.2e-5
225.75	0.0	-8.2e-5
225.875	0.0	-8.2e-5
226.0	0.0	-8.1e-5
226.125	0.0	-8.1e-5
226.25	0.0	-8.1e-5
226.375	0.0	-8.1e-5
226.5	0.0	-8.0e-5
226.625	0.0	-8.0e-5
226.75	0.0	-8.0e-5
226.875	0.0	-8.0e-5
227.0	0.0	-7.9e-5
227.125	0.0	-7.9e-5
227.25	0.0	-7.9e-5
227.375	0.0	-7.9e-5
227.5	0.0	-7.8e-5
227.625	0.0	-7.8e-5
227.75	0.0	-7.8e-5
227.875	0.0	-7.8e-5
228.0	0.0	-7.7e-5
228.125	0.0	-7.7e-5
228.25	0.0	-7.7e-5
228.375	0.0	-7.7e-5
228.5	0.0	-7.6e-5
228.625	0.0	-7.6e-5
228.75	0.0	-7.6e-5
228.875	0.0	-7.6e-5
229.0	0.0	-7.6e-5
229.125	0.0	-7.5e-5
229.25	0.0	-7.5e-5
229.375	0.0	-7.5e-5
229.5	0.0	-7.5e-5
229.625	0.0	-7.4e-5
229.75	0.0	-7.4e-5
229.875	0.0	-7.4e-5
230.0	0.0	-7.4e-5
230.125	0.0	-7.3e-5
230.25	0.0	-7.3e-5
230.375	0.0	-7.3e-5
230.5	0.0	-7.3e-5
230.625	0.0	-7.3e-5
230.75	0.0	-7.2e-5
230.875	0.0	-7.2e-5
231.0	0.0	-7.2e-5
231.125	0.0	-7.2e-5
231.25	0.0	-7.1e-5
231.375	0.0	-7.1e-5
231.5	0.0	-7.1e-5
231.625	0.0	-7.1e-5
231.75	0.0	-7.1e-5
231.875	0.0	-7.0e-5
232.0	0.0	-7.0e-5
232.125	0.0	-7.0e-5
232.25	0.0	-7.0e-5
232.375	0.0	-7.0e-5
232.5	0.0	-6.9e-5
232.625	0.0	-6.9e-5
232.75	0.0	-6.9e-5
232.875	0.0	-6.9e-5
233.0	0.0	-6.8e-5
233.125	0.0	-6.8e-5
233.25	0.0	-6.8e-5
233.375	0.0	-6.8e-5
233.5	0.0	-6.8e-5
233.625	0.0	-6.7e-5
233.75	0.0	-6.7e-5
233.875	0.0	-6.7e-5
234.0	0.0	-6.7e-5
234.125	0.0	-6.7e-5
234.25	0.0	-6.6e-5
234.375	0.0	-6.6e-5
234.5	0.0	-6.6e-5
234.625	0.0	-6.6e-5
234.75	0.0	-6.6e-5
234.875	0.0	-6.5e-5
235.0	0.0	-6.5e-5
235.125	0.0	-6.5e-5
235.25	0.0	-6.5e-5
235.375	0.0	-6.5e-5
235.5	0.0	-6.4e-5
235.625	0.0	-6.4e-5
235.75	0.0	-6.4e-5
235.875	0.0	-6.4e-5
236.0	0.0	-6.4e-5
236.125	0.0	-6.3e-5
236.25	0.0	-6.3e-5
236.375	0.0	-6.3e-5
236.5	0.0	-6.3e-5
236.625	0.0	-6.3e-5
236.75	0.0	-6.2e-5
236.875	0.0	-6.2e-5
237.0	0.0	-6.2e-5
237.125	0.0	-6.2e-5
237.25	0.0	-6.2e-5
237.375	0.0	-6.1e-5
237.5	0.0	-6.1e-5
237.625	0.0	-6.1e-5
237.75	0.0	-6.1e-5
237.875	0.0	-6.1e-5
238.0	0.0	-6.1e-5
238.125	0.0	-6.0e-5
238.25	0.0	-6.0e-5
238.375	0.0	-6.0e-5
238.5	0.0	-6.0e-5
238.625	0.0	-6.0e-5
238.75	0.0	-5.9e-5
238.875	0.0	-5.9e-5
239.0	0.0	-5.9e-5
239.125	0.0	-5.9e-5
239.25	0.0	-5.9e-5
239.375	0.0	-5.9e-5
239.5	0.0	-5.8e-5
239.625	0.0	-5.8e-5
239.75	0.0	-5.8e-5
239.875	0.0	-5.8e-5
240.0	0.0	-5.8e-5
240.125	0.0	-5.7e-5
240.25	0.0	-5.7e-5
240.375	0.0	-5.7e-5
240.5	0.0	-5.7e-5
240.625	0.0	-5.7e-5
240.75	0.0	-5.7e-5
240.875	0.0	-5.6e-5
241.0	0.0	-5.6e-5
241.125	0.0	-5.6e-5
241.25	0.0	-5.6e-5
241.375	0.0	-5.6e-5
241.5	0.0	-5.5e-5
241.625	0.0	-5.5e-5
241.75	0.0	-5.5e-5
241.875	0.0	-5.5e-5
242.0	0.0	-5.5e-5
242.125	0.0	-5.5e-5
242.25	0.0	-5.4e-5
242.375	0.0	-5.4e-5
242.5	0.0	-5.4e-5
242.625	0.0	-5.4e-5
242.75	0.0	-5.4e-5
242.875	0.0	-5.4e-5
243.0	0.0	-5.3e-5
243.125	0.0	-5.3e-5
243.25	0.0	-5.3e-5
243.375	0.0	-5.3e-5
243.5	0.0	-5.3e-5
243.625	0.0	-5.3e-5
243.75	0.0	-5.2e-5
243.875	0.0	-5.2e-5
244.0	0.0	-5.2e-5
244.125	0.0	-5.2e-5
244.25	0.0	-5.2e-5
244.375	0.0	-5.2e-5
244.5	0.0	-5.1e-5
244.625	0.0	-5.1e-5
244.75	0.0	-5.1e-5
244.875	0.0	-5.1e-5
245.0	0.0	-5.1e-5
245.125	0.0	-5.1e-5
245.25	0.0	-5.0e-5
245.375	0.0	-5.0e-5
245.5	0.0	-5.0e-5
245.625	0.0	-5.0e-5
245.75	0.0	-5.0e-5
245.875	0.0	-5.0e-5
246.0	0.0	-4.9e-5
246.125	0.0	-4.9e-5
246.25	0.0	-4.9e-5
246.375	0.0	-4.9e-5
246.5	0.0	-4.9e-5
246.625	0.0	-4.9e-5
246.75	0.0	-4.9e-5
246.875	0.0	-4.8e-5
247.0	0.0	-4.8e-5
247.125	0.0	-4.8e-5
247.25	0.0	-4.8e-5
247.375	0.0	-4.8e-5
247.5	0.0	-4.8e-5
247.625	0.0	-4.7e-5
247.75	0.0	-4.7e-5
247.875	0.0	-4.7e-5
248.0	0.0	-4.7e-5
248.125	0.0	-4.7e-5
248.25	0.0	-4.7e-5
248.375	0.0	-4.7e-5
248.5	0.0	-4.6e-5
248.625	0.0	-4.6e-5
248.75	0.0	-4.6e-5
248.875	0.0	-4.6e-5
249.0	0.0	-4.6e-5
249.125	0.0	-4.6e-5
249.25	0.0	-4.5e-5
249.375	0.0	-4.5e-5
249.5	0.0	-4.5e-5
249.625	0.0	-4.5e-5
249.75	0.0	-4.5e-5
249.875	0.0	-4.5e-5
250.0	0.0	-4.5e-5
250.125	0.0	-4.4e-5
250.25	0.0	-4.4e-5
250.375	0.0	-4.4e-5
250.5	0.0	-4.4e-5
250.625	0.0	-4.4e-5
250.75	0.0	-4.4e-5
250.875	0.0	-4.4e-5
251.0	0.0	-4.3e-5
251.125	0.0	-4.3e-5
251.25	0.0	-4.3e-5
251.375	0.0	-4.3e-5
251.5	0.0	-4.3e-5
251.625	0.0	-4.3e-5
251.75	0.0	-4.3e-5
251.875	0.0	-4.2e-5
252.0	0.0	-4.2e-5
252.125	0.0	-4.2e-5
252.25	0.0	-4.2e-5
252.375	0.0	-4.2e-5
252.5	0.0	-4.2e-5
252.625	0.0	-4.2e-5
252.75	0.0	-4.1e-5
252.875	0.0	-4.1e-5
253.0	0.0	-4.1e-5
253.125	0.0	-4.1e-5
253.25	0.0	-4.1e-5
253.375	0.0	-4.1e-5
253.5	0.0	-4.1e-5
253.625	0.0	-4.0e-5
253.75	0.0	-4.0e-5
253.875	0.0	-4.0e-5
254.0	0.0	-4.0e-5
254.125	0.0	-4.0e-5
254.25	0.0	-4.0e-5
254.375	0.0	-4.0e-5
254.5	0.0	-4.0e-5
254.625	0.0	-3.9e-5
254.75	0.0	-3.9e-5
254.875	0.0	-3.9e-5
255.0	0.0	-3.9e-5
255.125	0.0	-3.9e-5
255.25	0.0	-3.9e-5
255.375	0.0	-3.9e-5
255.5	0.0	-3.8e-5
255.625	0.0	-3.8e-5
255.75	0.0	-3.8e-5
255.875	0.0	-3.8e-5
256.0	0.0	-3.8e-5
256.125	0.0	-3.8e-5
256.25	0.0	-3.8e-5
256.375	0.0	-3.8e-5
256.5	0.0	-3.7e-5
256.625	0.0	-3.7e-5
256.75	0.0	-3.7e-5
256.875	0.0	-3.7e-5
257.0	0.0	-3.7e-5
257.125	0.0	-3.7e-5
257.25	0.0	-3.7e-5
257.375	0.0	-3.6e-5
257.5	0.0	-3.6e-5
257.625	0.0	-3.6e-5
