-254.25	0.0	-0.000117
-254.125	0.0	-0.000117
-254.0	0.0	-0.000116
-253.875	0.0	-0.000116
-253.75	0.0	-0.000116
-253.625	0.0	-0.000115
-253.5	0.0	-0.000115
-253.375	0.0	-0.000115
-253.25	0.0	-0.000115
-253.125	0.0	-0.000114
-253.0	0.0	-0.000114
-252.875	0.0	-0.000114
-252.75	0.0	-0.000113
-252.625	0.0	-0.000113
-252.5	0.0	-0.000113
-252.375	0.0	-0.000113
-252.25	0.0	-0.000112
-252.125	0.0	-0.000112
-252.0	0.0	-0.000112
-251.875	0.0	-0.000112
-251.75	0.0	-0.000111
-251.625	0.0	-0.000111
-251.5	0.0	-0.000111
-251.375	0.0	-0.00011
-251.25	0.0	-0.00011
-251.125	0.0	-0.00011
-251.0	0.0	-0.00011
-250.875	0.0	-0.000109
-250.75	0.0	-0.000109
-250.625	0.0	-0.000109
-250.5	0.0	-0.000109
-250.375	0.0	-0.000108
-250.25	0.0	-0.000108
-250.125	0.0	-0.000108
-250.0	0.0	-0.000107
-249.875	0.0	-0.000107
-249.75	0.0	-0.000107
-249.625	0.0	-0.000107
-249.5	0.0	-0.000106
-249.375	0.0	-0.000106
-249.25	0.0	-0.000106
-249.125	0.0	-0.000106
-249.0	0.0	-0.000105
-248.875	0.0	-0.000105
-248.75	0.0	-0.000105
-248.625	0.0	-0.000104
-248.5	0.0	-0.000104
-248.375	0.0	-0.000104
-248.25	0.0	-0.000104
-248.125	0.0	-0.000103
-248.0	0.0	-0.000103
-247.875	0.0	-0.000103
-247.75	0.0	-0.000103
-247.625	0.0	-0.000102
-247.5	0.0	-0.000102
-247.375	0.0	-0.000102
-247.25	0.0	-0.000102
-247.125	0.0	-0.000101
-247.0	0.0	-0.000101
-246.875	0.0	-0.000101
-246.75	0.0	-0.000101
-246.625	0.0	-0.0001
-246.5	0.0	-0.0001
-246.375	0.0	-0.0001
-246.25	0.0	-9.9e-5
-246.125	0.0	-9.9e-5
-246.0	0.0	-9.9e-5
-245.875	0.0	-9.9e-5
-245.75	0.0	-9.8e-5
-245.625	0.0	-9.8e-5
-245.5	0.0	-9.8e-5
-245.375	0.0	-9.8e-5
-245.25	0.0	-9.7e-5
-245.125	0.0	-9.7e-5
-245.0	0.0	-9.7e-5
-244.875	0.0	-9.7e-5
-244.75	0.0	-9.6e-5
-244.625	0.0	-9.6e-5
-244.5	0.0	-9.6e-5
-244.375	0.0	-9.6e-5
-244.25	0.0	-9.5e-5
-244.125	0.0	-9.5e-5
-244.0	0.0	-9.5e-5
-243.875	0.0	-9.4e-5
-243.75	0.0	-9.4e-5
-243.625	0.0	-9.4e-5
-243.5	0.0	-9.4e-5
-243.375	0.0	-9.3e-5
-243.25	0.0	-9.3e-5
-243.125	0.0	-9.3e-5
-243.0	0.0	-9.3e-5
-242.875	0.0	-9.2e-5
-242.75	0.0	-9.2e-5
-242.625	0.0	-9.2e-5
-242.5	0.0	-9.2e-5
-242.375	0.0	-9.1e-5
-242.25	0.0	-9.1e-5
-242.125	0.0	-9.1e-5
-242.0	0.0	-9.1e-5
-241.875	0.0	-9.0e-5
-241.75	0.0	-9.0e-5
-241.625	0.0	-9.0e-5
-241.5	0.0	-9.0e-5
-241.375	0.0	-8.9e-5
-241.25	0.0	-8.9e-5
-241.125	0.0	-8.9e-5
-241.0	0.0	-8.9e-5
-240.875	0.0	-8.8e-5
-240.75	0.0	-8.8e-5
-240.625	0.0	-8.8e-5
-240.5	0.0	-8.8e-5
-240.375	0.0	-8.7e-5
-240.25	0.0	-8.7e-5
-240.125	0.0	-8.7e-5
-240.0	0.0	-8.7e-5
-239.875	0.0	-8.6e-5
-239.75	0.0	-8.6e-5
-239.625	0.0	-8.6e-5
-239.5	0.0	-8.6e-5
-239.375	0.0	-8.5e-5
-239.25	0.0	-8.5e-5
-239.125	0.0	-8.5e-5
-239.0	0.0	-8.5e-5
-238.875	0.0	-8.4e-5
-238.75	0.0	-8.4e-5
-238.625	0.0	-8.4e-5
-238.5	0.0	-8.4e-5
-238.375	0.0	-8.3e-5
-238.25	0.0	-8.3e-5
-238.125	0.0	-8.3e-5
-238.0	0.0	-8.3e-5
-237.875	0.0	-8.2e-5
-237.75	0.0	-8.2e-5
-237.625	0.0	-8.2e-5
-237.5	0.0	-8.2e-5
-237.375	0.0	-8.1e-5
-237.25	0.0	-8.1e-5
-237.125	0.0	-8.1e-5
-237.0	0.0	-8.1e-5
-236.875	0.0	-8.0e-5
-236.75	0.0	-8.0e-5
-236.625	0.0	-8.0e-5
-236.5	0.0	-8.0e-5
-236.375	0.0	-7.9e-5
-236.25	0.0	-7.9e-5
-236.125	0.0	-7.9e-5
-236.0	0.0	-7.9e-5
-235.875	0.0	-7.8e-5
-235.75	0.0	-7.8e-5
-235.625	0.0	-7.8e-5
-235.5	0.0	-7.8e-5
-235.375	0.0	-7.7e-5
-235.25	0.0	-7.7e-5
-235.125	0.0	-7.7e-5
-235.0	0.0	-7.7e-5
-234.875	0.0	-7.6e-5
-234.75	0.0	-7.6e-5
-234.625	0.0	-7.6e-5
-234.5	0.0	-7.6e-5
-234.375	0.0	-7.5e-5
-234.25	0.0	-7.5e-5
-234.125	0.0	-7.5e-5
-234.0	0.0	-7.5e-5
-233.875	0.0	-7.4e-5
-233.75	0.0	-7.4e-5
-233.625	0.0	-7.4e-5
-233.5	0.0	-7.4e-5
-233.375	0.0	-7.4e-5
-233.25	0.0	-7.3e-5
-233.125	0.0	-7.3e-5
-233.0	0.0	-7.3e-5
-232.875	0.0	-7.3e-5
-232.75	0.0	-7.2e-5
-232.625	0.0	-7.2e-5
-232.5	0.0	-7.2e-5
-232.375	0.0	-7.2e-5
-232.25	0.0	-7.1e-5
-232.125	0.0	-7.1e-5
-232.0	0.0	-7.1e-5
-231.875	0.0	-7.1e-5
-231.75	0.0	-7.0e-5
-231.625	0.0	-7.0e-5
-231.5	0.0	-7.0e-5
-231.375	0.0	-7.0e-5
-231.25	0.0	-6.9e-5
-231.125	0.0	-6.9e-5
-231.0	0.0	-6.9e-5
-230.875	0.0	-6.9e-5
-230.75	0.0	-6.8e-5
-230.625	0.0	-6.8e-5
-230.5	0.0	-6.8e-5
-230.375	0.0	-6.8e-5
-230.25	0.0	-6.8e-5
-230.125	0.0	-6.7e-5
-230.0	0.0	-6.7e-5
-229.875	0.0	-6.7e-5
-229.75	0.0	-6.7e-5
-229.625	0.0	-6.6e-5
-229.5	0.0	-6.6e-5
-229.375	0.0	-6.6e-5
-229.25	0.0	-6.6e-5
-229.125	0.0	-6.5e-5
-229.0	0.0	-6.5e-5
-228.875	0.0	-6.5e-5
-228.75	0.0	-6.5e-5
-228.625	0.0	-6.4e-5
-228.5	0.0	-6.4e-5
-228.375	0.0	-6.4e-5
-228.25	0.0	-6.4e-5
-228.125	0.0	-6.4e-5
-228.0	0.0	-6.3e-5
-227.875	0.0	-6.3e-5
-227.75	0.0	-6.3e-5
-227.625	0.0	-6.3e-5
-227.5	0.0	-6.2e-5
-227.375	0.0	-6.2e-5
-227.25	0.0	-6.2e-5
-227.125	0.0	-6.2e-5
-227.0	0.0	-6.1e-5
-226.875	0.0	-6.1e-5
-226.75	0.0	-6.1e-5
-226.625	0.0	-6.1e-5
-226.5	0.0	-6.0e-5
-226.375	0.0	-6.0e-5
-226.25	0.0	-6.0e-5
-226.125	0.0	-6.0e-5
-226.0	0.0	-6.0e-5
-225.875	0.0	-5.9e-5
-225.75	0.0	-5.9e-5
-225.625	0.0	-5.9e-5
-225.5	0.0	-5.9e-5
-225.375	0.0	-5.8e-5
-225.25	0.0	-5.8e-5
-225.125	0.0	-5.8e-5
-225.0	0.0	-5.8e-5
-224.875	0.0	-5.7e-5
-224.75	0.0	-5.7e-5
-224.625	0.0	-5.7e-5
-224.5	0.0	-5.7e-5
-224.375	0.0	-5.7e-5
-224.25	0.0	-5.6e-5
-224.125	0.0	-5.6e-5
-224.0	0.0	-5.6e-5
-223.875	0.0	-5.6e-5
-223.75	0.0	-5.5e-5
-223.625	0.0	-5.5e-5
-223.5	0.0	-5.5e-5
-223.375	0.0	-5.5e-5
-223.25	0.0	-5.4e-5
-223.125	0.0	-5.4e-5
-223.0	0.0	-5.4e-5
-222.875	0.0	-5.4e-5
-222.75	0.0	-5.4e-5
-222.625	0.0	-5.3e-5
-222.5	0.0	-5.3e-5
-222.375	0.0	-5.3e-5
-222.25	0.0	-5.3e-5
-222.125	0.0	-5.2e-5
-222.0	0.0	-5.2e-5
-221.875	0.0	-5.2e-5
-221.75	0.0	-5.2e-5
-221.625	0.0	-5.2e-5
-221.5	0.0	-5.1e-5
-221.375	0.0	-5.1e-5
-221.25	0.0	-5.1e-5
-221.125	0.0	-5.1e-5
-221.0	0.0	-5.0e-5
-220.875	0.0	-5.0e-5
-220.75	0.0	-5.0e-5
-220.625	0.0	-5.0e-5
-220.5	0.0	-5.0e-5
-220.375	0.0	-4.9e-5
-220.25	0.0	-4.9e-5
-220.125	0.0	-4.9e-5
-220.0	0.0	-4.9e-5
-219.875	0.0	-4.8e-5
-219.75	0.0	-4.8e-5
-219.625	0.0	-4.8e-5
-219.5	0.0	-4.8e-5
-219.375	0.0	-4.7e-5
-219.25	0.0	-4.7e-5
-219.125	0.0	-4.7e-5
-219.0	0.0	-4.7e-5
-218.875	0.0	-4.7e-5
-218.75	0.0	-4.6e-5
-218.625	0.0	-4.6e-5
-218.5	0.0	-4.6e-5
-218.375	0.0	-4.6e-5
-218.25	0.0	-4.5e-5
-218.125	0.0	-4.5e-5
-218.0	0.0	-4.5e-5
-217.875	0.0	-4.5e-5
-217.75	0.0	-4.5e-5
-217.625	0.0	-4.4e-5
-217.5	0.0	-4.4e-5
-217.375	0.0	-4.4e-5
-217.25	0.0	-4.4e-5
-217.125	0.0	-4.3e-5
-217.0	0.0	-4.3e-5
-216.875	0.0	-4.3e-5
-216.75	0.0	-4.3e-5
-216.625	0.0	-4.3e-5
-216.5	0.0	-4.2e-5
-216.375	0.0	-4.2e-5
-216.25	0.0	-4.2e-5
-216.125	0.0	-4.2e-5
-216.0	0.0	-4.2e-5
-215.875	0.0	-4.1e-5
-215.75	0.0	-4.1e-5
-215.625	0.0	-4.1e-5
-215.5	0.0	-4.1e-5
-215.375	0.0	-4.0e-5
-215.25	0.0	-4.0e-5
-215.125	0.0	-4.0e-5
-215.0	0.0	-4.0e-5
-214.875	0.0	-4.0e-5
-214.75	0.0	-3.9e-5
-214.625	0.0	-3.9e-5
-214.5	0.0	-3.9e-5
-214.375	0.0	-3.9e-5
-214.25	0.0	-3.8e-5
-214.125	0.0	-3.8e-5
-214.0	0.0	-3.8e-5
-213.875	0.0	-3.8e-5
-213.75	0.0	-3.8e-5
-213.625	0.0	-3.7e-5
-213.5	0.0	-3.7e-5
-213.375	0.0	-3.7e-5
-213.25	0.0	-3.7e-5
-213.125	0.0	-3.6e-5
-213.0	0.0	-3.6e-5
-212.875	0.0	-3.6e-5
-212.75	0.0	-3.6e-5
-212.625	0.0	-3.6e-5
-212.5	0.0	-3.5e-5
-212.375	0.0	-3.5e-5
-212.25	0.0	-3.5e-5
-212.125	0.0	-3.5e-5
-212.0	0.0	-3.5e-5
-211.875	0.0	-3.4e-5
-211.75	0.0	-3.4e-5
-211.625	0.0	-3.4e-5
-211.5	0.0	-3.4e-5
-211.375	0.0	-3.3e-5
-211.25	0.0	-3.3e-5
-211.125	0.0	-3.3e-5
-211.0	0.0	-3.3e-5
-210.875	0.0	-3.3e-5
-210.75	0.0	-3.2e-5
-210.625	0.0	-3.2e-5
-210.5	0.0	-3.2e-5
-210.375	0.0	-3.2e-5
-210.25	0.0	-3.2e-5
-210.125	0.0	-3.1e-5
-210.0	0.0	-3.1e-5
-209.875	0.0	-3.1e-5
-209.75	0.0	-3.1e-5
-209.625	0.0	-3.0e-5
-209.5	0.0	-3.0e-5
-209.375	0.0	-3.0e-5
-209.25	0.0	-3.0e-5
-209.125	0.0	-3.0e-5
-209.0	0.0	-2.9e-5
-208.875	0.0	-2.9e-5
-208.75	0.0	-2.9e-5
-208.625	0.0	-2.9e-5
-208.5	0.0	-2.9e-5
-208.375	0.0	-2.8e-5
-208.25	0.0	-2.8e-5
-208.125	0.0	-2.8e-5
-208.0	0.0	-2.8e-5
-207.875	0.0	-2.7e-5
-207.75	0.0	-2.7e-5
-207.625	0.0	-2.7e-5
-207.5	0.0	-2.7e-5
-207.375	0.0	-2.7e-5
-207.25	0.0	-2.6e-5
-207.125	0.0	-2.6e-5
-207.0	0.0	-2.6e-5
-206.875	0.0	-2.6e-5
-206.75	0.0	-2.6e-5
-206.625	0.0	-2.5e-5
-206.5	0.0	-2.5e-5
-206.375	0.0	-2.5e-5
-206.25	0.0	-2.5e-5
-206.125	0.0	-2.4e-5
-206.0	0.0	-2.4e-5
-205.875	0.0	-2.4e-5
-205.75	0.0	-2.4e-5
-205.625	0.0	-2.4e-5
-205.5	0.0	-2.3e-5
-205.375	0.0	-2.3e-5
-205.25	0.0	-2.3e-5
-205.125	0.0	-2.3e-5
-205.0	0.0	-2.3e-5
-204.875	0.0	-2.2e-5
-204.75	0.0	-2.2e-5
-204.625	0.0	-2.2e-5
-204.5	0.0	-2.2e-5
-204.375	0.0	-2.2e-5
-204.25	0.0	-2.1e-5
-204.125	0.0	-2.1e-5
-204.0	0.0	-2.1e-5
-203.875	0.0	-2.1e-5
-203.75	0.0	-2.0e-5
-203.625	0.0	-2.0e-5
-203.5	0.0	-2.0e-5
-203.375	0.0	-2.0e-5
-203.25	0.0	-2.0e-5
-203.125	0.0	-1.9e-5
-203.0	0.0	-1.9e-5
-202.875	0.0	-1.9e-5
-202.75	0.0	-1.9e-5
-202.625	0.0	-1.9e-5
-202.5	0.0	-1.8e-5
-202.375	0.0	-1.8e-5
-202.25	0.0	-1.8e-5
-202.125	0.0	-1.8e-5
-202.0	0.0	-1.8e-5
-201.875	0.0	-1.7e-5
-201.75	0.0	-1.7e-5
-201.625	0.0	-1.7e-5
-201.5	0.0	-1.7e-5
-201.375	0.0	-1.7e-5
-201.25	0.0	-1.6e-5
-201.125	0.0	-1.6e-5
-201.0	0.0	-1.6e-5
-200.875	0.0	-1.6e-5
-200.75	0.0	-1.6e-5
-200.625	0.0	-1.5e-5
-200.5	0.0	-1.5e-5
-200.375	0.0	-1.5e-5
-200.25	0.0	-1.5e-5
-200.125	0.0	-1.4e-5
-200.0	0.0	-1.4e-5
-199.875	0.0	-1.4e-5
-199.75	0.0	-1.4e-5
-199.625	0.0	-1.4e-5
-199.5	0.0	-1.3e-5
-199.375	0.0	-1.3e-5
-199.25	0.0	-1.3e-5
-199.125	0.0	-1.3e-5
-199.0	0.0	-1.3e-5
-198.875	0.0	-1.2e-5
-198.75	0.0	-1.2e-5
-198.625	0.0	-1.2e-5
-198.5	0.0	-1.2e-5
-198.375	0.0	-1.2e-5
-198.25	0.0	-1.1e-5
-198.125	0.0	-1.1e-5
-198.0	0.0	-1.1e-5
-197.875	0.0	-1.1e-5
-197.75	0.0	-1.1e-5
-197.625	0.0	-1.0e-5
-197.5	0.0	-1.0e-5
-197.375	0.0	-1.0e-5
-197.25	0.0	-1.0e-5
-197.125	0.0	-1.0e-5
-197.0	0.0	-9.0e-6
-196.875	0.0	-9.0e-6
-196.75	0.0	-9.0e-6
-196.625	0.0	-9.0e-6
-196.5	0.0	-9.0e-6
-196.375	0.0	-8.0e-6
-196.25	0.0	-8.0e-6
-196.125	0.0	-8.0e-6
-196.0	0.0	-8.0e-6
-195.875	0.0	-8.0e-6
-195.75	0.0	-7.0e-6
-195.625	0.0	-7.0e-6
-195.5	0.0	-7.0e-6
-195.375	0.0	-7.0e-6
-195.25	0.0	-6.0e-6
-195.125	0.0	-6.0e-6
-195.0	0.0	-6.0e-6
-194.875	0.0	-6.0e-6
-194.75	0.0	-6.0e-6
-194.625	0.0	-5.0e-6
-194.5	0.0	-5.0e-6
-194.375	0.0	-5.0e-6
-194.25	0.0	-5.0e-6
-194.125	0.0	-5.0e-6
-194.0	0.0	-4.0e-6
-193.875	0.0	-4.0e-6
-193.75	0.0	-4.0e-6
-193.625	0.0	-4.0e-6
-193.5	0.0	-4.0e-6
-193.375	0.0	-3.0e-6
-193.25	0.0	-3.0e-6
-193.125	0.0	-3.0e-6
-193.0	0.0	-3.0e-6
-192.875	0.0	-3.0e-6
-192.75	0.0	-2.0e-6
-192.625	0.0	-2.0e-6
-192.5	0.0	-2.0e-6
-192.375	0.0	-2.0e-6
-192.25	0.0	-2.0e-6
-192.125	0.0	-1.0e-6
-192.0	0.0	-1.0e-6
-191.875	0.0	-1.0e-6
-191.75	0.0	0.0
-191.625	0.0	0.0
-191.5	0.0	0.0
-191.375	0.0	0.0
-191.25	0.0	0.0
-191.125	0.0	0.0
-191.0	0.0	0.0
-190.875	0.0	0.0
-190.75	0.0	0.0
-190.625	0.0	0.0
-190.5	0.0	1.0e-6
-190.375	0.0	1.0e-6
-190.25	0.0	2.0e-6
-190.125	0.0	2.0e-6
-190.0	0.0	2.0e-6
-189.875	0.0	2.0e-6
-189.75	0.0	2.0e-6
-189.625	0.0	3.0e-6
-189.5	0.0	3.0e-6
-189.375	0.0	3.0e-6
-189.25	0.0	3.0e-6
-189.125	0.0	3.0e-6
-189.0	0.0	4.0e-6
-188.875	0.0	4.0e-6
-188.75	0.0	4.0e-6
-188.625	0.0	4.0e-6
-188.5	0.0	4.0e-6
-188.375	0.0	5.0e-6
-188.25	0.0	5.0e-6
-188.125	0.0	5.0e-6
-188.0	0.0	5.0e-6
-187.875	0.0	5.0e-6
-187.75	0.0	6.0e-6
-187.625	0.0	6.0e-6
-187.5	0.0	6.0e-6
-187.375	0.0	6.0e-6
-187.25	0.0	6.0e-6
-187.125	0.0	7.0e-6
-187.0	0.0	7.0e-6
-186.875	0.0	7.0e-6
-186.75	0.0	7.0e-6
-186.625	0.0	7.0e-6
-186.5	0.0	8.0e-6
-186.375	0.0	8.0e-6
-186.25	0.0	8.0e-6
-186.125	0.0	8.0e-6
-186.0	0.0	8.0e-6
-185.875	0.0	9.0e-6
-185.75	0.0	9.0e-6
-185.625	0.0	9.0e-6
-185.5	0.0	9.0e-6
-185.375	0.0	9.0e-6
-185.25	0.0	1.0e-5
-185.125	0.0	1.0e-5
-185.0	0.0	1.0e-5
-184.875	0.0	1.0e-5
-184.75	0.0	1.0e-5
-184.625	0.0	1.1e-5
-184.5	0.0	1.1e-5
-184.375	0.0	1.1e-5
-184.25	0.0	1.1e-5
-184.125	0.0	1.1e-5
-184.0	0.0	1.2e-5
-183.875	0.0	1.2e-5
-183.75	0.0	1.2e-5
-183.625	0.0	1.2e-5
-183.5	0.0	1.2e-5
-183.375	0.0	1.3e-5
-183.25	0.0	1.3e-5
-183.125	0.0	1.3e-5
-183.0	0.0	1.3e-5
-182.875	0.0	1.3e-5
-182.75	0.0	1.3e-5
-182.625	0.0	1.4e-5
-182.5	0.0	1.4e-5
-182.375	0.0	1.4e-5
-182.25	0.0	1.4e-5
-182.125	0.0	1.4e-5
-182.0	0.0	1.5e-5
-181.875	0.0	1.5e-5
-181.75	0.0	1.5e-5
-181.625	0.0	1.5e-5
-181.5	0.0	1.5e-5
-181.375	0.0	1.6e-5
-181.25	0.0	1.6e-5
-181.125	0.0	1.6e-5
-181.0	0.0	1.6e-5
-180.875	0.0	1.6e-5
-180.75	0.0	1.7e-5
-180.625	0.0	1.7e-5
-180.5	0.0	1.7e-5
-180.375	0.0	1.7e-5
-180.25	0.0	1.7e-5
-180.125	0.0	1.8e-5
-180.0	0.0	1.8e-5
-179.875	0.0	1.8e-5
-179.75	0.0	1.8e-5
-179.625	0.0	1.8e-5
-179.5	0.0	1.9e-5
-179.375	0.0	1.9e-5
-179.25	0.0	1.9e-5
-179.125	0.0	1.9e-5
-179.0	0.0	1.9e-5
-178.875	0.0	2.0e-5
-178.75	0.0	2.0e-5
-178.625	0.0	2.0e-5
-178.5	0.0	2.0e-5
-178.375	0.0	2.0e-5
-178.25	0.0	2.1e-5
-178.125	0.0	2.1e-5
-178.0	0.0	2.1e-5
-177.875	0.0	2.1e-5
-177.75	0.0	2.1e-5
-177.625	0.0	2.2e-5
-177.5	0.0	2.2e-5
-177.375	0.0	2.2e-5
-177.25	0.0	2.2e-5
-177.125	0.0	2.2e-5
-177.0	0.0	2.2e-5
-176.875	0.0	2.3e-5
-176.75	0.0	2.3e-5
-176.625	0.0	2.3e-5
-176.5	0.0	2.3e-5
-176.375	0.0	2.3e-5
-176.25	0.0	2.4e-5
-176.125	0.0	2.4e-5
-176.0	0.0	2.4e-5
-175.875	0.0	2.4e-5
-175.75	0.0	2.4e-5
-175.625	0.0	2.5e-5
-175.5	0.0	2.5e-5
-175.375	0.0	2.5e-5
-175.25	0.0	2.5e-5
-175.125	0.0	2.5e-5
-175.0	0.0	2.6e-5
-174.875	0.0	2.6e-5
-174.75	0.0	2.6e-5
-174.625	0.0	2.6e-5
-174.5	0.0	2.6e-5
-174.375	0.0	2.7e-5
-174.25	0.0	2.7e-5
-174.125	0.0	2.7e-5
-174.0	0.0	2.7e-5
-173.875	0.0	2.7e-5
-173.75	0.0	2.8e-5
-173.625	0.0	2.8e-5
-173.5	0.0	2.8e-5
-173.375	0.0	2.8e-5
-173.25	0.0	2.8e-5
-173.125	0.0	2.8e-5
-173.0	0.0	2.9e-5
-172.875	0.0	2.9e-5
-172.75	0.0	2.9e-5
-172.625	0.0	2.9e-5
-172.5	0.0	2.9e-5
-172.375	0.0	3.0e-5
-172.25	0.0	3.0e-5
-172.125	0.0	3.0e-5
-172.0	0.0	3.0e-5
-171.875	0.0	3.0e-5
-171.75	0.0	3.1e-5
-171.625	0.0	3.1e-5
-171.5	0.0	3.1e-5
-171.375	0.0	3.1e-5
-171.25	0.0	3.1e-5
-171.125	0.0	3.2e-5
-171.0	0.0	3.2e-5
-170.875	0.0	3.2e-5
-170.75	0.0	3.2e-5
-170.625	0.0	3.2e-5
-170.5	0.0	3.3e-5
-170.375	0.0	3.3e-5
-170.25	0.0	3.3e-5
-170.125	0.0	3.3e-5
-170.0	0.0	3.3e-5
-169.875	0.0	3.4e-5
-169.75	0.0	3.4e-5
-169.625	0.0	3.4e-5
-169.5	0.0	3.4e-5
-169.375	0.0	3.4e-5
-169.25	0.0	3.4e-5
-169.125	0.0	3.5e-5
-169.0	0.0	3.5e-5
-168.875	0.0	3.5e-5
-168.75	0.0	3.5e-5
-168.625	0.0	3.5e-5
-168.5	0.0	3.6e-5
-168.375	0.0	3.6e-5
-168.25	0.0	3.6e-5
-168.125	0.0	3.6e-5
-168.0	0.0	3.6e-5
-167.875	0.0	3.7e-5
-167.75	0.0	3.7e-5
-167.625	0.0	3.7e-5
-167.5	0.0	3.7e-5
-167.375	0.0	3.7e-5
-167.25	0.0	3.8e-5
-167.125	0.0	3.8e-5
-167.0	0.0	3.8e-5
-166.875	0.0	3.8e-5
-166.75	0.0	3.8e-5
-166.625	0.0	3.8e-5
-166.5	0.0	3.9e-5
-166.375	0.0	3.9e-5
-166.25	0.0	3.9e-5
-166.125	0.0	3.9e-5
-166.0	0.0	3.9e-5
-165.875	0.0	4.0e-5
-165.75	0.0	4.0e-5
-165.625	0.0	4.0e-5
-165.5	0.0	4.0e-5
-165.375	0.0	4.0e-5
-165.25	0.0	4.1e-5
-165.125	0.0	4.1e-5
-165.0	0.0	4.1e-5
-164.875	0.0	4.1e-5
-164.75	0.0	4.1e-5
-164.625	0.0	4.2e-5
-164.5	0.0	4.2e-5
-164.375	0.0	4.2e-5
-164.25	0.0	4.2e-5
-164.125	0.0	4.2e-5
-164.0	0.0	4.3e-5
-163.875	0.0	4.3e-5
-163.75	0.0	4.3e-5
-163.625	0.0	4.3e-5
-163.5	0.0	4.3e-5
-163.375	0.0	4.3e-5
-163.25	0.0	4.4e-5
-163.125	0.0	4.4e-5
-163.0	0.0	4.4e-5
-162.875	0.0	4.4e-5
-162.75	0.0	4.4e-5
-162.625	0.0	4.5e-5
-162.5	0.0	4.5e-5
-162.375	0.0	4.5e-5
-162.25	0.0	4.5e-5
-162.125	0.0	4.5e-5
-162.0	0.0	4.6e-5
-161.875	0.0	4.6e-5
-161.75	0.0	4.6e-5
-161.625	0.0	4.6e-5
-161.5	0.0	4.6e-5
-161.375	0.0	4.7e-5
-161.25	0.0	4.7e-5
-161.125	0.0	4.7e-5
-161.0	0.0	4.7e-5
-160.875	0.0	4.7e-5
-160.75	0.0	4.7e-5
-160.625	0.0	4.8e-5
-160.5	0.0	4.8e-5
-160.375	0.0	4.8e-5
-160.25	0.0	4.8e-5
-160.125	0.0	4.8e-5
-160.0	0.0	4.9e-5
-159.875	0.0	4.9e-5
-159.75	0.0	4.9e-5
-159.625	0.0	4.9e-5
-159.5	0.0	4.9e-5
-159.375	0.0	5.0e-5
-159.25	0.0	5.0e-5
-159.125	0.0	5.0e-5
-159.0	0.0	5.0e-5
-158.875	0.0	5.0e-5
-158.75	0.0	5.1e-5
-158.625	0.0	5.1e-5
-158.5	0.0	5.1e-5
-158.375	0.0	5.1e-5
-158.25	0.0	5.1e-5
-158.125	0.0	5.1e-5
-158.0	0.0	5.2e-5
-157.875	0.0	5.2e-5
-157.75	0.0	5.2e-5
-157.625	0.0	5.2e-5
-157.5	0.0	5.2e-5
-157.375	0.0	5.3e-5
-157.25	0.0	5.3e-5
-157.125	0.0	5.3e-5
-157.0	0.0	5.3e-5
-156.875	0.0	5.3e-5
-156.75	0.0	5.4e-5
-156.625	0.0	5.4e-5
-156.5	0.0	5.4e-5
-156.375	0.0	5.4e-5
-156.25	0.0	5.4e-5
-156.125	0.0	5.5e-5
-156.0	0.0	5.5e-5
-155.875	0.0	5.5e-5
-155.75	0.0	5.5e-5
-155.625	0.0	5.5e-5
-155.5	0.0	5.5e-5
-155.375	0.0	5.6e-5
-155.25	0.0	5.6e-5
-155.125	0.0	5.6e-5
-155.0	0.0	5.6e-5
-154.875	0.0	5.6e-5
-154.75	0.0	5.7e-5
-154.625	0.0	5.7e-5
-154.5	0.0	5.7e-5
-154.375	0.0	5.7e-5
-154.25	0.0	5.7e-5
-154.125	0.0	5.8e-5
-154.0	0.0	5.8e-5
-153.875	0.0	5.8e-5
-153.75	0.0	5.8e-5
-153.625	0.0	5.8e-5
-153.5	0.0	5.9e-5
-153.375	0.0	5.9e-5
-153.25	0.0	5.9e-5
-153.125	0.0	5.9e-5
-153.0	0.0	5.9e-5
-152.875	0.0	5.9e-5
-152.75	0.0	6.0e-5
-152.625	0.0	6.0e-5
-152.5	0.0	6.0e-5
-152.375	0.0	6.0e-5
-152.25	0.0	6.0e-5
-152.125	0.0	6.1e-5
-152.0	0.0	6.1e-5
-151.875	0.0	6.1e-5
-151.75	0.0	6.1e-5
-151.625	0.0	6.1e-5
-151.5	0.0	6.2e-5
-151.375	0.0	6.2e-5
-151.25	0.0	6.2e-5
-151.125	0.0	6.2e-5
-151.0	0.0	6.2e-5
-150.875	0.0	6.3e-5
-150.75	0.0	6.3e-5
-150.625	0.0	6.3e-5
-150.5	0.0	6.3e-5
-150.375	0.0	6.3e-5
-150.25	0.0	6.3e-5
-150.125	0.0	6.4e-5
-150.0	0.0	6.4e-5
-149.875	0.0	6.4e-5
-149.75	0.0	6.4e-5
-149.625	0.0	6.4e-5
-149.5	0.0	6.5e-5
-149.375	0.0	6.5e-5
-149.25	0.0	6.5e-5
-149.125	0.0	6.5e-5
-149.0	0.0	6.5e-5
-148.875	0.0	6.6e-5
-148.75	0.0	6.6e-5
-148.625	0.0	6.6e-5
-148.5	0.0	6.6e-5
-148.375	0.0	6.6e-5
-148.25	0.0	6.7e-5
-148.125	0.0	6.7e-5
-148.0	0.0	6.7e-5
-147.875	0.0	6.7e-5
-147.75	0.0	6.7e-5
-147.625	0.0	6.7e-5
-147.5	0.0	6.8e-5
-147.375	0.0	6.8e-5
-147.25	0.0	6.8e-5
-147.125	0.0	6.8e-5
-147.0	0.0	6.8e-5
-146.875	0.0	6.9e-5
-146.75	0.0	6.9e-5
-146.625	0.0	6.9e-5
-146.5	0.0	6.9e-5
-146.375	0.0	6.9e-5
-146.25	0.0	7.0e-5
-146.125	0.0	7.0e-5
-146.0	0.0	7.0e-5
-145.875	0.0	7.0e-5
-145.75	0.0	7.0e-5
-145.625	0.0	7.1e-5
-145.5	0.0	7.1e-5
-145.375	0.0	7.1e-5
-145.25	0.0	7.1e-5
-145.125	0.0	7.1e-5
-145.0	0.0	7.1e-5
-144.875	0.0	7.2e-5
-144.75	0.0	7.2e-5
-144.625	0.0	7.2e-5
-144.5	0.0	7.2e-5
-144.375	0.0	7.2e-5
-144.25	0.0	7.3e-5
-144.125	0.0	7.3e-5
-144.0	0.0	7.3e-5
-143.875	0.0	7.3e-5
-143.75	0.0	7.3e-5
-143.625	0.0	7.4e-5
-143.5	0.0	7.4e-5
-143.375	0.0	7.4e-5
-143.25	0.0	7.4e-5
-143.125	0.0	7.4e-5
-143.0	0.0	7.5e-5
-142.875	0.0	7.5e-5
-142.75	0.0	7.5e-5
-142.625	0.0	7.5e-5
-142.5	0.0	7.5e-5
-142.375	0.0	7.5e-5
-142.25	0.0	7.6e-5
-142.125	0.0	7.6e-5
-142.0	0.0	7.6e-5
-141.875	0.0	7.6e-5
-141.75	0.0	7.6e-5
-141.625	0.0	7.7e-5
-141.5	0.0	7.7e-5
-141.375	0.0	7.7e-5
-141.25	0.0	7.7e-5
-141.125	0.0	7.7e-5
-141.0	0.0	7.8e-5
-140.875	0.0	7.8e-5
-140.75	0.0	7.8e-5
-140.625	0.0	7.8e-5
-140.5	0.0	7.8e-5
-140.375	0.0	7.9e-5
-140.25	0.0	7.9e-5
-140.125	0.0	7.9e-5
-140.0	0.0	7.9e-5
-139.875	0.0	7.9e-5
-139.75	0.0	8.0e-5
-139.625	0.0	8.0e-5
-139.5	0.0	8.0e-5
-139.375	0.0	8.0e-5
-139.25	0.0	8.0e-5
-139.125	0.0	8.0e-5
-139.0	0.0	8.1e-5
-138.875	0.0	8.1e-5
-138.75	0.0	8.1e-5
-138.625	0.0	8.1e-5
-138.5	0.0	8.1e-5
-138.375	0.0	8.2e-5
-138.25	0.0	8.2e-5
-138.125	0.0	8.2e-5
-138.0	0.0	8.2e-5
-137.875	0.0	8.2e-5
-137.75	0.0	8.3e-5
-137.625	0.0	8.3e-5
-137.5	0.0	8.3e-5
-137.375	0.0	8.3e-5
-137.25	0.0	8.3e-5
-137.125	0.0	8.4e-5
-137.0	0.0	8.4e-5
-136.875	0.0	8.4e-5
-136.75	0.0	8.4e-5
-136.625	0.0	8.4e-5
-136.5	0.0	8.4e-5
-136.375	0.0	8.5e-5
-136.25	0.0	8.5e-5
-136.125	0.0	8.5e-5
-136.0	0.0	8.5e-5
-135.875	0.0	8.5e-5
-135.75	0.0	8.6e-5
-135.625	0.0	8.6e-5
-135.5	0.0	8.6e-5
-135.375	0.0	8.6e-5
-135.25	0.0	8.6e-5
-135.125	0.0	8.7e-5
-135.0	0.0	8.7e-5
-134.875	0.0	8.7e-5
-134.75	0.0	8.7e-5
-134.625	0.0	8.7e-5
-134.5	0.0	8.8e-5
-134.375	0.0	8.8e-5
-134.25	0.0	8.8e-5
-134.125	0.0	8.8e-5
-134.0	0.0	8.8e-5
-133.875	0.0	8.9e-5
-133.75	0.0	8.9e-5
-133.625	0.0	8.9e-5
-133.5	0.0	8.9e-5
-133.375	0.0	8.9e-5
-133.25	0.0	8.9e-5
-133.125	0.0	9.0e-5
-133.0	0.0	9.0e-5
-132.875	0.0	9.0e-5
-132.75	0.0	9.0e-5
-132.625	0.0	9.0e-5
-132.5	0.0	9.1e-5
-132.375	0.0	9.1e-5
-132.25	0.0	9.1e-5
-132.125	0.0	9.1e-5
-132.0	0.0	9.1e-5
-131.875	0.0	9.2e-5
-131.75	0.0	9.2e-5
-131.625	0.0	9.2e-5
-131.5	0.0	9.2e-5
-131.375	0.0	9.2e-5
-131.25	0.0	9.3e-5
-131.125	0.0	9.3e-5
-131.0	0.0	9.3e-5
-130.875	0.0	9.3e-5
-130.75	0.0	9.3e-5
-130.625	0.0	9.4e-5
-130.5	0.0	9.4e-5
-130.375	0.0	9.4e-5
-130.25	0.0	9.4e-5
-130.125	0.0	9.4e-5
-130.0	0.0	9.5e-5
-129.875	0.0	9.5e-5
-129.75	0.0	9.5e-5
-129.625	0.0	9.5e-5
-129.5	0.0	9.5e-5
-129.375	0.0	9.5e-5
-129.25	0.0	9.6e-5
-129.125	0.0	9.6e-5
-129.0	0.0	9.6e-5
-128.875	0.0	9.6e-5
-128.75	0.0	9.6e-5
-128.625	0.0	9.7e-5
-128.5	0.0	9.7e-5
-128.375	0.0	9.7e-5
-128.25	0.0	9.7e-5
-128.125	0.0	9.7e-5
-128.0	0.0	9.8e-5
-127.875	0.0	9.8e-5
-127.75	0.0	9.8e-5
-127.625	0.0	9.8e-5
-127.5	0.0	9.8e-5
-127.375	0.0	9.9e-5
-127.25	0.0	9.9e-5
-127.125	0.0	9.9e-5
-127.0	0.0	9.9e-5
-126.875	0.0	9.9e-5
-126.75	0.0	0.0001
-126.625	0.0	0.0001
-126.5	0.0	0.0001
-126.375	0.0	0.0001
-126.25	0.0	0.0001
-126.125	0.0	0.000101
-126.0	0.0	0.000101
-125.875	0.0	0.000101
-125.75	0.0	0.000101
-125.625	0.0	0.000101
-125.5	0.0	0.000102
-125.375	0.0	0.000102
-125.25	0.0	0.000102
-125.125	0.0	0.000102
-125.0	0.0	0.000102
-124.875	0.0	0.000102
-124.75	0.0	0.000103
-124.625	0.0	0.000103
-124.5	0.0	0.000103
-124.375	0.0	0.000103
-124.25	0.0	0.000103
-124.125	0.0	0.000104
-124.0	0.0	0.000104
-123.875	0.0	0.000104
-123.75	0.0	0.000104
-123.625	0.0	0.000104
-123.5	0.0	0.000105
-123.375	0.0	0.000105
-123.25	0.0	0.000105
-123.125	0.0	0.000105
-123.0	0.0	0.000105
-122.875	0.0	0.000106
-122.75	0.0	0.000106
-122.625	0.0	0.000106
-122.5	0.0	0.000106
-122.375	0.0	0.000106
-122.25	0.0	0.000107
-122.125	0.0	0.000107
-122.0	0.0	0.000107
-121.875	0.0	0.000107
-121.75	0.0	0.000107
-121.625	0.0	0.000108
-121.5	0.0	0.000108
-121.375	0.0	0.000108
-121.25	0.0	0.000108
-121.125	0.0	0.000108
-121.0	0.0	0.000109
-120.875	0.0	0.000109
-120.75	0.0	0.000109
-120.625	0.0	0.000109
-120.5	0.0	0.000109
-120.375	0.0	0.00011
-120.25	0.0	0.00011
-120.125	0.0	0.00011
-120.0	0.0	0.00011
-119.875	0.0	0.00011
-119.75	0.0	0.000111
-119.625	0.0	0.000111
-119.5	0.0	0.000111
-119.375	0.0	0.000111
-119.25	0.0	0.000111
-119.125	0.0	0.000112
-119.0	0.0	0.000112
-118.875	0.0	0.000112
-118.75	0.0	0.000112
-118.625	0.0	0.000112
-118.5	0.0	0.000113
-118.375	0.0	0.000113
-118.25	0.0	0.000113
-118.125	0.0	0.000113
-118.0	0.0	0.000113
-117.875	0.0	0.000114
-117.75	0.0	0.000114
-117.625	0.0	0.000114
-117.5	0.0	0.000114
-117.375	0.0	0.000114
-117.25	0.0	0.000115
-117.125	0.0	0.000115
-117.0	0.0	0.000115
-116.875	0.0	0.000115
-116.75	0.0	0.000115
-116.625	0.0	0.000115
-116.5	0.0	0.000116
-116.375	0.0	0.000116
-116.25	0.0	0.000116
-116.125	0.0	0.000116
-116.0	0.0	0.000116
-115.875	0.0	0.000117
-115.75	0.0	0.000117
-115.625	0.0	0.000117
-115.5	0.0	0.000117
-115.375	0.0	0.000117
-115.25	0.0	0.000118
-115.125	0.0	0.000118
-115.0	0.0	0.000118
-114.875	0.0	0.000118
-114.75	0.0	0.000118
-114.625	0.0	0.000119
-114.5	0.0	0.000119
-114.375	0.0	0.000119
-114.25	0.0	0.000119
-114.125	0.0	0.000119
-114.0	0.0	0.00012
-113.875	0.0	0.00012
-113.75	0.0	0.00012
-113.625	0.0	0.00012
-113.5	0.0	0.00012
-113.375	0.0	0.000121
-113.25	0.0	0.000121
-113.125	0.0	0.000121
-113.0	0.0	0.000121
-112.875	0.0	0.000121
-112.75	0.0	0.000122
-112.625	0.0	0.000122
-112.5	0.0	0.000122
-112.375	0.0	0.000122
-112.25	0.0	0.000123
-112.125	0.0	0.000123
-112.0	0.0	0.000123
-111.875	0.0	0.000123
-111.75	0.0	0.000123
-111.625	0.0	0.000124
-111.5	0.0	0.000124
-111.375	0.0	0.000124
-111.25	0.0	0.000124
-111.125	0.0	0.000124
-111.0	0.0	0.000125
-110.875	0.0	0.000125
-110.75	0.0	0.000125
-110.625	0.0	0.000125
-110.5	0.0	0.000125
-110.375	0.0	0.000126
-110.25	0.0	0.000126
-110.125	0.0	0.000126
-110.0	0.0	0.000126
-109.875	0.0	0.000126
-109.75	0.0	0.000127
-109.625	0.0	0.000127
-109.5	0.0	0.000127
-109.375	0.0	0.000127
-109.25	0.0	0.000127
-109.125	0.0	0.000128
-109.0	0.0	0.000128
-108.875	0.0	0.000128
-108.75	0.0	0.000128
-108.625	0.0	0.000128
-108.5	0.0	0.000129
-108.375	0.0	0.000129
-108.25	0.0	0.000129
-108.125	0.0	0.000129
-108.0	0.0	0.000129
-107.875	0.0	0.00013
-107.75	0.0	0.00013
-107.625	0.0	0.00013
-107.5	0.0	0.00013
-107.375	0.0	0.00013
-107.25	0.0	0.000131
-107.125	0.0	0.000131
-107.0	0.0	0.000131
-106.875	0.0	0.000131
-106.75	0.0	0.000131
-106.625	0.0	0.000132
-106.5	0.0	0.000132
-106.375	0.0	0.000132
-106.25	0.0	0.000132
-106.125	0.0	0.000132
-106.0	0.0	0.000133
-105.875	0.0	0.000133
-105.75	0.0	0.000133
-105.625	0.0	0.000133
-105.5	0.0	0.000133
-105.375	0.0	0.000134
-105.25	0.0	0.000134
-105.125	0.0	0.000134
-105.0	0.0	0.000134
-104.875	0.0	0.000135
-104.75	0.0	0.000135
-104.625	0.0	0.000135
-104.5	0.0	0.000135
-104.375	0.0	0.000135
-104.25	0.0	0.000136
-104.125	0.0	0.000136
-104.0	0.0	0.000136
-103.875	0.0	0.000136
-103.75	0.0	0.000136
-103.625	0.0	0.000137
-103.5	0.0	0.000137
-103.375	0.0	0.000137
-103.25	0.0	0.000137
-103.125	0.0	0.000137
-103.0	0.0	0.000138
-102.875	0.0	0.000138
-102.75	0.0	0.000138
-102.625	0.0	0.000138
-102.5	0.0	0.000138
-102.375	0.0	0.000139
-102.25	0.0	0.000139
-102.125	0.0	0.000139
-102.0	0.0	0.000139
-101.875	0.0	0.000139
-101.75	0.0	0.00014
-101.625	0.0	0.00014
-101.5	0.0	0.00014
-101.375	0.0	0.00014
-101.25	0.0	0.000141
-101.125	0.0	0.000141
-101.0	0.0	0.000141
-100.875	0.0	0.000141
-100.75	0.0	0.000141
-100.625	0.0	0.000142
-100.5	0.0	0.000142
-100.375	0.0	0.000142
-100.25	0.0	0.000142
-100.125	0.0	0.000142
-100.0	0.0	0.000143
-99.875	0.0	0.000143
-99.75	0.0	0.000143
-99.625	0.0	0.000143
-99.5	0.0	0.000143
-99.375	0.0	0.000144
-99.25	0.0	0.000144
-99.125	0.0	0.000144
-99.0	0.0	0.000144
-98.875	0.0	0.000145
-98.75	0.0	0.000145
-98.625	0.0	0.000145
-98.5	0.0	0.000145
-98.375	0.0	0.000145
-98.25	0.0	0.000146
-98.125	0.0	0.000146
-98.0	0.0	0.000146
-97.875	0.0	0.000146
-97.75	0.0	0.000146
-97.625	0.0	0.000147
-97.5	0.0	0.000147
-97.375	0.0	0.000147
-97.25	0.0	0.000147
-97.125	0.0	0.000147
-97.0	0.0	0.000148
-96.875	0.0	0.000148
-96.75	0.0	0.000148
-96.625	0.0	0.000148
-96.5	0.0	0.000149
-96.375	0.0	0.000149
-96.25	0.0	0.000149
-96.125	0.0	0.000149
-96.0	0.0	0.000149
-95.875	0.0	0.00015
-95.75	0.0	0.00015
-95.625	0.0	0.00015
-95.5	0.0	0.00015
-95.375	0.0	0.00015
-95.25	0.0	0.000151
-95.125	0.0	0.000151
-95.0	0.0	0.000151
-94.875	0.0	0.000151
-94.75	0.0	0.000152
-94.625	0.0	0.000152
-94.5	0.0	0.000152
-94.375	0.0	0.000152
-94.25	0.0	0.000152
-94.125	0.0	0.000153
-94.0	0.0	0.000153
-93.875	0.0	0.000153
-93.75	0.0	0.000153
-93.625	0.0	0.000153
-93.5	0.0	0.000154
-93.375	0.0	0.000154
-93.25	0.0	0.000154
-93.125	0.0	0.000154
-93.0	0.0	0.000155
-92.875	0.0	0.000155
-92.75	0.0	0.000155
-92.625	0.0	0.000155
-92.5	0.0	0.000155
-92.375	0.0	0.000156
-92.25	0.0	0.000156
-92.125	0.0	0.000156
-92.0	0.0	0.000156
-91.875	0.0	0.000156
-91.75	0.0	0.000157
-91.625	0.0	0.000157
-91.5	0.0	0.000157
-91.375	0.0	0.000157
-91.25	0.0	0.000158
-91.125	0.0	0.000158
-91.0	0.0	0.000158
-90.875	0.0	0.000158
-90.75	0.0	0.000158
-90.625	0.0	0.000159
-90.5	0.0	0.000159
-90.375	0.0	0.000159
-90.25	0.0	0.000159
-90.125	0.0	0.00016
-90.0	0.0	0.00016
-89.875	0.0	0.00016
-89.75	0.0	0.00016
-89.625	0.0	0.00016
-89.5	0.0	0.000161
-89.375	0.0	0.000161
-89.25	0.0	0.000161
-89.125	0.0	0.000161
-89.0	0.0	0.000161
-88.875	0.0	0.000162
-88.75	0.0	0.000162
-88.625	0.0	0.000162
-88.5	0.0	0.000162
-88.375	0.0	0.000163
-88.25	0.0	0.000163
-88.125	0.0	0.000163
-88.0	0.0	0.000163
-87.875	0.0	0.000163
-87.75	0.0	0.000164
-87.625	0.0	0.000164
-87.5	0.0	0.000164
-87.375	0.0	0.000164
-87.25	0.0	0.000165
-87.125	0.0	0.000165
-87.0	0.0	0.000165
-86.875	0.0	0.000165
-86.75	0.0	0.000165
-86.625	0.0	0.000166
-86.5	0.0	0.000166
-86.375	0.0	0.000166
-86.25	0.0	0.000166
-86.125	0.0	0.000167
-86.0	0.0	0.000167
-85.875	0.0	0.000167
-85.75	0.0	0.000167
-85.625	0.0	0.000167
-85.5	0.0	0.000168
-85.375	0.0	0.000168
-85.25	0.0	0.000168
-85.125	0.0	0.000168
-85.0	0.0	0.000169
-84.875	0.0	0.000169
-84.75	0.0	0.000169
-84.625	0.0	0.000169
-84.5	0.0	0.000169
-84.375	0.0	0.00017
-84.25	0.0	0.00017
-84.125	0.0	0.00017
-84.0	0.0	0.00017
-83.875	0.0	0.000171
-83.75	0.0	0.000171
-83.625	0.0	0.000171
-83.5	0.0	0.000171
-83.375	0.0	0.000172
-83.25	0.0	0.000172
-83.125	0.0	0.000172
-83.0	0.0	0.000172
-82.875	0.0	0.000172
-82.75	0.0	0.000173
-82.625	0.0	0.000173
-82.5	0.0	0.000173
-82.375	0.0	0.000173
-82.25	0.0	0.000174
-82.125	0.0	0.000174
-82.0	0.0	0.000174
-81.875	0.0	0.000174
-81.75	0.0	0.000174
-81.625	0.0	0.000175
-81.5	0.0	0.000175
-81.375	0.0	0.000175
-81.25	0.0	0.000175
-81.125	0.0	0.000176
-81.0	0.0	0.000176
-80.875	0.0	0.000176
-80.75	0.0	0.000176
-80.625	0.0	0.000177
-80.5	0.0	0.000177
-80.375	0.0	0.000177
-80.25	0.0	0.000177
-80.125	0.0	0.000177
-80.0	0.0	0.000178
-79.875	0.0	0.000178
-79.75	0.0	0.000178
-79.625	0.0	0.000178
-79.5	0.0	0.000179
-79.375	0.0	0.000179
-79.25	0.0	0.000179
-79.125	0.0	0.000179
-79.0	0.0	0.00018
-78.875	0.0	0.00018
-78.75	0.0	0.00018
-78.625	0.0	0.00018
-78.5	0.0	0.00018
-78.375	0.0	0.000181
-78.25	0.0	0.000181
-78.125	0.0	0.000181
-78.0	0.0	0.000181
-77.875	0.0	0.000182
-77.75	0.0	0.000182
-77.625	0.0	0.000182
-77.5	0.0	0.000182
-77.375	0.0	0.000183
-77.25	0.0	0.000183
-77.125	0.0	0.000183
-77.0	0.0	0.000183
-76.875	0.0	0.000183
-76.75	0.0	0.000184
-76.625	0.0	0.000184
-76.5	0.0	0.000184
-76.375	0.0	0.000184
-76.25	0.0	0.000185
-76.125	0.0	0.000185
-76.0	0.0	0.000185
-75.875	0.0	0.000185
-75.75	0.0	0.000186
-75.625	0.0	0.000186
-75.5	0.0	0.000186
-75.375	0.0	0.000186
-75.25	0.0	0.000187
-75.125	0.0	0.000187
-75.0	0.0	0.000187
-74.875	0.0	0.000187
-74.75	0.0	0.000187
-74.625	0.0	0.000188
-74.5	0.0	0.000188
-74.375	0.0	0.000188
-74.25	0.0	0.000188
-74.125	0.0	0.000189
-74.0	0.0	0.000189
-73.875	0.0	0.000189
-73.75	0.0	0.000189
-73.625	0.0	0.00019
-73.5	0.0	0.00019
-73.375	0.0	0.00019
-73.25	0.0	0.00019
-73.125	0.0	0.000191
-73.0	0.0	0.000191
-72.875	0.0	0.000191
-72.75	0.0	0.000191
-72.625	0.0	0.000191
-72.5	0.0	0.000192
-72.375	0.0	0.000192
-72.25	0.0	0.000192
-72.125	0.0	0.000192
-72.0	0.0	0.000193
-71.875	0.0	0.000193
-71.75	0.0	0.000193
-71.625	0.0	0.000193
-71.5	0.0	0.000194
-71.375	0.0	0.000194
-71.25	0.0	0.000194
-71.125	0.0	0.000194
-71.0	0.0	0.000195
-70.875	0.0	0.000195
-70.75	0.0	0.000195
-70.625	0.0	0.000195
-70.5	0.0	0.000196
-70.375	0.0	0.000196
-70.25	0.0	0.000196
-70.125	0.0	0.000196
-70.0	0.0	0.000197
-69.875	0.0	0.000197
-69.75	0.0	0.000197
-69.625	0.0	0.000197
-69.5	0.0	0.000198
-69.375	0.0	0.000198
-69.25	0.0	0.000198
-69.125	0.0	0.000198
-69.0	0.0	0.000199
-68.875	0.0	0.000199
-68.75	0.0	0.000199
-68.625	0.0	0.000199
-68.5	0.0	0.000199
-68.375	0.0	0.0002
-68.25	0.0	0.0002
-68.125	0.0	0.0002
-68.0	0.0	0.0002
-67.875	0.0	0.000201
-67.75	0.0	0.000201
-67.625	0.0	0.000201
-67.5	0.0	0.000201
-67.375	0.0	0.000202
-67.25	0.0	0.000202
-67.125	0.0	0.000202
-67.0	0.0	0.000202
-66.875	0.0	0.000203
-66.75	0.0	0.000203
-66.625	0.0	0.000203
-66.5	0.0	0.000203
-66.375	0.0	0.000204
-66.25	0.0	0.000204
-66.125	0.0	0.000204
-66.0	0.0	0.000204
-65.875	0.0	0.000205
-65.75	0.0	0.000205
-65.625	0.0	0.000205
-65.5	0.0	0.000205
-65.375	0.0	0.000206
-65.25	0.0	0.000206
-65.125	0.0	0.000206
-65.0	0.0	0.000206
-64.875	0.0	0.000207
-64.75	0.0	0.000207
-64.625	0.0	0.000207
-64.5	0.0	0.000207
-64.375	0.0	0.000208
-64.25	0.0	0.000208
-64.125	0.0	0.000208
-64.0	0.0	0.000208
-63.875	0.0	0.000209
-63.75	0.0	0.000209
-63.625	0.0	0.000209
-63.5	0.0	0.000209
-63.375	0.0	0.00021
-63.25	0.0	0.00021
-63.125	0.0	0.00021
-63.0	0.0	0.00021
-62.875	0.0	0.000211
-62.75	0.0	0.000211
-62.625	0.0	0.000211
-62.5	0.0	0.000212
-62.375	0.0	0.000212
-62.25	0.0	0.000212
-62.125	0.0	0.000212
-62.0	0.0	0.000213
-61.875	0.0	0.000213
-61.75	0.0	0.000213
-61.625	0.0	0.000213
-61.5	0.0	0.000214
-61.375	0.0	0.000214
-61.25	0.0	0.000214
-61.125	0.0	0.000214
-61.0	0.0	0.000215
-60.875	0.0	0.000215
-60.75	0.0	0.000215
-60.625	0.0	0.000215
-60.5	0.0	0.000216
-60.375	0.0	0.000216
-60.25	0.0	0.000216
-60.125	0.0	0.000216
-60.0	0.0	0.000217
-59.875	0.0	0.000217
-59.75	0.0	0.000217
-59.625	0.0	0.000217
-59.5	0.0	0.000218
-59.375	0.0	0.000218
-59.25	0.0	0.000218
-59.125	0.0	0.000218
-59.0	0.0	0.000219
-58.875	0.0	0.000219
-58.75	0.0	0.000219
-58.625	0.0	0.00022
-58.5	0.0	0.00022
-58.375	0.0	0.00022
-58.25	0.0	0.00022
-58.125	0.0	0.000221
-58.0	0.0	0.000221
-57.875	0.0	0.000221
-57.75	0.0	0.000221
-57.625	0.0	0.000222
-57.5	0.0	0.000222
-57.375	0.0	0.000222
-57.25	0.0	0.000222
-57.125	0.0	0.000223
-57.0	0.0	0.000223
-56.875	0.0	0.000223
-56.75	0.0	0.000223
-56.625	0.0	0.000224
-56.5	0.0	0.000224
-56.375	0.0	0.000224
-56.25	0.0	0.000225
-56.125	0.0	0.000225
-56.0	0.0	0.000225
-55.875	0.0	0.000225
-55.75	0.0	0.000226
-55.625	0.0	0.000226
-55.5	0.0	0.000226
-55.375	0.0	0.000226
-55.25	0.0	0.000227
-55.125	0.0	0.000227
-55.0	0.0	0.000227
-54.875	0.0	0.000228
-54.75	0.0	0.000228
-54.625	0.0	0.000228
-54.5	0.0	0.000228
-54.375	0.0	0.000229
-54.25	0.0	0.000229
-54.125	0.0	0.000229
-54.0	0.0	0.000229
-53.875	0.0	0.00023
-53.75	0.0	0.00023
-53.625	0.0	0.00023
-53.5	0.0	0.00023
-53.375	0.0	0.000231
-53.25	0.0	0.000231
-53.125	0.0	0.000231
-53.0	0.0	0.000232
-52.875	0.0	0.000232
-52.75	0.0	0.000232
-52.625	0.0	0.000232
-52.5	0.0	0.000233
-52.375	0.0	0.000233
-52.25	0.0	0.000233
-52.125	0.0	0.000234
-52.0	0.0	0.000234
-51.875	0.0	0.000234
-51.75	0.0	0.000234
-51.625	0.0	0.000235
-51.5	0.0	0.000235
-51.375	0.0	0.000235
-51.25	0.0	0.000235
-51.125	0.0	0.000236
-51.0	0.0	0.000236
-50.875	0.0	0.000236
-50.75	0.0	0.000237
-50.625	0.0	0.000237
-50.5	0.0	0.000237
-50.375	0.0	0.000237
-50.25	0.0	0.000238
-50.125	0.0	0.000238
-50.0	0.0	0.000238
-49.875	0.0	0.000239
-49.75	0.0	0.000239
-49.625	0.0	0.000239
-49.5	0.0	0.000239
-49.375	0.0	0.00024
-49.25	0.0	0.00024
-49.125	0.0	0.00024
-49.0	0.0	0.00024
-48.875	0.0	0.000241
-48.75	0.0	0.000241
-48.625	0.0	0.000241
-48.5	0.0	0.000242
-48.375	0.0	0.000242
-48.25	0.0	0.000242
-48.125	0.0	0.000242
-48.0	0.0	0.000243
-47.875	0.0	0.000243
-47.75	0.0	0.000243
-47.625	0.0	0.000244
-47.5	0.0	0.000244
-47.375	0.0	0.000244
-47.25	0.0	0.000244
-47.125	0.0	0.000245
-47.0	0.0	0.000245
-46.875	0.0	0.000245
-46.75	0.0	0.000246
-46.625	0.0	0.000246
-46.5	0.0	0.000246
-46.375	0.0	0.000246
-46.25	0.0	0.000247
-46.125	0.0	0.000247
-46.0	0.0	0.000247
-45.875	0.0	0.000248
-45.75	0.0	0.000248
-45.625	0.0	0.000248
-45.5	0.0	0.000248
-45.375	0.0	0.000249
-45.25	0.0	0.000249
-45.125	0.0	0.000249
-45.0	0.0	0.00025
-44.875	0.0	0.00025
-44.75	0.0	0.00025
-44.625	0.0	0.000251
-44.5	0.0	0.000251
-44.375	0.0	0.000251
-44.25	0.0	0.000251
-44.125	0.0	0.000252
-44.0	0.0	0.000252
-43.875	0.0	0.000252
-43.75	0.0	0.000253
-43.625	0.0	0.000253
-43.5	0.0	0.000253
-43.375	0.0	0.000253
-43.25	0.0	0.000254
-43.125	0.0	0.000254
-43.0	0.0	0.000254
-42.875	0.0	0.000255
-42.75	0.0	0.000255
-42.625	0.0	0.000255
-42.5	0.0	0.000256
-42.375	0.0	0.000256
-42.25	0.0	0.000256
-42.125	0.0	0.000256
-42.0	0.0	0.000257
-41.875	0.0	0.000257
-41.75	0.0	0.000257
-41.625	0.0	0.000258
-41.5	0.0	0.000258
-41.375	0.0	0.000258
-41.25	0.0	0.000259
-41.125	0.0	0.000259
-41.0	0.0	0.000259
-40.875	0.0	0.000259
-40.75	0.0	0.00026
-40.625	0.0	0.00026
-40.5	0.0	0.00026
-40.375	0.0	0.000261
-40.25	0.0	0.000261
-40.125	0.0	0.000261
-40.0	0.0	0.000262
-39.875	0.0	0.000262
-39.75	0.0	0.000262
-39.625	0.0	0.000262
-39.5	0.0	0.000263
-39.375	0.0	0.000263
-39.25	0.0	0.000263
-39.125	0.0	0.000264
-39.0	0.0	0.000264
-38.875	0.0	0.000264
-38.75	0.0	0.000265
-38.625	0.0	0.000265
-38.5	0.0	0.000265
-38.375	0.0	0.000266
-38.25	0.0	0.000266
-38.125	0.0	0.000266
-38.0	0.0	0.000266
-37.875	0.0	0.000267
-37.75	0.0	0.000267
-37.625	0.0	0.000267
-37.5	0.0	0.000268
-37.375	0.0	0.000268
-37.25	0.0	0.000268
-37.125	0.0	0.000269
-37.0	0.0	0.000269
-36.875	0.0	0.000269
-36.75	0.0	0.00027
-36.625	0.0	0.00027
-36.5	0.0	0.00027
-36.375	0.0	0.000271
-36.25	0.0	0.000271
-36.125	0.0	0.000271
-36.0	0.0	0.000272
-35.875	0.0	0.000272
-35.75	0.0	0.000272
-35.625	0.0	0.000272
-35.5	0.0	0.000273
-35.375	0.0	0.000273
-35.25	0.0	0.000273
-35.125	0.0	0.000274
-35.0	0.0	0.000274
-34.875	0.0	0.000274
-34.75	0.0	0.000275
-34.625	0.0	0.000275
-34.5	0.0	0.000275
-34.375	0.0	0.000276
-34.25	0.0	0.000276
-34.125	0.0	0.000276
-34.0	0.0	0.000277
-33.875	0.0	0.000277
-33.75	0.0	0.000277
-33.625	0.0	0.000278
-33.5	0.0	0.000278
-33.375	0.0	0.000278
-33.25	0.0	0.000279
-33.125	0.0	0.000279
-33.0	0.0	0.000279
-32.875	0.0	0.00028
-32.75	0.0	0.00028
-32.625	0.0	0.00028
-32.5	0.0	0.00028
-32.375	0.0	0.000281
-32.25	0.0	0.000281
-32.125	0.0	0.000281
-32.0	0.0	0.000282
-31.875	0.0	0.000282
-31.75	0.0	0.000282
-31.625	0.0	0.000283
-31.5	0.0	0.000283
-31.375	0.0	0.000283
-31.25	0.0	0.000284
-31.125	0.0	0.000284
-31.0	0.0	0.000284
-30.875	0.0	0.000285
-30.75	0.0	0.000285
-30.625	0.0	0.000285
-30.5	0.0	0.000286
-30.375	0.0	0.000286
-30.25	0.0	0.000286
-30.125	0.0	0.000287
-30.0	0.0	0.000287
-29.875	0.0	0.000287
-29.75	0.0	0.000288
-29.625	0.0	0.000288
-29.5	0.0	0.000288
-29.375	0.0	0.000289
-29.25	0.0	0.000289
-29.125	0.0	0.000289
-29.0	0.0	0.00029
-28.875	0.0	0.00029
-28.75	0.0	0.00029
-28.625	0.0	0.000291
-28.5	0.0	0.000291
-28.375	0.0	0.000291
-28.25	0.0	0.000292
-28.125	0.0	0.000292
-28.0	0.0	0.000293
-27.875	0.0	0.000293
-27.75	0.0	0.000293
-27.625	0.0	0.000294
-27.5	0.0	0.000294
-27.375	0.0	0.000294
-27.25	0.0	0.000295
-27.125	0.0	0.000295
-27.0	0.0	0.000295
-26.875	0.0	0.000296
-26.75	0.0	0.000296
-26.625	0.0	0.000296
-26.5	0.0	0.000297
-26.375	0.0	0.000297
-26.25	0.0	0.000297
-26.125	0.0	0.000298
-26.0	0.0	0.000298
-25.875	0.0	0.000298
-25.75	0.0	0.000299
-25.625	0.0	0.000299
-25.5	0.0	0.000299
-25.375	0.0	0.0003
-25.25	0.0	0.0003
-25.125	0.0	0.0003
-25.0	0.0	0.000301
-24.875	0.0	0.000301
-24.75	0.0	0.000302
-24.625	0.0	0.000302
-24.5	0.0	0.000302
-24.375	0.0	0.000303
-24.25	0.0	0.000303
-24.125	0.0	0.000303
-24.0	0.0	0.000304
-23.875	0.0	0.000304
-23.75	0.0	0.000304
-23.625	0.0	0.000305
-23.5	0.0	0.000305
-23.375	0.0	0.000305
-23.25	0.0	0.000306
-23.125	0.0	0.000306
-23.0	0.0	0.000307
-22.875	0.0	0.000307
-22.75	0.0	0.000307
-22.625	0.0	0.000308
-22.5	0.0	0.000308
-22.375	0.0	0.000308
-22.25	0.0	0.000309
-22.125	0.0	0.000309
-22.0	0.0	0.000309
-21.875	0.0	0.00031
-21.75	0.0	0.00031
-21.625	0.0	0.000311
-21.5	0.0	0.000311
-21.375	0.0	0.000311
-21.25	0.0	0.000312
-21.125	0.0	0.000312
-21.0	0.0	0.000312
-20.875	0.0	0.000313
-20.75	0.0	0.000313
-20.625	0.0	0.000313
-20.5	0.0	0.000314
-20.375	0.0	0.000314
-20.25	0.0	0.000315
-20.125	0.0	0.000315
-20.0	0.0	0.000315
-19.875	0.0	0.000316
-19.75	0.0	0.000316
-19.625	0.0	0.000316
-19.5	0.0	0.000317
-19.375	0.0	0.000317
-19.25	0.0	0.000318
-19.125	0.0	0.000318
-19.0	0.0	0.000318
-18.875	0.0	0.000319
-18.75	0.0	0.000319
-18.625	0.0	0.000319
-18.5	0.0	0.00032
-18.375	0.0	0.00032
-18.25	0.0	0.000321
-18.125	0.0	0.000321
-18.0	0.0	0.000321
-17.875	0.0	0.000322
-17.75	0.0	0.000322
-17.625	0.0	0.000322
-17.5	0.0	0.000323
-17.375	0.0	0.000323
-17.25	0.0	0.000324
-17.125	0.0	0.000324
-17.0	0.0	0.000324
-16.875	0.0	0.000325
-16.75	0.0	0.000325
-16.625	0.0	0.000326
-16.5	0.0	0.000326
-16.375	0.0	0.000326
-16.25	0.0	0.000327
-16.125	0.0	0.000327
-16.0	0.0	0.000327
-15.875	0.0	0.000328
-15.75	0.0	0.000328
-15.625	0.0	0.000329
-15.5	0.0	0.000329
-15.375	0.0	0.000329
-15.25	0.0	0.00033
-15.125	0.0	0.00033
-15.0	0.0	0.000331
-14.875	0.0	0.000331
-14.75	0.0	0.000331
-14.625	0.0	0.000332
-14.5	0.0	0.000332
-14.375	0.0	0.000333
-14.25	0.0	0.000333
-14.125	0.0	0.000333
-14.0	0.0	0.000334
-13.875	0.0	0.000334
-13.75	0.0	0.000335
-13.625	0.0	0.000335
-13.5	0.0	0.000335
-13.375	0.0	0.000336
-13.25	0.0	0.000336
-13.125	0.0	0.000337
-13.0	0.0	0.000337
-12.875	0.0	0.000337
-12.75	0.0	0.000338
-12.625	0.0	0.000338
-12.5	0.0	0.000339
-12.375	0.0	0.000339
-12.25	0.0	0.000339
-12.125	0.0	0.00034
-12.0	0.0	0.00034
-11.875	0.0	0.000341
-11.75	0.0	0.000341
-11.625	0.0	0.000341
-11.5	0.0	0.000342
-11.375	0.0	0.000342
-11.25	0.0	0.000343
-11.125	0.0	0.000343
-11.0	0.0	0.000343
-10.875	0.0	0.000344
-10.75	0.0	0.000344
-10.625	0.0	0.000345
-10.5	0.0	0.000345
-10.375	0.0	0.000345
-10.25	0.0	0.000346
-10.125	0.0	0.000346
-10.0	0.0	0.000347
-9.875	0.0	0.000347
-9.75	0.0	0.000348
-9.625	0.0	0.000348
-9.5	0.0	0.000348
-9.375	0.0	0.000349
-9.25	0.0	0.000349
-9.125	0.0	0.00035
-9.0	0.0	0.00035
-8.875	0.0	0.000351
-8.75	0.0	0.000351
-8.625	0.0	0.000351
-8.5	0.0	0.000352
-8.375	0.0	0.000352
-8.25	0.0	0.000353
-8.125	0.0	0.000353
-8.0	0.0	0.000353
-7.875	0.0	0.000354
-7.75	0.0	0.000354
-7.625	0.0	0.000355
-7.5	0.0	0.000355
-7.375	0.0	0.000356
-7.25	0.0	0.000356
-7.125	0.0	0.000356
-7.0	0.0	0.000357
-6.875	0.0	0.000357
-6.75	0.0	0.000358
-6.625	0.0	0.000358
-6.5	0.0	0.000359
-6.375	0.0	0.000359
-6.25	0.0	0.00036
-6.125	0.0	0.00036
-6.0	0.0	0.00036
-5.875	0.0	0.000361
-5.75	0.0	0.000361
-5.625	0.0	0.000362
-5.5	0.0	0.000362
-5.375	0.0	0.000363
-5.25	0.0	0.000363
-5.125	0.0	0.000363
-5.0	0.0	0.000364
-4.875	0.0	0.000364
-4.75	0.0	0.000365
-4.625	0.0	0.000365
-4.5	0.0	0.000366
-4.375	0.0	0.000366
-4.25	0.0	0.000367
-4.125	0.0	0.000367
-4.0	0.0	0.000367
-3.875	0.0	0.000368
-3.75	0.0	0.000368
-3.625	0.0	0.000369
-3.5	0.0	0.000369
-3.375	0.0	0.00037
-3.25	0.0	0.00037
-3.125	0.0	0.000371
-3.0	0.0	0.000371
-2.875	0.0	0.000372
-2.75	0.0	0.000372
-2.625	0.0	0.000372
-2.5	0.0	0.000373
-2.375	0.0	0.000373
-2.25	0.0	0.000374
-2.125	0.0	0.000374
-2.0	0.0	0.000375
-1.875	0.0	0.000375
-1.75	0.0	0.000376
-1.625	0.0	0.000376
-1.5	0.0	0.000377
-1.375	0.0	0.000377
-1.25	0.0	0.000378
-1.125	0.0	0.000378
-1.0	0.0	0.000378
-0.875	0.0	0.000379
-0.75	0.0	0.000379
-0.625	0.0	0.00038
-0.5	0.0	0.00038
-0.375	0.0	0.000381
-0.25	0.0	0.000381
-0.125	0.0	0.000382
0.0	0.0	0.000382
0.125	0.0	0.000383
0.25	0.0	0.000383
0.375	0.0	0.000384
0.5	0.0	0.000384
0.625	0.0	0.000385
0.75	0.0	0.000385
0.875	0.0	0.000386
1.0	0.0	0.000386
1.125	0.0	0.000386
1.25	0.0	0.000387
1.375	0.0	0.000387
1.5	0.0	0.000388
1.625	0.0	0.000388
1.75	0.0	0.000389
1.875	0.0	0.000389
2.0	0.0	0.00039
2.125	0.0	0.00039
2.25	0.0	0.000391
2.375	0.0	0.000391
2.5	0.0	0.000392
2.625	0.0	0.000392
2.75	0.0	0.000393
2.875	0.0	0.000393
3.0	0.0	0.000394
3.125	0.0	0.000394
3.25	0.0	0.000395
3.375	0.0	0.000395
3.5	0.0	0.000396
3.625	0.0	0.000396
3.75	0.0	0.000397
3.875	0.0	0.000397
4.0	0.0	0.000398
4.125	0.0	0.000398
4.25	0.0	0.000399
4.375	0.0	0.000399
4.5	0.0	0.0004
4.625	0.0	0.0004
4.75	0.0	0.000401
4.875	0.0	0.000401
5.0	0.0	0.000402
5.125	0.0	0.000402
5.25	0.0	0.000403
5.375	0.0	0.000403
5.5	0.0	0.000404
5.625	0.0	0.000404
5.75	0.0	0.000405
5.875	0.0	0.000405
6.0	0.0	0.000406
6.125	0.0	0.000406
6.25	0.0	0.000407
6.375	0.0	0.000407
6.5	0.0	0.000408
6.625	0.0	0.000408
6.75	0.0	0.000409
6.875	0.0	0.000409
7.0	0.0	0.00041
7.125	0.0	0.00041
7.25	0.0	0.000411
7.375	0.0	0.000411
7.5	0.0	0.000412
7.625	0.0	0.000412
7.75	0.0	0.000413
7.875	0.0	0.000414
8.0	0.0	0.000414
8.125	0.0	0.000415
8.25	0.0	0.000415
8.375	0.0	0.000416
8.5	0.0	0.000416
8.625	0.0	0.000417
8.75	0.0	0.000417
8.875	0.0	0.000418
9.0	0.0	0.000418
9.125	0.0	0.000419
9.25	0.0	0.000419
9.375	0.0	0.00042
9.5	0.0	0.00042
9.625	0.0	0.000421
9.75	0.0	0.000421
9.875	0.0	0.000422
10.0	0.0	0.000423
10.125	0.0	0.000423
10.25	0.0	0.000424
10.375	0.0	0.000424
10.5	0.0	0.000425
10.625	0.0	0.000425
10.75	0.0	0.000426
10.875	0.0	0.000426
11.0	0.0	0.000427
11.125	0.0	0.000427
11.25	0.0	0.000428
11.375	0.0	0.000429
11.5	0.0	0.000429
11.625	0.0	0.00043
11.75	0.0	0.00043
11.875	0.0	0.000431
12.0	0.0	0.000431
12.125	0.0	0.000432
12.25	0.0	0.000432
12.375	0.0	0.000433
12.5	0.0	0.000434
12.625	0.0	0.000434
12.75	0.0	0.000435
12.875	0.0	0.000435
13.0	0.0	0.000436
13.125	0.0	0.000436
13.25	0.0	0.000437
13.375	0.0	0.000437
13.5	0.0	0.000438
13.625	0.0	0.000439
13.75	0.0	0.000439
13.875	0.0	0.00044
14.0	0.0	0.00044
14.125	0.0	0.000441
14.25	0.0	0.000441
14.375	0.0	0.000442
14.5	0.0	0.000443
14.625	0.0	0.000443
14.75	0.0	0.000444
14.875	0.0	0.000444
15.0	0.0	0.000445
15.125	0.0	0.000445
15.25	0.0	0.000446
15.375	0.0	0.000447
15.5	0.0	0.000447
15.625	0.0	0.000448
15.75	0.0	0.000448
15.875	0.0	0.000449
16.0	0.0	0.00045
16.125	0.0	0.00045
16.25	0.0	0.000451
16.375	0.0	0.000451
16.5	0.0	0.000452
16.625	0.0	0.000452
16.75	0.0	0.000453
16.875	0.0	0.000454
17.0	0.0	0.000454
17.125	0.0	0.000455
17.25	0.0	0.000455
17.375	0.0	0.000456
17.5	0.0	0.000457
17.625	0.0	0.000457
17.75	0.0	0.000458
17.875	0.0	0.000458
18.0	0.0	0.000459
18.125	0.0	0.00046
18.25	0.0	0.00046
18.375	0.0	0.000461
18.5	0.0	0.000461
18.625	0.0	0.000462
18.75	0.0	0.000463
18.875	0.0	0.000463
19.0	0.0	0.000464
19.125	0.0	0.000465
19.25	0.0	0.000465
19.375	0.0	0.000466
19.5	0.0	0.000466
19.625	0.0	0.000467
19.75	0.0	0.000468
19.875	0.0	0.000468
20.0	0.0	0.000469
20.125	0.0	0.000469
20.25	0.0	0.00047
20.375	0.0	0.000471
20.5	0.0	0.000471
20.625	0.0	0.000472
20.75	0.0	0.000473
20.875	0.0	0.000473
21.0	0.0	0.000474
21.125	0.0	0.000474
21.25	0.0	0.000475
21.375	0.0	0.000476
21.5	0.0	0.000476
21.625	0.0	0.000477
21.75	0.0	0.000478
21.875	0.0	0.000478
22.0	0.0	0.000479
22.125	0.0	0.00048
22.25	0.0	0.00048
22.375	0.0	0.000481
22.5	0.0	0.000481
22.625	0.0	0.000482
22.75	0.0	0.000483
22.875	0.0	0.000483
23.0	0.0	0.000484
23.125	0.0	0.000485
23.25	0.0	0.000485
23.375	0.0	0.000486
23.5	0.0	0.000487
23.625	0.0	0.000487
23.75	0.0	0.000488
23.875	0.0	0.000489
24.0	0.0	0.000489
24.125	0.0	0.00049
24.25	0.0	0.000491
24.375	0.0	0.000491
24.5	0.0	0.000492
24.625	0.0	0.000493
24.75	0.0	0.000493
24.875	0.0	0.000494
25.0	0.0	0.000495
25.125	0.0	0.000495
25.25	0.0	0.000496
25.375	0.0	0.000497
25.5	0.0	0.000497
25.625	0.0	0.000498
25.75	0.0	0.000499
25.875	0.0	0.000499
26.0	0.0	0.0005
26.125	0.0	0.000501
26.25	0.0	0.000501
26.375	0.0	0.000502
26.5	0.0	0.000503
26.625	0.0	0.000503
26.75	0.0	0.000504
26.875	0.0	0.000505
27.0	0.0	0.000505
27.125	0.0	0.000506
27.25	0.0	0.000507
27.375	0.0	0.000507
27.5	0.0	0.000508
27.625	0.0	0.000509
27.75	0.0	0.000509
27.875	0.0	0.00051
28.0	0.0	0.000511
28.125	0.0	0.000512
28.25	0.0	0.000512
28.375	0.0	0.000513
28.5	0.0	0.000514
28.625	0.0	0.000514
28.75	0.0	0.000515
28.875	0.0	0.000516
29.0	0.0	0.000516
29.125	0.0	0.000517
29.25	0.0	0.000518
29.375	0.0	0.000519
29.5	0.0	0.000519
29.625	0.0	0.00052
29.75	0.0	0.000521
29.875	0.0	0.000521
30.0	0.0	0.000522
30.125	0.0	0.000523
30.25	0.0	0.000523
30.375	0.0	0.000524
30.5	0.0	0.000525
30.625	0.0	0.000526
30.75	0.0	0.000526
30.875	0.0	0.000527
31.0	0.0	0.000528
31.125	0.0	0.000529
31.25	0.0	0.000529
31.375	0.0	0.00053
31.5	0.0	0.000531
31.625	0.0	0.000531
31.75	0.0	0.000532
31.875	0.0	0.000533
32.0	0.0	0.000534
32.125	0.0	0.000534
32.25	0.0	0.000535
32.375	0.0	0.000536
32.5	0.0	0.000537
32.625	0.0	0.000537
32.75	0.0	0.000538
32.875	0.0	0.000539
33.0	0.0	0.000539
33.125	0.0	0.00054
33.25	0.0	0.000541
33.375	0.0	0.000542
33.5	0.0	0.000542
33.625	0.0	0.000543
33.75	0.0	0.000544
33.875	0.0	0.000545
34.0	0.0	0.000545
34.125	0.0	0.000546
34.25	0.0	0.000547
34.375	0.0	0.000548
34.5	0.0	0.000548
34.625	0.0	0.000549
34.75	0.0	0.00055
34.875	0.0	0.000551
35.0	0.0	0.000551
35.125	0.0	0.000552
35.25	0.0	0.000553
35.375	0.0	0.000554
35.5	0.0	0.000554
35.625	0.0	0.000555
35.75	0.0	0.000556
35.875	0.0	0.000557
36.0	0.0	0.000557
36.125	0.0	0.000558
36.25	0.0	0.000559
36.375	0.0	0.00056
36.5	0.0	0.000561
36.625	0.0	0.000561
36.75	0.0	0.000562
36.875	0.0	0.000563
37.0	0.0	0.000564
37.125	0.0	0.000564
37.25	0.0	0.000565
37.375	0.0	0.000566
37.5	0.0	0.000567
37.625	0.0	0.000567
37.75	0.0	0.000568
37.875	0.0	0.000569
38.0	0.0	0.00057
38.125	0.0	0.000571
38.25	0.0	0.000571
38.375	0.0	0.000572
38.5	0.0	0.000573
38.625	0.0	0.000574
38.75	0.0	0.000574
38.875	0.0	0.000575
39.0	0.0	0.000576
39.125	0.0	0.000577
39.25	0.0	0.000578
39.375	0.0	0.000578
39.5	0.0	0.000579
39.625	0.0	0.00058
39.75	0.0	0.000581
39.875	0.0	0.000582
40.0	0.0	0.000582
40.125	0.0	0.000583
40.25	0.0	0.000584
40.375	0.0	0.000585
40.5	0.0	0.000586
40.625	0.0	0.000586
40.75	0.0	0.000587
40.875	0.0	0.000588
41.0	0.0	0.000589
41.125	0.0	0.00059
41.25	0.0	0.00059
41.375	0.0	0.000591
41.5	0.0	0.000592
41.625	0.0	0.000593
41.75	0.0	0.000594
41.875	0.0	0.000594
42.0	0.0	0.000595
42.125	0.0	0.000596
42.25	0.0	0.000597
42.375	0.0	0.000598
42.5	0.0	0.000598
42.625	0.0	0.000599
42.75	0.0	0.0006
42.875	0.0	0.000601
43.0	0.0	0.000602
43.125	0.0	0.000602
43.25	0.0	0.000603
43.375	0.0	0.000604
43.5	0.0	0.000605
43.625	0.0	0.000606
43.75	0.0	0.000606
43.875	0.0	0.000607
44.0	0.0	0.000608
44.125	0.0	0.000609
44.25	0.0	0.00061
44.375	0.0	0.00061
44.5	0.0	0.000611
44.625	0.0	0.000612
44.75	0.0	0.000613
44.875	0.0	0.000614
45.0	0.0	0.000614
45.125	0.0	0.000615
45.25	0.0	0.000616
45.375	0.0	0.000617
45.5	0.0	0.000618
45.625	0.0	0.000618
45.75	0.0	0.000619
45.875	0.0	0.00062
46.0	0.0	0.000621
46.125	0.0	0.000622
46.25	0.0	0.000623
46.375	0.0	0.000623
46.5	0.0	0.000624
46.625	0.0	0.000625
46.75	0.0	0.000626
46.875	0.0	0.000627
47.0	0.0	0.000627
47.125	0.0	0.000628
47.25	0.0	0.000629
47.375	0.0	0.00063
47.5	0.0	0.000631
47.625	0.0	0.000631
47.75	0.0	0.000632
47.875	0.0	0.000633
48.0	0.0	0.000634
48.125	0.0	0.000635
48.25	0.0	0.000635
48.375	0.0	0.000636
48.5	0.0	0.000637
48.625	0.0	0.000638
48.75	0.0	0.000639
48.875	0.0	0.000639
49.0	0.0	0.00064
49.125	0.0	0.000641
49.25	0.0	0.000642
49.375	0.0	0.000642
49.5	0.0	0.000643
49.625	0.0	0.000644
49.75	0.0	0.000645
49.875	0.0	0.000646
50.0	0.0	0.000646
50.125	0.0	0.000647
50.25	0.0	0.000648
50.375	0.0	0.000649
50.5	0.0	0.000649
50.625	0.0	0.00065
50.75	0.0	0.000651
50.875	0.0	0.000652
51.0	0.0	0.000653
51.125	0.0	0.000653
51.25	0.0	0.000654
51.375	0.0	0.000655
51.5	0.0	0.000656
51.625	0.0	0.000656
51.75	0.0	0.000657
51.875	0.0	0.000658
52.0	0.0	0.000659
52.125	0.0	0.000659
52.25	0.0	0.00066
52.375	0.0	0.000661
52.5	0.0	0.000662
52.625	0.0	0.000662
52.75	0.0	0.000663
52.875	0.0	0.000664
53.0	0.0	0.000665
53.125	0.0	0.000665
53.25	0.0	0.000666
53.375	0.0	0.000667
53.5	0.0	0.000667
53.625	0.0	0.000668
53.75	0.0	0.000669
53.875	0.0	0.00067
54.0	0.0	0.00067
54.125	0.0	0.000671
54.25	0.0	0.000672
54.375	0.0	0.000672
54.5	0.0	0.000673
54.625	0.0	0.000674
54.75	0.0	0.000674
54.875	0.0	0.000675
55.0	0.0	0.000676
55.125	0.0	0.000676
55.25	0.0	0.000677
55.375	0.0	0.000678
55.5	0.0	0.000678
55.625	0.0	0.000679
55.75	0.0	0.00068
55.875	0.0	0.00068
56.0	0.0	0.000681
56.125	0.0	0.000681
56.25	0.0	0.000682
56.375	0.0	0.000683
56.5	0.0	0.000683
56.625	0.0	0.000684
56.75	0.0	0.000684
56.875	0.0	0.000685
57.0	0.0	0.000686
57.125	0.0	0.000686
57.25	0.0	0.000687
57.375	0.0	0.000687
57.5	0.0	0.000688
57.625	0.0	0.000688
57.75	0.0	0.000689
57.875	0.0	0.000689
58.0	0.0	0.00069
58.125	0.0	0.00069
58.25	0.0	0.000691
58.375	0.0	0.000691
58.5	0.0	0.000692
58.625	0.0	0.000692
58.75	0.0	0.000693
58.875	0.0	0.000693
59.0	0.0	0.000694
59.125	0.0	0.000694
59.25	0.0	0.000694
59.375	0.0	0.000695
59.5	0.0	0.000695
59.625	0.0	0.000696
59.75	0.0	0.000696
59.875	0.0	0.000696
60.0	0.0	0.000697
60.125	0.0	0.000697
60.25	0.0	0.000697
60.375	0.0	0.000698
60.5	0.0	0.000698
60.625	0.0	0.000698
60.75	0.0	0.000699
60.875	0.0	0.000699
61.0	0.0	0.000699
61.125	0.0	0.000699
61.25	0.0	0.0007
61.375	0.0	0.0007
61.5	0.0	0.0007
61.625	0.0	0.0007
61.75	0.0	0.0007
61.875	0.0	0.000701
62.0	0.0	0.000701
62.125	0.0	0.000701
62.25	0.0	0.000701
62.375	0.0	0.000701
62.5	0.0	0.000701
62.625	0.0	0.000701
62.75	0.0	0.000701
62.875	0.0	0.000701
63.0	0.0	0.000701
63.125	0.0	0.000701
63.25	0.0	0.000701
63.375	0.0	0.000701
63.5	0.0	0.000701
63.625	0.0	0.000701
63.75	0.0	0.000701
63.875	0.0	0.000701
64.0	0.0	0.0007
64.125	0.0	0.0007
64.25	0.0	0.0007
64.375	0.0	0.0007
64.5	0.0	0.0007
64.625	0.0	0.000699
64.75	0.0	0.000699
64.875	0.0	0.000699
65.0	0.0	0.000698
65.125	0.0	0.000698
65.25	0.0	0.000698
65.375	0.0	0.000697
65.5	0.0	0.000697
65.625	0.0	0.000696
65.75	0.0	0.000696
65.875	0.0	0.000695
66.0	0.0	0.000695
66.125	0.0	0.000694
66.25	0.0	0.000693
66.375	0.0	0.000693
66.5	0.0	0.000692
66.625	0.0	0.000691
66.75	0.0	0.00069
66.875	0.0	0.00069
67.0	0.0	0.000689
67.125	0.0	0.000688
67.25	0.0	0.000687
67.375	0.0	0.000686
67.5	0.0	0.000685
67.625	0.0	0.000684
67.75	0.0	0.000683
67.875	0.0	0.000682
68.0	0.0	0.000681
68.125	0.0	0.000679
68.25	0.0	0.000678
68.375	0.0	0.000677
68.5	0.0	0.000675
68.625	0.0	0.000674
68.75	0.0	0.000673
68.875	0.0	0.000671
69.0	0.0	0.00067
69.125	0.0	0.000668
69.25	0.0	0.000666
69.375	0.0	0.000665
69.5	0.0	0.000663
69.625	0.0	0.000661
69.75	0.0	0.000659
69.875	0.0	0.000657
70.0	0.0	0.000655
70.125	0.0	0.000653
70.25	0.0	0.000651
70.375	0.0	0.000649
70.5	0.0	0.000647
70.625	0.0	0.000645
70.75	0.0	0.000642
70.875	0.0	0.00064
71.0	0.0	0.000637
71.125	0.0	0.000635
71.25	0.0	0.000632
71.375	0.0	0.000629
71.5	0.0	0.000627
71.625	0.0	0.000624
71.75	0.0	0.000621
71.875	0.0	0.000618
72.0	0.0	0.000615
72.125	0.0	0.000612
72.25	0.0	0.000608
72.375	0.0	0.000605
72.5	0.0	0.000602
72.625	0.0	0.000598
72.75	0.0	0.000594
72.875	0.0	0.000591
73.0	0.0	0.000587
73.125	0.0	0.000583
73.25	0.0	0.000579
73.375	0.0	0.000575
73.5	0.0	0.00057
73.625	0.0	0.000566
73.75	0.0	0.000562
73.875	0.0	0.000557
74.0	0.0	0.000552
74.125	0.0	0.000548
74.25	0.0	0.000543
74.375	0.0	0.000537
74.5	0.0	0.000532
74.625	0.0	0.000527
74.75	0.0	0.000522
74.875	0.0	0.000516
75.0	0.0	0.00051
75.125	0.0	0.000504
75.25	0.0	0.000498
75.375	0.0	0.000492
75.5	0.0	0.000486
75.625	0.0	0.000479
75.75	0.0	0.000473
75.875	0.0	0.000466
76.0	0.0	0.000459
76.125	0.0	0.000452
76.25	0.0	0.000444
76.375	0.0	0.000437
76.5	0.0	0.000429
76.625	0.0	0.000421
76.75	0.0	0.000413
76.875	0.0	0.000405
77.0	0.0	0.000396
77.125	0.0	0.000388
77.25	0.0	0.000379
77.375	0.0	0.00037
77.5	0.0	0.00036
77.625	0.0	0.000351
77.75	0.0	0.000341
77.875	0.0	0.000331
78.0	0.0	0.000321
78.125	0.0	0.00031
78.25	0.0	0.000299
78.375	0.0	0.000288
78.5	0.0	0.000277
78.625	0.0	0.000266
78.75	0.0	0.000254
78.875	0.0	0.000241
79.0	0.0	0.000229
79.125	0.0	0.000216
79.25	0.0	0.000203
79.375	0.0	0.00019
79.5	0.0	0.000176
79.625	0.0	0.000162
79.75	0.0	0.000148
79.875	0.0	0.000133
80.0	0.0	0.000118
80.125	0.0	0.000103
80.25	0.0	8.7e-5
80.375	0.0	7.1e-5
80.5	0.0	5.4e-5
80.625	0.0	3.8e-5
80.75	0.0	2.0e-5
80.875	0.0	3.0e-6
81.0	0.0	-1.5e-5
81.125	0.0	-3.3e-5
81.25	0.0	-5.2e-5
81.375	0.0	-7.0e-5
81.5	0.0	-9.0e-5
81.625	0.0	-0.000109
81.75	0.0	-0.000129
81.875	0.0	-0.000149
82.0	0.0	-0.00017
82.125	0.0	-0.000191
82.25	0.0	-0.000212
82.375	0.0	-0.000233
82.5	0.0	-0.000255
82.625	0.0	-0.000278
82.75	0.0	-0.0003
82.875	0.0	-0.000324
83.0	0.0	-0.000348
83.125	0.0	-0.000372
83.25	0.0	-0.000398
83.375	0.0	-0.000424
83.5	0.0	-0.000451
83.625	0.0	-0.00048
83.75	0.0	-0.000511
83.875	0.0	-0.000543
84.0	0.0	-0.000577
84.125	0.0	-0.000615
84.25	0.0	-0.000655
84.375	0.0	-0.000699
84.5	0.0	-0.000747
84.625	0.0	-0.0008
84.75	0.0	-0.000859
84.875	0.0	-0.000924
85.0	0.0	-0.000996
85.125	0.0	-0.001077
85.25	0.0	-0.001167
85.375	0.0	-0.001266
85.5	0.0	-0.001377
85.625	0.0	-0.001501
85.75	0.0	-0.001637
85.875	0.0	-0.001788
86.0	0.0	-0.001954
86.125	0.0	-0.002135
86.25	0.0	-0.002333
86.375	0.0	-0.002548
86.5	0.0	-0.002779
86.625	1.0e-6	-0.003027
86.75	1.0e-6	-0.00329
86.875	1.0e-6	-0.003568
87.0	1.0e-6	-0.003859
87.125	1.0e-6	-0.004159
87.25	2.0e-6	-0.004467
87.375	2.0e-6	-0.004776
87.5	3.0e-6	-0.005083
87.625	3.0e-6	-0.005381
87.75	4.0e-6	-0.005662
87.875	5.0e-6	-0.005918
88.0	7.0e-6	-0.006138
88.125	8.0e-6	-0.006311
88.25	1.0e-5	-0.006424
88.375	1.2e-5	-0.006463
88.5	1.5e-5	-0.006412
88.625	1.9e-5	-0.006253
88.75	2.3e-5	-0.005968
88.875	2.8e-5	-0.005537
89.0	3.4e-5	-0.004939
89.125	4.2e-5	-0.004152
89.25	5.1e-5	-0.003154
89.375	6.2e-5	-0.001923
89.5	7.5e-5	-0.000435
89.625	9.1e-5	0.001329
89.75	0.00011	0.003392
89.875	0.000133	0.005772
90.0	0.00016	0.008484
90.125	0.000192	0.011542
90.25	0.00023	0.014955
90.375	0.000276	0.018726
90.5	0.00033	0.022853
90.625	0.000395	0.027328
90.75	0.000471	0.032134
90.875	0.00056	0.037246
91.0	0.000665	0.042628
91.125	0.000789	0.048235
91.25	0.000935	0.05401
91.375	0.001105	0.059882
91.5	0.001304	0.065768
91.625	0.001537	0.071573
91.75	0.001808	0.077186
91.875	0.002122	0.082482
92.0	0.002488	0.087323
92.125	0.002912	0.091555
92.25	0.003401	0.095013
92.375	0.003967	0.097518
92.5	0.004619	0.098882
92.625	0.005368	0.098906
92.75	0.006229	0.097383
92.875	0.007215	0.094103
93.0	0.008343	0.088852
93.125	0.009632	0.081418
93.25	0.0111	0.071595
93.375	0.012771	0.059182
93.5	0.014668	0.043994
93.625	0.016819	0.025863
93.75	0.019252	0.004643
93.875	0.021999	-0.019785
94.0	0.025096	-0.047505
94.125	0.02858	-0.078567
94.25	0.032493	-0.112974
94.375	0.036878	-0.150682
94.5	0.041785	-0.191597
94.625	0.047264	-0.235563
94.75	0.05337	-0.282365
94.875	0.060163	-0.331724
95.0	0.067706	-0.383292
95.125	0.076065	-0.436654
95.25	0.08531	-0.491322
95.375	0.095517	-0.54674
95.5	0.106764	-0.602284
95.625	0.119132	-0.657264
95.75	0.132707	-0.710925
95.875	0.147578	-0.76246
96.0	0.163837	-0.811008
96.125	0.181579	-0.855668
96.25	0.2009	-0.895505
96.375	0.221899	-0.929562
96.5	0.244677	-0.956872
96.625	0.269335	-0.976473
96.75	0.295975	-0.987417
96.875	0.324698	-0.988791
97.0	0.355603	-0.979728
97.125	0.388788	-0.959426
97.25	0.424348	-0.927164
97.375	0.462375	-0.882317
97.5	0.502953	-0.824375
97.625	0.546164	-0.752953
97.75	0.59208	-0.667814
97.875	0.640767	-0.568872
98.0	0.69228	-0.456214
98.125	0.746663	-0.330103
98.25	0.803952	-0.190991
98.375	0.864166	-0.039518
98.5	0.927313	0.123475
98.625	0.993385	0.296957
98.75	1.062358	0.479699
98.875	1.13419	0.670287
99.0	1.208823	0.867128
99.125	1.28618	1.068461
99.25	1.366163	1.272374
99.375	1.448656	1.476821
99.5	1.533522	1.679643
99.625	1.620603	1.878593
99.75	1.709722	2.071358
99.875	1.800678	2.255594
100.0	1.893252	2.428948
100.125	1.987207	2.589096
100.25	2.082282	2.733773
100.375	2.1782	2.860801
100.5	2.274669	2.968131
100.625	2.371376	3.053867
100.75	2.467997	3.116297
100.875	2.564194	3.153928
101.0	2.659616	3.165508
101.125	2.753905	3.15005
101.25	2.846695	3.106857
101.375	2.937616	3.035534
101.5	3.026292	2.936007
101.625	3.112352	2.808528
101.75	3.195424	2.653681
101.875	3.275143	2.472384
102.0	3.351151	2.26588
102.125	3.4231	2.035733
102.25	3.490657	1.783808
102.375	3.553503	1.512256
102.5	3.611339	1.223487
102.625	3.663883	0.920148
102.75	3.710881	0.605085
102.875	3.7521	0.281314
103.0	3.787334	-0.04802
103.125	3.816408	-0.379679
103.25	3.839176	-0.710376
103.375	3.855521	-1.036817
103.5	3.865362	-1.35574
103.625	3.868648	-1.663963
103.75	3.865362	-1.958419
103.875	3.855521	-2.2362
104.0	3.839175	-2.494592
104.125	3.816407	-2.73111
104.25	3.787332	-2.943528
104.375	3.752098	-3.129911
104.5	3.710879	-3.288631
104.625	3.663881	-3.41839
104.75	3.611336	-3.518234
104.875	3.5535	-3.587559
105.0	3.490654	-3.626117
105.125	3.423097	-3.634013
105.25	3.351147	-3.611699
105.375	3.275139	-3.559964
105.5	3.19542	-3.479916
105.625	3.112348	-3.372963
105.75	3.026288	-3.240791
105.875	2.937611	-3.085333
106.0	2.846691	-2.90874
106.125	2.753901	-2.713349
106.25	2.659611	-2.501649
106.375	2.564189	-2.276245
106.5	2.467992	-2.039817
106.625	2.371371	-1.795091
106.75	2.274664	-1.544796
106.875	2.178195	-1.291635
107.0	2.082277	-1.038244
107.125	1.987202	-0.787169
107.25	1.893248	-0.540829
107.375	1.800673	-0.301495
107.5	1.709717	-0.071262
107.625	1.620599	0.147965
107.75	1.533518	0.354494
107.875	1.448652	0.546853
108.0	1.366159	0.723804
108.125	1.286176	0.884345
108.25	1.208819	1.027712
108.375	1.134186	1.15338
108.5	1.062354	1.261057
108.625	0.993382	1.350673
108.75	0.92731	1.422374
108.875	0.864163	1.476503
109.0	0.803949	1.513592
109.125	0.746661	1.534338
109.25	0.692277	1.539588
109.375	0.640765	1.530316
109.5	0.592078	1.507608
109.625	0.546162	1.472634
109.75	0.502951	1.426635
109.875	0.462373	1.370896
110.0	0.424346	1.306729
110.125	0.388786	1.235453
110.25	0.355601	1.158379
110.375	0.324696	1.076789
110.5	0.295974	0.991923
110.625	0.269334	0.904969
110.75	0.244676	0.817043
110.875	0.221898	0.72919
111.0	0.200899	0.642366
111.125	0.181578	0.557439
111.25	0.163837	0.475179
111.375	0.147578	0.396262
111.5	0.132707	0.32126
111.625	0.119131	0.250652
111.75	0.106763	0.184817
111.875	0.095517	0.124041
112.0	0.08531	0.068521
112.125	0.076064	0.018372
112.25	0.067705	-0.026372
112.375	0.060163	-0.065746
112.5	0.05337	-0.099851
112.625	0.047263	-0.128843
112.75	0.041785	-0.152928
112.875	0.036878	-0.172355
113.0	0.032493	-0.187405
113.125	0.02858	-0.198387
113.25	0.025096	-0.205629
113.375	0.021999	-0.209474
113.5	0.019251	-0.210272
113.625	0.016819	-0.208371
113.75	0.014668	-0.204119
113.875	0.012771	-0.197855
114.0	0.0111	-0.189906
114.125	0.009632	-0.180582
114.25	0.008343	-0.170177
114.375	0.007215	-0.158964
114.5	0.006229	-0.147193
114.625	0.005368	-0.135092
114.75	0.004618	-0.122867
114.875	0.003967	-0.110697
115.0	0.003401	-0.09874
115.125	0.002912	-0.087129
115.25	0.002488	-0.075976
115.375	0.002122	-0.065373
115.5	0.001808	-0.05539
115.625	0.001537	-0.046079
115.75	0.001304	-0.037477
115.875	0.001105	-0.029605
116.0	0.000935	-0.022469
116.125	0.000789	-0.016065
116.25	0.000665	-0.010379
116.375	0.00056	-0.005387
116.5	0.00047	-0.001058
116.625	0.000395	0.002643
116.75	0.00033	0.005756
116.875	0.000276	0.008325
117.0	0.00023	0.010394
117.125	0.000192	0.01201
117.25	0.00016	0.013219
117.375	0.000133	0.014066
117.5	0.00011	0.014595
117.625	9.1e-5	0.014848
117.75	7.5e-5	0.014867
117.875	6.2e-5	0.014687
118.0	5.1e-5	0.014344
118.125	4.2e-5	0.01387
118.25	3.4e-5	0.013293
118.375	2.8e-5	0.012639
118.5	2.3e-5	0.011931
118.625	1.9e-5	0.011189
118.75	1.5e-5	0.01043
118.875	1.2e-5	0.009669
119.0	1.0e-5	0.008917
119.125	8.0e-6	0.008185
119.25	7.0e-6	0.00748
119.375	5.0e-6	0.00681
119.5	4.0e-6	0.006177
119.625	3.0e-6	0.005585
119.75	3.0e-6	0.005036
119.875	2.0e-6	0.004531
120.0	2.0e-6	0.00407
120.125	1.0e-6	0.00365
120.25	1.0e-6	0.003272
120.375	1.0e-6	0.002933
120.5	1.0e-6	0.002631
120.625	1.0e-6	0.002363
120.75	0.0	0.002127
120.875	0.0	0.00192
121.0	0.0	0.00174
121.125	0.0	0.001583
121.25	0.0	0.001447
121.375	0.0	0.00133
121.5	0.0	0.001229
121.625	0.0	0.001143
121.75	0.0	0.001068
121.875	0.0	0.001005
122.0	0.0	0.000949
122.125	0.0	0.000902
122.25	0.0	0.00086
122.375	0.0	0.000824
122.5	0.0	0.000791
122.625	0.0	0.000762
122.75	0.0	0.000735
122.875	0.0	0.000709
123.0	0.0	0.000686
123.125	0.0	0.000663
123.25	0.0	0.000641
123.375	0.0	0.000619
123.5	0.0	0.000598
123.625	0.0	0.000577
123.75	0.0	0.000555
123.875	0.0	0.000534
124.0	0.0	0.000512
124.125	0.0	0.000491
124.25	0.0	0.000469
124.375	0.0	0.000448
124.5	0.0	0.000426
124.625	0.0	0.000404
124.75	0.0	0.000383
124.875	0.0	0.000361
125.0	0.0	0.000339
125.125	0.0	0.000318
125.25	0.0	0.000297
125.375	0.0	0.000276
125.5	0.0	0.000256
125.625	0.0	0.000235
125.75	0.0	0.000215
125.875	0.0	0.000196
126.0	0.0	0.000176
126.125	0.0	0.000157
126.25	0.0	0.000139
126.375	0.0	0.00012
126.5	0.0	0.000103
126.625	0.0	8.5e-5
126.75	0.0	6.8e-5
126.875	0.0	5.1e-5
127.0	0.0	3.5e-5
127.125	0.0	1.9e-5
127.25	0.0	4.0e-6
127.375	0.0	-1.2e-5
127.5	0.0	-2.6e-5
127.625	0.0	-4.1e-5
127.75	0.0	-5.5e-5
127.875	0.0	-6.9e-5
128.0	0.0	-8.2e-5
128.125	0.0	-9.5e-5
128.25	0.0	-0.000108
128.375	0.0	-0.000121
128.5	0.0	-0.000133
128.625	0.0	-0.000145
128.75	0.0	-0.000156
128.875	0.0	-0.000168
129.0	0.0	-0.000179
129.125	0.0	-0.000189
129.25	0.0	-0.0002
129.375	0.0	-0.00021
129.5	0.0	-0.00022
129.625	0.0	-0.00023
129.75	0.0	-0.00024
129.875	0.0	-0.000249
130.0	0.0	-0.000258
130.125	0.0	-0.000267
130.25	0.0	-0.000276
130.375	0.0	-0.000284
130.5	0.0	-0.000292
130.625	0.0	-0.0003
130.75	0.0	-0.000308
130.875	0.0	-0.000316
131.0	0.0	-0.000324
131.125	0.0	-0.000331
131.25	0.0	-0.000338
131.375	0.0	-0.000345
131.5	0.0	-0.000352
131.625	0.0	-0.000358
131.75	0.0	-0.000365
131.875	0.0	-0.000371
132.0	0.0	-0.000377
132.125	0.0	-0.000383
132.25	0.0	-0.000389
132.375	0.0	-0.000395
132.5	0.0	-0.000401
132.625	0.0	-0.000406
132.75	0.0	-0.000411
132.875	0.0	-0.000417
133.0	0.0	-0.000422
133.125	0.0	-0.000427
133.25	0.0	-0.000431
133.375	0.0	-0.000436
133.5	0.0	-0.000441
133.625	0.0	-0.000445
133.75	0.0	-0.00045
133.875	0.0	-0.000454
134.0	0.0	-0.000458
134.125	0.0	-0.000462
134.25	0.0	-0.000466
134.375	0.0	-0.00047
134.5	0.0	-0.000473
134.625	0.0	-0.000477
134.75	0.0	-0.000481
134.875	0.0	-0.000484
135.0	0.0	-0.000487
135.125	0.0	-0.000491
135.25	0.0	-0.000494
135.375	0.0	-0.000497
135.5	0.0	-0.0005
135.625	0.0	-0.000503
135.75	0.0	-0.000506
135.875	0.0	-0.000509
136.0	0.0	-0.000511
136.125	0.0	-0.000514
136.25	0.0	-0.000517
136.375	0.0	-0.000519
136.5	0.0	-0.000521
136.625	0.0	-0.000524
136.75	0.0	-0.000526
136.875	0.0	-0.000528
137.0	0.0	-0.00053
137.125	0.0	-0.000533
137.25	0.0	-0.000535
137.375	0.0	-0.000537
137.5	0.0	-0.000538
137.625	0.0	-0.00054
137.75	0.0	-0.000542
137.875	0.0	-0.000544
138.0	0.0	-0.000546
138.125	0.0	-0.000547
138.25	0.0	-0.000549
138.375	0.0	-0.00055
138.5	0.0	-0.000552
138.625	0.0	-0.000553
138.75	0.0	-0.000555
138.875	0.0	-0.000556
139.0	0.0	-0.000557
139.125	0.0	-0.000558
139.25	0.0	-0.00056
139.375	0.0	-0.000561
139.5	0.0	-0.000562
139.625	0.0	-0.000563
139.75	0.0	-0.000564
139.875	0.0	-0.000565
140.0	0.0	-0.000566
140.125	0.0	-0.000567
140.25	0.0	-0.000568
140.375	0.0	-0.000569
140.5	0.0	-0.000569
140.625	0.0	-0.00057
140.75	0.0	-0.000571
140.875	0.0	-0.000572
141.0	0.0	-0.000572
141.125	0.0	-0.000573
141.25	0.0	-0.000574
141.375	0.0	-0.000574
141.5	0.0	-0.000575
141.625	0.0	-0.000575
141.75	0.0	-0.000576
141.875	0.0	-0.000576
142.0	0.0	-0.000577
142.125	0.0	-0.000577
142.25	0.0	-0.000577
142.375	0.0	-0.000578
142.5	0.0	-0.000578
142.625	0.0	-0.000578
142.75	0.0	-0.000579
142.875	0.0	-0.000579
143.0	0.0	-0.000579
143.125	0.0	-0.000579
143.25	0.0	-0.00058
143.375	0.0	-0.00058
143.5	0.0	-0.00058
143.625	0.0	-0.00058
143.75	0.0	-0.00058
143.875	0.0	-0.00058
144.0	0.0	-0.00058
144.125	0.0	-0.00058
144.25	0.0	-0.00058
144.375	0.0	-0.00058
144.5	0.0	-0.00058
144.625	0.0	-0.00058
144.75	0.0	-0.00058
144.875	0.0	-0.00058
145.0	0.0	-0.00058
145.125	0.0	-0.00058
145.25	0.0	-0.00058
145.375	0.0	-0.00058
145.5	0.0	-0.00058
145.625	0.0	-0.000579
145.75	0.0	-0.000579
145.875	0.0	-0.000579
146.0	0.0	-0.000579
146.125	0.0	-0.000579
146.25	0.0	-0.000578
146.375	0.0	-0.000578
146.5	0.0	-0.000578
146.625	0.0	-0.000577
146.75	0.0	-0.000577
146.875	0.0	-0.000577
147.0	0.0	-0.000577
147.125	0.0	-0.000576
147.25	0.0	-0.000576
147.375	0.0	-0.000576
147.5	0.0	-0.000575
147.625	0.0	-0.000575
147.75	0.0	-0.000574
147.875	0.0	-0.000574
148.0	0.0	-0.000574
148.125	0.0	-0.000573
148.25	0.0	-0.000573
148.375	0.0	-0.000572
148.5	0.0	-0.000572
148.625	0.0	-0.000571
148.75	0.0	-0.000571
148.875	0.0	-0.00057
149.0	0.0	-0.00057
149.125	0.0	-0.000569
149.25	0.0	-0.000569
149.375	0.0	-0.000568
149.5	0.0	-0.000568
149.625	0.0	-0.000567
149.75	0.0	-0.000567
149.875	0.0	-0.000566
150.0	0.0	-0.000566
150.125	0.0	-0.000565
150.25	0.0	-0.000565
150.375	0.0	-0.000564
150.5	0.0	-0.000563
150.625	0.0	-0.000563
150.75	0.0	-0.000562
150.875	0.0	-0.000562
151.0	0.0	-0.000561
151.125	0.0	-0.000561
151.25	0.0	-0.00056
151.375	0.0	-0.000559
151.5	0.0	-0.000559
151.625	0.0	-0.000558
151.75	0.0	-0.000557
151.875	0.0	-0.000557
152.0	0.0	-0.000556
152.125	0.0	-0.000555
152.25	0.0	-0.000555
152.375	0.0	-0.000554
152.5	0.0	-0.000553
152.625	0.0	-0.000553
152.75	0.0	-0.000552
152.875	0.0	-0.000551
153.0	0.0	-0.000551
153.125	0.0	-0.00055
153.25	0.0	-0.000549
153.375	0.0	-0.000549
153.5	0.0	-0.000548
153.625	0.0	-0.000547
153.75	0.0	-0.000547
153.875	0.0	-0.000546
154.0	0.0	-0.000545
154.125	0.0	-0.000544
154.25	0.0	-0.000544
154.375	0.0	-0.000543
154.5	0.0	-0.000542
154.625	0.0	-0.000541
154.75	0.0	-0.000541
154.875	0.0	-0.00054
155.0	0.0	-0.000539
155.125	0.0	-0.000539
155.25	0.0	-0.000538
155.375	0.0	-0.000537
155.5	0.0	-0.000536
155.625	0.0	-0.000536
155.75	0.0	-0.000535
155.875	0.0	-0.000534
156.0	0.0	-0.000533
156.125	0.0	-0.000532
156.25	0.0	-0.000532
156.375	0.0	-0.000531
156.5	0.0	-0.00053
156.625	0.0	-0.000529
156.75	0.0	-0.000529
156.875	0.0	-0.000528
157.0	0.0	-0.000527
157.125	0.0	-0.000526
157.25	0.0	-0.000526
157.375	0.0	-0.000525
157.5	0.0	-0.000524
157.625	0.0	-0.000523
157.75	0.0	-0.000522
157.875	0.0	-0.000522
158.0	0.0	-0.000521
158.125	0.0	-0.00052
158.25	0.0	-0.000519
158.375	0.0	-0.000518
158.5	0.0	-0.000518
158.625	0.0	-0.000517
158.75	0.0	-0.000516
158.875	0.0	-0.000515
159.0	0.0	-0.000514
159.125	0.0	-0.000514
159.25	0.0	-0.000513
159.375	0.0	-0.000512
159.5	0.0	-0.000511
159.625	0.0	-0.00051
159.75	0.0	-0.00051
159.875	0.0	-0.000509
160.0	0.0	-0.000508
160.125	0.0	-0.000507
160.25	0.0	-0.000506
160.375	0.0	-0.000506
160.5	0.0	-0.000505
160.625	0.0	-0.000504
160.75	0.0	-0.000503
160.875	0.0	-0.000502
161.0	0.0	-0.000502
161.125	0.0	-0.000501
161.25	0.0	-0.0005
161.375	0.0	-0.000499
161.5	0.0	-0.000498
161.625	0.0	-0.000498
161.75	0.0	-0.000497
161.875	0.0	-0.000496
162.0	0.0	-0.000495
162.125	0.0	-0.000494
162.25	0.0	-0.000494
162.375	0.0	-0.000493
162.5	0.0	-0.000492
162.625	0.0	-0.000491
162.75	0.0	-0.00049
162.875	0.0	-0.00049
163.0	0.0	-0.000489
163.125	0.0	-0.000488
163.25	0.0	-0.000487
163.375	0.0	-0.000486
163.5	0.0	-0.000485
163.625	0.0	-0.000485
163.75	0.0	-0.000484
163.875	0.0	-0.000483
164.0	0.0	-0.000482
164.125	0.0	-0.000481
164.25	0.0	-0.000481
164.375	0.0	-0.00048
164.5	0.0	-0.000479
164.625	0.0	-0.000478
164.75	0.0	-0.000477
164.875	0.0	-0.000477
165.0	0.0	-0.000476
165.125	0.0	-0.000475
165.25	0.0	-0.000474
165.375	0.0	-0.000473
165.5	0.0	-0.000473
165.625	0.0	-0.000472
165.75	0.0	-0.000471
165.875	0.0	-0.00047
166.0	0.0	-0.000469
166.125	0.0	-0.000469
166.25	0.0	-0.000468
166.375	0.0	-0.000467
166.5	0.0	-0.000466
166.625	0.0	-0.000465
166.75	0.0	-0.000465
166.875	0.0	-0.000464
167.0	0.0	-0.000463
167.125	0.0	-0.000462
167.25	0.0	-0.000461
167.375	0.0	-0.000461
167.5	0.0	-0.00046
167.625	0.0	-0.000459
167.75	0.0	-0.000458
167.875	0.0	-0.000458
168.0	0.0	-0.000457
168.125	0.0	-0.000456
168.25	0.0	-0.000455
168.375	0.0	-0.000454
168.5	0.0	-0.000454
168.625	0.0	-0.000453
168.75	0.0	-0.000452
168.875	0.0	-0.000451
169.0	0.0	-0.00045
169.125	0.0	-0.00045
169.25	0.0	-0.000449
169.375	0.0	-0.000448
169.5	0.0	-0.000447
169.625	0.0	-0.000447
169.75	0.0	-0.000446
169.875	0.0	-0.000445
170.0	0.0	-0.000444
170.125	0.0	-0.000444
170.25	0.0	-0.000443
170.375	0.0	-0.000442
170.5	0.0	-0.000441
170.625	0.0	-0.00044
170.75	0.0	-0.00044
170.875	0.0	-0.000439
171.0	0.0	-0.000438
171.125	0.0	-0.000437
171.25	0.0	-0.000437
171.375	0.0	-0.000436
171.5	0.0	-0.000435
171.625	0.0	-0.000434
171.75	0.0	-0.000434
171.875	0.0	-0.000433
172.0	0.0	-0.000432
172.125	0.0	-0.000431
172.25	0.0	-0.000431
172.375	0.0	-0.00043
172.5	0.0	-0.000429
172.625	0.0	-0.000428
172.75	0.0	-0.000428
172.875	0.0	-0.000427
173.0	0.0	-0.000426
173.125	0.0	-0.000425
173.25	0.0	-0.000425
173.375	0.0	-0.000424
173.5	0.0	-0.000423
173.625	0.0	-0.000422
173.75	0.0	-0.000422
173.875	0.0	-0.000421
174.0	0.0	-0.00042
174.125	0.0	-0.000419
174.25	0.0	-0.000419
174.375	0.0	-0.000418
174.5	0.0	-0.000417
174.625	0.0	-0.000416
174.75	0.0	-0.000416
174.875	0.0	-0.000415
175.0	0.0	-0.000414
175.125	0.0	-0.000413
175.25	0.0	-0.000413
175.375	0.0	-0.000412
175.5	0.0	-0.000411
175.625	0.0	-0.000411
175.75	0.0	-0.00041
175.875	0.0	-0.000409
176.0	0.0	-0.000408
176.125	0.0	-0.000408
176.25	0.0	-0.000407
176.375	0.0	-0.000406
176.5	0.0	-0.000405
176.625	0.0	-0.000405
176.75	0.0	-0.000404
176.875	0.0	-0.000403
177.0	0.0	-0.000403
177.125	0.0	-0.000402
177.25	0.0	-0.000401
177.375	0.0	-0.0004
177.5	0.0	-0.0004
177.625	0.0	-0.000399
177.75	0.0	-0.000398
177.875	0.0	-0.000398
178.0	0.0	-0.000397
178.125	0.0	-0.000396
178.25	0.0	-0.000396
178.375	0.0	-0.000395
178.5	0.0	-0.000394
178.625	0.0	-0.000393
178.75	0.0	-0.000393
178.875	0.0	-0.000392
179.0	0.0	-0.000391
179.125	0.0	-0.000391
179.25	0.0	-0.00039
179.375	0.0	-0.000389
179.5	0.0	-0.000389
179.625	0.0	-0.000388
179.75	0.0	-0.000387
179.875	0.0	-0.000387
180.0	0.0	-0.000386
180.125	0.0	-0.000385
180.25	0.0	-0.000384
180.375	0.0	-0.000384
180.5	0.0	-0.000383
180.625	0.0	-0.000382
180.75	0.0	-0.000382
180.875	0.0	-0.000381
181.0	0.0	-0.00038
181.125	0.0	-0.00038
181.25	0.0	-0.000379
181.375	0.0	-0.000378
181.5	0.0	-0.000378
181.625	0.0	-0.000377
181.75	0.0	-0.000376
181.875	0.0	-0.000376
182.0	0.0	-0.000375
182.125	0.0	-0.000374
182.25	0.0	-0.000374
182.375	0.0	-0.000373
182.5	0.0	-0.000372
182.625	0.0	-0.000372
182.75	0.0	-0.000371
182.875	0.0	-0.00037
183.0	0.0	-0.00037
183.125	0.0	-0.000369
183.25	0.0	-0.000368
183.375	0.0	-0.000368
183.5	0.0	-0.000367
183.625	0.0	-0.000366
183.75	0.0	-0.000366
183.875	0.0	-0.000365
184.0	0.0	-0.000364
184.125	0.0	-0.000364
184.25	0.0	-0.000363
184.375	0.0	-0.000363
184.5	0.0	-0.000362
184.625	0.0	-0.000361
184.75	0.0	-0.000361
184.875	0.0	-0.00036
185.0	0.0	-0.000359
185.125	0.0	-0.000359
185.25	0.0	-0.000358
185.375	0.0	-0.000357
185.5	0.0	-0.000357
185.625	0.0	-0.000356
185.75	0.0	-0.000355
185.875	0.0	-0.000355
186.0	0.0	-0.000354
186.125	0.0	-0.000354
186.25	0.0	-0.000353
186.375	0.0	-0.000352
186.5	0.0	-0.000352
186.625	0.0	-0.000351
186.75	0.0	-0.00035
186.875	0.0	-0.00035
187.0	0.0	-0.000349
187.125	0.0	-0.000349
187.25	0.0	-0.000348
187.375	0.0	-0.000347
187.5	0.0	-0.000347
187.625	0.0	-0.000346
187.75	0.0	-0.000345
187.875	0.0	-0.000345
188.0	0.0	-0.000344
188.125	0.0	-0.000344
188.25	0.0	-0.000343
188.375	0.0	-0.000342
188.5	0.0	-0.000342
188.625	0.0	-0.000341
188.75	0.0	-0.000341
188.875	0.0	-0.00034
189.0	0.0	-0.000339
189.125	0.0	-0.000339
189.25	0.0	-0.000338
189.375	0.0	-0.000338
189.5	0.0	-0.000337
189.625	0.0	-0.000336
189.75	0.0	-0.000336
189.875	0.0	-0.000335
190.0	0.0	-0.000335
190.125	0.0	-0.000334
190.25	0.0	-0.000333
190.375	0.0	-0.000333
190.5	0.0	-0.000332
190.625	0.0	-0.000332
190.75	0.0	-0.000331
190.875	0.0	-0.00033
191.0	0.0	-0.00033
191.125	0.0	-0.000329
191.25	0.0	-0.000329
191.375	0.0	-0.000328
191.5	0.0	-0.000327
191.625	0.0	-0.000327
191.75	0.0	-0.000326
191.875	0.0	-0.000326
192.0	0.0	-0.000325
192.125	0.0	-0.000325
192.25	0.0	-0.000324
192.375	0.0	-0.000323
192.5	0.0	-0.000323
192.625	0.0	-0.000322
192.75	0.0	-0.000322
192.875	0.0	-0.000321
193.0	0.0	-0.000321
193.125	0.0	-0.00032
193.25	0.0	-0.000319
193.375	0.0	-0.000319
193.5	0.0	-0.000318
193.625	0.0	-0.000318
193.75	0.0	-0.000317
193.875	0.0	-0.000317
194.0	0.0	-0.000316
194.125	0.0	-0.000315
194.25	0.0	-0.000315
194.375	0.0	-0.000314
194.5	0.0	-0.000314
194.625	0.0	-0.000313
194.75	0.0	-0.000313
194.875	0.0	-0.000312
195.0	0.0	-0.000312
195.125	0.0	-0.000311
195.25	0.0	-0.00031
195.375	0.0	-0.00031
195.5	0.0	-0.000309
195.625	0.0	-0.000309
195.75	0.0	-0.000308
195.875	0.0	-0.000308
196.0	0.0	-0.000307
196.125	0.0	-0.000307
196.25	0.0	-0.000306
196.375	0.0	-0.000305
196.5	0.0	-0.000305
196.625	0.0	-0.000304
196.75	0.0	-0.000304
196.875	0.0	-0.000303
197.0	0.0	-0.000303
197.125	0.0	-0.000302
197.25	0.0	-0.000302
197.375	0.0	-0.000301
197.5	0.0	-0.000301
197.625	0.0	-0.0003
197.75	0.0	-0.0003
197.875	0.0	-0.000299
198.0	0.0	-0.000298
198.125	0.0	-0.000298
198.25	0.0	-0.000297
198.375	0.0	-0.000297
198.5	0.0	-0.000296
198.625	0.0	-0.000296
198.75	0.0	-0.000295
198.875	0.0	-0.000295
199.0	0.0	-0.000294
199.125	0.0	-0.000294
199.25	0.0	-0.000293
199.375	0.0	-0.000293
199.5	0.0	-0.000292
199.625	0.0	-0.000292
199.75	0.0	-0.000291
199.875	0.0	-0.000291
200.0	0.0	-0.00029
200.125	0.0	-0.00029
200.25	0.0	-0.000289
200.375	0.0	-0.000288
200.5	0.0	-0.000288
200.625	0.0	-0.000287
200.75	0.0	-0.000287
200.875	0.0	-0.000286
201.0	0.0	-0.000286
201.125	0.0	-0.000285
201.25	0.0	-0.000285
201.375	0.0	-0.000284
201.5	0.0	-0.000284
201.625	0.0	-0.000283
201.75	0.0	-0.000283
201.875	0.0	-0.000282
202.0	0.0	-0.000282
202.125	0.0	-0.000281
202.25	0.0	-0.000281
202.375	0.0	-0.00028
202.5	0.0	-0.00028
202.625	0.0	-0.000279
202.75	0.0	-0.000279
202.875	0.0	-0.000278
203.0	0.0	-0.000278
203.125	0.0	-0.000277
203.25	0.0	-0.000277
203.375	0.0	-0.000276
203.5	0.0	-0.000276
203.625	0.0	-0.000275
203.75	0.0	-0.000275
203.875	0.0	-0.000274
204.0	0.0	-0.000274
204.125	0.0	-0.000273
204.25	0.0	-0.000273
204.375	0.0	-0.000272
204.5	0.0	-0.000272
204.625	0.0	-0.000271
204.75	0.0	-0.000271
204.875	0.0	-0.00027
205.0	0.0	-0.00027
205.125	0.0	-0.000269
205.25	0.0	-0.000269
205.375	0.0	-0.000268
205.5	0.0	-0.000268
205.625	0.0	-0.000268
205.75	0.0	-0.000267
205.875	0.0	-0.000267
206.0	0.0	-0.000266
206.125	0.0	-0.000266
206.25	0.0	-0.000265
206.375	0.0	-0.000265
206.5	0.0	-0.000264
206.625	0.0	-0.000264
206.75	0.0	-0.000263
206.875	0.0	-0.000263
207.0	0.0	-0.000262
207.125	0.0	-0.000262
207.25	0.0	-0.000261
207.375	0.0	-0.000261
207.5	0.0	-0.00026
207.625	0.0	-0.00026
207.75	0.0	-0.000259
207.875	0.0	-0.000259
208.0	0.0	-0.000258
208.125	0.0	-0.000258
208.25	0.0	-0.000258
208.375	0.0	-0.000257
208.5	0.0	-0.000257
208.625	0.0	-0.000256
208.75	0.0	-0.000256
208.875	0.0	-0.000255
209.0	0.0	-0.000255
209.125	0.0	-0.000254
209.25	0.0	-0.000254
209.375	0.0	-0.000253
209.5	0.0	-0.000253
209.625	0.0	-0.000252
209.75	0.0	-0.000252
209.875	0.0	-0.000252
210.0	0.0	-0.000251
210.125	0.0	-0.000251
210.25	0.0	-0.00025
210.375	0.0	-0.00025
210.5	0.0	-0.000249
210.625	0.0	-0.000249
210.75	0.0	-0.000248
210.875	0.0	-0.000248
211.0	0.0	-0.000248
211.125	0.0	-0.000247
211.25	0.0	-0.000247
211.375	0.0	-0.000246
211.5	0.0	-0.000246
211.625	0.0	-0.000245
211.75	0.0	-0.000245
211.875	0.0	-0.000244
212.0	0.0	-0.000244
212.125	0.0	-0.000243
212.25	0.0	-0.000243
212.375	0.0	-0.000243
212.5	0.0	-0.000242
212.625	0.0	-0.000242
212.75	0.0	-0.000241
212.875	0.0	-0.000241
213.0	0.0	-0.00024
213.125	0.0	-0.00024
213.25	0.0	-0.00024
213.375	0.0	-0.000239
213.5	0.0	-0.000239
213.625	0.0	-0.000238
213.75	0.0	-0.000238
213.875	0.0	-0.000237
214.0	0.0	-0.000237
214.125	0.0	-0.000236
214.25	0.0	-0.000236
214.375	0.0	-0.000236
214.5	0.0	-0.000235
214.625	0.0	-0.000235
214.75	0.0	-0.000234
214.875	0.0	-0.000234
215.0	0.0	-0.000233
215.125	0.0	-0.000233
215.25	0.0	-0.000233
215.375	0.0	-0.000232
215.5	0.0	-0.000232
215.625	0.0	-0.000231
215.75	0.0	-0.000231
215.875	0.0	-0.00023
216.0	0.0	-0.00023
216.125	0.0	-0.00023
216.25	0.0	-0.000229
216.375	0.0	-0.000229
216.5	0.0	-0.000228
216.625	0.0	-0.000228
216.75	0.0	-0.000228
216.875	0.0	-0.000227
217.0	0.0	-0.000227
217.125	0.0	-0.000226
217.25	0.0	-0.000226
217.375	0.0	-0.000225
217.5	0.0	-0.000225
217.625	0.0	-0.000225
217.75	0.0	-0.000224
217.875	0.0	-0.000224
218.0	0.0	-0.000223
218.125	0.0	-0.000223
218.25	0.0	-0.000223
218.375	0.0	-0.000222
218.5	0.0	-0.000222
218.625	0.0	-0.000221
218.75	0.0	-0.000221
218.875	0.0	-0.000221
219.0	0.0	-0.00022
219.125	0.0	-0.00022
219.25	0.0	-0.000219
219.375	0.0	-0.000219
219.5	0.0	-0.000218
219.625	0.0	-0.000218
219.75	0.0	-0.000218
219.875	0.0	-0.000217
220.0	0.0	-0.000217
220.125	0.0	-0.000216
220.25	0.0	-0.000216
220.375	0.0	-0.000216
220.5	0.0	-0.000215
220.625	0.0	-0.000215
220.75	0.0	-0.000214
220.875	0.0	-0.000214
221.0	0.0	-0.000214
221.125	0.0	-0.000213
221.25	0.0	-0.000213
221.375	0.0	-0.000212
221.5	0.0	-0.000212
221.625	0.0	-0.000212
221.75	0.0	-0.000211
221.875	0.0	-0.000211
222.0	0.0	-0.00021
222.125	0.0	-0.00021
222.25	0.0	-0.00021
222.375	0.0	-0.000209
222.5	0.0	-0.000209
222.625	0.0	-0.000209
222.75	0.0	-0.000208
222.875	0.0	-0.000208
223.0	0.0	-0.000207
223.125	0.0	-0.000207
223.25	0.0	-0.000207
223.375	0.0	-0.000206
223.5	0.0	-0.000206
223.625	0.0	-0.000205
223.75	0.0	-0.000205
223.875	0.0	-0.000205
224.0	0.0	-0.000204
224.125	0.0	-0.000204
224.25	0.0	-0.000203
224.375	0.0	-0.000203
224.5	0.0	-0.000203
224.625	0.0	-0.000202
224.75	0.0	-0.000202
224.875	0.0	-0.000202
225.0	0.0	-0.000201
225.125	0.0	-0.000201
225.25	0.0	-0.0002
225.375	0.0	-0.0002
225.5	0.0	-0.0002
225.625	0.0	-0.000199
225.75	0.0	-0.000199
225.875	0.0	-0.000199
226.0	0.0	-0.000198
226.125	0.0	-0.000198
226.25	0.0	-0.000197
226.375	0.0	-0.000197
226.5	0.0	-0.000197
226.625	0.0	-0.000196
226.75	0.0	-0.000196
226.875	0.0	-0.000196
227.0	0.0	-0.000195
227.125	0.0	-0.000195
227.25	0.0	-0.000194
227.375	0.0	-0.000194
227.5	0.0	-0.000194
227.625	0.0	-0.000193
227.75	0.0	-0.000193
227.875	0.0	-0.000193
228.0	0.0	-0.000192
228.125	0.0	-0.000192
228.25	0.0	-0.000191
228.375	0.0	-0.000191
228.5	0.0	-0.000191
228.625	0.0	-0.00019
228.75	0.0	-0.00019
228.875	0.0	-0.00019
229.0	0.0	-0.000189
229.125	0.0	-0.000189
229.25	0.0	-0.000189
229.375	0.0	-0.000188
229.5	0.0	-0.000188
229.625	0.0	-0.000187
229.75	0.0	-0.000187
229.875	0.0	-0.000187
230.0	0.0	-0.000186
230.125	0.0	-0.000186
230.25	0.0	-0.000186
230.375	0.0	-0.000185
230.5	0.0	-0.000185
230.625	0.0	-0.000185
230.75	0.0	-0.000184
230.875	0.0	-0.000184
231.0	0.0	-0.000184
231.125	0.0	-0.000183
231.25	0.0	-0.000183
231.375	0.0	-0.000182
231.5	0.0	-0.000182
231.625	0.0	-0.000182
231.75	0.0	-0.000181
231.875	0.0	-0.000181
232.0	0.0	-0.000181
232.125	0.0	-0.00018
232.25	0.0	-0.00018
232.375	0.0	-0.00018
232.5	0.0	-0.000179
232.625	0.0	-0.000179
232.75	0.0	-0.000179
232.875	0.0	-0.000178
233.0	0.0	-0.000178
233.125	0.0	-0.000178
233.25	0.0	-0.000177
233.375	0.0	-0.000177
233.5	0.0	-0.000176
233.625	0.0	-0.000176
233.75	0.0	-0.000176
233.875	0.0	-0.000175
234.0	0.0	-0.000175
234.125	0.0	-0.000175
234.25	0.0	-0.000174
234.375	0.0	-0.000174
234.5	0.0	-0.000174
234.625	0.0	-0.000173
234.75	0.0	-0.000173
234.875	0.0	-0.000173
235.0	0.0	-0.000172
235.125	0.0	-0.000172
235.25	0.0	-0.000172
235.375	0.0	-0.000171
235.5	0.0	-0.000171
235.625	0.0	-0.000171
235.75	0.0	-0.00017
235.875	0.0	-0.00017
236.0	0.0	-0.00017
236.125	0.0	-0.000169
236.25	0.0	-0.000169
236.375	0.0	-0.000169
236.5	0.0	-0.000168
236.625	0.0	-0.000168
236.75	0.0	-0.000168
236.875	0.0	-0.000167
237.0	0.0	-0.000167
237.125	0.0	-0.000167
237.25	0.0	-0.000166
237.375	0.0	-0.000166
237.5	0.0	-0.000166
237.625	0.0	-0.000165
237.75	0.0	-0.000165
237.875	0.0	-0.000165
238.0	0.0	-0.000164
238.125	0.0	-0.000164
238.25	0.0	-0.000164
238.375	0.0	-0.000163
238.5	0.0	-0.000163
238.625	0.0	-0.000163
238.75	0.0	-0.000162
238.875	0.0	-0.000162
239.0	0.0	-0.000162
239.125	0.0	-0.000161
239.25	0.0	-0.000161
239.375	0.0	-0.000161
239.5	0.0	-0.00016
239.625	0.0	-0.00016
239.75	0.0	-0.00016
239.875	0.0	-0.000159
240.0	0.0	-0.000159
240.125	0.0	-0.000159
240.25	0.0	-0.000158
240.375	0.0	-0.000158
240.5	0.0	-0.000158
240.625	0.0	-0.000157
240.75	0.0	-0.000157
240.875	0.0	-0.000157
241.0	0.0	-0.000156
241.125	0.0	-0.000156
241.25	0.0	-0.000156
241.375	0.0	-0.000155
241.5	0.0	-0.000155
241.625	0.0	-0.000155
241.75	0.0	-0.000154
241.875	0.0	-0.000154
242.0	0.0	-0.000154
242.125	0.0	-0.000153
242.25	0.0	-0.000153
242.375	0.0	-0.000153
242.5	0.0	-0.000153
242.625	0.0	-0.000152
242.75	0.0	-0.000152
242.875	0.0	-0.000152
243.0	0.0	-0.000151
243.125	0.0	-0.000151
243.25	0.0	-0.000151
243.375	0.0	-0.00015
243.5	0.0	-0.00015
243.625	0.0	-0.00015
243.75	0.0	-0.000149
243.875	0.0	-0.000149
244.0	0.0	-0.000149
244.125	0.0	-0.000148
244.25	0.0	-0.000148
244.375	0.0	-0.000148
244.5	0.0	-0.000147
244.625	0.0	-0.000147
244.75	0.0	-0.000147
244.875	0.0	-0.000147
245.0	0.0	-0.000146
245.125	0.0	-0.000146
245.25	0.0	-0.000146
245.375	0.0	-0.000145
245.5	0.0	-0.000145
245.625	0.0	-0.000145
245.75	0.0	-0.000144
245.875	0.0	-0.000144
246.0	0.0	-0.000144
246.125	0.0	-0.000143
246.25	0.0	-0.000143
246.375	0.0	-0.000143
246.5	0.0	-0.000143
246.625	0.0	-0.000142
246.75	0.0	-0.000142
246.875	0.0	-0.000142
247.0	0.0	-0.000141
247.125	0.0	-0.000141
247.25	0.0	-0.000141
247.375	0.0	-0.00014
247.5	0.0	-0.00014
247.625	0.0	-0.00014
247.75	0.0	-0.000139
247.875	0.0	-0.000139
248.0	0.0	-0.000139
248.125	0.0	-0.000139
248.25	0.0	-0.000138
248.375	0.0	-0.000138
248.5	0.0	-0.000138
248.625	0.0	-0.000137
248.75	0.0	-0.000137
248.875	0.0	-0.000137
249.0	0.0	-0.000136
249.125	0.0	-0.000136
249.25	0.0	-0.000136
249.375	0.0	-0.000136
249.5	0.0	-0.000135
249.625	0.0	-0.000135
249.75	0.0	-0.000135
249.875	0.0	-0.000134
250.0	0.0	-0.000134
250.125	0.0	-0.000134
250.25	0.0	-0.000133
250.375	0.0	-0.000133
250.5	0.0	-0.000133
250.625	0.0	-0.000133
250.75	0.0	-0.000132
250.875	0.0	-0.000132
251.0	0.0	-0.000132
251.125	0.0	-0.000131
251.25	0.0	-0.000131
251.375	0.0	-0.000131
251.5	0.0	-0.000131
251.625	0.0	-0.00013
251.75	0.0	-0.00013
251.875	0.0	-0.00013
252.0	0.0	-0.000129
252.125	0.0	-0.000129
252.25	0.0	-0.000129
252.375	0.0	-0.000128
252.5	0.0	-0.000128
252.625	0.0	-0.000128
252.75	0.0	-0.000128
252.875	0.0	-0.000127
253.0	0.0	-0.000127
253.125	0.0	-0.000127
253.25	0.0	-0.000126
253.375	0.0	-0.000126
253.5	0.0	-0.000126
253.625	0.0	-0.000126
253.75	0.0	-0.000125
253.875	0.0	-0.000125
254.0	0.0	-0.000125
254.125	0.0	-0.000124
254.25	0.0	-0.000124
254.375	0.0	-0.000124
254.5	0.0	-0.000124
254.625	0.0	-0.000123
254.75	0.0	-0.000123
254.875	0.0	-0.000123
255.0	0.0	-0.000122
255.125	0.0	-0.000122
255.25	0.0	-0.000122
255.375	0.0	-0.000122
255.5	0.0	-0.000121
255.625	0.0	-0.000121
255.75	0.0	-0.000121
255.875	0.0	-0.00012
256.0	0.0	-0.00012
256.125	0.0	-0.00012
256.25	0.0	-0.00012
256.375	0.0	-0.000119
256.5	0.0	-0.000119
256.625	0.0	-0.000119
256.75	0.0	-0.000118
256.875	0.0	-0.000118
257.0	0.0	-0.000118
257.125	0.0	-0.000118
257.25	0.0	-0.000117
257.375	0.0	-0.000117
257.5	0.0	-0.000117
257.625	0.0	-0.000117
