-254.25	0.0	0.002526
-254.125	0.0	0.002524
-254.0	0.0	0.002522
-253.875	0.0	0.002519
-253.75	0.0	0.002517
-253.625	0.0	0.002515
-253.5	0.0	0.002513
-253.375	0.0	0.002511
-253.25	0.0	0.002509
-253.125	0.0	0.002506
-253.0	0.0	0.002504
-252.875	0.0	0.002502
-252.75	0.0	0.0025
-252.625	0.0	0.002498
-252.5	0.0	0.002495
-252.375	0.0	0.002493
-252.25	0.0	0.002491
-252.125	0.0	0.002489
-252.0	0.0	0.002487
-251.875	0.0	0.002484
-251.75	0.0	0.002482
-251.625	0.0	0.00248
-251.5	0.0	0.002478
-251.375	0.0	0.002476
-251.25	0.0	0.002474
-251.125	0.0	0.002471
-251.0	0.0	0.002469
-250.875	0.0	0.002467
-250.75	0.0	0.002465
-250.625	0.0	0.002463
-250.5	0.0	0.002461
-250.375	0.0	0.002458
-250.25	0.0	0.002456
-250.125	0.0	0.002454
-250.0	0.0	0.002452
-249.875	0.0	0.00245
-249.75	0.0	0.002447
-249.625	0.0	0.002445
-249.5	0.0	0.002443
-249.375	0.0	0.002441
-249.25	0.0	0.002439
-249.125	0.0	0.002437
-249.0	0.0	0.002434
-248.875	0.0	0.002432
-248.75	0.0	0.00243
-248.625	0.0	0.002428
-248.5	0.0	0.002426
-248.375	0.0	0.002423
-248.25	0.0	0.002421
-248.125	0.0	0.002419
-248.0	0.0	0.002417
-247.875	0.0	0.002415
-247.75	0.0	0.002413
-247.625	0.0	0.00241
-247.5	0.0	0.002408
-247.375	0.0	0.002406
-247.25	0.0	0.002404
-247.125	0.0	0.002402
-247.0	0.0	0.002399
-246.875	0.0	0.002397
-246.75	0.0	0.002395
-246.625	0.0	0.002393
-246.5	0.0	0.002391
-246.375	0.0	0.002389
-246.25	0.0	0.002386
-246.125	0.0	0.002384
-246.0	0.0	0.002382
-245.875	0.0	0.00238
-245.75	0.0	0.002378
-245.625	0.0	0.002375
-245.5	0.0	0.002373
-245.375	0.0	0.002371
-245.25	0.0	0.002369
-245.125	0.0	0.002367
-245.0	0.0	0.002365
-244.875	0.0	0.002362
-244.75	0.0	0.00236
-244.625	0.0	0.002358
-244.5	0.0	0.002356
-244.375	0.0	0.002354
-244.25	0.0	0.002352
-244.125	0.0	0.002349
-244.0	0.0	0.002347
-243.875	0.0	0.002345
-243.75	0.0	0.002343
-243.625	0.0	0.002341
-243.5	0.0	0.002338
-243.375	0.0	0.002336
-243.25	0.0	0.002334
-243.125	0.0	0.002332
-243.0	0.0	0.00233
-242.875	0.0	0.002328
-242.75	0.0	0.002325
-242.625	0.0	0.002323
-242.5	0.0	0.002321
-242.375	0.0	0.002319
-242.25	0.0	0.002317
-242.125	0.0	0.002314
-242.0	0.0	0.002312
-241.875	0.0	0.00231
-241.75	0.0	0.002308
-241.625	0.0	0.002306
-241.5	0.0	0.002304
-241.375	0.0	0.002301
-241.25	0.0	0.002299
-241.125	0.0	0.002297
-241.0	0.0	0.002295
-240.875	0.0	0.002293
-240.75	0.0	0.00229
-240.625	0.0	0.002288
-240.5	0.0	0.002286
-240.375	0.0	0.002284
-240.25	0.0	0.002282
-240.125	0.0	0.00228
-240.0	0.0	0.002277
-239.875	0.0	0.002275
-239.75	0.0	0.002273
-239.625	0.0	0.002271
-239.5	0.0	0.002269
-239.375	0.0	0.002266
-239.25	0.0	0.002264
-239.125	0.0	0.002262
-239.0	0.0	0.00226
-238.875	0.0	0.002258
-238.75	0.0	0.002256
-238.625	0.0	0.002253
-238.5	0.0	0.002251
-238.375	0.0	0.002249
-238.25	0.0	0.002247
-238.125	0.0	0.002245
-238.0	0.0	0.002242
-237.875	0.0	0.00224
-237.75	0.0	0.002238
-237.625	0.0	0.002236
-237.5	0.0	0.002234
-237.375	0.0	0.002231
-237.25	0.0	0.002229
-237.125	0.0	0.002227
-237.0	0.0	0.002225
-236.875	0.0	0.002223
-236.75	0.0	0.002221
-236.625	0.0	0.002218
-236.5	0.0	0.002216
-236.375	0.0	0.002214
-236.25	0.0	0.002212
-236.125	0.0	0.00221
-236.0	0.0	0.002207
-235.875	0.0	0.002205
-235.75	0.0	0.002203
-235.625	0.0	0.002201
-235.5	0.0	0.002199
-235.375	0.0	0.002196
-235.25	0.0	0.002194
-235.125	0.0	0.002192
-235.0	0.0	0.00219
-234.875	0.0	0.002188
-234.75	0.0	0.002186
-234.625	0.0	0.002183
-234.5	0.0	0.002181
-234.375	0.0	0.002179
-234.25	0.0	0.002177
-234.125	0.0	0.002175
-234.0	0.0	0.002172
-233.875	0.0	0.00217
-233.75	0.0	0.002168
-233.625	0.0	0.002166
-233.5	0.0	0.002164
-233.375	0.0	0.002161
-233.25	0.0	0.002159
-233.125	0.0	0.002157
-233.0	0.0	0.002155
-232.875	0.0	0.002153
-232.75	0.0	0.00215
-232.625	0.0	0.002148
-232.5	0.0	0.002146
-232.375	0.0	0.002144
-232.25	0.0	0.002142
-232.125	0.0	0.002139
-232.0	0.0	0.002137
-231.875	0.0	0.002135
-231.75	0.0	0.002133
-231.625	0.0	0.002131
-231.5	0.0	0.002128
-231.375	0.0	0.002126
-231.25	0.0	0.002124
-231.125	0.0	0.002122
-231.0	0.0	0.00212
-230.875	0.0	0.002117
-230.75	0.0	0.002115
-230.625	0.0	0.002113
-230.5	0.0	0.002111
-230.375	0.0	0.002109
-230.25	0.0	0.002106
-230.125	0.0	0.002104
-230.0	0.0	0.002102
-229.875	0.0	0.0021
-229.75	0.0	0.002098
-229.625	0.0	0.002095
-229.5	0.0	0.002093
-229.375	0.0	0.002091
-229.25	0.0	0.002089
-229.125	0.0	0.002087
-229.0	0.0	0.002084
-228.875	0.0	0.002082
-228.75	0.0	0.00208
-228.625	0.0	0.002078
-228.5	0.0	0.002076
-228.375	0.0	0.002073
-228.25	0.0	0.002071
-228.125	0.0	0.002069
-228.0	0.0	0.002067
-227.875	0.0	0.002065
-227.75	0.0	0.002062
-227.625	0.0	0.00206
-227.5	0.0	0.002058
-227.375	0.0	0.002056
-227.25	0.0	0.002054
-227.125	0.0	0.002051
-227.0	0.0	0.002049
-226.875	0.0	0.002047
-226.75	0.0	0.002045
-226.625	0.0	0.002042
-226.5	0.0	0.00204
-226.375	0.0	0.002038
-226.25	0.0	0.002036
-226.125	0.0	0.002034
-226.0	0.0	0.002031
-225.875	0.0	0.002029
-225.75	0.0	0.002027
-225.625	0.0	0.002025
-225.5	0.0	0.002023
-225.375	0.0	0.00202
-225.25	0.0	0.002018
-225.125	0.0	0.002016
-225.0	0.0	0.002014
-224.875	0.0	0.002011
-224.75	0.0	0.002009
-224.625	0.0	0.002007
-224.5	0.0	0.002005
-224.375	0.0	0.002003
-224.25	0.0	0.002
-224.125	0.0	0.001998
-224.0	0.0	0.001996
-223.875	0.0	0.001994
-223.75	0.0	0.001991
-223.625	0.0	0.001989
-223.5	0.0	0.001987
-223.375	0.0	0.001985
-223.25	0.0	0.001983
-223.125	0.0	0.00198
-223.0	0.0	0.001978
-222.875	0.0	0.001976
-222.75	0.0	0.001974
-222.625	0.0	0.001971
-222.5	0.0	0.001969
-222.375	0.0	0.001967
-222.25	0.0	0.001965
-222.125	0.0	0.001963
-222.0	0.0	0.00196
-221.875	0.0	0.001958
-221.75	0.0	0.001956
-221.625	0.0	0.001954
-221.5	0.0	0.001951
-221.375	0.0	0.001949
-221.25	0.0	0.001947
-221.125	0.0	0.001945
-221.0	0.0	0.001942
-220.875	0.0	0.00194
-220.75	0.0	0.001938
-220.625	0.0	0.001936
-220.5	0.0	0.001934
-220.375	0.0	0.001931
-220.25	0.0	0.001929
-220.125	0.0	0.001927
-220.0	0.0	0.001925
-219.875	0.0	0.001922
-219.75	0.0	0.00192
-219.625	0.0	0.001918
-219.5	0.0	0.001916
-219.375	0.0	0.001913
-219.25	0.0	0.001911
-219.125	0.0	0.001909
-219.0	0.0	0.001907
-218.875	0.0	0.001904
-218.75	0.0	0.001902
-218.625	0.0	0.0019
-218.5	0.0	0.001898
-218.375	0.0	0.001895
-218.25	0.0	0.001893
-218.125	0.0	0.001891
-218.0	0.0	0.001889
-217.875	0.0	0.001886
-217.75	0.0	0.001884
-217.625	0.0	0.001882
-217.5	0.0	0.00188
-217.375	0.0	0.001877
-217.25	0.0	0.001875
-217.125	0.0	0.001873
-217.0	0.0	0.001871
-216.875	0.0	0.001868
-216.75	0.0	0.001866
-216.625	0.0	0.001864
-216.5	0.0	0.001862
-216.375	0.0	0.001859
-216.25	0.0	0.001857
-216.125	0.0	0.001855
-216.0	0.0	0.001853
-215.875	0.0	0.00185
-215.75	0.0	0.001848
-215.625	0.0	0.001846
-215.5	0.0	0.001844
-215.375	0.0	0.001841
-215.25	0.0	0.001839
-215.125	0.0	0.001837
-215.0	0.0	0.001835
-214.875	0.0	0.001832
-214.75	0.0	0.00183
-214.625	0.0	0.001828
-214.5	0.0	0.001825
-214.375	0.0	0.001823
-214.25	0.0	0.001821
-214.125	0.0	0.001819
-214.0	0.0	0.001816
-213.875	0.0	0.001814
-213.75	0.0	0.001812
-213.625	0.0	0.00181
-213.5	0.0	0.001807
-213.375	0.0	0.001805
-213.25	0.0	0.001803
-213.125	0.0	0.001801
-213.0	0.0	0.001798
-212.875	0.0	0.001796
-212.75	0.0	0.001794
-212.625	0.0	0.001791
-212.5	0.0	0.001789
-212.375	0.0	0.001787
-212.25	0.0	0.001785
-212.125	0.0	0.001782
-212.0	0.0	0.00178
-211.875	0.0	0.001778
-211.75	0.0	0.001775
-211.625	0.0	0.001773
-211.5	0.0	0.001771
-211.375	0.0	0.001769
-211.25	0.0	0.001766
-211.125	0.0	0.001764
-211.0	0.0	0.001762
-210.875	0.0	0.001759
-210.75	0.0	0.001757
-210.625	0.0	0.001755
-210.5	0.0	0.001753
-210.375	0.0	0.00175
-210.25	0.0	0.001748
-210.125	0.0	0.001746
-210.0	0.0	0.001743
-209.875	0.0	0.001741
-209.75	0.0	0.001739
-209.625	0.0	0.001737
-209.5	0.0	0.001734
-209.375	0.0	0.001732
-209.25	0.0	0.00173
-209.125	0.0	0.001727
-209.0	0.0	0.001725
-208.875	0.0	0.001723
-208.75	0.0	0.00172
-208.625	0.0	0.001718
-208.5	0.0	0.001716
-208.375	0.0	0.001714
-208.25	0.0	0.001711
-208.125	0.0	0.001709
-208.0	0.0	0.001707
-207.875	0.0	0.001704
-207.75	0.0	0.001702
-207.625	0.0	0.0017
-207.5	0.0	0.001697
-207.375	0.0	0.001695
-207.25	0.0	0.001693
-207.125	0.0	0.00169
-207.0	0.0	0.001688
-206.875	0.0	0.001686
-206.75	0.0	0.001684
-206.625	0.0	0.001681
-206.5	0.0	0.001679
-206.375	0.0	0.001677
-206.25	0.0	0.001674
-206.125	0.0	0.001672
-206.0	0.0	0.00167
-205.875	0.0	0.001667
-205.75	0.0	0.001665
-205.625	0.0	0.001663
-205.5	0.0	0.00166
-205.375	0.0	0.001658
-205.25	0.0	0.001656
-205.125	0.0	0.001653
-205.0	0.0	0.001651
-204.875	0.0	0.001649
-204.75	0.0	0.001646
-204.625	0.0	0.001644
-204.5	0.0	0.001642
-204.375	0.0	0.001639
-204.25	0.0	0.001637
-204.125	0.0	0.001635
-204.0	0.0	0.001632
-203.875	0.0	0.00163
-203.75	0.0	0.001628
-203.625	0.0	0.001625
-203.5	0.0	0.001623
-203.375	0.0	0.001621
-203.25	0.0	0.001618
-203.125	0.0	0.001616
-203.0	0.0	0.001614
-202.875	0.0	0.001611
-202.75	0.0	0.001609
-202.625	0.0	0.001607
-202.5	0.0	0.001604
-202.375	0.0	0.001602
-202.25	0.0	0.0016
-202.125	0.0	0.001597
-202.0	0.0	0.001595
-201.875	0.0	0.001593
-201.75	0.0	0.00159
-201.625	0.0	0.001588
-201.5	0.0	0.001586
-201.375	0.0	0.001583
-201.25	0.0	0.001581
-201.125	0.0	0.001578
-201.0	0.0	0.001576
-200.875	0.0	0.001574
-200.75	0.0	0.001571
-200.625	0.0	0.001569
-200.5	0.0	0.001567
-200.375	0.0	0.001564
-200.25	0.0	0.001562
-200.125	0.0	0.00156
-200.0	0.0	0.001557
-199.875	0.0	0.001555
-199.75	0.0	0.001552
-199.625	0.0	0.00155
-199.5	0.0	0.001548
-199.375	0.0	0.001545
-199.25	0.0	0.001543
-199.125	0.0	0.001541
-199.0	0.0	0.001538
-198.875	0.0	0.001536
-198.75	0.0	0.001533
-198.625	0.0	0.001531
-198.5	0.0	0.001529
-198.375	0.0	0.001526
-198.25	0.0	0.001524
-198.125	0.0	0.001522
-198.0	0.0	0.001519
-197.875	0.0	0.001517
-197.75	0.0	0.001514
-197.625	0.0	0.001512
-197.5	0.0	0.00151
-197.375	0.0	0.001507
-197.25	0.0	0.001505
-197.125	0.0	0.001502
-197.0	0.0	0.0015
-196.875	0.0	0.001498
-196.75	0.0	0.001495
-196.625	0.0	0.001493
-196.5	0.0	0.00149
-196.375	0.0	0.001488
-196.25	0.0	0.001486
-196.125	0.0	0.001483
-196.0	0.0	0.001481
-195.875	0.0	0.001478
-195.75	0.0	0.001476
-195.625	0.0	0.001474
-195.5	0.0	0.001471
-195.375	0.0	0.001469
-195.25	0.0	0.001466
-195.125	0.0	0.001464
-195.0	0.0	0.001462
-194.875	0.0	0.001459
-194.75	0.0	0.001457
-194.625	0.0	0.001454
-194.5	0.0	0.001452
-194.375	0.0	0.00145
-194.25	0.0	0.001447
-194.125	0.0	0.001445
-194.0	0.0	0.001442
-193.875	0.0	0.00144
-193.75	0.0	0.001437
-193.625	0.0	0.001435
-193.5	0.0	0.001433
-193.375	0.0	0.00143
-193.25	0.0	0.001428
-193.125	0.0	0.001425
-193.0	0.0	0.001423
-192.875	0.0	0.00142
-192.75	0.0	0.001418
-192.625	0.0	0.001416
-192.5	0.0	0.001413
-192.375	0.0	0.001411
-192.25	0.0	0.001408
-192.125	0.0	0.001406
-192.0	0.0	0.001403
-191.875	0.0	0.001401
-191.75	0.0	0.001398
-191.625	0.0	0.001396
-191.5	0.0	0.001394
-191.375	0.0	0.001391
-191.25	0.0	0.001389
-191.125	0.0	0.001386
-191.0	0.0	0.001384
-190.875	0.0	0.001381
-190.75	0.0	0.001379
-190.625	0.0	0.001376
-190.5	0.0	0.001374
-190.375	0.0	0.001371
-190.25	0.0	0.001369
-190.125	0.0	0.001367
-190.0	0.0	0.001364
-189.875	0.0	0.001362
-189.75	0.0	0.001359
-189.625	0.0	0.001357
-189.5	0.0	0.001354
-189.375	0.0	0.001352
-189.25	0.0	0.001349
-189.125	0.0	0.001347
-189.0	0.0	0.001344
-188.875	0.0	0.001342
-188.75	0.0	0.001339
-188.625	0.0	0.001337
-188.5	0.0	0.001334
-188.375	0.0	0.001332
-188.25	0.0	0.001329
-188.125	0.0	0.001327
-188.0	0.0	0.001324
-187.875	0.0	0.001322
-187.75	0.0	0.00132
-187.625	0.0	0.001317
-187.5	0.0	0.001315
-187.375	0.0	0.001312
-187.25	0.0	0.00131
-187.125	0.0	0.001307
-187.0	0.0	0.001305
-186.875	0.0	0.001302
-186.75	0.0	0.0013
-186.625	0.0	0.001297
-186.5	0.0	0.001295
-186.375	0.0	0.001292
-186.25	0.0	0.00129
-186.125	0.0	0.001287
-186.0	0.0	0.001285
-185.875	0.0	0.001282
-185.75	0.0	0.001279
-185.625	0.0	0.001277
-185.5	0.0	0.001274
-185.375	0.0	0.001272
-185.25	0.0	0.001269
-185.125	0.0	0.001267
-185.0	0.0	0.001264
-184.875	0.0	0.001262
-184.75	0.0	0.001259
-184.625	0.0	0.001257
-184.5	0.0	0.001254
-184.375	0.0	0.001252
-184.25	0.0	0.001249
-184.125	0.0	0.001247
-184.0	0.0	0.001244
-183.875	0.0	0.001242
-183.75	0.0	0.001239
-183.625	0.0	0.001237
-183.5	0.0	0.001234
-183.375	0.0	0.001231
-183.25	0.0	0.001229
-183.125	0.0	0.001226
-183.0	0.0	0.001224
-182.875	0.0	0.001221
-182.75	0.0	0.001219
-182.625	0.0	0.001216
-182.5	0.0	0.001214
-182.375	0.0	0.001211
-182.25	0.0	0.001209
-182.125	0.0	0.001206
-182.0	0.0	0.001203
-181.875	0.0	0.001201
-181.75	0.0	0.001198
-181.625	0.0	0.001196
-181.5	0.0	0.001193
-181.375	0.0	0.001191
-181.25	0.0	0.001188
-181.125	0.0	0.001185
-181.0	0.0	0.001183
-180.875	0.0	0.00118
-180.75	0.0	0.001178
-180.625	0.0	0.001175
-180.5	0.0	0.001173
-180.375	0.0	0.00117
-180.25	0.0	0.001167
-180.125	0.0	0.001165
-180.0	0.0	0.001162
-179.875	0.0	0.00116
-179.75	0.0	0.001157
-179.625	0.0	0.001154
-179.5	0.0	0.001152
-179.375	0.0	0.001149
-179.25	0.0	0.001147
-179.125	0.0	0.001144
-179.0	0.0	0.001141
-178.875	0.0	0.001139
-178.75	0.0	0.001136
-178.625	0.0	0.001134
-178.5	0.0	0.001131
-178.375	0.0	0.001128
-178.25	0.0	0.001126
-178.125	0.0	0.001123
-178.0	0.0	0.001121
-177.875	0.0	0.001118
-177.75	0.0	0.001115
-177.625	0.0	0.001113
-177.5	0.0	0.00111
-177.375	0.0	0.001108
-177.25	0.0	0.001105
-177.125	0.0	0.001102
-177.0	0.0	0.0011
-176.875	0.0	0.001097
-176.75	0.0	0.001094
-176.625	0.0	0.001092
-176.5	0.0	0.001089
-176.375	0.0	0.001086
-176.25	0.0	0.001084
-176.125	0.0	0.001081
-176.0	0.0	0.001079
-175.875	0.0	0.001076
-175.75	0.0	0.001073
-175.625	0.0	0.001071
-175.5	0.0	0.001068
-175.375	0.0	0.001065
-175.25	0.0	0.001063
-175.125	0.0	0.00106
-175.0	0.0	0.001057
-174.875	0.0	0.001055
-174.75	0.0	0.001052
-174.625	0.0	0.001049
-174.5	0.0	0.001047
-174.375	0.0	0.001044
-174.25	0.0	0.001041
-174.125	0.0	0.001039
-174.0	0.0	0.001036
-173.875	0.0	0.001033
-173.75	0.0	0.001031
-173.625	0.0	0.001028
-173.5	0.0	0.001025
-173.375	0.0	0.001023
-173.25	0.0	0.00102
-173.125	0.0	0.001017
-173.0	0.0	0.001015
-172.875	0.0	0.001012
-172.75	0.0	0.001009
-172.625	0.0	0.001006
-172.5	0.0	0.001004
-172.375	0.0	0.001001
-172.25	0.0	0.000998
-172.125	0.0	0.000996
-172.0	0.0	0.000993
-171.875	0.0	0.00099
-171.75	0.0	0.000988
-171.625	0.0	0.000985
-171.5	0.0	0.000982
-171.375	0.0	0.000979
-171.25	0.0	0.000977
-171.125	0.0	0.000974
-171.0	0.0	0.000971
-170.875	0.0	0.000969
-170.75	0.0	0.000966
-170.625	0.0	0.000963
-170.5	0.0	0.00096
-170.375	0.0	0.000958
-170.25	0.0	0.000955
-170.125	0.0	0.000952
-170.0	0.0	0.000949
-169.875	0.0	0.000947
-169.75	0.0	0.000944
-169.625	0.0	0.000941
-169.5	0.0	0.000938
-169.375	0.0	0.000936
-169.25	0.0	0.000933
-169.125	0.0	0.00093
-169.0	0.0	0.000927
-168.875	0.0	0.000925
-168.75	0.0	0.000922
-168.625	0.0	0.000919
-168.5	0.0	0.000916
-168.375	0.0	0.000914
-168.25	0.0	0.000911
-168.125	0.0	0.000908
-168.0	0.0	0.000905
-167.875	0.0	0.000902
-167.75	0.0	0.0009
-167.625	0.0	0.000897
-167.5	0.0	0.000894
-167.375	0.0	0.000891
-167.25	0.0	0.000889
-167.125	0.0	0.000886
-167.0	0.0	0.000883
-166.875	0.0	0.00088
-166.75	0.0	0.000877
-166.625	0.0	0.000875
-166.5	0.0	0.000872
-166.375	0.0	0.000869
-166.25	0.0	0.000866
-166.125	0.0	0.000863
-166.0	0.0	0.000861
-165.875	0.0	0.000858
-165.75	0.0	0.000855
-165.625	0.0	0.000852
-165.5	0.0	0.000849
-165.375	0.0	0.000847
-165.25	0.0	0.000844
-165.125	0.0	0.000841
-165.0	0.0	0.000838
-164.875	0.0	0.000835
-164.75	0.0	0.000832
-164.625	0.0	0.00083
-164.5	0.0	0.000827
-164.375	0.0	0.000824
-164.25	0.0	0.000821
-164.125	0.0	0.000818
-164.0	0.0	0.000815
-163.875	0.0	0.000812
-163.75	0.0	0.00081
-163.625	0.0	0.000807
-163.5	0.0	0.000804
-163.375	0.0	0.000801
-163.25	0.0	0.000798
-163.125	0.0	0.000795
-163.0	0.0	0.000792
-162.875	0.0	0.00079
-162.75	0.0	0.000787
-162.625	0.0	0.000784
-162.5	0.0	0.000781
-162.375	0.0	0.000778
-162.25	0.0	0.000775
-162.125	0.0	0.000772
-162.0	0.0	0.000769
-161.875	0.0	0.000767
-161.75	0.0	0.000764
-161.625	0.0	0.000761
-161.5	0.0	0.000758
-161.375	0.0	0.000755
-161.25	0.0	0.000752
-161.125	0.0	0.000749
-161.0	0.0	0.000746
-160.875	0.0	0.000743
-160.75	0.0	0.00074
-160.625	0.0	0.000737
-160.5	0.0	0.000735
-160.375	0.0	0.000732
-160.25	0.0	0.000729
-160.125	0.0	0.000726
-160.0	0.0	0.000723
-159.875	0.0	0.00072
-159.75	0.0	0.000717
-159.625	0.0	0.000714
-159.5	0.0	0.000711
-159.375	0.0	0.000708
-159.25	0.0	0.000705
-159.125	0.0	0.000702
-159.0	0.0	0.000699
-158.875	0.0	0.000696
-158.75	0.0	0.000693
-158.625	0.0	0.00069
-158.5	0.0	0.000688
-158.375	0.0	0.000685
-158.25	0.0	0.000682
-158.125	0.0	0.000679
-158.0	0.0	0.000676
-157.875	0.0	0.000673
-157.75	0.0	0.00067
-157.625	0.0	0.000667
-157.5	0.0	0.000664
-157.375	0.0	0.000661
-157.25	0.0	0.000658
-157.125	0.0	0.000655
-157.0	0.0	0.000652
-156.875	0.0	0.000649
-156.75	0.0	0.000646
-156.625	0.0	0.000643
-156.5	0.0	0.00064
-156.375	0.0	0.000637
-156.25	0.0	0.000634
-156.125	0.0	0.000631
-156.0	0.0	0.000628
-155.875	0.0	0.000625
-155.75	0.0	0.000622
-155.625	0.0	0.000619
-155.5	0.0	0.000616
-155.375	0.0	0.000613
-155.25	0.0	0.00061
-155.125	0.0	0.000607
-155.0	0.0	0.000604
-154.875	0.0	0.0006
-154.75	0.0	0.000597
-154.625	0.0	0.000594
-154.5	0.0	0.000591
-154.375	0.0	0.000588
-154.25	0.0	0.000585
-154.125	0.0	0.000582
-154.0	0.0	0.000579
-153.875	0.0	0.000576
-153.75	0.0	0.000573
-153.625	0.0	0.00057
-153.5	0.0	0.000567
-153.375	0.0	0.000564
-153.25	0.0	0.000561
-153.125	0.0	0.000558
-153.0	0.0	0.000554
-152.875	0.0	0.000551
-152.75	0.0	0.000548
-152.625	0.0	0.000545
-152.5	0.0	0.000542
-152.375	0.0	0.000539
-152.25	0.0	0.000536
-152.125	0.0	0.000533
-152.0	0.0	0.00053
-151.875	0.0	0.000527
-151.75	0.0	0.000523
-151.625	0.0	0.00052
-151.5	0.0	0.000517
-151.375	0.0	0.000514
-151.25	0.0	0.000511
-151.125	0.0	0.000508
-151.0	0.0	0.000505
-150.875	0.0	0.000502
-150.75	0.0	0.000498
-150.625	0.0	0.000495
-150.5	0.0	0.000492
-150.375	0.0	0.000489
-150.25	0.0	0.000486
-150.125	0.0	0.000483
-150.0	0.0	0.000479
-149.875	0.0	0.000476
-149.75	0.0	0.000473
-149.625	0.0	0.00047
-149.5	0.0	0.000467
-149.375	0.0	0.000464
-149.25	0.0	0.00046
-149.125	0.0	0.000457
-149.0	0.0	0.000454
-148.875	0.0	0.000451
-148.75	0.0	0.000448
-148.625	0.0	0.000444
-148.5	0.0	0.000441
-148.375	0.0	0.000438
-148.25	0.0	0.000435
-148.125	0.0	0.000432
-148.0	0.0	0.000428
-147.875	0.0	0.000425
-147.75	0.0	0.000422
-147.625	0.0	0.000419
-147.5	0.0	0.000416
-147.375	0.0	0.000412
-147.25	0.0	0.000409
-147.125	0.0	0.000406
-147.0	0.0	0.000403
-146.875	0.0	0.000399
-146.75	0.0	0.000396
-146.625	0.0	0.000393
-146.5	0.0	0.00039
-146.375	0.0	0.000386
-146.25	0.0	0.000383
-146.125	0.0	0.00038
-146.0	0.0	0.000377
-145.875	0.0	0.000373
-145.75	0.0	0.00037
-145.625	0.0	0.000367
-145.5	0.0	0.000363
-145.375	0.0	0.00036
-145.25	0.0	0.000357
-145.125	0.0	0.000354
-145.0	0.0	0.00035
-144.875	0.0	0.000347
-144.75	0.0	0.000344
-144.625	0.0	0.00034
-144.5	0.0	0.000337
-144.375	0.0	0.000334
-144.25	0.0	0.00033
-144.125	0.0	0.000327
-144.0	0.0	0.000324
-143.875	0.0	0.00032
-143.75	0.0	0.000317
-143.625	0.0	0.000314
-143.5	0.0	0.00031
-143.375	0.0	0.000307
-143.25	0.0	0.000304
-143.125	0.0	0.0003
-143.0	0.0	0.000297
-142.875	0.0	0.000294
-142.75	0.0	0.00029
-142.625	0.0	0.000287
-142.5	0.0	0.000283
-142.375	0.0	0.00028
-142.25	0.0	0.000277
-142.125	0.0	0.000273
-142.0	0.0	0.00027
-141.875	0.0	0.000267
-141.75	0.0	0.000263
-141.625	0.0	0.00026
-141.5	0.0	0.000256
-141.375	0.0	0.000253
-141.25	0.0	0.000249
-141.125	0.0	0.000246
-141.0	0.0	0.000243
-140.875	0.0	0.000239
-140.75	0.0	0.000236
-140.625	0.0	0.000232
-140.5	0.0	0.000229
-140.375	0.0	0.000225
-140.25	0.0	0.000222
-140.125	0.0	0.000219
-140.0	0.0	0.000215
-139.875	0.0	0.000212
-139.75	0.0	0.000208
-139.625	0.0	0.000205
-139.5	0.0	0.000201
-139.375	0.0	0.000198
-139.25	0.0	0.000194
-139.125	0.0	0.000191
-139.0	0.0	0.000187
-138.875	0.0	0.000184
-138.75	0.0	0.00018
-138.625	0.0	0.000177
-138.5	0.0	0.000173
-138.375	0.0	0.00017
-138.25	0.0	0.000166
-138.125	0.0	0.000163
-138.0	0.0	0.000159
-137.875	0.0	0.000156
-137.75	0.0	0.000152
-137.625	0.0	0.000149
-137.5	0.0	0.000145
-137.375	0.0	0.000142
-137.25	0.0	0.000138
-137.125	0.0	0.000135
-137.0	0.0	0.000131
-136.875	0.0	0.000127
-136.75	0.0	0.000124
-136.625	0.0	0.00012
-136.5	0.0	0.000117
-136.375	0.0	0.000113
-136.25	0.0	0.00011
-136.125	0.0	0.000106
-136.0	0.0	0.000102
-135.875	0.0	9.9e-5
-135.75	0.0	9.5e-5
-135.625	0.0	9.2e-5
-135.5	0.0	8.8e-5
-135.375	0.0	8.4e-5
-135.25	0.0	8.1e-5
-135.125	0.0	7.7e-5
-135.0	0.0	7.4e-5
-134.875	0.0	7.0e-5
-134.75	0.0	6.6e-5
-134.625	0.0	6.3e-5
-134.5	0.0	5.9e-5
-134.375	0.0	5.5e-5
-134.25	0.0	5.2e-5
-134.125	0.0	4.8e-5
-134.0	0.0	4.4e-5
-133.875	0.0	4.1e-5
-133.75	0.0	3.7e-5
-133.625	0.0	3.3e-5
-133.5	0.0	3.0e-5
-133.375	0.0	2.6e-5
-133.25	0.0	2.2e-5
-133.125	0.0	1.9e-5
-133.0	0.0	1.5e-5
-132.875	0.0	1.1e-5
-132.75	0.0	8.0e-6
-132.625	0.0	4.0e-6
-132.5	0.0	0.0
-132.375	0.0	-4.0e-6
-132.25	0.0	-7.0e-6
-132.125	0.0	-1.1e-5
-132.0	0.0	-1.5e-5
-131.875	0.0	-1.8e-5
-131.75	0.0	-2.2e-5
-131.625	0.0	-2.6e-5
-131.5	0.0	-3.0e-5
-131.375	0.0	-3.3e-5
-131.25	0.0	-3.7e-5
-131.125	0.0	-4.1e-5
-131.0	0.0	-4.5e-5
-130.875	0.0	-4.9e-5
-130.75	0.0	-5.2e-5
-130.625	0.0	-5.6e-5
-130.5	0.0	-6.0e-5
-130.375	0.0	-6.4e-5
-130.25	0.0	-6.8e-5
-130.125	0.0	-7.1e-5
-130.0	0.0	-7.5e-5
-129.875	0.0	-7.9e-5
-129.75	0.0	-8.3e-5
-129.625	0.0	-8.7e-5
-129.5	0.0	-9.0e-5
-129.375	0.0	-9.4e-5
-129.25	0.0	-9.8e-5
-129.125	0.0	-0.000102
-129.0	0.0	-0.000106
-128.875	0.0	-0.00011
-128.75	0.0	-0.000114
-128.625	0.0	-0.000117
-128.5	0.0	-0.000121
-128.375	0.0	-0.000125
-128.25	0.0	-0.000129
-128.125	0.0	-0.000133
-128.0	0.0	-0.000137
-127.875	0.0	-0.000141
-127.75	0.0	-0.000145
-127.625	0.0	-0.000149
-127.5	0.0	-0.000153
-127.375	0.0	-0.000156
-127.25	0.0	-0.00016
-127.125	0.0	-0.000164
-127.0	0.0	-0.000168
-126.875	0.0	-0.000172
-126.75	0.0	-0.000176
-126.625	0.0	-0.00018
-126.5	0.0	-0.000184
-126.375	0.0	-0.000188
-126.25	0.0	-0.000192
-126.125	0.0	-0.000196
-126.0	0.0	-0.0002
-125.875	0.0	-0.000204
-125.75	0.0	-0.000208
-125.625	0.0	-0.000212
-125.5	0.0	-0.000216
-125.375	0.0	-0.00022
-125.25	0.0	-0.000224
-125.125	0.0	-0.000228
-125.0	0.0	-0.000232
-124.875	0.0	-0.000236
-124.75	0.0	-0.00024
-124.625	0.0	-0.000244
-124.5	0.0	-0.000248
-124.375	0.0	-0.000252
-124.25	0.0	-0.000256
-124.125	0.0	-0.00026
-124.0	0.0	-0.000264
-123.875	0.0	-0.000269
-123.75	0.0	-0.000273
-123.625	0.0	-0.000277
-123.5	0.0	-0.000281
-123.375	0.0	-0.000285
-123.25	0.0	-0.000289
-123.125	0.0	-0.000293
-123.0	0.0	-0.000297
-122.875	0.0	-0.000301
-122.75	0.0	-0.000306
-122.625	0.0	-0.00031
-122.5	0.0	-0.000314
-122.375	0.0	-0.000318
-122.25	0.0	-0.000322
-122.125	0.0	-0.000326
-122.0	0.0	-0.00033
-121.875	0.0	-0.000335
-121.75	0.0	-0.000339
-121.625	0.0	-0.000343
-121.5	0.0	-0.000347
-121.375	0.0	-0.000351
-121.25	0.0	-0.000356
-121.125	0.0	-0.00036
-121.0	0.0	-0.000364
-120.875	0.0	-0.000368
-120.75	0.0	-0.000373
-120.625	0.0	-0.000377
-120.5	0.0	-0.000381
-120.375	0.0	-0.000385
-120.25	0.0	-0.00039
-120.125	0.0	-0.000394
-120.0	0.0	-0.000398
-119.875	0.0	-0.000402
-119.75	0.0	-0.000407
-119.625	0.0	-0.000411
-119.5	0.0	-0.000415
-119.375	0.0	-0.000419
-119.25	0.0	-0.000424
-119.125	0.0	-0.000428
-119.0	0.0	-0.000432
-118.875	0.0	-0.000437
-118.75	0.0	-0.000441
-118.625	0.0	-0.000445
-118.5	0.0	-0.00045
-118.375	0.0	-0.000454
-118.25	0.0	-0.000459
-118.125	0.0	-0.000463
-118.0	0.0	-0.000467
-117.875	0.0	-0.000472
-117.75	0.0	-0.000476
-117.625	0.0	-0.00048
-117.5	0.0	-0.000485
-117.375	0.0	-0.000489
-117.25	0.0	-0.000494
-117.125	0.0	-0.000498
-117.0	0.0	-0.000502
-116.875	0.0	-0.000507
-116.75	0.0	-0.000511
-116.625	0.0	-0.000516
-116.5	0.0	-0.00052
-116.375	0.0	-0.000525
-116.25	0.0	-0.000529
-116.125	0.0	-0.000534
-116.0	0.0	-0.000538
-115.875	0.0	-0.000543
-115.75	0.0	-0.000547
-115.625	0.0	-0.000552
-115.5	0.0	-0.000556
-115.375	0.0	-0.000561
-115.25	0.0	-0.000565
-115.125	0.0	-0.00057
-115.0	0.0	-0.000574
-114.875	0.0	-0.000579
-114.75	0.0	-0.000583
-114.625	0.0	-0.000588
-114.5	0.0	-0.000593
-114.375	0.0	-0.000597
-114.25	0.0	-0.000602
-114.125	0.0	-0.000606
-114.0	0.0	-0.000611
-113.875	0.0	-0.000616
-113.75	0.0	-0.00062
-113.625	0.0	-0.000625
-113.5	0.0	-0.000629
-113.375	0.0	-0.000634
-113.25	0.0	-0.000639
-113.125	0.0	-0.000643
-113.0	0.0	-0.000648
-112.875	0.0	-0.000653
-112.75	0.0	-0.000657
-112.625	0.0	-0.000662
-112.5	0.0	-0.000667
-112.375	0.0	-0.000671
-112.25	0.0	-0.000676
-112.125	0.0	-0.000681
-112.0	0.0	-0.000686
-111.875	0.0	-0.00069
-111.75	0.0	-0.000695
-111.625	0.0	-0.0007
-111.5	0.0	-0.000704
-111.375	0.0	-0.000709
-111.25	0.0	-0.000714
-111.125	0.0	-0.000719
-111.0	0.0	-0.000724
-110.875	0.0	-0.000728
-110.75	0.0	-0.000733
-110.625	0.0	-0.000738
-110.5	0.0	-0.000743
-110.375	0.0	-0.000748
-110.25	0.0	-0.000752
-110.125	0.0	-0.000757
-110.0	0.0	-0.000762
-109.875	0.0	-0.000767
-109.75	0.0	-0.000772
-109.625	0.0	-0.000777
-109.5	0.0	-0.000782
-109.375	0.0	-0.000787
-109.25	0.0	-0.000791
-109.125	0.0	-0.000796
-109.0	0.0	-0.000801
-108.875	0.0	-0.000806
-108.75	0.0	-0.000811
-108.625	0.0	-0.000816
-108.5	0.0	-0.000821
-108.375	0.0	-0.000826
-108.25	0.0	-0.000831
-108.125	0.0	-0.000836
-108.0	0.0	-0.000841
-107.875	0.0	-0.000846
-107.75	0.0	-0.000851
-107.625	0.0	-0.000856
-107.5	0.0	-0.000861
-107.375	0.0	-0.000866
-107.25	0.0	-0.000871
-107.125	0.0	-0.000876
-107.0	0.0	-0.000881
-106.875	0.0	-0.000886
-106.75	0.0	-0.000891
-106.625	0.0	-0.000896
-106.5	0.0	-0.000901
-106.375	0.0	-0.000906
-106.25	0.0	-0.000912
-106.125	0.0	-0.000917
-106.0	0.0	-0.000922
-105.875	0.0	-0.000927
-105.75	0.0	-0.000932
-105.625	0.0	-0.000937
-105.5	0.0	-0.000942
-105.375	0.0	-0.000948
-105.25	0.0	-0.000953
-105.125	0.0	-0.000958
-105.0	0.0	-0.000963
-104.875	0.0	-0.000968
-104.75	0.0	-0.000974
-104.625	0.0	-0.000979
-104.5	0.0	-0.000984
-104.375	0.0	-0.000989
-104.25	0.0	-0.000995
-104.125	0.0	-0.001
-104.0	0.0	-0.001005
-103.875	0.0	-0.00101
-103.75	0.0	-0.001016
-103.625	0.0	-0.001021
-103.5	0.0	-0.001026
-103.375	0.0	-0.001032
-103.25	0.0	-0.001037
-103.125	0.0	-0.001042
-103.0	0.0	-0.001048
-102.875	0.0	-0.001053
-102.75	0.0	-0.001058
-102.625	0.0	-0.001064
-102.5	0.0	-0.001069
-102.375	0.0	-0.001075
-102.25	0.0	-0.00108
-102.125	0.0	-0.001085
-102.0	0.0	-0.001091
-101.875	0.0	-0.001096
-101.75	0.0	-0.001102
-101.625	0.0	-0.001107
-101.5	0.0	-0.001113
-101.375	0.0	-0.001118
-101.25	0.0	-0.001124
-101.125	0.0	-0.001129
-101.0	0.0	-0.001135
-100.875	0.0	-0.00114
-100.75	0.0	-0.001146
-100.625	0.0	-0.001151
-100.5	0.0	-0.001157
-100.375	0.0	-0.001162
-100.25	0.0	-0.001168
-100.125	0.0	-0.001174
-100.0	0.0	-0.001179
-99.875	0.0	-0.001185
-99.75	0.0	-0.00119
-99.625	0.0	-0.001196
-99.5	0.0	-0.001202
-99.375	0.0	-0.001207
-99.25	0.0	-0.001213
-99.125	0.0	-0.001219
-99.0	0.0	-0.001224
-98.875	0.0	-0.00123
-98.75	0.0	-0.001236
-98.625	0.0	-0.001242
-98.5	0.0	-0.001247
-98.375	0.0	-0.001253
-98.25	0.0	-0.001259
-98.125	0.0	-0.001264
-98.0	0.0	-0.00127
-97.875	0.0	-0.001276
-97.75	0.0	-0.001282
-97.625	0.0	-0.001288
-97.5	0.0	-0.001293
-97.375	0.0	-0.001299
-97.25	0.0	-0.001305
-97.125	0.0	-0.001311
-97.0	0.0	-0.001317
-96.875	0.0	-0.001323
-96.75	0.0	-0.001329
-96.625	0.0	-0.001335
-96.5	0.0	-0.00134
-96.375	0.0	-0.001346
-96.25	0.0	-0.001352
-96.125	0.0	-0.001358
-96.0	0.0	-0.001364
-95.875	0.0	-0.00137
-95.75	0.0	-0.001376
-95.625	0.0	-0.001382
-95.5	0.0	-0.001388
-95.375	0.0	-0.001394
-95.25	0.0	-0.0014
-95.125	0.0	-0.001406
-95.0	0.0	-0.001412
-94.875	0.0	-0.001418
-94.75	0.0	-0.001425
-94.625	0.0	-0.001431
-94.5	0.0	-0.001437
-94.375	0.0	-0.001443
-94.25	0.0	-0.001449
-94.125	0.0	-0.001455
-94.0	0.0	-0.001461
-93.875	0.0	-0.001468
-93.75	0.0	-0.001474
-93.625	0.0	-0.00148
-93.5	0.0	-0.001486
-93.375	0.0	-0.001492
-93.25	0.0	-0.001499
-93.125	0.0	-0.001505
-93.0	0.0	-0.001511
-92.875	0.0	-0.001517
-92.75	0.0	-0.001524
-92.625	0.0	-0.00153
-92.5	0.0	-0.001536
-92.375	0.0	-0.001543
-92.25	0.0	-0.001549
-92.125	0.0	-0.001555
-92.0	0.0	-0.001562
-91.875	0.0	-0.001568
-91.75	0.0	-0.001574
-91.625	0.0	-0.001581
-91.5	0.0	-0.001587
-91.375	0.0	-0.001594
-91.25	0.0	-0.0016
-91.125	0.0	-0.001607
-91.0	0.0	-0.001613
-90.875	0.0	-0.00162
-90.75	0.0	-0.001626
-90.625	0.0	-0.001633
-90.5	0.0	-0.001639
-90.375	0.0	-0.001646
-90.25	0.0	-0.001652
-90.125	0.0	-0.001659
-90.0	0.0	-0.001665
-89.875	0.0	-0.001672
-89.75	0.0	-0.001679
-89.625	0.0	-0.001685
-89.5	0.0	-0.001692
-89.375	0.0	-0.001699
-89.25	0.0	-0.001705
-89.125	0.0	-0.001712
-89.0	0.0	-0.001719
-88.875	0.0	-0.001725
-88.75	0.0	-0.001732
-88.625	0.0	-0.001739
-88.5	0.0	-0.001746
-88.375	0.0	-0.001752
-88.25	0.0	-0.001759
-88.125	0.0	-0.001766
-88.0	0.0	-0.001773
-87.875	0.0	-0.00178
-87.75	0.0	-0.001787
-87.625	0.0	-0.001794
-87.5	0.0	-0.0018
-87.375	0.0	-0.001807
-87.25	0.0	-0.001814
-87.125	0.0	-0.001821
-87.0	0.0	-0.001828
-86.875	0.0	-0.001835
-86.75	0.0	-0.001842
-86.625	0.0	-0.001849
-86.5	0.0	-0.001856
-86.375	0.0	-0.001863
-86.25	0.0	-0.00187
-86.125	0.0	-0.001877
-86.0	0.0	-0.001884
-85.875	0.0	-0.001891
-85.75	0.0	-0.001899
-85.625	0.0	-0.001906
-85.5	0.0	-0.001913
-85.375	0.0	-0.00192
-85.25	0.0	-0.001927
-85.125	0.0	-0.001934
-85.0	0.0	-0.001942
-84.875	0.0	-0.001949
-84.75	0.0	-0.001956
-84.625	0.0	-0.001963
-84.5	0.0	-0.001971
-84.375	0.0	-0.001978
-84.25	0.0	-0.001985
-84.125	0.0	-0.001992
-84.0	0.0	-0.002
-83.875	0.0	-0.002007
-83.75	0.0	-0.002015
-83.625	0.0	-0.002022
-83.5	0.0	-0.002029
-83.375	0.0	-0.002037
-83.25	0.0	-0.002044
-83.125	0.0	-0.002052
-83.0	0.0	-0.002059
-82.875	0.0	-0.002067
-82.75	0.0	-0.002074
-82.625	0.0	-0.002082
-82.5	0.0	-0.002089
-82.375	0.0	-0.002097
-82.25	0.0	-0.002105
-82.125	0.0	-0.002112
-82.0	0.0	-0.00212
-81.875	0.0	-0.002127
-81.75	0.0	-0.002135
-81.625	0.0	-0.002143
-81.5	0.0	-0.00215
-81.375	0.0	-0.002158
-81.25	0.0	-0.002166
-81.125	0.0	-0.002174
-81.0	0.0	-0.002181
-80.875	0.0	-0.002189
-80.75	0.0	-0.002197
-80.625	0.0	-0.002205
-80.5	0.0	-0.002213
-80.375	0.0	-0.002221
-80.25	0.0	-0.002229
-80.125	0.0	-0.002236
-80.0	0.0	-0.002244
-79.875	0.0	-0.002252
-79.75	0.0	-0.00226
-79.625	0.0	-0.002268
-79.5	0.0	-0.002276
-79.375	0.0	-0.002284
-79.25	0.0	-0.002292
-79.125	0.0	-0.002301
-79.0	0.0	-0.002309
-78.875	0.0	-0.002317
-78.75	0.0	-0.002325
-78.625	0.0	-0.002333
-78.5	0.0	-0.002341
-78.375	0.0	-0.002349
-78.25	0.0	-0.002358
-78.125	0.0	-0.002366
-78.0	0.0	-0.002374
-77.875	0.0	-0.002382
-77.75	0.0	-0.002391
-77.625	0.0	-0.002399
-77.5	0.0	-0.002407
-77.375	0.0	-0.002416
-77.25	0.0	-0.002424
-77.125	0.0	-0.002433
-77.0	0.0	-0.002441
-76.875	0.0	-0.002449
-76.75	0.0	-0.002458
-76.625	0.0	-0.002466
-76.5	0.0	-0.002475
-76.375	0.0	-0.002483
-76.25	0.0	-0.002492
-76.125	0.0	-0.002501
-76.0	0.0	-0.002509
-75.875	0.0	-0.002518
-75.75	0.0	-0.002527
-75.625	0.0	-0.002535
-75.5	0.0	-0.002544
-75.375	0.0	-0.002553
-75.25	0.0	-0.002561
-75.125	0.0	-0.00257
-75.0	0.0	-0.002579
-74.875	0.0	-0.002588
-74.75	0.0	-0.002597
-74.625	0.0	-0.002605
-74.5	0.0	-0.002614
-74.375	0.0	-0.002623
-74.25	0.0	-0.002632
-74.125	0.0	-0.002641
-74.0	0.0	-0.00265
-73.875	0.0	-0.002659
-73.75	0.0	-0.002668
-73.625	0.0	-0.002677
-73.5	0.0	-0.002686
-73.375	0.0	-0.002695
-73.25	0.0	-0.002704
-73.125	0.0	-0.002714
-73.0	0.0	-0.002723
-72.875	0.0	-0.002732
-72.75	0.0	-0.002741
-72.625	0.0	-0.002751
-72.5	0.0	-0.00276
-72.375	0.0	-0.002769
-72.25	0.0	-0.002778
-72.125	0.0	-0.002788
-72.0	0.0	-0.002797
-71.875	0.0	-0.002807
-71.75	0.0	-0.002816
-71.625	0.0	-0.002825
-71.5	0.0	-0.002835
-71.375	0.0	-0.002844
-71.25	0.0	-0.002854
-71.125	0.0	-0.002864
-71.0	0.0	-0.002873
-70.875	0.0	-0.002883
-70.75	0.0	-0.002892
-70.625	0.0	-0.002902
-70.5	0.0	-0.002912
-70.375	0.0	-0.002922
-70.25	0.0	-0.002931
-70.125	0.0	-0.002941
-70.0	0.0	-0.002951
-69.875	0.0	-0.002961
-69.75	0.0	-0.002971
-69.625	0.0	-0.002981
-69.5	0.0	-0.00299
-69.375	0.0	-0.003
-69.25	0.0	-0.00301
-69.125	0.0	-0.00302
-69.0	0.0	-0.00303
-68.875	0.0	-0.00304
-68.75	0.0	-0.003051
-68.625	0.0	-0.003061
-68.5	0.0	-0.003071
-68.375	0.0	-0.003081
-68.25	0.0	-0.003091
-68.125	0.0	-0.003102
-68.0	0.0	-0.003112
-67.875	0.0	-0.003122
-67.75	0.0	-0.003132
-67.625	0.0	-0.003143
-67.5	0.0	-0.003153
-67.375	0.0	-0.003164
-67.25	0.0	-0.003174
-67.125	0.0	-0.003185
-67.0	0.0	-0.003195
-66.875	0.0	-0.003206
-66.75	0.0	-0.003216
-66.625	0.0	-0.003227
-66.5	0.0	-0.003238
-66.375	0.0	-0.003248
-66.25	0.0	-0.003259
-66.125	0.0	-0.00327
-66.0	0.0	-0.00328
-65.875	0.0	-0.003291
-65.75	0.0	-0.003302
-65.625	0.0	-0.003313
-65.5	0.0	-0.003324
-65.375	0.0	-0.003335
-65.25	0.0	-0.003346
-65.125	0.0	-0.003357
-65.0	0.0	-0.003368
-64.875	0.0	-0.003379
-64.75	0.0	-0.00339
-64.625	0.0	-0.003401
-64.5	0.0	-0.003412
-64.375	0.0	-0.003424
-64.25	0.0	-0.003435
-64.125	0.0	-0.003446
-64.0	0.0	-0.003457
-63.875	0.0	-0.003469
-63.75	0.0	-0.00348
-63.625	0.0	-0.003492
-63.5	0.0	-0.003503
-63.375	0.0	-0.003515
-63.25	0.0	-0.003526
-63.125	0.0	-0.003538
-63.0	0.0	-0.003549
-62.875	0.0	-0.003561
-62.75	0.0	-0.003573
-62.625	0.0	-0.003584
-62.5	0.0	-0.003596
-62.375	0.0	-0.003608
-62.25	0.0	-0.00362
-62.125	0.0	-0.003632
-62.0	0.0	-0.003643
-61.875	0.0	-0.003655
-61.75	0.0	-0.003667
-61.625	0.0	-0.003679
-61.5	0.0	-0.003691
-61.375	0.0	-0.003704
-61.25	0.0	-0.003716
-61.125	0.0	-0.003728
-61.0	0.0	-0.00374
-60.875	0.0	-0.003752
-60.75	0.0	-0.003765
-60.625	0.0	-0.003777
-60.5	0.0	-0.003789
-60.375	0.0	-0.003802
-60.25	0.0	-0.003814
-60.125	0.0	-0.003827
-60.0	0.0	-0.003839
-59.875	0.0	-0.003852
-59.75	0.0	-0.003864
-59.625	0.0	-0.003877
-59.5	0.0	-0.00389
-59.375	0.0	-0.003903
-59.25	0.0	-0.003915
-59.125	0.0	-0.003928
-59.0	0.0	-0.003941
-58.875	0.0	-0.003954
-58.75	0.0	-0.003967
-58.625	0.0	-0.00398
-58.5	0.0	-0.003993
-58.375	0.0	-0.004006
-58.25	0.0	-0.004019
-58.125	0.0	-0.004033
-58.0	0.0	-0.004046
-57.875	0.0	-0.004059
-57.75	0.0	-0.004072
-57.625	0.0	-0.004086
-57.5	0.0	-0.004099
-57.375	0.0	-0.004113
-57.25	0.0	-0.004126
-57.125	0.0	-0.00414
-57.0	0.0	-0.004153
-56.875	0.0	-0.004167
-56.75	0.0	-0.004181
-56.625	0.0	-0.004194
-56.5	0.0	-0.004208
-56.375	0.0	-0.004222
-56.25	0.0	-0.004236
-56.125	0.0	-0.00425
-56.0	0.0	-0.004264
-55.875	0.0	-0.004278
-55.75	0.0	-0.004292
-55.625	0.0	-0.004306
-55.5	0.0	-0.00432
-55.375	0.0	-0.004335
-55.25	0.0	-0.004349
-55.125	0.0	-0.004363
-55.0	0.0	-0.004378
-54.875	0.0	-0.004392
-54.75	0.0	-0.004407
-54.625	0.0	-0.004421
-54.5	0.0	-0.004436
-54.375	0.0	-0.00445
-54.25	0.0	-0.004465
-54.125	0.0	-0.00448
-54.0	0.0	-0.004495
-53.875	0.0	-0.004509
-53.75	0.0	-0.004524
-53.625	0.0	-0.004539
-53.5	0.0	-0.004554
-53.375	0.0	-0.004569
-53.25	0.0	-0.004585
-53.125	0.0	-0.0046
-53.0	0.0	-0.004615
-52.875	0.0	-0.00463
-52.75	0.0	-0.004646
-52.625	0.0	-0.004661
-52.5	0.0	-0.004677
-52.375	0.0	-0.004692
-52.25	0.0	-0.004708
-52.125	0.0	-0.004723
-52.0	0.0	-0.004739
-51.875	0.0	-0.004755
-51.75	0.0	-0.004771
-51.625	0.0	-0.004787
-51.5	0.0	-0.004803
-51.375	0.0	-0.004819
-51.25	0.0	-0.004835
-51.125	0.0	-0.004851
-51.0	0.0	-0.004867
-50.875	0.0	-0.004883
-50.75	0.0	-0.0049
-50.625	0.0	-0.004916
-50.5	0.0	-0.004933
-50.375	0.0	-0.004949
-50.25	0.0	-0.004966
-50.125	0.0	-0.004982
-50.0	0.0	-0.004999
-49.875	0.0	-0.005016
-49.75	0.0	-0.005033
-49.625	0.0	-0.00505
-49.5	0.0	-0.005067
-49.375	0.0	-0.005084
-49.25	0.0	-0.005101
-49.125	0.0	-0.005118
-49.0	0.0	-0.005135
-48.875	0.0	-0.005152
-48.75	0.0	-0.00517
-48.625	0.0	-0.005187
-48.5	0.0	-0.005205
-48.375	0.0	-0.005222
-48.25	0.0	-0.00524
-48.125	0.0	-0.005258
-48.0	0.0	-0.005276
-47.875	0.0	-0.005294
-47.75	0.0	-0.005311
-47.625	0.0	-0.00533
-47.5	0.0	-0.005348
-47.375	0.0	-0.005366
-47.25	0.0	-0.005384
-47.125	0.0	-0.005402
-47.0	0.0	-0.005421
-46.875	0.0	-0.005439
-46.75	0.0	-0.005458
-46.625	0.0	-0.005476
-46.5	0.0	-0.005495
-46.375	0.0	-0.005514
-46.25	0.0	-0.005533
-46.125	0.0	-0.005552
-46.0	0.0	-0.005571
-45.875	0.0	-0.00559
-45.75	0.0	-0.005609
-45.625	0.0	-0.005628
-45.5	0.0	-0.005648
-45.375	0.0	-0.005667
-45.25	0.0	-0.005687
-45.125	0.0	-0.005706
-45.0	0.0	-0.005726
-44.875	0.0	-0.005746
-44.75	0.0	-0.005765
-44.625	0.0	-0.005785
-44.5	0.0	-0.005805
-44.375	0.0	-0.005825
-44.25	0.0	-0.005846
-44.125	0.0	-0.005866
-44.0	0.0	-0.005886
-43.875	0.0	-0.005907
-43.75	0.0	-0.005927
-43.625	0.0	-0.005948
-43.5	0.0	-0.005969
-43.375	0.0	-0.005989
-43.25	0.0	-0.00601
-43.125	0.0	-0.006031
-43.0	0.0	-0.006052
-42.875	0.0	-0.006074
-42.75	0.0	-0.006095
-42.625	0.0	-0.006116
-42.5	0.0	-0.006138
-42.375	0.0	-0.006159
-42.25	0.0	-0.006181
-42.125	0.0	-0.006203
-42.0	0.0	-0.006225
-41.875	0.0	-0.006247
-41.75	0.0	-0.006269
-41.625	0.0	-0.006291
-41.5	0.0	-0.006313
-41.375	0.0	-0.006335
-41.25	0.0	-0.006358
-41.125	0.0	-0.006381
-41.0	0.0	-0.006403
-40.875	0.0	-0.006426
-40.75	0.0	-0.006449
-40.625	0.0	-0.006472
-40.5	0.0	-0.006495
-40.375	0.0	-0.006518
-40.25	0.0	-0.006541
-40.125	0.0	-0.006565
-40.0	0.0	-0.006588
-39.875	0.0	-0.006612
-39.75	0.0	-0.006636
-39.625	0.0	-0.00666
-39.5	0.0	-0.006684
-39.375	0.0	-0.006708
-39.25	0.0	-0.006732
-39.125	0.0	-0.006756
-39.0	0.0	-0.006781
-38.875	0.0	-0.006805
-38.75	0.0	-0.00683
-38.625	0.0	-0.006855
-38.5	0.0	-0.00688
-38.375	0.0	-0.006905
-38.25	0.0	-0.00693
-38.125	0.0	-0.006955
-38.0	0.0	-0.006981
-37.875	0.0	-0.007006
-37.75	0.0	-0.007032
-37.625	0.0	-0.007057
-37.5	0.0	-0.007083
-37.375	0.0	-0.007109
-37.25	0.0	-0.007136
-37.125	0.0	-0.007162
-37.0	0.0	-0.007188
-36.875	0.0	-0.007215
-36.75	0.0	-0.007242
-36.625	0.0	-0.007268
-36.5	0.0	-0.007295
-36.375	0.0	-0.007322
-36.25	0.0	-0.00735
-36.125	0.0	-0.007377
-36.0	0.0	-0.007405
-35.875	0.0	-0.007432
-35.75	0.0	-0.00746
-35.625	0.0	-0.007488
-35.5	0.0	-0.007516
-35.375	0.0	-0.007544
-35.25	0.0	-0.007573
-35.125	0.0	-0.007601
-35.0	0.0	-0.00763
-34.875	0.0	-0.007659
-34.75	0.0	-0.007688
-34.625	0.0	-0.007717
-34.5	0.0	-0.007746
-34.375	0.0	-0.007775
-34.25	0.0	-0.007805
-34.125	0.0	-0.007835
-34.0	0.0	-0.007865
-33.875	0.0	-0.007895
-33.75	0.0	-0.007925
-33.625	0.0	-0.007955
-33.5	0.0	-0.007986
-33.375	0.0	-0.008017
-33.25	0.0	-0.008048
-33.125	0.0	-0.008079
-33.0	0.0	-0.00811
-32.875	0.0	-0.008141
-32.75	0.0	-0.008173
-32.625	0.0	-0.008204
-32.5	0.0	-0.008236
-32.375	0.0	-0.008268
-32.25	0.0	-0.008301
-32.125	0.0	-0.008333
-32.0	0.0	-0.008366
-31.875	0.0	-0.008399
-31.75	0.0	-0.008432
-31.625	0.0	-0.008465
-31.5	0.0	-0.008498
-31.375	0.0	-0.008532
-31.25	0.0	-0.008565
-31.125	0.0	-0.008599
-31.0	0.0	-0.008633
-30.875	0.0	-0.008668
-30.75	0.0	-0.008702
-30.625	0.0	-0.008737
-30.5	0.0	-0.008772
-30.375	0.0	-0.008807
-30.25	0.0	-0.008842
-30.125	0.0	-0.008878
-30.0	0.0	-0.008913
-29.875	0.0	-0.008949
-29.75	0.0	-0.008985
-29.625	0.0	-0.009022
-29.5	0.0	-0.009058
-29.375	0.0	-0.009095
-29.25	0.0	-0.009132
-29.125	0.0	-0.009169
-29.0	0.0	-0.009207
-28.875	0.0	-0.009244
-28.75	0.0	-0.009282
-28.625	0.0	-0.00932
-28.5	0.0	-0.009359
-28.375	0.0	-0.009397
-28.25	0.0	-0.009436
-28.125	0.0	-0.009475
-28.0	0.0	-0.009514
-27.875	0.0	-0.009554
-27.75	0.0	-0.009594
-27.625	0.0	-0.009634
-27.5	0.0	-0.009674
-27.375	0.0	-0.009715
-27.25	0.0	-0.009755
-27.125	0.0	-0.009796
-27.0	0.0	-0.009838
-26.875	0.0	-0.009879
-26.75	0.0	-0.009921
-26.625	0.0	-0.009963
-26.5	0.0	-0.010005
-26.375	0.0	-0.010048
-26.25	0.0	-0.010091
-26.125	0.0	-0.010134
-26.0	0.0	-0.010177
-25.875	0.0	-0.010221
-25.75	0.0	-0.010265
-25.625	0.0	-0.010309
-25.5	0.0	-0.010354
-25.375	0.0	-0.010398
-25.25	0.0	-0.010443
-25.125	0.0	-0.010489
-25.0	0.0	-0.010535
-24.875	0.0	-0.010581
-24.75	0.0	-0.010627
-24.625	0.0	-0.010673
-24.5	0.0	-0.01072
-24.375	0.0	-0.010768
-24.25	0.0	-0.010815
-24.125	0.0	-0.010863
-24.0	0.0	-0.010911
-23.875	0.0	-0.01096
-23.75	0.0	-0.011009
-23.625	0.0	-0.011058
-23.5	0.0	-0.011107
-23.375	0.0	-0.011157
-23.25	0.0	-0.011207
-23.125	0.0	-0.011258
-23.0	0.0	-0.011309
-22.875	0.0	-0.01136
-22.75	0.0	-0.011412
-22.625	0.0	-0.011464
-22.5	0.0	-0.011516
-22.375	0.0	-0.011569
-22.25	0.0	-0.011622
-22.125	0.0	-0.011675
-22.0	0.0	-0.011729
-21.875	0.0	-0.011783
-21.75	0.0	-0.011838
-21.625	0.0	-0.011892
-21.5	0.0	-0.011948
-21.375	0.0	-0.012004
-21.25	0.0	-0.01206
-21.125	0.0	-0.012116
-21.0	0.0	-0.012173
-20.875	0.0	-0.012231
-20.75	0.0	-0.012289
-20.625	0.0	-0.012347
-20.5	0.0	-0.012405
-20.375	0.0	-0.012464
-20.25	0.0	-0.012524
-20.125	0.0	-0.012584
-20.0	0.0	-0.012644
-19.875	0.0	-0.012705
-19.75	0.0	-0.012767
-19.625	0.0	-0.012828
-19.5	0.0	-0.012891
-19.375	0.0	-0.012953
-19.25	0.0	-0.013017
-19.125	0.0	-0.01308
-19.0	0.0	-0.013145
-18.875	0.0	-0.013209
-18.75	0.0	-0.013275
-18.625	0.0	-0.01334
-18.5	0.0	-0.013406
-18.375	0.0	-0.013473
-18.25	0.0	-0.01354
-18.125	0.0	-0.013608
-18.0	0.0	-0.013677
-17.875	0.0	-0.013745
-17.75	0.0	-0.013815
-17.625	0.0	-0.013885
-17.5	0.0	-0.013955
-17.375	0.0	-0.014026
-17.25	0.0	-0.014098
-17.125	0.0	-0.01417
-17.0	0.0	-0.014243
-16.875	0.0	-0.014317
-16.75	0.0	-0.014391
-16.625	0.0	-0.014465
-16.5	0.0	-0.014541
-16.375	0.0	-0.014616
-16.25	0.0	-0.014693
-16.125	0.0	-0.01477
-16.0	0.0	-0.014848
-15.875	0.0	-0.014926
-15.75	0.0	-0.015006
-15.625	0.0	-0.015085
-15.5	0.0	-0.015166
-15.375	0.0	-0.015247
-15.25	0.0	-0.015329
-15.125	0.0	-0.015412
-15.0	0.0	-0.015495
-14.875	0.0	-0.015579
-14.75	0.0	-0.015664
-14.625	0.0	-0.015749
-14.5	0.0	-0.015835
-14.375	0.0	-0.015922
-14.25	0.0	-0.01601
-14.125	0.0	-0.016099
-14.0	0.0	-0.016188
-13.875	0.0	-0.016278
-13.75	0.0	-0.016369
-13.625	0.0	-0.016461
-13.5	0.0	-0.016554
-13.375	0.0	-0.016647
-13.25	0.0	-0.016742
-13.125	0.0	-0.016837
-13.0	0.0	-0.016933
-12.875	0.0	-0.01703
-12.75	0.0	-0.017128
-12.625	0.0	-0.017227
-12.5	0.0	-0.017327
-12.375	0.0	-0.017428
-12.25	0.0	-0.01753
-12.125	0.0	-0.017633
-12.0	0.0	-0.017737
-11.875	0.0	-0.017841
-11.75	0.0	-0.017947
-11.625	0.0	-0.018055
-11.5	0.0	-0.018163
-11.375	0.0	-0.018272
-11.25	0.0	-0.018383
-11.125	0.0	-0.018494
-11.0	0.0	-0.018607
-10.875	0.0	-0.018722
-10.75	0.0	-0.018837
-10.625	0.0	-0.018954
-10.5	0.0	-0.019073
-10.375	0.0	-0.019193
-10.25	0.0	-0.019314
-10.125	0.0	-0.019437
-10.0	0.0	-0.019562
-9.875	0.0	-0.019688
-9.75	0.0	-0.019816
-9.625	0.0	-0.019946
-9.5	0.0	-0.020077
-9.375	0.0	-0.020211
-9.25	0.0	-0.020346
-9.125	0.0	-0.020482
-9.0	0.0	-0.020621
-8.875	0.0	-0.02076
-8.75	0.0	-0.020902
-8.625	0.0	-0.021044
-8.5	0.0	-0.021188
-8.375	0.0	-0.021332
-8.25	0.0	-0.021476
-8.125	0.0	-0.02162
-8.0	0.0	-0.021763
-7.875	0.0	-0.021905
-7.75	0.0	-0.022045
-7.625	0.0	-0.022181
-7.5	0.0	-0.022313
-7.375	0.0	-0.02244
-7.25	0.0	-0.022559
-7.125	0.0	-0.022671
-7.0	0.0	-0.022772
-6.875	0.0	-0.022862
-6.75	0.0	-0.022938
-6.625	0.0	-0.022999
-6.5	0.0	-0.023042
-6.375	0.0	-0.023066
-6.25	0.0	-0.023069
-6.125	0.0	-0.023048
-6.0	1.0e-6	-0.023003
-5.875	1.0e-6	-0.022933
-5.75	1.0e-6	-0.022836
-5.625	1.0e-6	-0.022712
-5.5	2.0e-6	-0.022563
-5.375	2.0e-6	-0.022388
-5.25	3.0e-6	-0.022192
-5.125	3.0e-6	-0.021978
-5.0	4.0e-6	-0.021751
-4.875	6.0e-6	-0.021519
-4.75	7.0e-6	-0.021291
-4.625	9.0e-6	-0.021079
-4.5	1.2e-5	-0.020896
-4.375	1.5e-5	-0.020759
-4.25	1.8e-5	-0.020688
-4.125	2.3e-5	-0.020707
-4.0	2.9e-5	-0.020841
-3.875	3.7e-5	-0.021121
-3.75	4.6e-5	-0.021579
-3.625	5.7e-5	-0.022254
-3.5	7.1e-5	-0.023186
-3.375	8.8e-5	-0.024418
-3.25	0.000109	-0.025997
-3.125	0.000135	-0.027974
-3.0	0.000167	-0.0304
-2.875	0.000205	-0.033328
-2.75	0.000252	-0.036813
-2.625	0.00031	-0.040906
-2.5	0.000379	-0.045661
-2.375	0.000463	-0.051126
-2.25	0.000564	-0.057344
-2.125	0.000686	-0.064353
-2.0	0.000832	-0.072184
-1.875	0.001007	-0.080854
-1.75	0.001217	-0.090371
-1.625	0.001468	-0.100725
-1.5	0.001766	-0.111893
-1.375	0.00212	-0.123828
-1.25	0.002539	-0.136464
-1.125	0.003035	-0.149709
-1.0	0.003621	-0.163445
-0.875	0.00431	-0.177525
-0.75	0.005119	-0.191774
-0.625	0.006067	-0.205982
-0.5	0.007176	-0.21991
-0.375	0.008469	-0.233282
-0.25	0.009973	-0.245794
-0.125	0.01172	-0.257105
0.0	0.013743	-0.266847
0.125	0.016082	-0.274623
0.25	0.018777	-0.28001
0.375	0.021878	-0.282566
0.5	0.025437	-0.281832
0.625	0.029511	-0.277339
0.75	0.034164	-0.268617
0.875	0.039467	-0.255199
1.0	0.045495	-0.236633
1.125	0.052333	-0.21249
1.25	0.060069	-0.182375
1.375	0.068802	-0.145937
1.5	0.078636	-0.102882
1.625	0.089684	-0.052981
1.75	0.102065	0.003914
1.875	0.115908	0.067863
2.0	0.131347	0.138823
2.125	0.148525	0.21664
2.25	0.167591	0.301041
2.375	0.188701	0.391621
2.5	0.212016	0.487843
2.625	0.237703	0.589027
2.75	0.265933	0.694351
2.875	0.296881	0.802849
3.0	0.330722	0.913414
3.125	0.367634	1.024801
3.25	0.407794	1.135636
3.375	0.451374	1.244424
3.5	0.498545	1.349565
3.625	0.549469	1.44937
3.75	0.604303	1.542078
3.875	0.663189	1.625878
4.0	0.726259	1.698936
4.125	0.793629	1.75942
4.25	0.865397	1.805526
4.375	0.941639	1.835515
4.5	1.022411	1.847734
4.625	1.107741	1.840658
4.75	1.197629	1.812915
4.875	1.292047	1.76332
5.0	1.390932	1.690904
5.125	1.494188	1.594942
5.25	1.601682	1.47498
5.375	1.713243	1.330856
5.5	1.828661	1.162722
5.625	1.947687	0.971054
5.75	2.07003	0.756669
5.875	2.195361	0.520723
6.0	2.323309	0.264718
6.125	2.453463	-0.009511
6.25	2.585376	-0.299801
6.375	2.718565	-0.603682
6.5	2.85251	-0.918401
6.625	2.986665	-1.240949
6.75	3.120451	-1.568095
6.875	3.253269	-1.896425
7.0	3.384497	-2.222387
7.125	3.513501	-2.542337
7.25	3.639633	-2.852588
7.375	3.762243	-3.149463
7.5	3.880678	-3.429349
7.625	3.994295	-3.688749
7.75	4.10246	-3.92434
7.875	4.204557	-4.133016
8.0	4.299993	-4.311948
8.125	4.388205	-4.458623
8.25	4.468665	-4.570886
8.375	4.540883	-4.646979
8.5	4.604415	-4.685572
8.625	4.658867	-4.685786
8.75	4.703897	-4.64721
8.875	4.73922	-4.569913
9.0	4.764614	-4.454445
9.125	4.779915	-4.301835
9.25	4.785026	-4.113574
9.375	4.779915	-3.891599
9.5	4.764613	-3.638264
9.625	4.739218	-3.356305
9.75	4.703894	-3.048805
9.875	4.658863	-2.719145
10.0	4.604411	-2.370953
10.125	4.540878	-2.008057
10.25	4.468659	-1.634425
10.375	4.388199	-1.254107
10.5	4.299987	-0.871178
10.625	4.20455	-0.489682
10.75	4.102453	-0.113573
10.875	3.994288	0.253337
11.0	3.88067	0.607433
11.125	3.762234	0.945336
11.25	3.639624	1.263955
11.375	3.513492	1.560514
11.5	3.384488	1.832589
11.625	3.253259	2.078131
11.75	3.120442	2.295482
11.875	2.986655	2.48339
12.0	2.852501	2.64101
12.125	2.718555	2.767901
12.25	2.585367	2.864022
12.375	2.453454	2.929716
12.5	2.3233	2.965687
12.625	2.195352	2.97298
12.75	2.070022	2.952948
12.875	1.947678	2.907222
13.0	1.828653	2.837673
13.125	1.713235	2.746377
13.25	1.601674	2.635571
13.375	1.494181	2.507619
13.5	1.390925	2.364968
13.625	1.29204	2.210107
13.75	1.197623	2.045535
13.875	1.107734	1.873721
14.0	1.022405	1.69707
14.125	0.941634	1.517894
14.25	0.865391	1.338386
14.375	0.793624	1.160594
14.5	0.726254	0.986401
14.625	0.663184	0.817511
14.75	0.604299	0.655434
14.875	0.549466	0.501482
15.0	0.498541	0.356761
15.125	0.451371	0.222169
15.25	0.407791	0.098403
15.375	0.367632	-0.014039
15.5	0.33072	-0.114848
15.625	0.296879	-0.203896
15.75	0.265931	-0.281218
15.875	0.237701	-0.347005
16.0	0.212015	-0.401581
16.125	0.1887	-0.445391
16.25	0.16759	-0.478983
16.375	0.148524	-0.502988
16.5	0.131346	-0.518107
16.625	0.115907	-0.525093
16.75	0.102064	-0.524733
16.875	0.089683	-0.517834
17.0	0.078635	-0.50521
17.125	0.068801	-0.487666
17.25	0.060068	-0.465993
17.375	0.052332	-0.44095
17.5	0.045495	-0.41326
17.625	0.039466	-0.383602
17.75	0.034164	-0.352607
17.875	0.02951	-0.320851
18.0	0.025436	-0.288852
18.125	0.021878	-0.257072
18.25	0.018777	-0.225913
18.375	0.016081	-0.195719
18.5	0.013743	-0.166778
18.625	0.01172	-0.139323
18.75	0.009973	-0.113535
18.875	0.008469	-0.089548
19.0	0.007176	-0.06745
19.125	0.006067	-0.047291
19.25	0.005119	-0.029085
19.375	0.00431	-0.012814
19.5	0.003621	0.001567
19.625	0.003035	0.014126
19.75	0.002539	0.024949
19.875	0.00212	0.034134
20.0	0.001766	0.041795
20.125	0.001468	0.04805
20.25	0.001217	0.053023
20.375	0.001007	0.056838
20.5	0.000832	0.059621
20.625	0.000686	0.061493
20.75	0.000564	0.062572
20.875	0.000463	0.062972
21.0	0.000379	0.062797
21.125	0.00031	0.062145
21.25	0.000252	0.061107
21.375	0.000205	0.059764
21.5	0.000167	0.05819
21.625	0.000135	0.056449
21.75	0.000109	0.054599
21.875	8.8e-5	0.052689
22.0	7.1e-5	0.050759
22.125	5.7e-5	0.048844
22.25	4.6e-5	0.046973
22.375	3.7e-5	0.045168
22.5	2.9e-5	0.043445
22.625	2.3e-5	0.041818
22.75	1.8e-5	0.040295
22.875	1.5e-5	0.038881
23.0	1.2e-5	0.037577
23.125	9.0e-6	0.036383
23.25	7.0e-6	0.035298
23.375	6.0e-6	0.034316
23.5	4.0e-6	0.033432
23.625	3.0e-6	0.032641
23.75	3.0e-6	0.031935
23.875	2.0e-6	0.031308
24.0	2.0e-6	0.030752
24.125	1.0e-6	0.030261
24.25	1.0e-6	0.029827
24.375	1.0e-6	0.029443
24.5	1.0e-6	0.029104
24.625	0.0	0.028803
24.75	0.0	0.028536
24.875	0.0	0.028296
25.0	0.0	0.02808
25.125	0.0	0.027884
25.25	0.0	0.027705
25.375	0.0	0.027538
25.5	0.0	0.027383
25.625	0.0	0.027235
25.75	0.0	0.027094
25.875	0.0	0.026958
26.0	0.0	0.026826
26.125	0.0	0.026697
26.25	0.0	0.026569
26.375	0.0	0.026443
26.5	0.0	0.026317
26.625	0.0	0.026192
26.75	0.0	0.026066
26.875	0.0	0.025941
27.0	0.0	0.025816
27.125	0.0	0.025691
27.25	0.0	0.025566
27.375	0.0	0.02544
27.5	0.0	0.025315
27.625	0.0	0.02519
27.75	0.0	0.025065
27.875	0.0	0.024941
28.0	0.0	0.024817
28.125	0.0	0.024693
28.25	0.0	0.024571
28.375	0.0	0.024449
28.5	0.0	0.024327
28.625	0.0	0.024207
28.75	0.0	0.024087
28.875	0.0	0.023969
29.0	0.0	0.023851
29.125	0.0	0.023735
29.25	0.0	0.023619
29.375	0.0	0.023505
29.5	0.0	0.023392
29.625	0.0	0.023279
29.75	0.0	0.023168
29.875	0.0	0.023058
30.0	0.0	0.022949
30.125	0.0	0.022841
30.25	0.0	0.022734
30.375	0.0	0.022628
30.5	0.0	0.022523
30.625	0.0	0.022419
30.75	0.0	0.022316
30.875	0.0	0.022214
31.0	0.0	0.022114
31.125	0.0	0.022014
31.25	0.0	0.021915
31.375	0.0	0.021817
31.5	0.0	0.021719
31.625	0.0	0.021623
31.75	0.0	0.021528
31.875	0.0	0.021434
32.0	0.0	0.02134
32.125	0.0	0.021247
32.25	0.0	0.021155
32.375	0.0	0.021064
32.5	0.0	0.020974
32.625	0.0	0.020885
32.75	0.0	0.020796
32.875	0.0	0.020708
33.0	0.0	0.020621
33.125	0.0	0.020535
33.25	0.0	0.020449
33.375	0.0	0.020365
33.5	0.0	0.020281
33.625	0.0	0.020197
33.75	0.0	0.020115
33.875	0.0	0.020033
34.0	0.0	0.019952
34.125	0.0	0.019871
34.25	0.0	0.019791
34.375	0.0	0.019712
34.5	0.0	0.019634
34.625	0.0	0.019556
34.75	0.0	0.019479
34.875	0.0	0.019402
35.0	0.0	0.019326
35.125	0.0	0.019251
35.25	0.0	0.019176
35.375	0.0	0.019102
35.5	0.0	0.019029
35.625	0.0	0.018956
35.75	0.0	0.018884
35.875	0.0	0.018812
36.0	0.0	0.018741
36.125	0.0	0.018671
36.25	0.0	0.018601
36.375	0.0	0.018531
36.5	0.0	0.018462
36.625	0.0	0.018394
36.75	0.0	0.018326
36.875	0.0	0.018259
37.0	0.0	0.018192
37.125	0.0	0.018126
37.25	0.0	0.01806
37.375	0.0	0.017995
37.5	0.0	0.01793
37.625	0.0	0.017866
37.75	0.0	0.017803
37.875	0.0	0.017739
38.0	0.0	0.017677
38.125	0.0	0.017614
38.25	0.0	0.017553
38.375	0.0	0.017491
38.5	0.0	0.01743
38.625	0.0	0.01737
38.75	0.0	0.01731
38.875	0.0	0.01725
39.0	0.0	0.017191
39.125	0.0	0.017133
39.25	0.0	0.017074
39.375	0.0	0.017017
39.5	0.0	0.016959
39.625	0.0	0.016902
39.75	0.0	0.016846
39.875	0.0	0.016789
40.0	0.0	0.016734
40.125	0.0	0.016678
40.25	0.0	0.016623
40.375	0.0	0.016569
40.5	0.0	0.016515
40.625	0.0	0.016461
40.75	0.0	0.016407
40.875	0.0	0.016354
41.0	0.0	0.016302
41.125	0.0	0.016249
41.25	0.0	0.016197
41.375	0.0	0.016146
41.5	0.0	0.016095
41.625	0.0	0.016044
41.75	0.0	0.015993
41.875	0.0	0.015943
42.0	0.0	0.015893
42.125	0.0	0.015844
42.25	0.0	0.015794
42.375	0.0	0.015746
42.5	0.0	0.015697
42.625	0.0	0.015649
42.75	0.0	0.015601
42.875	0.0	0.015554
43.0	0.0	0.015506
43.125	0.0	0.015459
43.25	0.0	0.015413
43.375	0.0	0.015366
43.5	0.0	0.01532
43.625	0.0	0.015275
43.75	0.0	0.015229
43.875	0.0	0.015184
44.0	0.0	0.015139
44.125	0.0	0.015095
44.25	0.0	0.015051
44.375	0.0	0.015007
44.5	0.0	0.014963
44.625	0.0	0.01492
44.75	0.0	0.014876
44.875	0.0	0.014834
45.0	0.0	0.014791
45.125	0.0	0.014749
45.25	0.0	0.014707
45.375	0.0	0.014665
45.5	0.0	0.014623
45.625	0.0	0.014582
45.75	0.0	0.014541
45.875	0.0	0.0145
46.0	0.0	0.01446
46.125	0.0	0.01442
46.25	0.0	0.01438
46.375	0.0	0.01434
46.5	0.0	0.0143
46.625	0.0	0.014261
46.75	0.0	0.014222
46.875	0.0	0.014183
47.0	0.0	0.014145
47.125	0.0	0.014106
47.25	0.0	0.014068
47.375	0.0	0.01403
47.5	0.0	0.013993
47.625	0.0	0.013955
47.75	0.0	0.013918
47.875	0.0	0.013881
48.0	0.0	0.013844
48.125	0.0	0.013808
48.25	0.0	0.013771
48.375	0.0	0.013735
48.5	0.0	0.013699
48.625	0.0	0.013664
48.75	0.0	0.013628
48.875	0.0	0.013593
49.0	0.0	0.013558
49.125	0.0	0.013523
49.25	0.0	0.013488
49.375	0.0	0.013454
49.5	0.0	0.013419
49.625	0.0	0.013385
49.75	0.0	0.013351
49.875	0.0	0.013317
50.0	0.0	0.013284
50.125	0.0	0.013251
50.25	0.0	0.013217
50.375	0.0	0.013184
50.5	0.0	0.013152
50.625	0.0	0.013119
50.75	0.0	0.013087
50.875	0.0	0.013054
51.0	0.0	0.013022
51.125	0.0	0.01299
51.25	0.0	0.012959
51.375	0.0	0.012927
51.5	0.0	0.012896
51.625	0.0	0.012864
51.75	0.0	0.012833
51.875	0.0	0.012803
52.0	0.0	0.012772
52.125	0.0	0.012741
52.25	0.0	0.012711
52.375	0.0	0.012681
52.5	0.0	0.012651
52.625	0.0	0.012621
52.75	0.0	0.012591
52.875	0.0	0.012561
53.0	0.0	0.012532
53.125	0.0	0.012503
53.25	0.0	0.012474
53.375	0.0	0.012445
53.5	0.0	0.012416
53.625	0.0	0.012387
53.75	0.0	0.012359
53.875	0.0	0.01233
54.0	0.0	0.012302
54.125	0.0	0.012274
54.25	0.0	0.012246
54.375	0.0	0.012218
54.5	0.0	0.01219
54.625	0.0	0.012163
54.75	0.0	0.012136
54.875	0.0	0.012108
55.0	0.0	0.012081
55.125	0.0	0.012054
55.25	0.0	0.012027
55.375	0.0	0.012001
55.5	0.0	0.011974
55.625	0.0	0.011948
55.75	0.0	0.011921
55.875	0.0	0.011895
56.0	0.0	0.011869
56.125	0.0	0.011843
56.25	0.0	0.011818
56.375	0.0	0.011792
56.5	0.0	0.011766
56.625	0.0	0.011741
56.75	0.0	0.011716
56.875	0.0	0.011691
57.0	0.0	0.011665
57.125	0.0	0.011641
57.25	0.0	0.011616
57.375	0.0	0.011591
57.5	0.0	0.011567
57.625	0.0	0.011542
57.75	0.0	0.011518
57.875	0.0	0.011494
58.0	0.0	0.011469
58.125	0.0	0.011446
58.25	0.0	0.011422
58.375	0.0	0.011398
58.5	0.0	0.011374
58.625	0.0	0.011351
58.75	0.0	0.011327
58.875	0.0	0.011304
59.0	0.0	0.011281
59.125	0.0	0.011258
59.25	0.0	0.011235
59.375	0.0	0.011212
59.5	0.0	0.011189
59.625	0.0	0.011166
59.75	0.0	0.011144
59.875	0.0	0.011121
60.0	0.0	0.011099
60.125	0.0	0.011077
60.25	0.0	0.011055
60.375	0.0	0.011032
60.5	0.0	0.011011
60.625	0.0	0.010989
60.75	0.0	0.010967
60.875	0.0	0.010945
61.0	0.0	0.010924
61.125	0.0	0.010902
61.25	0.0	0.010881
61.375	0.0	0.01086
61.5	0.0	0.010838
61.625	0.0	0.010817
61.75	0.0	0.010796
61.875	0.0	0.010775
62.0	0.0	0.010755
62.125	0.0	0.010734
62.25	0.0	0.010713
62.375	0.0	0.010693
62.5	0.0	0.010672
62.625	0.0	0.010652
62.75	0.0	0.010632
62.875	0.0	0.010611
63.0	0.0	0.010591
63.125	0.0	0.010571
63.25	0.0	0.010551
63.375	0.0	0.010531
63.5	0.0	0.010512
63.625	0.0	0.010492
63.75	0.0	0.010472
63.875	0.0	0.010453
64.0	0.0	0.010434
64.125	0.0	0.010414
64.25	0.0	0.010395
64.375	0.0	0.010376
64.5	0.0	0.010357
64.625	0.0	0.010338
64.75	0.0	0.010319
64.875	0.0	0.0103
65.0	0.0	0.010281
65.125	0.0	0.010262
65.25	0.0	0.010244
65.375	0.0	0.010225
65.5	0.0	0.010207
65.625	0.0	0.010188
65.75	0.0	0.01017
65.875	0.0	0.010152
66.0	0.0	0.010133
66.125	0.0	0.010115
66.25	0.0	0.010097
66.375	0.0	0.010079
66.5	0.0	0.010062
66.625	0.0	0.010044
66.75	0.0	0.010026
66.875	0.0	0.010008
67.0	0.0	0.009991
67.125	0.0	0.009973
67.25	0.0	0.009956
67.375	0.0	0.009938
67.5	0.0	0.009921
67.625	0.0	0.009904
67.75	0.0	0.009887
67.875	0.0	0.009869
68.0	0.0	0.009852
68.125	0.0	0.009835
68.25	0.0	0.009819
68.375	0.0	0.009802
68.5	0.0	0.009785
68.625	0.0	0.009768
68.75	0.0	0.009752
68.875	0.0	0.009735
69.0	0.0	0.009718
69.125	0.0	0.009702
69.25	0.0	0.009686
69.375	0.0	0.009669
69.5	0.0	0.009653
69.625	0.0	0.009637
69.75	0.0	0.009621
69.875	0.0	0.009605
70.0	0.0	0.009589
70.125	0.0	0.009573
70.25	0.0	0.009557
70.375	0.0	0.009541
70.5	0.0	0.009525
70.625	0.0	0.009509
70.75	0.0	0.009494
70.875	0.0	0.009478
71.0	0.0	0.009463
71.125	0.0	0.009447
71.25	0.0	0.009432
71.375	0.0	0.009416
71.5	0.0	0.009401
71.625	0.0	0.009386
71.75	0.0	0.00937
71.875	0.0	0.009355
72.0	0.0	0.00934
72.125	0.0	0.009325
72.25	0.0	0.00931
72.375	0.0	0.009295
72.5	0.0	0.00928
72.625	0.0	0.009266
72.75	0.0	0.009251
72.875	0.0	0.009236
73.0	0.0	0.009222
73.125	0.0	0.009207
73.25	0.0	0.009192
73.375	0.0	0.009178
73.5	0.0	0.009163
73.625	0.0	0.009149
73.75	0.0	0.009135
73.875	0.0	0.00912
74.0	0.0	0.009106
74.125	0.0	0.009092
74.25	0.0	0.009078
74.375	0.0	0.009064
74.5	0.0	0.00905
74.625	0.0	0.009036
74.75	0.0	0.009022
74.875	0.0	0.009008
75.0	0.0	0.008994
75.125	0.0	0.00898
75.25	0.0	0.008967
75.375	0.0	0.008953
75.5	0.0	0.008939
75.625	0.0	0.008926
75.75	0.0	0.008912
75.875	0.0	0.008898
76.0	0.0	0.008885
76.125	0.0	0.008872
76.25	0.0	0.008858
76.375	0.0	0.008845
76.5	0.0	0.008832
76.625	0.0	0.008818
76.75	0.0	0.008805
76.875	0.0	0.008792
77.0	0.0	0.008779
77.125	0.0	0.008766
77.25	0.0	0.008753
77.375	0.0	0.00874
77.5	0.0	0.008727
77.625	0.0	0.008714
77.75	0.0	0.008701
77.875	0.0	0.008688
78.0	0.0	0.008676
78.125	0.0	0.008663
78.25	0.0	0.00865
78.375	0.0	0.008638
78.5	0.0	0.008625
78.625	0.0	0.008613
78.75	0.0	0.0086
78.875	0.0	0.008588
79.0	0.0	0.008575
79.125	0.0	0.008563
79.25	0.0	0.008551
79.375	0.0	0.008538
79.5	0.0	0.008526
79.625	0.0	0.008514
79.75	0.0	0.008502
79.875	0.0	0.008489
80.0	0.0	0.008477
80.125	0.0	0.008465
80.25	0.0	0.008453
80.375	0.0	0.008441
80.5	0.0	0.008429
80.625	0.0	0.008417
80.75	0.0	0.008406
80.875	0.0	0.008394
81.0	0.0	0.008382
81.125	0.0	0.00837
81.25	0.0	0.008358
81.375	0.0	0.008347
81.5	0.0	0.008335
81.625	0.0	0.008324
81.75	0.0	0.008312
81.875	0.0	0.0083
82.0	0.0	0.008289
82.125	0.0	0.008277
82.25	0.0	0.008266
82.375	0.0	0.008255
82.5	0.0	0.008243
82.625	0.0	0.008232
82.75	0.0	0.008221
82.875	0.0	0.008209
83.0	0.0	0.008198
83.125	0.0	0.008187
83.25	0.0	0.008176
83.375	0.0	0.008165
83.5	0.0	0.008154
83.625	0.0	0.008143
83.75	0.0	0.008132
83.875	0.0	0.008121
84.0	0.0	0.00811
84.125	0.0	0.008099
84.25	0.0	0.008088
84.375	0.0	0.008077
84.5	0.0	0.008066
84.625	0.0	0.008056
84.75	0.0	0.008045
84.875	0.0	0.008034
85.0	0.0	0.008023
85.125	0.0	0.008013
85.25	0.0	0.008002
85.375	0.0	0.007992
85.5	0.0	0.007981
85.625	0.0	0.00797
85.75	0.0	0.00796
85.875	0.0	0.00795
86.0	0.0	0.007939
86.125	0.0	0.007929
86.25	0.0	0.007918
86.375	0.0	0.007908
86.5	0.0	0.007898
86.625	0.0	0.007887
86.75	0.0	0.007877
86.875	0.0	0.007867
87.0	0.0	0.007857
87.125	0.0	0.007847
87.25	0.0	0.007836
87.375	0.0	0.007826
87.5	0.0	0.007816
87.625	0.0	0.007806
87.75	0.0	0.007796
87.875	0.0	0.007786
88.0	0.0	0.007776
88.125	0.0	0.007766
88.25	0.0	0.007756
88.375	0.0	0.007747
88.5	0.0	0.007737
88.625	0.0	0.007727
88.75	0.0	0.007717
88.875	0.0	0.007707
89.0	0.0	0.007698
89.125	0.0	0.007688
89.25	0.0	0.007678
89.375	0.0	0.007669
89.5	0.0	0.007659
89.625	0.0	0.007649
89.75	0.0	0.00764
89.875	0.0	0.00763
90.0	0.0	0.007621
90.125	0.0	0.007611
90.25	0.0	0.007602
90.375	0.0	0.007592
90.5	0.0	0.007583
90.625	0.0	0.007574
90.75	0.0	0.007564
90.875	0.0	0.007555
91.0	0.0	0.007546
91.125	0.0	0.007536
91.25	0.0	0.007527
91.375	0.0	0.007518
91.5	0.0	0.007509
91.625	0.0	0.0075
91.75	0.0	0.00749
91.875	0.0	0.007481
92.0	0.0	0.007472
92.125	0.0	0.007463
92.25	0.0	0.007454
92.375	0.0	0.007445
92.5	0.0	0.007436
92.625	0.0	0.007427
92.75	0.0	0.007418
92.875	0.0	0.007409
93.0	0.0	0.0074
93.125	0.0	0.007391
93.25	0.0	0.007382
93.375	0.0	0.007374
93.5	0.0	0.007365
93.625	0.0	0.007356
93.75	0.0	0.007347
93.875	0.0	0.007338
94.0	0.0	0.00733
94.125	0.0	0.007321
94.25	0.0	0.007312
94.375	0.0	0.007304
94.5	0.0	0.007295
94.625	0.0	0.007286
94.75	0.0	0.007278
94.875	0.0	0.007269
95.0	0.0	0.007261
95.125	0.0	0.007252
95.25	0.0	0.007244
95.375	0.0	0.007235
95.5	0.0	0.007227
95.625	0.0	0.007218
95.75	0.0	0.00721
95.875	0.0	0.007202
96.0	0.0	0.007193
96.125	0.0	0.007185
96.25	0.0	0.007177
96.375	0.0	0.007168
96.5	0.0	0.00716
96.625	0.0	0.007152
96.75	0.0	0.007143
96.875	0.0	0.007135
97.0	0.0	0.007127
97.125	0.0	0.007119
97.25	0.0	0.007111
97.375	0.0	0.007103
97.5	0.0	0.007094
97.625	0.0	0.007086
97.75	0.0	0.007078
97.875	0.0	0.00707
98.0	0.0	0.007062
98.125	0.0	0.007054
98.25	0.0	0.007046
98.375	0.0	0.007038
98.5	0.0	0.00703
98.625	0.0	0.007022
98.75	0.0	0.007014
98.875	0.0	0.007007
99.0	0.0	0.006999
99.125	0.0	0.006991
99.25	0.0	0.006983
99.375	0.0	0.006975
99.5	0.0	0.006967
99.625	0.0	0.00696
99.75	0.0	0.006952
99.875	0.0	0.006944
100.0	0.0	0.006936
100.125	0.0	0.006929
100.25	0.0	0.006921
100.375	0.0	0.006913
100.5	0.0	0.006906
100.625	0.0	0.006898
100.75	0.0	0.00689
100.875	0.0	0.006883
101.0	0.0	0.006875
101.125	0.0	0.006868
101.25	0.0	0.00686
101.375	0.0	0.006853
101.5	0.0	0.006845
101.625	0.0	0.006838
101.75	0.0	0.00683
101.875	0.0	0.006823
102.0	0.0	0.006815
102.125	0.0	0.006808
102.25	0.0	0.0068
102.375	0.0	0.006793
102.5	0.0	0.006786
102.625	0.0	0.006778
102.75	0.0	0.006771
102.875	0.0	0.006764
103.0	0.0	0.006756
103.125	0.0	0.006749
103.25	0.0	0.006742
103.375	0.0	0.006735
103.5	0.0	0.006727
103.625	0.0	0.00672
103.75	0.0	0.006713
103.875	0.0	0.006706
104.0	0.0	0.006699
104.125	0.0	0.006691
104.25	0.0	0.006684
104.375	0.0	0.006677
104.5	0.0	0.00667
104.625	0.0	0.006663
104.75	0.0	0.006656
104.875	0.0	0.006649
105.0	0.0	0.006642
105.125	0.0	0.006635
105.25	0.0	0.006628
105.375	0.0	0.006621
105.5	0.0	0.006614
105.625	0.0	0.006607
105.75	0.0	0.0066
105.875	0.0	0.006593
106.0	0.0	0.006586
106.125	0.0	0.006579
106.25	0.0	0.006572
106.375	0.0	0.006566
106.5	0.0	0.006559
106.625	0.0	0.006552
106.75	0.0	0.006545
106.875	0.0	0.006538
107.0	0.0	0.006532
107.125	0.0	0.006525
107.25	0.0	0.006518
107.375	0.0	0.006511
107.5	0.0	0.006505
107.625	0.0	0.006498
107.75	0.0	0.006491
107.875	0.0	0.006485
108.0	0.0	0.006478
108.125	0.0	0.006471
108.25	0.0	0.006465
108.375	0.0	0.006458
108.5	0.0	0.006451
108.625	0.0	0.006445
108.75	0.0	0.006438
108.875	0.0	0.006432
109.0	0.0	0.006425
109.125	0.0	0.006419
109.25	0.0	0.006412
109.375	0.0	0.006405
109.5	0.0	0.006399
109.625	0.0	0.006393
109.75	0.0	0.006386
109.875	0.0	0.00638
110.0	0.0	0.006373
110.125	0.0	0.006367
110.25	0.0	0.00636
110.375	0.0	0.006354
110.5	0.0	0.006348
110.625	0.0	0.006341
110.75	0.0	0.006335
110.875	0.0	0.006328
111.0	0.0	0.006322
111.125	0.0	0.006316
111.25	0.0	0.00631
111.375	0.0	0.006303
111.5	0.0	0.006297
111.625	0.0	0.006291
111.75	0.0	0.006284
111.875	0.0	0.006278
112.0	0.0	0.006272
112.125	0.0	0.006266
112.25	0.0	0.00626
112.375	0.0	0.006253
112.5	0.0	0.006247
112.625	0.0	0.006241
112.75	0.0	0.006235
112.875	0.0	0.006229
113.0	0.0	0.006223
113.125	0.0	0.006217
113.25	0.0	0.00621
113.375	0.0	0.006204
113.5	0.0	0.006198
113.625	0.0	0.006192
113.75	0.0	0.006186
113.875	0.0	0.00618
114.0	0.0	0.006174
114.125	0.0	0.006168
114.25	0.0	0.006162
114.375	0.0	0.006156
114.5	0.0	0.00615
114.625	0.0	0.006144
114.75	0.0	0.006138
114.875	0.0	0.006132
115.0	0.0	0.006126
115.125	0.0	0.00612
115.25	0.0	0.006115
115.375	0.0	0.006109
115.5	0.0	0.006103
115.625	0.0	0.006097
115.75	0.0	0.006091
115.875	0.0	0.006085
116.0	0.0	0.006079
116.125	0.0	0.006074
116.25	0.0	0.006068
116.375	0.0	0.006062
116.5	0.0	0.006056
116.625	0.0	0.00605
116.75	0.0	0.006045
116.875	0.0	0.006039
117.0	0.0	0.006033
117.125	0.0	0.006027
117.25	0.0	0.006022
117.375	0.0	0.006016
117.5	0.0	0.00601
117.625	0.0	0.006005
117.75	0.0	0.005999
117.875	0.0	0.005993
118.0	0.0	0.005988
118.125	0.0	0.005982
118.25	0.0	0.005976
118.375	0.0	0.005971
118.5	0.0	0.005965
118.625	0.0	0.005959
118.75	0.0	0.005954
118.875	0.0	0.005948
119.0	0.0	0.005943
119.125	0.0	0.005937
119.25	0.0	0.005932
119.375	0.0	0.005926
119.5	0.0	0.005921
119.625	0.0	0.005915
119.75	0.0	0.00591
119.875	0.0	0.005904
120.0	0.0	0.005899
120.125	0.0	0.005893
120.25	0.0	0.005888
120.375	0.0	0.005882
120.5	0.0	0.005877
120.625	0.0	0.005871
120.75	0.0	0.005866
120.875	0.0	0.00586
121.0	0.0	0.005855
121.125	0.0	0.00585
121.25	0.0	0.005844
121.375	0.0	0.005839
121.5	0.0	0.005834
121.625	0.0	0.005828
121.75	0.0	0.005823
121.875	0.0	0.005817
122.0	0.0	0.005812
122.125	0.0	0.005807
122.25	0.0	0.005802
122.375	0.0	0.005796
122.5	0.0	0.005791
122.625	0.0	0.005786
122.75	0.0	0.00578
122.875	0.0	0.005775
123.0	0.0	0.00577
123.125	0.0	0.005765
123.25	0.0	0.005759
123.375	0.0	0.005754
123.5	0.0	0.005749
123.625	0.0	0.005744
123.75	0.0	0.005739
123.875	0.0	0.005733
124.0	0.0	0.005728
124.125	0.0	0.005723
124.25	0.0	0.005718
124.375	0.0	0.005713
124.5	0.0	0.005708
124.625	0.0	0.005703
124.75	0.0	0.005697
124.875	0.0	0.005692
125.0	0.0	0.005687
125.125	0.0	0.005682
125.25	0.0	0.005677
125.375	0.0	0.005672
125.5	0.0	0.005667
125.625	0.0	0.005662
125.75	0.0	0.005657
125.875	0.0	0.005652
126.0	0.0	0.005647
126.125	0.0	0.005642
126.25	0.0	0.005637
126.375	0.0	0.005632
126.5	0.0	0.005627
126.625	0.0	0.005622
126.75	0.0	0.005617
126.875	0.0	0.005612
127.0	0.0	0.005607
127.125	0.0	0.005602
127.25	0.0	0.005597
127.375	0.0	0.005592
127.5	0.0	0.005587
127.625	0.0	0.005582
127.75	0.0	0.005577
127.875	0.0	0.005572
128.0	0.0	0.005567
128.125	0.0	0.005563
128.25	0.0	0.005558
128.375	0.0	0.005553
128.5	0.0	0.005548
128.625	0.0	0.005543
128.75	0.0	0.005538
128.875	0.0	0.005533
129.0	0.0	0.005529
129.125	0.0	0.005524
129.25	0.0	0.005519
129.375	0.0	0.005514
129.5	0.0	0.005509
129.625	0.0	0.005505
129.75	0.0	0.0055
129.875	0.0	0.005495
130.0	0.0	0.00549
130.125	0.0	0.005486
130.25	0.0	0.005481
130.375	0.0	0.005476
130.5	0.0	0.005471
130.625	0.0	0.005467
130.75	0.0	0.005462
130.875	0.0	0.005457
131.0	0.0	0.005453
131.125	0.0	0.005448
131.25	0.0	0.005443
131.375	0.0	0.005438
131.5	0.0	0.005434
131.625	0.0	0.005429
131.75	0.0	0.005425
131.875	0.0	0.00542
132.0	0.0	0.005415
132.125	0.0	0.005411
132.25	0.0	0.005406
132.375	0.0	0.005401
132.5	0.0	0.005397
132.625	0.0	0.005392
132.75	0.0	0.005388
132.875	0.0	0.005383
133.0	0.0	0.005378
133.125	0.0	0.005374
133.25	0.0	0.005369
133.375	0.0	0.005365
133.5	0.0	0.00536
133.625	0.0	0.005356
133.75	0.0	0.005351
133.875	0.0	0.005347
134.0	0.0	0.005342
134.125	0.0	0.005338
134.25	0.0	0.005333
134.375	0.0	0.005329
134.5	0.0	0.005324
134.625	0.0	0.00532
134.75	0.0	0.005315
134.875	0.0	0.005311
135.0	0.0	0.005306
135.125	0.0	0.005302
135.25	0.0	0.005297
135.375	0.0	0.005293
135.5	0.0	0.005288
135.625	0.0	0.005284
135.75	0.0	0.00528
135.875	0.0	0.005275
136.0	0.0	0.005271
136.125	0.0	0.005266
136.25	0.0	0.005262
136.375	0.0	0.005257
136.5	0.0	0.005253
136.625	0.0	0.005249
136.75	0.0	0.005244
136.875	0.0	0.00524
137.0	0.0	0.005236
137.125	0.0	0.005231
137.25	0.0	0.005227
137.375	0.0	0.005223
137.5	0.0	0.005218
137.625	0.0	0.005214
137.75	0.0	0.00521
137.875	0.0	0.005205
138.0	0.0	0.005201
138.125	0.0	0.005197
138.25	0.0	0.005192
138.375	0.0	0.005188
138.5	0.0	0.005184
138.625	0.0	0.00518
138.75	0.0	0.005175
138.875	0.0	0.005171
139.0	0.0	0.005167
139.125	0.0	0.005163
139.25	0.0	0.005158
139.375	0.0	0.005154
139.5	0.0	0.00515
139.625	0.0	0.005146
139.75	0.0	0.005142
139.875	0.0	0.005137
140.0	0.0	0.005133
140.125	0.0	0.005129
140.25	0.0	0.005125
140.375	0.0	0.005121
140.5	0.0	0.005116
140.625	0.0	0.005112
140.75	0.0	0.005108
140.875	0.0	0.005104
141.0	0.0	0.0051
141.125	0.0	0.005096
141.25	0.0	0.005091
141.375	0.0	0.005087
141.5	0.0	0.005083
141.625	0.0	0.005079
141.75	0.0	0.005075
141.875	0.0	0.005071
142.0	0.0	0.005067
142.125	0.0	0.005063
142.25	0.0	0.005059
142.375	0.0	0.005054
142.5	0.0	0.00505
142.625	0.0	0.005046
142.75	0.0	0.005042
142.875	0.0	0.005038
143.0	0.0	0.005034
143.125	0.0	0.00503
143.25	0.0	0.005026
143.375	0.0	0.005022
143.5	0.0	0.005018
143.625	0.0	0.005014
143.75	0.0	0.00501
143.875	0.0	0.005006
144.0	0.0	0.005002
144.125	0.0	0.004998
144.25	0.0	0.004994
144.375	0.0	0.00499
144.5	0.0	0.004986
144.625	0.0	0.004982
144.75	0.0	0.004978
144.875	0.0	0.004974
145.0	0.0	0.00497
145.125	0.0	0.004966
145.25	0.0	0.004962
145.375	0.0	0.004958
145.5	0.0	0.004954
145.625	0.0	0.00495
145.75	0.0	0.004946
145.875	0.0	0.004942
146.0	0.0	0.004938
146.125	0.0	0.004934
146.25	0.0	0.004931
146.375	0.0	0.004927
146.5	0.0	0.004923
146.625	0.0	0.004919
146.75	0.0	0.004915
146.875	0.0	0.004911
147.0	0.0	0.004907
147.125	0.0	0.004903
147.25	0.0	0.004899
147.375	0.0	0.004896
147.5	0.0	0.004892
147.625	0.0	0.004888
147.75	0.0	0.004884
147.875	0.0	0.00488
148.0	0.0	0.004876
148.125	0.0	0.004873
148.25	0.0	0.004869
148.375	0.0	0.004865
148.5	0.0	0.004861
148.625	0.0	0.004857
148.75	0.0	0.004853
148.875	0.0	0.00485
149.0	0.0	0.004846
149.125	0.0	0.004842
149.25	0.0	0.004838
149.375	0.0	0.004834
149.5	0.0	0.004831
149.625	0.0	0.004827
149.75	0.0	0.004823
149.875	0.0	0.004819
150.0	0.0	0.004816
150.125	0.0	0.004812
150.25	0.0	0.004808
150.375	0.0	0.004804
150.5	0.0	0.004801
150.625	0.0	0.004797
150.75	0.0	0.004793
150.875	0.0	0.004789
151.0	0.0	0.004786
151.125	0.0	0.004782
151.25	0.0	0.004778
151.375	0.0	0.004775
151.5	0.0	0.004771
151.625	0.0	0.004767
151.75	0.0	0.004763
151.875	0.0	0.00476
152.0	0.0	0.004756
152.125	0.0	0.004752
152.25	0.0	0.004749
152.375	0.0	0.004745
152.5	0.0	0.004741
152.625	0.0	0.004738
152.75	0.0	0.004734
152.875	0.0	0.00473
153.0	0.0	0.004727
153.125	0.0	0.004723
153.25	0.0	0.00472
153.375	0.0	0.004716
153.5	0.0	0.004712
153.625	0.0	0.004709
153.75	0.0	0.004705
153.875	0.0	0.004701
154.0	0.0	0.004698
154.125	0.0	0.004694
154.25	0.0	0.004691
154.375	0.0	0.004687
154.5	0.0	0.004683
154.625	0.0	0.00468
154.75	0.0	0.004676
154.875	0.0	0.004673
155.0	0.0	0.004669
155.125	0.0	0.004666
155.25	0.0	0.004662
155.375	0.0	0.004658
155.5	0.0	0.004655
155.625	0.0	0.004651
155.75	0.0	0.004648
155.875	0.0	0.004644
156.0	0.0	0.004641
156.125	0.0	0.004637
156.25	0.0	0.004634
156.375	0.0	0.00463
156.5	0.0	0.004627
156.625	0.0	0.004623
156.75	0.0	0.004619
156.875	0.0	0.004616
157.0	0.0	0.004612
157.125	0.0	0.004609
157.25	0.0	0.004605
157.375	0.0	0.004602
157.5	0.0	0.004598
157.625	0.0	0.004595
157.75	0.0	0.004592
157.875	0.0	0.004588
158.0	0.0	0.004585
158.125	0.0	0.004581
158.25	0.0	0.004578
158.375	0.0	0.004574
158.5	0.0	0.004571
158.625	0.0	0.004567
158.75	0.0	0.004564
158.875	0.0	0.00456
159.0	0.0	0.004557
159.125	0.0	0.004553
159.25	0.0	0.00455
159.375	0.0	0.004547
159.5	0.0	0.004543
159.625	0.0	0.00454
159.75	0.0	0.004536
159.875	0.0	0.004533
160.0	0.0	0.00453
160.125	0.0	0.004526
160.25	0.0	0.004523
160.375	0.0	0.004519
160.5	0.0	0.004516
160.625	0.0	0.004513
160.75	0.0	0.004509
160.875	0.0	0.004506
161.0	0.0	0.004502
161.125	0.0	0.004499
161.25	0.0	0.004496
161.375	0.0	0.004492
161.5	0.0	0.004489
161.625	0.0	0.004486
161.75	0.0	0.004482
161.875	0.0	0.004479
162.0	0.0	0.004476
162.125	0.0	0.004472
162.25	0.0	0.004469
162.375	0.0	0.004466
162.5	0.0	0.004462
162.625	0.0	0.004459
162.75	0.0	0.004456
162.875	0.0	0.004452
163.0	0.0	0.004449
163.125	0.0	0.004446
163.25	0.0	0.004442
163.375	0.0	0.004439
163.5	0.0	0.004436
163.625	0.0	0.004432
163.75	0.0	0.004429
163.875	0.0	0.004426
164.0	0.0	0.004422
164.125	0.0	0.004419
164.25	0.0	0.004416
164.375	0.0	0.004413
164.5	0.0	0.004409
164.625	0.0	0.004406
164.75	0.0	0.004403
164.875	0.0	0.0044
165.0	0.0	0.004396
165.125	0.0	0.004393
165.25	0.0	0.00439
165.375	0.0	0.004387
165.5	0.0	0.004383
165.625	0.0	0.00438
165.75	0.0	0.004377
165.875	0.0	0.004374
166.0	0.0	0.00437
166.125	0.0	0.004367
166.25	0.0	0.004364
166.375	0.0	0.004361
166.5	0.0	0.004357
166.625	0.0	0.004354
166.75	0.0	0.004351
166.875	0.0	0.004348
167.0	0.0	0.004345
167.125	0.0	0.004341
167.25	0.0	0.004338
167.375	0.0	0.004335
167.5	0.0	0.004332
167.625	0.0	0.004329
167.75	0.0	0.004325
167.875	0.0	0.004322
168.0	0.0	0.004319
168.125	0.0	0.004316
168.25	0.0	0.004313
168.375	0.0	0.00431
168.5	0.0	0.004306
168.625	0.0	0.004303
168.75	0.0	0.0043
168.875	0.0	0.004297
169.0	0.0	0.004294
169.125	0.0	0.004291
169.25	0.0	0.004287
169.375	0.0	0.004284
169.5	0.0	0.004281
169.625	0.0	0.004278
169.75	0.0	0.004275
169.875	0.0	0.004272
170.0	0.0	0.004269
170.125	0.0	0.004266
170.25	0.0	0.004262
170.375	0.0	0.004259
170.5	0.0	0.004256
170.625	0.0	0.004253
170.75	0.0	0.00425
170.875	0.0	0.004247
171.0	0.0	0.004244
171.125	0.0	0.004241
171.25	0.0	0.004238
171.375	0.0	0.004234
171.5	0.0	0.004231
171.625	0.0	0.004228
171.75	0.0	0.004225
171.875	0.0	0.004222
172.0	0.0	0.004219
172.125	0.0	0.004216
172.25	0.0	0.004213
172.375	0.0	0.00421
172.5	0.0	0.004207
172.625	0.0	0.004204
172.75	0.0	0.004201
172.875	0.0	0.004198
173.0	0.0	0.004195
173.125	0.0	0.004191
173.25	0.0	0.004188
173.375	0.0	0.004185
173.5	0.0	0.004182
173.625	0.0	0.004179
173.75	0.0	0.004176
173.875	0.0	0.004173
174.0	0.0	0.00417
174.125	0.0	0.004167
174.25	0.0	0.004164
174.375	0.0	0.004161
174.5	0.0	0.004158
174.625	0.0	0.004155
174.75	0.0	0.004152
174.875	0.0	0.004149
175.0	0.0	0.004146
175.125	0.0	0.004143
175.25	0.0	0.00414
175.375	0.0	0.004137
175.5	0.0	0.004134
175.625	0.0	0.004131
175.75	0.0	0.004128
175.875	0.0	0.004125
176.0	0.0	0.004122
176.125	0.0	0.004119
176.25	0.0	0.004116
176.375	0.0	0.004113
176.5	0.0	0.00411
176.625	0.0	0.004107
176.75	0.0	0.004104
176.875	0.0	0.004101
177.0	0.0	0.004098
177.125	0.0	0.004095
177.25	0.0	0.004092
177.375	0.0	0.004089
177.5	0.0	0.004087
177.625	0.0	0.004084
177.75	0.0	0.004081
177.875	0.0	0.004078
178.0	0.0	0.004075
178.125	0.0	0.004072
178.25	0.0	0.004069
178.375	0.0	0.004066
178.5	0.0	0.004063
178.625	0.0	0.00406
178.75	0.0	0.004057
178.875	0.0	0.004054
179.0	0.0	0.004051
179.125	0.0	0.004048
179.25	0.0	0.004045
179.375	0.0	0.004043
179.5	0.0	0.00404
179.625	0.0	0.004037
179.75	0.0	0.004034
179.875	0.0	0.004031
180.0	0.0	0.004028
180.125	0.0	0.004025
180.25	0.0	0.004022
180.375	0.0	0.004019
180.5	0.0	0.004016
180.625	0.0	0.004014
180.75	0.0	0.004011
180.875	0.0	0.004008
181.0	0.0	0.004005
181.125	0.0	0.004002
181.25	0.0	0.003999
181.375	0.0	0.003996
181.5	0.0	0.003993
181.625	0.0	0.003991
181.75	0.0	0.003988
181.875	0.0	0.003985
182.0	0.0	0.003982
182.125	0.0	0.003979
182.25	0.0	0.003976
182.375	0.0	0.003973
182.5	0.0	0.003971
182.625	0.0	0.003968
182.75	0.0	0.003965
182.875	0.0	0.003962
183.0	0.0	0.003959
183.125	0.0	0.003956
183.25	0.0	0.003953
183.375	0.0	0.003951
183.5	0.0	0.003948
183.625	0.0	0.003945
183.75	0.0	0.003942
183.875	0.0	0.003939
184.0	0.0	0.003937
184.125	0.0	0.003934
184.25	0.0	0.003931
184.375	0.0	0.003928
184.5	0.0	0.003925
184.625	0.0	0.003922
184.75	0.0	0.00392
184.875	0.0	0.003917
185.0	0.0	0.003914
185.125	0.0	0.003911
185.25	0.0	0.003908
185.375	0.0	0.003906
185.5	0.0	0.003903
185.625	0.0	0.0039
185.75	0.0	0.003897
185.875	0.0	0.003894
186.0	0.0	0.003892
186.125	0.0	0.003889
186.25	0.0	0.003886
186.375	0.0	0.003883
186.5	0.0	0.003881
186.625	0.0	0.003878
186.75	0.0	0.003875
186.875	0.0	0.003872
187.0	0.0	0.00387
187.125	0.0	0.003867
187.25	0.0	0.003864
187.375	0.0	0.003861
187.5	0.0	0.003858
187.625	0.0	0.003856
187.75	0.0	0.003853
187.875	0.0	0.00385
188.0	0.0	0.003847
188.125	0.0	0.003845
188.25	0.0	0.003842
188.375	0.0	0.003839
188.5	0.0	0.003836
188.625	0.0	0.003834
188.75	0.0	0.003831
188.875	0.0	0.003828
189.0	0.0	0.003826
189.125	0.0	0.003823
189.25	0.0	0.00382
189.375	0.0	0.003817
189.5	0.0	0.003815
189.625	0.0	0.003812
189.75	0.0	0.003809
189.875	0.0	0.003806
190.0	0.0	0.003804
190.125	0.0	0.003801
190.25	0.0	0.003798
190.375	0.0	0.003796
190.5	0.0	0.003793
190.625	0.0	0.00379
190.75	0.0	0.003787
190.875	0.0	0.003785
191.0	0.0	0.003782
191.125	0.0	0.003779
191.25	0.0	0.003777
191.375	0.0	0.003774
191.5	0.0	0.003771
191.625	0.0	0.003769
191.75	0.0	0.003766
191.875	0.0	0.003763
192.0	0.0	0.003761
192.125	0.0	0.003758
192.25	0.0	0.003755
192.375	0.0	0.003753
192.5	0.0	0.00375
192.625	0.0	0.003747
192.75	0.0	0.003745
192.875	0.0	0.003742
193.0	0.0	0.003739
193.125	0.0	0.003737
193.25	0.0	0.003734
193.375	0.0	0.003731
193.5	0.0	0.003729
193.625	0.0	0.003726
193.75	0.0	0.003723
193.875	0.0	0.003721
194.0	0.0	0.003718
194.125	0.0	0.003715
194.25	0.0	0.003713
194.375	0.0	0.00371
194.5	0.0	0.003707
194.625	0.0	0.003705
194.75	0.0	0.003702
194.875	0.0	0.003699
195.0	0.0	0.003697
195.125	0.0	0.003694
195.25	0.0	0.003691
195.375	0.0	0.003689
195.5	0.0	0.003686
195.625	0.0	0.003684
195.75	0.0	0.003681
195.875	0.0	0.003678
196.0	0.0	0.003676
196.125	0.0	0.003673
196.25	0.0	0.00367
196.375	0.0	0.003668
196.5	0.0	0.003665
196.625	0.0	0.003663
196.75	0.0	0.00366
196.875	0.0	0.003657
197.0	0.0	0.003655
197.125	0.0	0.003652
197.25	0.0	0.00365
197.375	0.0	0.003647
197.5	0.0	0.003644
197.625	0.0	0.003642
197.75	0.0	0.003639
197.875	0.0	0.003637
198.0	0.0	0.003634
198.125	0.0	0.003631
198.25	0.0	0.003629
198.375	0.0	0.003626
198.5	0.0	0.003624
198.625	0.0	0.003621
198.75	0.0	0.003618
198.875	0.0	0.003616
199.0	0.0	0.003613
199.125	0.0	0.003611
199.25	0.0	0.003608
199.375	0.0	0.003606
199.5	0.0	0.003603
199.625	0.0	0.0036
199.75	0.0	0.003598
199.875	0.0	0.003595
200.0	0.0	0.003593
200.125	0.0	0.00359
200.25	0.0	0.003588
200.375	0.0	0.003585
200.5	0.0	0.003582
200.625	0.0	0.00358
200.75	0.0	0.003577
200.875	0.0	0.003575
201.0	0.0	0.003572
201.125	0.0	0.00357
201.25	0.0	0.003567
201.375	0.0	0.003565
201.5	0.0	0.003562
201.625	0.0	0.003559
201.75	0.0	0.003557
201.875	0.0	0.003554
202.0	0.0	0.003552
202.125	0.0	0.003549
202.25	0.0	0.003547
202.375	0.0	0.003544
202.5	0.0	0.003542
202.625	0.0	0.003539
202.75	0.0	0.003537
202.875	0.0	0.003534
203.0	0.0	0.003532
203.125	0.0	0.003529
203.25	0.0	0.003527
203.375	0.0	0.003524
203.5	0.0	0.003521
203.625	0.0	0.003519
203.75	0.0	0.003516
203.875	0.0	0.003514
204.0	0.0	0.003511
204.125	0.0	0.003509
204.25	0.0	0.003506
204.375	0.0	0.003504
204.5	0.0	0.003501
204.625	0.0	0.003499
204.75	0.0	0.003496
204.875	0.0	0.003494
205.0	0.0	0.003491
205.125	0.0	0.003489
205.25	0.0	0.003486
205.375	0.0	0.003484
205.5	0.0	0.003481
205.625	0.0	0.003479
205.75	0.0	0.003476
205.875	0.0	0.003474
206.0	0.0	0.003471
206.125	0.0	0.003469
206.25	0.0	0.003466
206.375	0.0	0.003464
206.5	0.0	0.003461
206.625	0.0	0.003459
206.75	0.0	0.003456
206.875	0.0	0.003454
207.0	0.0	0.003451
207.125	0.0	0.003449
207.25	0.0	0.003446
207.375	0.0	0.003444
207.5	0.0	0.003442
207.625	0.0	0.003439
207.75	0.0	0.003437
207.875	0.0	0.003434
208.0	0.0	0.003432
208.125	0.0	0.003429
208.25	0.0	0.003427
208.375	0.0	0.003424
208.5	0.0	0.003422
208.625	0.0	0.003419
208.75	0.0	0.003417
208.875	0.0	0.003414
209.0	0.0	0.003412
209.125	0.0	0.003409
209.25	0.0	0.003407
209.375	0.0	0.003405
209.5	0.0	0.003402
209.625	0.0	0.0034
209.75	0.0	0.003397
209.875	0.0	0.003395
210.0	0.0	0.003392
210.125	0.0	0.00339
210.25	0.0	0.003387
210.375	0.0	0.003385
210.5	0.0	0.003383
210.625	0.0	0.00338
210.75	0.0	0.003378
210.875	0.0	0.003375
211.0	0.0	0.003373
211.125	0.0	0.00337
211.25	0.0	0.003368
211.375	0.0	0.003365
211.5	0.0	0.003363
211.625	0.0	0.003361
211.75	0.0	0.003358
211.875	0.0	0.003356
212.0	0.0	0.003353
212.125	0.0	0.003351
212.25	0.0	0.003348
212.375	0.0	0.003346
212.5	0.0	0.003344
212.625	0.0	0.003341
212.75	0.0	0.003339
212.875	0.0	0.003336
213.0	0.0	0.003334
213.125	0.0	0.003332
213.25	0.0	0.003329
213.375	0.0	0.003327
213.5	0.0	0.003324
213.625	0.0	0.003322
213.75	0.0	0.003319
213.875	0.0	0.003317
214.0	0.0	0.003315
214.125	0.0	0.003312
214.25	0.0	0.00331
214.375	0.0	0.003307
214.5	0.0	0.003305
214.625	0.0	0.003303
214.75	0.0	0.0033
214.875	0.0	0.003298
215.0	0.0	0.003295
215.125	0.0	0.003293
215.25	0.0	0.003291
215.375	0.0	0.003288
215.5	0.0	0.003286
215.625	0.0	0.003283
215.75	0.0	0.003281
215.875	0.0	0.003279
216.0	0.0	0.003276
216.125	0.0	0.003274
216.25	0.0	0.003271
216.375	0.0	0.003269
216.5	0.0	0.003267
216.625	0.0	0.003264
216.75	0.0	0.003262
216.875	0.0	0.00326
217.0	0.0	0.003257
217.125	0.0	0.003255
217.25	0.0	0.003252
217.375	0.0	0.00325
217.5	0.0	0.003248
217.625	0.0	0.003245
217.75	0.0	0.003243
217.875	0.0	0.003241
218.0	0.0	0.003238
218.125	0.0	0.003236
218.25	0.0	0.003233
218.375	0.0	0.003231
218.5	0.0	0.003229
218.625	0.0	0.003226
218.75	0.0	0.003224
218.875	0.0	0.003222
219.0	0.0	0.003219
219.125	0.0	0.003217
219.25	0.0	0.003214
219.375	0.0	0.003212
219.5	0.0	0.00321
219.625	0.0	0.003207
219.75	0.0	0.003205
219.875	0.0	0.003203
220.0	0.0	0.0032
220.125	0.0	0.003198
220.25	0.0	0.003196
220.375	0.0	0.003193
220.5	0.0	0.003191
220.625	0.0	0.003189
220.75	0.0	0.003186
220.875	0.0	0.003184
221.0	0.0	0.003182
221.125	0.0	0.003179
221.25	0.0	0.003177
221.375	0.0	0.003175
221.5	0.0	0.003172
221.625	0.0	0.00317
221.75	0.0	0.003167
221.875	0.0	0.003165
222.0	0.0	0.003163
222.125	0.0	0.00316
222.25	0.0	0.003158
222.375	0.0	0.003156
222.5	0.0	0.003153
222.625	0.0	0.003151
222.75	0.0	0.003149
222.875	0.0	0.003146
223.0	0.0	0.003144
223.125	0.0	0.003142
223.25	0.0	0.003139
223.375	0.0	0.003137
223.5	0.0	0.003135
223.625	0.0	0.003132
223.75	0.0	0.00313
223.875	0.0	0.003128
224.0	0.0	0.003125
224.125	0.0	0.003123
224.25	0.0	0.003121
224.375	0.0	0.003119
224.5	0.0	0.003116
224.625	0.0	0.003114
224.75	0.0	0.003112
224.875	0.0	0.003109
225.0	0.0	0.003107
225.125	0.0	0.003105
225.25	0.0	0.003102
225.375	0.0	0.0031
225.5	0.0	0.003098
225.625	0.0	0.003095
225.75	0.0	0.003093
225.875	0.0	0.003091
226.0	0.0	0.003088
226.125	0.0	0.003086
226.25	0.0	0.003084
226.375	0.0	0.003082
226.5	0.0	0.003079
226.625	0.0	0.003077
226.75	0.0	0.003075
226.875	0.0	0.003072
227.0	0.0	0.00307
227.125	0.0	0.003068
227.25	0.0	0.003065
227.375	0.0	0.003063
227.5	0.0	0.003061
227.625	0.0	0.003058
227.75	0.0	0.003056
227.875	0.0	0.003054
228.0	0.0	0.003052
228.125	0.0	0.003049
228.25	0.0	0.003047
228.375	0.0	0.003045
228.5	0.0	0.003042
228.625	0.0	0.00304
228.75	0.0	0.003038
228.875	0.0	0.003036
229.0	0.0	0.003033
229.125	0.0	0.003031
229.25	0.0	0.003029
229.375	0.0	0.003026
229.5	0.0	0.003024
229.625	0.0	0.003022
229.75	0.0	0.00302
229.875	0.0	0.003017
230.0	0.0	0.003015
230.125	0.0	0.003013
230.25	0.0	0.00301
230.375	0.0	0.003008
230.5	0.0	0.003006
230.625	0.0	0.003004
230.75	0.0	0.003001
230.875	0.0	0.002999
231.0	0.0	0.002997
231.125	0.0	0.002994
231.25	0.0	0.002992
231.375	0.0	0.00299
231.5	0.0	0.002988
231.625	0.0	0.002985
231.75	0.0	0.002983
231.875	0.0	0.002981
232.0	0.0	0.002979
232.125	0.0	0.002976
232.25	0.0	0.002974
232.375	0.0	0.002972
232.5	0.0	0.002969
232.625	0.0	0.002967
232.75	0.0	0.002965
232.875	0.0	0.002963
233.0	0.0	0.00296
233.125	0.0	0.002958
233.25	0.0	0.002956
233.375	0.0	0.002954
233.5	0.0	0.002951
233.625	0.0	0.002949
233.75	0.0	0.002947
233.875	0.0	0.002945
234.0	0.0	0.002942
234.125	0.0	0.00294
234.25	0.0	0.002938
234.375	0.0	0.002935
234.5	0.0	0.002933
234.625	0.0	0.002931
234.75	0.0	0.002929
234.875	0.0	0.002926
235.0	0.0	0.002924
235.125	0.0	0.002922
235.25	0.0	0.00292
235.375	0.0	0.002917
235.5	0.0	0.002915
235.625	0.0	0.002913
235.75	0.0	0.002911
235.875	0.0	0.002908
236.0	0.0	0.002906
236.125	0.0	0.002904
236.25	0.0	0.002902
236.375	0.0	0.002899
236.5	0.0	0.002897
236.625	0.0	0.002895
236.75	0.0	0.002893
236.875	0.0	0.00289
237.0	0.0	0.002888
237.125	0.0	0.002886
237.25	0.0	0.002884
237.375	0.0	0.002881
237.5	0.0	0.002879
237.625	0.0	0.002877
237.75	0.0	0.002875
237.875	0.0	0.002872
238.0	0.0	0.00287
238.125	0.0	0.002868
238.25	0.0	0.002866
238.375	0.0	0.002864
238.5	0.0	0.002861
238.625	0.0	0.002859
238.75	0.0	0.002857
238.875	0.0	0.002855
239.0	0.0	0.002852
239.125	0.0	0.00285
239.25	0.0	0.002848
239.375	0.0	0.002846
239.5	0.0	0.002843
239.625	0.0	0.002841
239.75	0.0	0.002839
239.875	0.0	0.002837
240.0	0.0	0.002834
240.125	0.0	0.002832
240.25	0.0	0.00283
240.375	0.0	0.002828
240.5	0.0	0.002826
240.625	0.0	0.002823
240.75	0.0	0.002821
240.875	0.0	0.002819
241.0	0.0	0.002817
241.125	0.0	0.002814
241.25	0.0	0.002812
241.375	0.0	0.00281
241.5	0.0	0.002808
241.625	0.0	0.002806
241.75	0.0	0.002803
241.875	0.0	0.002801
242.0	0.0	0.002799
242.125	0.0	0.002797
242.25	0.0	0.002794
242.375	0.0	0.002792
242.5	0.0	0.00279
242.625	0.0	0.002788
242.75	0.0	0.002785
242.875	0.0	0.002783
243.0	0.0	0.002781
243.125	0.0	0.002779
243.25	0.0	0.002777
243.375	0.0	0.002774
243.5	0.0	0.002772
243.625	0.0	0.00277
243.75	0.0	0.002768
243.875	0.0	0.002766
244.0	0.0	0.002763
244.125	0.0	0.002761
244.25	0.0	0.002759
244.375	0.0	0.002757
244.5	0.0	0.002754
244.625	0.0	0.002752
244.75	0.0	0.00275
244.875	0.0	0.002748
245.0	0.0	0.002746
245.125	0.0	0.002743
245.25	0.0	0.002741
245.375	0.0	0.002739
245.5	0.0	0.002737
245.625	0.0	0.002735
245.75	0.0	0.002732
245.875	0.0	0.00273
246.0	0.0	0.002728
246.125	0.0	0.002726
246.25	0.0	0.002723
246.375	0.0	0.002721
246.5	0.0	0.002719
246.625	0.0	0.002717
246.75	0.0	0.002715
246.875	0.0	0.002712
247.0	0.0	0.00271
247.125	0.0	0.002708
247.25	0.0	0.002706
247.375	0.0	0.002704
247.5	0.0	0.002701
247.625	0.0	0.002699
247.75	0.0	0.002697
247.875	0.0	0.002695
248.0	0.0	0.002693
248.125	0.0	0.00269
248.25	0.0	0.002688
248.375	0.0	0.002686
248.5	0.0	0.002684
248.625	0.0	0.002682
248.75	0.0	0.002679
248.875	0.0	0.002677
249.0	0.0	0.002675
249.125	0.0	0.002673
249.25	0.0	0.002671
249.375	0.0	0.002668
249.5	0.0	0.002666
249.625	0.0	0.002664
249.75	0.0	0.002662
249.875	0.0	0.00266
250.0	0.0	0.002657
250.125	0.0	0.002655
250.25	0.0	0.002653
250.375	0.0	0.002651
250.5	0.0	0.002649
250.625	0.0	0.002646
250.75	0.0	0.002644
250.875	0.0	0.002642
251.0	0.0	0.00264
251.125	0.0	0.002638
251.25	0.0	0.002635
251.375	0.0	0.002633
251.5	0.0	0.002631
251.625	0.0	0.002629
251.75	0.0	0.002627
251.875	0.0	0.002624
252.0	0.0	0.002622
252.125	0.0	0.00262
252.25	0.0	0.002618
252.375	0.0	0.002616
252.5	0.0	0.002613
252.625	0.0	0.002611
252.75	0.0	0.002609
252.875	0.0	0.002607
253.0	0.0	0.002605
253.125	0.0	0.002603
253.25	0.0	0.0026
253.375	0.0	0.002598
253.5	0.0	0.002596
253.625	0.0	0.002594
253.75	0.0	0.002592
253.875	0.0	0.002589
254.0	0.0	0.002587
254.125	0.0	0.002585
254.25	0.0	0.002583
254.375	0.0	0.002581
254.5	0.0	0.002578
254.625	0.0	0.002576
254.75	0.0	0.002574
254.875	0.0	0.002572
255.0	0.0	0.00257
255.125	0.0	0.002567
255.25	0.0	0.002565
255.375	0.0	0.002563
255.5	0.0	0.002561
255.625	0.0	0.002559
255.75	0.0	0.002557
255.875	0.0	0.002554
256.0	0.0	0.002552
256.125	0.0	0.00255
256.25	0.0	0.002548
256.375	0.0	0.002546
256.5	0.0	0.002543
256.625	0.0	0.002541
256.75	0.0	0.002539
256.875	0.0	0.002537
257.0	0.0	0.002535
257.125	0.0	0.002533
257.25	0.0	0.00253
257.375	0.0	0.002528
257.5	0.0	0.002526
257.625	0.0	0.002524
