-254.25	0.0	-0.00095
-254.125	0.0	-0.000949
-254.0	0.0	-0.000948
-253.875	0.0	-0.000947
-253.75	0.0	-0.000946
-253.625	0.0	-0.000945
-253.5	0.0	-0.000944
-253.375	0.0	-0.000944
-253.25	0.0	-0.000943
-253.125	0.0	-0.000942
-253.0	0.0	-0.000941
-252.875	0.0	-0.00094
-252.75	0.0	-0.000939
-252.625	0.0	-0.000938
-252.5	0.0	-0.000938
-252.375	0.0	-0.000937
-252.25	0.0	-0.000936
-252.125	0.0	-0.000935
-252.0	0.0	-0.000934
-251.875	0.0	-0.000933
-251.75	0.0	-0.000932
-251.625	0.0	-0.000932
-251.5	0.0	-0.000931
-251.375	0.0	-0.00093
-251.25	0.0	-0.000929
-251.125	0.0	-0.000928
-251.0	0.0	-0.000927
-250.875	0.0	-0.000927
-250.75	0.0	-0.000926
-250.625	0.0	-0.000925
-250.5	0.0	-0.000924
-250.375	0.0	-0.000923
-250.25	0.0	-0.000922
-250.125	0.0	-0.000922
-250.0	0.0	-0.000921
-249.875	0.0	-0.00092
-249.75	0.0	-0.000919
-249.625	0.0	-0.000918
-249.5	0.0	-0.000918
-249.375	0.0	-0.000917
-249.25	0.0	-0.000916
-249.125	0.0	-0.000915
-249.0	0.0	-0.000914
-248.875	0.0	-0.000914
-248.75	0.0	-0.000913
-248.625	0.0	-0.000912
-248.5	0.0	-0.000911
-248.375	0.0	-0.00091
-248.25	0.0	-0.00091
-248.125	0.0	-0.000909
-248.0	0.0	-0.000908
-247.875	0.0	-0.000907
-247.75	0.0	-0.000906
-247.625	0.0	-0.000906
-247.5	0.0	-0.000905
-247.375	0.0	-0.000904
-247.25	0.0	-0.000903
-247.125	0.0	-0.000903
-247.0	0.0	-0.000902
-246.875	0.0	-0.000901
-246.75	0.0	-0.0009
-246.625	0.0	-0.000899
-246.5	0.0	-0.000899
-246.375	0.0	-0.000898
-246.25	0.0	-0.000897
-246.125	0.0	-0.000896
-246.0	0.0	-0.000896
-245.875	0.0	-0.000895
-245.75	0.0	-0.000894
-245.625	0.0	-0.000893
-245.5	0.0	-0.000893
-245.375	0.0	-0.000892
-245.25	0.0	-0.000891
-245.125	0.0	-0.00089
-245.0	0.0	-0.00089
-244.875	0.0	-0.000889
-244.75	0.0	-0.000888
-244.625	0.0	-0.000887
-244.5	0.0	-0.000887
-244.375	0.0	-0.000886
-244.25	0.0	-0.000885
-244.125	0.0	-0.000884
-244.0	0.0	-0.000884
-243.875	0.0	-0.000883
-243.75	0.0	-0.000882
-243.625	0.0	-0.000882
-243.5	0.0	-0.000881
-243.375	0.0	-0.00088
-243.25	0.0	-0.000879
-243.125	0.0	-0.000879
-243.0	0.0	-0.000878
-242.875	0.0	-0.000877
-242.75	0.0	-0.000877
-242.625	0.0	-0.000876
-242.5	0.0	-0.000875
-242.375	0.0	-0.000874
-242.25	0.0	-0.000874
-242.125	0.0	-0.000873
-242.0	0.0	-0.000872
-241.875	0.0	-0.000872
-241.75	0.0	-0.000871
-241.625	0.0	-0.00087
-241.5	0.0	-0.000869
-241.375	0.0	-0.000869
-241.25	0.0	-0.000868
-241.125	0.0	-0.000867
-241.0	0.0	-0.000867
-240.875	0.0	-0.000866
-240.75	0.0	-0.000865
-240.625	0.0	-0.000865
-240.5	0.0	-0.000864
-240.375	0.0	-0.000863
-240.25	0.0	-0.000863
-240.125	0.0	-0.000862
-240.0	0.0	-0.000861
-239.875	0.0	-0.00086
-239.75	0.0	-0.00086
-239.625	0.0	-0.000859
-239.5	0.0	-0.000858
-239.375	0.0	-0.000858
-239.25	0.0	-0.000857
-239.125	0.0	-0.000856
-239.0	0.0	-0.000856
-238.875	0.0	-0.000855
-238.75	0.0	-0.000854
-238.625	0.0	-0.000854
-238.5	0.0	-0.000853
-238.375	0.0	-0.000852
-238.25	0.0	-0.000852
-238.125	0.0	-0.000851
-238.0	0.0	-0.00085
-237.875	0.0	-0.00085
-237.75	0.0	-0.000849
-237.625	0.0	-0.000849
-237.5	0.0	-0.000848
-237.375	0.0	-0.000847
-237.25	0.0	-0.000847
-237.125	0.0	-0.000846
-237.0	0.0	-0.000845
-236.875	0.0	-0.000845
-236.75	0.0	-0.000844
-236.625	0.0	-0.000843
-236.5	0.0	-0.000843
-236.375	0.0	-0.000842
-236.25	0.0	-0.000841
-236.125	0.0	-0.000841
-236.0	0.0	-0.00084
-235.875	0.0	-0.000839
-235.75	0.0	-0.000839
-235.625	0.0	-0.000838
-235.5	0.0	-0.000838
-235.375	0.0	-0.000837
-235.25	0.0	-0.000836
-235.125	0.0	-0.000836
-235.0	0.0	-0.000835
-234.875	0.0	-0.000834
-234.75	0.0	-0.000834
-234.625	0.0	-0.000833
-234.5	0.0	-0.000833
-234.375	0.0	-0.000832
-234.25	0.0	-0.000831
-234.125	0.0	-0.000831
-234.0	0.0	-0.00083
-233.875	0.0	-0.000829
-233.75	0.0	-0.000829
-233.625	0.0	-0.000828
-233.5	0.0	-0.000828
-233.375	0.0	-0.000827
-233.25	0.0	-0.000826
-233.125	0.0	-0.000826
-233.0	0.0	-0.000825
-232.875	0.0	-0.000825
-232.75	0.0	-0.000824
-232.625	0.0	-0.000823
-232.5	0.0	-0.000823
-232.375	0.0	-0.000822
-232.25	0.0	-0.000822
-232.125	0.0	-0.000821
-232.0	0.0	-0.00082
-231.875	0.0	-0.00082
-231.75	0.0	-0.000819
-231.625	0.0	-0.000819
-231.5	0.0	-0.000818
-231.375	0.0	-0.000817
-231.25	0.0	-0.000817
-231.125	0.0	-0.000816
-231.0	0.0	-0.000816
-230.875	0.0	-0.000815
-230.75	0.0	-0.000814
-230.625	0.0	-0.000814
-230.5	0.0	-0.000813
-230.375	0.0	-0.000813
-230.25	0.0	-0.000812
-230.125	0.0	-0.000812
-230.0	0.0	-0.000811
-229.875	0.0	-0.00081
-229.75	0.0	-0.00081
-229.625	0.0	-0.000809
-229.5	0.0	-0.000809
-229.375	0.0	-0.000808
-229.25	0.0	-0.000808
-229.125	0.0	-0.000807
-229.0	0.0	-0.000806
-228.875	0.0	-0.000806
-228.75	0.0	-0.000805
-228.625	0.0	-0.000805
-228.5	0.0	-0.000804
-228.375	0.0	-0.000804
-228.25	0.0	-0.000803
-228.125	0.0	-0.000802
-228.0	0.0	-0.000802
-227.875	0.0	-0.000801
-227.75	0.0	-0.000801
-227.625	0.0	-0.0008
-227.5	0.0	-0.0008
-227.375	0.0	-0.000799
-227.25	0.0	-0.000799
-227.125	0.0	-0.000798
-227.0	0.0	-0.000797
-226.875	0.0	-0.000797
-226.75	0.0	-0.000796
-226.625	0.0	-0.000796
-226.5	0.0	-0.000795
-226.375	0.0	-0.000795
-226.25	0.0	-0.000794
-226.125	0.0	-0.000794
-226.0	0.0	-0.000793
-225.875	0.0	-0.000792
-225.75	0.0	-0.000792
-225.625	0.0	-0.000791
-225.5	0.0	-0.000791
-225.375	0.0	-0.00079
-225.25	0.0	-0.00079
-225.125	0.0	-0.000789
-225.0	0.0	-0.000789
-224.875	0.0	-0.000788
-224.75	0.0	-0.000788
-224.625	0.0	-0.000787
-224.5	0.0	-0.000787
-224.375	0.0	-0.000786
-224.25	0.0	-0.000785
-224.125	0.0	-0.000785
-224.0	0.0	-0.000784
-223.875	0.0	-0.000784
-223.75	0.0	-0.000783
-223.625	0.0	-0.000783
-223.5	0.0	-0.000782
-223.375	0.0	-0.000782
-223.25	0.0	-0.000781
-223.125	0.0	-0.000781
-223.0	0.0	-0.00078
-222.875	0.0	-0.00078
-222.75	0.0	-0.000779
-222.625	0.0	-0.000779
-222.5	0.0	-0.000778
-222.375	0.0	-0.000778
-222.25	0.0	-0.000777
-222.125	0.0	-0.000777
-222.0	0.0	-0.000776
-221.875	0.0	-0.000776
-221.75	0.0	-0.000775
-221.625	0.0	-0.000775
-221.5	0.0	-0.000774
-221.375	0.0	-0.000773
-221.25	0.0	-0.000773
-221.125	0.0	-0.000772
-221.0	0.0	-0.000772
-220.875	0.0	-0.000771
-220.75	0.0	-0.000771
-220.625	0.0	-0.00077
-220.5	0.0	-0.00077
-220.375	0.0	-0.000769
-220.25	0.0	-0.000769
-220.125	0.0	-0.000768
-220.0	0.0	-0.000768
-219.875	0.0	-0.000767
-219.75	0.0	-0.000767
-219.625	0.0	-0.000766
-219.5	0.0	-0.000766
-219.375	0.0	-0.000765
-219.25	0.0	-0.000765
-219.125	0.0	-0.000764
-219.0	0.0	-0.000764
-218.875	0.0	-0.000763
-218.75	0.0	-0.000763
-218.625	0.0	-0.000762
-218.5	0.0	-0.000762
-218.375	0.0	-0.000761
-218.25	0.0	-0.000761
-218.125	0.0	-0.00076
-218.0	0.0	-0.00076
-217.875	0.0	-0.00076
-217.75	0.0	-0.000759
-217.625	0.0	-0.000759
-217.5	0.0	-0.000758
-217.375	0.0	-0.000758
-217.25	0.0	-0.000757
-217.125	0.0	-0.000757
-217.0	0.0	-0.000756
-216.875	0.0	-0.000756
-216.75	0.0	-0.000755
-216.625	0.0	-0.000755
-216.5	0.0	-0.000754
-216.375	0.0	-0.000754
-216.25	0.0	-0.000753
-216.125	0.0	-0.000753
-216.0	0.0	-0.000752
-215.875	0.0	-0.000752
-215.75	0.0	-0.000751
-215.625	0.0	-0.000751
-215.5	0.0	-0.00075
-215.375	0.0	-0.00075
-215.25	0.0	-0.000749
-215.125	0.0	-0.000749
-215.0	0.0	-0.000749
-214.875	0.0	-0.000748
-214.75	0.0	-0.000748
-214.625	0.0	-0.000747
-214.5	0.0	-0.000747
-214.375	0.0	-0.000746
-214.25	0.0	-0.000746
-214.125	0.0	-0.000745
-214.0	0.0	-0.000745
-213.875	0.0	-0.000744
-213.75	0.0	-0.000744
-213.625	0.0	-0.000743
-213.5	0.0	-0.000743
-213.375	0.0	-0.000742
-213.25	0.0	-0.000742
-213.125	0.0	-0.000742
-213.0	0.0	-0.000741
-212.875	0.0	-0.000741
-212.75	0.0	-0.00074
-212.625	0.0	-0.00074
-212.5	0.0	-0.000739
-212.375	0.0	-0.000739
-212.25	0.0	-0.000738
-212.125	0.0	-0.000738
-212.0	0.0	-0.000737
-211.875	0.0	-0.000737
-211.75	0.0	-0.000737
-211.625	0.0	-0.000736
-211.5	0.0	-0.000736
-211.375	0.0	-0.000735
-211.25	0.0	-0.000735
-211.125	0.0	-0.000734
-211.0	0.0	-0.000734
-210.875	0.0	-0.000733
-210.75	0.0	-0.000733
-210.625	0.0	-0.000733
-210.5	0.0	-0.000732
-210.375	0.0	-0.000732
-210.25	0.0	-0.000731
-210.125	0.0	-0.000731
-210.0	0.0	-0.00073
-209.875	0.0	-0.00073
-209.75	0.0	-0.000729
-209.625	0.0	-0.000729
-209.5	0.0	-0.000729
-209.375	0.0	-0.000728
-209.25	0.0	-0.000728
-209.125	0.0	-0.000727
-209.0	0.0	-0.000727
-208.875	0.0	-0.000726
-208.75	0.0	-0.000726
-208.625	0.0	-0.000726
-208.5	0.0	-0.000725
-208.375	0.0	-0.000725
-208.25	0.0	-0.000724
-208.125	0.0	-0.000724
-208.0	0.0	-0.000723
-207.875	0.0	-0.000723
-207.75	0.0	-0.000722
-207.625	0.0	-0.000722
-207.5	0.0	-0.000722
-207.375	0.0	-0.000721
-207.25	0.0	-0.000721
-207.125	0.0	-0.00072
-207.0	0.0	-0.00072
-206.875	0.0	-0.000719
-206.75	0.0	-0.000719
-206.625	0.0	-0.000719
-206.5	0.0	-0.000718
-206.375	0.0	-0.000718
-206.25	0.0	-0.000717
-206.125	0.0	-0.000717
-206.0	0.0	-0.000717
-205.875	0.0	-0.000716
-205.75	0.0	-0.000716
-205.625	0.0	-0.000715
-205.5	0.0	-0.000715
-205.375	0.0	-0.000714
-205.25	0.0	-0.000714
-205.125	0.0	-0.000714
-205.0	0.0	-0.000713
-204.875	0.0	-0.000713
-204.75	0.0	-0.000712
-204.625	0.0	-0.000712
-204.5	0.0	-0.000712
-204.375	0.0	-0.000711
-204.25	0.0	-0.000711
-204.125	0.0	-0.00071
-204.0	0.0	-0.00071
-203.875	0.0	-0.000709
-203.75	0.0	-0.000709
-203.625	0.0	-0.000709
-203.5	0.0	-0.000708
-203.375	0.0	-0.000708
-203.25	0.0	-0.000707
-203.125	0.0	-0.000707
-203.0	0.0	-0.000707
-202.875	0.0	-0.000706
-202.75	0.0	-0.000706
-202.625	0.0	-0.000705
-202.5	0.0	-0.000705
-202.375	0.0	-0.000705
-202.25	0.0	-0.000704
-202.125	0.0	-0.000704
-202.0	0.0	-0.000703
-201.875	0.0	-0.000703
-201.75	0.0	-0.000703
-201.625	0.0	-0.000702
-201.5	0.0	-0.000702
-201.375	0.0	-0.000701
-201.25	0.0	-0.000701
-201.125	0.0	-0.000701
-201.0	0.0	-0.0007
-200.875	0.0	-0.0007
-200.75	0.0	-0.000699
-200.625	0.0	-0.000699
-200.5	0.0	-0.000699
-200.375	0.0	-0.000698
-200.25	0.0	-0.000698
-200.125	0.0	-0.000697
-200.0	0.0	-0.000697
-199.875	0.0	-0.000697
-199.75	0.0	-0.000696
-199.625	0.0	-0.000696
-199.5	0.0	-0.000695
-199.375	0.0	-0.000695
-199.25	0.0	-0.000695
-199.125	0.0	-0.000694
-199.0	0.0	-0.000694
-198.875	0.0	-0.000693
-198.75	0.0	-0.000693
-198.625	0.0	-0.000693
-198.5	0.0	-0.000692
-198.375	0.0	-0.000692
-198.25	0.0	-0.000692
-198.125	0.0	-0.000691
-198.0	0.0	-0.000691
-197.875	0.0	-0.00069
-197.75	0.0	-0.00069
-197.625	0.0	-0.00069
-197.5	0.0	-0.000689
-197.375	0.0	-0.000689
-197.25	0.0	-0.000688
-197.125	0.0	-0.000688
-197.0	0.0	-0.000688
-196.875	0.0	-0.000687
-196.75	0.0	-0.000687
-196.625	0.0	-0.000687
-196.5	0.0	-0.000686
-196.375	0.0	-0.000686
-196.25	0.0	-0.000685
-196.125	0.0	-0.000685
-196.0	0.0	-0.000685
-195.875	0.0	-0.000684
-195.75	0.0	-0.000684
-195.625	0.0	-0.000684
-195.5	0.0	-0.000683
-195.375	0.0	-0.000683
-195.25	0.0	-0.000682
-195.125	0.0	-0.000682
-195.0	0.0	-0.000682
-194.875	0.0	-0.000681
-194.75	0.0	-0.000681
-194.625	0.0	-0.000681
-194.5	0.0	-0.00068
-194.375	0.0	-0.00068
-194.25	0.0	-0.000679
-194.125	0.0	-0.000679
-194.0	0.0	-0.000679
-193.875	0.0	-0.000678
-193.75	0.0	-0.000678
-193.625	0.0	-0.000678
-193.5	0.0	-0.000677
-193.375	0.0	-0.000677
-193.25	0.0	-0.000676
-193.125	0.0	-0.000676
-193.0	0.0	-0.000676
-192.875	0.0	-0.000675
-192.75	0.0	-0.000675
-192.625	0.0	-0.000675
-192.5	0.0	-0.000674
-192.375	0.0	-0.000674
-192.25	0.0	-0.000674
-192.125	0.0	-0.000673
-192.0	0.0	-0.000673
-191.875	0.0	-0.000672
-191.75	0.0	-0.000672
-191.625	0.0	-0.000672
-191.5	0.0	-0.000671
-191.375	0.0	-0.000671
-191.25	0.0	-0.000671
-191.125	0.0	-0.00067
-191.0	0.0	-0.00067
-190.875	0.0	-0.00067
-190.75	0.0	-0.000669
-190.625	0.0	-0.000669
-190.5	0.0	-0.000668
-190.375	0.0	-0.000668
-190.25	0.0	-0.000668
-190.125	0.0	-0.000667
-190.0	0.0	-0.000667
-189.875	0.0	-0.000667
-189.75	0.0	-0.000666
-189.625	0.0	-0.000666
-189.5	0.0	-0.000666
-189.375	0.0	-0.000665
-189.25	0.0	-0.000665
-189.125	0.0	-0.000665
-189.0	0.0	-0.000664
-188.875	0.0	-0.000664
-188.75	0.0	-0.000663
-188.625	0.0	-0.000663
-188.5	0.0	-0.000663
-188.375	0.0	-0.000662
-188.25	0.0	-0.000662
-188.125	0.0	-0.000662
-188.0	0.0	-0.000661
-187.875	0.0	-0.000661
-187.75	0.0	-0.000661
-187.625	0.0	-0.00066
-187.5	0.0	-0.00066
-187.375	0.0	-0.00066
-187.25	0.0	-0.000659
-187.125	0.0	-0.000659
-187.0	0.0	-0.000659
-186.875	0.0	-0.000658
-186.75	0.0	-0.000658
-186.625	0.0	-0.000658
-186.5	0.0	-0.000657
-186.375	0.0	-0.000657
-186.25	0.0	-0.000657
-186.125	0.0	-0.000656
-186.0	0.0	-0.000656
-185.875	0.0	-0.000656
-185.75	0.0	-0.000655
-185.625	0.0	-0.000655
-185.5	0.0	-0.000654
-185.375	0.0	-0.000654
-185.25	0.0	-0.000654
-185.125	0.0	-0.000653
-185.0	0.0	-0.000653
-184.875	0.0	-0.000653
-184.75	0.0	-0.000652
-184.625	0.0	-0.000652
-184.5	0.0	-0.000652
-184.375	0.0	-0.000651
-184.25	0.0	-0.000651
-184.125	0.0	-0.000651
-184.0	0.0	-0.00065
-183.875	0.0	-0.00065
-183.75	0.0	-0.00065
-183.625	0.0	-0.000649
-183.5	0.0	-0.000649
-183.375	0.0	-0.000649
-183.25	0.0	-0.000648
-183.125	0.0	-0.000648
-183.0	0.0	-0.000648
-182.875	0.0	-0.000647
-182.75	0.0	-0.000647
-182.625	0.0	-0.000647
-182.5	0.0	-0.000646
-182.375	0.0	-0.000646
-182.25	0.0	-0.000646
-182.125	0.0	-0.000645
-182.0	0.0	-0.000645
-181.875	0.0	-0.000645
-181.75	0.0	-0.000644
-181.625	0.0	-0.000644
-181.5	0.0	-0.000644
-181.375	0.0	-0.000643
-181.25	0.0	-0.000643
-181.125	0.0	-0.000643
-181.0	0.0	-0.000642
-180.875	0.0	-0.000642
-180.75	0.0	-0.000642
-180.625	0.0	-0.000641
-180.5	0.0	-0.000641
-180.375	0.0	-0.000641
-180.25	0.0	-0.00064
-180.125	0.0	-0.00064
-180.0	0.0	-0.00064
-179.875	0.0	-0.000639
-179.75	0.0	-0.000639
-179.625	0.0	-0.000639
-179.5	0.0	-0.000638
-179.375	0.0	-0.000638
-179.25	0.0	-0.000638
-179.125	0.0	-0.000638
-179.0	0.0	-0.000637
-178.875	0.0	-0.000637
-178.75	0.0	-0.000637
-178.625	0.0	-0.000636
-178.5	0.0	-0.000636
-178.375	0.0	-0.000636
-178.25	0.0	-0.000635
-178.125	0.0	-0.000635
-178.0	0.0	-0.000635
-177.875	0.0	-0.000634
-177.75	0.0	-0.000634
-177.625	0.0	-0.000634
-177.5	0.0	-0.000633
-177.375	0.0	-0.000633
-177.25	0.0	-0.000633
-177.125	0.0	-0.000632
-177.0	0.0	-0.000632
-176.875	0.0	-0.000632
-176.75	0.0	-0.000631
-176.625	0.0	-0.000631
-176.5	0.0	-0.000631
-176.375	0.0	-0.00063
-176.25	0.0	-0.00063
-176.125	0.0	-0.00063
-176.0	0.0	-0.00063
-175.875	0.0	-0.000629
-175.75	0.0	-0.000629
-175.625	0.0	-0.000629
-175.5	0.0	-0.000628
-175.375	0.0	-0.000628
-175.25	0.0	-0.000628
-175.125	0.0	-0.000627
-175.0	0.0	-0.000627
-174.875	0.0	-0.000627
-174.75	0.0	-0.000626
-174.625	0.0	-0.000626
-174.5	0.0	-0.000626
-174.375	0.0	-0.000625
-174.25	0.0	-0.000625
-174.125	0.0	-0.000625
-174.0	0.0	-0.000625
-173.875	0.0	-0.000624
-173.75	0.0	-0.000624
-173.625	0.0	-0.000624
-173.5	0.0	-0.000623
-173.375	0.0	-0.000623
-173.25	0.0	-0.000623
-173.125	0.0	-0.000622
-173.0	0.0	-0.000622
-172.875	0.0	-0.000622
-172.75	0.0	-0.000621
-172.625	0.0	-0.000621
-172.5	0.0	-0.000621
-172.375	0.0	-0.000621
-172.25	0.0	-0.00062
-172.125	0.0	-0.00062
-172.0	0.0	-0.00062
-171.875	0.0	-0.000619
-171.75	0.0	-0.000619
-171.625	0.0	-0.000619
-171.5	0.0	-0.000618
-171.375	0.0	-0.000618
-171.25	0.0	-0.000618
-171.125	0.0	-0.000617
-171.0	0.0	-0.000617
-170.875	0.0	-0.000617
-170.75	0.0	-0.000617
-170.625	0.0	-0.000616
-170.5	0.0	-0.000616
-170.375	0.0	-0.000616
-170.25	0.0	-0.000615
-170.125	0.0	-0.000615
-170.0	0.0	-0.000615
-169.875	0.0	-0.000614
-169.75	0.0	-0.000614
-169.625	0.0	-0.000614
-169.5	0.0	-0.000614
-169.375	0.0	-0.000613
-169.25	0.0	-0.000613
-169.125	0.0	-0.000613
-169.0	0.0	-0.000612
-168.875	0.0	-0.000612
-168.75	0.0	-0.000612
-168.625	0.0	-0.000611
-168.5	0.0	-0.000611
-168.375	0.0	-0.000611
-168.25	0.0	-0.000611
-168.125	0.0	-0.00061
-168.0	0.0	-0.00061
-167.875	0.0	-0.00061
-167.75	0.0	-0.000609
-167.625	0.0	-0.000609
-167.5	0.0	-0.000609
-167.375	0.0	-0.000608
-167.25	0.0	-0.000608
-167.125	0.0	-0.000608
-167.0	0.0	-0.000608
-166.875	0.0	-0.000607
-166.75	0.0	-0.000607
-166.625	0.0	-0.000607
-166.5	0.0	-0.000606
-166.375	0.0	-0.000606
-166.25	0.0	-0.000606
-166.125	0.0	-0.000606
-166.0	0.0	-0.000605
-165.875	0.0	-0.000605
-165.75	0.0	-0.000605
-165.625	0.0	-0.000604
-165.5	0.0	-0.000604
-165.375	0.0	-0.000604
-165.25	0.0	-0.000603
-165.125	0.0	-0.000603
-165.0	0.0	-0.000603
-164.875	0.0	-0.000603
-164.75	0.0	-0.000602
-164.625	0.0	-0.000602
-164.5	0.0	-0.000602
-164.375	0.0	-0.000601
-164.25	0.0	-0.000601
-164.125	0.0	-0.000601
-164.0	0.0	-0.000601
-163.875	0.0	-0.0006
-163.75	0.0	-0.0006
-163.625	0.0	-0.0006
-163.5	0.0	-0.000599
-163.375	0.0	-0.000599
-163.25	0.0	-0.000599
-163.125	0.0	-0.000599
-163.0	0.0	-0.000598
-162.875	0.0	-0.000598
-162.75	0.0	-0.000598
-162.625	0.0	-0.000597
-162.5	0.0	-0.000597
-162.375	0.0	-0.000597
-162.25	0.0	-0.000597
-162.125	0.0	-0.000596
-162.0	0.0	-0.000596
-161.875	0.0	-0.000596
-161.75	0.0	-0.000595
-161.625	0.0	-0.000595
-161.5	0.0	-0.000595
-161.375	0.0	-0.000595
-161.25	0.0	-0.000594
-161.125	0.0	-0.000594
-161.0	0.0	-0.000594
-160.875	0.0	-0.000593
-160.75	0.0	-0.000593
-160.625	0.0	-0.000593
-160.5	0.0	-0.000593
-160.375	0.0	-0.000592
-160.25	0.0	-0.000592
-160.125	0.0	-0.000592
-160.0	0.0	-0.000591
-159.875	0.0	-0.000591
-159.75	0.0	-0.000591
-159.625	0.0	-0.000591
-159.5	0.0	-0.00059
-159.375	0.0	-0.00059
-159.25	0.0	-0.00059
-159.125	0.0	-0.000589
-159.0	0.0	-0.000589
-158.875	0.0	-0.000589
-158.75	0.0	-0.000589
-158.625	0.0	-0.000588
-158.5	0.0	-0.000588
-158.375	0.0	-0.000588
-158.25	0.0	-0.000588
-158.125	0.0	-0.000587
-158.0	0.0	-0.000587
-157.875	0.0	-0.000587
-157.75	0.0	-0.000586
-157.625	0.0	-0.000586
-157.5	0.0	-0.000586
-157.375	0.0	-0.000586
-157.25	0.0	-0.000585
-157.125	0.0	-0.000585
-157.0	0.0	-0.000585
-156.875	0.0	-0.000584
-156.75	0.0	-0.000584
-156.625	0.0	-0.000584
-156.5	0.0	-0.000584
-156.375	0.0	-0.000583
-156.25	0.0	-0.000583
-156.125	0.0	-0.000583
-156.0	0.0	-0.000583
-155.875	0.0	-0.000582
-155.75	0.0	-0.000582
-155.625	0.0	-0.000582
-155.5	0.0	-0.000581
-155.375	0.0	-0.000581
-155.25	0.0	-0.000581
-155.125	0.0	-0.000581
-155.0	0.0	-0.00058
-154.875	0.0	-0.00058
-154.75	0.0	-0.00058
-154.625	0.0	-0.00058
-154.5	0.0	-0.000579
-154.375	0.0	-0.000579
-154.25	0.0	-0.000579
-154.125	0.0	-0.000578
-154.0	0.0	-0.000578
-153.875	0.0	-0.000578
-153.75	0.0	-0.000578
-153.625	0.0	-0.000577
-153.5	0.0	-0.000577
-153.375	0.0	-0.000577
-153.25	0.0	-0.000577
-153.125	0.0	-0.000576
-153.0	0.0	-0.000576
-152.875	0.0	-0.000576
-152.75	0.0	-0.000575
-152.625	0.0	-0.000575
-152.5	0.0	-0.000575
-152.375	0.0	-0.000575
-152.25	0.0	-0.000574
-152.125	0.0	-0.000574
-152.0	0.0	-0.000574
-151.875	0.0	-0.000574
-151.75	0.0	-0.000573
-151.625	0.0	-0.000573
-151.5	0.0	-0.000573
-151.375	0.0	-0.000573
-151.25	0.0	-0.000572
-151.125	0.0	-0.000572
-151.0	0.0	-0.000572
-150.875	0.0	-0.000571
-150.75	0.0	-0.000571
-150.625	0.0	-0.000571
-150.5	0.0	-0.000571
-150.375	0.0	-0.00057
-150.25	0.0	-0.00057
-150.125	0.0	-0.00057
-150.0	0.0	-0.00057
-149.875	0.0	-0.000569
-149.75	0.0	-0.000569
-149.625	0.0	-0.000569
-149.5	0.0	-0.000569
-149.375	0.0	-0.000568
-149.25	0.0	-0.000568
-149.125	0.0	-0.000568
-149.0	0.0	-0.000567
-148.875	0.0	-0.000567
-148.75	0.0	-0.000567
-148.625	0.0	-0.000567
-148.5	0.0	-0.000566
-148.375	0.0	-0.000566
-148.25	0.0	-0.000566
-148.125	0.0	-0.000566
-148.0	0.0	-0.000565
-147.875	0.0	-0.000565
-147.75	0.0	-0.000565
-147.625	0.0	-0.000565
-147.5	0.0	-0.000564
-147.375	0.0	-0.000564
-147.25	0.0	-0.000564
-147.125	0.0	-0.000564
-147.0	0.0	-0.000563
-146.875	0.0	-0.000563
-146.75	0.0	-0.000563
-146.625	0.0	-0.000562
-146.5	0.0	-0.000562
-146.375	0.0	-0.000562
-146.25	0.0	-0.000562
-146.125	0.0	-0.000561
-146.0	0.0	-0.000561
-145.875	0.0	-0.000561
-145.75	0.0	-0.000561
-145.625	0.0	-0.00056
-145.5	0.0	-0.00056
-145.375	0.0	-0.00056
-145.25	0.0	-0.00056
-145.125	0.0	-0.000559
-145.0	0.0	-0.000559
-144.875	0.0	-0.000559
-144.75	0.0	-0.000559
-144.625	0.0	-0.000558
-144.5	0.0	-0.000558
-144.375	0.0	-0.000558
-144.25	0.0	-0.000558
-144.125	0.0	-0.000557
-144.0	0.0	-0.000557
-143.875	0.0	-0.000557
-143.75	0.0	-0.000557
-143.625	0.0	-0.000556
-143.5	0.0	-0.000556
-143.375	0.0	-0.000556
-143.25	0.0	-0.000556
-143.125	0.0	-0.000555
-143.0	0.0	-0.000555
-142.875	0.0	-0.000555
-142.75	0.0	-0.000554
-142.625	0.0	-0.000554
-142.5	0.0	-0.000554
-142.375	0.0	-0.000554
-142.25	0.0	-0.000553
-142.125	0.0	-0.000553
-142.0	0.0	-0.000553
-141.875	0.0	-0.000553
-141.75	0.0	-0.000552
-141.625	0.0	-0.000552
-141.5	0.0	-0.000552
-141.375	0.0	-0.000552
-141.25	0.0	-0.000551
-141.125	0.0	-0.000551
-141.0	0.0	-0.000551
-140.875	0.0	-0.000551
-140.75	0.0	-0.00055
-140.625	0.0	-0.00055
-140.5	0.0	-0.00055
-140.375	0.0	-0.00055
-140.25	0.0	-0.000549
-140.125	0.0	-0.000549
-140.0	0.0	-0.000549
-139.875	0.0	-0.000549
-139.75	0.0	-0.000548
-139.625	0.0	-0.000548
-139.5	0.0	-0.000548
-139.375	0.0	-0.000548
-139.25	0.0	-0.000547
-139.125	0.0	-0.000547
-139.0	0.0	-0.000547
-138.875	0.0	-0.000547
-138.75	0.0	-0.000546
-138.625	0.0	-0.000546
-138.5	0.0	-0.000546
-138.375	0.0	-0.000546
-138.25	0.0	-0.000545
-138.125	0.0	-0.000545
-138.0	0.0	-0.000545
-137.875	0.0	-0.000545
-137.75	0.0	-0.000544
-137.625	0.0	-0.000544
-137.5	0.0	-0.000544
-137.375	0.0	-0.000544
-137.25	0.0	-0.000543
-137.125	0.0	-0.000543
-137.0	0.0	-0.000543
-136.875	0.0	-0.000543
-136.75	0.0	-0.000542
-136.625	0.0	-0.000542
-136.5	0.0	-0.000542
-136.375	0.0	-0.000542
-136.25	0.0	-0.000541
-136.125	0.0	-0.000541
-136.0	0.0	-0.000541
-135.875	0.0	-0.000541
-135.75	0.0	-0.00054
-135.625	0.0	-0.00054
-135.5	0.0	-0.00054
-135.375	0.0	-0.00054
-135.25	0.0	-0.000539
-135.125	0.0	-0.000539
-135.0	0.0	-0.000539
-134.875	0.0	-0.000539
-134.75	0.0	-0.000538
-134.625	0.0	-0.000538
-134.5	0.0	-0.000538
-134.375	0.0	-0.000538
-134.25	0.0	-0.000537
-134.125	0.0	-0.000537
-134.0	0.0	-0.000537
-133.875	0.0	-0.000537
-133.75	0.0	-0.000536
-133.625	0.0	-0.000536
-133.5	0.0	-0.000536
-133.375	0.0	-0.000536
-133.25	0.0	-0.000535
-133.125	0.0	-0.000535
-133.0	0.0	-0.000535
-132.875	0.0	-0.000535
-132.75	0.0	-0.000534
-132.625	0.0	-0.000534
-132.5	0.0	-0.000534
-132.375	0.0	-0.000534
-132.25	0.0	-0.000533
-132.125	0.0	-0.000533
-132.0	0.0	-0.000533
-131.875	0.0	-0.000533
-131.75	0.0	-0.000533
-131.625	0.0	-0.000532
-131.5	0.0	-0.000532
-131.375	0.0	-0.000532
-131.25	0.0	-0.000532
-131.125	0.0	-0.000531
-131.0	0.0	-0.000531
-130.875	0.0	-0.000531
-130.75	0.0	-0.000531
-130.625	0.0	-0.00053
-130.5	0.0	-0.00053
-130.375	0.0	-0.00053
-130.25	0.0	-0.00053
-130.125	0.0	-0.000529
-130.0	0.0	-0.000529
-129.875	0.0	-0.000529
-129.75	0.0	-0.000529
-129.625	0.0	-0.000528
-129.5	0.0	-0.000528
-129.375	0.0	-0.000528
-129.25	0.0	-0.000528
-129.125	0.0	-0.000527
-129.0	0.0	-0.000527
-128.875	0.0	-0.000527
-128.75	0.0	-0.000527
-128.625	0.0	-0.000526
-128.5	0.0	-0.000526
-128.375	0.0	-0.000526
-128.25	0.0	-0.000526
-128.125	0.0	-0.000525
-128.0	0.0	-0.000525
-127.875	0.0	-0.000525
-127.75	0.0	-0.000525
-127.625	0.0	-0.000525
-127.5	0.0	-0.000524
-127.375	0.0	-0.000524
-127.25	0.0	-0.000524
-127.125	0.0	-0.000524
-127.0	0.0	-0.000523
-126.875	0.0	-0.000523
-126.75	0.0	-0.000523
-126.625	0.0	-0.000523
-126.5	0.0	-0.000522
-126.375	0.0	-0.000522
-126.25	0.0	-0.000522
-126.125	0.0	-0.000522
-126.0	0.0	-0.000521
-125.875	0.0	-0.000521
-125.75	0.0	-0.000521
-125.625	0.0	-0.000521
-125.5	0.0	-0.00052
-125.375	0.0	-0.00052
-125.25	0.0	-0.00052
-125.125	0.0	-0.00052
-125.0	0.0	-0.00052
-124.875	0.0	-0.000519
-124.75	0.0	-0.000519
-124.625	0.0	-0.000519
-124.5	0.0	-0.000519
-124.375	0.0	-0.000518
-124.25	0.0	-0.000518
-124.125	0.0	-0.000518
-124.0	0.0	-0.000518
-123.875	0.0	-0.000517
-123.75	0.0	-0.000517
-123.625	0.0	-0.000517
-123.5	0.0	-0.000517
-123.375	0.0	-0.000516
-123.25	0.0	-0.000516
-123.125	0.0	-0.000516
-123.0	0.0	-0.000516
-122.875	0.0	-0.000515
-122.75	0.0	-0.000515
-122.625	0.0	-0.000515
-122.5	0.0	-0.000515
-122.375	0.0	-0.000515
-122.25	0.0	-0.000514
-122.125	0.0	-0.000514
-122.0	0.0	-0.000514
-121.875	0.0	-0.000514
-121.75	0.0	-0.000513
-121.625	0.0	-0.000513
-121.5	0.0	-0.000513
-121.375	0.0	-0.000513
-121.25	0.0	-0.000512
-121.125	0.0	-0.000512
-121.0	0.0	-0.000512
-120.875	0.0	-0.000512
-120.75	0.0	-0.000511
-120.625	0.0	-0.000511
-120.5	0.0	-0.000511
-120.375	0.0	-0.000511
-120.25	0.0	-0.000511
-120.125	0.0	-0.00051
-120.0	0.0	-0.00051
-119.875	0.0	-0.00051
-119.75	0.0	-0.00051
-119.625	0.0	-0.000509
-119.5	0.0	-0.000509
-119.375	0.0	-0.000509
-119.25	0.0	-0.000509
-119.125	0.0	-0.000508
-119.0	0.0	-0.000508
-118.875	0.0	-0.000508
-118.75	0.0	-0.000508
-118.625	0.0	-0.000507
-118.5	0.0	-0.000507
-118.375	0.0	-0.000507
-118.25	0.0	-0.000507
-118.125	0.0	-0.000507
-118.0	0.0	-0.000506
-117.875	0.0	-0.000506
-117.75	0.0	-0.000506
-117.625	0.0	-0.000506
-117.5	0.0	-0.000505
-117.375	0.0	-0.000505
-117.25	0.0	-0.000505
-117.125	0.0	-0.000505
-117.0	0.0	-0.000504
-116.875	0.0	-0.000504
-116.75	0.0	-0.000504
-116.625	0.0	-0.000504
-116.5	0.0	-0.000504
-116.375	0.0	-0.000503
-116.25	0.0	-0.000503
-116.125	0.0	-0.000503
-116.0	0.0	-0.000503
-115.875	0.0	-0.000502
-115.75	0.0	-0.000502
-115.625	0.0	-0.000502
-115.5	0.0	-0.000502
-115.375	0.0	-0.000501
-115.25	0.0	-0.000501
-115.125	0.0	-0.000501
-115.0	0.0	-0.000501
-114.875	0.0	-0.000501
-114.75	0.0	-0.0005
-114.625	0.0	-0.0005
-114.5	0.0	-0.0005
-114.375	0.0	-0.0005
-114.25	0.0	-0.000499
-114.125	0.0	-0.000499
-114.0	0.0	-0.000499
-113.875	0.0	-0.000499
-113.75	0.0	-0.000498
-113.625	0.0	-0.000498
-113.5	0.0	-0.000498
-113.375	0.0	-0.000498
-113.25	0.0	-0.000498
-113.125	0.0	-0.000497
-113.0	0.0	-0.000497
-112.875	0.0	-0.000497
-112.75	0.0	-0.000497
-112.625	0.0	-0.000496
-112.5	0.0	-0.000496
-112.375	0.0	-0.000496
-112.25	0.0	-0.000496
-112.125	0.0	-0.000495
-112.0	0.0	-0.000495
-111.875	0.0	-0.000495
-111.75	0.0	-0.000495
-111.625	0.0	-0.000495
-111.5	0.0	-0.000494
-111.375	0.0	-0.000494
-111.25	0.0	-0.000494
-111.125	0.0	-0.000494
-111.0	0.0	-0.000493
-110.875	0.0	-0.000493
-110.75	0.0	-0.000493
-110.625	0.0	-0.000493
-110.5	0.0	-0.000492
-110.375	0.0	-0.000492
-110.25	0.0	-0.000492
-110.125	0.0	-0.000492
-110.0	0.0	-0.000492
-109.875	0.0	-0.000491
-109.75	0.0	-0.000491
-109.625	0.0	-0.000491
-109.5	0.0	-0.000491
-109.375	0.0	-0.00049
-109.25	0.0	-0.00049
-109.125	0.0	-0.00049
-109.0	0.0	-0.00049
-108.875	0.0	-0.00049
-108.75	0.0	-0.000489
-108.625	0.0	-0.000489
-108.5	0.0	-0.000489
-108.375	0.0	-0.000489
-108.25	0.0	-0.000488
-108.125	0.0	-0.000488
-108.0	0.0	-0.000488
-107.875	0.0	-0.000488
-107.75	0.0	-0.000487
-107.625	0.0	-0.000487
-107.5	0.0	-0.000487
-107.375	0.0	-0.000487
-107.25	0.0	-0.000487
-107.125	0.0	-0.000486
-107.0	0.0	-0.000486
-106.875	0.0	-0.000486
-106.75	0.0	-0.000486
-106.625	0.0	-0.000485
-106.5	0.0	-0.000485
-106.375	0.0	-0.000485
-106.25	0.0	-0.000485
-106.125	0.0	-0.000485
-106.0	0.0	-0.000484
-105.875	0.0	-0.000484
-105.75	0.0	-0.000484
-105.625	0.0	-0.000484
-105.5	0.0	-0.000483
-105.375	0.0	-0.000483
-105.25	0.0	-0.000483
-105.125	0.0	-0.000483
-105.0	0.0	-0.000482
-104.875	0.0	-0.000482
-104.75	0.0	-0.000482
-104.625	0.0	-0.000482
-104.5	0.0	-0.000482
-104.375	0.0	-0.000481
-104.25	0.0	-0.000481
-104.125	0.0	-0.000481
-104.0	0.0	-0.000481
-103.875	0.0	-0.00048
-103.75	0.0	-0.00048
-103.625	0.0	-0.00048
-103.5	0.0	-0.00048
-103.375	0.0	-0.00048
-103.25	0.0	-0.000479
-103.125	0.0	-0.000479
-103.0	0.0	-0.000479
-102.875	0.0	-0.000479
-102.75	0.0	-0.000478
-102.625	0.0	-0.000478
-102.5	0.0	-0.000478
-102.375	0.0	-0.000478
-102.25	0.0	-0.000478
-102.125	0.0	-0.000477
-102.0	0.0	-0.000477
-101.875	0.0	-0.000477
-101.75	0.0	-0.000477
-101.625	0.0	-0.000476
-101.5	0.0	-0.000476
-101.375	0.0	-0.000476
-101.25	0.0	-0.000476
-101.125	0.0	-0.000476
-101.0	0.0	-0.000475
-100.875	0.0	-0.000475
-100.75	0.0	-0.000475
-100.625	0.0	-0.000475
-100.5	0.0	-0.000474
-100.375	0.0	-0.000474
-100.25	0.0	-0.000474
-100.125	0.0	-0.000474
-100.0	0.0	-0.000473
-99.875	0.0	-0.000473
-99.75	0.0	-0.000473
-99.625	0.0	-0.000473
-99.5	0.0	-0.000473
-99.375	0.0	-0.000472
-99.25	0.0	-0.000472
-99.125	0.0	-0.000472
-99.0	0.0	-0.000472
-98.875	0.0	-0.000471
-98.75	0.0	-0.000471
-98.625	0.0	-0.000471
-98.5	0.0	-0.000471
-98.375	0.0	-0.000471
-98.25	0.0	-0.00047
-98.125	0.0	-0.00047
-98.0	0.0	-0.00047
-97.875	0.0	-0.00047
-97.75	0.0	-0.000469
-97.625	0.0	-0.000469
-97.5	0.0	-0.000469
-97.375	0.0	-0.000469
-97.25	0.0	-0.000469
-97.125	0.0	-0.000468
-97.0	0.0	-0.000468
-96.875	0.0	-0.000468
-96.75	0.0	-0.000468
-96.625	0.0	-0.000467
-96.5	0.0	-0.000467
-96.375	0.0	-0.000467
-96.25	0.0	-0.000467
-96.125	0.0	-0.000467
-96.0	0.0	-0.000466
-95.875	0.0	-0.000466
-95.75	0.0	-0.000466
-95.625	0.0	-0.000466
-95.5	0.0	-0.000465
-95.375	0.0	-0.000465
-95.25	0.0	-0.000465
-95.125	0.0	-0.000465
-95.0	0.0	-0.000465
-94.875	0.0	-0.000464
-94.75	0.0	-0.000464
-94.625	0.0	-0.000464
-94.5	0.0	-0.000464
-94.375	0.0	-0.000463
-94.25	0.0	-0.000463
-94.125	0.0	-0.000463
-94.0	0.0	-0.000463
-93.875	0.0	-0.000463
-93.75	0.0	-0.000462
-93.625	0.0	-0.000462
-93.5	0.0	-0.000462
-93.375	0.0	-0.000462
-93.25	0.0	-0.000461
-93.125	0.0	-0.000461
-93.0	0.0	-0.000461
-92.875	0.0	-0.000461
-92.75	0.0	-0.000461
-92.625	0.0	-0.00046
-92.5	0.0	-0.00046
-92.375	0.0	-0.00046
-92.25	0.0	-0.00046
-92.125	0.0	-0.000459
-92.0	0.0	-0.000459
-91.875	0.0	-0.000459
-91.75	0.0	-0.000459
-91.625	0.0	-0.000459
-91.5	0.0	-0.000458
-91.375	0.0	-0.000458
-91.25	0.0	-0.000458
-91.125	0.0	-0.000458
-91.0	0.0	-0.000457
-90.875	0.0	-0.000457
-90.75	0.0	-0.000457
-90.625	0.0	-0.000457
-90.5	0.0	-0.000457
-90.375	0.0	-0.000456
-90.25	0.0	-0.000456
-90.125	0.0	-0.000456
-90.0	0.0	-0.000456
-89.875	0.0	-0.000455
-89.75	0.0	-0.000455
-89.625	0.0	-0.000455
-89.5	0.0	-0.000455
-89.375	0.0	-0.000455
-89.25	0.0	-0.000454
-89.125	0.0	-0.000454
-89.0	0.0	-0.000454
-88.875	0.0	-0.000454
-88.75	0.0	-0.000453
-88.625	0.0	-0.000453
-88.5	0.0	-0.000453
-88.375	0.0	-0.000453
-88.25	0.0	-0.000453
-88.125	0.0	-0.000452
-88.0	0.0	-0.000452
-87.875	0.0	-0.000452
-87.75	0.0	-0.000452
-87.625	0.0	-0.000451
-87.5	0.0	-0.000451
-87.375	0.0	-0.000451
-87.25	0.0	-0.000451
-87.125	0.0	-0.000451
-87.0	0.0	-0.00045
-86.875	0.0	-0.00045
-86.75	0.0	-0.00045
-86.625	0.0	-0.00045
-86.5	0.0	-0.000449
-86.375	0.0	-0.000449
-86.25	0.0	-0.000449
-86.125	0.0	-0.000449
-86.0	0.0	-0.000449
-85.875	0.0	-0.000448
-85.75	0.0	-0.000448
-85.625	0.0	-0.000448
-85.5	0.0	-0.000448
-85.375	0.0	-0.000447
-85.25	0.0	-0.000447
-85.125	0.0	-0.000447
-85.0	0.0	-0.000447
-84.875	0.0	-0.000447
-84.75	0.0	-0.000446
-84.625	0.0	-0.000446
-84.5	0.0	-0.000446
-84.375	0.0	-0.000446
-84.25	0.0	-0.000445
-84.125	0.0	-0.000445
-84.0	0.0	-0.000445
-83.875	0.0	-0.000445
-83.75	0.0	-0.000445
-83.625	0.0	-0.000444
-83.5	0.0	-0.000444
-83.375	0.0	-0.000444
-83.25	0.0	-0.000444
-83.125	0.0	-0.000443
-83.0	0.0	-0.000443
-82.875	0.0	-0.000443
-82.75	0.0	-0.000443
-82.625	0.0	-0.000443
-82.5	0.0	-0.000442
-82.375	0.0	-0.000442
-82.25	0.0	-0.000442
-82.125	0.0	-0.000442
-82.0	0.0	-0.000441
-81.875	0.0	-0.000441
-81.75	0.0	-0.000441
-81.625	0.0	-0.000441
-81.5	0.0	-0.000441
-81.375	0.0	-0.00044
-81.25	0.0	-0.00044
-81.125	0.0	-0.00044
-81.0	0.0	-0.00044
-80.875	0.0	-0.000439
-80.75	0.0	-0.000439
-80.625	0.0	-0.000439
-80.5	0.0	-0.000439
-80.375	0.0	-0.000439
-80.25	0.0	-0.000438
-80.125	0.0	-0.000438
-80.0	0.0	-0.000438
-79.875	0.0	-0.000438
-79.75	0.0	-0.000437
-79.625	0.0	-0.000437
-79.5	0.0	-0.000437
-79.375	0.0	-0.000437
-79.25	0.0	-0.000437
-79.125	0.0	-0.000436
-79.0	0.0	-0.000436
-78.875	0.0	-0.000436
-78.75	0.0	-0.000436
-78.625	0.0	-0.000436
-78.5	0.0	-0.000435
-78.375	0.0	-0.000435
-78.25	0.0	-0.000435
-78.125	0.0	-0.000435
-78.0	0.0	-0.000434
-77.875	0.0	-0.000434
-77.75	0.0	-0.000434
-77.625	0.0	-0.000434
-77.5	0.0	-0.000434
-77.375	0.0	-0.000433
-77.25	0.0	-0.000433
-77.125	0.0	-0.000433
-77.0	0.0	-0.000433
-76.875	0.0	-0.000432
-76.75	0.0	-0.000432
-76.625	0.0	-0.000432
-76.5	0.0	-0.000432
-76.375	0.0	-0.000432
-76.25	0.0	-0.000431
-76.125	0.0	-0.000431
-76.0	0.0	-0.000431
-75.875	0.0	-0.000431
-75.75	0.0	-0.00043
-75.625	0.0	-0.00043
-75.5	0.0	-0.00043
-75.375	0.0	-0.00043
-75.25	0.0	-0.00043
-75.125	0.0	-0.000429
-75.0	0.0	-0.000429
-74.875	0.0	-0.000429
-74.75	0.0	-0.000429
-74.625	0.0	-0.000428
-74.5	0.0	-0.000428
-74.375	0.0	-0.000428
-74.25	0.0	-0.000428
-74.125	0.0	-0.000428
-74.0	0.0	-0.000427
-73.875	0.0	-0.000427
-73.75	0.0	-0.000427
-73.625	0.0	-0.000427
-73.5	0.0	-0.000426
-73.375	0.0	-0.000426
-73.25	0.0	-0.000426
-73.125	0.0	-0.000426
-73.0	0.0	-0.000426
-72.875	0.0	-0.000425
-72.75	0.0	-0.000425
-72.625	0.0	-0.000425
-72.5	0.0	-0.000425
-72.375	0.0	-0.000424
-72.25	0.0	-0.000424
-72.125	0.0	-0.000424
-72.0	0.0	-0.000424
-71.875	0.0	-0.000424
-71.75	0.0	-0.000423
-71.625	0.0	-0.000423
-71.5	0.0	-0.000423
-71.375	0.0	-0.000423
-71.25	0.0	-0.000422
-71.125	0.0	-0.000422
-71.0	0.0	-0.000422
-70.875	0.0	-0.000422
-70.75	0.0	-0.000422
-70.625	0.0	-0.000421
-70.5	0.0	-0.000421
-70.375	0.0	-0.000421
-70.25	0.0	-0.000421
-70.125	0.0	-0.00042
-70.0	0.0	-0.00042
-69.875	0.0	-0.00042
-69.75	0.0	-0.00042
-69.625	0.0	-0.00042
-69.5	0.0	-0.000419
-69.375	0.0	-0.000419
-69.25	0.0	-0.000419
-69.125	0.0	-0.000419
-69.0	0.0	-0.000418
-68.875	0.0	-0.000418
-68.75	0.0	-0.000418
-68.625	0.0	-0.000418
-68.5	0.0	-0.000418
-68.375	0.0	-0.000417
-68.25	0.0	-0.000417
-68.125	0.0	-0.000417
-68.0	0.0	-0.000417
-67.875	0.0	-0.000416
-67.75	0.0	-0.000416
-67.625	0.0	-0.000416
-67.5	0.0	-0.000416
-67.375	0.0	-0.000416
-67.25	0.0	-0.000415
-67.125	0.0	-0.000415
-67.0	0.0	-0.000415
-66.875	0.0	-0.000415
-66.75	0.0	-0.000414
-66.625	0.0	-0.000414
-66.5	0.0	-0.000414
-66.375	0.0	-0.000414
-66.25	0.0	-0.000414
-66.125	0.0	-0.000413
-66.0	0.0	-0.000413
-65.875	0.0	-0.000413
-65.75	0.0	-0.000413
-65.625	0.0	-0.000412
-65.5	0.0	-0.000412
-65.375	0.0	-0.000412
-65.25	0.0	-0.000412
-65.125	0.0	-0.000412
-65.0	0.0	-0.000411
-64.875	0.0	-0.000411
-64.75	0.0	-0.000411
-64.625	0.0	-0.000411
-64.5	0.0	-0.00041
-64.375	0.0	-0.00041
-64.25	0.0	-0.00041
-64.125	0.0	-0.00041
-64.0	0.0	-0.00041
-63.875	0.0	-0.000409
-63.75	0.0	-0.000409
-63.625	0.0	-0.000409
-63.5	0.0	-0.000409
-63.375	0.0	-0.000408
-63.25	0.0	-0.000408
-63.125	0.0	-0.000408
-63.0	0.0	-0.000408
-62.875	0.0	-0.000408
-62.75	0.0	-0.000407
-62.625	0.0	-0.000407
-62.5	0.0	-0.000407
-62.375	0.0	-0.000407
-62.25	0.0	-0.000406
-62.125	0.0	-0.000406
-62.0	0.0	-0.000406
-61.875	0.0	-0.000406
-61.75	0.0	-0.000405
-61.625	0.0	-0.000405
-61.5	0.0	-0.000405
-61.375	0.0	-0.000405
-61.25	0.0	-0.000405
-61.125	0.0	-0.000404
-61.0	0.0	-0.000404
-60.875	0.0	-0.000404
-60.75	0.0	-0.000404
-60.625	0.0	-0.000403
-60.5	0.0	-0.000403
-60.375	0.0	-0.000403
-60.25	0.0	-0.000403
-60.125	0.0	-0.000403
-60.0	0.0	-0.000402
-59.875	0.0	-0.000402
-59.75	0.0	-0.000402
-59.625	0.0	-0.000402
-59.5	0.0	-0.000401
-59.375	0.0	-0.000401
-59.25	0.0	-0.000401
-59.125	0.0	-0.000401
-59.0	0.0	-0.000401
-58.875	0.0	-0.0004
-58.75	0.0	-0.0004
-58.625	0.0	-0.0004
-58.5	0.0	-0.0004
-58.375	0.0	-0.000399
-58.25	0.0	-0.000399
-58.125	0.0	-0.000399
-58.0	0.0	-0.000399
-57.875	0.0	-0.000399
-57.75	0.0	-0.000398
-57.625	0.0	-0.000398
-57.5	0.0	-0.000398
-57.375	0.0	-0.000398
-57.25	0.0	-0.000397
-57.125	0.0	-0.000397
-57.0	0.0	-0.000397
-56.875	0.0	-0.000397
-56.75	0.0	-0.000396
-56.625	0.0	-0.000396
-56.5	0.0	-0.000396
-56.375	0.0	-0.000396
-56.25	0.0	-0.000396
-56.125	0.0	-0.000395
-56.0	0.0	-0.000395
-55.875	0.0	-0.000395
-55.75	0.0	-0.000395
-55.625	0.0	-0.000394
-55.5	0.0	-0.000394
-55.375	0.0	-0.000394
-55.25	0.0	-0.000394
-55.125	0.0	-0.000394
-55.0	0.0	-0.000393
-54.875	0.0	-0.000393
-54.75	0.0	-0.000393
-54.625	0.0	-0.000393
-54.5	0.0	-0.000392
-54.375	0.0	-0.000392
-54.25	0.0	-0.000392
-54.125	0.0	-0.000392
-54.0	0.0	-0.000391
-53.875	0.0	-0.000391
-53.75	0.0	-0.000391
-53.625	0.0	-0.000391
-53.5	0.0	-0.000391
-53.375	0.0	-0.00039
-53.25	0.0	-0.00039
-53.125	0.0	-0.00039
-53.0	0.0	-0.00039
-52.875	0.0	-0.000389
-52.75	0.0	-0.000389
-52.625	0.0	-0.000389
-52.5	0.0	-0.000389
-52.375	0.0	-0.000389
-52.25	0.0	-0.000388
-52.125	0.0	-0.000388
-52.0	0.0	-0.000388
-51.875	0.0	-0.000388
-51.75	0.0	-0.000387
-51.625	0.0	-0.000387
-51.5	0.0	-0.000387
-51.375	0.0	-0.000387
-51.25	0.0	-0.000386
-51.125	0.0	-0.000386
-51.0	0.0	-0.000386
-50.875	0.0	-0.000386
-50.75	0.0	-0.000386
-50.625	0.0	-0.000385
-50.5	0.0	-0.000385
-50.375	0.0	-0.000385
-50.25	0.0	-0.000385
-50.125	0.0	-0.000384
-50.0	0.0	-0.000384
-49.875	0.0	-0.000384
-49.75	0.0	-0.000384
-49.625	0.0	-0.000384
-49.5	0.0	-0.000383
-49.375	0.0	-0.000383
-49.25	0.0	-0.000383
-49.125	0.0	-0.000383
-49.0	0.0	-0.000382
-48.875	0.0	-0.000382
-48.75	0.0	-0.000382
-48.625	0.0	-0.000382
-48.5	0.0	-0.000381
-48.375	0.0	-0.000381
-48.25	0.0	-0.000381
-48.125	0.0	-0.000381
-48.0	0.0	-0.000381
-47.875	0.0	-0.00038
-47.75	0.0	-0.00038
-47.625	0.0	-0.00038
-47.5	0.0	-0.00038
-47.375	0.0	-0.000379
-47.25	0.0	-0.000379
-47.125	0.0	-0.000379
-47.0	0.0	-0.000379
-46.875	0.0	-0.000378
-46.75	0.0	-0.000378
-46.625	0.0	-0.000378
-46.5	0.0	-0.000378
-46.375	0.0	-0.000378
-46.25	0.0	-0.000377
-46.125	0.0	-0.000377
-46.0	0.0	-0.000377
-45.875	0.0	-0.000377
-45.75	0.0	-0.000376
-45.625	0.0	-0.000376
-45.5	0.0	-0.000376
-45.375	0.0	-0.000376
-45.25	0.0	-0.000375
-45.125	0.0	-0.000375
-45.0	0.0	-0.000375
-44.875	0.0	-0.000375
-44.75	0.0	-0.000375
-44.625	0.0	-0.000374
-44.5	0.0	-0.000374
-44.375	0.0	-0.000374
-44.25	0.0	-0.000374
-44.125	0.0	-0.000373
-44.0	0.0	-0.000373
-43.875	0.0	-0.000373
-43.75	0.0	-0.000373
-43.625	0.0	-0.000372
-43.5	0.0	-0.000372
-43.375	0.0	-0.000372
-43.25	0.0	-0.000372
-43.125	0.0	-0.000371
-43.0	0.0	-0.000371
-42.875	0.0	-0.000371
-42.75	0.0	-0.000371
-42.625	0.0	-0.000371
-42.5	0.0	-0.00037
-42.375	0.0	-0.00037
-42.25	0.0	-0.00037
-42.125	0.0	-0.00037
-42.0	0.0	-0.000369
-41.875	0.0	-0.000369
-41.75	0.0	-0.000369
-41.625	0.0	-0.000369
-41.5	0.0	-0.000368
-41.375	0.0	-0.000368
-41.25	0.0	-0.000368
-41.125	0.0	-0.000368
-41.0	0.0	-0.000367
-40.875	0.0	-0.000367
-40.75	0.0	-0.000367
-40.625	0.0	-0.000367
-40.5	0.0	-0.000367
-40.375	0.0	-0.000366
-40.25	0.0	-0.000366
-40.125	0.0	-0.000366
-40.0	0.0	-0.000366
-39.875	0.0	-0.000365
-39.75	0.0	-0.000365
-39.625	0.0	-0.000365
-39.5	0.0	-0.000365
-39.375	0.0	-0.000364
-39.25	0.0	-0.000364
-39.125	0.0	-0.000364
-39.0	0.0	-0.000364
-38.875	0.0	-0.000363
-38.75	0.0	-0.000363
-38.625	0.0	-0.000363
-38.5	0.0	-0.000363
-38.375	0.0	-0.000363
-38.25	0.0	-0.000362
-38.125	0.0	-0.000362
-38.0	0.0	-0.000362
-37.875	0.0	-0.000362
-37.75	0.0	-0.000361
-37.625	0.0	-0.000361
-37.5	0.0	-0.000361
-37.375	0.0	-0.000361
-37.25	0.0	-0.00036
-37.125	0.0	-0.00036
-37.0	0.0	-0.00036
-36.875	0.0	-0.00036
-36.75	0.0	-0.000359
-36.625	0.0	-0.000359
-36.5	0.0	-0.000359
-36.375	0.0	-0.000359
-36.25	0.0	-0.000359
-36.125	0.0	-0.000358
-36.0	0.0	-0.000358
-35.875	0.0	-0.000358
-35.75	0.0	-0.000358
-35.625	0.0	-0.000357
-35.5	0.0	-0.000357
-35.375	0.0	-0.000357
-35.25	0.0	-0.000357
-35.125	0.0	-0.000356
-35.0	0.0	-0.000356
-34.875	0.0	-0.000356
-34.75	0.0	-0.000356
-34.625	0.0	-0.000355
-34.5	0.0	-0.000355
-34.375	0.0	-0.000355
-34.25	0.0	-0.000355
-34.125	0.0	-0.000354
-34.0	0.0	-0.000354
-33.875	0.0	-0.000354
-33.75	0.0	-0.000354
-33.625	0.0	-0.000353
-33.5	0.0	-0.000353
-33.375	0.0	-0.000353
-33.25	0.0	-0.000353
-33.125	0.0	-0.000353
-33.0	0.0	-0.000352
-32.875	0.0	-0.000352
-32.75	0.0	-0.000352
-32.625	0.0	-0.000352
-32.5	0.0	-0.000351
-32.375	0.0	-0.000351
-32.25	0.0	-0.000351
-32.125	0.0	-0.000351
-32.0	0.0	-0.00035
-31.875	0.0	-0.00035
-31.75	0.0	-0.00035
-31.625	0.0	-0.00035
-31.5	0.0	-0.000349
-31.375	0.0	-0.000349
-31.25	0.0	-0.000349
-31.125	0.0	-0.000349
-31.0	0.0	-0.000348
-30.875	0.0	-0.000348
-30.75	0.0	-0.000348
-30.625	0.0	-0.000348
-30.5	0.0	-0.000347
-30.375	0.0	-0.000347
-30.25	0.0	-0.000347
-30.125	0.0	-0.000347
-30.0	0.0	-0.000346
-29.875	0.0	-0.000346
-29.75	0.0	-0.000346
-29.625	0.0	-0.000346
-29.5	0.0	-0.000345
-29.375	0.0	-0.000345
-29.25	0.0	-0.000345
-29.125	0.0	-0.000345
-29.0	0.0	-0.000345
-28.875	0.0	-0.000344
-28.75	0.0	-0.000344
-28.625	0.0	-0.000344
-28.5	0.0	-0.000344
-28.375	0.0	-0.000343
-28.25	0.0	-0.000343
-28.125	0.0	-0.000343
-28.0	0.0	-0.000343
-27.875	0.0	-0.000342
-27.75	0.0	-0.000342
-27.625	0.0	-0.000342
-27.5	0.0	-0.000342
-27.375	0.0	-0.000341
-27.25	0.0	-0.000341
-27.125	0.0	-0.000341
-27.0	0.0	-0.000341
-26.875	0.0	-0.00034
-26.75	0.0	-0.00034
-26.625	0.0	-0.00034
-26.5	0.0	-0.00034
-26.375	0.0	-0.000339
-26.25	0.0	-0.000339
-26.125	0.0	-0.000339
-26.0	0.0	-0.000339
-25.875	0.0	-0.000338
-25.75	0.0	-0.000338
-25.625	0.0	-0.000338
-25.5	0.0	-0.000338
-25.375	0.0	-0.000337
-25.25	0.0	-0.000337
-25.125	0.0	-0.000337
-25.0	0.0	-0.000337
-24.875	0.0	-0.000336
-24.75	0.0	-0.000336
-24.625	0.0	-0.000336
-24.5	0.0	-0.000336
-24.375	0.0	-0.000335
-24.25	0.0	-0.000335
-24.125	0.0	-0.000335
-24.0	0.0	-0.000335
-23.875	0.0	-0.000334
-23.75	0.0	-0.000334
-23.625	0.0	-0.000334
-23.5	0.0	-0.000334
-23.375	0.0	-0.000333
-23.25	0.0	-0.000333
-23.125	0.0	-0.000333
-23.0	0.0	-0.000333
-22.875	0.0	-0.000332
-22.75	0.0	-0.000332
-22.625	0.0	-0.000332
-22.5	0.0	-0.000332
-22.375	0.0	-0.000331
-22.25	0.0	-0.000331
-22.125	0.0	-0.000331
-22.0	0.0	-0.000331
-21.875	0.0	-0.00033
-21.75	0.0	-0.00033
-21.625	0.0	-0.00033
-21.5	0.0	-0.00033
-21.375	0.0	-0.000329
-21.25	0.0	-0.000329
-21.125	0.0	-0.000329
-21.0	0.0	-0.000329
-20.875	0.0	-0.000328
-20.75	0.0	-0.000328
-20.625	0.0	-0.000328
-20.5	0.0	-0.000328
-20.375	0.0	-0.000327
-20.25	0.0	-0.000327
-20.125	0.0	-0.000327
-20.0	0.0	-0.000327
-19.875	0.0	-0.000326
-19.75	0.0	-0.000326
-19.625	0.0	-0.000326
-19.5	0.0	-0.000326
-19.375	0.0	-0.000325
-19.25	0.0	-0.000325
-19.125	0.0	-0.000325
-19.0	0.0	-0.000324
-18.875	0.0	-0.000324
-18.75	0.0	-0.000324
-18.625	0.0	-0.000324
-18.5	0.0	-0.000323
-18.375	0.0	-0.000323
-18.25	0.0	-0.000323
-18.125	0.0	-0.000323
-18.0	0.0	-0.000322
-17.875	0.0	-0.000322
-17.75	0.0	-0.000322
-17.625	0.0	-0.000322
-17.5	0.0	-0.000321
-17.375	0.0	-0.000321
-17.25	0.0	-0.000321
-17.125	0.0	-0.000321
-17.0	0.0	-0.00032
-16.875	0.0	-0.00032
-16.75	0.0	-0.00032
-16.625	0.0	-0.00032
-16.5	0.0	-0.000319
-16.375	0.0	-0.000319
-16.25	0.0	-0.000319
-16.125	0.0	-0.000319
-16.0	0.0	-0.000318
-15.875	0.0	-0.000318
-15.75	0.0	-0.000318
-15.625	0.0	-0.000318
-15.5	0.0	-0.000317
-15.375	0.0	-0.000317
-15.25	0.0	-0.000317
-15.125	0.0	-0.000316
-15.0	0.0	-0.000316
-14.875	0.0	-0.000316
-14.75	0.0	-0.000316
-14.625	0.0	-0.000315
-14.5	0.0	-0.000315
-14.375	0.0	-0.000315
-14.25	0.0	-0.000315
-14.125	0.0	-0.000314
-14.0	0.0	-0.000314
-13.875	0.0	-0.000314
-13.75	0.0	-0.000314
-13.625	0.0	-0.000313
-13.5	0.0	-0.000313
-13.375	0.0	-0.000313
-13.25	0.0	-0.000313
-13.125	0.0	-0.000312
-13.0	0.0	-0.000312
-12.875	0.0	-0.000312
-12.75	0.0	-0.000312
-12.625	0.0	-0.000311
-12.5	0.0	-0.000311
-12.375	0.0	-0.000311
-12.25	0.0	-0.00031
-12.125	0.0	-0.00031
-12.0	0.0	-0.00031
-11.875	0.0	-0.00031
-11.75	0.0	-0.000309
-11.625	0.0	-0.000309
-11.5	0.0	-0.000309
-11.375	0.0	-0.000309
-11.25	0.0	-0.000308
-11.125	0.0	-0.000308
-11.0	0.0	-0.000308
-10.875	0.0	-0.000308
-10.75	0.0	-0.000307
-10.625	0.0	-0.000307
-10.5	0.0	-0.000307
-10.375	0.0	-0.000306
-10.25	0.0	-0.000306
-10.125	0.0	-0.000306
-10.0	0.0	-0.000306
-9.875	0.0	-0.000305
-9.75	0.0	-0.000305
-9.625	0.0	-0.000305
-9.5	0.0	-0.000305
-9.375	0.0	-0.000304
-9.25	0.0	-0.000304
-9.125	0.0	-0.000304
-9.0	0.0	-0.000303
-8.875	0.0	-0.000303
-8.75	0.0	-0.000303
-8.625	0.0	-0.000303
-8.5	0.0	-0.000302
-8.375	0.0	-0.000302
-8.25	0.0	-0.000302
-8.125	0.0	-0.000302
-8.0	0.0	-0.000301
-7.875	0.0	-0.000301
-7.75	0.0	-0.000301
-7.625	0.0	-0.000301
-7.5	0.0	-0.0003
-7.375	0.0	-0.0003
-7.25	0.0	-0.0003
-7.125	0.0	-0.000299
-7.0	0.0	-0.000299
-6.875	0.0	-0.000299
-6.75	0.0	-0.000299
-6.625	0.0	-0.000298
-6.5	0.0	-0.000298
-6.375	0.0	-0.000298
-6.25	0.0	-0.000298
-6.125	0.0	-0.000297
-6.0	0.0	-0.000297
-5.875	0.0	-0.000297
-5.75	0.0	-0.000296
-5.625	0.0	-0.000296
-5.5	0.0	-0.000296
-5.375	0.0	-0.000296
-5.25	0.0	-0.000295
-5.125	0.0	-0.000295
-5.0	0.0	-0.000295
-4.875	0.0	-0.000294
-4.75	0.0	-0.000294
-4.625	0.0	-0.000294
-4.5	0.0	-0.000294
-4.375	0.0	-0.000293
-4.25	0.0	-0.000293
-4.125	0.0	-0.000293
-4.0	0.0	-0.000293
-3.875	0.0	-0.000292
-3.75	0.0	-0.000292
-3.625	0.0	-0.000292
-3.5	0.0	-0.000291
-3.375	0.0	-0.000291
-3.25	0.0	-0.000291
-3.125	0.0	-0.000291
-3.0	0.0	-0.00029
-2.875	0.0	-0.00029
-2.75	0.0	-0.00029
-2.625	0.0	-0.000289
-2.5	0.0	-0.000289
-2.375	0.0	-0.000289
-2.25	0.0	-0.000289
-2.125	0.0	-0.000288
-2.0	0.0	-0.000288
-1.875	0.0	-0.000288
-1.75	0.0	-0.000288
-1.625	0.0	-0.000287
-1.5	0.0	-0.000287
-1.375	0.0	-0.000287
-1.25	0.0	-0.000286
-1.125	0.0	-0.000286
-1.0	0.0	-0.000286
-0.875	0.0	-0.000286
-0.75	0.0	-0.000285
-0.625	0.0	-0.000285
-0.5	0.0	-0.000285
-0.375	0.0	-0.000284
-0.25	0.0	-0.000284
-0.125	0.0	-0.000284
0.0	0.0	-0.000284
0.125	0.0	-0.000283
0.25	0.0	-0.000283
0.375	0.0	-0.000283
0.5	0.0	-0.000282
0.625	0.0	-0.000282
0.75	0.0	-0.000282
0.875	0.0	-0.000282
1.0	0.0	-0.000281
1.125	0.0	-0.000281
1.25	0.0	-0.000281
1.375	0.0	-0.00028
1.5	0.0	-0.00028
1.625	0.0	-0.00028
1.75	0.0	-0.00028
1.875	0.0	-0.000279
2.0	0.0	-0.000279
2.125	0.0	-0.000279
2.25	0.0	-0.000278
2.375	0.0	-0.000278
2.5	0.0	-0.000278
2.625	0.0	-0.000278
2.75	0.0	-0.000277
2.875	0.0	-0.000277
3.0	0.0	-0.000277
3.125	0.0	-0.000276
3.25	0.0	-0.000276
3.375	0.0	-0.000276
3.5	0.0	-0.000275
3.625	0.0	-0.000275
3.75	0.0	-0.000275
3.875	0.0	-0.000275
4.0	0.0	-0.000274
4.125	0.0	-0.000274
4.25	0.0	-0.000274
4.375	0.0	-0.000273
4.5	0.0	-0.000273
4.625	0.0	-0.000273
4.75	0.0	-0.000273
4.875	0.0	-0.000272
5.0	0.0	-0.000272
5.125	0.0	-0.000272
5.25	0.0	-0.000271
5.375	0.0	-0.000271
5.5	0.0	-0.000271
5.625	0.0	-0.000271
5.75	0.0	-0.00027
5.875	0.0	-0.00027
6.0	0.0	-0.00027
6.125	0.0	-0.000269
6.25	0.0	-0.000269
6.375	0.0	-0.000269
6.5	0.0	-0.000268
6.625	0.0	-0.000268
6.75	0.0	-0.000268
6.875	0.0	-0.000268
7.0	0.0	-0.000267
7.125	0.0	-0.000267
7.25	0.0	-0.000267
7.375	0.0	-0.000266
7.5	0.0	-0.000266
7.625	0.0	-0.000266
7.75	0.0	-0.000265
7.875	0.0	-0.000265
8.0	0.0	-0.000265
8.125	0.0	-0.000265
8.25	0.0	-0.000264
8.375	0.0	-0.000264
8.5	0.0	-0.000264
8.625	0.0	-0.000263
8.75	0.0	-0.000263
8.875	0.0	-0.000263
9.0	0.0	-0.000262
9.125	0.0	-0.000262
9.25	0.0	-0.000262
9.375	0.0	-0.000262
9.5	0.0	-0.000261
9.625	0.0	-0.000261
9.75	0.0	-0.000261
9.875	0.0	-0.00026
10.0	0.0	-0.00026
10.125	0.0	-0.00026
10.25	0.0	-0.000259
10.375	0.0	-0.000259
10.5	0.0	-0.000259
10.625	0.0	-0.000258
10.75	0.0	-0.000258
10.875	0.0	-0.000258
11.0	0.0	-0.000258
11.125	0.0	-0.000257
11.25	0.0	-0.000257
11.375	0.0	-0.000257
11.5	0.0	-0.000256
11.625	0.0	-0.000256
11.75	0.0	-0.000256
11.875	0.0	-0.000255
12.0	0.0	-0.000255
12.125	0.0	-0.000255
12.25	0.0	-0.000254
12.375	0.0	-0.000254
12.5	0.0	-0.000254
12.625	0.0	-0.000254
12.75	0.0	-0.000253
12.875	0.0	-0.000253
13.0	0.0	-0.000253
13.125	0.0	-0.000252
13.25	0.0	-0.000252
13.375	0.0	-0.000252
13.5	0.0	-0.000251
13.625	0.0	-0.000251
13.75	0.0	-0.000251
13.875	0.0	-0.00025
14.0	0.0	-0.00025
14.125	0.0	-0.00025
14.25	0.0	-0.000249
14.375	0.0	-0.000249
14.5	0.0	-0.000249
14.625	0.0	-0.000248
14.75	0.0	-0.000248
14.875	0.0	-0.000248
15.0	0.0	-0.000248
15.125	0.0	-0.000247
15.25	0.0	-0.000247
15.375	0.0	-0.000247
15.5	0.0	-0.000246
15.625	0.0	-0.000246
15.75	0.0	-0.000246
15.875	0.0	-0.000245
16.0	0.0	-0.000245
16.125	0.0	-0.000245
16.25	0.0	-0.000244
16.375	0.0	-0.000244
16.5	0.0	-0.000244
16.625	0.0	-0.000243
16.75	0.0	-0.000243
16.875	0.0	-0.000243
17.0	0.0	-0.000242
17.125	0.0	-0.000242
17.25	0.0	-0.000242
17.375	0.0	-0.000241
17.5	0.0	-0.000241
17.625	0.0	-0.000241
17.75	0.0	-0.00024
17.875	0.0	-0.00024
18.0	0.0	-0.00024
18.125	0.0	-0.00024
18.25	0.0	-0.000239
18.375	0.0	-0.000239
18.5	0.0	-0.000239
18.625	0.0	-0.000238
18.75	0.0	-0.000238
18.875	0.0	-0.000238
19.0	0.0	-0.000237
19.125	0.0	-0.000237
19.25	0.0	-0.000237
19.375	0.0	-0.000236
19.5	0.0	-0.000236
19.625	0.0	-0.000236
19.75	0.0	-0.000235
19.875	0.0	-0.000235
20.0	0.0	-0.000235
20.125	0.0	-0.000234
20.25	0.0	-0.000234
20.375	0.0	-0.000234
20.5	0.0	-0.000233
20.625	0.0	-0.000233
20.75	0.0	-0.000233
20.875	0.0	-0.000232
21.0	0.0	-0.000232
21.125	0.0	-0.000232
21.25	0.0	-0.000231
21.375	0.0	-0.000231
21.5	0.0	-0.000231
21.625	0.0	-0.00023
21.75	0.0	-0.00023
21.875	0.0	-0.00023
22.0	0.0	-0.000229
22.125	0.0	-0.000229
22.25	0.0	-0.000229
22.375	0.0	-0.000228
22.5	0.0	-0.000228
22.625	0.0	-0.000228
22.75	0.0	-0.000227
22.875	0.0	-0.000227
23.0	0.0	-0.000227
23.125	0.0	-0.000226
23.25	0.0	-0.000226
23.375	0.0	-0.000226
23.5	0.0	-0.000225
23.625	0.0	-0.000225
23.75	0.0	-0.000224
23.875	0.0	-0.000224
24.0	0.0	-0.000224
24.125	0.0	-0.000223
24.25	0.0	-0.000223
24.375	0.0	-0.000223
24.5	0.0	-0.000222
24.625	0.0	-0.000222
24.75	0.0	-0.000222
24.875	0.0	-0.000221
25.0	0.0	-0.000221
25.125	0.0	-0.000221
25.25	0.0	-0.00022
25.375	0.0	-0.00022
25.5	0.0	-0.00022
25.625	0.0	-0.000219
25.75	0.0	-0.000219
25.875	0.0	-0.000219
26.0	0.0	-0.000218
26.125	0.0	-0.000218
26.25	0.0	-0.000218
26.375	0.0	-0.000217
26.5	0.0	-0.000217
26.625	0.0	-0.000217
26.75	0.0	-0.000216
26.875	0.0	-0.000216
27.0	0.0	-0.000215
27.125	0.0	-0.000215
27.25	0.0	-0.000215
27.375	0.0	-0.000214
27.5	0.0	-0.000214
27.625	0.0	-0.000214
27.75	0.0	-0.000213
27.875	0.0	-0.000213
28.0	0.0	-0.000213
28.125	0.0	-0.000212
28.25	0.0	-0.000212
28.375	0.0	-0.000212
28.5	0.0	-0.000211
28.625	0.0	-0.000211
28.75	0.0	-0.000211
28.875	0.0	-0.00021
29.0	0.0	-0.00021
29.125	0.0	-0.000209
29.25	0.0	-0.000209
29.375	0.0	-0.000209
29.5	0.0	-0.000208
29.625	0.0	-0.000208
29.75	0.0	-0.000208
29.875	0.0	-0.000207
30.0	0.0	-0.000207
30.125	0.0	-0.000207
30.25	0.0	-0.000206
30.375	0.0	-0.000206
30.5	0.0	-0.000205
30.625	0.0	-0.000205
30.75	0.0	-0.000205
30.875	0.0	-0.000204
31.0	0.0	-0.000204
31.125	0.0	-0.000204
31.25	0.0	-0.000203
31.375	0.0	-0.000203
31.5	0.0	-0.000203
31.625	0.0	-0.000202
31.75	0.0	-0.000202
31.875	0.0	-0.000201
32.0	0.0	-0.000201
32.125	0.0	-0.000201
32.25	0.0	-0.0002
32.375	0.0	-0.0002
32.5	0.0	-0.0002
32.625	0.0	-0.000199
32.75	0.0	-0.000199
32.875	0.0	-0.000198
33.0	0.0	-0.000198
33.125	0.0	-0.000198
33.25	0.0	-0.000197
33.375	0.0	-0.000197
33.5	0.0	-0.000197
33.625	0.0	-0.000196
33.75	0.0	-0.000196
33.875	0.0	-0.000195
34.0	0.0	-0.000195
34.125	0.0	-0.000195
34.25	0.0	-0.000194
34.375	0.0	-0.000194
34.5	0.0	-0.000194
34.625	0.0	-0.000193
34.75	0.0	-0.000193
34.875	0.0	-0.000192
35.0	0.0	-0.000192
35.125	0.0	-0.000192
35.25	0.0	-0.000191
35.375	0.0	-0.000191
35.5	0.0	-0.000191
35.625	0.0	-0.00019
35.75	0.0	-0.00019
35.875	0.0	-0.000189
36.0	0.0	-0.000189
36.125	0.0	-0.000189
36.25	0.0	-0.000188
36.375	0.0	-0.000188
36.5	0.0	-0.000187
36.625	0.0	-0.000187
36.75	0.0	-0.000187
36.875	0.0	-0.000186
37.0	0.0	-0.000186
37.125	0.0	-0.000186
37.25	0.0	-0.000185
37.375	0.0	-0.000185
37.5	0.0	-0.000184
37.625	0.0	-0.000184
37.75	0.0	-0.000184
37.875	0.0	-0.000183
38.0	0.0	-0.000183
38.125	0.0	-0.000182
38.25	0.0	-0.000182
38.375	0.0	-0.000182
38.5	0.0	-0.000181
38.625	0.0	-0.000181
38.75	0.0	-0.00018
38.875	0.0	-0.00018
39.0	0.0	-0.00018
39.125	0.0	-0.000179
39.25	0.0	-0.000179
39.375	0.0	-0.000178
39.5	0.0	-0.000178
39.625	0.0	-0.000178
39.75	0.0	-0.000177
39.875	0.0	-0.000177
40.0	0.0	-0.000176
40.125	0.0	-0.000176
40.25	0.0	-0.000176
40.375	0.0	-0.000175
40.5	0.0	-0.000175
40.625	0.0	-0.000174
40.75	0.0	-0.000174
40.875	0.0	-0.000174
41.0	0.0	-0.000173
41.125	0.0	-0.000173
41.25	0.0	-0.000172
41.375	0.0	-0.000172
41.5	0.0	-0.000172
41.625	0.0	-0.000171
41.75	0.0	-0.000171
41.875	0.0	-0.00017
42.0	0.0	-0.00017
42.125	0.0	-0.00017
42.25	0.0	-0.000169
42.375	0.0	-0.000169
42.5	0.0	-0.000168
42.625	0.0	-0.000168
42.75	0.0	-0.000167
42.875	0.0	-0.000167
43.0	0.0	-0.000167
43.125	0.0	-0.000166
43.25	0.0	-0.000166
43.375	0.0	-0.000165
43.5	0.0	-0.000165
43.625	0.0	-0.000165
43.75	0.0	-0.000164
43.875	0.0	-0.000164
44.0	0.0	-0.000163
44.125	0.0	-0.000163
44.25	0.0	-0.000162
44.375	0.0	-0.000162
44.5	0.0	-0.000162
44.625	0.0	-0.000161
44.75	0.0	-0.000161
44.875	0.0	-0.00016
45.0	0.0	-0.00016
45.125	0.0	-0.000159
45.25	0.0	-0.000159
45.375	0.0	-0.000159
45.5	0.0	-0.000158
45.625	0.0	-0.000158
45.75	0.0	-0.000157
45.875	0.0	-0.000157
46.0	0.0	-0.000156
46.125	0.0	-0.000156
46.25	0.0	-0.000156
46.375	0.0	-0.000155
46.5	0.0	-0.000155
46.625	0.0	-0.000154
46.75	0.0	-0.000154
46.875	0.0	-0.000153
47.0	0.0	-0.000153
47.125	0.0	-0.000153
47.25	0.0	-0.000152
47.375	0.0	-0.000152
47.5	0.0	-0.000151
47.625	0.0	-0.000151
47.75	0.0	-0.00015
47.875	0.0	-0.00015
48.0	0.0	-0.00015
48.125	0.0	-0.000149
48.25	0.0	-0.000149
48.375	0.0	-0.000148
48.5	0.0	-0.000148
48.625	0.0	-0.000147
48.75	0.0	-0.000147
48.875	0.0	-0.000146
49.0	0.0	-0.000146
49.125	0.0	-0.000146
49.25	0.0	-0.000145
49.375	0.0	-0.000145
49.5	0.0	-0.000144
49.625	0.0	-0.000144
49.75	0.0	-0.000143
49.875	0.0	-0.000143
50.0	0.0	-0.000142
50.125	0.0	-0.000142
50.25	0.0	-0.000142
50.375	0.0	-0.000141
50.5	0.0	-0.000141
50.625	0.0	-0.00014
50.75	0.0	-0.00014
50.875	0.0	-0.000139
51.0	0.0	-0.000139
51.125	0.0	-0.000138
51.25	0.0	-0.000138
51.375	0.0	-0.000137
51.5	0.0	-0.000137
51.625	0.0	-0.000136
51.75	0.0	-0.000136
51.875	0.0	-0.000136
52.0	0.0	-0.000135
52.125	0.0	-0.000135
52.25	0.0	-0.000134
52.375	0.0	-0.000134
52.5	0.0	-0.000133
52.625	0.0	-0.000133
52.75	0.0	-0.000132
52.875	0.0	-0.000132
53.0	0.0	-0.000131
53.125	0.0	-0.000131
53.25	0.0	-0.00013
53.375	0.0	-0.00013
53.5	0.0	-0.00013
53.625	0.0	-0.000129
53.75	0.0	-0.000129
53.875	0.0	-0.000128
54.0	0.0	-0.000128
54.125	0.0	-0.000127
54.25	0.0	-0.000127
54.375	0.0	-0.000126
54.5	0.0	-0.000126
54.625	0.0	-0.000125
54.75	0.0	-0.000125
54.875	0.0	-0.000124
55.0	0.0	-0.000124
55.125	0.0	-0.000123
55.25	0.0	-0.000123
55.375	0.0	-0.000122
55.5	0.0	-0.000122
55.625	0.0	-0.000121
55.75	0.0	-0.000121
55.875	0.0	-0.00012
56.0	0.0	-0.00012
56.125	0.0	-0.000119
56.25	0.0	-0.000119
56.375	0.0	-0.000118
56.5	0.0	-0.000118
56.625	0.0	-0.000117
56.75	0.0	-0.000117
56.875	0.0	-0.000117
57.0	0.0	-0.000116
57.125	0.0	-0.000116
57.25	0.0	-0.000115
57.375	0.0	-0.000115
57.5	0.0	-0.000114
57.625	0.0	-0.000114
57.75	0.0	-0.000113
57.875	0.0	-0.000113
58.0	0.0	-0.000112
58.125	0.0	-0.000112
58.25	0.0	-0.000111
58.375	0.0	-0.000111
58.5	0.0	-0.00011
58.625	0.0	-0.00011
58.75	0.0	-0.000109
58.875	0.0	-0.000109
59.0	0.0	-0.000108
59.125	0.0	-0.000108
59.25	0.0	-0.000107
59.375	0.0	-0.000107
59.5	0.0	-0.000106
59.625	0.0	-0.000105
59.75	0.0	-0.000105
59.875	0.0	-0.000104
60.0	0.0	-0.000104
60.125	0.0	-0.000103
60.25	0.0	-0.000103
60.375	0.0	-0.000102
60.5	0.0	-0.000102
60.625	0.0	-0.000101
60.75	0.0	-0.000101
60.875	0.0	-0.0001
61.0	0.0	-0.0001
61.125	0.0	-9.9e-5
61.25	0.0	-9.9e-5
61.375	0.0	-9.8e-5
61.5	0.0	-9.8e-5
61.625	0.0	-9.7e-5
61.75	0.0	-9.7e-5
61.875	0.0	-9.6e-5
62.0	0.0	-9.6e-5
62.125	0.0	-9.5e-5
62.25	0.0	-9.5e-5
62.375	0.0	-9.4e-5
62.5	0.0	-9.3e-5
62.625	0.0	-9.3e-5
62.75	0.0	-9.2e-5
62.875	0.0	-9.2e-5
63.0	0.0	-9.1e-5
63.125	0.0	-9.1e-5
63.25	0.0	-9.0e-5
63.375	0.0	-9.0e-5
63.5	0.0	-8.9e-5
63.625	0.0	-8.9e-5
63.75	0.0	-8.8e-5
63.875	0.0	-8.8e-5
64.0	0.0	-8.7e-5
64.125	0.0	-8.7e-5
64.25	0.0	-8.6e-5
64.375	0.0	-8.5e-5
64.5	0.0	-8.5e-5
64.625	0.0	-8.4e-5
64.75	0.0	-8.4e-5
64.875	0.0	-8.3e-5
65.0	0.0	-8.3e-5
65.125	0.0	-8.2e-5
65.25	0.0	-8.2e-5
65.375	0.0	-8.1e-5
65.5	0.0	-8.0e-5
65.625	0.0	-8.0e-5
65.75	0.0	-7.9e-5
65.875	0.0	-7.9e-5
66.0	0.0	-7.8e-5
66.125	0.0	-7.8e-5
66.25	0.0	-7.7e-5
66.375	0.0	-7.7e-5
66.5	0.0	-7.6e-5
66.625	0.0	-7.5e-5
66.75	0.0	-7.5e-5
66.875	0.0	-7.4e-5
67.0	0.0	-7.4e-5
67.125	0.0	-7.3e-5
67.25	0.0	-7.3e-5
67.375	0.0	-7.2e-5
67.5	0.0	-7.1e-5
67.625	0.0	-7.1e-5
67.75	0.0	-7.0e-5
67.875	0.0	-7.0e-5
68.0	0.0	-6.9e-5
68.125	0.0	-6.9e-5
68.25	0.0	-6.8e-5
68.375	0.0	-6.7e-5
68.5	0.0	-6.7e-5
68.625	0.0	-6.6e-5
68.75	0.0	-6.6e-5
68.875	0.0	-6.5e-5
69.0	0.0	-6.4e-5
69.125	0.0	-6.4e-5
69.25	0.0	-6.3e-5
69.375	0.0	-6.3e-5
69.5	0.0	-6.2e-5
69.625	0.0	-6.2e-5
69.75	0.0	-6.1e-5
69.875	0.0	-6.0e-5
70.0	0.0	-6.0e-5
70.125	0.0	-5.9e-5
70.25	0.0	-5.9e-5
70.375	0.0	-5.8e-5
70.5	0.0	-5.7e-5
70.625	0.0	-5.7e-5
70.75	0.0	-5.6e-5
70.875	0.0	-5.6e-5
71.0	0.0	-5.5e-5
71.125	0.0	-5.4e-5
71.25	0.0	-5.4e-5
71.375	0.0	-5.3e-5
71.5	0.0	-5.3e-5
71.625	0.0	-5.2e-5
71.75	0.0	-5.1e-5
71.875	0.0	-5.1e-5
72.0	0.0	-5.0e-5
72.125	0.0	-4.9e-5
72.25	0.0	-4.9e-5
72.375	0.0	-4.8e-5
72.5	0.0	-4.8e-5
72.625	0.0	-4.7e-5
72.75	0.0	-4.6e-5
72.875	0.0	-4.6e-5
73.0	0.0	-4.5e-5
73.125	0.0	-4.5e-5
73.25	0.0	-4.4e-5
73.375	0.0	-4.3e-5
73.5	0.0	-4.3e-5
73.625	0.0	-4.2e-5
73.75	0.0	-4.1e-5
73.875	0.0	-4.1e-5
74.0	0.0	-4.0e-5
74.125	0.0	-3.9e-5
74.25	0.0	-3.9e-5
74.375	0.0	-3.8e-5
74.5	0.0	-3.8e-5
74.625	0.0	-3.7e-5
74.75	0.0	-3.6e-5
74.875	0.0	-3.6e-5
75.0	0.0	-3.5e-5
75.125	0.0	-3.4e-5
75.25	0.0	-3.4e-5
75.375	0.0	-3.3e-5
75.5	0.0	-3.2e-5
75.625	0.0	-3.2e-5
75.75	0.0	-3.1e-5
75.875	0.0	-3.0e-5
76.0	0.0	-3.0e-5
76.125	0.0	-2.9e-5
76.25	0.0	-2.9e-5
76.375	0.0	-2.8e-5
76.5	0.0	-2.7e-5
76.625	0.0	-2.7e-5
76.75	0.0	-2.6e-5
76.875	0.0	-2.5e-5
77.0	0.0	-2.5e-5
77.125	0.0	-2.4e-5
77.25	0.0	-2.3e-5
77.375	0.0	-2.3e-5
77.5	0.0	-2.2e-5
77.625	0.0	-2.1e-5
77.75	0.0	-2.1e-5
77.875	0.0	-2.0e-5
78.0	0.0	-1.9e-5
78.125	0.0	-1.8e-5
78.25	0.0	-1.8e-5
78.375	0.0	-1.7e-5
78.5	0.0	-1.6e-5
78.625	0.0	-1.6e-5
78.75	0.0	-1.5e-5
78.875	0.0	-1.4e-5
79.0	0.0	-1.4e-5
79.125	0.0	-1.3e-5
79.25	0.0	-1.2e-5
79.375	0.0	-1.2e-5
79.5	0.0	-1.1e-5
79.625	0.0	-1.0e-5
79.75	0.0	-1.0e-5
79.875	0.0	-9.0e-6
80.0	0.0	-8.0e-6
80.125	0.0	-7.0e-6
80.25	0.0	-7.0e-6
80.375	0.0	-6.0e-6
80.5	0.0	-5.0e-6
80.625	0.0	-5.0e-6
80.75	0.0	-4.0e-6
80.875	0.0	-3.0e-6
81.0	0.0	-2.0e-6
81.125	0.0	-2.0e-6
81.25	0.0	-1.0e-6
81.375	0.0	0.0
81.5	0.0	0.0
81.625	0.0	1.0e-6
81.75	0.0	2.0e-6
81.875	0.0	3.0e-6
82.0	0.0	3.0e-6
82.125	0.0	4.0e-6
82.25	0.0	5.0e-6
82.375	0.0	5.0e-6
82.5	0.0	6.0e-6
82.625	0.0	7.0e-6
82.75	0.0	8.0e-6
82.875	0.0	8.0e-6
83.0	0.0	9.0e-6
83.125	0.0	1.0e-5
83.25	0.0	1.1e-5
83.375	0.0	1.1e-5
83.5	0.0	1.2e-5
83.625	0.0	1.3e-5
83.75	0.0	1.4e-5
83.875	0.0	1.4e-5
84.0	0.0	1.5e-5
84.125	0.0	1.6e-5
84.25	0.0	1.7e-5
84.375	0.0	1.7e-5
84.5	0.0	1.8e-5
84.625	0.0	1.9e-5
84.75	0.0	2.0e-5
84.875	0.0	2.0e-5
85.0	0.0	2.1e-5
85.125	0.0	2.2e-5
85.25	0.0	2.3e-5
85.375	0.0	2.4e-5
85.5	0.0	2.4e-5
85.625	0.0	2.5e-5
85.75	0.0	2.6e-5
85.875	0.0	2.7e-5
86.0	0.0	2.7e-5
86.125	0.0	2.8e-5
86.25	0.0	2.9e-5
86.375	0.0	3.0e-5
86.5	0.0	3.1e-5
86.625	0.0	3.1e-5
86.75	0.0	3.2e-5
86.875	0.0	3.3e-5
87.0	0.0	3.4e-5
87.125	0.0	3.5e-5
87.25	0.0	3.5e-5
87.375	0.0	3.6e-5
87.5	0.0	3.7e-5
87.625	0.0	3.8e-5
87.75	0.0	3.9e-5
87.875	0.0	3.9e-5
88.0	0.0	4.0e-5
88.125	0.0	4.1e-5
88.25	0.0	4.2e-5
88.375	0.0	4.3e-5
88.5	0.0	4.3e-5
88.625	0.0	4.4e-5
88.75	0.0	4.5e-5
88.875	0.0	4.6e-5
89.0	0.0	4.7e-5
89.125	0.0	4.8e-5
89.25	0.0	4.8e-5
89.375	0.0	4.9e-5
89.5	0.0	5.0e-5
89.625	0.0	5.1e-5
89.75	0.0	5.2e-5
89.875	0.0	5.3e-5
90.0	0.0	5.3e-5
90.125	0.0	5.4e-5
90.25	0.0	5.5e-5
90.375	0.0	5.6e-5
90.5	0.0	5.7e-5
90.625	0.0	5.8e-5
90.75	0.0	5.9e-5
90.875	0.0	5.9e-5
91.0	0.0	6.0e-5
91.125	0.0	6.1e-5
91.25	0.0	6.2e-5
91.375	0.0	6.3e-5
91.5	0.0	6.4e-5
91.625	0.0	6.5e-5
91.75	0.0	6.6e-5
91.875	0.0	6.6e-5
92.0	0.0	6.7e-5
92.125	0.0	6.8e-5
92.25	0.0	6.9e-5
92.375	0.0	7.0e-5
92.5	0.0	7.1e-5
92.625	0.0	7.2e-5
92.75	0.0	7.3e-5
92.875	0.0	7.4e-5
93.0	0.0	7.4e-5
93.125	0.0	7.5e-5
93.25	0.0	7.6e-5
93.375	0.0	7.7e-5
93.5	0.0	7.8e-5
93.625	0.0	7.9e-5
93.75	0.0	8.0e-5
93.875	0.0	8.1e-5
94.0	0.0	8.2e-5
94.125	0.0	8.3e-5
94.25	0.0	8.4e-5
94.375	0.0	8.4e-5
94.5	0.0	8.5e-5
94.625	0.0	8.6e-5
94.75	0.0	8.7e-5
94.875	0.0	8.8e-5
95.0	0.0	8.9e-5
95.125	0.0	9.0e-5
95.25	0.0	9.1e-5
95.375	0.0	9.2e-5
95.5	0.0	9.3e-5
95.625	0.0	9.4e-5
95.75	0.0	9.5e-5
95.875	0.0	9.6e-5
96.0	0.0	9.7e-5
96.125	0.0	9.8e-5
96.25	0.0	9.9e-5
96.375	0.0	0.0001
96.5	0.0	0.000101
96.625	0.0	0.000101
96.75	0.0	0.000102
96.875	0.0	0.000103
97.0	0.0	0.000104
97.125	0.0	0.000105
97.25	0.0	0.000106
97.375	0.0	0.000107
97.5	0.0	0.000108
97.625	0.0	0.000109
97.75	0.0	0.00011
97.875	0.0	0.000111
98.0	0.0	0.000112
98.125	0.0	0.000113
98.25	0.0	0.000114
98.375	0.0	0.000115
98.5	0.0	0.000116
98.625	0.0	0.000117
98.75	0.0	0.000118
98.875	0.0	0.000119
99.0	0.0	0.00012
99.125	0.0	0.000121
99.25	0.0	0.000122
99.375	0.0	0.000123
99.5	0.0	0.000125
99.625	0.0	0.000126
99.75	0.0	0.000127
99.875	0.0	0.000128
100.0	0.0	0.000129
100.125	0.0	0.00013
100.25	0.0	0.000131
100.375	0.0	0.000132
100.5	0.0	0.000133
100.625	0.0	0.000134
100.75	0.0	0.000135
100.875	0.0	0.000136
101.0	0.0	0.000137
101.125	0.0	0.000138
101.25	0.0	0.000139
101.375	0.0	0.00014
101.5	0.0	0.000141
101.625	0.0	0.000143
101.75	0.0	0.000144
101.875	0.0	0.000145
102.0	0.0	0.000146
102.125	0.0	0.000147
102.25	0.0	0.000148
102.375	0.0	0.000149
102.5	0.0	0.00015
102.625	0.0	0.000151
102.75	0.0	0.000152
102.875	0.0	0.000154
103.0	0.0	0.000155
103.125	0.0	0.000156
103.25	0.0	0.000157
103.375	0.0	0.000158
103.5	0.0	0.000159
103.625	0.0	0.00016
103.75	0.0	0.000161
103.875	0.0	0.000163
104.0	0.0	0.000164
104.125	0.0	0.000165
104.25	0.0	0.000166
104.375	0.0	0.000167
104.5	0.0	0.000168
104.625	0.0	0.00017
104.75	0.0	0.000171
104.875	0.0	0.000172
105.0	0.0	0.000173
105.125	0.0	0.000174
105.25	0.0	0.000175
105.375	0.0	0.000177
105.5	0.0	0.000178
105.625	0.0	0.000179
105.75	0.0	0.00018
105.875	0.0	0.000181
106.0	0.0	0.000183
106.125	0.0	0.000184
106.25	0.0	0.000185
106.375	0.0	0.000186
106.5	0.0	0.000187
106.625	0.0	0.000189
106.75	0.0	0.00019
106.875	0.0	0.000191
107.0	0.0	0.000192
107.125	0.0	0.000194
107.25	0.0	0.000195
107.375	0.0	0.000196
107.5	0.0	0.000197
107.625	0.0	0.000199
107.75	0.0	0.0002
107.875	0.0	0.000201
108.0	0.0	0.000202
108.125	0.0	0.000204
108.25	0.0	0.000205
108.375	0.0	0.000206
108.5	0.0	0.000207
108.625	0.0	0.000209
108.75	0.0	0.00021
108.875	0.0	0.000211
109.0	0.0	0.000213
109.125	0.0	0.000214
109.25	0.0	0.000215
109.375	0.0	0.000216
109.5	0.0	0.000218
109.625	0.0	0.000219
109.75	0.0	0.00022
109.875	0.0	0.000222
110.0	0.0	0.000223
110.125	0.0	0.000224
110.25	0.0	0.000226
110.375	0.0	0.000227
110.5	0.0	0.000228
110.625	0.0	0.00023
110.75	0.0	0.000231
110.875	0.0	0.000233
111.0	0.0	0.000234
111.125	0.0	0.000235
111.25	0.0	0.000237
111.375	0.0	0.000238
111.5	0.0	0.000239
111.625	0.0	0.000241
111.75	0.0	0.000242
111.875	0.0	0.000244
112.0	0.0	0.000245
112.125	0.0	0.000246
112.25	0.0	0.000248
112.375	0.0	0.000249
112.5	0.0	0.000251
112.625	0.0	0.000252
112.75	0.0	0.000253
112.875	0.0	0.000255
113.0	0.0	0.000256
113.125	0.0	0.000258
113.25	0.0	0.000259
113.375	0.0	0.000261
113.5	0.0	0.000262
113.625	0.0	0.000264
113.75	0.0	0.000265
113.875	0.0	0.000267
114.0	0.0	0.000268
114.125	0.0	0.00027
114.25	0.0	0.000271
114.375	0.0	0.000272
114.5	0.0	0.000274
114.625	0.0	0.000275
114.75	0.0	0.000277
114.875	0.0	0.000279
115.0	0.0	0.00028
115.125	0.0	0.000282
115.25	0.0	0.000283
115.375	0.0	0.000285
115.5	0.0	0.000286
115.625	0.0	0.000288
115.75	0.0	0.000289
115.875	0.0	0.000291
116.0	0.0	0.000292
116.125	0.0	0.000294
116.25	0.0	0.000296
116.375	0.0	0.000297
116.5	0.0	0.000299
116.625	0.0	0.0003
116.75	0.0	0.000302
116.875	0.0	0.000303
117.0	0.0	0.000305
117.125	0.0	0.000307
117.25	0.0	0.000308
117.375	0.0	0.00031
117.5	0.0	0.000312
117.625	0.0	0.000313
117.75	0.0	0.000315
117.875	0.0	0.000317
118.0	0.0	0.000318
118.125	0.0	0.00032
118.25	0.0	0.000321
118.375	0.0	0.000323
118.5	0.0	0.000325
118.625	0.0	0.000327
118.75	0.0	0.000328
118.875	0.0	0.00033
119.0	0.0	0.000332
119.125	0.0	0.000333
119.25	0.0	0.000335
119.375	0.0	0.000337
119.5	0.0	0.000338
119.625	0.0	0.00034
119.75	0.0	0.000342
119.875	0.0	0.000344
120.0	0.0	0.000345
120.125	0.0	0.000347
120.25	0.0	0.000349
120.375	0.0	0.000351
120.5	0.0	0.000353
120.625	0.0	0.000354
120.75	0.0	0.000356
120.875	0.0	0.000358
121.0	0.0	0.00036
121.125	0.0	0.000362
121.25	0.0	0.000363
121.375	0.0	0.000365
121.5	0.0	0.000367
121.625	0.0	0.000369
121.75	0.0	0.000371
121.875	0.0	0.000373
122.0	0.0	0.000374
122.125	0.0	0.000376
122.25	0.0	0.000378
122.375	0.0	0.00038
122.5	0.0	0.000382
122.625	0.0	0.000384
122.75	0.0	0.000386
122.875	0.0	0.000388
123.0	0.0	0.00039
123.125	0.0	0.000391
123.25	0.0	0.000393
123.375	0.0	0.000395
123.5	0.0	0.000397
123.625	0.0	0.000399
123.75	0.0	0.000401
123.875	0.0	0.000403
124.0	0.0	0.000405
124.125	0.0	0.000407
124.25	0.0	0.000409
124.375	0.0	0.000411
124.5	0.0	0.000413
124.625	0.0	0.000415
124.75	0.0	0.000417
124.875	0.0	0.000419
125.0	0.0	0.000421
125.125	0.0	0.000423
125.25	0.0	0.000425
125.375	0.0	0.000427
125.5	0.0	0.00043
125.625	0.0	0.000432
125.75	0.0	0.000434
125.875	0.0	0.000436
126.0	0.0	0.000438
126.125	0.0	0.00044
126.25	0.0	0.000442
126.375	0.0	0.000444
126.5	0.0	0.000446
126.625	0.0	0.000449
126.75	0.0	0.000451
126.875	0.0	0.000453
127.0	0.0	0.000455
127.125	0.0	0.000457
127.25	0.0	0.000459
127.375	0.0	0.000462
127.5	0.0	0.000464
127.625	0.0	0.000466
127.75	0.0	0.000468
127.875	0.0	0.000471
128.0	0.0	0.000473
128.125	0.0	0.000475
128.25	0.0	0.000477
128.375	0.0	0.00048
128.5	0.0	0.000482
128.625	0.0	0.000484
128.75	0.0	0.000487
128.875	0.0	0.000489
129.0	0.0	0.000491
129.125	0.0	0.000493
129.25	0.0	0.000496
129.375	0.0	0.000498
129.5	0.0	0.000501
129.625	0.0	0.000503
129.75	0.0	0.000505
129.875	0.0	0.000508
130.0	0.0	0.00051
130.125	0.0	0.000512
130.25	0.0	0.000515
130.375	0.0	0.000517
130.5	0.0	0.00052
130.625	0.0	0.000522
130.75	0.0	0.000525
130.875	0.0	0.000527
131.0	0.0	0.00053
131.125	0.0	0.000532
131.25	0.0	0.000535
131.375	0.0	0.000537
131.5	0.0	0.00054
131.625	0.0	0.000542
131.75	0.0	0.000545
131.875	0.0	0.000547
132.0	0.0	0.00055
132.125	0.0	0.000553
132.25	0.0	0.000555
132.375	0.0	0.000558
132.5	0.0	0.00056
132.625	0.0	0.000563
132.75	0.0	0.000566
132.875	0.0	0.000568
133.0	0.0	0.000571
133.125	0.0	0.000574
133.25	0.0	0.000576
133.375	0.0	0.000579
133.5	0.0	0.000582
133.625	0.0	0.000584
133.75	0.0	0.000587
133.875	0.0	0.00059
134.0	0.0	0.000593
134.125	0.0	0.000595
134.25	0.0	0.000598
134.375	0.0	0.000601
134.5	0.0	0.000604
134.625	0.0	0.000607
134.75	0.0	0.000609
134.875	0.0	0.000612
135.0	0.0	0.000615
135.125	0.0	0.000618
135.25	0.0	0.000621
135.375	0.0	0.000624
135.5	0.0	0.000627
135.625	0.0	0.00063
135.75	0.0	0.000632
135.875	0.0	0.000635
136.0	0.0	0.000638
136.125	0.0	0.000641
136.25	0.0	0.000644
136.375	0.0	0.000647
136.5	0.0	0.00065
136.625	0.0	0.000653
136.75	0.0	0.000656
136.875	0.0	0.000659
137.0	0.0	0.000662
137.125	0.0	0.000666
137.25	0.0	0.000669
137.375	0.0	0.000672
137.5	0.0	0.000675
137.625	0.0	0.000678
137.75	0.0	0.000681
137.875	0.0	0.000684
138.0	0.0	0.000687
138.125	0.0	0.000691
138.25	0.0	0.000694
138.375	0.0	0.000697
138.5	0.0	0.0007
138.625	0.0	0.000704
138.75	0.0	0.000707
138.875	0.0	0.00071
139.0	0.0	0.000713
139.125	0.0	0.000717
139.25	0.0	0.00072
139.375	0.0	0.000723
139.5	0.0	0.000727
139.625	0.0	0.00073
139.75	0.0	0.000733
139.875	0.0	0.000737
140.0	0.0	0.00074
140.125	0.0	0.000744
140.25	0.0	0.000747
140.375	0.0	0.000751
140.5	0.0	0.000754
140.625	0.0	0.000757
140.75	0.0	0.000761
140.875	0.0	0.000765
141.0	0.0	0.000768
141.125	0.0	0.000772
141.25	0.0	0.000775
141.375	0.0	0.000779
141.5	0.0	0.000782
141.625	0.0	0.000786
141.75	0.0	0.00079
141.875	0.0	0.000793
142.0	0.0	0.000797
142.125	0.0	0.000801
142.25	0.0	0.000804
142.375	0.0	0.000808
142.5	0.0	0.000812
142.625	0.0	0.000815
142.75	0.0	0.000819
142.875	0.0	0.000823
143.0	0.0	0.000827
143.125	0.0	0.000831
143.25	0.0	0.000834
143.375	0.0	0.000838
143.5	0.0	0.000842
143.625	0.0	0.000846
143.75	0.0	0.00085
143.875	0.0	0.000854
144.0	0.0	0.000858
144.125	0.0	0.000862
144.25	0.0	0.000866
144.375	0.0	0.00087
144.5	0.0	0.000874
144.625	0.0	0.000878
144.75	0.0	0.000882
144.875	0.0	0.000886
145.0	0.0	0.00089
145.125	0.0	0.000894
145.25	0.0	0.000898
145.375	0.0	0.000902
145.5	0.0	0.000906
145.625	0.0	0.000911
145.75	0.0	0.000915
145.875	0.0	0.000919
146.0	0.0	0.000923
146.125	0.0	0.000928
146.25	0.0	0.000932
146.375	0.0	0.000936
146.5	0.0	0.00094
146.625	0.0	0.000945
146.75	0.0	0.000949
146.875	0.0	0.000954
147.0	0.0	0.000958
147.125	0.0	0.000962
147.25	0.0	0.000967
147.375	0.0	0.000971
147.5	0.0	0.000976
147.625	0.0	0.00098
147.75	0.0	0.000985
147.875	0.0	0.000989
148.0	0.0	0.000994
148.125	0.0	0.000998
148.25	0.0	0.001003
148.375	0.0	0.001008
148.5	0.0	0.001012
148.625	0.0	0.001017
148.75	0.0	0.001022
148.875	0.0	0.001026
149.0	0.0	0.001031
149.125	0.0	0.001035
149.25	0.0	0.00104
149.375	0.0	0.001045
149.5	0.0	0.001049
149.625	0.0	0.001054
149.75	0.0	0.001058
149.875	0.0	0.001063
150.0	0.0	0.001067
150.125	0.0	0.001071
150.25	0.0	0.001076
150.375	0.0	0.00108
150.5	0.0	0.001083
150.625	0.0	0.001087
150.75	0.0	0.001091
150.875	0.0	0.001094
151.0	0.0	0.001097
151.125	0.0	0.0011
151.25	0.0	0.001103
151.375	0.0	0.001106
151.5	0.0	0.001108
151.625	0.0	0.00111
151.75	0.0	0.001112
151.875	0.0	0.001114
152.0	0.0	0.001115
152.125	0.0	0.001117
152.25	0.0	0.001118
152.375	0.0	0.00112
152.5	0.0	0.001122
152.625	0.0	0.001124
152.75	0.0	0.001126
152.875	0.0	0.00113
153.0	0.0	0.001134
153.125	0.0	0.001139
153.25	0.0	0.001147
153.375	0.0	0.001156
153.5	0.0	0.001167
153.625	0.0	0.001182
153.75	0.0	0.0012
153.875	0.0	0.001222
154.0	0.0	0.001249
154.125	0.0	0.001281
154.25	0.0	0.001319
154.375	0.0	0.001364
154.5	0.0	0.001416
154.625	0.0	0.001477
154.75	0.0	0.001548
154.875	0.0	0.001628
155.0	0.0	0.00172
155.125	0.0	0.001822
155.25	0.0	0.001937
155.375	0.0	0.002064
155.5	0.0	0.002205
155.625	0.0	0.002358
155.75	0.0	0.002523
155.875	0.0	0.002701
156.0	0.0	0.00289
156.125	1.0e-6	0.003088
156.25	1.0e-6	0.003295
156.375	1.0e-6	0.003507
156.5	1.0e-6	0.003722
156.625	1.0e-6	0.003935
156.75	2.0e-6	0.004142
156.875	2.0e-6	0.004338
157.0	2.0e-6	0.004516
157.125	3.0e-6	0.004669
157.25	4.0e-6	0.004788
157.375	4.0e-6	0.004865
157.5	5.0e-6	0.004889
157.625	7.0e-6	0.004848
157.75	8.0e-6	0.004729
157.875	1.0e-5	0.00452
158.0	1.2e-5	0.004206
158.125	1.4e-5	0.003771
158.25	1.7e-5	0.003199
158.375	2.1e-5	0.002474
158.5	2.5e-5	0.00158
158.625	3.1e-5	0.000499
158.75	3.7e-5	-0.000786
158.875	4.4e-5	-0.002289
159.0	5.3e-5	-0.004027
159.125	6.3e-5	-0.006011
159.25	7.6e-5	-0.008255
159.375	9.0e-5	-0.010766
159.5	0.000108	-0.01355
159.625	0.000128	-0.016609
159.75	0.000152	-0.019941
159.875	0.000181	-0.023538
160.0	0.000214	-0.027387
160.125	0.000254	-0.031467
160.25	0.0003	-0.035751
160.375	0.000354	-0.040204
160.5	0.000417	-0.044783
160.625	0.00049	-0.049433
160.75	0.000576	-0.054094
160.875	0.000676	-0.058691
161.0	0.000793	-0.063142
161.125	0.000928	-0.067352
161.25	0.001084	-0.071218
161.375	0.001265	-0.074624
161.5	0.001475	-0.077445
161.625	0.001716	-0.079546
161.75	0.001994	-0.080784
161.875	0.002314	-0.081007
162.0	0.002681	-0.080059
162.125	0.003103	-0.077776
162.25	0.003585	-0.073994
162.375	0.004137	-0.068547
162.5	0.004767	-0.061272
162.625	0.005485	-0.052011
162.75	0.006303	-0.040612
162.875	0.007232	-0.026936
163.0	0.008286	-0.010858
163.125	0.00948	0.007727
163.25	0.010832	0.028903
163.375	0.012359	0.052727
163.5	0.014081	0.079225
163.625	0.01602	0.108389
163.75	0.018201	0.14017
163.875	0.02065	0.17448
164.0	0.023395	0.211181
164.125	0.026468	0.250089
164.25	0.029902	0.290965
164.375	0.033733	0.333517
164.5	0.038003	0.377396
164.625	0.042752	0.422195
164.75	0.048027	0.46745
164.875	0.053877	0.51264
165.0	0.060354	0.557188
165.125	0.067515	0.600463
165.25	0.075419	0.641786
165.375	0.084129	0.680431
165.5	0.093713	0.715635
165.625	0.104242	0.746602
165.75	0.115791	0.772511
165.875	0.128437	0.792528
166.0	0.142264	0.805811
166.125	0.157358	0.811529
166.25	0.173807	0.808865
166.375	0.191706	0.797036
166.5	0.21115	0.775304
166.625	0.232238	0.742988
166.75	0.255072	0.699483
166.875	0.279756	0.64427
167.0	0.306397	0.57693
167.125	0.335102	0.497165
167.25	0.36598	0.404799
167.375	0.399139	0.299805
167.5	0.43469	0.182302
167.625	0.47274	0.052577
167.75	0.513396	-0.088915
167.875	0.556762	-0.24154
168.0	0.602941	-0.404483
168.125	0.65203	-0.576742
168.25	0.704122	-0.757135
168.375	0.759303	-0.944297
168.5	0.817656	-1.136687
168.625	0.879252	-1.332601
168.75	0.944155	-1.530176
168.875	1.012421	-1.727411
169.0	1.084093	-1.92218
169.125	1.159202	-2.112255
169.25	1.237769	-2.295327
169.375	1.319797	-2.469029
169.5	1.405279	-2.630969
169.625	1.494189	-2.778751
169.75	1.586484	-2.910012
169.875	1.682107	-3.022453
170.0	1.78098	-3.113866
170.125	1.883008	-3.182173
170.25	1.988074	-3.225455
170.375	2.096045	-3.241987
170.5	2.206765	-3.230263
170.625	2.320059	-3.189031
170.75	2.435732	-3.117316
170.875	2.553569	-3.014445
171.0	2.673334	-2.880069
171.125	2.794771	-2.714178
171.25	2.917608	-2.517119
171.375	3.041551	-2.289597
171.5	3.16629	-2.03269
171.625	3.2915	-1.747838
171.75	3.41684	-1.436846
171.875	3.541953	-1.10187
172.0	3.666474	-0.745401
172.125	3.790023	-0.370247
172.25	3.912214	0.020495
172.375	4.032654	0.423467
172.5	4.150943	0.835085
172.625	4.26668	1.251575
172.75	4.379464	1.669017
172.875	4.488894	2.083389
173.0	4.594574	2.490613
173.125	4.696114	2.886602
173.25	4.793134	3.267313
173.375	4.885264	3.628794
173.5	4.972148	3.967234
173.625	5.053445	4.279013
173.75	5.128833	4.560745
173.875	5.19801	4.809325
174.0	5.260696	5.021972
174.125	5.316634	5.196259
174.25	5.365595	5.330153
174.375	5.407375	5.42204
174.5	5.441801	5.470746
174.625	5.468728	5.475558
174.75	5.488043	5.436231
174.875	5.499664	5.352994
175.0	5.503544	5.226552
175.125	5.499664	5.058072
175.25	5.488042	4.849175
175.375	5.468727	4.601915
175.5	5.441799	4.318749
175.625	5.407373	4.002516
175.75	5.365593	3.65639
175.875	5.316632	3.283851
176.0	5.260693	2.888634
176.125	5.198007	2.474686
176.25	5.12883	2.046117
176.375	5.053441	1.607147
176.5	4.972144	1.162057
176.625	4.88526	0.715138
176.75	4.79313	0.270635
176.875	4.69611	-0.167298
177.0	4.594569	-0.594646
177.125	4.488889	-1.007585
177.25	4.379459	-1.402514
177.375	4.266675	-1.776103
177.5	4.150937	-2.125322
177.625	4.032648	-2.44747
177.75	3.912209	-2.740205
177.875	3.790017	-3.001556
178.0	3.666468	-3.229944
178.125	3.541948	-3.424187
178.25	3.416834	-3.583503
178.375	3.291495	-3.70751
178.5	3.166285	-3.796218
178.625	3.041545	-3.850015
178.75	2.917602	-3.869654
178.875	2.794766	-3.856228
179.0	2.673329	-3.811149
179.125	2.553564	-3.736116
179.25	2.435727	-3.633088
179.375	2.320054	-3.50425
179.5	2.20676	-3.351974
179.625	2.09604	-3.178789
179.75	1.988069	-2.987341
179.875	1.883003	-2.780356
180.0	1.780976	-2.560607
180.125	1.682103	-2.330874
180.25	1.58648	-2.093913
180.375	1.494185	-1.852424
180.5	1.405275	-1.609021
180.625	1.319794	-1.366202
180.75	1.237765	-1.126329
180.875	1.159199	-0.891605
181.0	1.084089	-0.664052
181.125	1.012418	-0.445502
181.25	0.944152	-0.23758
181.375	0.879249	-0.041699
181.5	0.817653	0.140944
181.625	0.759301	0.309377
181.75	0.704119	0.462841
181.875	0.652028	0.600796
182.0	0.602939	0.722909
182.125	0.55676	0.829046
182.25	0.513394	0.919261
182.375	0.472738	0.993785
182.5	0.434688	1.053009
182.625	0.399138	1.097468
182.75	0.365978	1.127828
182.875	0.335101	1.144865
183.0	0.306396	1.149451
183.125	0.279755	1.142533
183.25	0.255071	1.125118
183.375	0.232237	1.098254
183.5	0.211149	1.063017
183.625	0.191705	1.020492
183.75	0.173806	0.971761
183.875	0.157357	0.91789
184.0	0.142264	0.859913
184.125	0.128437	0.798826
184.25	0.11579	0.735576
184.375	0.104242	0.671053
184.5	0.093713	0.606082
184.625	0.084129	0.541421
184.75	0.075418	0.477754
184.875	0.067515	0.415693
185.0	0.060354	0.355771
185.125	0.053877	0.298446
185.25	0.048027	0.244102
185.375	0.042752	0.19305
185.5	0.038003	0.145528
185.625	0.033733	0.101711
185.75	0.029901	0.061709
185.875	0.026467	0.025576
186.0	0.023395	-0.00669
186.125	0.02065	-0.035135
186.25	0.018201	-0.05985
186.375	0.01602	-0.080962
186.5	0.014081	-0.098628
186.625	0.012359	-0.113035
186.75	0.010832	-0.124385
186.875	0.00948	-0.132902
187.0	0.008286	-0.138815
187.125	0.007232	-0.142366
187.25	0.006303	-0.143795
187.375	0.005485	-0.143344
187.5	0.004767	-0.141251
187.625	0.004137	-0.137745
187.75	0.003585	-0.133048
187.875	0.003103	-0.127371
188.0	0.002681	-0.12091
188.125	0.002314	-0.113851
188.25	0.001994	-0.106362
188.375	0.001716	-0.098596
188.5	0.001475	-0.090691
188.625	0.001265	-0.082768
188.75	0.001084	-0.074935
188.875	0.000928	-0.067283
189.0	0.000793	-0.059889
189.125	0.000676	-0.052816
189.25	0.000576	-0.046114
189.375	0.00049	-0.039821
189.5	0.000417	-0.033966
189.625	0.000354	-0.028565
189.75	0.0003	-0.023628
189.875	0.000253	-0.019154
190.0	0.000214	-0.015139
190.125	0.000181	-0.01157
190.25	0.000152	-0.008431
190.375	0.000128	-0.005703
190.5	0.000108	-0.003361
190.625	9.0e-5	-0.00138
190.75	7.6e-5	0.000267
190.875	6.3e-5	0.001609
191.0	5.3e-5	0.002672
191.125	4.4e-5	0.003486
191.25	3.7e-5	0.004079
191.375	3.1e-5	0.004476
191.5	2.5e-5	0.004705
191.625	2.1e-5	0.004788
191.75	1.7e-5	0.004749
191.875	1.4e-5	0.004608
192.0	1.2e-5	0.004385
192.125	1.0e-5	0.004097
192.25	8.0e-6	0.003759
192.375	7.0e-6	0.003386
192.5	5.0e-6	0.00299
192.625	4.0e-6	0.00258
192.75	4.0e-6	0.002167
192.875	3.0e-6	0.001757
193.0	2.0e-6	0.001357
193.125	2.0e-6	0.000972
193.25	2.0e-6	0.000605
193.375	1.0e-6	0.000259
193.5	1.0e-6	-6.3e-5
193.625	1.0e-6	-0.00036
193.75	1.0e-6	-0.000632
193.875	1.0e-6	-0.000878
194.0	0.0	-0.001099
194.125	0.0	-0.001296
194.25	0.0	-0.001469
194.375	0.0	-0.001621
194.5	0.0	-0.001752
194.625	0.0	-0.001863
194.75	0.0	-0.001957
194.875	0.0	-0.002035
195.0	0.0	-0.002099
195.125	0.0	-0.002149
195.25	0.0	-0.002189
195.375	0.0	-0.002218
195.5	0.0	-0.002239
195.625	0.0	-0.002252
195.75	0.0	-0.002259
195.875	0.0	-0.002261
196.0	0.0	-0.002259
196.125	0.0	-0.002253
196.25	0.0	-0.002244
196.375	0.0	-0.002233
196.5	0.0	-0.002221
196.625	0.0	-0.002208
196.75	0.0	-0.002194
196.875	0.0	-0.002179
197.0	0.0	-0.002164
197.125	0.0	-0.00215
197.25	0.0	-0.002136
197.375	0.0	-0.002122
197.5	0.0	-0.002108
197.625	0.0	-0.002096
197.75	0.0	-0.002084
197.875	0.0	-0.002072
198.0	0.0	-0.002061
198.125	0.0	-0.002051
198.25	0.0	-0.002041
198.375	0.0	-0.002032
198.5	0.0	-0.002023
198.625	0.0	-0.002015
198.75	0.0	-0.002007
198.875	0.0	-0.002
199.0	0.0	-0.001993
199.125	0.0	-0.001987
199.25	0.0	-0.00198
199.375	0.0	-0.001974
199.5	0.0	-0.001968
199.625	0.0	-0.001963
199.75	0.0	-0.001957
199.875	0.0	-0.001952
200.0	0.0	-0.001947
200.125	0.0	-0.001942
200.25	0.0	-0.001937
200.375	0.0	-0.001932
200.5	0.0	-0.001927
200.625	0.0	-0.001923
200.75	0.0	-0.001918
200.875	0.0	-0.001913
201.0	0.0	-0.001909
201.125	0.0	-0.001904
201.25	0.0	-0.001899
201.375	0.0	-0.001895
201.5	0.0	-0.00189
201.625	0.0	-0.001886
201.75	0.0	-0.001881
201.875	0.0	-0.001877
202.0	0.0	-0.001872
202.125	0.0	-0.001868
202.25	0.0	-0.001863
202.375	0.0	-0.001859
202.5	0.0	-0.001854
202.625	0.0	-0.00185
202.75	0.0	-0.001845
202.875	0.0	-0.001841
203.0	0.0	-0.001837
203.125	0.0	-0.001832
203.25	0.0	-0.001828
203.375	0.0	-0.001824
203.5	0.0	-0.001819
203.625	0.0	-0.001815
203.75	0.0	-0.001811
203.875	0.0	-0.001806
204.0	0.0	-0.001802
204.125	0.0	-0.001798
204.25	0.0	-0.001794
204.375	0.0	-0.00179
204.5	0.0	-0.001785
204.625	0.0	-0.001781
204.75	0.0	-0.001777
204.875	0.0	-0.001773
205.0	0.0	-0.001769
205.125	0.0	-0.001765
205.25	0.0	-0.001761
205.375	0.0	-0.001757
205.5	0.0	-0.001753
205.625	0.0	-0.001749
205.75	0.0	-0.001745
205.875	0.0	-0.001741
206.0	0.0	-0.001737
206.125	0.0	-0.001733
206.25	0.0	-0.001729
206.375	0.0	-0.001725
206.5	0.0	-0.001721
206.625	0.0	-0.001717
206.75	0.0	-0.001713
206.875	0.0	-0.00171
207.0	0.0	-0.001706
207.125	0.0	-0.001702
207.25	0.0	-0.001698
207.375	0.0	-0.001694
207.5	0.0	-0.001691
207.625	0.0	-0.001687
207.75	0.0	-0.001683
207.875	0.0	-0.00168
208.0	0.0	-0.001676
208.125	0.0	-0.001672
208.25	0.0	-0.001669
208.375	0.0	-0.001665
208.5	0.0	-0.001661
208.625	0.0	-0.001658
208.75	0.0	-0.001654
208.875	0.0	-0.001651
209.0	0.0	-0.001647
209.125	0.0	-0.001643
209.25	0.0	-0.00164
209.375	0.0	-0.001636
209.5	0.0	-0.001633
209.625	0.0	-0.001629
209.75	0.0	-0.001626
209.875	0.0	-0.001623
210.0	0.0	-0.001619
210.125	0.0	-0.001616
210.25	0.0	-0.001612
210.375	0.0	-0.001609
210.5	0.0	-0.001606
210.625	0.0	-0.001602
210.75	0.0	-0.001599
210.875	0.0	-0.001596
211.0	0.0	-0.001592
211.125	0.0	-0.001589
211.25	0.0	-0.001586
211.375	0.0	-0.001583
211.5	0.0	-0.001579
211.625	0.0	-0.001576
211.75	0.0	-0.001573
211.875	0.0	-0.00157
212.0	0.0	-0.001566
212.125	0.0	-0.001563
212.25	0.0	-0.00156
212.375	0.0	-0.001557
212.5	0.0	-0.001554
212.625	0.0	-0.001551
212.75	0.0	-0.001548
212.875	0.0	-0.001545
213.0	0.0	-0.001541
213.125	0.0	-0.001538
213.25	0.0	-0.001535
213.375	0.0	-0.001532
213.5	0.0	-0.001529
213.625	0.0	-0.001526
213.75	0.0	-0.001523
213.875	0.0	-0.00152
214.0	0.0	-0.001517
214.125	0.0	-0.001514
214.25	0.0	-0.001511
214.375	0.0	-0.001508
214.5	0.0	-0.001506
214.625	0.0	-0.001503
214.75	0.0	-0.0015
214.875	0.0	-0.001497
215.0	0.0	-0.001494
215.125	0.0	-0.001491
215.25	0.0	-0.001488
215.375	0.0	-0.001486
215.5	0.0	-0.001483
215.625	0.0	-0.00148
215.75	0.0	-0.001477
215.875	0.0	-0.001474
216.0	0.0	-0.001472
216.125	0.0	-0.001469
216.25	0.0	-0.001466
216.375	0.0	-0.001463
216.5	0.0	-0.001461
216.625	0.0	-0.001458
216.75	0.0	-0.001455
216.875	0.0	-0.001453
217.0	0.0	-0.00145
217.125	0.0	-0.001447
217.25	0.0	-0.001445
217.375	0.0	-0.001442
217.5	0.0	-0.001439
217.625	0.0	-0.001437
217.75	0.0	-0.001434
217.875	0.0	-0.001431
218.0	0.0	-0.001429
218.125	0.0	-0.001426
218.25	0.0	-0.001424
218.375	0.0	-0.001421
218.5	0.0	-0.001419
218.625	0.0	-0.001416
218.75	0.0	-0.001414
218.875	0.0	-0.001411
219.0	0.0	-0.001409
219.125	0.0	-0.001406
219.25	0.0	-0.001404
219.375	0.0	-0.001401
219.5	0.0	-0.001399
219.625	0.0	-0.001396
219.75	0.0	-0.001394
219.875	0.0	-0.001391
220.0	0.0	-0.001389
220.125	0.0	-0.001387
220.25	0.0	-0.001384
220.375	0.0	-0.001382
220.5	0.0	-0.00138
220.625	0.0	-0.001377
220.75	0.0	-0.001375
220.875	0.0	-0.001372
221.0	0.0	-0.00137
221.125	0.0	-0.001368
221.25	0.0	-0.001365
221.375	0.0	-0.001363
221.5	0.0	-0.001361
221.625	0.0	-0.001359
221.75	0.0	-0.001356
221.875	0.0	-0.001354
222.0	0.0	-0.001352
222.125	0.0	-0.00135
222.25	0.0	-0.001347
222.375	0.0	-0.001345
222.5	0.0	-0.001343
222.625	0.0	-0.001341
222.75	0.0	-0.001338
222.875	0.0	-0.001336
223.0	0.0	-0.001334
223.125	0.0	-0.001332
223.25	0.0	-0.00133
223.375	0.0	-0.001328
223.5	0.0	-0.001325
223.625	0.0	-0.001323
223.75	0.0	-0.001321
223.875	0.0	-0.001319
224.0	0.0	-0.001317
224.125	0.0	-0.001315
224.25	0.0	-0.001313
224.375	0.0	-0.001311
224.5	0.0	-0.001309
224.625	0.0	-0.001306
224.75	0.0	-0.001304
224.875	0.0	-0.001302
225.0	0.0	-0.0013
225.125	0.0	-0.001298
225.25	0.0	-0.001296
225.375	0.0	-0.001294
225.5	0.0	-0.001292
225.625	0.0	-0.00129
225.75	0.0	-0.001288
225.875	0.0	-0.001286
226.0	0.0	-0.001284
226.125	0.0	-0.001282
226.25	0.0	-0.00128
226.375	0.0	-0.001278
226.5	0.0	-0.001276
226.625	0.0	-0.001274
226.75	0.0	-0.001272
226.875	0.0	-0.00127
227.0	0.0	-0.001269
227.125	0.0	-0.001267
227.25	0.0	-0.001265
227.375	0.0	-0.001263
227.5	0.0	-0.001261
227.625	0.0	-0.001259
227.75	0.0	-0.001257
227.875	0.0	-0.001255
228.0	0.0	-0.001253
228.125	0.0	-0.001252
228.25	0.0	-0.00125
228.375	0.0	-0.001248
228.5	0.0	-0.001246
228.625	0.0	-0.001244
228.75	0.0	-0.001242
228.875	0.0	-0.00124
229.0	0.0	-0.001239
229.125	0.0	-0.001237
229.25	0.0	-0.001235
229.375	0.0	-0.001233
229.5	0.0	-0.001231
229.625	0.0	-0.00123
229.75	0.0	-0.001228
229.875	0.0	-0.001226
230.0	0.0	-0.001224
230.125	0.0	-0.001223
230.25	0.0	-0.001221
230.375	0.0	-0.001219
230.5	0.0	-0.001217
230.625	0.0	-0.001216
230.75	0.0	-0.001214
230.875	0.0	-0.001212
231.0	0.0	-0.001211
231.125	0.0	-0.001209
231.25	0.0	-0.001207
231.375	0.0	-0.001205
231.5	0.0	-0.001204
231.625	0.0	-0.001202
231.75	0.0	-0.0012
231.875	0.0	-0.001199
232.0	0.0	-0.001197
232.125	0.0	-0.001195
232.25	0.0	-0.001194
232.375	0.0	-0.001192
232.5	0.0	-0.001191
232.625	0.0	-0.001189
232.75	0.0	-0.001187
232.875	0.0	-0.001186
233.0	0.0	-0.001184
233.125	0.0	-0.001182
233.25	0.0	-0.001181
233.375	0.0	-0.001179
233.5	0.0	-0.001178
233.625	0.0	-0.001176
233.75	0.0	-0.001175
233.875	0.0	-0.001173
234.0	0.0	-0.001171
234.125	0.0	-0.00117
234.25	0.0	-0.001168
234.375	0.0	-0.001167
234.5	0.0	-0.001165
234.625	0.0	-0.001164
234.75	0.0	-0.001162
234.875	0.0	-0.001161
235.0	0.0	-0.001159
235.125	0.0	-0.001157
235.25	0.0	-0.001156
235.375	0.0	-0.001154
235.5	0.0	-0.001153
235.625	0.0	-0.001151
235.75	0.0	-0.00115
235.875	0.0	-0.001148
236.0	0.0	-0.001147
236.125	0.0	-0.001146
236.25	0.0	-0.001144
236.375	0.0	-0.001143
236.5	0.0	-0.001141
236.625	0.0	-0.00114
236.75	0.0	-0.001138
236.875	0.0	-0.001137
237.0	0.0	-0.001135
237.125	0.0	-0.001134
237.25	0.0	-0.001132
237.375	0.0	-0.001131
237.5	0.0	-0.00113
237.625	0.0	-0.001128
237.75	0.0	-0.001127
237.875	0.0	-0.001125
238.0	0.0	-0.001124
238.125	0.0	-0.001123
238.25	0.0	-0.001121
238.375	0.0	-0.00112
238.5	0.0	-0.001118
238.625	0.0	-0.001117
238.75	0.0	-0.001116
238.875	0.0	-0.001114
239.0	0.0	-0.001113
239.125	0.0	-0.001111
239.25	0.0	-0.00111
239.375	0.0	-0.001109
239.5	0.0	-0.001107
239.625	0.0	-0.001106
239.75	0.0	-0.001105
239.875	0.0	-0.001103
240.0	0.0	-0.001102
240.125	0.0	-0.001101
240.25	0.0	-0.001099
240.375	0.0	-0.001098
240.5	0.0	-0.001097
240.625	0.0	-0.001095
240.75	0.0	-0.001094
240.875	0.0	-0.001093
241.0	0.0	-0.001092
241.125	0.0	-0.00109
241.25	0.0	-0.001089
241.375	0.0	-0.001088
241.5	0.0	-0.001086
241.625	0.0	-0.001085
241.75	0.0	-0.001084
241.875	0.0	-0.001083
242.0	0.0	-0.001081
242.125	0.0	-0.00108
242.25	0.0	-0.001079
242.375	0.0	-0.001077
242.5	0.0	-0.001076
242.625	0.0	-0.001075
242.75	0.0	-0.001074
242.875	0.0	-0.001073
243.0	0.0	-0.001071
243.125	0.0	-0.00107
243.25	0.0	-0.001069
243.375	0.0	-0.001068
243.5	0.0	-0.001066
243.625	0.0	-0.001065
243.75	0.0	-0.001064
243.875	0.0	-0.001063
244.0	0.0	-0.001062
244.125	0.0	-0.00106
244.25	0.0	-0.001059
244.375	0.0	-0.001058
244.5	0.0	-0.001057
244.625	0.0	-0.001056
244.75	0.0	-0.001054
244.875	0.0	-0.001053
245.0	0.0	-0.001052
245.125	0.0	-0.001051
245.25	0.0	-0.00105
245.375	0.0	-0.001048
245.5	0.0	-0.001047
245.625	0.0	-0.001046
245.75	0.0	-0.001045
245.875	0.0	-0.001044
246.0	0.0	-0.001043
246.125	0.0	-0.001042
246.25	0.0	-0.00104
246.375	0.0	-0.001039
246.5	0.0	-0.001038
246.625	0.0	-0.001037
246.75	0.0	-0.001036
246.875	0.0	-0.001035
247.0	0.0	-0.001034
247.125	0.0	-0.001033
247.25	0.0	-0.001031
247.375	0.0	-0.00103
247.5	0.0	-0.001029
247.625	0.0	-0.001028
247.75	0.0	-0.001027
247.875	0.0	-0.001026
248.0	0.0	-0.001025
248.125	0.0	-0.001024
248.25	0.0	-0.001023
248.375	0.0	-0.001022
248.5	0.0	-0.00102
248.625	0.0	-0.001019
248.75	0.0	-0.001018
248.875	0.0	-0.001017
249.0	0.0	-0.001016
249.125	0.0	-0.001015
249.25	0.0	-0.001014
249.375	0.0	-0.001013
249.5	0.0	-0.001012
249.625	0.0	-0.001011
249.75	0.0	-0.00101
249.875	0.0	-0.001009
250.0	0.0	-0.001008
250.125	0.0	-0.001007
250.25	0.0	-0.001006
250.375	0.0	-0.001005
250.5	0.0	-0.001003
250.625	0.0	-0.001002
250.75	0.0	-0.001001
250.875	0.0	-0.001
251.0	0.0	-0.000999
251.125	0.0	-0.000998
251.25	0.0	-0.000997
251.375	0.0	-0.000996
251.5	0.0	-0.000995
251.625	0.0	-0.000994
251.75	0.0	-0.000993
251.875	0.0	-0.000992
252.0	0.0	-0.000991
252.125	0.0	-0.00099
252.25	0.0	-0.000989
252.375	0.0	-0.000988
252.5	0.0	-0.000987
252.625	0.0	-0.000986
252.75	0.0	-0.000985
252.875	0.0	-0.000984
253.0	0.0	-0.000983
253.125	0.0	-0.000982
253.25	0.0	-0.000981
253.375	0.0	-0.00098
253.5	0.0	-0.000979
253.625	0.0	-0.000979
253.75	0.0	-0.000978
253.875	0.0	-0.000977
254.0	0.0	-0.000976
254.125	0.0	-0.000975
254.25	0.0	-0.000974
254.375	0.0	-0.000973
254.5	0.0	-0.000972
254.625	0.0	-0.000971
254.75	0.0	-0.00097
254.875	0.0	-0.000969
255.0	0.0	-0.000968
255.125	0.0	-0.000967
255.25	0.0	-0.000966
255.375	0.0	-0.000965
255.5	0.0	-0.000964
255.625	0.0	-0.000963
255.75	0.0	-0.000962
255.875	0.0	-0.000962
256.0	0.0	-0.000961
256.125	0.0	-0.00096
256.25	0.0	-0.000959
256.375	0.0	-0.000958
256.5	0.0	-0.000957
256.625	0.0	-0.000956
256.75	0.0	-0.000955
256.875	0.0	-0.000954
257.0	0.0	-0.000953
257.125	0.0	-0.000952
257.25	0.0	-0.000952
257.375	0.0	-0.000951
257.5	0.0	-0.00095
257.625	0.0	-0.000949
