-254.25	0.0	-0.000256
-254.125	0.0	-0.000255
-254.0	0.0	-0.000255
-253.875	0.0	-0.000254
-253.75	0.0	-0.000253
-253.625	0.0	-0.000252
-253.5	0.0	-0.000251
-253.375	0.0	-0.000251
-253.25	0.0	-0.00025
-253.125	0.0	-0.000249
-253.0	0.0	-0.000248
-252.875	0.0	-0.000247
-252.75	0.0	-0.000247
-252.625	0.0	-0.000246
-252.5	0.0	-0.000245
-252.375	0.0	-0.000244
-252.25	0.0	-0.000243
-252.125	0.0	-0.000243
-252.0	0.0	-0.000242
-251.875	0.0	-0.000241
-251.75	0.0	-0.00024
-251.625	0.0	-0.000239
-251.5	0.0	-0.000239
-251.375	0.0	-0.000238
-251.25	0.0	-0.000237
-251.125	0.0	-0.000236
-251.0	0.0	-0.000235
-250.875	0.0	-0.000235
-250.75	0.0	-0.000234
-250.625	0.0	-0.000233
-250.5	0.0	-0.000232
-250.375	0.0	-0.000232
-250.25	0.0	-0.000231
-250.125	0.0	-0.00023
-250.0	0.0	-0.000229
-249.875	0.0	-0.000228
-249.75	0.0	-0.000228
-249.625	0.0	-0.000227
-249.5	0.0	-0.000226
-249.375	0.0	-0.000225
-249.25	0.0	-0.000225
-249.125	0.0	-0.000224
-249.0	0.0	-0.000223
-248.875	0.0	-0.000222
-248.75	0.0	-0.000221
-248.625	0.0	-0.000221
-248.5	0.0	-0.00022
-248.375	0.0	-0.000219
-248.25	0.0	-0.000218
-248.125	0.0	-0.000218
-248.0	0.0	-0.000217
-247.875	0.0	-0.000216
-247.75	0.0	-0.000215
-247.625	0.0	-0.000214
-247.5	0.0	-0.000214
-247.375	0.0	-0.000213
-247.25	0.0	-0.000212
-247.125	0.0	-0.000211
-247.0	0.0	-0.000211
-246.875	0.0	-0.00021
-246.75	0.0	-0.000209
-246.625	0.0	-0.000208
-246.5	0.0	-0.000208
-246.375	0.0	-0.000207
-246.25	0.0	-0.000206
-246.125	0.0	-0.000205
-246.0	0.0	-0.000205
-245.875	0.0	-0.000204
-245.75	0.0	-0.000203
-245.625	0.0	-0.000202
-245.5	0.0	-0.000201
-245.375	0.0	-0.000201
-245.25	0.0	-0.0002
-245.125	0.0	-0.000199
-245.0	0.0	-0.000198
-244.875	0.0	-0.000198
-244.75	0.0	-0.000197
-244.625	0.0	-0.000196
-244.5	0.0	-0.000195
-244.375	0.0	-0.000195
-244.25	0.0	-0.000194
-244.125	0.0	-0.000193
-244.0	0.0	-0.000192
-243.875	0.0	-0.000192
-243.75	0.0	-0.000191
-243.625	0.0	-0.00019
-243.5	0.0	-0.000189
-243.375	0.0	-0.000189
-243.25	0.0	-0.000188
-243.125	0.0	-0.000187
-243.0	0.0	-0.000186
-242.875	0.0	-0.000186
-242.75	0.0	-0.000185
-242.625	0.0	-0.000184
-242.5	0.0	-0.000183
-242.375	0.0	-0.000183
-242.25	0.0	-0.000182
-242.125	0.0	-0.000181
-242.0	0.0	-0.000181
-241.875	0.0	-0.00018
-241.75	0.0	-0.000179
-241.625	0.0	-0.000178
-241.5	0.0	-0.000178
-241.375	0.0	-0.000177
-241.25	0.0	-0.000176
-241.125	0.0	-0.000175
-241.0	0.0	-0.000175
-240.875	0.0	-0.000174
-240.75	0.0	-0.000173
-240.625	0.0	-0.000172
-240.5	0.0	-0.000172
-240.375	0.0	-0.000171
-240.25	0.0	-0.00017
-240.125	0.0	-0.000169
-240.0	0.0	-0.000169
-239.875	0.0	-0.000168
-239.75	0.0	-0.000167
-239.625	0.0	-0.000167
-239.5	0.0	-0.000166
-239.375	0.0	-0.000165
-239.25	0.0	-0.000164
-239.125	0.0	-0.000164
-239.0	0.0	-0.000163
-238.875	0.0	-0.000162
-238.75	0.0	-0.000161
-238.625	0.0	-0.000161
-238.5	0.0	-0.00016
-238.375	0.0	-0.000159
-238.25	0.0	-0.000159
-238.125	0.0	-0.000158
-238.0	0.0	-0.000157
-237.875	0.0	-0.000156
-237.75	0.0	-0.000156
-237.625	0.0	-0.000155
-237.5	0.0	-0.000154
-237.375	0.0	-0.000154
-237.25	0.0	-0.000153
-237.125	0.0	-0.000152
-237.0	0.0	-0.000151
-236.875	0.0	-0.000151
-236.75	0.0	-0.00015
-236.625	0.0	-0.000149
-236.5	0.0	-0.000149
-236.375	0.0	-0.000148
-236.25	0.0	-0.000147
-236.125	0.0	-0.000146
-236.0	0.0	-0.000146
-235.875	0.0	-0.000145
-235.75	0.0	-0.000144
-235.625	0.0	-0.000144
-235.5	0.0	-0.000143
-235.375	0.0	-0.000142
-235.25	0.0	-0.000141
-235.125	0.0	-0.000141
-235.0	0.0	-0.00014
-234.875	0.0	-0.000139
-234.75	0.0	-0.000139
-234.625	0.0	-0.000138
-234.5	0.0	-0.000137
-234.375	0.0	-0.000136
-234.25	0.0	-0.000136
-234.125	0.0	-0.000135
-234.0	0.0	-0.000134
-233.875	0.0	-0.000134
-233.75	0.0	-0.000133
-233.625	0.0	-0.000132
-233.5	0.0	-0.000132
-233.375	0.0	-0.000131
-233.25	0.0	-0.00013
-233.125	0.0	-0.000129
-233.0	0.0	-0.000129
-232.875	0.0	-0.000128
-232.75	0.0	-0.000127
-232.625	0.0	-0.000127
-232.5	0.0	-0.000126
-232.375	0.0	-0.000125
-232.25	0.0	-0.000124
-232.125	0.0	-0.000124
-232.0	0.0	-0.000123
-231.875	0.0	-0.000122
-231.75	0.0	-0.000122
-231.625	0.0	-0.000121
-231.5	0.0	-0.00012
-231.375	0.0	-0.00012
-231.25	0.0	-0.000119
-231.125	0.0	-0.000118
-231.0	0.0	-0.000118
-230.875	0.0	-0.000117
-230.75	0.0	-0.000116
-230.625	0.0	-0.000115
-230.5	0.0	-0.000115
-230.375	0.0	-0.000114
-230.25	0.0	-0.000113
-230.125	0.0	-0.000113
-230.0	0.0	-0.000112
-229.875	0.0	-0.000111
-229.75	0.0	-0.000111
-229.625	0.0	-0.00011
-229.5	0.0	-0.000109
-229.375	0.0	-0.000109
-229.25	0.0	-0.000108
-229.125	0.0	-0.000107
-229.0	0.0	-0.000106
-228.875	0.0	-0.000106
-228.75	0.0	-0.000105
-228.625	0.0	-0.000104
-228.5	0.0	-0.000104
-228.375	0.0	-0.000103
-228.25	0.0	-0.000102
-228.125	0.0	-0.000102
-228.0	0.0	-0.000101
-227.875	0.0	-0.0001
-227.75	0.0	-0.0001
-227.625	0.0	-9.9e-5
-227.5	0.0	-9.8e-5
-227.375	0.0	-9.8e-5
-227.25	0.0	-9.7e-5
-227.125	0.0	-9.6e-5
-227.0	0.0	-9.6e-5
-226.875	0.0	-9.5e-5
-226.75	0.0	-9.4e-5
-226.625	0.0	-9.4e-5
-226.5	0.0	-9.3e-5
-226.375	0.0	-9.2e-5
-226.25	0.0	-9.2e-5
-226.125	0.0	-9.1e-5
-226.0	0.0	-9.0e-5
-225.875	0.0	-8.9e-5
-225.75	0.0	-8.9e-5
-225.625	0.0	-8.8e-5
-225.5	0.0	-8.7e-5
-225.375	0.0	-8.7e-5
-225.25	0.0	-8.6e-5
-225.125	0.0	-8.5e-5
-225.0	0.0	-8.5e-5
-224.875	0.0	-8.4e-5
-224.75	0.0	-8.3e-5
-224.625	0.0	-8.3e-5
-224.5	0.0	-8.2e-5
-224.375	0.0	-8.1e-5
-224.25	0.0	-8.1e-5
-224.125	0.0	-8.0e-5
-224.0	0.0	-7.9e-5
-223.875	0.0	-7.9e-5
-223.75	0.0	-7.8e-5
-223.625	0.0	-7.7e-5
-223.5	0.0	-7.7e-5
-223.375	0.0	-7.6e-5
-223.25	0.0	-7.5e-5
-223.125	0.0	-7.5e-5
-223.0	0.0	-7.4e-5
-222.875	0.0	-7.3e-5
-222.75	0.0	-7.3e-5
-222.625	0.0	-7.2e-5
-222.5	0.0	-7.1e-5
-222.375	0.0	-7.1e-5
-222.25	0.0	-7.0e-5
-222.125	0.0	-6.9e-5
-222.0	0.0	-6.9e-5
-221.875	0.0	-6.8e-5
-221.75	0.0	-6.7e-5
-221.625	0.0	-6.7e-5
-221.5	0.0	-6.6e-5
-221.375	0.0	-6.5e-5
-221.25	0.0	-6.5e-5
-221.125	0.0	-6.4e-5
-221.0	0.0	-6.3e-5
-220.875	0.0	-6.3e-5
-220.75	0.0	-6.2e-5
-220.625	0.0	-6.1e-5
-220.5	0.0	-6.1e-5
-220.375	0.0	-6.0e-5
-220.25	0.0	-5.9e-5
-220.125	0.0	-5.9e-5
-220.0	0.0	-5.8e-5
-219.875	0.0	-5.8e-5
-219.75	0.0	-5.7e-5
-219.625	0.0	-5.6e-5
-219.5	0.0	-5.6e-5
-219.375	0.0	-5.5e-5
-219.25	0.0	-5.4e-5
-219.125	0.0	-5.4e-5
-219.0	0.0	-5.3e-5
-218.875	0.0	-5.2e-5
-218.75	0.0	-5.2e-5
-218.625	0.0	-5.1e-5
-218.5	0.0	-5.0e-5
-218.375	0.0	-5.0e-5
-218.25	0.0	-4.9e-5
-218.125	0.0	-4.8e-5
-218.0	0.0	-4.8e-5
-217.875	0.0	-4.7e-5
-217.75	0.0	-4.6e-5
-217.625	0.0	-4.6e-5
-217.5	0.0	-4.5e-5
-217.375	0.0	-4.4e-5
-217.25	0.0	-4.4e-5
-217.125	0.0	-4.3e-5
-217.0	0.0	-4.3e-5
-216.875	0.0	-4.2e-5
-216.75	0.0	-4.1e-5
-216.625	0.0	-4.1e-5
-216.5	0.0	-4.0e-5
-216.375	0.0	-3.9e-5
-216.25	0.0	-3.9e-5
-216.125	0.0	-3.8e-5
-216.0	0.0	-3.7e-5
-215.875	0.0	-3.7e-5
-215.75	0.0	-3.6e-5
-215.625	0.0	-3.5e-5
-215.5	0.0	-3.5e-5
-215.375	0.0	-3.4e-5
-215.25	0.0	-3.3e-5
-215.125	0.0	-3.3e-5
-215.0	0.0	-3.2e-5
-214.875	0.0	-3.2e-5
-214.75	0.0	-3.1e-5
-214.625	0.0	-3.0e-5
-214.5	0.0	-3.0e-5
-214.375	0.0	-2.9e-5
-214.25	0.0	-2.8e-5
-214.125	0.0	-2.8e-5
-214.0	0.0	-2.7e-5
-213.875	0.0	-2.6e-5
-213.75	0.0	-2.6e-5
-213.625	0.0	-2.5e-5
-213.5	0.0	-2.5e-5
-213.375	0.0	-2.4e-5
-213.25	0.0	-2.3e-5
-213.125	0.0	-2.3e-5
-213.0	0.0	-2.2e-5
-212.875	0.0	-2.1e-5
-212.75	0.0	-2.1e-5
-212.625	0.0	-2.0e-5
-212.5	0.0	-1.9e-5
-212.375	0.0	-1.9e-5
-212.25	0.0	-1.8e-5
-212.125	0.0	-1.7e-5
-212.0	0.0	-1.7e-5
-211.875	0.0	-1.6e-5
-211.75	0.0	-1.6e-5
-211.625	0.0	-1.5e-5
-211.5	0.0	-1.4e-5
-211.375	0.0	-1.4e-5
-211.25	0.0	-1.3e-5
-211.125	0.0	-1.2e-5
-211.0	0.0	-1.2e-5
-210.875	0.0	-1.1e-5
-210.75	0.0	-1.1e-5
-210.625	0.0	-1.0e-5
-210.5	0.0	-9.0e-6
-210.375	0.0	-9.0e-6
-210.25	0.0	-8.0e-6
-210.125	0.0	-7.0e-6
-210.0	0.0	-7.0e-6
-209.875	0.0	-6.0e-6
-209.75	0.0	-5.0e-6
-209.625	0.0	-5.0e-6
-209.5	0.0	-4.0e-6
-209.375	0.0	-4.0e-6
-209.25	0.0	-3.0e-6
-209.125	0.0	-2.0e-6
-209.0	0.0	-2.0e-6
-208.875	0.0	-1.0e-6
-208.75	0.0	0.0
-208.625	0.0	0.0
-208.5	0.0	0.0
-208.375	0.0	1.0e-6
-208.25	0.0	2.0e-6
-208.125	0.0	3.0e-6
-208.0	0.0	3.0e-6
-207.875	0.0	4.0e-6
-207.75	0.0	5.0e-6
-207.625	0.0	5.0e-6
-207.5	0.0	6.0e-6
-207.375	0.0	6.0e-6
-207.25	0.0	7.0e-6
-207.125	0.0	8.0e-6
-207.0	0.0	8.0e-6
-206.875	0.0	9.0e-6
-206.75	0.0	1.0e-5
-206.625	0.0	1.0e-5
-206.5	0.0	1.1e-5
-206.375	0.0	1.1e-5
-206.25	0.0	1.2e-5
-206.125	0.0	1.3e-5
-206.0	0.0	1.3e-5
-205.875	0.0	1.4e-5
-205.75	0.0	1.5e-5
-205.625	0.0	1.5e-5
-205.5	0.0	1.6e-5
-205.375	0.0	1.6e-5
-205.25	0.0	1.7e-5
-205.125	0.0	1.8e-5
-205.0	0.0	1.8e-5
-204.875	0.0	1.9e-5
-204.75	0.0	2.0e-5
-204.625	0.0	2.0e-5
-204.5	0.0	2.1e-5
-204.375	0.0	2.1e-5
-204.25	0.0	2.2e-5
-204.125	0.0	2.3e-5
-204.0	0.0	2.3e-5
-203.875	0.0	2.4e-5
-203.75	0.0	2.4e-5
-203.625	0.0	2.5e-5
-203.5	0.0	2.6e-5
-203.375	0.0	2.6e-5
-203.25	0.0	2.7e-5
-203.125	0.0	2.8e-5
-203.0	0.0	2.8e-5
-202.875	0.0	2.9e-5
-202.75	0.0	2.9e-5
-202.625	0.0	3.0e-5
-202.5	0.0	3.1e-5
-202.375	0.0	3.1e-5
-202.25	0.0	3.2e-5
-202.125	0.0	3.2e-5
-202.0	0.0	3.3e-5
-201.875	0.0	3.4e-5
-201.75	0.0	3.4e-5
-201.625	0.0	3.5e-5
-201.5	0.0	3.6e-5
-201.375	0.0	3.6e-5
-201.25	0.0	3.7e-5
-201.125	0.0	3.7e-5
-201.0	0.0	3.8e-5
-200.875	0.0	3.9e-5
-200.75	0.0	3.9e-5
-200.625	0.0	4.0e-5
-200.5	0.0	4.0e-5
-200.375	0.0	4.1e-5
-200.25	0.0	4.2e-5
-200.125	0.0	4.2e-5
-200.0	0.0	4.3e-5
-199.875	0.0	4.3e-5
-199.75	0.0	4.4e-5
-199.625	0.0	4.5e-5
-199.5	0.0	4.5e-5
-199.375	0.0	4.6e-5
-199.25	0.0	4.7e-5
-199.125	0.0	4.7e-5
-199.0	0.0	4.8e-5
-198.875	0.0	4.8e-5
-198.75	0.0	4.9e-5
-198.625	0.0	5.0e-5
-198.5	0.0	5.0e-5
-198.375	0.0	5.1e-5
-198.25	0.0	5.1e-5
-198.125	0.0	5.2e-5
-198.0	0.0	5.3e-5
-197.875	0.0	5.3e-5
-197.75	0.0	5.4e-5
-197.625	0.0	5.4e-5
-197.5	0.0	5.5e-5
-197.375	0.0	5.6e-5
-197.25	0.0	5.6e-5
-197.125	0.0	5.7e-5
-197.0	0.0	5.7e-5
-196.875	0.0	5.8e-5
-196.75	0.0	5.9e-5
-196.625	0.0	5.9e-5
-196.5	0.0	6.0e-5
-196.375	0.0	6.0e-5
-196.25	0.0	6.1e-5
-196.125	0.0	6.2e-5
-196.0	0.0	6.2e-5
-195.875	0.0	6.3e-5
-195.75	0.0	6.3e-5
-195.625	0.0	6.4e-5
-195.5	0.0	6.5e-5
-195.375	0.0	6.5e-5
-195.25	0.0	6.6e-5
-195.125	0.0	6.7e-5
-195.0	0.0	6.7e-5
-194.875	0.0	6.8e-5
-194.75	0.0	6.8e-5
-194.625	0.0	6.9e-5
-194.5	0.0	7.0e-5
-194.375	0.0	7.0e-5
-194.25	0.0	7.1e-5
-194.125	0.0	7.1e-5
-194.0	0.0	7.2e-5
-193.875	0.0	7.3e-5
-193.75	0.0	7.3e-5
-193.625	0.0	7.4e-5
-193.5	0.0	7.4e-5
-193.375	0.0	7.5e-5
-193.25	0.0	7.6e-5
-193.125	0.0	7.6e-5
-193.0	0.0	7.7e-5
-192.875	0.0	7.7e-5
-192.75	0.0	7.8e-5
-192.625	0.0	7.9e-5
-192.5	0.0	7.9e-5
-192.375	0.0	8.0e-5
-192.25	0.0	8.0e-5
-192.125	0.0	8.1e-5
-192.0	0.0	8.2e-5
-191.875	0.0	8.2e-5
-191.75	0.0	8.3e-5
-191.625	0.0	8.3e-5
-191.5	0.0	8.4e-5
-191.375	0.0	8.4e-5
-191.25	0.0	8.5e-5
-191.125	0.0	8.6e-5
-191.0	0.0	8.6e-5
-190.875	0.0	8.7e-5
-190.75	0.0	8.7e-5
-190.625	0.0	8.8e-5
-190.5	0.0	8.9e-5
-190.375	0.0	8.9e-5
-190.25	0.0	9.0e-5
-190.125	0.0	9.0e-5
-190.0	0.0	9.1e-5
-189.875	0.0	9.2e-5
-189.75	0.0	9.2e-5
-189.625	0.0	9.3e-5
-189.5	0.0	9.3e-5
-189.375	0.0	9.4e-5
-189.25	0.0	9.5e-5
-189.125	0.0	9.5e-5
-189.0	0.0	9.6e-5
-188.875	0.0	9.6e-5
-188.75	0.0	9.7e-5
-188.625	0.0	9.8e-5
-188.5	0.0	9.8e-5
-188.375	0.0	9.9e-5
-188.25	0.0	9.9e-5
-188.125	0.0	0.0001
-188.0	0.0	0.000101
-187.875	0.0	0.000101
-187.75	0.0	0.000102
-187.625	0.0	0.000102
-187.5	0.0	0.000103
-187.375	0.0	0.000104
-187.25	0.0	0.000104
-187.125	0.0	0.000105
-187.0	0.0	0.000105
-186.875	0.0	0.000106
-186.75	0.0	0.000106
-186.625	0.0	0.000107
-186.5	0.0	0.000108
-186.375	0.0	0.000108
-186.25	0.0	0.000109
-186.125	0.0	0.000109
-186.0	0.0	0.00011
-185.875	0.0	0.000111
-185.75	0.0	0.000111
-185.625	0.0	0.000112
-185.5	0.0	0.000112
-185.375	0.0	0.000113
-185.25	0.0	0.000114
-185.125	0.0	0.000114
-185.0	0.0	0.000115
-184.875	0.0	0.000115
-184.75	0.0	0.000116
-184.625	0.0	0.000117
-184.5	0.0	0.000117
-184.375	0.0	0.000118
-184.25	0.0	0.000118
-184.125	0.0	0.000119
-184.0	0.0	0.000119
-183.875	0.0	0.00012
-183.75	0.0	0.000121
-183.625	0.0	0.000121
-183.5	0.0	0.000122
-183.375	0.0	0.000122
-183.25	0.0	0.000123
-183.125	0.0	0.000124
-183.0	0.0	0.000124
-182.875	0.0	0.000125
-182.75	0.0	0.000125
-182.625	0.0	0.000126
-182.5	0.0	0.000127
-182.375	0.0	0.000127
-182.25	0.0	0.000128
-182.125	0.0	0.000128
-182.0	0.0	0.000129
-181.875	0.0	0.000129
-181.75	0.0	0.00013
-181.625	0.0	0.000131
-181.5	0.0	0.000131
-181.375	0.0	0.000132
-181.25	0.0	0.000132
-181.125	0.0	0.000133
-181.0	0.0	0.000134
-180.875	0.0	0.000134
-180.75	0.0	0.000135
-180.625	0.0	0.000135
-180.5	0.0	0.000136
-180.375	0.0	0.000136
-180.25	0.0	0.000137
-180.125	0.0	0.000138
-180.0	0.0	0.000138
-179.875	0.0	0.000139
-179.75	0.0	0.000139
-179.625	0.0	0.00014
-179.5	0.0	0.000141
-179.375	0.0	0.000141
-179.25	0.0	0.000142
-179.125	0.0	0.000142
-179.0	0.0	0.000143
-178.875	0.0	0.000143
-178.75	0.0	0.000144
-178.625	0.0	0.000145
-178.5	0.0	0.000145
-178.375	0.0	0.000146
-178.25	0.0	0.000146
-178.125	0.0	0.000147
-178.0	0.0	0.000148
-177.875	0.0	0.000148
-177.75	0.0	0.000149
-177.625	0.0	0.000149
-177.5	0.0	0.00015
-177.375	0.0	0.00015
-177.25	0.0	0.000151
-177.125	0.0	0.000152
-177.0	0.0	0.000152
-176.875	0.0	0.000153
-176.75	0.0	0.000153
-176.625	0.0	0.000154
-176.5	0.0	0.000155
-176.375	0.0	0.000155
-176.25	0.0	0.000156
-176.125	0.0	0.000156
-176.0	0.0	0.000157
-175.875	0.0	0.000157
-175.75	0.0	0.000158
-175.625	0.0	0.000159
-175.5	0.0	0.000159
-175.375	0.0	0.00016
-175.25	0.0	0.00016
-175.125	0.0	0.000161
-175.0	0.0	0.000162
-174.875	0.0	0.000162
-174.75	0.0	0.000163
-174.625	0.0	0.000163
-174.5	0.0	0.000164
-174.375	0.0	0.000164
-174.25	0.0	0.000165
-174.125	0.0	0.000166
-174.0	0.0	0.000166
-173.875	0.0	0.000167
-173.75	0.0	0.000167
-173.625	0.0	0.000168
-173.5	0.0	0.000169
-173.375	0.0	0.000169
-173.25	0.0	0.00017
-173.125	0.0	0.00017
-173.0	0.0	0.000171
-172.875	0.0	0.000171
-172.75	0.0	0.000172
-172.625	0.0	0.000173
-172.5	0.0	0.000173
-172.375	0.0	0.000174
-172.25	0.0	0.000174
-172.125	0.0	0.000175
-172.0	0.0	0.000175
-171.875	0.0	0.000176
-171.75	0.0	0.000177
-171.625	0.0	0.000177
-171.5	0.0	0.000178
-171.375	0.0	0.000178
-171.25	0.0	0.000179
-171.125	0.0	0.00018
-171.0	0.0	0.00018
-170.875	0.0	0.000181
-170.75	0.0	0.000181
-170.625	0.0	0.000182
-170.5	0.0	0.000182
-170.375	0.0	0.000183
-170.25	0.0	0.000184
-170.125	0.0	0.000184
-170.0	0.0	0.000185
-169.875	0.0	0.000185
-169.75	0.0	0.000186
-169.625	0.0	0.000186
-169.5	0.0	0.000187
-169.375	0.0	0.000188
-169.25	0.0	0.000188
-169.125	0.0	0.000189
-169.0	0.0	0.000189
-168.875	0.0	0.00019
-168.75	0.0	0.000191
-168.625	0.0	0.000191
-168.5	0.0	0.000192
-168.375	0.0	0.000192
-168.25	0.0	0.000193
-168.125	0.0	0.000193
-168.0	0.0	0.000194
-167.875	0.0	0.000195
-167.75	0.0	0.000195
-167.625	0.0	0.000196
-167.5	0.0	0.000196
-167.375	0.0	0.000197
-167.25	0.0	0.000197
-167.125	0.0	0.000198
-167.0	0.0	0.000199
-166.875	0.0	0.000199
-166.75	0.0	0.0002
-166.625	0.0	0.0002
-166.5	0.0	0.000201
-166.375	0.0	0.000202
-166.25	0.0	0.000202
-166.125	0.0	0.000203
-166.0	0.0	0.000203
-165.875	0.0	0.000204
-165.75	0.0	0.000204
-165.625	0.0	0.000205
-165.5	0.0	0.000206
-165.375	0.0	0.000206
-165.25	0.0	0.000207
-165.125	0.0	0.000207
-165.0	0.0	0.000208
-164.875	0.0	0.000208
-164.75	0.0	0.000209
-164.625	0.0	0.00021
-164.5	0.0	0.00021
-164.375	0.0	0.000211
-164.25	0.0	0.000211
-164.125	0.0	0.000212
-164.0	0.0	0.000212
-163.875	0.0	0.000213
-163.75	0.0	0.000214
-163.625	0.0	0.000214
-163.5	0.0	0.000215
-163.375	0.0	0.000215
-163.25	0.0	0.000216
-163.125	0.0	0.000217
-163.0	0.0	0.000217
-162.875	0.0	0.000218
-162.75	0.0	0.000218
-162.625	0.0	0.000219
-162.5	0.0	0.000219
-162.375	0.0	0.00022
-162.25	0.0	0.000221
-162.125	0.0	0.000221
-162.0	0.0	0.000222
-161.875	0.0	0.000222
-161.75	0.0	0.000223
-161.625	0.0	0.000223
-161.5	0.0	0.000224
-161.375	0.0	0.000225
-161.25	0.0	0.000225
-161.125	0.0	0.000226
-161.0	0.0	0.000226
-160.875	0.0	0.000227
-160.75	0.0	0.000228
-160.625	0.0	0.000228
-160.5	0.0	0.000229
-160.375	0.0	0.000229
-160.25	0.0	0.00023
-160.125	0.0	0.00023
-160.0	0.0	0.000231
-159.875	0.0	0.000232
-159.75	0.0	0.000232
-159.625	0.0	0.000233
-159.5	0.0	0.000233
-159.375	0.0	0.000234
-159.25	0.0	0.000234
-159.125	0.0	0.000235
-159.0	0.0	0.000236
-158.875	0.0	0.000236
-158.75	0.0	0.000237
-158.625	0.0	0.000237
-158.5	0.0	0.000238
-158.375	0.0	0.000238
-158.25	0.0	0.000239
-158.125	0.0	0.00024
-158.0	0.0	0.00024
-157.875	0.0	0.000241
-157.75	0.0	0.000241
-157.625	0.0	0.000242
-157.5	0.0	0.000243
-157.375	0.0	0.000243
-157.25	0.0	0.000244
-157.125	0.0	0.000244
-157.0	0.0	0.000245
-156.875	0.0	0.000245
-156.75	0.0	0.000246
-156.625	0.0	0.000247
-156.5	0.0	0.000247
-156.375	0.0	0.000248
-156.25	0.0	0.000248
-156.125	0.0	0.000249
-156.0	0.0	0.000249
-155.875	0.0	0.00025
-155.75	0.0	0.000251
-155.625	0.0	0.000251
-155.5	0.0	0.000252
-155.375	0.0	0.000252
-155.25	0.0	0.000253
-155.125	0.0	0.000253
-155.0	0.0	0.000254
-154.875	0.0	0.000255
-154.75	0.0	0.000255
-154.625	0.0	0.000256
-154.5	0.0	0.000256
-154.375	0.0	0.000257
-154.25	0.0	0.000258
-154.125	0.0	0.000258
-154.0	0.0	0.000259
-153.875	0.0	0.000259
-153.75	0.0	0.00026
-153.625	0.0	0.00026
-153.5	0.0	0.000261
-153.375	0.0	0.000262
-153.25	0.0	0.000262
-153.125	0.0	0.000263
-153.0	0.0	0.000263
-152.875	0.0	0.000264
-152.75	0.0	0.000264
-152.625	0.0	0.000265
-152.5	0.0	0.000266
-152.375	0.0	0.000266
-152.25	0.0	0.000267
-152.125	0.0	0.000267
-152.0	0.0	0.000268
-151.875	0.0	0.000269
-151.75	0.0	0.000269
-151.625	0.0	0.00027
-151.5	0.0	0.00027
-151.375	0.0	0.000271
-151.25	0.0	0.000271
-151.125	0.0	0.000272
-151.0	0.0	0.000273
-150.875	0.0	0.000273
-150.75	0.0	0.000274
-150.625	0.0	0.000274
-150.5	0.0	0.000275
-150.375	0.0	0.000275
-150.25	0.0	0.000276
-150.125	0.0	0.000277
-150.0	0.0	0.000277
-149.875	0.0	0.000278
-149.75	0.0	0.000278
-149.625	0.0	0.000279
-149.5	0.0	0.00028
-149.375	0.0	0.00028
-149.25	0.0	0.000281
-149.125	0.0	0.000281
-149.0	0.0	0.000282
-148.875	0.0	0.000282
-148.75	0.0	0.000283
-148.625	0.0	0.000284
-148.5	0.0	0.000284
-148.375	0.0	0.000285
-148.25	0.0	0.000285
-148.125	0.0	0.000286
-148.0	0.0	0.000287
-147.875	0.0	0.000287
-147.75	0.0	0.000288
-147.625	0.0	0.000288
-147.5	0.0	0.000289
-147.375	0.0	0.000289
-147.25	0.0	0.00029
-147.125	0.0	0.000291
-147.0	0.0	0.000291
-146.875	0.0	0.000292
-146.75	0.0	0.000292
-146.625	0.0	0.000293
-146.5	0.0	0.000294
-146.375	0.0	0.000294
-146.25	0.0	0.000295
-146.125	0.0	0.000295
-146.0	0.0	0.000296
-145.875	0.0	0.000296
-145.75	0.0	0.000297
-145.625	0.0	0.000298
-145.5	0.0	0.000298
-145.375	0.0	0.000299
-145.25	0.0	0.000299
-145.125	0.0	0.0003
-145.0	0.0	0.0003
-144.875	0.0	0.000301
-144.75	0.0	0.000302
-144.625	0.0	0.000302
-144.5	0.0	0.000303
-144.375	0.0	0.000303
-144.25	0.0	0.000304
-144.125	0.0	0.000305
-144.0	0.0	0.000305
-143.875	0.0	0.000306
-143.75	0.0	0.000306
-143.625	0.0	0.000307
-143.5	0.0	0.000307
-143.375	0.0	0.000308
-143.25	0.0	0.000309
-143.125	0.0	0.000309
-143.0	0.0	0.00031
-142.875	0.0	0.00031
-142.75	0.0	0.000311
-142.625	0.0	0.000312
-142.5	0.0	0.000312
-142.375	0.0	0.000313
-142.25	0.0	0.000313
-142.125	0.0	0.000314
-142.0	0.0	0.000315
-141.875	0.0	0.000315
-141.75	0.0	0.000316
-141.625	0.0	0.000316
-141.5	0.0	0.000317
-141.375	0.0	0.000317
-141.25	0.0	0.000318
-141.125	0.0	0.000319
-141.0	0.0	0.000319
-140.875	0.0	0.00032
-140.75	0.0	0.00032
-140.625	0.0	0.000321
-140.5	0.0	0.000322
-140.375	0.0	0.000322
-140.25	0.0	0.000323
-140.125	0.0	0.000323
-140.0	0.0	0.000324
-139.875	0.0	0.000324
-139.75	0.0	0.000325
-139.625	0.0	0.000326
-139.5	0.0	0.000326
-139.375	0.0	0.000327
-139.25	0.0	0.000327
-139.125	0.0	0.000328
-139.0	0.0	0.000329
-138.875	0.0	0.000329
-138.75	0.0	0.00033
-138.625	0.0	0.00033
-138.5	0.0	0.000331
-138.375	0.0	0.000332
-138.25	0.0	0.000332
-138.125	0.0	0.000333
-138.0	0.0	0.000333
-137.875	0.0	0.000334
-137.75	0.0	0.000334
-137.625	0.0	0.000335
-137.5	0.0	0.000336
-137.375	0.0	0.000336
-137.25	0.0	0.000337
-137.125	0.0	0.000337
-137.0	0.0	0.000338
-136.875	0.0	0.000339
-136.75	0.0	0.000339
-136.625	0.0	0.00034
-136.5	0.0	0.00034
-136.375	0.0	0.000341
-136.25	0.0	0.000342
-136.125	0.0	0.000342
-136.0	0.0	0.000343
-135.875	0.0	0.000343
-135.75	0.0	0.000344
-135.625	0.0	0.000345
-135.5	0.0	0.000345
-135.375	0.0	0.000346
-135.25	0.0	0.000346
-135.125	0.0	0.000347
-135.0	0.0	0.000347
-134.875	0.0	0.000348
-134.75	0.0	0.000349
-134.625	0.0	0.000349
-134.5	0.0	0.00035
-134.375	0.0	0.00035
-134.25	0.0	0.000351
-134.125	0.0	0.000352
-134.0	0.0	0.000352
-133.875	0.0	0.000353
-133.75	0.0	0.000353
-133.625	0.0	0.000354
-133.5	0.0	0.000355
-133.375	0.0	0.000355
-133.25	0.0	0.000356
-133.125	0.0	0.000356
-133.0	0.0	0.000357
-132.875	0.0	0.000358
-132.75	0.0	0.000358
-132.625	0.0	0.000359
-132.5	0.0	0.000359
-132.375	0.0	0.00036
-132.25	0.0	0.000361
-132.125	0.0	0.000361
-132.0	0.0	0.000362
-131.875	0.0	0.000362
-131.75	0.0	0.000363
-131.625	0.0	0.000364
-131.5	0.0	0.000364
-131.375	0.0	0.000365
-131.25	0.0	0.000365
-131.125	0.0	0.000366
-131.0	0.0	0.000366
-130.875	0.0	0.000367
-130.75	0.0	0.000368
-130.625	0.0	0.000368
-130.5	0.0	0.000369
-130.375	0.0	0.000369
-130.25	0.0	0.00037
-130.125	0.0	0.000371
-130.0	0.0	0.000371
-129.875	0.0	0.000372
-129.75	0.0	0.000372
-129.625	0.0	0.000373
-129.5	0.0	0.000374
-129.375	0.0	0.000374
-129.25	0.0	0.000375
-129.125	0.0	0.000375
-129.0	0.0	0.000376
-128.875	0.0	0.000377
-128.75	0.0	0.000377
-128.625	0.0	0.000378
-128.5	0.0	0.000378
-128.375	0.0	0.000379
-128.25	0.0	0.00038
-128.125	0.0	0.00038
-128.0	0.0	0.000381
-127.875	0.0	0.000381
-127.75	0.0	0.000382
-127.625	0.0	0.000383
-127.5	0.0	0.000383
-127.375	0.0	0.000384
-127.25	0.0	0.000384
-127.125	0.0	0.000385
-127.0	0.0	0.000386
-126.875	0.0	0.000386
-126.75	0.0	0.000387
-126.625	0.0	0.000387
-126.5	0.0	0.000388
-126.375	0.0	0.000389
-126.25	0.0	0.000389
-126.125	0.0	0.00039
-126.0	0.0	0.000391
-125.875	0.0	0.000391
-125.75	0.0	0.000392
-125.625	0.0	0.000392
-125.5	0.0	0.000393
-125.375	0.0	0.000394
-125.25	0.0	0.000394
-125.125	0.0	0.000395
-125.0	0.0	0.000395
-124.875	0.0	0.000396
-124.75	0.0	0.000397
-124.625	0.0	0.000397
-124.5	0.0	0.000398
-124.375	0.0	0.000398
-124.25	0.0	0.000399
-124.125	0.0	0.0004
-124.0	0.0	0.0004
-123.875	0.0	0.000401
-123.75	0.0	0.000401
-123.625	0.0	0.000402
-123.5	0.0	0.000403
-123.375	0.0	0.000403
-123.25	0.0	0.000404
-123.125	0.0	0.000404
-123.0	0.0	0.000405
-122.875	0.0	0.000406
-122.75	0.0	0.000406
-122.625	0.0	0.000407
-122.5	0.0	0.000408
-122.375	0.0	0.000408
-122.25	0.0	0.000409
-122.125	0.0	0.000409
-122.0	0.0	0.00041
-121.875	0.0	0.000411
-121.75	0.0	0.000411
-121.625	0.0	0.000412
-121.5	0.0	0.000412
-121.375	0.0	0.000413
-121.25	0.0	0.000414
-121.125	0.0	0.000414
-121.0	0.0	0.000415
-120.875	0.0	0.000415
-120.75	0.0	0.000416
-120.625	0.0	0.000417
-120.5	0.0	0.000417
-120.375	0.0	0.000418
-120.25	0.0	0.000419
-120.125	0.0	0.000419
-120.0	0.0	0.00042
-119.875	0.0	0.00042
-119.75	0.0	0.000421
-119.625	0.0	0.000422
-119.5	0.0	0.000422
-119.375	0.0	0.000423
-119.25	0.0	0.000423
-119.125	0.0	0.000424
-119.0	0.0	0.000425
-118.875	0.0	0.000425
-118.75	0.0	0.000426
-118.625	0.0	0.000427
-118.5	0.0	0.000427
-118.375	0.0	0.000428
-118.25	0.0	0.000428
-118.125	0.0	0.000429
-118.0	0.0	0.00043
-117.875	0.0	0.00043
-117.75	0.0	0.000431
-117.625	0.0	0.000431
-117.5	0.0	0.000432
-117.375	0.0	0.000433
-117.25	0.0	0.000433
-117.125	0.0	0.000434
-117.0	0.0	0.000435
-116.875	0.0	0.000435
-116.75	0.0	0.000436
-116.625	0.0	0.000436
-116.5	0.0	0.000437
-116.375	0.0	0.000438
-116.25	0.0	0.000438
-116.125	0.0	0.000439
-116.0	0.0	0.00044
-115.875	0.0	0.00044
-115.75	0.0	0.000441
-115.625	0.0	0.000441
-115.5	0.0	0.000442
-115.375	0.0	0.000443
-115.25	0.0	0.000443
-115.125	0.0	0.000444
-115.0	0.0	0.000445
-114.875	0.0	0.000445
-114.75	0.0	0.000446
-114.625	0.0	0.000446
-114.5	0.0	0.000447
-114.375	0.0	0.000448
-114.25	0.0	0.000448
-114.125	0.0	0.000449
-114.0	0.0	0.00045
-113.875	0.0	0.00045
-113.75	0.0	0.000451
-113.625	0.0	0.000451
-113.5	0.0	0.000452
-113.375	0.0	0.000453
-113.25	0.0	0.000453
-113.125	0.0	0.000454
-113.0	0.0	0.000455
-112.875	0.0	0.000455
-112.75	0.0	0.000456
-112.625	0.0	0.000456
-112.5	0.0	0.000457
-112.375	0.0	0.000458
-112.25	0.0	0.000458
-112.125	0.0	0.000459
-112.0	0.0	0.00046
-111.875	0.0	0.00046
-111.75	0.0	0.000461
-111.625	0.0	0.000462
-111.5	0.0	0.000462
-111.375	0.0	0.000463
-111.25	0.0	0.000463
-111.125	0.0	0.000464
-111.0	0.0	0.000465
-110.875	0.0	0.000465
-110.75	0.0	0.000466
-110.625	0.0	0.000467
-110.5	0.0	0.000467
-110.375	0.0	0.000468
-110.25	0.0	0.000469
-110.125	0.0	0.000469
-110.0	0.0	0.00047
-109.875	0.0	0.00047
-109.75	0.0	0.000471
-109.625	0.0	0.000472
-109.5	0.0	0.000472
-109.375	0.0	0.000473
-109.25	0.0	0.000474
-109.125	0.0	0.000474
-109.0	0.0	0.000475
-108.875	0.0	0.000476
-108.75	0.0	0.000476
-108.625	0.0	0.000477
-108.5	0.0	0.000477
-108.375	0.0	0.000478
-108.25	0.0	0.000479
-108.125	0.0	0.000479
-108.0	0.0	0.00048
-107.875	0.0	0.000481
-107.75	0.0	0.000481
-107.625	0.0	0.000482
-107.5	0.0	0.000483
-107.375	0.0	0.000483
-107.25	0.0	0.000484
-107.125	0.0	0.000485
-107.0	0.0	0.000485
-106.875	0.0	0.000486
-106.75	0.0	0.000486
-106.625	0.0	0.000487
-106.5	0.0	0.000488
-106.375	0.0	0.000488
-106.25	0.0	0.000489
-106.125	0.0	0.00049
-106.0	0.0	0.00049
-105.875	0.0	0.000491
-105.75	0.0	0.000492
-105.625	0.0	0.000492
-105.5	0.0	0.000493
-105.375	0.0	0.000494
-105.25	0.0	0.000494
-105.125	0.0	0.000495
-105.0	0.0	0.000496
-104.875	0.0	0.000496
-104.75	0.0	0.000497
-104.625	0.0	0.000497
-104.5	0.0	0.000498
-104.375	0.0	0.000499
-104.25	0.0	0.000499
-104.125	0.0	0.0005
-104.0	0.0	0.000501
-103.875	0.0	0.000501
-103.75	0.0	0.000502
-103.625	0.0	0.000503
-103.5	0.0	0.000503
-103.375	0.0	0.000504
-103.25	0.0	0.000505
-103.125	0.0	0.000505
-103.0	0.0	0.000506
-102.875	0.0	0.000507
-102.75	0.0	0.000507
-102.625	0.0	0.000508
-102.5	0.0	0.000509
-102.375	0.0	0.000509
-102.25	0.0	0.00051
-102.125	0.0	0.000511
-102.0	0.0	0.000511
-101.875	0.0	0.000512
-101.75	0.0	0.000513
-101.625	0.0	0.000513
-101.5	0.0	0.000514
-101.375	0.0	0.000515
-101.25	0.0	0.000515
-101.125	0.0	0.000516
-101.0	0.0	0.000516
-100.875	0.0	0.000517
-100.75	0.0	0.000518
-100.625	0.0	0.000518
-100.5	0.0	0.000519
-100.375	0.0	0.00052
-100.25	0.0	0.00052
-100.125	0.0	0.000521
-100.0	0.0	0.000522
-99.875	0.0	0.000522
-99.75	0.0	0.000523
-99.625	0.0	0.000524
-99.5	0.0	0.000524
-99.375	0.0	0.000525
-99.25	0.0	0.000526
-99.125	0.0	0.000526
-99.0	0.0	0.000527
-98.875	0.0	0.000528
-98.75	0.0	0.000528
-98.625	0.0	0.000529
-98.5	0.0	0.00053
-98.375	0.0	0.00053
-98.25	0.0	0.000531
-98.125	0.0	0.000532
-98.0	0.0	0.000532
-97.875	0.0	0.000533
-97.75	0.0	0.000534
-97.625	0.0	0.000534
-97.5	0.0	0.000535
-97.375	0.0	0.000536
-97.25	0.0	0.000536
-97.125	0.0	0.000537
-97.0	0.0	0.000538
-96.875	0.0	0.000539
-96.75	0.0	0.000539
-96.625	0.0	0.00054
-96.5	0.0	0.000541
-96.375	0.0	0.000541
-96.25	0.0	0.000542
-96.125	0.0	0.000543
-96.0	0.0	0.000543
-95.875	0.0	0.000544
-95.75	0.0	0.000545
-95.625	0.0	0.000545
-95.5	0.0	0.000546
-95.375	0.0	0.000547
-95.25	0.0	0.000547
-95.125	0.0	0.000548
-95.0	0.0	0.000549
-94.875	0.0	0.000549
-94.75	0.0	0.00055
-94.625	0.0	0.000551
-94.5	0.0	0.000551
-94.375	0.0	0.000552
-94.25	0.0	0.000553
-94.125	0.0	0.000553
-94.0	0.0	0.000554
-93.875	0.0	0.000555
-93.75	0.0	0.000556
-93.625	0.0	0.000556
-93.5	0.0	0.000557
-93.375	0.0	0.000558
-93.25	0.0	0.000558
-93.125	0.0	0.000559
-93.0	0.0	0.00056
-92.875	0.0	0.00056
-92.75	0.0	0.000561
-92.625	0.0	0.000562
-92.5	0.0	0.000562
-92.375	0.0	0.000563
-92.25	0.0	0.000564
-92.125	0.0	0.000564
-92.0	0.0	0.000565
-91.875	0.0	0.000566
-91.75	0.0	0.000567
-91.625	0.0	0.000567
-91.5	0.0	0.000568
-91.375	0.0	0.000569
-91.25	0.0	0.000569
-91.125	0.0	0.00057
-91.0	0.0	0.000571
-90.875	0.0	0.000571
-90.75	0.0	0.000572
-90.625	0.0	0.000573
-90.5	0.0	0.000573
-90.375	0.0	0.000574
-90.25	0.0	0.000575
-90.125	0.0	0.000576
-90.0	0.0	0.000576
-89.875	0.0	0.000577
-89.75	0.0	0.000578
-89.625	0.0	0.000578
-89.5	0.0	0.000579
-89.375	0.0	0.00058
-89.25	0.0	0.00058
-89.125	0.0	0.000581
-89.0	0.0	0.000582
-88.875	0.0	0.000583
-88.75	0.0	0.000583
-88.625	0.0	0.000584
-88.5	0.0	0.000585
-88.375	0.0	0.000585
-88.25	0.0	0.000586
-88.125	0.0	0.000587
-88.0	0.0	0.000588
-87.875	0.0	0.000588
-87.75	0.0	0.000589
-87.625	0.0	0.00059
-87.5	0.0	0.00059
-87.375	0.0	0.000591
-87.25	0.0	0.000592
-87.125	0.0	0.000592
-87.0	0.0	0.000593
-86.875	0.0	0.000594
-86.75	0.0	0.000595
-86.625	0.0	0.000595
-86.5	0.0	0.000596
-86.375	0.0	0.000597
-86.25	0.0	0.000597
-86.125	0.0	0.000598
-86.0	0.0	0.000599
-85.875	0.0	0.0006
-85.75	0.0	0.0006
-85.625	0.0	0.000601
-85.5	0.0	0.000602
-85.375	0.0	0.000602
-85.25	0.0	0.000603
-85.125	0.0	0.000604
-85.0	0.0	0.000605
-84.875	0.0	0.000605
-84.75	0.0	0.000606
-84.625	0.0	0.000607
-84.5	0.0	0.000608
-84.375	0.0	0.000608
-84.25	0.0	0.000609
-84.125	0.0	0.00061
-84.0	0.0	0.00061
-83.875	0.0	0.000611
-83.75	0.0	0.000612
-83.625	0.0	0.000613
-83.5	0.0	0.000613
-83.375	0.0	0.000614
-83.25	0.0	0.000615
-83.125	0.0	0.000616
-83.0	0.0	0.000616
-82.875	0.0	0.000617
-82.75	0.0	0.000618
-82.625	0.0	0.000618
-82.5	0.0	0.000619
-82.375	0.0	0.00062
-82.25	0.0	0.000621
-82.125	0.0	0.000621
-82.0	0.0	0.000622
-81.875	0.0	0.000623
-81.75	0.0	0.000624
-81.625	0.0	0.000624
-81.5	0.0	0.000625
-81.375	0.0	0.000626
-81.25	0.0	0.000626
-81.125	0.0	0.000627
-81.0	0.0	0.000628
-80.875	0.0	0.000629
-80.75	0.0	0.000629
-80.625	0.0	0.00063
-80.5	0.0	0.000631
-80.375	0.0	0.000632
-80.25	0.0	0.000632
-80.125	0.0	0.000633
-80.0	0.0	0.000634
-79.875	0.0	0.000635
-79.75	0.0	0.000635
-79.625	0.0	0.000636
-79.5	0.0	0.000637
-79.375	0.0	0.000638
-79.25	0.0	0.000638
-79.125	0.0	0.000639
-79.0	0.0	0.00064
-78.875	0.0	0.000641
-78.75	0.0	0.000641
-78.625	0.0	0.000642
-78.5	0.0	0.000643
-78.375	0.0	0.000644
-78.25	0.0	0.000644
-78.125	0.0	0.000645
-78.0	0.0	0.000646
-77.875	0.0	0.000647
-77.75	0.0	0.000647
-77.625	0.0	0.000648
-77.5	0.0	0.000649
-77.375	0.0	0.00065
-77.25	0.0	0.00065
-77.125	0.0	0.000651
-77.0	0.0	0.000652
-76.875	0.0	0.000653
-76.75	0.0	0.000653
-76.625	0.0	0.000654
-76.5	0.0	0.000655
-76.375	0.0	0.000656
-76.25	0.0	0.000656
-76.125	0.0	0.000657
-76.0	0.0	0.000658
-75.875	0.0	0.000659
-75.75	0.0	0.000659
-75.625	0.0	0.00066
-75.5	0.0	0.000661
-75.375	0.0	0.000662
-75.25	0.0	0.000663
-75.125	0.0	0.000663
-75.0	0.0	0.000664
-74.875	0.0	0.000665
-74.75	0.0	0.000666
-74.625	0.0	0.000666
-74.5	0.0	0.000667
-74.375	0.0	0.000668
-74.25	0.0	0.000669
-74.125	0.0	0.000669
-74.0	0.0	0.00067
-73.875	0.0	0.000671
-73.75	0.0	0.000672
-73.625	0.0	0.000673
-73.5	0.0	0.000673
-73.375	0.0	0.000674
-73.25	0.0	0.000675
-73.125	0.0	0.000676
-73.0	0.0	0.000676
-72.875	0.0	0.000677
-72.75	0.0	0.000678
-72.625	0.0	0.000679
-72.5	0.0	0.00068
-72.375	0.0	0.00068
-72.25	0.0	0.000681
-72.125	0.0	0.000682
-72.0	0.0	0.000683
-71.875	0.0	0.000683
-71.75	0.0	0.000684
-71.625	0.0	0.000685
-71.5	0.0	0.000686
-71.375	0.0	0.000687
-71.25	0.0	0.000687
-71.125	0.0	0.000688
-71.0	0.0	0.000689
-70.875	0.0	0.00069
-70.75	0.0	0.000691
-70.625	0.0	0.000691
-70.5	0.0	0.000692
-70.375	0.0	0.000693
-70.25	0.0	0.000694
-70.125	0.0	0.000695
-70.0	0.0	0.000695
-69.875	0.0	0.000696
-69.75	0.0	0.000697
-69.625	0.0	0.000698
-69.5	0.0	0.000699
-69.375	0.0	0.000699
-69.25	0.0	0.0007
-69.125	0.0	0.000701
-69.0	0.0	0.000702
-68.875	0.0	0.000703
-68.75	0.0	0.000703
-68.625	0.0	0.000704
-68.5	0.0	0.000705
-68.375	0.0	0.000706
-68.25	0.0	0.000707
-68.125	0.0	0.000707
-68.0	0.0	0.000708
-67.875	0.0	0.000709
-67.75	0.0	0.00071
-67.625	0.0	0.000711
-67.5	0.0	0.000711
-67.375	0.0	0.000712
-67.25	0.0	0.000713
-67.125	0.0	0.000714
-67.0	0.0	0.000715
-66.875	0.0	0.000715
-66.75	0.0	0.000716
-66.625	0.0	0.000717
-66.5	0.0	0.000718
-66.375	0.0	0.000719
-66.25	0.0	0.00072
-66.125	0.0	0.00072
-66.0	0.0	0.000721
-65.875	0.0	0.000722
-65.75	0.0	0.000723
-65.625	0.0	0.000724
-65.5	0.0	0.000724
-65.375	0.0	0.000725
-65.25	0.0	0.000726
-65.125	0.0	0.000727
-65.0	0.0	0.000728
-64.875	0.0	0.000729
-64.75	0.0	0.000729
-64.625	0.0	0.00073
-64.5	0.0	0.000731
-64.375	0.0	0.000732
-64.25	0.0	0.000733
-64.125	0.0	0.000734
-64.0	0.0	0.000734
-63.875	0.0	0.000735
-63.75	0.0	0.000736
-63.625	0.0	0.000737
-63.5	0.0	0.000738
-63.375	0.0	0.000739
-63.25	0.0	0.000739
-63.125	0.0	0.00074
-63.0	0.0	0.000741
-62.875	0.0	0.000742
-62.75	0.0	0.000743
-62.625	0.0	0.000744
-62.5	0.0	0.000744
-62.375	0.0	0.000745
-62.25	0.0	0.000746
-62.125	0.0	0.000747
-62.0	0.0	0.000748
-61.875	0.0	0.000749
-61.75	0.0	0.00075
-61.625	0.0	0.00075
-61.5	0.0	0.000751
-61.375	0.0	0.000752
-61.25	0.0	0.000753
-61.125	0.0	0.000754
-61.0	0.0	0.000755
-60.875	0.0	0.000755
-60.75	0.0	0.000756
-60.625	0.0	0.000757
-60.5	0.0	0.000758
-60.375	0.0	0.000759
-60.25	0.0	0.00076
-60.125	0.0	0.000761
-60.0	0.0	0.000762
-59.875	0.0	0.000762
-59.75	0.0	0.000763
-59.625	0.0	0.000764
-59.5	0.0	0.000765
-59.375	0.0	0.000766
-59.25	0.0	0.000767
-59.125	0.0	0.000768
-59.0	0.0	0.000768
-58.875	0.0	0.000769
-58.75	0.0	0.00077
-58.625	0.0	0.000771
-58.5	0.0	0.000772
-58.375	0.0	0.000773
-58.25	0.0	0.000774
-58.125	0.0	0.000775
-58.0	0.0	0.000775
-57.875	0.0	0.000776
-57.75	0.0	0.000777
-57.625	0.0	0.000778
-57.5	0.0	0.000779
-57.375	0.0	0.00078
-57.25	0.0	0.000781
-57.125	0.0	0.000782
-57.0	0.0	0.000782
-56.875	0.0	0.000783
-56.75	0.0	0.000784
-56.625	0.0	0.000785
-56.5	0.0	0.000786
-56.375	0.0	0.000787
-56.25	0.0	0.000788
-56.125	0.0	0.000789
-56.0	0.0	0.00079
-55.875	0.0	0.00079
-55.75	0.0	0.000791
-55.625	0.0	0.000792
-55.5	0.0	0.000793
-55.375	0.0	0.000794
-55.25	0.0	0.000795
-55.125	0.0	0.000796
-55.0	0.0	0.000797
-54.875	0.0	0.000798
-54.75	0.0	0.000798
-54.625	0.0	0.000799
-54.5	0.0	0.0008
-54.375	0.0	0.000801
-54.25	0.0	0.000802
-54.125	0.0	0.000803
-54.0	0.0	0.000804
-53.875	0.0	0.000805
-53.75	0.0	0.000806
-53.625	0.0	0.000807
-53.5	0.0	0.000808
-53.375	0.0	0.000808
-53.25	0.0	0.000809
-53.125	0.0	0.00081
-53.0	0.0	0.000811
-52.875	0.0	0.000812
-52.75	0.0	0.000813
-52.625	0.0	0.000814
-52.5	0.0	0.000815
-52.375	0.0	0.000816
-52.25	0.0	0.000817
-52.125	0.0	0.000818
-52.0	0.0	0.000819
-51.875	0.0	0.000819
-51.75	0.0	0.00082
-51.625	0.0	0.000821
-51.5	0.0	0.000822
-51.375	0.0	0.000823
-51.25	0.0	0.000824
-51.125	0.0	0.000825
-51.0	0.0	0.000826
-50.875	0.0	0.000827
-50.75	0.0	0.000828
-50.625	0.0	0.000829
-50.5	0.0	0.00083
-50.375	0.0	0.000831
-50.25	0.0	0.000832
-50.125	0.0	0.000833
-50.0	0.0	0.000833
-49.875	0.0	0.000834
-49.75	0.0	0.000835
-49.625	0.0	0.000836
-49.5	0.0	0.000837
-49.375	0.0	0.000838
-49.25	0.0	0.000839
-49.125	0.0	0.00084
-49.0	0.0	0.000841
-48.875	0.0	0.000842
-48.75	0.0	0.000843
-48.625	0.0	0.000844
-48.5	0.0	0.000845
-48.375	0.0	0.000846
-48.25	0.0	0.000847
-48.125	0.0	0.000848
-48.0	0.0	0.000849
-47.875	0.0	0.00085
-47.75	0.0	0.000851
-47.625	0.0	0.000852
-47.5	0.0	0.000853
-47.375	0.0	0.000854
-47.25	0.0	0.000854
-47.125	0.0	0.000855
-47.0	0.0	0.000856
-46.875	0.0	0.000857
-46.75	0.0	0.000858
-46.625	0.0	0.000859
-46.5	0.0	0.00086
-46.375	0.0	0.000861
-46.25	0.0	0.000862
-46.125	0.0	0.000863
-46.0	0.0	0.000864
-45.875	0.0	0.000865
-45.75	0.0	0.000866
-45.625	0.0	0.000867
-45.5	0.0	0.000868
-45.375	0.0	0.000869
-45.25	0.0	0.00087
-45.125	0.0	0.000871
-45.0	0.0	0.000872
-44.875	0.0	0.000873
-44.75	0.0	0.000874
-44.625	0.0	0.000875
-44.5	0.0	0.000876
-44.375	0.0	0.000877
-44.25	0.0	0.000878
-44.125	0.0	0.000879
-44.0	0.0	0.00088
-43.875	0.0	0.000881
-43.75	0.0	0.000882
-43.625	0.0	0.000883
-43.5	0.0	0.000884
-43.375	0.0	0.000885
-43.25	0.0	0.000886
-43.125	0.0	0.000887
-43.0	0.0	0.000888
-42.875	0.0	0.000889
-42.75	0.0	0.00089
-42.625	0.0	0.000891
-42.5	0.0	0.000892
-42.375	0.0	0.000893
-42.25	0.0	0.000894
-42.125	0.0	0.000895
-42.0	0.0	0.000896
-41.875	0.0	0.000897
-41.75	0.0	0.000898
-41.625	0.0	0.000899
-41.5	0.0	0.0009
-41.375	0.0	0.000901
-41.25	0.0	0.000902
-41.125	0.0	0.000903
-41.0	0.0	0.000904
-40.875	0.0	0.000905
-40.75	0.0	0.000906
-40.625	0.0	0.000907
-40.5	0.0	0.000909
-40.375	0.0	0.00091
-40.25	0.0	0.000911
-40.125	0.0	0.000912
-40.0	0.0	0.000913
-39.875	0.0	0.000914
-39.75	0.0	0.000915
-39.625	0.0	0.000916
-39.5	0.0	0.000917
-39.375	0.0	0.000918
-39.25	0.0	0.000919
-39.125	0.0	0.00092
-39.0	0.0	0.000921
-38.875	0.0	0.000922
-38.75	0.0	0.000923
-38.625	0.0	0.000924
-38.5	0.0	0.000925
-38.375	0.0	0.000926
-38.25	0.0	0.000927
-38.125	0.0	0.000928
-38.0	0.0	0.00093
-37.875	0.0	0.000931
-37.75	0.0	0.000932
-37.625	0.0	0.000933
-37.5	0.0	0.000934
-37.375	0.0	0.000935
-37.25	0.0	0.000936
-37.125	0.0	0.000937
-37.0	0.0	0.000938
-36.875	0.0	0.000939
-36.75	0.0	0.00094
-36.625	0.0	0.000941
-36.5	0.0	0.000942
-36.375	0.0	0.000943
-36.25	0.0	0.000945
-36.125	0.0	0.000946
-36.0	0.0	0.000947
-35.875	0.0	0.000948
-35.75	0.0	0.000949
-35.625	0.0	0.00095
-35.5	0.0	0.000951
-35.375	0.0	0.000952
-35.25	0.0	0.000953
-35.125	0.0	0.000954
-35.0	0.0	0.000956
-34.875	0.0	0.000957
-34.75	0.0	0.000958
-34.625	0.0	0.000959
-34.5	0.0	0.00096
-34.375	0.0	0.000961
-34.25	0.0	0.000962
-34.125	0.0	0.000963
-34.0	0.0	0.000964
-33.875	0.0	0.000965
-33.75	0.0	0.000967
-33.625	0.0	0.000968
-33.5	0.0	0.000969
-33.375	0.0	0.00097
-33.25	0.0	0.000971
-33.125	0.0	0.000972
-33.0	0.0	0.000973
-32.875	0.0	0.000974
-32.75	0.0	0.000976
-32.625	0.0	0.000977
-32.5	0.0	0.000978
-32.375	0.0	0.000979
-32.25	0.0	0.00098
-32.125	0.0	0.000981
-32.0	0.0	0.000982
-31.875	0.0	0.000984
-31.75	0.0	0.000985
-31.625	0.0	0.000986
-31.5	0.0	0.000987
-31.375	0.0	0.000988
-31.25	0.0	0.000989
-31.125	0.0	0.00099
-31.0	0.0	0.000992
-30.875	0.0	0.000993
-30.75	0.0	0.000994
-30.625	0.0	0.000995
-30.5	0.0	0.000996
-30.375	0.0	0.000997
-30.25	0.0	0.000999
-30.125	0.0	0.001
-30.0	0.0	0.001001
-29.875	0.0	0.001002
-29.75	0.0	0.001003
-29.625	0.0	0.001004
-29.5	0.0	0.001006
-29.375	0.0	0.001007
-29.25	0.0	0.001008
-29.125	0.0	0.001009
-29.0	0.0	0.00101
-28.875	0.0	0.001011
-28.75	0.0	0.001013
-28.625	0.0	0.001014
-28.5	0.0	0.001015
-28.375	0.0	0.001016
-28.25	0.0	0.001017
-28.125	0.0	0.001019
-28.0	0.0	0.00102
-27.875	0.0	0.001021
-27.75	0.0	0.001022
-27.625	0.0	0.001023
-27.5	0.0	0.001025
-27.375	0.0	0.001026
-27.25	0.0	0.001027
-27.125	0.0	0.001028
-27.0	0.0	0.001029
-26.875	0.0	0.001031
-26.75	0.0	0.001032
-26.625	0.0	0.001033
-26.5	0.0	0.001034
-26.375	0.0	0.001035
-26.25	0.0	0.001037
-26.125	0.0	0.001038
-26.0	0.0	0.001039
-25.875	0.0	0.00104
-25.75	0.0	0.001042
-25.625	0.0	0.001043
-25.5	0.0	0.001044
-25.375	0.0	0.001045
-25.25	0.0	0.001046
-25.125	0.0	0.001048
-25.0	0.0	0.001049
-24.875	0.0	0.00105
-24.75	0.0	0.001051
-24.625	0.0	0.001053
-24.5	0.0	0.001054
-24.375	0.0	0.001055
-24.25	0.0	0.001056
-24.125	0.0	0.001058
-24.0	0.0	0.001059
-23.875	0.0	0.00106
-23.75	0.0	0.001061
-23.625	0.0	0.001063
-23.5	0.0	0.001064
-23.375	0.0	0.001065
-23.25	0.0	0.001067
-23.125	0.0	0.001068
-23.0	0.0	0.001069
-22.875	0.0	0.00107
-22.75	0.0	0.001072
-22.625	0.0	0.001073
-22.5	0.0	0.001074
-22.375	0.0	0.001075
-22.25	0.0	0.001077
-22.125	0.0	0.001078
-22.0	0.0	0.001079
-21.875	0.0	0.001081
-21.75	0.0	0.001082
-21.625	0.0	0.001083
-21.5	0.0	0.001085
-21.375	0.0	0.001086
-21.25	0.0	0.001087
-21.125	0.0	0.001088
-21.0	0.0	0.00109
-20.875	0.0	0.001091
-20.75	0.0	0.001092
-20.625	0.0	0.001094
-20.5	0.0	0.001095
-20.375	0.0	0.001096
-20.25	0.0	0.001098
-20.125	0.0	0.001099
-20.0	0.0	0.0011
-19.875	0.0	0.001102
-19.75	0.0	0.001103
-19.625	0.0	0.001104
-19.5	0.0	0.001106
-19.375	0.0	0.001107
-19.25	0.0	0.001108
-19.125	0.0	0.00111
-19.0	0.0	0.001111
-18.875	0.0	0.001112
-18.75	0.0	0.001114
-18.625	0.0	0.001115
-18.5	0.0	0.001116
-18.375	0.0	0.001118
-18.25	0.0	0.001119
-18.125	0.0	0.00112
-18.0	0.0	0.001122
-17.875	0.0	0.001123
-17.75	0.0	0.001124
-17.625	0.0	0.001126
-17.5	0.0	0.001127
-17.375	0.0	0.001129
-17.25	0.0	0.00113
-17.125	0.0	0.001131
-17.0	0.0	0.001133
-16.875	0.0	0.001134
-16.75	0.0	0.001136
-16.625	0.0	0.001137
-16.5	0.0	0.001138
-16.375	0.0	0.00114
-16.25	0.0	0.001141
-16.125	0.0	0.001142
-16.0	0.0	0.001144
-15.875	0.0	0.001145
-15.75	0.0	0.001147
-15.625	0.0	0.001148
-15.5	0.0	0.001149
-15.375	0.0	0.001151
-15.25	0.0	0.001152
-15.125	0.0	0.001154
-15.0	0.0	0.001155
-14.875	0.0	0.001157
-14.75	0.0	0.001158
-14.625	0.0	0.001159
-14.5	0.0	0.001161
-14.375	0.0	0.001162
-14.25	0.0	0.001164
-14.125	0.0	0.001165
-14.0	0.0	0.001167
-13.875	0.0	0.001168
-13.75	0.0	0.001169
-13.625	0.0	0.001171
-13.5	0.0	0.001172
-13.375	0.0	0.001174
-13.25	0.0	0.001175
-13.125	0.0	0.001177
-13.0	0.0	0.001178
-12.875	0.0	0.00118
-12.75	0.0	0.001181
-12.625	0.0	0.001183
-12.5	0.0	0.001184
-12.375	0.0	0.001186
-12.25	0.0	0.001187
-12.125	0.0	0.001189
-12.0	0.0	0.00119
-11.875	0.0	0.001191
-11.75	0.0	0.001193
-11.625	0.0	0.001194
-11.5	0.0	0.001196
-11.375	0.0	0.001197
-11.25	0.0	0.001199
-11.125	0.0	0.0012
-11.0	0.0	0.001202
-10.875	0.0	0.001203
-10.75	0.0	0.001205
-10.625	0.0	0.001206
-10.5	0.0	0.001208
-10.375	0.0	0.00121
-10.25	0.0	0.001211
-10.125	0.0	0.001213
-10.0	0.0	0.001214
-9.875	0.0	0.001216
-9.75	0.0	0.001217
-9.625	0.0	0.001219
-9.5	0.0	0.00122
-9.375	0.0	0.001222
-9.25	0.0	0.001223
-9.125	0.0	0.001225
-9.0	0.0	0.001226
-8.875	0.0	0.001228
-8.75	0.0	0.00123
-8.625	0.0	0.001231
-8.5	0.0	0.001233
-8.375	0.0	0.001234
-8.25	0.0	0.001236
-8.125	0.0	0.001237
-8.0	0.0	0.001239
-7.875	0.0	0.00124
-7.75	0.0	0.001242
-7.625	0.0	0.001244
-7.5	0.0	0.001245
-7.375	0.0	0.001247
-7.25	0.0	0.001248
-7.125	0.0	0.00125
-7.0	0.0	0.001252
-6.875	0.0	0.001253
-6.75	0.0	0.001255
-6.625	0.0	0.001256
-6.5	0.0	0.001258
-6.375	0.0	0.00126
-6.25	0.0	0.001261
-6.125	0.0	0.001263
-6.0	0.0	0.001265
-5.875	0.0	0.001266
-5.75	0.0	0.001268
-5.625	0.0	0.001269
-5.5	0.0	0.001271
-5.375	0.0	0.001273
-5.25	0.0	0.001274
-5.125	0.0	0.001276
-5.0	0.0	0.001278
-4.875	0.0	0.001279
-4.75	0.0	0.001281
-4.625	0.0	0.001283
-4.5	0.0	0.001284
-4.375	0.0	0.001286
-4.25	0.0	0.001288
-4.125	0.0	0.001289
-4.0	0.0	0.001291
-3.875	0.0	0.001293
-3.75	0.0	0.001294
-3.625	0.0	0.001296
-3.5	0.0	0.001298
-3.375	0.0	0.001299
-3.25	0.0	0.001301
-3.125	0.0	0.001303
-3.0	0.0	0.001304
-2.875	0.0	0.001306
-2.75	0.0	0.001308
-2.625	0.0	0.00131
-2.5	0.0	0.001311
-2.375	0.0	0.001313
-2.25	0.0	0.001315
-2.125	0.0	0.001316
-2.0	0.0	0.001318
-1.875	0.0	0.00132
-1.75	0.0	0.001322
-1.625	0.0	0.001323
-1.5	0.0	0.001325
-1.375	0.0	0.001327
-1.25	0.0	0.001329
-1.125	0.0	0.00133
-1.0	0.0	0.001332
-0.875	0.0	0.001334
-0.75	0.0	0.001336
-0.625	0.0	0.001338
-0.5	0.0	0.001339
-0.375	0.0	0.001341
-0.25	0.0	0.001343
-0.125	0.0	0.001345
0.0	0.0	0.001346
0.125	0.0	0.001348
0.25	0.0	0.00135
0.375	0.0	0.001352
0.5	0.0	0.001354
0.625	0.0	0.001355
0.75	0.0	0.001357
0.875	0.0	0.001359
1.0	0.0	0.001361
1.125	0.0	0.001363
1.25	0.0	0.001365
1.375	0.0	0.001366
1.5	0.0	0.001368
1.625	0.0	0.00137
1.75	0.0	0.001372
1.875	0.0	0.001374
2.0	0.0	0.001376
2.125	0.0	0.001377
2.25	0.0	0.001379
2.375	0.0	0.001381
2.5	0.0	0.001383
2.625	0.0	0.001385
2.75	0.0	0.001387
2.875	0.0	0.001389
3.0	0.0	0.001391
3.125	0.0	0.001392
3.25	0.0	0.001394
3.375	0.0	0.001396
3.5	0.0	0.001398
3.625	0.0	0.0014
3.75	0.0	0.001402
3.875	0.0	0.001404
4.0	0.0	0.001406
4.125	0.0	0.001408
4.25	0.0	0.00141
4.375	0.0	0.001412
4.5	0.0	0.001414
4.625	0.0	0.001415
4.75	0.0	0.001417
4.875	0.0	0.001419
5.0	0.0	0.001421
5.125	0.0	0.001423
5.25	0.0	0.001425
5.375	0.0	0.001427
5.5	0.0	0.001429
5.625	0.0	0.001431
5.75	0.0	0.001433
5.875	0.0	0.001435
6.0	0.0	0.001437
6.125	0.0	0.001439
6.25	0.0	0.001441
6.375	0.0	0.001443
6.5	0.0	0.001445
6.625	0.0	0.001447
6.75	0.0	0.001449
6.875	0.0	0.001451
7.0	0.0	0.001453
7.125	0.0	0.001455
7.25	0.0	0.001457
7.375	0.0	0.001459
7.5	0.0	0.001461
7.625	0.0	0.001463
7.75	0.0	0.001465
7.875	0.0	0.001467
8.0	0.0	0.00147
8.125	0.0	0.001472
8.25	0.0	0.001474
8.375	0.0	0.001476
8.5	0.0	0.001478
8.625	0.0	0.00148
8.75	0.0	0.001482
8.875	0.0	0.001484
9.0	0.0	0.001486
9.125	0.0	0.001488
9.25	0.0	0.00149
9.375	0.0	0.001493
9.5	0.0	0.001495
9.625	0.0	0.001497
9.75	0.0	0.001499
9.875	0.0	0.001501
10.0	0.0	0.001503
10.125	0.0	0.001505
10.25	0.0	0.001507
10.375	0.0	0.00151
10.5	0.0	0.001512
10.625	0.0	0.001514
10.75	0.0	0.001516
10.875	0.0	0.001518
11.0	0.0	0.00152
11.125	0.0	0.001523
11.25	0.0	0.001525
11.375	0.0	0.001527
11.5	0.0	0.001529
11.625	0.0	0.001531
11.75	0.0	0.001534
11.875	0.0	0.001536
12.0	0.0	0.001538
12.125	0.0	0.00154
12.25	0.0	0.001543
12.375	0.0	0.001545
12.5	0.0	0.001547
12.625	0.0	0.001549
12.75	0.0	0.001552
12.875	0.0	0.001554
13.0	0.0	0.001556
13.125	0.0	0.001558
13.25	0.0	0.001561
13.375	0.0	0.001563
13.5	0.0	0.001565
13.625	0.0	0.001567
13.75	0.0	0.00157
13.875	0.0	0.001572
14.0	0.0	0.001574
14.125	0.0	0.001577
14.25	0.0	0.001579
14.375	0.0	0.001581
14.5	0.0	0.001584
14.625	0.0	0.001586
14.75	0.0	0.001588
14.875	0.0	0.001591
15.0	0.0	0.001593
15.125	0.0	0.001595
15.25	0.0	0.001598
15.375	0.0	0.0016
15.5	0.0	0.001603
15.625	0.0	0.001605
15.75	0.0	0.001607
15.875	0.0	0.00161
16.0	0.0	0.001612
16.125	0.0	0.001615
16.25	0.0	0.001617
16.375	0.0	0.001619
16.5	0.0	0.001622
16.625	0.0	0.001624
16.75	0.0	0.001627
16.875	0.0	0.001629
17.0	0.0	0.001632
17.125	0.0	0.001634
17.25	0.0	0.001637
17.375	0.0	0.001639
17.5	0.0	0.001641
17.625	0.0	0.001644
17.75	0.0	0.001646
17.875	0.0	0.001649
18.0	0.0	0.001651
18.125	0.0	0.001654
18.25	0.0	0.001656
18.375	0.0	0.001659
18.5	0.0	0.001662
18.625	0.0	0.001664
18.75	0.0	0.001667
18.875	0.0	0.001669
19.0	0.0	0.001672
19.125	0.0	0.001674
19.25	0.0	0.001677
19.375	0.0	0.001679
19.5	0.0	0.001682
19.625	0.0	0.001685
19.75	0.0	0.001687
19.875	0.0	0.00169
20.0	0.0	0.001692
20.125	0.0	0.001695
20.25	0.0	0.001698
20.375	0.0	0.0017
20.5	0.0	0.001703
20.625	0.0	0.001706
20.75	0.0	0.001708
20.875	0.0	0.001711
21.0	0.0	0.001714
21.125	0.0	0.001716
21.25	0.0	0.001719
21.375	0.0	0.001722
21.5	0.0	0.001724
21.625	0.0	0.001727
21.75	0.0	0.00173
21.875	0.0	0.001732
22.0	0.0	0.001735
22.125	0.0	0.001738
22.25	0.0	0.001741
22.375	0.0	0.001743
22.5	0.0	0.001746
22.625	0.0	0.001749
22.75	0.0	0.001752
22.875	0.0	0.001754
23.0	0.0	0.001757
23.125	0.0	0.00176
23.25	0.0	0.001763
23.375	0.0	0.001766
23.5	0.0	0.001768
23.625	0.0	0.001771
23.75	0.0	0.001774
23.875	0.0	0.001777
24.0	0.0	0.00178
24.125	0.0	0.001782
24.25	0.0	0.001785
24.375	0.0	0.001788
24.5	0.0	0.001791
24.625	0.0	0.001794
24.75	0.0	0.001797
24.875	0.0	0.0018
25.0	0.0	0.001803
25.125	0.0	0.001806
25.25	0.0	0.001808
25.375	0.0	0.001811
25.5	0.0	0.001814
25.625	0.0	0.001817
25.75	0.0	0.00182
25.875	0.0	0.001823
26.0	0.0	0.001826
26.125	0.0	0.001829
26.25	0.0	0.001832
26.375	0.0	0.001835
26.5	0.0	0.001838
26.625	0.0	0.001841
26.75	0.0	0.001844
26.875	0.0	0.001847
27.0	0.0	0.00185
27.125	0.0	0.001853
27.25	0.0	0.001856
27.375	0.0	0.001859
27.5	0.0	0.001862
27.625	0.0	0.001866
27.75	0.0	0.001869
27.875	0.0	0.001872
28.0	0.0	0.001875
28.125	0.0	0.001878
28.25	0.0	0.001881
28.375	0.0	0.001884
28.5	0.0	0.001887
28.625	0.0	0.00189
28.75	0.0	0.001894
28.875	0.0	0.001897
29.0	0.0	0.0019
29.125	0.0	0.001903
29.25	0.0	0.001906
29.375	0.0	0.00191
29.5	0.0	0.001913
29.625	0.0	0.001916
29.75	0.0	0.001919
29.875	0.0	0.001922
30.0	0.0	0.001926
30.125	0.0	0.001929
30.25	0.0	0.001932
30.375	0.0	0.001936
30.5	0.0	0.001939
30.625	0.0	0.001942
30.75	0.0	0.001945
30.875	0.0	0.001949
31.0	0.0	0.001952
31.125	0.0	0.001955
31.25	0.0	0.001959
31.375	0.0	0.001962
31.5	0.0	0.001965
31.625	0.0	0.001969
31.75	0.0	0.001972
31.875	0.0	0.001976
32.0	0.0	0.001979
32.125	0.0	0.001982
32.25	0.0	0.001986
32.375	0.0	0.001989
32.5	0.0	0.001993
32.625	0.0	0.001996
32.75	0.0	0.002
32.875	0.0	0.002003
33.0	0.0	0.002007
33.125	0.0	0.00201
33.25	0.0	0.002014
33.375	0.0	0.002017
33.5	0.0	0.002021
33.625	0.0	0.002024
33.75	0.0	0.002028
33.875	0.0	0.002031
34.0	0.0	0.002035
34.125	0.0	0.002038
34.25	0.0	0.002042
34.375	0.0	0.002046
34.5	0.0	0.002049
34.625	0.0	0.002053
34.75	0.0	0.002056
34.875	0.0	0.00206
35.0	0.0	0.002064
35.125	0.0	0.002067
35.25	0.0	0.002071
35.375	0.0	0.002075
35.5	0.0	0.002078
35.625	0.0	0.002082
35.75	0.0	0.002086
35.875	0.0	0.00209
36.0	0.0	0.002093
36.125	0.0	0.002097
36.25	0.0	0.002101
36.375	0.0	0.002105
36.5	0.0	0.002108
36.625	0.0	0.002112
36.75	0.0	0.002116
36.875	0.0	0.00212
37.0	0.0	0.002124
37.125	0.0	0.002127
37.25	0.0	0.002131
37.375	0.0	0.002135
37.5	0.0	0.002139
37.625	0.0	0.002143
37.75	0.0	0.002147
37.875	0.0	0.002151
38.0	0.0	0.002155
38.125	0.0	0.002158
38.25	0.0	0.002162
38.375	0.0	0.002166
38.5	0.0	0.00217
38.625	0.0	0.002174
38.75	0.0	0.002178
38.875	0.0	0.002182
39.0	0.0	0.002186
39.125	0.0	0.00219
39.25	0.0	0.002194
39.375	0.0	0.002198
39.5	0.0	0.002202
39.625	0.0	0.002207
39.75	0.0	0.002211
39.875	0.0	0.002215
40.0	0.0	0.002219
40.125	0.0	0.002223
40.25	0.0	0.002227
40.375	0.0	0.002231
40.5	0.0	0.002235
40.625	0.0	0.00224
40.75	0.0	0.002244
40.875	0.0	0.002248
41.0	0.0	0.002252
41.125	0.0	0.002256
41.25	0.0	0.002261
41.375	0.0	0.002265
41.5	0.0	0.002269
41.625	0.0	0.002273
41.75	0.0	0.002278
41.875	0.0	0.002282
42.0	0.0	0.002286
42.125	0.0	0.002291
42.25	0.0	0.002295
42.375	0.0	0.002299
42.5	0.0	0.002304
42.625	0.0	0.002308
42.75	0.0	0.002312
42.875	0.0	0.002317
43.0	0.0	0.002321
43.125	0.0	0.002326
43.25	0.0	0.00233
43.375	0.0	0.002334
43.5	0.0	0.002339
43.625	0.0	0.002343
43.75	0.0	0.002348
43.875	0.0	0.002352
44.0	0.0	0.002357
44.125	0.0	0.002361
44.25	0.0	0.002366
44.375	0.0	0.00237
44.5	0.0	0.002375
44.625	0.0	0.00238
44.75	0.0	0.002384
44.875	0.0	0.002389
45.0	0.0	0.002393
45.125	0.0	0.002398
45.25	0.0	0.002403
45.375	0.0	0.002407
45.5	0.0	0.002412
45.625	0.0	0.002417
45.75	0.0	0.002421
45.875	0.0	0.002426
46.0	0.0	0.002431
46.125	0.0	0.002436
46.25	0.0	0.00244
46.375	0.0	0.002445
46.5	0.0	0.00245
46.625	0.0	0.002455
46.75	0.0	0.002459
46.875	0.0	0.002464
47.0	0.0	0.002469
47.125	0.0	0.002474
47.25	0.0	0.002479
47.375	0.0	0.002484
47.5	0.0	0.002488
47.625	0.0	0.002493
47.75	0.0	0.002498
47.875	0.0	0.002503
48.0	0.0	0.002508
48.125	0.0	0.002513
48.25	0.0	0.002518
48.375	0.0	0.002523
48.5	0.0	0.002528
48.625	0.0	0.002533
48.75	0.0	0.002538
48.875	0.0	0.002543
49.0	0.0	0.002548
49.125	0.0	0.002553
49.25	0.0	0.002558
49.375	0.0	0.002563
49.5	0.0	0.002568
49.625	0.0	0.002573
49.75	0.0	0.002578
49.875	0.0	0.002584
50.0	0.0	0.002589
50.125	0.0	0.002594
50.25	0.0	0.002599
50.375	0.0	0.002604
50.5	0.0	0.002609
50.625	0.0	0.002615
50.75	0.0	0.00262
50.875	0.0	0.002625
51.0	0.0	0.00263
51.125	0.0	0.002635
51.25	0.0	0.002641
51.375	0.0	0.002646
51.5	0.0	0.002651
51.625	0.0	0.002657
51.75	0.0	0.002662
51.875	0.0	0.002667
52.0	0.0	0.002672
52.125	0.0	0.002678
52.25	0.0	0.002683
52.375	0.0	0.002688
52.5	0.0	0.002694
52.625	0.0	0.002699
52.75	0.0	0.002705
52.875	0.0	0.00271
53.0	0.0	0.002715
53.125	0.0	0.002721
53.25	0.0	0.002726
53.375	0.0	0.002732
53.5	0.0	0.002737
53.625	0.0	0.002743
53.75	0.0	0.002748
53.875	0.0	0.002753
54.0	0.0	0.002759
54.125	0.0	0.002764
54.25	0.0	0.00277
54.375	0.0	0.002775
54.5	0.0	0.002781
54.625	0.0	0.002786
54.75	0.0	0.002792
54.875	0.0	0.002797
55.0	0.0	0.002803
55.125	0.0	0.002809
55.25	0.0	0.002814
55.375	0.0	0.00282
55.5	0.0	0.002825
55.625	0.0	0.002831
55.75	0.0	0.002836
55.875	0.0	0.002842
56.0	0.0	0.002847
56.125	0.0	0.002853
56.25	0.0	0.002859
56.375	0.0	0.002864
56.5	0.0	0.00287
56.625	0.0	0.002875
56.75	0.0	0.002881
56.875	0.0	0.002886
57.0	0.0	0.002892
57.125	0.0	0.002898
57.25	0.0	0.002903
57.375	0.0	0.002909
57.5	0.0	0.002914
57.625	0.0	0.00292
57.75	0.0	0.002926
57.875	0.0	0.002931
58.0	0.0	0.002937
58.125	0.0	0.002942
58.25	0.0	0.002948
58.375	0.0	0.002953
58.5	0.0	0.002959
58.625	0.0	0.002965
58.75	0.0	0.00297
58.875	0.0	0.002976
59.0	0.0	0.002981
59.125	0.0	0.002987
59.25	0.0	0.002992
59.375	0.0	0.002998
59.5	0.0	0.003003
59.625	0.0	0.003009
59.75	0.0	0.003014
59.875	0.0	0.00302
60.0	0.0	0.003025
60.125	0.0	0.00303
60.25	0.0	0.003036
60.375	0.0	0.003041
60.5	0.0	0.003047
60.625	0.0	0.003052
60.75	0.0	0.003057
60.875	0.0	0.003063
61.0	0.0	0.003068
61.125	0.0	0.003073
61.25	0.0	0.003078
61.375	0.0	0.003084
61.5	0.0	0.003089
61.625	0.0	0.003094
61.75	0.0	0.003099
61.875	0.0	0.003104
62.0	0.0	0.003109
62.125	0.0	0.003114
62.25	0.0	0.003119
62.375	0.0	0.003124
62.5	0.0	0.003129
62.625	0.0	0.003134
62.75	0.0	0.003139
62.875	0.0	0.003144
63.0	0.0	0.003149
63.125	0.0	0.003153
63.25	0.0	0.003158
63.375	0.0	0.003163
63.5	0.0	0.003167
63.625	0.0	0.003172
63.75	0.0	0.003176
63.875	0.0	0.003181
64.0	0.0	0.003185
64.125	0.0	0.003189
64.25	0.0	0.003194
64.375	0.0	0.003198
64.5	0.0	0.003202
64.625	0.0	0.003206
64.75	0.0	0.00321
64.875	0.0	0.003214
65.0	0.0	0.003217
65.125	0.0	0.003221
65.25	0.0	0.003225
65.375	0.0	0.003228
65.5	0.0	0.003232
65.625	0.0	0.003235
65.75	0.0	0.003238
65.875	0.0	0.003242
66.0	0.0	0.003245
66.125	0.0	0.003248
66.25	0.0	0.00325
66.375	0.0	0.003253
66.5	0.0	0.003256
66.625	0.0	0.003258
66.75	0.0	0.003261
66.875	0.0	0.003263
67.0	0.0	0.003265
67.125	0.0	0.003267
67.25	0.0	0.003269
67.375	0.0	0.003271
67.5	0.0	0.003272
67.625	0.0	0.003274
67.75	0.0	0.003275
67.875	0.0	0.003276
68.0	0.0	0.003277
68.125	0.0	0.003278
68.25	0.0	0.003278
68.375	0.0	0.003278
68.5	0.0	0.003279
68.625	0.0	0.003279
68.75	0.0	0.003278
68.875	0.0	0.003278
69.0	0.0	0.003277
69.125	0.0	0.003276
69.25	0.0	0.003275
69.375	0.0	0.003274
69.5	0.0	0.003272
69.625	0.0	0.00327
69.75	0.0	0.003268
69.875	0.0	0.003266
70.0	0.0	0.003263
70.125	0.0	0.00326
70.25	0.0	0.003257
70.375	0.0	0.003253
70.5	0.0	0.003249
70.625	0.0	0.003245
70.75	0.0	0.00324
70.875	0.0	0.003235
71.0	0.0	0.00323
71.125	0.0	0.003225
71.25	0.0	0.003219
71.375	0.0	0.003212
71.5	0.0	0.003205
71.625	0.0	0.003198
71.75	0.0	0.00319
71.875	0.0	0.003182
72.0	0.0	0.003174
72.125	0.0	0.003165
72.25	0.0	0.003155
72.375	0.0	0.003145
72.5	0.0	0.003135
72.625	0.0	0.003124
72.75	0.0	0.003112
72.875	0.0	0.0031
73.0	0.0	0.003087
73.125	0.0	0.003074
73.25	0.0	0.00306
73.375	0.0	0.003046
73.5	0.0	0.003031
73.625	0.0	0.003015
73.75	0.0	0.002998
73.875	0.0	0.002981
74.0	0.0	0.002963
74.125	0.0	0.002945
74.25	0.0	0.002925
74.375	0.0	0.002905
74.5	0.0	0.002884
74.625	0.0	0.002861
74.75	0.0	0.002838
74.875	0.0	0.002814
75.0	0.0	0.002788
75.125	0.0	0.002761
75.25	0.0	0.002733
75.375	0.0	0.002703
75.5	0.0	0.002671
75.625	0.0	0.002638
75.75	0.0	0.002602
75.875	0.0	0.002564
76.0	0.0	0.002524
76.125	0.0	0.00248
76.25	0.0	0.002434
76.375	0.0	0.002384
76.5	0.0	0.00233
76.625	0.0	0.002272
76.75	0.0	0.00221
76.875	0.0	0.002142
77.0	0.0	0.00207
77.125	0.0	0.001991
77.25	0.0	0.001907
77.375	0.0	0.001817
77.5	0.0	0.00172
77.625	0.0	0.001616
77.75	0.0	0.001505
77.875	0.0	0.001388
78.0	0.0	0.001265
78.125	0.0	0.001136
78.25	0.0	0.001002
78.375	0.0	0.000864
78.5	0.0	0.000723
78.625	0.0	0.000582
78.75	0.0	0.000443
78.875	0.0	0.000308
79.0	1.0e-6	0.000182
79.125	1.0e-6	6.8e-5
79.25	1.0e-6	-2.9e-5
79.375	1.0e-6	-0.000103
79.5	1.0e-6	-0.000148
79.625	2.0e-6	-0.000157
79.75	2.0e-6	-0.000121
79.875	3.0e-6	-3.1e-5
80.0	4.0e-6	0.000121
80.125	5.0e-6	0.000347
80.25	6.0e-6	0.000658
80.375	8.0e-6	0.001066
80.5	1.0e-5	0.001583
80.625	1.2e-5	0.002221
80.75	1.5e-5	0.002993
80.875	1.9e-5	0.003912
81.0	2.4e-5	0.004988
81.125	2.9e-5	0.006232
81.25	3.6e-5	0.007654
81.375	4.5e-5	0.00926
81.5	5.6e-5	0.011056
81.625	6.9e-5	0.013041
81.75	8.5e-5	0.015215
81.875	0.000105	0.017569
82.0	0.000129	0.020092
82.125	0.000158	0.022764
82.25	0.000193	0.025561
82.375	0.000236	0.028449
82.5	0.000288	0.031386
82.625	0.00035	0.034323
82.75	0.000425	0.037198
82.875	0.000514	0.03994
83.0	0.000622	0.042467
83.125	0.00075	0.044688
83.25	0.000903	0.046497
83.375	0.001085	0.047779
83.5	0.0013	0.048409
83.625	0.001556	0.04825
83.75	0.001858	0.047157
83.875	0.002214	0.044977
84.0	0.002632	0.04155
84.125	0.003124	0.036712
84.25	0.0037	0.030298
84.375	0.004374	0.022141
84.5	0.005159	0.012081
84.625	0.006074	-3.6e-5
84.75	0.007135	-0.014353
84.875	0.008366	-0.030998
85.0	0.009789	-0.050077
85.125	0.011431	-0.071673
85.25	0.013321	-0.095839
85.375	0.015492	-0.122593
85.5	0.01798	-0.151913
85.625	0.020827	-0.183735
85.75	0.024074	-0.217941
85.875	0.027772	-0.254365
86.0	0.031973	-0.292778
86.125	0.036735	-0.332895
86.25	0.04212	-0.374365
86.375	0.048198	-0.41677
86.5	0.05504	-0.459629
86.625	0.062727	-0.502393
86.75	0.071343	-0.544449
86.875	0.080977	-0.585123
87.0	0.091727	-0.623682
87.125	0.103693	-0.659343
87.25	0.116983	-0.691275
87.375	0.131709	-0.718614
87.5	0.147988	-0.740468
87.625	0.165943	-0.755931
87.75	0.1857	-0.764096
87.875	0.207388	-0.764069
88.0	0.23114	-0.754982
88.125	0.257091	-0.736012
88.25	0.285376	-0.7064
88.375	0.316132	-0.66546
88.5	0.349494	-0.612608
88.625	0.385594	-0.547368
88.75	0.424561	-0.469397
88.875	0.46652	-0.378498
89.0	0.511588	-0.274635
89.125	0.559873	-0.157946
89.25	0.611476	-0.028753
89.375	0.666482	0.112424
89.5	0.724965	0.264866
89.625	0.786984	0.42765
89.75	0.852579	0.599647
89.875	0.921771	0.779524
90.0	0.99456	0.965755
90.125	1.070925	1.156626
90.25	1.150818	1.350252
90.375	1.234168	1.544593
90.5	1.320874	1.737475
90.625	1.41081	1.926615
90.75	1.503818	2.109646
90.875	1.599712	2.284152
91.0	1.698276	2.447692
91.125	1.799262	2.597845
91.25	1.902394	2.732239
91.375	2.007364	2.848587
91.5	2.113838	2.944728
91.625	2.221452	3.018664
91.75	2.329819	3.068588
91.875	2.438524	3.092929
92.0	2.547133	3.090374
92.125	2.655193	3.0599
92.25	2.762233	3.000799
92.375	2.86777	2.9127
92.5	2.971311	2.795581
92.625	3.072356	2.649784
92.75	3.170407	2.476018
92.875	3.264962	2.275359
93.0	3.355529	2.049245
93.125	3.441626	1.799465
93.25	3.522785	1.528141
93.375	3.598557	1.237701
93.5	3.668516	0.930858
93.625	3.732263	0.610572
93.75	3.78943	0.280012
93.875	3.839682	-0.057483
94.0	3.882724	-0.39845
94.125	3.918298	-0.739347
94.25	3.946192	-1.076605
94.375	3.966237	-1.406675
94.5	3.978313	-1.726077
94.625	3.982347	-2.031451
94.75	3.978313	-2.319601
94.875	3.966236	-2.587542
95.0	3.94619	-2.83254
95.125	3.918296	-3.052148
95.25	3.882722	-3.244241
95.375	3.83968	-3.407042
95.5	3.789427	-3.539145
95.625	3.73226	-3.639529
95.75	3.668513	-3.707573
95.875	3.598554	-3.743053
96.0	3.522781	-3.746144
96.125	3.441622	-3.717413
96.25	3.355525	-3.6578
96.375	3.264957	-3.5686
96.5	3.170402	-3.451442
96.625	3.072352	-3.308253
96.75	2.971305	-3.141229
96.875	2.867764	-2.952796
97.0	2.762227	-2.745572
97.125	2.655187	-2.522327
97.25	2.547128	-2.285934
97.375	2.438518	-2.039336
97.5	2.329813	-1.785495
97.625	2.221447	-1.527352
97.75	2.113833	-1.267794
97.875	2.007359	-1.009605
98.0	1.902389	-0.755442
98.125	1.799257	-0.507798
98.25	1.698271	-0.268974
98.375	1.599708	-0.041059
98.5	1.503813	0.174093
98.625	1.410805	0.374874
98.75	1.32087	0.559935
98.875	1.234164	0.728192
99.0	1.150814	0.878825
99.125	1.070921	1.011279
99.25	0.994557	1.125253
99.375	0.921767	1.220695
99.5	0.852576	1.297783
99.625	0.786981	1.356913
99.75	0.724962	1.398679
99.875	0.666479	1.423852
100.0	0.611473	1.433359
100.125	0.559871	1.428257
100.25	0.511585	1.409713
100.375	0.466518	1.37898
100.5	0.424559	1.337369
100.625	0.385592	1.286232
100.75	0.349492	1.226935
100.875	0.31613	1.160842
101.0	0.285375	1.089293
101.125	0.257089	1.013587
101.25	0.231139	0.934967
101.375	0.207387	0.854609
101.5	0.185699	0.773608
101.625	0.165942	0.692969
101.75	0.147987	0.613603
101.875	0.131708	0.536319
102.0	0.116982	0.461824
102.125	0.103692	0.39072
102.25	0.091726	0.323506
102.375	0.080977	0.260581
102.5	0.071342	0.202245
102.625	0.062727	0.148707
102.75	0.05504	0.100091
102.875	0.048197	0.056439
103.0	0.04212	0.017725
103.125	0.036735	-0.016145
103.25	0.031973	-0.045319
103.375	0.027772	-0.069993
103.5	0.024074	-0.090403
103.625	0.020826	-0.106816
103.75	0.01798	-0.119525
103.875	0.015492	-0.128838
104.0	0.013321	-0.135076
104.125	0.011431	-0.138562
104.25	0.009789	-0.13962
104.375	0.008366	-0.138565
104.5	0.007135	-0.135707
104.625	0.006074	-0.131337
104.75	0.005159	-0.125734
104.875	0.004374	-0.119154
105.0	0.0037	-0.111837
105.125	0.003124	-0.103999
105.25	0.002632	-0.095833
105.375	0.002214	-0.087513
105.5	0.001858	-0.079188
105.625	0.001556	-0.070986
105.75	0.0013	-0.063016
105.875	0.001085	-0.055365
106.0	0.000903	-0.048105
106.125	0.00075	-0.041288
106.25	0.000622	-0.034953
106.375	0.000514	-0.029125
106.5	0.000425	-0.023815
106.625	0.00035	-0.019026
106.75	0.000288	-0.01475
106.875	0.000236	-0.010975
107.0	0.000193	-0.007678
107.125	0.000158	-0.004835
107.25	0.000129	-0.002418
107.375	0.000105	-0.000394
107.5	8.5e-5	0.00127
107.625	6.9e-5	0.002606
107.75	5.6e-5	0.003648
107.875	4.5e-5	0.00443
108.0	3.6e-5	0.004983
108.125	2.9e-5	0.005338
108.25	2.4e-5	0.005524
108.375	1.9e-5	0.005567
108.5	1.5e-5	0.005491
108.625	1.2e-5	0.005319
108.75	1.0e-5	0.005072
108.875	8.0e-6	0.004766
109.0	6.0e-6	0.004417
109.125	5.0e-6	0.004039
109.25	4.0e-6	0.003643
109.375	3.0e-6	0.003239
109.5	2.0e-6	0.002836
109.625	2.0e-6	0.002439
109.75	1.0e-6	0.002053
109.875	1.0e-6	0.001684
110.0	1.0e-6	0.001333
110.125	1.0e-6	0.001002
110.25	1.0e-6	0.000693
110.375	0.0	0.000407
110.5	0.0	0.000143
110.625	0.0	-0.0001
110.75	0.0	-0.000321
110.875	0.0	-0.000522
111.0	0.0	-0.000704
111.125	0.0	-0.000868
111.25	0.0	-0.001016
111.375	0.0	-0.001149
111.5	0.0	-0.001268
111.625	0.0	-0.001375
111.75	0.0	-0.001471
111.875	0.0	-0.001558
112.0	0.0	-0.001636
112.125	0.0	-0.001706
112.25	0.0	-0.001769
112.375	0.0	-0.001827
112.5	0.0	-0.00188
112.625	0.0	-0.001929
112.75	0.0	-0.001973
112.875	0.0	-0.002015
113.0	0.0	-0.002054
113.125	0.0	-0.00209
113.25	0.0	-0.002124
113.375	0.0	-0.002156
113.5	0.0	-0.002187
113.625	0.0	-0.002217
113.75	0.0	-0.002245
113.875	0.0	-0.002272
114.0	0.0	-0.002298
114.125	0.0	-0.002323
114.25	0.0	-0.002347
114.375	0.0	-0.00237
114.5	0.0	-0.002393
114.625	0.0	-0.002415
114.75	0.0	-0.002436
114.875	0.0	-0.002456
115.0	0.0	-0.002476
115.125	0.0	-0.002495
115.25	0.0	-0.002513
115.375	0.0	-0.002531
115.5	0.0	-0.002548
115.625	0.0	-0.002564
115.75	0.0	-0.00258
115.875	0.0	-0.002595
116.0	0.0	-0.002609
116.125	0.0	-0.002623
116.25	0.0	-0.002636
116.375	0.0	-0.002649
116.5	0.0	-0.002661
116.625	0.0	-0.002673
116.75	0.0	-0.002684
116.875	0.0	-0.002694
117.0	0.0	-0.002705
117.125	0.0	-0.002714
117.25	0.0	-0.002723
117.375	0.0	-0.002732
117.5	0.0	-0.00274
117.625	0.0	-0.002748
117.75	0.0	-0.002755
117.875	0.0	-0.002762
118.0	0.0	-0.002768
118.125	0.0	-0.002774
118.25	0.0	-0.00278
118.375	0.0	-0.002785
118.5	0.0	-0.00279
118.625	0.0	-0.002795
118.75	0.0	-0.002799
118.875	0.0	-0.002803
119.0	0.0	-0.002806
119.125	0.0	-0.00281
119.25	0.0	-0.002813
119.375	0.0	-0.002815
119.5	0.0	-0.002818
119.625	0.0	-0.00282
119.75	0.0	-0.002822
119.875	0.0	-0.002823
120.0	0.0	-0.002825
120.125	0.0	-0.002826
120.25	0.0	-0.002827
120.375	0.0	-0.002827
120.5	0.0	-0.002828
120.625	0.0	-0.002828
120.75	0.0	-0.002828
120.875	0.0	-0.002828
121.0	0.0	-0.002828
121.125	0.0	-0.002827
121.25	0.0	-0.002826
121.375	0.0	-0.002826
121.5	0.0	-0.002824
121.625	0.0	-0.002823
121.75	0.0	-0.002822
121.875	0.0	-0.00282
122.0	0.0	-0.002819
122.125	0.0	-0.002817
122.25	0.0	-0.002815
122.375	0.0	-0.002813
122.5	0.0	-0.00281
122.625	0.0	-0.002808
122.75	0.0	-0.002805
122.875	0.0	-0.002803
123.0	0.0	-0.0028
123.125	0.0	-0.002797
123.25	0.0	-0.002794
123.375	0.0	-0.002791
123.5	0.0	-0.002788
123.625	0.0	-0.002785
123.75	0.0	-0.002781
123.875	0.0	-0.002778
124.0	0.0	-0.002774
124.125	0.0	-0.002771
124.25	0.0	-0.002767
124.375	0.0	-0.002763
124.5	0.0	-0.002759
124.625	0.0	-0.002755
124.75	0.0	-0.002751
124.875	0.0	-0.002747
125.0	0.0	-0.002743
125.125	0.0	-0.002739
125.25	0.0	-0.002735
125.375	0.0	-0.00273
125.5	0.0	-0.002726
125.625	0.0	-0.002721
125.75	0.0	-0.002717
125.875	0.0	-0.002712
126.0	0.0	-0.002708
126.125	0.0	-0.002703
126.25	0.0	-0.002698
126.375	0.0	-0.002693
126.5	0.0	-0.002689
126.625	0.0	-0.002684
126.75	0.0	-0.002679
126.875	0.0	-0.002674
127.0	0.0	-0.002669
127.125	0.0	-0.002664
127.25	0.0	-0.002659
127.375	0.0	-0.002654
127.5	0.0	-0.002649
127.625	0.0	-0.002644
127.75	0.0	-0.002638
127.875	0.0	-0.002633
128.0	0.0	-0.002628
128.125	0.0	-0.002623
128.25	0.0	-0.002618
128.375	0.0	-0.002612
128.5	0.0	-0.002607
128.625	0.0	-0.002602
128.75	0.0	-0.002596
128.875	0.0	-0.002591
129.0	0.0	-0.002585
129.125	0.0	-0.00258
129.25	0.0	-0.002575
129.375	0.0	-0.002569
129.5	0.0	-0.002564
129.625	0.0	-0.002558
129.75	0.0	-0.002553
129.875	0.0	-0.002547
130.0	0.0	-0.002542
130.125	0.0	-0.002536
130.25	0.0	-0.002531
130.375	0.0	-0.002525
130.5	0.0	-0.00252
130.625	0.0	-0.002514
130.75	0.0	-0.002509
130.875	0.0	-0.002503
131.0	0.0	-0.002497
131.125	0.0	-0.002492
131.25	0.0	-0.002486
131.375	0.0	-0.002481
131.5	0.0	-0.002475
131.625	0.0	-0.00247
131.75	0.0	-0.002464
131.875	0.0	-0.002458
132.0	0.0	-0.002453
132.125	0.0	-0.002447
132.25	0.0	-0.002442
132.375	0.0	-0.002436
132.5	0.0	-0.002431
132.625	0.0	-0.002425
132.75	0.0	-0.002419
132.875	0.0	-0.002414
133.0	0.0	-0.002408
133.125	0.0	-0.002403
133.25	0.0	-0.002397
133.375	0.0	-0.002391
133.5	0.0	-0.002386
133.625	0.0	-0.00238
133.75	0.0	-0.002375
133.875	0.0	-0.002369
134.0	0.0	-0.002364
134.125	0.0	-0.002358
134.25	0.0	-0.002353
134.375	0.0	-0.002347
134.5	0.0	-0.002342
134.625	0.0	-0.002336
134.75	0.0	-0.002331
134.875	0.0	-0.002325
135.0	0.0	-0.00232
135.125	0.0	-0.002314
135.25	0.0	-0.002309
135.375	0.0	-0.002303
135.5	0.0	-0.002298
135.625	0.0	-0.002292
135.75	0.0	-0.002287
135.875	0.0	-0.002281
136.0	0.0	-0.002276
136.125	0.0	-0.00227
136.25	0.0	-0.002265
136.375	0.0	-0.00226
136.5	0.0	-0.002254
136.625	0.0	-0.002249
136.75	0.0	-0.002243
136.875	0.0	-0.002238
137.0	0.0	-0.002233
137.125	0.0	-0.002227
137.25	0.0	-0.002222
137.375	0.0	-0.002217
137.5	0.0	-0.002211
137.625	0.0	-0.002206
137.75	0.0	-0.002201
137.875	0.0	-0.002196
138.0	0.0	-0.00219
138.125	0.0	-0.002185
138.25	0.0	-0.00218
138.375	0.0	-0.002175
138.5	0.0	-0.002169
138.625	0.0	-0.002164
138.75	0.0	-0.002159
138.875	0.0	-0.002154
139.0	0.0	-0.002149
139.125	0.0	-0.002143
139.25	0.0	-0.002138
139.375	0.0	-0.002133
139.5	0.0	-0.002128
139.625	0.0	-0.002123
139.75	0.0	-0.002118
139.875	0.0	-0.002113
140.0	0.0	-0.002108
140.125	0.0	-0.002103
140.25	0.0	-0.002098
140.375	0.0	-0.002093
140.5	0.0	-0.002088
140.625	0.0	-0.002083
140.75	0.0	-0.002078
140.875	0.0	-0.002073
141.0	0.0	-0.002068
141.125	0.0	-0.002063
141.25	0.0	-0.002058
141.375	0.0	-0.002053
141.5	0.0	-0.002048
141.625	0.0	-0.002043
141.75	0.0	-0.002038
141.875	0.0	-0.002033
142.0	0.0	-0.002028
142.125	0.0	-0.002023
142.25	0.0	-0.002019
142.375	0.0	-0.002014
142.5	0.0	-0.002009
142.625	0.0	-0.002004
142.75	0.0	-0.001999
142.875	0.0	-0.001995
143.0	0.0	-0.00199
143.125	0.0	-0.001985
143.25	0.0	-0.00198
143.375	0.0	-0.001976
143.5	0.0	-0.001971
143.625	0.0	-0.001966
143.75	0.0	-0.001962
143.875	0.0	-0.001957
144.0	0.0	-0.001952
144.125	0.0	-0.001948
144.25	0.0	-0.001943
144.375	0.0	-0.001938
144.5	0.0	-0.001934
144.625	0.0	-0.001929
144.75	0.0	-0.001925
144.875	0.0	-0.00192
145.0	0.0	-0.001916
145.125	0.0	-0.001911
145.25	0.0	-0.001906
145.375	0.0	-0.001902
145.5	0.0	-0.001897
145.625	0.0	-0.001893
145.75	0.0	-0.001888
145.875	0.0	-0.001884
146.0	0.0	-0.00188
146.125	0.0	-0.001875
146.25	0.0	-0.001871
146.375	0.0	-0.001866
146.5	0.0	-0.001862
146.625	0.0	-0.001858
146.75	0.0	-0.001853
146.875	0.0	-0.001849
147.0	0.0	-0.001844
147.125	0.0	-0.00184
147.25	0.0	-0.001836
147.375	0.0	-0.001832
147.5	0.0	-0.001827
147.625	0.0	-0.001823
147.75	0.0	-0.001819
147.875	0.0	-0.001814
148.0	0.0	-0.00181
148.125	0.0	-0.001806
148.25	0.0	-0.001802
148.375	0.0	-0.001798
148.5	0.0	-0.001793
148.625	0.0	-0.001789
148.75	0.0	-0.001785
148.875	0.0	-0.001781
149.0	0.0	-0.001777
149.125	0.0	-0.001773
149.25	0.0	-0.001768
149.375	0.0	-0.001764
149.5	0.0	-0.00176
149.625	0.0	-0.001756
149.75	0.0	-0.001752
149.875	0.0	-0.001748
150.0	0.0	-0.001744
150.125	0.0	-0.00174
150.25	0.0	-0.001736
150.375	0.0	-0.001732
150.5	0.0	-0.001728
150.625	0.0	-0.001724
150.75	0.0	-0.00172
150.875	0.0	-0.001716
151.0	0.0	-0.001712
151.125	0.0	-0.001708
151.25	0.0	-0.001704
151.375	0.0	-0.0017
151.5	0.0	-0.001696
151.625	0.0	-0.001692
151.75	0.0	-0.001689
151.875	0.0	-0.001685
152.0	0.0	-0.001681
152.125	0.0	-0.001677
152.25	0.0	-0.001673
152.375	0.0	-0.001669
152.5	0.0	-0.001665
152.625	0.0	-0.001662
152.75	0.0	-0.001658
152.875	0.0	-0.001654
153.0	0.0	-0.00165
153.125	0.0	-0.001647
153.25	0.0	-0.001643
153.375	0.0	-0.001639
153.5	0.0	-0.001635
153.625	0.0	-0.001632
153.75	0.0	-0.001628
153.875	0.0	-0.001624
154.0	0.0	-0.001621
154.125	0.0	-0.001617
154.25	0.0	-0.001613
154.375	0.0	-0.00161
154.5	0.0	-0.001606
154.625	0.0	-0.001602
154.75	0.0	-0.001599
154.875	0.0	-0.001595
155.0	0.0	-0.001592
155.125	0.0	-0.001588
155.25	0.0	-0.001584
155.375	0.0	-0.001581
155.5	0.0	-0.001577
155.625	0.0	-0.001574
155.75	0.0	-0.00157
155.875	0.0	-0.001567
156.0	0.0	-0.001563
156.125	0.0	-0.00156
156.25	0.0	-0.001556
156.375	0.0	-0.001553
156.5	0.0	-0.001549
156.625	0.0	-0.001546
156.75	0.0	-0.001542
156.875	0.0	-0.001539
157.0	0.0	-0.001535
157.125	0.0	-0.001532
157.25	0.0	-0.001529
157.375	0.0	-0.001525
157.5	0.0	-0.001522
157.625	0.0	-0.001518
157.75	0.0	-0.001515
157.875	0.0	-0.001512
158.0	0.0	-0.001508
158.125	0.0	-0.001505
158.25	0.0	-0.001502
158.375	0.0	-0.001498
158.5	0.0	-0.001495
158.625	0.0	-0.001492
158.75	0.0	-0.001488
158.875	0.0	-0.001485
159.0	0.0	-0.001482
159.125	0.0	-0.001479
159.25	0.0	-0.001475
159.375	0.0	-0.001472
159.5	0.0	-0.001469
159.625	0.0	-0.001466
159.75	0.0	-0.001462
159.875	0.0	-0.001459
160.0	0.0	-0.001456
160.125	0.0	-0.001453
160.25	0.0	-0.00145
160.375	0.0	-0.001446
160.5	0.0	-0.001443
160.625	0.0	-0.00144
160.75	0.0	-0.001437
160.875	0.0	-0.001434
161.0	0.0	-0.001431
161.125	0.0	-0.001428
161.25	0.0	-0.001424
161.375	0.0	-0.001421
161.5	0.0	-0.001418
161.625	0.0	-0.001415
161.75	0.0	-0.001412
161.875	0.0	-0.001409
162.0	0.0	-0.001406
162.125	0.0	-0.001403
162.25	0.0	-0.0014
162.375	0.0	-0.001397
162.5	0.0	-0.001394
162.625	0.0	-0.001391
162.75	0.0	-0.001388
162.875	0.0	-0.001385
163.0	0.0	-0.001382
163.125	0.0	-0.001379
163.25	0.0	-0.001376
163.375	0.0	-0.001373
163.5	0.0	-0.00137
163.625	0.0	-0.001367
163.75	0.0	-0.001364
163.875	0.0	-0.001361
164.0	0.0	-0.001358
164.125	0.0	-0.001355
164.25	0.0	-0.001352
164.375	0.0	-0.001349
164.5	0.0	-0.001346
164.625	0.0	-0.001344
164.75	0.0	-0.001341
164.875	0.0	-0.001338
165.0	0.0	-0.001335
165.125	0.0	-0.001332
165.25	0.0	-0.001329
165.375	0.0	-0.001326
165.5	0.0	-0.001324
165.625	0.0	-0.001321
165.75	0.0	-0.001318
165.875	0.0	-0.001315
166.0	0.0	-0.001312
166.125	0.0	-0.00131
166.25	0.0	-0.001307
166.375	0.0	-0.001304
166.5	0.0	-0.001301
166.625	0.0	-0.001298
166.75	0.0	-0.001296
166.875	0.0	-0.001293
167.0	0.0	-0.00129
167.125	0.0	-0.001287
167.25	0.0	-0.001285
167.375	0.0	-0.001282
167.5	0.0	-0.001279
167.625	0.0	-0.001277
167.75	0.0	-0.001274
167.875	0.0	-0.001271
168.0	0.0	-0.001268
168.125	0.0	-0.001266
168.25	0.0	-0.001263
168.375	0.0	-0.00126
168.5	0.0	-0.001258
168.625	0.0	-0.001255
168.75	0.0	-0.001253
168.875	0.0	-0.00125
169.0	0.0	-0.001247
169.125	0.0	-0.001245
169.25	0.0	-0.001242
169.375	0.0	-0.001239
169.5	0.0	-0.001237
169.625	0.0	-0.001234
169.75	0.0	-0.001232
169.875	0.0	-0.001229
170.0	0.0	-0.001226
170.125	0.0	-0.001224
170.25	0.0	-0.001221
170.375	0.0	-0.001219
170.5	0.0	-0.001216
170.625	0.0	-0.001214
170.75	0.0	-0.001211
170.875	0.0	-0.001209
171.0	0.0	-0.001206
171.125	0.0	-0.001204
171.25	0.0	-0.001201
171.375	0.0	-0.001199
171.5	0.0	-0.001196
171.625	0.0	-0.001194
171.75	0.0	-0.001191
171.875	0.0	-0.001189
172.0	0.0	-0.001186
172.125	0.0	-0.001184
172.25	0.0	-0.001181
172.375	0.0	-0.001179
172.5	0.0	-0.001176
172.625	0.0	-0.001174
172.75	0.0	-0.001171
172.875	0.0	-0.001169
173.0	0.0	-0.001167
173.125	0.0	-0.001164
173.25	0.0	-0.001162
173.375	0.0	-0.001159
173.5	0.0	-0.001157
173.625	0.0	-0.001155
173.75	0.0	-0.001152
173.875	0.0	-0.00115
174.0	0.0	-0.001147
174.125	0.0	-0.001145
174.25	0.0	-0.001143
174.375	0.0	-0.00114
174.5	0.0	-0.001138
174.625	0.0	-0.001136
174.75	0.0	-0.001133
174.875	0.0	-0.001131
175.0	0.0	-0.001129
175.125	0.0	-0.001126
175.25	0.0	-0.001124
175.375	0.0	-0.001122
175.5	0.0	-0.001119
175.625	0.0	-0.001117
175.75	0.0	-0.001115
175.875	0.0	-0.001112
176.0	0.0	-0.00111
176.125	0.0	-0.001108
176.25	0.0	-0.001106
176.375	0.0	-0.001103
176.5	0.0	-0.001101
176.625	0.0	-0.001099
176.75	0.0	-0.001097
176.875	0.0	-0.001094
177.0	0.0	-0.001092
177.125	0.0	-0.00109
177.25	0.0	-0.001088
177.375	0.0	-0.001085
177.5	0.0	-0.001083
177.625	0.0	-0.001081
177.75	0.0	-0.001079
177.875	0.0	-0.001077
178.0	0.0	-0.001074
178.125	0.0	-0.001072
178.25	0.0	-0.00107
178.375	0.0	-0.001068
178.5	0.0	-0.001066
178.625	0.0	-0.001064
178.75	0.0	-0.001061
178.875	0.0	-0.001059
179.0	0.0	-0.001057
179.125	0.0	-0.001055
179.25	0.0	-0.001053
179.375	0.0	-0.001051
179.5	0.0	-0.001048
179.625	0.0	-0.001046
179.75	0.0	-0.001044
179.875	0.0	-0.001042
180.0	0.0	-0.00104
180.125	0.0	-0.001038
180.25	0.0	-0.001036
180.375	0.0	-0.001034
180.5	0.0	-0.001032
180.625	0.0	-0.001029
180.75	0.0	-0.001027
180.875	0.0	-0.001025
181.0	0.0	-0.001023
181.125	0.0	-0.001021
181.25	0.0	-0.001019
181.375	0.0	-0.001017
181.5	0.0	-0.001015
181.625	0.0	-0.001013
181.75	0.0	-0.001011
181.875	0.0	-0.001009
182.0	0.0	-0.001007
182.125	0.0	-0.001005
182.25	0.0	-0.001003
182.375	0.0	-0.001001
182.5	0.0	-0.000999
182.625	0.0	-0.000997
182.75	0.0	-0.000995
182.875	0.0	-0.000993
183.0	0.0	-0.000991
183.125	0.0	-0.000989
183.25	0.0	-0.000987
183.375	0.0	-0.000985
183.5	0.0	-0.000983
183.625	0.0	-0.000981
183.75	0.0	-0.000979
183.875	0.0	-0.000977
184.0	0.0	-0.000975
184.125	0.0	-0.000973
184.25	0.0	-0.000971
184.375	0.0	-0.000969
184.5	0.0	-0.000967
184.625	0.0	-0.000965
184.75	0.0	-0.000963
184.875	0.0	-0.000961
185.0	0.0	-0.000959
185.125	0.0	-0.000957
185.25	0.0	-0.000955
185.375	0.0	-0.000953
185.5	0.0	-0.000952
185.625	0.0	-0.00095
185.75	0.0	-0.000948
185.875	0.0	-0.000946
186.0	0.0	-0.000944
186.125	0.0	-0.000942
186.25	0.0	-0.00094
186.375	0.0	-0.000938
186.5	0.0	-0.000936
186.625	0.0	-0.000935
186.75	0.0	-0.000933
186.875	0.0	-0.000931
187.0	0.0	-0.000929
187.125	0.0	-0.000927
187.25	0.0	-0.000925
187.375	0.0	-0.000923
187.5	0.0	-0.000922
187.625	0.0	-0.00092
187.75	0.0	-0.000918
187.875	0.0	-0.000916
188.0	0.0	-0.000914
188.125	0.0	-0.000912
188.25	0.0	-0.000911
188.375	0.0	-0.000909
188.5	0.0	-0.000907
188.625	0.0	-0.000905
188.75	0.0	-0.000903
188.875	0.0	-0.000901
189.0	0.0	-0.0009
189.125	0.0	-0.000898
189.25	0.0	-0.000896
189.375	0.0	-0.000894
189.5	0.0	-0.000892
189.625	0.0	-0.000891
189.75	0.0	-0.000889
189.875	0.0	-0.000887
190.0	0.0	-0.000885
190.125	0.0	-0.000884
190.25	0.0	-0.000882
190.375	0.0	-0.00088
190.5	0.0	-0.000878
190.625	0.0	-0.000877
190.75	0.0	-0.000875
190.875	0.0	-0.000873
191.0	0.0	-0.000871
191.125	0.0	-0.00087
191.25	0.0	-0.000868
191.375	0.0	-0.000866
191.5	0.0	-0.000864
191.625	0.0	-0.000863
191.75	0.0	-0.000861
191.875	0.0	-0.000859
192.0	0.0	-0.000858
192.125	0.0	-0.000856
192.25	0.0	-0.000854
192.375	0.0	-0.000852
192.5	0.0	-0.000851
192.625	0.0	-0.000849
192.75	0.0	-0.000847
192.875	0.0	-0.000846
193.0	0.0	-0.000844
193.125	0.0	-0.000842
193.25	0.0	-0.000841
193.375	0.0	-0.000839
193.5	0.0	-0.000837
193.625	0.0	-0.000836
193.75	0.0	-0.000834
193.875	0.0	-0.000832
194.0	0.0	-0.000831
194.125	0.0	-0.000829
194.25	0.0	-0.000827
194.375	0.0	-0.000826
194.5	0.0	-0.000824
194.625	0.0	-0.000822
194.75	0.0	-0.000821
194.875	0.0	-0.000819
195.0	0.0	-0.000817
195.125	0.0	-0.000816
195.25	0.0	-0.000814
195.375	0.0	-0.000812
195.5	0.0	-0.000811
195.625	0.0	-0.000809
195.75	0.0	-0.000808
195.875	0.0	-0.000806
196.0	0.0	-0.000804
196.125	0.0	-0.000803
196.25	0.0	-0.000801
196.375	0.0	-0.0008
196.5	0.0	-0.000798
196.625	0.0	-0.000796
196.75	0.0	-0.000795
196.875	0.0	-0.000793
197.0	0.0	-0.000792
197.125	0.0	-0.00079
197.25	0.0	-0.000789
197.375	0.0	-0.000787
197.5	0.0	-0.000785
197.625	0.0	-0.000784
197.75	0.0	-0.000782
197.875	0.0	-0.000781
198.0	0.0	-0.000779
198.125	0.0	-0.000778
198.25	0.0	-0.000776
198.375	0.0	-0.000774
198.5	0.0	-0.000773
198.625	0.0	-0.000771
198.75	0.0	-0.00077
198.875	0.0	-0.000768
199.0	0.0	-0.000767
199.125	0.0	-0.000765
199.25	0.0	-0.000764
199.375	0.0	-0.000762
199.5	0.0	-0.000761
199.625	0.0	-0.000759
199.75	0.0	-0.000758
199.875	0.0	-0.000756
200.0	0.0	-0.000755
200.125	0.0	-0.000753
200.25	0.0	-0.000752
200.375	0.0	-0.00075
200.5	0.0	-0.000749
200.625	0.0	-0.000747
200.75	0.0	-0.000746
200.875	0.0	-0.000744
201.0	0.0	-0.000743
201.125	0.0	-0.000741
201.25	0.0	-0.00074
201.375	0.0	-0.000738
201.5	0.0	-0.000737
201.625	0.0	-0.000735
201.75	0.0	-0.000734
201.875	0.0	-0.000732
202.0	0.0	-0.000731
202.125	0.0	-0.000729
202.25	0.0	-0.000728
202.375	0.0	-0.000726
202.5	0.0	-0.000725
202.625	0.0	-0.000723
202.75	0.0	-0.000722
202.875	0.0	-0.000721
203.0	0.0	-0.000719
203.125	0.0	-0.000718
203.25	0.0	-0.000716
203.375	0.0	-0.000715
203.5	0.0	-0.000713
203.625	0.0	-0.000712
203.75	0.0	-0.00071
203.875	0.0	-0.000709
204.0	0.0	-0.000708
204.125	0.0	-0.000706
204.25	0.0	-0.000705
204.375	0.0	-0.000703
204.5	0.0	-0.000702
204.625	0.0	-0.000701
204.75	0.0	-0.000699
204.875	0.0	-0.000698
205.0	0.0	-0.000696
205.125	0.0	-0.000695
205.25	0.0	-0.000693
205.375	0.0	-0.000692
205.5	0.0	-0.000691
205.625	0.0	-0.000689
205.75	0.0	-0.000688
205.875	0.0	-0.000687
206.0	0.0	-0.000685
206.125	0.0	-0.000684
206.25	0.0	-0.000682
206.375	0.0	-0.000681
206.5	0.0	-0.00068
206.625	0.0	-0.000678
206.75	0.0	-0.000677
206.875	0.0	-0.000675
207.0	0.0	-0.000674
207.125	0.0	-0.000673
207.25	0.0	-0.000671
207.375	0.0	-0.00067
207.5	0.0	-0.000669
207.625	0.0	-0.000667
207.75	0.0	-0.000666
207.875	0.0	-0.000665
208.0	0.0	-0.000663
208.125	0.0	-0.000662
208.25	0.0	-0.000661
208.375	0.0	-0.000659
208.5	0.0	-0.000658
208.625	0.0	-0.000657
208.75	0.0	-0.000655
208.875	0.0	-0.000654
209.0	0.0	-0.000653
209.125	0.0	-0.000651
209.25	0.0	-0.00065
209.375	0.0	-0.000649
209.5	0.0	-0.000647
209.625	0.0	-0.000646
209.75	0.0	-0.000645
209.875	0.0	-0.000643
210.0	0.0	-0.000642
210.125	0.0	-0.000641
210.25	0.0	-0.000639
210.375	0.0	-0.000638
210.5	0.0	-0.000637
210.625	0.0	-0.000635
210.75	0.0	-0.000634
210.875	0.0	-0.000633
211.0	0.0	-0.000632
211.125	0.0	-0.00063
211.25	0.0	-0.000629
211.375	0.0	-0.000628
211.5	0.0	-0.000626
211.625	0.0	-0.000625
211.75	0.0	-0.000624
211.875	0.0	-0.000623
212.0	0.0	-0.000621
212.125	0.0	-0.00062
212.25	0.0	-0.000619
212.375	0.0	-0.000617
212.5	0.0	-0.000616
212.625	0.0	-0.000615
212.75	0.0	-0.000614
212.875	0.0	-0.000612
213.0	0.0	-0.000611
213.125	0.0	-0.00061
213.25	0.0	-0.000609
213.375	0.0	-0.000607
213.5	0.0	-0.000606
213.625	0.0	-0.000605
213.75	0.0	-0.000604
213.875	0.0	-0.000602
214.0	0.0	-0.000601
214.125	0.0	-0.0006
214.25	0.0	-0.000599
214.375	0.0	-0.000597
214.5	0.0	-0.000596
214.625	0.0	-0.000595
214.75	0.0	-0.000594
214.875	0.0	-0.000592
215.0	0.0	-0.000591
215.125	0.0	-0.00059
215.25	0.0	-0.000589
215.375	0.0	-0.000587
215.5	0.0	-0.000586
215.625	0.0	-0.000585
215.75	0.0	-0.000584
215.875	0.0	-0.000583
216.0	0.0	-0.000581
216.125	0.0	-0.00058
216.25	0.0	-0.000579
216.375	0.0	-0.000578
216.5	0.0	-0.000577
216.625	0.0	-0.000575
216.75	0.0	-0.000574
216.875	0.0	-0.000573
217.0	0.0	-0.000572
217.125	0.0	-0.000571
217.25	0.0	-0.000569
217.375	0.0	-0.000568
217.5	0.0	-0.000567
217.625	0.0	-0.000566
217.75	0.0	-0.000565
217.875	0.0	-0.000563
218.0	0.0	-0.000562
218.125	0.0	-0.000561
218.25	0.0	-0.00056
218.375	0.0	-0.000559
218.5	0.0	-0.000557
218.625	0.0	-0.000556
218.75	0.0	-0.000555
218.875	0.0	-0.000554
219.0	0.0	-0.000553
219.125	0.0	-0.000552
219.25	0.0	-0.00055
219.375	0.0	-0.000549
219.5	0.0	-0.000548
219.625	0.0	-0.000547
219.75	0.0	-0.000546
219.875	0.0	-0.000545
220.0	0.0	-0.000543
220.125	0.0	-0.000542
220.25	0.0	-0.000541
220.375	0.0	-0.00054
220.5	0.0	-0.000539
220.625	0.0	-0.000538
220.75	0.0	-0.000537
220.875	0.0	-0.000535
221.0	0.0	-0.000534
221.125	0.0	-0.000533
221.25	0.0	-0.000532
221.375	0.0	-0.000531
221.5	0.0	-0.00053
221.625	0.0	-0.000529
221.75	0.0	-0.000527
221.875	0.0	-0.000526
222.0	0.0	-0.000525
222.125	0.0	-0.000524
222.25	0.0	-0.000523
222.375	0.0	-0.000522
222.5	0.0	-0.000521
222.625	0.0	-0.00052
222.75	0.0	-0.000518
222.875	0.0	-0.000517
223.0	0.0	-0.000516
223.125	0.0	-0.000515
223.25	0.0	-0.000514
223.375	0.0	-0.000513
223.5	0.0	-0.000512
223.625	0.0	-0.000511
223.75	0.0	-0.00051
223.875	0.0	-0.000508
224.0	0.0	-0.000507
224.125	0.0	-0.000506
224.25	0.0	-0.000505
224.375	0.0	-0.000504
224.5	0.0	-0.000503
224.625	0.0	-0.000502
224.75	0.0	-0.000501
224.875	0.0	-0.0005
225.0	0.0	-0.000499
225.125	0.0	-0.000497
225.25	0.0	-0.000496
225.375	0.0	-0.000495
225.5	0.0	-0.000494
225.625	0.0	-0.000493
225.75	0.0	-0.000492
225.875	0.0	-0.000491
226.0	0.0	-0.00049
226.125	0.0	-0.000489
226.25	0.0	-0.000488
226.375	0.0	-0.000487
226.5	0.0	-0.000486
226.625	0.0	-0.000484
226.75	0.0	-0.000483
226.875	0.0	-0.000482
227.0	0.0	-0.000481
227.125	0.0	-0.00048
227.25	0.0	-0.000479
227.375	0.0	-0.000478
227.5	0.0	-0.000477
227.625	0.0	-0.000476
227.75	0.0	-0.000475
227.875	0.0	-0.000474
228.0	0.0	-0.000473
228.125	0.0	-0.000472
228.25	0.0	-0.000471
228.375	0.0	-0.00047
228.5	0.0	-0.000469
228.625	0.0	-0.000468
228.75	0.0	-0.000466
228.875	0.0	-0.000465
229.0	0.0	-0.000464
229.125	0.0	-0.000463
229.25	0.0	-0.000462
229.375	0.0	-0.000461
229.5	0.0	-0.00046
229.625	0.0	-0.000459
229.75	0.0	-0.000458
229.875	0.0	-0.000457
230.0	0.0	-0.000456
230.125	0.0	-0.000455
230.25	0.0	-0.000454
230.375	0.0	-0.000453
230.5	0.0	-0.000452
230.625	0.0	-0.000451
230.75	0.0	-0.00045
230.875	0.0	-0.000449
231.0	0.0	-0.000448
231.125	0.0	-0.000447
231.25	0.0	-0.000446
231.375	0.0	-0.000445
231.5	0.0	-0.000444
231.625	0.0	-0.000443
231.75	0.0	-0.000442
231.875	0.0	-0.000441
232.0	0.0	-0.00044
232.125	0.0	-0.000439
232.25	0.0	-0.000438
232.375	0.0	-0.000437
232.5	0.0	-0.000436
232.625	0.0	-0.000435
232.75	0.0	-0.000434
232.875	0.0	-0.000433
233.0	0.0	-0.000432
233.125	0.0	-0.000431
233.25	0.0	-0.00043
233.375	0.0	-0.000429
233.5	0.0	-0.000428
233.625	0.0	-0.000427
233.75	0.0	-0.000426
233.875	0.0	-0.000425
234.0	0.0	-0.000424
234.125	0.0	-0.000423
234.25	0.0	-0.000422
234.375	0.0	-0.000421
234.5	0.0	-0.00042
234.625	0.0	-0.000419
234.75	0.0	-0.000418
234.875	0.0	-0.000417
235.0	0.0	-0.000416
235.125	0.0	-0.000415
235.25	0.0	-0.000414
235.375	0.0	-0.000413
235.5	0.0	-0.000412
235.625	0.0	-0.000411
235.75	0.0	-0.00041
235.875	0.0	-0.000409
236.0	0.0	-0.000408
236.125	0.0	-0.000407
236.25	0.0	-0.000406
236.375	0.0	-0.000405
236.5	0.0	-0.000404
236.625	0.0	-0.000403
236.75	0.0	-0.000402
236.875	0.0	-0.000401
237.0	0.0	-0.0004
237.125	0.0	-0.000399
237.25	0.0	-0.000398
237.375	0.0	-0.000397
237.5	0.0	-0.000396
237.625	0.0	-0.000395
237.75	0.0	-0.000394
237.875	0.0	-0.000394
238.0	0.0	-0.000393
238.125	0.0	-0.000392
238.25	0.0	-0.000391
238.375	0.0	-0.00039
238.5	0.0	-0.000389
238.625	0.0	-0.000388
238.75	0.0	-0.000387
238.875	0.0	-0.000386
239.0	0.0	-0.000385
239.125	0.0	-0.000384
239.25	0.0	-0.000383
239.375	0.0	-0.000382
239.5	0.0	-0.000381
239.625	0.0	-0.00038
239.75	0.0	-0.000379
239.875	0.0	-0.000378
240.0	0.0	-0.000377
240.125	0.0	-0.000377
240.25	0.0	-0.000376
240.375	0.0	-0.000375
240.5	0.0	-0.000374
240.625	0.0	-0.000373
240.75	0.0	-0.000372
240.875	0.0	-0.000371
241.0	0.0	-0.00037
241.125	0.0	-0.000369
241.25	0.0	-0.000368
241.375	0.0	-0.000367
241.5	0.0	-0.000366
241.625	0.0	-0.000365
241.75	0.0	-0.000364
241.875	0.0	-0.000364
242.0	0.0	-0.000363
242.125	0.0	-0.000362
242.25	0.0	-0.000361
242.375	0.0	-0.00036
242.5	0.0	-0.000359
242.625	0.0	-0.000358
242.75	0.0	-0.000357
242.875	0.0	-0.000356
243.0	0.0	-0.000355
243.125	0.0	-0.000354
243.25	0.0	-0.000354
243.375	0.0	-0.000353
243.5	0.0	-0.000352
243.625	0.0	-0.000351
243.75	0.0	-0.00035
243.875	0.0	-0.000349
244.0	0.0	-0.000348
244.125	0.0	-0.000347
244.25	0.0	-0.000346
244.375	0.0	-0.000345
244.5	0.0	-0.000345
244.625	0.0	-0.000344
244.75	0.0	-0.000343
244.875	0.0	-0.000342
245.0	0.0	-0.000341
245.125	0.0	-0.00034
245.25	0.0	-0.000339
245.375	0.0	-0.000338
245.5	0.0	-0.000337
245.625	0.0	-0.000336
245.75	0.0	-0.000336
245.875	0.0	-0.000335
246.0	0.0	-0.000334
246.125	0.0	-0.000333
246.25	0.0	-0.000332
246.375	0.0	-0.000331
246.5	0.0	-0.00033
246.625	0.0	-0.000329
246.75	0.0	-0.000329
246.875	0.0	-0.000328
247.0	0.0	-0.000327
247.125	0.0	-0.000326
247.25	0.0	-0.000325
247.375	0.0	-0.000324
247.5	0.0	-0.000323
247.625	0.0	-0.000322
247.75	0.0	-0.000322
247.875	0.0	-0.000321
248.0	0.0	-0.00032
248.125	0.0	-0.000319
248.25	0.0	-0.000318
248.375	0.0	-0.000317
248.5	0.0	-0.000316
248.625	0.0	-0.000315
248.75	0.0	-0.000315
248.875	0.0	-0.000314
249.0	0.0	-0.000313
249.125	0.0	-0.000312
249.25	0.0	-0.000311
249.375	0.0	-0.00031
249.5	0.0	-0.000309
249.625	0.0	-0.000309
249.75	0.0	-0.000308
249.875	0.0	-0.000307
250.0	0.0	-0.000306
250.125	0.0	-0.000305
250.25	0.0	-0.000304
250.375	0.0	-0.000303
250.5	0.0	-0.000303
250.625	0.0	-0.000302
250.75	0.0	-0.000301
250.875	0.0	-0.0003
251.0	0.0	-0.000299
251.125	0.0	-0.000298
251.25	0.0	-0.000297
251.375	0.0	-0.000297
251.5	0.0	-0.000296
251.625	0.0	-0.000295
251.75	0.0	-0.000294
251.875	0.0	-0.000293
252.0	0.0	-0.000292
252.125	0.0	-0.000292
252.25	0.0	-0.000291
252.375	0.0	-0.00029
252.5	0.0	-0.000289
252.625	0.0	-0.000288
252.75	0.0	-0.000287
252.875	0.0	-0.000287
253.0	0.0	-0.000286
253.125	0.0	-0.000285
253.25	0.0	-0.000284
253.375	0.0	-0.000283
253.5	0.0	-0.000282
253.625	0.0	-0.000282
253.75	0.0	-0.000281
253.875	0.0	-0.00028
254.0	0.0	-0.000279
254.125	0.0	-0.000278
254.25	0.0	-0.000277
254.375	0.0	-0.000277
254.5	0.0	-0.000276
254.625	0.0	-0.000275
254.75	0.0	-0.000274
254.875	0.0	-0.000273
255.0	0.0	-0.000272
255.125	0.0	-0.000272
255.25	0.0	-0.000271
255.375	0.0	-0.00027
255.5	0.0	-0.000269
255.625	0.0	-0.000268
255.75	0.0	-0.000268
255.875	0.0	-0.000267
256.0	0.0	-0.000266
256.125	0.0	-0.000265
256.25	0.0	-0.000264
256.375	0.0	-0.000263
256.5	0.0	-0.000263
256.625	0.0	-0.000262
256.75	0.0	-0.000261
256.875	0.0	-0.00026
257.0	0.0	-0.000259
257.125	0.0	-0.000259
257.25	0.0	-0.000258
257.375	0.0	-0.000257
257.5	0.0	-0.000256
257.625	0.0	-0.000255
