t̅ᶜ [-]	T̅ₒ [-]	A̅ₒ [-]	β̃ [rad]	ω̅ᵢ [-]	T̅ₛ	T̅ₕ	T̅ₚ
0.16782	0.4544	0.861716	-4.833926	3.257403	0.038676	0.253544	0.167597
18.072911	0.48614	0.741218	-352.17699	3.113718	0.041378	0.271254	0.179304
4.15677	0.543336	0.666666	-75.307122	2.897178	0.046246	0.303168	0.200399
14.871424	1.035342	0.66244	-187.012261	2.024033	0.088123	0.577695	0.381866
0.955282	0.39487	0.644448	-22.527306	3.589174	0.033609	0.220328	0.145641
7.422803	1.771258	0.576964	-75.217662	1.622739	0.15076	0.988318	0.653295
9.772281	0.40552	0.536343	-215.734412	3.522668	0.034516	0.22627	0.149568
17.10472	0.581072	0.524911	-297.907283	2.779125	0.049458	0.324224	0.214318
10.701745	0.442857	0.52103	-221.9269	3.314762	0.037694	0.247103	0.16334
19.389652	0.706259	0.50327	-298.502142	2.474081	0.060113	0.394075	0.26049
5.13787	0.25566	0.396816	-159.797942	4.968139	0.02176	0.142652	0.094295
13.373954	0.505813	0.386791	-252.962411	3.033712	0.043052	0.282231	0.18656
2.749664	1.201667	0.378975	-33.380592	1.890346	0.10228	0.6705	0.443212
11.95394	0.664989	0.369317	-190.942091	2.561952	0.0566	0.371048	0.245269
-1.445833	1.385552	0.296876	11.668312	1.779903	0.117931	0.773104	0.511035
20.835485	0.42173	0.296871	-449.02653	3.427886	0.035895	0.235315	0.155547
23.765878	1.236634	0.270374	-283.356969	1.866816	0.105256	0.690011	0.456109
