0.0	0.0
0.125	0.0
0.25	0.0
0.375	0.0
0.5	0.0
0.625	0.0
0.75	0.0
0.875	0.0
1.0	0.0
1.125	0.0
1.25	0.0
1.375	0.0
1.5	0.0
1.625	0.0
1.75	0.0
1.875	0.0
2.0	0.0
2.125	0.0
2.25	0.0
2.375	0.0
2.5	0.0
2.625	0.0
2.75	0.0
2.875	0.0
3.0	0.0
3.125	0.0
3.25	0.0
3.375	0.0
3.5	0.0
3.625	0.0
3.75	0.0
3.875	0.0
4.0	0.0
4.125	2.4919810153972644
4.25	2.462414790825221
4.375	2.418249776407221
4.5	2.3597456515578776
4.625	2.2871127033422485
4.75	2.200801520300235
4.875	2.101193731147111
5.0	1.9889326908103904
5.125	1.8645609230498277
5.25	1.728916246425671
5.375	1.5826808714502827
5.5	1.4268955768940952
5.625	1.2623324505492717
5.75	1.090279917718611
5.875	0.9113086089410762
6.0	0.7266613797216205
6.125	0.5391725109499137
6.25	0.3497631603104592
6.375	0.16004460601277937
6.5	-0.028774660461135526
6.625	-0.21525319952158056
6.75	-0.3982043163852954
6.875	-0.5763311862546402
7.0	-0.748538158996748
7.125	-0.9136842272528493
7.25	-1.07080536432007
7.375	-1.2189336998193097
7.5	-1.3572654837670097
7.625	-1.4850214465197955
7.75	-1.6015777820664787
7.875	-1.7063542982810311
8.0	-1.798918427348225
8.125	-1.8788930548133147
8.25	-1.9460399251192988
8.375	-2.0001819150195477
8.5	-2.0412701712296655
8.625	-2.069317327162732
8.75	-2.0844515231450464
8.875	-2.0868581766156304
9.0	-2.0768233078886587
9.125	-2.054682231784292
9.25	-2.020854149186324
9.375	-1.9757966669301634
9.5	-1.9200333101772078
9.625	-1.8541131699166415
9.75	-1.7786327791976857
9.875	-1.694200474223754
10.0	-1.6014539176500295
10.125	-1.501028962778948
10.25	-1.3935739717660456
10.375	-1.2797231059337335
10.5	-1.1601084566660558
10.625	-1.0353377562080714
10.75	-0.9060052011316921
10.875	-0.7726735927123243
11.0	-0.635884578807358
11.125	-0.49614519610528207
11.25	-0.353938082065407
11.375	-0.2097123090329276
11.5	-0.06389392360637897
11.625	0.08311915739488018
11.75	0.2309461331520324
11.875	0.37922473864362083
12.0	0.5275998282756175
12.125	0.6757216517075426
12.25	0.8232343229719488
12.375	0.9697716555311233
12.5	1.1149460051103242
12.625	1.2583425140458577
12.75	1.399508984867528
12.875	1.5379494977620258
13.0	1.673116093780643
13.125	1.8044027934959388
13.25	1.9311399289856381
13.375	2.052589592139705
13.5	2.1679434413110394
13.625	2.276320533477932
13.75	2.3767693368924023
13.875	2.4682687467451982
14.0	2.549734857154025
14.125	2.620025725790615
14.25	2.6779532017391765
14.375	2.7222916986015786
14.5	2.7517950510902023
14.625	2.7652091938105574
14.75	2.7612936482549104
14.875	2.738837608300525
15.0	2.6966852665043213
15.125	2.6337544059190634
15.25	2.549064391393608
15.375	2.441755993378979
15.5	2.3111205304591267
15.625	2.1566193388955486
15.75	1.977912291253932
15.875	1.774875108770373
16.0	1.5476253292347204
16.125	1.2965355666266807
16.25	1.02225498479191
16.375	0.7257166613125486
16.5	0.40815275824960895
16.625	0.07109435553357434
16.75	-0.2836211992064064
16.875	-0.6538592602381796
17.0	-1.0371894346641324
17.125	-1.4309041270147065
17.25	-1.8320295077387398
17.375	-2.237353795208984
17.5	-2.6434475060165465
17.625	-3.0467009594369996
17.75	-3.4433529781978947
17.875	-3.829536406052038
18.0	-4.201313743046919
18.125	-4.554728811634666
18.25	-4.885847193955071
18.375	-5.190811622796213
18.5	-5.465884595297072
18.625	-5.707503876490316
18.75	-5.912328109447774
18.875	-6.077284299612135
19.0	-6.199609715846633
19.125	-6.276903454878198
19.25	-6.307152510004198
19.375	-6.288775417310121
19.5	-6.220643566791305
19.625	-6.1021116476416895
19.75	-5.9330280474703505
19.875	-5.713753150872039
20.0	-5.445156955671443
20.125	-5.128624278270897
20.25	-4.766039082430389
20.375	-4.359776512619576
20.5	-3.912674312486624
20.625	-3.4280124868856454
20.75	-2.9094730440447125
20.875	-2.361108905202714
21.0	-1.7872939650979418
21.125	-1.1926835569757692
21.25	-0.5821574270234136
21.375	0.039225434941537955
21.5	0.6662879189577294
21.625	1.2937825116293176
21.75	1.9164533747824655
21.875	2.52908349031202
22.0	3.12655464131718
22.125	3.703891072802796
22.25	4.256314640774812
22.375	4.779282495048196
22.5	5.2685351698658645
22.625	5.7201263775452595
22.75	6.130462456459252
22.875	6.496323048369407
23.0	6.814891028899277
23.125	7.083763556968592
23.25	7.300972317957112
23.375	7.464985110346889
23.5	7.574716865175908
23.625	7.629522510126594
23.75	7.629199734408464
23.875	7.573974295937317
24.0	7.464495839645728
24.125	7.301817060623965
24.25	7.0873840386596285
24.375	6.823010733328953
24.5	6.51086527385821
24.625	6.153441157848697
24.75	5.753540760485967
24.875	5.314244373468071
25.0	4.838891915945938
25.125	4.331050635689112
25.25	3.7944956721516196
25.375	3.2331769071113556
25.5	2.651198707991628
25.625	2.052786119085639
25.75	1.442263856535473
25.875	0.8240218245789516
26.0	0.20249328639801864
26.125	-0.4178803916838446
26.25	-1.0326724807361873
26.375	-1.6375069547582715
26.5	-2.2280821008918954
26.625	-2.8002072386467898
26.75	-3.349826906336871
26.875	-3.8730577780381172
27.0	-4.3662127960423245
27.125	-4.825837469686822
27.25	-5.248732954922115
27.375	-5.6319905574009566
27.5	-5.973012420886737
27.625	-6.269542755712716
27.75	-6.519684548942314
27.875	-6.721925856514328
28.0	-6.875150842547377
28.125	-6.978659454765203
28.25	-7.032171174888112
28.375	-7.035836568834443
28.5	-6.990232400012462
28.625	-6.896363911553154
28.75	-6.755650410374419
28.875	-6.569917676881943
29.0	-6.341373736641826
29.125	-6.072591459288076
29.25	-5.766474942381055
29.375	-5.42623309324239
29.5	-5.055337787125117
29.625	-4.657489949859037
29.75	-4.236571343932283
29.875	-3.7966053101508623
30.0	-3.341704606718195
30.125	-2.876029454976443
30.25	-2.403735146198231
30.375	-1.9289258080131488
30.5	-1.45561196314085
30.625	-0.9876629760152755
30.75	-0.5287648272813834
30.875	-0.0823866041704555
31.0	0.34825896218616514
31.125	0.7602398785610139
31.25	1.150935087786346
31.375	1.5180489711228908
31.5	1.8596310038431423
31.625	2.1740794995626875
31.75	2.460150258896312
31.875	2.716949510852489
32.0	2.9439319245269977
32.125	3.14088351825899
32.25	3.307910182762319
32.375	3.445412052640034
32.5	3.5540643431435597
32.625	3.6347852486308945
32.75	3.6887113701241856
32.875	3.717161576506834
33.0	3.7216095616036378
33.125	3.703646252619578
33.25	3.664952071093005
33.375	3.6072603980215505
33.5	3.532331932415057
33.625	3.4419214437623933
33.75	3.3377562545774775
33.875	3.221508066310787
34.0	3.094777083384065
34.125	2.959070139244251
34.25	2.815791384076577
34.375	2.6662273212816876
34.5	2.5115443583004935
34.625	2.352780748912695
34.75	2.190850713081879
34.875	2.0265427206017157
35.0	1.8605293706583634
35.125	1.6933709911672807
35.25	1.5255300693045424
35.375	1.3573788089865997
35.5	1.1892166433007032
35.625	1.0212802059063075
35.75	0.8537623435902006
35.875	0.686822917180565
36.0	0.5206077617993817
36.125	0.35525882730467795
36.25	0.19093168769164126
36.375	0.02780373772594144
36.5	-0.13391089506373277
36.625	-0.29395609158842184
36.75	-0.4520222548541707
36.875	-0.6077446441629712
37.0	-0.760695791565453
37.125	-0.9103877289797364
37.25	-1.056268432774756
37.375	-1.1977279023542509
37.5	-1.334098433537838
37.625	-1.4646642046882852
37.75	-1.5886649038777378
37.875	-1.705308233459066
38.0	-1.8137762041010483
38.125	-1.9132397919731683
38.25	-2.0028670721744266
38.375	-2.0818391585277363
38.5	-2.1493592805806028
38.625	-2.2046691022789955
38.75	-2.247057845806246
38.875	-2.2758781150337826
39.0	-2.2905542269474783
39.125	-2.290596748149031
39.25	-2.2756092987049716
39.375	-2.2453011324868375
39.5	-2.199491815885844
39.625	-2.138121332198534
39.75	-2.0612521956853898
39.875	-1.9690767238281583
40.0	-1.8619161422888564
40.125	-1.7402256917658414
40.25	-1.6045892447069954
40.375	-1.4557222170417228
40.5	-1.2944641395162493
40.625	-1.1217770927960382
40.75	-0.9387364155613321
40.875	-0.7465262769043697
41.0	-0.5464279634016381
41.125	-0.3398131089232885
41.25	-0.1281299527716536
41.375	0.0871053426871825
41.5	0.30432400109729474
41.625	0.5219147384750242
41.75	0.7382401316685365
41.875	0.9516476258111655
42.0	1.1604864306551967
42.125	1.3631188931533686
42.25	1.5579373872629672
42.375	1.74337552247704
42.5	1.9179245086378816
42.625	2.080143695805426
42.75	2.2286759282519926
42.875	2.3622569511875593
43.0	2.4797293151595206
43.125	2.580050238536771
43.25	2.6623036826480115
43.375	2.7257063231531653
43.5	2.769617484973303
43.625	2.7935429482605403
43.75	2.7971425079698866
43.875	2.780231418504594
44.0	2.7427854230557873
44.125	2.684939722523201
44.25	2.606991401857612
44.375	2.5093958909019882
44.5	2.3927667962984196
44.625	2.2578699018778843
44.75	2.10562049272324
44.875	1.9370750182334153
45.0	1.7534260673498683
45.125	1.5559918862558515
45.25	1.3462092285696274
45.375	1.1256209799965082
45.5	0.8958671628606525
45.625	0.6586709705349411
45.75	0.4158282509081589
45.875	0.16919229321743895
46.0	-0.07933785065876033
46.125	-0.3278334555590441
46.25	-0.5743485817093547
46.375	-0.8169366508824061
46.5	-1.053663290001862
46.625	-1.282622996828946
46.75	-1.501951970255651
46.875	-1.7098444693844348
47.0	-1.9045652374363435
47.125	-2.0844651669381937
47.25	-2.247992936354159
47.375	-2.3937096092616623
47.5	-2.5202991206425605
47.625	-2.626581458117298
47.75	-2.7115216571285634
47.875	-2.774241236487875
48.0	-2.8140253876087886
48.125	-2.830332364188067
48.25	-2.822798579834561
48.375	-2.791245682554416
48.5	-2.735683307751631
48.625	-2.6563136027750263
48.75	-2.5535314190657696
48.875	-2.4279260913392173
49.0	-2.280278894847126
49.125	-2.1115619292230883
49.25	-1.9229327159759722
49.375	-1.7157300902903119
49.5	-1.491465871670337
49.625	-1.2518177297183237
49.75	-0.998617928861389
49.875	-0.7338432077005876
50.0	-0.45960067807629246
50.125	-0.17811484273551634
50.25	0.10828918005625526
50.375	0.39720127922800413
50.5	0.6861455277251214
50.625	0.9725981177600949
50.75	1.2540085554773892
50.875	1.5278194672049132
51.0	1.7914893126401135
51.125	2.0425135040839533
51.25	2.278448023056778
51.375	2.496931181089823
51.5	2.695707415423072
51.625	2.872648916761185
51.75	3.025778784663467
51.875	3.153291662876714
52.0	3.2535753626313118
52.125	3.325229588333511
52.25	3.3670850958282705
52.375	3.3782195687959264
52.5	3.3579733772093876
52.625	3.305961685274262
52.75	3.2220859196097833
52.875	3.1065412588922294
53.0	2.959823016511603
53.125	2.782728783735031
53.25	2.5763590797998286
53.375	2.3421135948775498
53.5	2.081685660516549
53.625	1.7970522629030075
53.75	1.4904621333260533
53.875	1.1644194693458378
54.0	0.8216657297456188
54.125	0.4651573005700079
54.25	0.0980413893866922
54.375	-0.2763718094111329
54.5	-0.6546384059902943
54.625	-1.0332132776610818
54.75	-1.40848351896192
54.875	-1.7768043588408289
55.0	-2.1345354585159106
55.125	-2.4780788474193476
55.25	-2.8039165216600614
55.375	-3.1086487576011006
55.5	-3.38903129380029
55.625	-3.6420122504800503
55.75	-3.864767090092668
55.875	-4.054732329083241
56.0	-4.209636478620044
56.125	-4.327528791381802
56.25	-4.406804491215948
56.375	-4.446226955952001
56.5	-4.444945753425413
56.625	-4.40251091890297
56.75	-4.318882619082967
56.875	-4.194436530327725
57.0	-4.029964339351718
57.125	-3.8266696503368913
57.25	-3.58615898229083
57.375	-3.3104281077462847
57.5	-3.0018436981905308
57.625	-2.6631204982515047
57.75	-2.297294274242562
57.875	-1.907690726251927
58.0	-1.4978908805798767
58.125	-1.0716931074638054
58.25	-0.6330725356184207
58.375	-0.18613794569066655
58.5	0.26491285435514395
58.625	0.7158391774941718
58.75	1.1624039238482289
58.875	1.6004204877451795
59.0	2.025798730040261
59.125	2.4345902886336463
59.25	2.8230317165000187
59.375	3.1875859038843255
59.5	3.5249801735714508
59.625	3.832241722064925
59.75	4.106728727503467
59.875	4.34615804234416
60.0	4.548627751347545
60.125	4.712635781538798
60.25	4.837092825634423
60.375	4.921331050286477
60.5	4.965106844617909
60.625	4.968599372227825
60.75	4.932403179709962
60.875	4.857516914008579
61.0	4.745326392729907
61.125	4.59758435607095
61.25	4.416385119062799
61.375	4.2041367066743325
61.5	3.963528639466506
61.625	3.69749817548964
61.75	3.409193092256899
61.875	3.1019340009073146
62.0	2.7791741551784446
62.125	2.4444598942127143
62.25	2.1013895223467265
62.375	1.753573873466723
62.5	1.4045961686616952
62.625	1.0579744904867026
62.75	0.7171242608986691
62.875	0.3853240988674978
63.0	0.06568220746027667
63.125	-0.2388932906849451
63.25	-0.5257231581026046
63.375	-0.7923815202389781
63.5	-1.03671932904612
63.625	-1.2568832767293703
63.75	-1.451333669070672
63.875	-1.6188576223933804
64.0	-1.758581253594872
64.125	-1.8699770898286738
64.25	-1.9528704892027826
64.375	-2.007441127279828
64.5	-2.0342234323129116
64.625	-2.0341018303945617
64.75	-2.0083047618122163
64.875	-1.9583931357378919
65.0	-1.8862472745632803
65.125	-1.7940478478569475
65.25	-1.6842549775127569
65.375	-1.5595809021210698
65.5	-1.4229605790395006
65.625	-1.277515578220958
65.75	-1.1265159272173588
65.875	-0.9733353157603898
66.0	-0.8214046861995963
66.125	-0.6741597531207274
66.25	-0.5349879131338061
66.375	-0.4071702749779254
66.5	-0.2938247345439081
66.625	-0.1978460153699613
66.75	-0.12184903556038411
66.875	-0.06811165373962562
67.0	-0.03852349900845444
67.125	-0.03453694602413781
67.25	-0.0571271298686368
67.375	-0.10675689143597238
67.5	-0.18335353806712534
67.625	-0.28629292872250484
67.75	-0.4143975425792576
67.875	-0.5659434495198774
68.0	-0.7386824205715771
68.125	-0.9298733370972965
68.25	-1.1363285805771584
68.375	-1.3544687102811517
68.5	-1.5803905109053245
68.625	-1.8099408773162693
68.75	-2.0388010854292378
68.875	-2.2625732000661722
69.0	-2.4768728121163273
69.125	-2.6774193648989897
69.25	-2.860128170044335
69.375	-3.021195177841035
69.5	-3.1571788242032253
69.625	-3.265070145026629
69.75	-3.3423560144643774
69.875	-3.3870671166148973
70.0	-3.3978163004725332
70.125	-3.3738195620054467
70.25	-3.314906257864825
70.375	-3.2215115309225326
70.5	-3.0946585434696416
70.625	-2.93592420656235
70.75	-2.747396899897429
70.875	-2.531620427851757
71.0	-2.291533400580254
71.125	-2.0303985971970318
71.25	-1.7517319163995804
71.375	-1.4592254866578331
71.5	-1.1566746543851836
71.625	-0.8479031412509623
71.75	-0.5366959237387459
71.875	-0.22673359694303888
72.0	0.0784626002778274
72.125	0.375582030483642
72.25	0.6615634874595335
72.375	0.9336292985280439
72.5	1.1893065165956913
72.625	1.426443607495241
72.75	1.6432148705119616
72.875	1.838121593998567
73.0	2.0099824534950907
73.125	2.15792257655992
73.25	2.2813538648099967
73.375	2.3799562280604696
73.5	2.4536522173129307
73.625	2.502584766067192
73.75	2.5270902655676357
73.875	2.52767660285806
74.0	2.504998018295081
74.125	2.459836250862993
74.25	2.393079409102913
74.375	2.3057078533565027
74.5	2.198778113531823
74.625	2.0734139735599646
74.75	1.930795381963901
74.875	1.7721542290044678
75.0	1.5987673609452249
75.125	1.4119558632382734
75.25	1.2130807797134804
75.375	1.0035443743571884
75.5	0.7847869788984213
75.625	0.5582886790976201
75.75	0.3255658219258881
75.875	0.0881717941262116
76.0	-0.15230796625586399
76.125	-0.39425704929322203
76.25	-0.6360352851966637
76.375	-0.8759821811289061
76.5	-1.1124266302049393
76.625	-1.3436927643230823
76.75	-1.5681120208588886
76.875	-1.7840310967489728
77.0	-1.9898259076751919
77.125	-2.1839110553394523
77.25	-2.3647549956643896
77.375	-2.530890267955724
77.5	-2.680929078437698
77.625	-2.813573479231897
77.75	-2.92763055746506
77.875	-3.0220217750789846
78.0	-3.0957970100913745
78.125	-3.148142351853983
78.25	-3.178392346101837
78.375	-3.186035661361249
78.5	-3.1707250216520353
78.625	-3.1322802988571166
78.75	-3.0706957593473994
78.875	-2.9861402798990704
79.0	-2.878961675377101
79.125	-2.7496838730469024
79.25	-2.599008220919263
79.375	-2.427807582209524
79.5	-2.237124644874638
79.625	-2.028163012746119
79.75	-1.8022826454160368
79.875	-1.5609881251579187
80.0	-1.3059214530257137
80.125	-1.0388477616547829
80.25	-0.7616457788116286
80.375	-0.4762913359941733
80.5	-0.1848458849374516
80.625	0.11056177945188461
80.75	0.40774850132772505
80.875	0.7044963513521302
81.0	0.998566608944418
81.125	1.287720141078014
81.25	1.569731849086407
81.375	1.8424112904008494
81.5	2.103617032780446
81.625	2.3512769569272685
81.75	2.5834019556390713
81.875	2.798105358373774
82.0	2.9936154246112445
82.125	3.168293351966
82.25	3.320644042307633
82.375	3.4493321929420713
82.5	3.553190860456694
82.625	3.6312351891565524
82.75	3.6826683601830137
82.875	3.706892581484444
83.0	3.7035120868694507
83.125	3.67234109536783
83.25	3.6134036142929213
83.375	3.526938170412948
83.5	3.4133942700688875
83.625	3.273433807174583
83.75	3.107924138827809
83.875	2.917936182483921
84.0	2.7047341738773425
84.125	2.469770574246553
84.25	2.2146726851573137
84.375	1.941234592770741
84.5	1.6514009177085256
84.625	1.3472561234573697
84.75	1.0310057752106143
84.875	0.7049636301618434
85.0	0.37153086398892726
85.125	0.033181438852371674
85.25	-0.3075601731130074
85.375	-0.6481347855741184
85.5	-0.9859716939955946
85.625	-1.3185050315945355
85.75	-1.643197265735555
85.875	-1.957555484721436
86.0	-2.2591545598603724
86.125	-2.5456527283958543
86.25	-2.814813791552158
86.375	-3.0645213743369255
86.5	-3.292799555616937
86.625	-3.497825221424469
86.75	-3.677946568919957
86.875	-3.831693025202313
87.0	-3.957791131534549
87.125	-4.0551715728334115
87.25	-4.122982029793653
87.375	-4.160590952934014
87.5	-4.16759706569863
87.625	-4.1438296183493035
87.75	-4.089354331692762
87.875	-4.004469976970337
88.0	-3.889710664109538
88.125	-3.7458387104643163
88.25	-3.5738432956879147
88.375	-3.374929700895735
88.5	-3.150514470515776
88.625	-2.902211220263685
88.75	-2.6318225607332275
88.875	-2.3413227836111408
89.0	-2.03284690851587
89.125	-1.708670658433789
89.25	-1.371197086825503
89.375	-1.0229343419267736
89.5	-0.666480412205342
89.625	-0.3044992519453374
89.75	0.06029575299250772
89.875	0.42516667146958875
90.0	0.7873681945609626
90.125	1.1441728727217677
90.25	1.4928882465137636
90.375	1.8308817608777388
90.5	2.1555971872776203
90.625	2.4645785504957898
90.75	2.75548519047256
90.875	3.0261140679053162
91.0	3.274412855447456
91.125	3.498500039974018
91.25	3.6966754941647157
91.375	3.867437863940559
91.5	4.009492150801321
91.625	4.121763960341313
91.75	4.203403720454047
91.875	4.253797468139336
92.0	4.272567435718193
92.125	4.259579165022894
92.25	4.214938309566059
92.375	4.138993983974087
92.5	4.032331750812933
92.625	3.8957732348768808
92.75	3.7303653851089114
92.875	3.5373765040766725
93.0	3.3182819941327777
93.125	3.074757068126113
93.25	2.808659300719013
93.375	2.5220183932925795
93.5	2.2170159525054394
93.625	1.8959727769526298
93.75	1.5613263723076927
93.875	1.2156163064969547
94.0	0.8614600412728779
94.125	0.5015369639059286
94.25	0.1385631665174269
94.375	-0.22472519639222202
94.5	-0.5855975186993627
94.625	-0.941345389875304
94.75	-1.289307924450542
94.875	-1.6268877462586784
95.0	-1.9515753778149005
95.125	-2.2609639172093376
95.25	-2.552771862492439
95.375	-2.8248558809657265
95.5	-3.075231497639387
95.625	-3.302083420015252
95.75	-3.503783591859789
95.875	-3.678898616960109
96.0	-3.826204767365587
96.125	-3.9446921442828256
96.25	-4.033575887071074
96.375	-4.09229903288877
96.5	-4.12053617804779
96.625	-4.1181948937303705
96.75	-4.0854179647333995
96.875	-4.022577126317431
97.0	-3.9302739135802067
97.125	-3.809329359320602
97.25	-3.660781385321276
97.375	-3.485871109702877
97.5	-3.2860370390653286
97.625	-3.062898296121741
97.75	-2.818245972486664
97.875	-2.5540236824213536
98.0	-2.2723165245690655
98.125	-1.9753294489452244
98.25	-1.6653743494009157
98.375	-1.3448467961046355
98.5	-1.0162118367890536
98.625	-0.6819796940055537
98.75	-0.34469089068466524
98.875	-0.006891539114931641
99.0	0.3288815759500949
99.125	0.6601254819919036
99.25	0.9843853472598977
99.375	1.2992781169729657
99.5	1.602505644957989
99.625	1.8918768911067638
99.75	2.1653192888910078
99.875	2.420898964169814
100.0	2.656829830329444
100.125	2.8714913557016097
100.25	3.063434952922214
100.375	3.231398904200913
100.5	3.3743117000198257
100.625	3.49130382594132
100.75	3.5817078054720364
100.875	3.6450666563732863
101.0	3.681130500646589
101.125	3.6898616095552055
101.25	3.6714275572808877
101.375	3.6262028890255884
101.5	3.554758910808544
101.625	3.45786213087044
101.75	3.336460893022011
101.875	3.1916808547409636
102.0	3.0248087819864478
102.125	2.837285434315999
102.25	2.6306869415259104
102.375	2.4067155631263866
102.5	2.1671791577848607
102.625	1.9139803677526255
102.75	1.649094766999872
102.875	1.3745590867806177
103.0	1.0924486836520084
103.125	0.8048654664270748
103.25	0.5139153571746748
103.375	0.2216965986858784
103.5	-0.06972211340816711
103.625	-0.3583122730389228
103.75	-0.64210610699797
103.875	-0.9192055379017157
104.0	-1.1878008057079639
104.125	-1.4461771943022703
104.25	-1.6927312224338698
104.375	-1.9259746811019895
104.5	-2.1445480043936573
104.625	-2.347221298457142
104.75	-2.5329046495267598
104.875	-2.7006459838285592
105.0	-2.8496382386413126
105.125	-2.979214068983249
105.25	-3.0888491515756025
105.375	-3.178157968607819
105.5	-3.2468880848586408
105.625	-3.2949148546449054
105.75	-3.3222375126449606
105.875	-3.3289717774347585
106.0	-3.3153398575377016
106.125	-3.2816607693075954
106.25	-3.2283459253534073
106.375	-3.1558843929689897
106.5	-3.0648393555781603
106.625	-2.9558336132558884
106.75	-2.82954672956783
106.875	-2.6867015509205996
107.0	-2.528063651837955
107.125	-2.354425160696776
107.25	-2.166614125938155
107.375	-1.9654761562412195
107.5	-1.7518818194928294
107.625	-1.5267186658466323
107.75	-1.2908968067903421
107.875	-1.0453443050402391
108.0	-0.7910151812177757
108.125	-0.5288870011508571
108.25	-0.2599708685644104
108.375	0.01468937760973129
108.5	0.29400590996410375
108.625	0.576846957118483
108.75	0.8620252528134946
108.875	1.1482983773491533
109.0	1.434357137475889
109.125	1.7188311057782546
109.25	2.0002740913761117
109.375	2.277172625225863
109.5	2.547939349875964
109.625	2.81092221886187
109.75	3.064399064307972
109.875	3.3065958807957947
110.0	3.5356865697569244
110.125	3.7498114097448916
110.25	3.94708533115081
110.375	4.12562053505777
110.5	4.283539525454288
110.625	4.419002223028367
110.75	4.530223008412503
110.875	4.615501330530638
111.0	4.673241516493233
111.125	4.701985402374671
111.25	4.700433232498018
111.375	4.667476458746723
111.5	4.60221773279491
111.625	4.5040017738612725
111.75	4.372432293209362
111.875	4.207398755269281
112.0	4.00908809333063
112.125	3.778005306302325
112.25	3.5149780404551025
112.375	3.2211692770395937
112.5	2.898073260858472
112.625	2.547519026387565
112.75	2.1716567240749707
112.875	1.7729513694323424
113.0	1.354159308542904
113.125	0.9183123043384838
113.25	0.4686846357755767
113.375	0.00876791849973636
113.5	-0.4577667068940646
113.625	-0.9271093921241085
113.75	-1.3953457393013513
113.875	-1.8585043819395064
114.0	-2.3126033398444332
114.125	-2.753690080141281
114.25	-3.1778934632617757
114.375	-3.5814624309083163
114.5	-3.9608160014907554
114.625	-4.312578538397347
114.75	-4.633625010363389
114.875	-4.9211102069063575
115.0	-5.172506836699299
115.125	-5.385626519527214
115.25	-5.558648852312935
115.375	-5.69013264441562
115.5	-5.779034784118812
115.625	-5.824710936155871
115.75	-5.8269238244817485
115.875	-5.785833406225942
116.0	-5.701994975360093
116.125	-5.576339591031435
116.25	-5.410163127748443
116.375	-5.205098397888082
116.5	-4.963096861982428
116.625	-4.686394386652703
116.75	-4.377487733347958
116.875	-4.039096193514668
117.0	-3.674135165812539
117.125	-3.285675991403145
117.25	-2.8769189013878433
117.375	-2.4511532415940303
117.5	-2.011731840121771
117.625	-1.5620334901674275
117.75	-1.1054403893306752
117.875	-0.6453042868167203
118.0	-0.18492837754179667
118.125	0.27246323779629833
118.25	0.7237366834023086
118.375	1.1658752352778634
118.5	1.5959868410200089
118.625	2.0113242513012057
118.75	2.4092893661989345
118.875	2.78744914121589
119.0	3.143536330747455
119.125	3.4754623114820773
119.25	3.7813151981188633
119.375	4.059370592182082
119.5	4.308088069417354
119.625	4.526120805154507
119.75	4.712311299491398
119.875	4.865700627689311
120.0	4.985524006402975
120.125	5.071220105408499
120.25	5.12242670886938
120.375	5.1389901515951415
120.5	5.120960946230855
120.625	5.068603028139909
120.75	4.982388858030693
120.875	4.863007828977784
121.0	4.7113600662132065
121.125	4.528563115401753
121.25	4.315943489190504
121.375	4.0750406528888945
121.5	3.807595338318532
121.625	3.5155498903720965
121.75	3.201032492502422
121.875	2.8663531356694985
122.0	2.5139831675783846
122.125	2.1465464763933206
122.25	1.766794161236549
122.375	1.377590952745186
122.5	0.9818852647060388
122.625	0.5826913558870143
122.75	0.18305551166977252
122.875	-0.21396506646844607
123.0	-0.6053387391707045
123.125	-0.9880823982113661
123.25	-1.359299013094686
123.375	-1.716200720771005
123.5	-2.056145592373223
123.625	-2.3766589242891154
123.75	-2.6754672766002505
123.875	-2.950516031416567
124.0	-3.1999988271870037
124.125	-3.4223696098370184
124.25	-3.6163658312680984
124.375	-3.7810135428505727
124.5	-3.915643123656807
124.625	-4.01988642783438
124.75	-4.093684324770308
124.875	-4.137275471800847
125.0	-4.151195539273357
125.125	-4.136257788486724
125.25	-4.093544467167346
125.375	-4.0243799755738685
125.5	-3.930315498088087
125.625	-3.813096084997511
125.75	-3.674640083020053
125.875	-3.5170018992440077
126.0	-3.3423481649456677
126.125	-3.152918244607657
126.25	-2.950999282833415
126.375	-2.738886651793743
126.5	-2.5188600743818688
126.625	-2.293146159577883
126.75	-2.0638976657505426
126.875	-1.8331600624882067
127.0	-1.602855710722037
127.125	-1.3747560330382118
127.25	-1.1504719698449206
127.375	-0.9314328713534051
127.5	-0.7188840792871255
127.625	-0.5138731142491116
127.75	-0.3172546748142406
127.875	-0.1296841298544922
128.0	0.04837033219761068
128.125	0.216627439247491
128.25	0.3749743191669013
128.375	0.5234604762711481
128.5	0.6622741246298628
128.625	0.7917317981637794
128.75	0.9122510717751913
128.875	1.024337455213112
129.0	1.1285552295779284
129.125	1.2255133948676502
129.25	1.3158363990243054
129.375	1.4001508894749828
129.5	1.479058025378596
129.625	1.5531226336269677
129.75	1.6228485864766242
129.875	1.6886717010989565
130.0	1.7509393570773684
130.125	1.809908131823891
130.25	1.8657284543493426
130.375	1.9184475675958583
130.5	1.967999598681451
130.625	2.014214016301671
130.75	2.0568110761309426
130.875	2.0954155290488465
131.0	2.129557004378309
131.125	2.158688351777709
131.25	2.1821901811744637
131.375	2.199392911664853
131.5	2.2095844162208538
131.625	2.2120346223992766
131.75	2.206005026206945
131.875	2.1907745522892963
132.0	2.165649611576984
132.125	2.12998988617441
132.25	2.0832176094008537
132.375	2.0248419893876464
132.5	1.9544664813711483
132.625	1.8718106947535988
132.75	1.7767145942574614
132.875	1.6691569340211163
133.0	1.5492555508021748
133.125	1.4172816184572472
133.25	1.2736554646151246
133.375	1.1189562207505017
133.5	0.9539128844028272
133.625	0.7794092347456749
133.75	0.596470156538378
133.875	0.4062619802248467
134.0	0.21007436382302447
134.125	0.009316483671517904
134.25	-0.19450497884759893
134.375	-0.3997931385667404
134.5	-0.604886058972718
134.625	-0.8080667033578726
134.75	-1.0075903117891756
134.875	-1.201696028888201
135.0	-1.388635487932848
135.125	-1.5666850681133968
135.25	-1.7341746234343696
135.375	-1.8894993059982896
135.5	-2.031147389048437
135.625	-2.157710631464569
135.75	-2.2679102085697846
135.875	-2.360604681370809
136.0	-2.4348131593516813
136.125	-2.489720068822516
136.25	-2.524694820804866
136.375	-2.5392927374740486
136.5	-2.5332706762005013
136.625	-2.506583661902289
136.75	-2.4593961155261774
136.875	-2.392073943247978
137.0	-2.305191224251703
137.125	-2.199517715359315
137.25	-2.0760210593782427
137.375	-1.9358498667251158
137.5	-1.780331703107419
137.625	-1.6109520997873936
137.75	-1.4293487602665398
137.875	-1.237287020961056
138.0	-1.03665087448152
138.125	-0.8294155469664046
138.25	-0.6176360655091904
138.375	-0.4034177329523821
138.5	-0.188903065462251
138.625	0.023758972622971223
138.75	0.2324267703087698
138.875	0.43499716493636276
139.0	0.6294190618436268
139.125	0.813723936182465
139.25	0.9860383539610696
139.375	1.144612978653559
139.5	1.287833114252462
139.625	1.4142453679613896
139.75	1.522565404576325
139.875	1.6117014999823764
140.0	1.6807587936544466
140.125	1.7290590784415423
140.25	1.7561409612234955
140.375	1.761775369338604
140.5	1.745961175021021
140.625	1.7089360541756364
140.75	1.651167294315242
140.875	1.5733578131588843
141.0	1.4764320481060214
141.125	1.3615371258111737
141.25	1.2300239189980666
141.375	1.0834435486812768
141.5	0.9235238859803195
141.625	0.7521617603582865
141.75	0.5713953740580616
141.875	0.38339277630551943
142.0	0.19042083944801358
142.125	-0.005169266388963341
142.25	-0.20097572060733218
142.375	-0.39456268742780654
142.5	-0.5834956292687032
142.625	-0.7653590343837441
142.75	-0.9377923273632803
142.875	-1.098507578219929
143.0	-1.245324867831171
143.125	-1.3761888160766957
143.25	-1.4892022318048657
143.375	-1.5826402939886042
143.5	-1.6549813378859073
143.625	-1.7049175718613294
143.75	-1.7313819272627475
143.875	-1.733554296835759
144.0	-1.7108843483635052
144.125	-1.66308743285016
144.25	-1.5901732673054387
144.375	-1.4924245787514177
144.5	-1.3704193423544169
144.625	-1.2250145515933073
144.75	-1.0573507555550348
144.875	-0.8688341100993288
145.0	-0.6611337515569763
145.125	-0.43615755584625643
145.25	-0.1960434885066418
145.375	0.05687041801377404
145.5	0.3200600744091585
145.625	0.5908503274066521
145.75	0.8664333772407129
145.875	1.1439076567490567
146.0	1.4202994523394281
146.125	1.6926043592238522
146.25	1.957810704880609
146.375	2.21294210583787
146.5	2.455081163765437
146.625	2.6814115586398923
146.75	2.8892404373995815
146.875	3.0760384700081636
147.0	3.2394593850502384
147.125	3.377376492621822
147.25	3.4878979411420543
147.375	3.5693983722200118
147.5	3.620528673639641
147.625	3.6402416689701
147.75	3.627795413068728
147.875	3.582772120603485
148.0	3.505074377535201
148.125	3.3949368607916477
148.25	3.2529152030584436
148.375	3.0798904300517274
148.5	2.8770505948237894
148.625	2.645888236850192
148.75	2.388175272926638
148.875	2.1059541405688926
149.0	1.8015067727750451
149.125	1.4773404051605437
149.25	1.1361517507026018
149.375	0.7808087064779977
149.5	0.41431106479384716
149.625	0.039769536393697354
149.75	-0.33963552635987254
149.875	-0.7206762771371575
150.0	-1.1001191133544146
150.125	-1.4747464752325568
150.25	-1.8413975546133514
150.375	-2.196987450806071
150.5	-2.53854975702514
150.625	-2.863244951017873
150.75	-3.1684036831240068
150.875	-3.4515353165404563
151.0	-3.7103590193178877
151.125	-3.942811669048176
151.25	-4.147072952546098
151.375	-4.321567873903386
151.5	-4.464986385611722
151.625	-4.57628032142966
151.75	-4.65467753012044
151.875	-4.699673347943569
152.0	-4.711039485750766
152.125	-4.688810417475031
152.25	-4.633287511135589
152.375	-4.545020924521391
152.5	-4.4248096578588525
152.625	-4.273679705435419
152.75	-4.092880834186961
152.875	-3.883861834719774
153.0	-3.6482648928987635
153.125	-3.387898815183088
153.25	-3.104731861514264
153.375	-2.8008637925332343
153.5	-2.4785179783362934
153.625	-2.140013037644734
153.75	-1.787754938728384
153.875	-1.4242088848430512
154.0	-1.0518919938851357
154.125	-0.6733459443261258
154.25	-0.29113067341830473
154.375	0.09220185188985312
154.5	0.4741126275749129
154.625	0.8521004974484385
154.75	1.223705684241652
154.875	1.586533239573163
155.0	1.9382550772877674
155.125	2.2766319995551956
155.25	2.5995142821729074
155.375	2.904862356734164
155.5	3.19074604873004
155.625	3.4553640289045267
155.75	3.6970418204773354
155.875	3.9142501312846574
156.0	4.105601729013206
156.125	4.269868733857047
156.25	4.405978416138145
156.375	4.513029474121617
156.5	4.590286745028598
156.625	4.637196423460024
156.75	4.653379604343207
156.875	4.63864632428318
157.0	4.592987783758916
157.125	4.516589026905229
157.25	4.409819630231732
157.375	4.273244785250909
157.5	4.107614200813571
157.625	3.9138713254111486
157.75	3.6931401965940838
157.875	3.4467325411673873
158.0	3.176132322264152
158.125	2.8830004888172094
158.25	2.569157020058196
158.375	2.2365831605064894
158.5	1.8874008414564152
158.625	1.5238723314018792
158.75	1.148377020274265
158.875	0.7634085323178884
159.0	0.3715489849621438
159.125	-0.02453625576173624
159.25	-0.4221265920381229
159.375	-0.8184534760513902
159.5	-1.2107303127024647
159.625	-1.5961613207180771
159.75	-1.9719727987877504
159.875	-2.335422982728818
160.0	-2.6838340367383164
160.125	-3.0146022192065804
160.25	-3.325229870282371
160.375	-3.6133351238098923
160.5	-3.8766831041786296
160.625	-4.11319438176677
160.75	-4.320974571066395
160.875	-4.498320725830253
161.0	-4.643748549461658
161.125	-4.7559959653288635
161.25	-4.8340472097434795
161.375	-4.8771328917994
161.5	-4.884750336939482
161.625	-4.856659566084123
161.75	-4.7928993896327725
161.875	-4.6937788824081
162.0	-4.559888887897141
162.125	-4.3920887367875325
162.25	-4.191513001754031
162.375	-3.959553394952107
162.5	-3.6978608060874447
162.625	-3.4083225091967897
162.75	-3.093059711919298
162.875	-2.754400394964637
163.0	-2.394872789184845
163.125	-2.017174353201842
163.25	-1.624161768219554
163.375	-1.218816721881558
163.5	-0.8042331607591934
163.625	-0.3835806841937693
163.75	0.039910085749941905
163.875	0.4629855940151515
164.0	0.882384920935972
164.125	1.2948783838748381
164.25	1.697283054371547
164.375	2.0865008749469087
164.5	2.4595331308795627
164.625	2.8135171013575007
164.75	3.1457385278961953
164.875	3.453665874932748
165.0	3.7349599118848187
165.125	3.987504751452762
165.25	4.209413772585009
165.375	4.399056730865713
165.5	4.555061390187306
165.625	4.676336153003165
165.75	4.7620669330880645
165.875	4.811734927414898
166.0	4.8251084438873395
166.125	4.80225562370213
166.25	4.7435311286660236
166.375	4.649583815278208
166.5	4.52133931346657
166.625	4.359997222165079
166.75	4.16702206931261
166.875	3.94412283756467
167.0	3.6932396666707534
167.125	3.4165325678339946
167.25	3.116351240333559
167.375	2.7952261644240872
167.5	2.4558343741775865
167.625	2.100988679258175
167.75	1.7336001563929677
167.875	1.356666360175946
168.0	0.9732331828784704
168.125	0.5863811949295251
168.25	0.19918778572229548
168.375	-0.18528644549807605
168.5	-0.564034993471411
168.625	-0.9341179921212861
168.75	-1.2926981008136378
168.875	-1.637052110106529
169.0	-1.964600336768648
169.125	-2.272921789612736
169.25	-2.559779686734332
169.375	-2.8231276431406953
169.5	-3.0611380976997813
169.625	-3.2721991680996756
169.75	-3.4549437311338487
169.875	-3.60824285906335
170.0	-3.7312258132545937
170.125	-3.8232725516814843
170.25	-3.884028655260286
170.375	-3.913393442511139
170.5	-3.911530603631004
170.625	-3.8788520142045817
170.75	-3.816024239651403
170.875	-3.7239482776876907
171.0	-3.60376222703591
171.125	-3.4568173120308785
171.25	-3.284678085020428
171.375	-3.0890911513894093
171.5	-2.871987861379945
171.625	-2.63544990956146
171.75	-2.381704480108835
171.875	-2.1130921970825276
172.0	-1.8320593988372493
172.125	-1.541124637589193
172.25	-1.2428699134347179
172.375	-0.9399055159521326
172.5	-0.6348651728133975
172.625	-0.33036348513107117
172.75	-0.028994662767532847
172.875	0.26670571890521305
173.0	0.5542639162172519
173.125	0.8313064282964105
173.25	1.0955628257407692
173.375	1.3448974403579697
173.5	1.57731360423664
173.625	1.79098228266395
173.75	1.9842437352735363
173.875	2.1556334331088327
174.0	2.303880730136548
174.125	2.4279316916944027
174.25	2.5269444432636665
174.375	2.600308618959952
174.5	2.647637138437471
174.625	2.668782070411687
174.75	2.66382267707048
174.875	2.6330775781728297
175.0	2.5770889948290763
175.125	2.4966311940522594
175.25	2.3926909598486636
175.375	2.2664723958350805
175.5	2.1193737508435015
175.625	1.9529887578570866
175.75	1.7690800431349474
175.875	1.5695772824268819
176.0	1.3565475258905846
176.125	1.1321905559563943
176.25	0.89880656334102
176.375	0.6587891929864415
176.5	0.4145911068261998
176.625	0.1687149498968017
176.75	-0.07632080925014124
176.875	-0.3179951353809042
177.0	-0.5538175940713057
177.125	-0.7813401492730634
177.25	-0.9981934849564992
177.375	-1.2020965311902774
177.5	-1.3908922887921256
177.625	-1.5625559947886807
177.75	-1.7152292396382838
177.875	-1.8472259121886214
178.0	-1.9570637570419747
178.125	-2.043467261796687
178.25	-2.1053958425899317
178.375	-2.142042895449753
178.5	-2.1528598762694284
178.625	-2.137550835854513
178.75	-2.0960917780198174
178.875	-2.0287201348697232
179.0	-1.9359489427539336
179.125	-1.818550888706658
179.25	-1.6775670356728078
179.375	-1.5142852786039842
179.5	-1.3302435721443497
179.625	-1.1272028688263915
179.75	-0.907145046200794
179.875	-0.6722406505944575
180.0	-0.42484197603889
180.125	-0.1674461936440232
180.25	0.0973157108104338
180.375	0.3667195928879234
180.5	0.6379624065704951
180.625	0.9082055896508461
180.75	1.174591358225792
180.875	1.4342875749182886
181.0	1.6845055944692418
181.125	1.9225413995130973
181.25	2.145798376403623
181.375	2.351826067062959
181.5	2.5383356011083893
181.625	2.7032416671502646
181.75	2.8446684096719217
181.875	2.960992278682803
182.0	3.050843636610942
182.125	3.1131386732528377
182.25	3.1470787643973135
182.375	3.152175021959507
182.5	3.1282406678815353
182.625	3.075408377568724
182.75	2.9941151270777966
182.875	2.8851119729783776
183.0	2.7494412098937273
183.125	2.5884386263990997
183.25	2.40370321863048
183.375	2.1970923770276465
183.5	1.9706848175239424
183.625	1.7267695642020826
183.75	1.4678031580096023
183.875	1.1963936807068734
184.0	0.9152536569887414
184.125	0.6271806906095716
184.25	0.33500776506486774
184.375	0.041582310423155515
184.5	-0.2502841912079731
184.625	-0.5378367394507706
184.75	-0.818425903625166
184.875	-1.089526916149243
185.0	-1.348781461845231
185.125	-1.5940177205642385
185.25	-1.8232867276989682
185.375	-2.0348712384142336
185.5	-2.227319708017541
185.625	-2.399446585739926
185.75	-2.550358394617405
185.875	-2.6794455895482847
186.0	-2.786399994334465
186.125	-2.871197737262824
186.25	-2.934107827869202
186.375	-2.9756662288658196
186.5	-2.996675913038407
186.625	-2.998172691612122
186.75	-2.981417647281612
186.875	-2.9478558797231886
187.0	-2.899102727154868
187.125	-2.836897072777224
187.25	-2.7630832082673336
187.375	-2.6795607355897952
187.5	-2.5882642585475755
187.625	-2.491112182357925
187.75	-2.3899866167327555
187.875	-2.2866834975580055
188.0	-2.182895127942634
188.125	-2.080164008008918
188.25	-1.9798703198002445
188.375	-1.8831916488778282
188.5	-1.7910974368445318
188.625	-1.7043164198419956
188.75	-1.6233396421836563
188.875	-1.5483969410669407
189.0	-1.4794695609985635
189.125	-1.4162764108186514
189.25	-1.3582966757041144
189.375	-1.3047659006307302
189.5	-1.2547083070620066
189.625	-1.2069420614559105
189.75	-1.160120314639567
189.875	-1.1127443435840283
190.0	-1.0632116920531982
190.125	-1.00983527729239
190.25	-0.9508964681227979
190.375	-0.8846677704322045
190.5	-0.8094682753178568
190.625	-0.7236872161651782
190.75	-0.6258389877528792
190.875	-0.5145847307888523
191.0	-0.3887840844833543
191.125	-0.2475120164430325
191.25	-0.09010463383467956
191.375	0.0838312620206248
191.5	0.27438062407082536
191.625	0.48131995436599234
191.75	0.7040898009942752
191.875	0.9418053732717684
192.0	1.1932402091726766
192.125	1.4568483626497515
192.25	1.730759604743885
192.375	2.0128131498405826
192.5	2.300563956522296
192.625	2.5913271646965166
192.75	2.8821942840377615
192.875	3.170086766599077
193.0	3.4517801679476983
193.125	3.7239646346698234
193.25	3.9832745475341134
193.375	4.226353207642957
193.5	4.449885064560022
193.625	4.650661575268007
193.75	4.825612913087163
193.875	4.9718718727832565
194.0	5.086801963333552
194.125	5.168056347577701
194.25	5.2135994424448056
194.375	5.2217582033671075
194.5	5.191234772491855
194.625	5.121147922177417
194.75	5.01103487344564
194.875	4.860881361339863
195.0	4.671111448913007
195.125	4.442605421822445
195.25	4.176677195541497
195.375	3.8750800326634343
195.5	3.539971926560986
195.625	3.1739099058130784
195.75	2.7798045202334207
195.875	2.3609041984124786
196.0	1.9207406105170703
196.125	1.4631051295915405
196.25	0.991987356935433
196.375	0.5115461681635501
196.5	0.02604403007564611
196.625	-0.4601846360240567
196.75	-0.9428005597566864
196.875	-1.417491146197874
197.0	-1.880036248850145
197.125	-2.326336909538648
197.25	-2.7524772530679766
197.375	-3.154748059308583
197.5	-3.5297025960147357
197.625	-3.874173066652188
197.75	-4.185318679421046
197.875	-4.460633540397551
198.0	-4.697985816440684
198.125	-4.89561622525513
198.25	-5.0521677431048655
198.375	-5.1666744367617845
198.5	-5.238581749796365
198.625	-5.267725983613387
198.75	-5.254345728482609
198.875	-5.199052795050128
199.0	-5.102835805061229
199.125	-4.9670237720503145
199.25	-4.7932832078347
199.375	-4.58357583255497
199.5	-4.340150772791872
199.625	-4.065498038415789
199.75	-3.7623374835666907
199.875	-3.4335697229920945
200.0	-3.0822635051337786
200.125	-2.71160566529549
200.25	-2.3248884362606037
200.375	-1.9254598688392917
200.5	-1.5167114078852433
200.625	-1.1020339636330876
200.75	-0.6848028092286472
200.875	-0.26833626063958377
201.0	0.1441113293827624
201.125	0.5493916768738729
201.25	0.9444649655916229
201.375	1.3264383682622625
201.5	1.692564606490601
201.625	2.0402767684591367
201.75	2.3671830129228835
201.875	2.6710977588244544
202.0	2.9500326838357354
202.125	3.2022245001392067
202.25	3.426122507685683
202.375	3.6204132513913967
202.5	3.7840049425642834
202.625	3.9160493201072017
202.75	4.015923257212584
202.875	4.083248131970123
203.0	4.117868901541565
203.125	4.119871238542126
203.25	4.089558295363743
203.375	4.027465796470524
203.5	3.9343366463159826
203.625	3.8111340991677736
203.75	3.659014299597253
203.875	3.4793375942306373
204.0	3.2736390465199414
204.125	3.043637919897253
204.25	2.7912061877633163
204.375	2.5183762123140387
204.5	2.2273072818040567
204.625	1.9202915371157792
204.75	1.5997186125292806
204.875	1.2680799219716417
205.0	0.9279315537810341
205.125	0.5818971156195406
205.25	0.23262913142791283
205.375	-0.11718924996200804
205.5	-0.4648839958090881
205.625	-0.8077891975928078
205.75	-1.1432874757343081
205.875	-1.4688091737290956
206.0	-1.7818728474454493
206.125	-2.080084018603229
206.25	-2.3611750854396893
206.375	-2.6230029391451217
206.5	-2.863587579594594
206.625	-3.081107863741326
206.75	-3.273938095621935
206.875	-3.440641182412028
207.0	-3.580002496626423
207.125	-3.6910197664900735
207.25	-3.77293358138169
207.375	-3.82521343782854
207.5	-3.8475843745274037
207.625	-3.84000872970805
207.75	-3.8027085439963275
207.875	-3.7361427521507777
208.0	-3.6410251723338725
208.125	-3.5182970458743212
208.25	-3.369140629805512
208.375	-3.194947201214406
208.5	-2.9973264745171266
208.625	-2.7780703901390833
208.75	-2.5391587768480246
208.875	-2.282719436016452
209.0	-2.011030650814764
209.125	-1.7264782460708303
209.25	-1.431555699903577
209.375	-1.128818995779776
209.5	-0.8208854425557273
209.625	-0.5103860690317557
209.75	-0.19996596292195595
209.875	0.10776482508619634
210.0	0.4102317018659978
210.125	0.7049418860588312
210.25	0.9894846239613917
210.375	1.2615757265327734
210.5	1.5190555115597912
210.625	1.7599308978286854
210.75	1.9823702653479038
210.875	2.1847423628517153
211.0	2.365607407597627
211.125	2.523752205543911
211.25	2.6581769667122734
211.375	2.7681262012077985
211.5	2.8530708971051832
211.625	2.912734931658576
211.75	2.9470724379173987
211.875	2.956289651006639
212.0	2.940817469559202
212.125	2.9013288346341954
212.25	2.83870666589246
212.375	2.754057039495127
212.5	2.6486728413178144
212.625	2.524043165252921
212.75	2.381813172534941
212.875	2.223790269765281
213.0	2.0519007916937957
213.125	1.8681936366026035
213.25	1.67479449770523
213.375	1.4739077306679513
213.5	1.2677689448056757
213.625	1.0586459522990124
213.75	0.8487905934594818
213.875	0.6404396684546961
214.0	0.43576602656629126
214.125	0.23688541900137952
214.25	0.04579773577505015
214.375	-0.1355945313954341
214.5	-0.30554162830435655
214.625	-0.4624362688429633
214.75	-0.6048563506986412
214.875	-0.7315549795401576
215.0	-0.8414989544283661
215.125	-0.9338544888542023
215.25	-1.0080213910492548
215.375	-1.063613878849905
215.5	-1.1004899373874628
215.625	-1.118726795803418
215.75	-1.1186451340600974
215.875	-1.1007789960212806
216.0	-1.0658947399039564
216.125	-1.0149553995322258
216.25	-0.9491345229842044
216.375	-0.8697752539466983
216.5	-0.7783994706699626
216.625	-0.6766621308283842
216.75	-0.5663563948331733
216.875	-0.4493640457303062
217.0	-0.32765754113882206
217.125	-0.20324756723174717
217.25	-0.0781831939312993
217.375	0.045502169754071155
217.5	0.16579116098342492
217.625	0.2807366887795521
217.75	0.3884613883816723
217.875	0.4872105346794156
218.0	0.5753494496410054
218.125	0.6514124040598269
218.25	0.7140965372209791
218.375	0.76230890692063
218.5	0.79515284532559
218.625	0.8119691358893241
218.75	0.8123177697969779
218.875	0.7960123481081923
219.0	0.7630949208619
219.125	0.7138636676107742
219.25	0.6488405102067298
219.375	0.5687919848712721
219.5	0.4746897569987247
219.625	0.3677250440281341
219.75	0.2492626071546999
219.875	0.12084952329506952
220.0	-0.01583634862886429
220.125	-0.15898204976019348
220.25	-0.30669521676674044
220.375	-0.45700269477956
220.5	-0.6079087516078884
220.625	-0.7573948717565291
220.75	-0.9034786779442701
220.875	-1.0442130497161328
221.0	-1.177743899066454
221.125	-1.3023067814330453
221.25	-1.4162817630590376
221.375	-1.5181858478889998
221.5	-1.6067233927527451
221.625	-1.680772950489608
221.75	-1.7394320194646649
221.875	-1.7819972805306021
222.0	-1.8080028846668683
222.125	-1.8171935100278114
222.25	-1.809555863128168
222.375	-1.785284467061055
222.5	-1.7448065406075681
222.625	-1.6887409116530154
222.75	-1.6179169065867742
222.875	-1.5333272263750493
223.0	-1.4361418895084583
223.125	-1.327656278269831
223.25	-1.2093015014955957
223.375	-1.0825890882217841
223.5	-0.9491193488429025
223.625	-0.8105243444682076
223.75	-0.6684759137176065
223.875	-0.5246285711205108
224.0	-0.38062882953074695
224.125	-0.2380595828647147
224.25	-0.09845219927591672
224.375	0.036766264301446916
224.5	0.1662569777447574
224.625	0.28881823976441934
224.75	0.4033645110586823
224.875	0.5089707371006686
225.0	0.6048459814174952
225.125	0.6903728577186142
225.25	0.7650756320676902
225.375	0.8286548339232822
225.5	0.8809510677312068
225.625	0.9219712129466846
225.75	0.9518524922406589
225.875	0.9708849944523801
226.0	0.9794668151735567
226.125	0.9781277964610889
226.25	0.9674807313231127
226.375	0.948243382500258
226.5	0.9211878137799961
226.625	0.8871617799351903
226.75	0.8470372501756083
226.875	0.8017322188264846
227.0	0.7521594057389498
227.125	0.6992494234411905
227.25	0.6439004951990358
227.375	0.587003745578535
227.5	0.5293945871427476
227.625	0.4718806968633783
227.75	0.4151955070509581
227.875	0.3600292099141098
228.0	0.30698456702330823
228.125	0.25661106757924623
228.25	0.20936306142260533
228.375	0.16563699969974072
228.5	0.12573171385768062
228.625	0.08988850311199212
228.75	0.058253236596030294
228.875	0.030918928687123027
229.0	0.007889239565024818
229.125	-0.010876899173071226
229.25	-0.025500867260973434
229.375	-0.03613815182302217
229.5	-0.04301350958684204
229.625	-0.04637365087916995
229.75	-0.04652245500114813
229.875	-0.04377296950684631
230.0	-0.03848310096870189
230.125	-0.0310072933666925
230.25	-0.021732088321720577
230.375	-0.011032338057517771
230.5	0.0006991538215124771
230.625	0.013095039894234745
230.75	0.025771890657574487
230.875	0.038383513979645956
231.0	0.05057781565706737
231.125	0.06204491916646811
231.25	0.07247546418296906
231.375	0.08160789469015275
231.5	0.08918534914060908
231.625	0.09500271418098494
231.75	0.09886215968866954
231.875	0.10062005670144614
232.0	0.10014123256080089
232.125	0.09734586769815096
232.25	0.09216255403621634
232.375	0.08457528857192104
232.5	0.07457541467789648
232.625	0.06220882393814883
232.75	0.04752684829537634
232.875	0.030633768721690845
233.0	0.011636709681224568
233.125	-0.009306462679902622
233.25	-0.03203821031002459
233.375	-0.05635296874951197
233.5	-0.08204916451132313
233.625	-0.10888035088725742
233.75	-0.13660816977739335
233.875	-0.16495293360941976
234.0	-0.1936475372357512
234.125	-0.22238744571972677
234.25	-0.25088556537391754
234.375	-0.2788215956125572
234.5	-0.30589786641926386
234.625	-0.331788005786542
234.75	-0.35619374454499575
234.875	-0.3787928400121049
235.0	-0.39929683930270277
235.125	-0.41739818595947953
235.25	-0.4328289210155143
235.375	-0.44530688406523034
235.5	-0.45459531901670214
235.625	-0.4604480658413109
235.75	-0.46267002669426616
235.875	-0.4610612309499573
236.0	-0.4554781086236124
236.125	-0.4457763005790432
236.25	-0.4318726811850859
236.375	-0.41368677885229105
236.5	-0.3912034895515623
236.625	-0.36441297086650826
236.75	-0.3333739930286044
236.875	-0.2981521728993238
237.0	-0.2588839198296685
237.125	-0.21571288450967943
237.25	-0.16885447320348496
237.375	-0.11853039999213379
237.5	-0.06503376441482307
237.625	-0.008661613742288101
237.75	0.05021939486703689
237.875	0.11124249359675548
238.0	0.17397450639797385
238.125	0.2379874567477456
238.25	0.30279155131728663
238.375	0.3679089173043073
238.5	0.43280575015245426
238.625	0.49696817538258375
238.75	0.5598334092046886
238.875	0.620867714912017
239.0	0.6794963924818471
239.125	0.735183777395626
239.25	0.7873608259590102
239.375	0.8355110604107029
239.5	0.8790917401730566
239.625	0.9176214918536073
239.75	0.9506044822961924
239.875	0.9776160774970266
240.0	0.9982257669592036
240.125	1.012084532639819
240.25	1.0188453190050004
240.375	1.0182520315531063
240.5	1.0100572615697367
240.625	0.9941128506706955
240.75	0.9702845829355133
240.875	0.9385442771847162
241.0	0.8988811692641803
241.125	0.851395527204531
241.25	0.796206462319039
241.375	0.7335471034805927
241.5	0.6636685964350697
241.625	0.5869369214004079
241.75	0.503732864320963
241.875	0.41455144170434965
242.0	0.31989405945827326
242.125	0.22037487725701582
242.25	0.11660808448898427
242.375	0.009311790984111695
242.5	-0.10080407685329132
242.625	-0.2129360782243475
242.75	-0.32630024035099603
242.875	-0.4400274768800334
243.0	-0.5532816132132163
243.125	-0.6651525726902534
243.25	-0.7747837127444078
243.375	-0.8812513386663212
243.5	-0.9837008925884452
243.625	-1.0812258793422869
243.75	-1.1730052024458664
243.875	-1.2581779572481009
244.0	-1.3359859584666531
244.125	-1.405642742000337
244.25	-1.4664814756478146
244.375	-1.5178174337435344
244.5	-1.5591015478721701
244.625	-1.5897755659324504
244.75	-1.6094315851192182
244.875	-1.6176590521653116
245.0	-1.6142107286821523
245.125	-1.5988406287133683
245.25	-1.571476999160128
245.375	-1.532050219704145
245.5	-1.4806735416142414
245.625	-1.4174598873310693
245.75	-1.3427112836807265
245.875	-1.2567233857838958
246.0	-1.1599847715374005
246.125	-1.0529678662553388
246.25	-0.9363395428304571
246.375	-0.8107369253006671
246.5	-0.6769910760326687
246.625	-0.5358858887736448
246.75	-0.3883975666890361
246.875	-0.23543191463973998
247.0	-0.07808638506259102
247.125	0.08263688361562183
247.25	0.2455501656480027
247.375	0.4095876063715196
247.5	0.5735011846465596
247.625	0.7361970470119799
247.75	0.8964002976762172
247.875	1.0530264355505583
248.0	1.2048077418981955
248.125	1.3507076055306084
248.25	1.489498716241321
248.375	1.6202312239996584
248.5	1.7417489610179038
248.625	1.8532274528014092
248.75	1.9536078060554947
248.875	2.04222925990046
249.0	2.1181486128189784
249.125	2.1809081530273104
249.25	2.229685112526637
249.375	2.2642698050544765
249.5	2.2839350123621927
249.625	2.288785461044849
249.75	2.2780681190211434
249.875	2.252360493503538
250.0	2.209928660570537
250.125	2.1487979676765248
250.25	2.0753794439975213
250.375	1.988411387752695
250.5	1.889147727766166
250.625	1.7776835911803532
250.75	1.6551691923211291
250.875	1.5220766548445241
251.0	1.379575732799308
251.125	1.2283559484536888
251.25	1.0696298868632
251.375	0.9042328482192248
251.5	0.7334148089608746
251.625	0.5581081154817228
251.75	0.37958324768836327
251.875	0.19882953608033105
252.0	0.017115994023676917
252.125	-0.16454661286879013
252.25	-0.344914700821371
252.375	-0.5229883744353153
252.5	-0.6975736169783038
252.625	-0.867710739105443
252.75	-1.0322783931523616
252.875	-1.1903833772756536
253.0	-1.3409982242423573
253.125	-1.483319254587128
253.25	-1.6164315908935871
253.375	-1.7396406752614668
253.5	-1.8521600047686022
253.625	-1.9534201702679777
253.75	-2.042775636002769
253.875	-2.1197945334356865
254.0	-2.183980757025239
254.125	-2.2350506031934527
254.25	-2.272663854951801
254.375	-2.2966864997170133
254.5	-2.306938131137087
254.625	-2.303438126536566
254.75	-2.2861642927509545
254.875	-2.25528694265018
255.0	-2.2109394074250894
255.125	-2.15344204177
255.25	-2.08307480284506
255.375	-2.0002975114900767
255.5	-1.9055306649180461
255.625	-1.7993652565982172
255.75	-1.6823502700510502
255.875	-1.5551961440755708
256.0	-1.4185671862342086
256.125	-1.2732795757654287
256.25	-1.120097950444975
256.375	-0.9599287762491042
256.5	-0.7936204098510555
256.625	0.0
256.75	0.0
256.875	0.0
257.0	0.0
257.125	0.0
257.25	0.0
257.375	0.0
257.5	0.0
257.625	0.0
257.75	0.0
