0.023615	0.023712	0.023759	0.023755	0.023702	0.023597	0.023441	0.023234	0.022977	0.022671	0.022315	0.021913	0.021465	0.020974	0.020441	0.019870	0.019262	0.018620	0.017947	0.017247	0.016523	
0.023996	0.024090	0.024133	0.024125	0.024064	0.023952	0.023787	0.023570	0.023301	0.022982	0.022613	0.022195	0.021731	0.021222	0.020670	0.020079	0.019450	0.018787	0.018092	0.017368	0.016621	
0.025153	0.025238	0.025269	0.025246	0.025166	0.025030	0.024839	0.024591	0.024287	0.023929	0.023518	0.023054	0.022540	0.021978	0.021370	0.020719	0.020027	0.019298	0.018535	0.017742	0.016923	
0.027121	0.027194	0.027207	0.027158	0.027048	0.026875	0.026638	0.026340	0.025979	0.025557	0.025074	0.024533	0.023935	0.023283	0.022579	0.021827	0.021028	0.020188	0.019309	0.018397	0.017455	
0.029957	0.030017	0.030007	0.029927	0.029775	0.029552	0.029256	0.028888	0.028449	0.027938	0.027356	0.026707	0.025992	0.025212	0.024372	0.023474	0.022523	0.021522	0.020476	0.019390	0.018269	
0.033725	0.033774	0.033743	0.033630	0.033433	0.033152	0.032787	0.032336	0.031800	0.031179	0.030475	0.029689	0.028823	0.027880	0.026863	0.025777	0.024625	0.023412	0.022143	0.020826	0.019465	
0.038478	0.038530	0.038488	0.038350	0.038115	0.037780	0.037344	0.036806	0.036167	0.035424	0.034581	0.033637	0.032596	0.031458	0.030230	0.028913	0.027514	0.026037	0.024490	0.022880	0.021213	
0.044228	0.044313	0.044289	0.044154	0.043904	0.043537	0.043051	0.042442	0.041710	0.040854	0.039873	0.038768	0.037541	0.036193	0.034729	0.033152	0.031468	0.029683	0.027805	0.025841	0.023800	
0.050901	0.051074	0.051125	0.051051	0.050844	0.050502	0.050019	0.049390	0.048612	0.047683	0.046600	0.045363	0.043971	0.042426	0.040730	0.038888	0.036903	0.034783	0.032535	0.030168	0.027692	
0.058263	0.058624	0.058854	0.058946	0.058892	0.058684	0.058314	0.057773	0.057054	0.056152	0.055062	0.053778	0.052299	0.050623	0.048750	0.046683	0.044425	0.041980	0.039357	0.036564	0.033610	
0.065839	0.066545	0.067124	0.067563	0.067849	0.067967	0.067905	0.067649	0.067185	0.066503	0.065591	0.064440	0.063042	0.061391	0.059482	0.057313	0.054884	0.052196	0.049254	0.046063	0.042633	
0.072795	0.074091	0.075282	0.076349	0.077271	0.078025	0.078591	0.078945	0.079067	0.078934	0.078528	0.077829	0.076820	0.075488	0.073818	0.071800	0.069426	0.066690	0.063589	0.060123	0.056296	
0.077839	0.080074	0.082260	0.084369	0.086369	0.088226	0.089906	0.091374	0.092594	0.093532	0.094154	0.094426	0.094317	0.093797	0.092839	0.091417	0.089509	0.087094	0.084157	0.080684	0.076667	
0.079141	0.082786	0.086493	0.090218	0.093915	0.097534	0.101023	0.104329	0.107398	0.110173	0.112600	0.114624	0.116191	0.117248	0.117743	0.117628	0.116854	0.115378	0.113160	0.110162	0.106354	
0.074349	0.080003	0.085902	0.091988	0.098193	0.104446	0.110674	0.116797	0.122734	0.128403	0.133717	0.138591	0.142937	0.146668	0.149696	0.151933	0.153295	0.153697	0.153060	0.151308	0.148374	
0.060764	0.069126	0.078018	0.087359	0.097059	0.107021	0.117142	0.127312	0.137415	0.147330	0.156933	0.166093	0.174678	0.182549	0.189567	0.195590	0.200474	0.204076	0.206255	0.206875	0.205809	
0.035733	0.047545	0.060293	0.073873	0.088167	0.103049	0.118382	0.134020	0.149804	0.165567	0.181134	0.196319	0.210926	0.224753	0.237586	0.249208	0.259392	0.267911	0.274536	0.279040	0.281209	
-0.002716	0.013237	0.030663	0.049433	0.069407	0.090427	0.112321	0.134902	0.157964	0.181289	0.204638	0.227757	0.250375	0.272205	0.292940	0.312262	0.329836	0.345319	0.358361	0.368615	0.375741	
-0.055059	-0.034454	-0.011719	0.013003	0.039548	0.067735	0.097359	0.128194	0.159987	0.192461	0.225313	0.258212	0.290795	0.322677	0.353438	0.382635	0.409800	0.434443	0.456063	0.474153	0.488212	
-0.119492	-0.094031	-0.065699	-0.034646	-0.001042	0.034915	0.072999	0.112952	0.154482	0.197257	0.240908	0.285023	0.329148	0.372782	0.415385	0.456372	0.495118	0.530966	0.563233	0.591223	0.614239	
-0.191506	-0.161385	-0.127640	-0.090408	-0.049853	-0.006168	0.040416	0.089626	0.141143	0.194596	0.249557	0.305543	0.362008	0.418345	0.473885	0.527898	0.579597	0.628147	0.672669	0.712259	0.746003	
-0.264232	-0.230059	-0.191587	-0.148923	-0.102200	-0.051586	0.002707	0.060416	0.121216	0.184715	0.250451	0.317882	0.386392	0.455278	0.523760	0.590974	0.655984	0.717781	0.775299	0.827427	0.873028	
-0.329742	-0.292444	-0.250332	-0.203466	-0.151928	-0.095841	-0.035373	0.029243	0.097702	0.169619	0.244519	0.321834	0.400897	0.480941	0.561097	0.640399	0.717784	0.792102	0.862126	0.926562	0.984071	
-0.380955	-0.341578	-0.297070	-0.247435	-0.192697	-0.132920	-0.068219	0.001221	0.075131	0.153151	0.234819	0.319561	0.406692	0.495406	0.584782	0.673779	0.761249	0.845940	0.926506	1.001517	1.069472	
-0.413126	-0.372631	-0.326854	-0.275755	-0.219313	-0.157540	-0.090506	-0.018353	0.058688	0.140284	0.225991	0.315248	0.407364	0.501521	0.596769	0.692028	0.786101	0.877674	0.965335	1.047570	1.122778	
-0.424036	-0.383197	-0.337038	-0.285500	-0.228543	-0.166160	-0.098401	-0.025393	0.052648	0.135404	0.222438	0.313195	0.406987	0.502992	0.600251	0.697674	0.794045	0.888033	0.978202	1.063013	1.140830	
