0.0	0.0
0.125	0.0
0.25	0.0
0.375	0.0
0.5	0.0
0.625	0.0
0.75	0.0
0.875	0.0
1.0	0.0
1.125	0.0
1.25	0.0
1.375	0.0
1.5	0.0
1.625	0.0
1.75	0.0
1.875	0.0
2.0	0.0
2.125	0.0
2.25	0.0
2.375	0.0
2.5	0.0
2.625	0.0
2.75	0.0
2.875	0.0
3.0	0.0
3.125	0.0
3.25	0.0
3.375	0.0
3.5	0.0
3.625	0.0
3.75	0.0
3.875	0.0
4.0	0.0
4.125	0.0
4.25	0.0
4.375	0.028653520398995946
4.5	0.03004650533468386
4.625	0.033371498358893546
4.75	0.03493992109185474
4.875	0.03841642017087409
5.0	0.04005234383922314
5.125	0.0435577826234901
5.25	0.04512337769970514
5.375	0.04850658595112828
5.5	0.049837205529962875
5.625	0.052922571564286223
5.75	0.053832006661156596
5.875	0.0564258191720134
6.0	0.05671369980463834
6.125	0.058612568271604534
6.25	0.058073741671856735
6.375	0.05907485859144918
6.5	0.057510440445738366
6.625	0.057423315780730025
6.75	0.05465298224767223
6.875	0.05331215908966657
7.0	0.04918713467369636
7.125	0.04646529305073621
7.25	0.04088139968920902
7.375	0.03670217963876667
7.5	0.029612251826226614
7.625	0.023962082747502115
7.75	0.01538702674937847
7.875	0.008325241268244903
8.0	-0.0016369739249487117
8.125	-0.009970435243792264
8.25	-0.021138521115792026
8.375	-0.030518443474185378
8.5	-0.04262485354661845
8.625	-0.05273965123032742
8.75	-0.06543143185985546
8.875	-0.07588602505218656
9.0	-0.08872978652200703
9.125	-0.09905270478975839
9.25	-0.11154388385073997
9.375	-0.12119868213589269
9.5	-0.13277509416728533
9.625	-0.14117599027150482
9.75	-0.15123549027047867
9.875	-0.15776695341177022
10.0	-0.16568884674129628
10.125	-0.16972869105430474
10.25	-0.17489836305441528
10.375	-0.17584373311766127
10.5	-0.17767980594196903
10.625	-0.17497528756760028
10.75	-0.17295846638107878
10.875	-0.16612541790095753
11.0	-0.15982805932688324
11.125	-0.14849413858246438
11.25	-0.13760946395429483
11.375	-0.12153722605198987
11.5	-0.10590701265111864
11.625	-0.08502037562786213
11.75	-0.06465989348782605
11.875	-0.03906721677125882
12.0	-0.014186140952975643
12.125	0.015801360161349767
12.25	0.04478333591712154
12.375	0.07863910108501411
12.5	0.11108318653708285
12.625	0.14805994747879989
12.75	0.18310686530332568
12.875	0.22223949695655312
13.0	0.2588167882550872
13.125	0.2989342882599183
13.25	0.3357731173212872
13.375	0.3755203892840122
13.5	0.41118237822006765
13.625	0.44905218793698504
13.75	0.48196647224228845
13.875	0.5163415741670261
14.0	0.5448518674381706
14.125	0.5740568669011562
14.25	0.5964778645576195
14.375	0.6188398990896629
14.5	0.633521848219246
14.625	0.6474386517783746
14.75	0.6528383819443617
14.875	0.6568517555682395
15.0	0.6516079224038289
15.125	0.6444800951978713
15.25	0.6274898592935232
15.375	0.6082797127238452
15.5	0.5787735928572593
15.625	0.5469092759112512
15.75	0.5045205200007781
15.875	0.4598646500012893
16.0	0.4046892112747169
16.125	0.3475926911199052
16.25	0.2802358397980989
16.375	0.21157638683687835
16.5	0.13318218688715155
16.625	0.05438401398867721
16.75	-0.03335560655477672
16.875	-0.12032386119583112
17.0	-0.21518290744710483
17.125	-0.30783394900187505
17.25	-0.4070903993933326
17.375	-0.5024684988397761
17.5	-0.6029666965348446
17.625	-0.6977218165736188
17.75	-0.7959580191068283
17.875	-0.8864420405862684
18.0	-0.9786707761140494
18.125	-1.0610529982678658
18.25	-1.1434110229578713
18.375	-1.2138094491177611
18.5	-1.2824536401618487
18.625	-1.3370782917546309
18.75	-1.3883337048990643
18.875	-1.4236382134432826
19.0	-1.4541525865608513
19.125	-1.4669903263885802
19.25	-1.4738911930048455
19.375	-1.461671872835185
19.5	-1.4427217954636726
19.625	-1.403563396148652
19.75	-1.357307393519735
19.875	-1.2901765073030445
20.0	-1.2160735920329848
20.125	-1.1209048560617842
20.25	-1.0194332235822645
20.375	-0.8972163856817018
20.5	-0.7699401533647539
20.625	-0.6227624766482429
20.75	-0.4723481660445264
20.875	-0.30338155463954697
21.0	-0.1335557823236219
21.125	0.05301704237218967
21.25	0.23757059594249372
21.375	0.43668850144497007
21.5	0.6304856406523511
21.625	0.8363880421455607
21.75	1.0333373596829112
21.875	1.2397690823833805
22.0	1.4333783364757937
22.125	1.6337953983484064
22.25	1.817366128679278
22.375	2.005120116105889
22.5	2.1719122156651967
22.625	2.3404014783731553
22.75	2.483763296691576
22.875	2.6265558347113336
23.0	2.740033255642904
23.125	2.850984325256652
23.25	2.928438408902636
23.375	3.001839220505078
23.5	3.0376098000110483
23.625	3.068406189077279
23.75	3.0575529631099503
23.875	3.041661241541778
24.0	2.9802924670830016
24.125	2.915015095482389
24.25	2.8006792410733734
24.375	2.685192263435161
24.5	2.517264914040486
24.625	2.353124367768009
24.75	2.133073217227874
24.875	1.924687690278184
25.0	1.6560242721681233
25.125	1.4111042091458945
25.25	1.0986241601014324
25.375	0.8288911911747837
25.5	0.4758460830311321
25.625	0.19972128892082383
25.75	-0.20573206025876742
25.875	-0.4404794787166209
26.0	-1.201450079203246
26.125	-1.753972085308498
26.25	-1.8926032048372676
26.375	-2.2106039849508847
26.5	-2.3938728430544307
26.625	-2.6449542827792643
26.75	-2.802622762747282
26.875	-2.9931793971671974
27.0	-3.10708686361171
27.125	-3.236785776729086
27.25	-3.299557460972009
27.375	-3.368782303646198
27.5	-3.378355537937727
27.625	-3.3894709906810707
27.75	-3.3473608662559875
27.875	-3.3047340224360893
28.0	-3.215022222740185
28.125	-3.1246364999173166
28.25	-2.9931658018384324
28.375	-2.8621095729332406
28.5	-2.695806155387516
28.625	-2.5317796744293974
28.75	-2.3381143578650136
28.875	-2.1490312008728005
29.0	-1.9356305982077129
29.125	-1.7293391635952982
29.25	-1.5037336986540084
29.375	-1.2878452012850676
29.5	-1.0573178174575755
29.625	-0.8391032952614027
29.75	-0.6105914400694877
29.875	-0.39690365670494004
30.0	-0.1769105985916472
30.125	0.025904743841337598
30.25	0.2314180610666825
30.375	0.41763945147423487
30.5	0.6033903475189547
30.625	0.768063566215214
30.75	0.9296008453715265
30.875	1.0686900003110598
31.0	1.2025418976953852
31.125	1.3130628703968465
31.25	1.4168540475326932
31.375	1.496966071117809
31.5	1.5694828495871473
31.625	1.6185217913323044
31.75	1.6597146090292862
31.875	1.6781624158201685
32.0	1.6890854759941551
32.125	1.6784805967925398
32.25	1.6611777199125854
32.375	1.6239786477024793
32.5	1.5813296750819523
32.625	1.520747077990666
32.75	1.4562905758051328
32.875	1.3761032177267754
33.0	1.2938495970435062
33.125	1.1982166353370236
33.25	1.1024625737521296
33.375	0.995741335252891
33.5	0.8908929336447576
33.625	0.7774680946218602
33.75	0.6678774575769828
33.875	0.5520053332552662
34.0	0.4418235836111021
34.125	0.3274940680426531
34.25	0.22054307604104478
34.375	0.11136138015934482
34.5	0.011026315109614706
34.625	-0.08988341238492092
34.75	-0.18073865911012293
34.875	-0.27080588150951185
35.0	-0.349898634884417
35.125	-0.4271536631542218
35.25	-0.49281665499130506
35.375	-0.5559119306671557
35.5	-0.6071016434764036
35.625	-0.6553075665687793
35.75	-0.6915878490673407
35.875	-0.7247648954039627
36.0	-0.7462681950374405
36.125	-0.7648182281791893
36.25	-0.7721878409063604
36.375	-0.776988440345424
36.5	-0.771305933457269
36.625	-0.763632140726133
36.75	-0.7463345035427463
36.875	-0.7277726078171809
37.0	-0.7005637346873762
37.125	-0.672921611894191
37.25	-0.6376824744869628
37.375	-0.6029006256753476
37.5	-0.5616020229018578
37.625	-0.5216689085637745
37.75	-0.4762900723871484
37.875	-0.4331646859480398
38.0	-0.38562034053340677
38.125	-0.3411642698365362
38.25	-0.2932420454164008
38.375	-0.24916258300425348
38.5	-0.20247201401735784
38.625	-0.16027722781193424
38.75	-0.11621094354991404
38.875	-0.07717703012466096
39.0	-0.03688419193162417
39.125	-0.002034918079379302
39.25	0.033593519612214746
39.375	0.06349591691138769
39.5	0.09383093776674772
39.625	0.11828437336362087
39.75	0.1429527459853106
39.875	0.16170467544174744
40.0	0.18057426149170627
40.125	0.1936032626873929
40.25	0.20676127314023435
40.375	0.21425234981154206
40.5	0.2219781038345997
40.625	0.22429327472508345
40.75	0.22702701967698316
40.875	0.2246727333746924
41.0	0.2229820361035911
41.125	0.21657488152929902
41.25	0.21112001201270192
41.375	0.2013520889950965
41.5	0.19285169783928416
41.625	0.18045688086142453
41.75	0.16965513086942396
41.875	0.1553773094234584
42.0	0.14301346478798663
42.125	0.12757768123324345
42.25	0.11435899037346797
42.375	0.09844622441232301
42.5	0.08502475707316133
42.625	0.06925092751672363
42.75	0.05620484581126666
42.875	0.04110441746133042
43.0	0.028923976423373295
43.125	0.014938375260824964
43.25	0.00401676416306988
43.375	-0.0085123789702396
43.5	-0.017883423871978367
43.625	-0.028716357868313037
43.75	-0.03634641049798914
43.875	-0.045342999236889545
44.0	-0.05113866986135382
44.125	-0.0582522489094376
44.25	-0.06220931596292685
44.375	-0.06747726678674079
44.5	-0.06966986263991821
44.625	-0.07320159710597818
44.75	-0.07376917674891621
44.875	-0.07573228841247234
45.0	-0.07486515605885415
45.125	-0.07547052257869648
45.25	-0.07339470056442335
45.375	-0.07288131245730868
45.5	-0.06984350943668076
45.625	-0.06846375526870563
45.75	-0.0647171286092533
45.875	-0.06272318863805112
46.0	-0.05851450309198356
46.125	-0.05614639726426729
46.25	-0.051705064246974096
46.375	-0.049180772880784866
46.5	-0.04471011923234693
46.625	-0.04221805342717566
46.75	-0.037889023532434556
46.875	-0.03558297578243536
47.0	-0.03153032493302631
47.125	-0.029526887101642352
47.25	-0.025847785366042608
47.375	-0.024226089173827247
47.5	-0.020980931416334014
47.625	-0.019784452947964055
47.75	-0.016999568374684422
47.875	-0.01623964841664936
48.0	-0.01391152685416903
48.125	-0.013572196931526724
48.25	-0.01167280178673596
48.375	-0.011716473397456049
48.5	-0.010199193715800005
48.625	-0.010572765274898805
48.75	-0.00937857034831608
48.875	-0.01001953066664775
49.0	-0.009082927296553881
49.125	-0.009925082302434602
49.25	-0.009179532675748649
49.375	-0.010158048527370095
49.5	-0.009540580216256636
49.625	-0.010596115080098705
49.75	-0.010050937806725136
49.875	-0.011132720134399338
50.0	-0.010613750373468827
50.125	-0.011681547312853613
50.25	-0.011153825553519195
50.375	-0.012178825494694288
50.5	-0.0116188867527435
50.625	-0.012583590105731528
50.75	-0.011978911771658628
50.875	-0.012876180195127039
51.0	-0.012223879448347524
51.125	-0.013055333478955728
51.25	-0.012360317548561945
51.375	-0.013134294850590622
51.5	-0.012407080953940086
51.625	-0.013136372453936881
51.75	-0.012390791139475192
51.875	-0.01309036153981135
52.0	-0.012341339321655924
52.125	-0.013026214275128598
52.25	-0.012287801638358608
52.375	-0.01297126929880212
52.5	-0.012255041711071649
52.625	-0.012947274963350009
52.75	-0.012261191065013444
52.875	-0.01296835212966504
53.0	-0.012316108403900952
53.125	-0.013039953220132119
53.25	-0.01242083152084392
53.375	-0.01315879047904216
53.5	-0.012567956701155472
53.625	-0.013313633507063242
53.75	-0.012742814674711755
53.875	-0.01348681828031689
54.0	-0.01292526292981549
54.125	-0.013656269705714921
54.25	-0.013091883413737064
54.375	-0.013797818449101393
54.5	-0.013218362722447296
54.625	-0.0138875899947082
54.75	-0.013281837845858955
54.875	-0.01390425805740893
55.0	-0.013263012231466245
55.125	-0.013830982929588526
55.25	-0.013147881297885524
55.375	-0.013656894699847792
55.5	-0.012928949905068248
55.625	-0.013378027683273643
55.75	-0.012605872718055432
55.875	-0.01299766187202454
56.0	-0.012185497948804696
56.125	-0.012526075925556653
56.25	-0.011681341976444218
56.375	-0.011979760753006595
56.5	-0.011112563689961549
56.625	-0.011380180277263409
56.75	-0.010502540606190585
56.875	-0.010752194429346185
57.0	-0.00987717220623453
57.125	-0.010122277527545433
57.25	-0.00926304864174233
57.375	-0.009516672492370426
57.5	-0.0086856249275662
57.625	-0.008959618151714229
57.75	-0.008167532631070897
57.875	-0.008471774200390712
58.0	-0.0077271441849311884
58.125	-0.008068947748848105
58.25	-0.007377481068155704
58.375	-0.007761198789421348
58.5	-0.007125528323305094
58.625	-0.0075523715312035234
58.75	-0.006971986475156602
58.875	-0.0074400666971635235
59.0	-0.0069114601615483965
59.125	-0.007416038761528253
59.25	-0.00693305281703691
59.375	-0.007466973751397208
59.5	-0.007021310439847445
59.625	-0.0075755793504294604
59.75	-0.007157436339295776
59.875	-0.00772190093549939
60.0	-0.007320683895928959
60.125	-0.007884765711468818
60.25	-0.007489826398019097
60.375	-0.00804325267649977
60.5	-0.007644602102484766
60.625	-0.00817808867753799
60.75	-0.007767038510882765
60.875	-0.008272879797235845
61.0	-0.007842571750327638
61.125	-0.008315101867870107
61.25	-0.007860893860663841
61.375	-0.008296792848474203
61.5	-0.00781648140655401
61.625	-0.008214911724810465
61.75	-0.007708781679483589
61.875	-0.008071351971048746
62.0	-0.007542056276862393
62.125	-0.007872620893231973
62.25	-0.007324904512685353
62.375	-0.007629217871562665
62.5	-0.007069509506677827
62.625	-0.00735476329914187
62.75	-0.006790666690793456
62.875	-0.0070649447758261786
63.0	-0.006504666898004153
63.125	-0.00677635704313223
63.25	-0.006228113504714385
63.375	-0.0065053167535681555
63.5	-0.005976754973329231
63.625	-0.006266732321162212
63.75	-0.0057644106264672324
63.875	-0.006073103012291467
64.0	-0.005602058960541729
64.125	-0.005933710649893563
64.25	-0.005497144965823873
64.375	-0.005854052647597166
64.5	-0.005453146713284011
64.625	-0.005835547620753652
64.75	-0.005469423040960463
64.875	-0.005875525752898847
65.0	-0.005541344787229133
65.125	-0.005967496719766106
65.25	-0.005660692973383482
65.375	-0.0061016695726749766
65.5	-0.005816289881540086
65.625	-0.006265682751633486
65.75	-0.005994814225106473
65.875	-0.006445489362698986
66.0	-0.006181740485912167
66.125	-0.006626333809497896
66.25	-0.0063623356549824305
66.375	-0.006793751330083284
66.5	-0.006522644425441478
66.625	-0.006934522163444806
66.75	-0.006650396391830663
66.875	-0.007037516840762065
67.0	-0.00673577574055075
67.125	-0.007094378045127517
67.25	-0.006772004708767688
67.375	-0.007099996916427197
67.5	-0.0067557059323162414
67.625	-0.0070527566792311725
67.75	-0.006687024692994721
67.875	-0.0069545329683926875
68.0	-0.006569508889768139
68.125	-0.00681045706585221
68.25	-0.006409761131727012
68.375	-0.006628464287645124
68.5	-0.006216892558257497
68.625	-0.006418663896022383
68.75	-0.006001820823511345
68.875	-0.006192578231689693
69.0	-0.0057764643113492956
69.125	-0.005962306551014968
69.25	-0.0055528904832785496
69.375	-0.005739672856269146
69.5	-0.005342477988433375
69.625	-0.005535416650354304
69.75	-0.005155149754508476
69.875	-0.005358481148748953
70.0	-0.00499872799056538
70.125	-0.005215445435286643
70.25	-0.004878452388603775
70.375	-0.00511013599279616
70.5	-0.004796690552603341
70.625	-0.005043439806805842
70.75	-0.004752855718750885
70.875	-0.005013326795337309
71.0	-0.004743532162848357
71.125	-0.005015074686616211
71.25	-0.004762794351232265
71.375	-0.005041675665200354
71.5	-0.004802692863387833
71.625	-0.005084392070189706
71.75	-0.004853869267066206
71.875	-0.005133418946694465
72.0	-0.004906254157870978
72.125	-0.005178604916754857
72.25	-0.004949797965233312
72.375	-0.0052101800101020885
72.5	-0.004975183111620185
72.625	-0.005219439886010244
72.75	-0.004974468672509457
72.875	-0.005199340140758356
73.0	-0.004941624554399801
73.125	-0.005144961748541541
73.25	-0.004872920897777303
73.375	-0.0050538185411084895
73.5	-0.0047671492501106996
73.625	-0.004925989248272922
73.75	-0.004625664237067966
73.875	-0.00476406915137492
74.0	-0.004452247113709935
74.125	-0.004572948956807209
74.25	-0.004252804816994012
74.375	-0.004359440211517221
74.5	-0.004034929133466915
74.625	-0.004131776671647368
74.75	-0.003807349618461323
74.875	-0.003899028847486612
75.0	-0.003579320385132511
75.125	-0.0036704740052314506
75.25	-0.0033599844449655946
75.375	-0.0034549659329906235
75.5	-0.0031577597569686466
75.625	-0.0032603477151247734
75.75	-0.002979788579190012
75.875	-0.0030929467587392425
76.0	-0.002831486367512384
76.125	-0.0029571847295899543
76.25	-0.00271621877177834
76.375	-0.002855326398709154
76.5	-0.0026351258245814182
76.625	-0.0027873813210477186
76.75	-0.0025871018944609533
76.875	-0.0027511614870297262
77.0	-0.0025689291270199364
77.125	-0.002742487359795556
77.25	-0.002575551672207748
77.375	-0.0027555247631836696
77.5	-0.002600468690606653
77.625	-0.002783226574253936
77.75	-0.0026362165501456363
77.875	-0.0028178466404854665
78.0	-0.0026749052373554495
78.125	-0.0028514891783582258
78.25	-0.0027087711239123053
78.375	-0.002876655340484867
78.5	-0.0027307079832892987
78.625	-0.0028867497034945054
78.75	-0.0027347404946988433
78.875	-0.002876512993377933
79.0	-0.002716409182259843
79.125	-0.0028423531275584835
79.25	-0.0026730424411204926
79.375	-0.0027825541732082416
79.5	-0.0026038995013555393
79.625	-0.0026973515518441803
79.75	-0.0025101772881978477
79.875	-0.0025888711461300603
80.0	-0.0023948835208284533
80.125	-0.0024609392470995558
80.25	-0.00226258741606507
80.375	-0.002318778895867863
80.5	-0.0021190674308090456
80.625	-0.0021686155625229198
80.75	-0.0019708820684592276
80.875	-0.0020172207967895975
81.0	-0.001824894480916551
81.125	-0.0018714261367395054
81.25	-0.0016877841441744013
81.375	-0.0017376409709129678
81.5	-0.0015655791450682405
81.625	-0.0016214071675007757
81.75	-0.001463240619958388
81.875	-0.0015270202157384686
82.0	-0.0013843268078529915
82.125	-0.0014572416158285422
82.25	-0.0013307583340595567
82.375	-0.0014131206748753445
82.5	-0.001302699146339902
82.625	-0.0013939361835894957
82.75	-0.0012985594873117711
82.875	-0.0013972601927304113
83.0	-0.0013151189537473444
83.125	-0.0014191378376999077
83.25	-0.001347759623614914
83.375	-0.0014543694245213088
83.5	-0.0013907919575286347
83.625	-0.0014968742951894693
83.75	-0.001437850172661997
83.875	-0.0015401107635155853
84.0	-0.0014823294237472564
84.125	-0.0015775229791584787
84.25	-0.001517834672518743
84.375	-0.0016029841387313873
84.5	-0.001538610720050246
84.625	-0.0016112060871200035
84.75	-0.0015399245141892895
84.875	-0.0015980879699747563
85.0	-0.0015183743924080562
85.125	-0.0015609810111472115
85.25	-0.0014721061187735114
85.375	-0.001498852381648891
85.5	-0.00140092205873897
85.625	-0.0014123380924696968
85.75	-0.0013062771627615727
85.875	-0.0013036824076054336
86.0	-0.0011911631035537724
86.125	-0.001176568929337988
86.25	-0.0010598894211265796
86.375	-0.0010358557457395253
86.5	-0.0009177773773045801
86.625	-0.0008872333756030255
86.75	-0.0007707879603502257
86.875	-0.0007368292848226182
87.0	-0.0006251097384287735
87.125	-0.0005907861584813992
87.25	-0.00048673476879234874
87.375	-0.0004548426801303935
87.5	-0.0003610513736350467
87.625	-0.0003339452041557241
87.75	-0.00025248126756713656
87.875	-0.00023191644574034097
88.0	-0.0001641853655105782
88.125	-0.00015120331766859215
88.25	-9.78578346253686e-5
88.375	-9.272058949533027e-5
88.5	-5.362190418103131e-5
88.625	-5.580050150187445e-5
88.75	-3.0034021620522773e-5
88.875	-3.825127422692677e-5
89.0	-2.4195605480663364e-5
89.125	-3.652009315471136e-5
89.25	-3.196438480724009e-5
89.375	-4.5949109112713985e-5
89.5	-4.825061393829661e-5
89.625	-6.110674332169995e-5
89.75	-6.737775371979422e-5
89.875	-7.617153683872223e-5
90.0	-8.348289288183066e-5
90.125	-8.534227010157474e-5
90.25	-9.092953093853848e-5
90.375	-8.324633114675868e-5
90.5	-8.470453061188347e-5
90.625	-6.53184452795139e-5
90.75	-6.0772127001073144e-5
90.875	-2.8123884358953298e-5
91.0	-1.6360779124687644e-5
91.125	3.0395982615414216e-5
91.25	4.983682469086477e-5
91.375	0.00011077270318857057
91.5	0.00013756444347107108
91.625	0.00021196485018071888
91.75	0.0002450106872090505
91.875	0.00033142066182267297
92.0	0.00036892491328942566
92.125	0.00046524530807353194
92.25	0.000504833099708471
92.375	0.0006084617769769536
92.5	0.0006473393786784105
92.625	0.0007553479900126846
92.75	0.0007904930517702727
92.875	0.0008998275138437524
93.0	0.0009281963768164143
93.125	0.001035887493671408
93.25	0.001054625526919463
93.375	0.00115799544548123
93.5	0.0011646360725173512
93.625	0.001261486454536262
93.75	0.0012541252104621516
93.875	0.0013428941510503667
94.0	0.0013203257108994242
94.125	0.0014002024616301726
94.25	0.0013620110039778176
94.375	0.0014330003376250295
94.5	0.0013795966968659476
94.625	0.0014425281009603126
94.75	0.0013751307175924672
94.875	0.0014316113060439102
95.0	0.001352171771011329
95.125	0.001404485612141517
95.25	0.0013155633690474624
95.375	0.0013665235908095286
95.5	0.0012711178552964272
95.625	0.0013238811579313159
95.75	0.0012252311004756868
95.875	0.0012830869597380335
96.0	0.001184453471074314
96.125	0.0012506021676994467
96.25	0.0011550459245541665
96.375	0.0012323804542869053
96.5	0.0011425514236067654
96.625	0.0012334582539011375
96.75	0.0011514111753305769
96.875	0.0012576037135026876
97.0	0.0011846525106573962
97.125	0.001307049094202718
97.25	0.001243670677751586
97.375	0.0013823260157601034
97.5	0.001328120711183643
97.625	0.0014822161787113011
97.75	0.001435928244573553
97.875	0.00160382248677909
98.0	0.0015634201315892684
98.125	0.001742757331513055
98.25	0.0017055675577044628
98.375	0.0018934367340948228
98.5	0.0018563265106272529
98.625	0.002049461612073557
98.75	0.0020090535665168046
98.875	0.0022040611649264473
99.0	0.0021569694229802423
99.125	0.002350568694425455
99.25	0.002293638868091546
99.375	0.0024828974418818588
99.5	0.002413434203023608
99.625	0.002595983453315289
99.75	0.0025119496866031
99.875	0.0026861641577978243
100.0	0.0025863373496523958
100.125	0.0027514651923623867
100.25	0.0026355393897018473
100.375	0.0027917738122250494
100.5	0.002660399015032289
100.625	0.0028088846317823393
100.75	0.002663639644021419
100.875	0.0028064119791035395
101.0	0.002649711262919995
101.125	0.0027895722553018007
101.25	0.0026245119123898156
101.375	0.002764848760326719
101.5	0.002595001089662727
101.625	0.002739559855727376
101.75	0.002568729706084873
101.875	0.0
102.0	0.0
102.125	0.0
102.25	0.0
102.375	0.0
102.5	0.0
102.625	0.0
102.75	0.0
102.875	0.0
103.0	0.0
103.125	0.0
103.25	0.0
103.375	0.0
103.5	0.0
103.625	0.0
103.75	0.0
103.875	0.0
104.0	0.0
104.125	0.0
104.25	0.0
104.375	0.0
104.5	0.0
104.625	0.0
104.75	0.0
104.875	0.0
105.0	0.0
105.125	0.0
105.25	0.0
