0.0	0.0
0.125	0.0
0.25	0.0
0.375	0.0
0.5	0.0
0.625	0.0
0.75	0.0
0.875	0.0
1.0	0.0
1.125	0.0
1.25	0.0
1.375	0.0
1.5	0.0
1.625	0.0
1.75	0.0
1.875	0.0
2.0	0.0
2.125	0.0
2.25	0.0
2.375	0.0
2.5	0.0
2.625	0.0
2.75	0.0
2.875	0.0
3.0	0.0
3.125	0.0
3.25	0.0
3.375	0.0
3.5	0.0
3.625	0.0
3.75	0.0
3.875	0.0
4.0	0.0
4.125	0.0
4.25	0.0
4.375	-0.8165665207398647
4.5	-1.1025346540271683
4.625	-1.406083693186647
4.75	-1.7221422246562257
4.875	-2.0448445669506503
5.0	-2.3676879367683403
5.125	-2.6837284860809514
5.25	-2.9858086189776345
5.375	-3.266805736690945
5.5	-3.51989081023111
5.625	-3.7387840924848157
5.75	-3.9179949617808876
5.875	-4.053033388516293
6.0	-4.14058182630213
6.125	-4.178618378016488
6.25	-4.16648474619485
6.375	-4.104895569173555
6.5	-3.9958890578116386
6.625	-3.8427221536221925
6.75	-3.6497165001987324
6.875	-3.4220641480841865
7.0	-3.165603927112041
7.125	-2.8865806975688817
7.25	-2.5914001681178354
7.375	-2.2863916415100087
7.5	-1.9775899753104407
7.625	-1.6705463331684844
7.75	-1.3701751027681013
7.875	-1.0806418467952834
8.0	-0.8052945218293591
8.125	-0.5466376316369137
8.25	-0.30634664221394386
8.375	-0.08531801241980039
8.5	0.11625131561820817
8.625	0.29876211218551263
8.75	0.46309634498017627
8.875	0.6104935078736515
9.0	0.7424268527083122
9.125	0.8604857266687096
9.25	0.966269099819546
9.375	1.061294094582183
9.5	1.146922004601118
9.625	1.2243030075454524
9.75	1.2943396116995778
9.875	1.357667886876497
10.0	1.414654752327644
10.125	1.4654090434668439
10.25	1.5098037524750905
10.375	1.5475067171346268
10.5	1.5780170882634723
10.625	1.6007051025571444
10.75	1.614852985142159
10.875	1.6196951658595609
11.0	1.6144563797092348
11.125	1.5983866048250726
11.25	1.5707921471764361
11.375	1.5310624932166088
11.5	1.478692809968541
11.625	1.413302172613109
11.75	1.3346477435608237
11.875	1.242635219046999
12.0	1.1373259068281063
12.125	1.018940810290083
12.25	0.8878620793179682
12.375	0.7446321553413328
12.5	0.5899508948354213
12.625	0.42467090870522156
12.75	0.24979130944436967
12.875	0.06645001733237027
13.0	-0.12408525653194465
13.125	-0.3204272577544825
13.25	-0.5210805908470533
13.375	-0.7244542089783047
13.5	-0.9288749258823044
13.625	-1.132601880474058
13.75	-1.3338418762020954
13.875	-1.5307655055125098
14.0	-1.7215239562366542
14.125	-1.9042663823311126
14.25	-2.0771577071099476
14.375	-2.2383967136570186
14.5	-2.386234265066753
14.625	-2.5189914869641354
14.75	-2.6350777367016005
14.875	-2.733008177921346
15.0	-2.8114207759231484
15.125	-2.8690925285427253
15.25	-2.904954749027324
15.375	-2.9181072216588686
15.5	-2.90783105755642
15.625	-2.8736000871004848
15.75	-2.8150906366530237
15.875	-2.732189550571347
16.0	-2.6250003347864355
16.125	-2.4938473152747016
16.25	-2.3392777234178794
16.375	-2.1620616403238624
16.5	-1.9631897534608729
16.625	-1.743868901213267
16.75	-1.5055154039608034
16.875	-1.2497462037640334
17.0	-0.9783678584474034
17.125	-0.6933634595419815
17.25	-0.39687756691107634
17.375	-0.0911992756628525
17.5	0.22125644711575387
17.625	0.5379689974539085
17.75	0.8563337636263039
17.875	1.1736849536939602
18.0	1.4873194098493205
18.125	1.7945211840319277
18.25	2.0925866376020994
18.375	2.378849818597363
18.5	2.650707863391571
18.625	2.905646165543874
18.75	3.141263053348889
18.875	3.355293719133391
19.0	3.545633147710471
19.125	3.7103577985873084
19.25	3.847745806482843
19.375	3.9562954773689643
19.5	4.034741872492731
19.625	4.082071290525903
19.75	4.097533477949435
19.875	4.080651419813795
20.0	4.0312285868942235
20.125	3.9493535407322184
20.25	3.8354018248486454
20.375	3.6900350982397816
20.5	3.514197495820572
20.625	3.3091092294432864
20.75	3.076257472171251
20.875	2.8173845972992244
21.0	2.5344738718575615
21.125	2.2297327316938054
21.25	1.9055737913784936
21.375	1.56459376682903
21.5	1.2095505113997664
21.625	0.8433383869802615
21.75	0.4689622101319856
21.875	0.0895100292569987
22.0	-0.2918749979606478
22.125	-0.6720233472293791
22.25	-1.047768203462109
22.375	-1.4159745784775402
22.5	-1.7735681782266053
22.625	-2.117563729238752
22.75	-2.445092479200332
22.875	-2.7534285949003428
23.0	-3.0400141921183064
23.125	-3.3024827462605195
23.25	-3.5386806495161016
23.375	-3.746686699813252
23.5	-3.9248293286888405
23.625	-4.071701399094367
23.75	-4.186172429877331
23.875	-4.267398130907485
24.0	-4.314827161253258
24.125	-4.328205052131993
24.25	-4.307575266226319
24.375	-4.253277395039591
24.5	-4.165942525916152
24.625	-4.046485839839597
24.75	-3.896096529813383
24.875	-3.7162251572019627
25.0	-3.5085685895610386
25.125	-3.275052687923364
25.25	-3.0178129339644095
25.375	-2.7391732077068807
25.5	-2.4416229442181843
25.625	-2.127792912924093
25.75	-1.8004298755500598
25.875	-1.4623703881871781
26.0	-1.1165140194762275
26.125	-0.7657962603585434
26.25	-0.4131614012419629
26.375	-0.0615356497935533
26.5	0.28619924304537625
26.625	0.6272315897319064
26.75	0.9588443576630381
26.875	1.2784385116486523
27.0	1.5835548896855949
27.125	1.8718944129234143
27.25	2.14133645121071
27.375	2.3899551878300653
27.5	2.61603385069313
27.625	2.8180767020862527
27.75	2.994818704729551
27.875	3.1452328081308214
28.0	3.2685348256681404
28.125	3.364185899210259
28.25	3.431892574074788
28.375	3.4716045324311575
28.5	3.4835100575904874
28.625	3.4680293247146774
28.75	3.4258056350668813
28.875	3.3576947307810148
29.0	3.26475234503854
29.125	3.148220158321999
29.25	3.009510344910421
29.375	2.850188904865537
29.5	2.671957985334137
29.625	2.476637400998239
29.75	2.2661455669101724
29.875	2.0424800577568636
30.0	1.807698005841115
30.125	1.5638965458144214
30.25	1.313193507543231
30.375	1.0577085495651941
30.5	0.7995449145482495
30.625	0.5407719751830032
30.75	0.2834087242200307
30.875	0.02940834613133147
31.0	-0.2193560096311824
31.125	-0.46110415233393875
31.25	-0.6941603884532914
31.375	-0.9169636125648095
31.5	-1.1280759082129241
31.625	-1.3261896362580574
31.75	-1.5101330077791144
31.875	-1.6788741575930546
32.0	-1.8315237525891528
32.125	-1.967336186126421
32.25	-2.0857094254888797
32.375	-2.186183593636987
32.5	-2.2684383790589466
32.625	-2.3322893782641314
32.75	-2.377683484250765
32.875	-2.4046934410302856
33.0	-2.413511688940579
33.125	-2.404443628001061
33.25	-2.377900426958244
33.375	-2.334391503976866
33.5	-2.2745168012172017
33.625	-2.1989589699026695
33.75	-2.1084755750521627
33.875	-2.003891419985146
34.0	-1.886091080186651
34.125	-1.7560117243489395
34.25	-1.6146362876118932
34.375	-1.4629870484466228
34.5	-1.3021196465209437
34.625	-1.133117564514909
34.75	-0.9570870824877146
34.875	-0.7751526993033687
35.0	-0.5884530020669434
35.125	-0.39813695176329034
35.25	-0.2053605415714159
35.375	-0.011283773878316144
35.5	0.1829321069551531
35.625	0.37612719633345154
35.75	0.5671454014192
35.875	0.754836882676242
36.0	0.9380605457720218
36.125	1.1156866640683971
36.25	1.286599709238971
36.375	1.449701462767021
36.5	1.6039144742592675
36.625	1.7481859237528885
36.75	1.8814919346299137
36.875	2.002842371554838
37.0	2.111286144221159
37.125	2.2059170228667906
37.25	2.285879955759311
37.375	2.350377862447834
37.5	2.3986788598355493
37.625	2.4301238613676044
37.75	2.444134473184521
37.875	2.440221095296907
38.0	2.41799112102682
38.125	2.3771571144605144
38.25	2.317544833779101
38.375	2.2391009583709423
38.5	2.1419003698501853
38.625	2.0261528317473987
38.75	1.8922089099026989
38.875	1.7405649756407324
39.0	1.5718671367585897
39.125	1.3869139472822394
39.25	1.1866577558648588
39.375	0.9722045645802361
39.5	0.7448122846216952
39.625	0.5058872929149006
39.75	0.25697921370185317
39.875	-0.0002261284856025032
40.0	-0.26391561365892796
40.125	-0.5321595921300768
40.25	-0.802924486908476
40.375	-1.0740871801348142
40.5	-1.3434511021465378
40.625	-1.6087639129396125
40.75	-1.867736637403524
40.875	-2.118064088238486
41.0	-2.357446384392711
41.125	-2.583611348650493
41.25	-2.794337546110139
41.375	-2.987477706140159
41.5	-3.1609822543852792
41.625	-3.3129226688639477
41.75	-3.441514365461606
41.875	-3.545138813431216
42.0	-3.6223645810581684
42.125	-3.6719670155605932
42.25	-3.692946269641542
42.375	-3.684543399879891
42.5	-3.646254279265024
42.625	-3.5778410874977626
42.75	-3.47934116797825
42.875	-3.3510730693937725
43.0	-3.1936396221554326
43.125	-3.007927935200291
43.25	-2.795106236410884
43.375	-2.556617519593303
43.5	-2.2941700020453286
43.625	-2.009724438653503
43.75	-1.7054783805743587
43.875	-1.3838475082605561
44.0	-1.0474442092635103
44.125	-0.6990536102636375
44.25	-0.34160730954774765
44.375	0.02184490990248049
44.5	0.38816507596329003
44.625	0.7541583940828003
44.75	1.1166056252333636
44.875	1.4722960974010892
45.0	1.8180609601066433
45.125	2.150806283855826
45.25	2.4675456041883876
45.375	2.765431513208589
45.5	3.04178591013599
45.625	3.294128536424595
45.75	3.5202034401967
45.875	3.7180030388804175
46.0	3.885789477709222
46.125	4.022113014751666
46.25	4.125827199940786
46.375	4.19610065566295
46.5	4.232425309293988
46.625	4.2346209730496795
46.75	4.202836213031304
46.875	4.13754549676059
47.0	4.039542656168079
47.125	3.909930750281637
47.25	3.75010845812417
47.375	3.561753176956727
47.5	3.346801043406621
47.625	3.107424134645446
47.75	2.846005143113586
47.875	2.5651098508561514
48.0	2.2674577579191952
48.125	1.955891243084703
48.25	1.6333436541839643
48.375	1.3028067390605296
48.5	0.9672978367510192
48.625	0.6298272514660548
48.75	0.29336622938807067
48.875	-0.03918404988217941
49.0	-0.36502206919103125
49.125	-0.6814737783036671
49.25	-0.9860182530321581
49.375	-1.2763108850721563
49.5	-1.55020381361738
49.625	-1.8057633495608196
49.75	-2.041284187196187
49.875	-2.255300246378629
50.0	-2.446592039589766
50.125	-2.6141905127005947
50.25	-2.7573773647745177
50.375	-2.875681910251731
50.5	-2.9688746054667203
50.625	-3.0369574197433327
50.75	-3.080151288273578
50.875	-3.0988809385238922
51.0	-3.0937574328672945
51.125	-3.0655588163032066
51.25	-3.015209298262868
51.375	-2.943757430372083
51.5	-2.852353766453404
51.625	-2.742228505867733
51.75	-2.614669625506653
51.875	-2.471001998497916
52.0	-2.3125679783317774
52.125	-2.1407098952644366
52.25	-1.9567548674167086
52.375	-1.7620022722113562
52.5	-1.557714155306574
52.625	-1.3451087750101627
52.75	-1.1253573917348372
52.875	-0.899584316227166
53.0	-0.6688701293109829
53.125	-0.43425788233329665
53.25	-0.19676198429635816
53.375	0.04262061804464949
53.5	0.28289745373741454
53.625	0.523066304193721
53.75	0.7621003813753999
53.875	0.9989335989062627
54.0	1.2324466606993554
54.125	1.4614547032091925
54.25	1.6846972153573505
54.375	1.9008309233931784
54.5	2.1084262660607584
54.625	2.3059679989097654
54.75	2.4918603567557236
54.875	2.664437072411128
55.0	2.8219764009997714
55.125	2.9627211363868815
55.25	3.084903434197977
55.375	3.186774079859465
55.5	3.266635665825968
55.625	3.3228789756788553
55.75	3.354021720160888
55.875	3.3587486373593283
56.0	3.335951861675604
56.125	3.2847703888133424
56.25	3.204627420833642
56.375	3.095264369396341
56.5	2.956770328473514
56.625	2.7896059006252
56.75	2.594620372527048
56.875	2.373061383592328
57.0	2.1265764126236317
57.125	1.8572056165643278
57.25	1.5673657865567574
57.375	1.259825432656405
57.5	0.937671261982728
57.625	0.6042665676361667
57.75	0.2632022890432131
57.875	-0.08175826968341315
58.0	-0.426739876008619
58.125	-0.7678196038784046
58.25	-1.1010933807956997
58.375	-1.4227432730007612
58.5	-1.729103893278829
58.625	-2.0167263224389798
58.75	-2.282437990056446
58.875	-2.5233970610899963
59.0	-2.737140019317087
59.125	-2.9216213215309446
59.25	-3.075244212158835
59.375	-3.1968820293443168
59.5	-3.2858895927161846
59.625	-3.3421045316375957
59.75	-3.365838682063569
59.875	-3.357859941698244
60.0	-3.3193652188017917
60.125	-3.2519453323030083
60.25	-3.157542913322816
60.375	-3.0384045154564343
60.5	-2.897028259168446
60.625	-2.73610841182502
60.75	-2.5584783381028915
60.875	-2.3670532461327176
61.0	-2.1647741045267783
61.125	-1.954554017480245
61.25	-1.7392282236367527
61.375	-1.5215087345344778
61.5	-1.3039444560851905
61.625	-1.0888874480540123
61.75	-0.878465778506374
61.875	-0.6745632292642908
62.0	-0.4788059109178104
62.125	-0.29255565776678183
62.25	-0.1169098994835115
62.375	0.04729244823454131
62.5	0.19945966363072784
62.625	0.339231165700142
62.75	0.4664575038080308
62.875	0.5811772182968701
63.0	0.6835914252679369
63.125	0.7740369776805835
63.25	0.8529590297469395
63.375	0.9208837848721182
63.5	0.9783921421564015
63.625	1.0260948761444229
63.75	1.064609892689533
63.875	1.0945420041748752
64.0	1.1164655635020482
64.125	1.1309101916434596
64.25	1.1383497312878104
64.375	1.1391944619554324
64.5	1.133786522260959
64.625	1.1223984046315139
64.75	1.1052343181455009
64.875	1.0824341571592697
65.0	1.0540797674983169
65.125	1.020203168245508
65.25	0.9807963652242322
65.375	0.9358223814913214
65.5	0.8852271296041704
65.625	0.8289517589918646
65.75	0.7669451281892836
65.875	0.6991760746579669
66.0	0.6256451830696538
66.125	0.5463957849467983
66.25	0.4615239571873997
66.375	0.37118732309783864
66.5	0.27561249609436134
66.625	0.1751010423262948
66.75	0.07003387339321182
66.875	-0.039125986510391904
67.0	-0.15183228371601262
67.125	-0.2674560646768621
67.25	-0.3852878224249426
67.375	-0.5045412071856404
67.5	-0.6243582280679477
67.625	-0.7438158549952718
67.75	-0.8619339147753399
67.875	-0.9776841622569424
68.0	-1.0900003966983551
68.125	-1.1977894845857011
68.25	-1.2999431430072252
68.375	-1.3953503321435143
68.5	-1.4829101013340462
68.625	-1.5615447304081238
68.75	-1.6302130064393072
68.875	-1.687923475734989
69.0	-1.7337475116763226
69.125	-1.7668320409659624
69.25	-1.7864117739308674
69.375	-1.791820788784521
69.5	-1.7825033252053233
69.625	-1.7580236492648393
69.75	-1.7180748596668178
69.875	-1.6624865144517447
70.0	-1.591230967786634
70.125	-1.504428318180549
70.25	-1.402349882411699
70.375	-1.2854201235629596
70.5	-1.1542169767634052
70.625	-1.0094705324165805
70.75	-0.8520600537378124
70.875	-0.6830093231703483
71.0	-0.5034803305335392
71.125	-0.3147653343852131
71.25	-0.11827734684867527
71.375	0.0844608891558015
71.5	0.2918293429549653
71.625	0.5021244542809572
71.75	0.7135740843229929
71.875	0.9243535213983881
72.0	1.1326023881590337
72.125	1.3364422838917323
72.25	1.533994983777945
72.375	1.7234010071293002
72.5	1.9028383587846656
72.625	2.070541242178797
72.75	2.2248185391959523
72.875	2.3640718508904452
73.0	2.4868128945508343
73.125	2.591680056437102
73.25	2.6774539058235556
73.375	2.743071484703862
73.5	2.787639198586412
73.625	2.810444147132174
73.75	2.81096374882947
73.875	2.7888735313023716
74.0	2.7440529780219416
74.125	2.676589342918646
74.25	2.586779366442977
74.375	2.4751288497317057
74.5	2.3423500674349524
74.625	2.189357024157919
74.75	2.017258584070223
74.875	1.8273495277365757
75.0	1.6210996143142757
75.125	1.4001407506493322
75.25	1.1662523911802918
75.375	0.9213453136486591
75.5	0.6674439351367619
75.625	0.40666735066315945
75.75	0.14120929222008266
75.875	-0.1266827804611234
76.0	-0.39472923517060543
76.125	-0.6606402378870414
76.25	-0.9221379025614297
76.375	-1.1769783808504068
76.5	-1.4229736525857133
76.625	-1.6580127805739655
76.75	-1.8800823989465303
76.875	-2.0872862126725247
77.0	-2.2778632969016424
77.125	-2.4502049983962206
77.25	-2.6028702572700233
77.375	-2.734599185388478
77.5	-2.8443247578701127
77.625	-2.931182495919616
77.75	-2.9945180424440276
77.875	-3.0338925562666534
78.0	-3.049085875955481
78.125	-3.040097430005899
78.25	-3.007144896042397
78.375	-2.9506606375038364
78.5	-2.8712859716307126
78.625	-2.7698633471633447
78.75	-2.6474265336805574
78.875	-2.505188946668325
79.0	-2.344530252930939
79.125	-2.1669814195944745
79.25	-1.9742083864725726
79.375	-1.7679945557732655
79.5	-1.5502223048501007
79.625	-1.3228537368079092
79.75	-1.0879108901632595
79.875	-0.847455632362281
80.0	-0.603569462753126
80.125	-0.35833344859710453
80.25	-0.1138085129365164
80.375	0.12798371430895047
80.5	0.365079280644511
80.625	0.5955893417395131
80.75	0.8177164642720698
80.875	1.0297696431951835
81.0	1.2301778941578276
81.125	1.417502301748646
81.25	1.5904464253951909
81.375	1.747864986852086
81.5	1.8887707859430158
81.625	2.0123398142618774
81.75	2.117914559576656
81.875	2.2050055163910733
82.0	2.2732909401990025
82.125	2.322614904107529
82.25	2.3529837364249886
82.375	2.3645609362370146
82.5	2.3576606806849374
82.625	2.3327400523934845
82.75	2.290390128080959
82.875	2.2313260796650196
83.0	2.156376447028771
83.125	2.0664717469480984
83.25	1.9626325854548452
83.375	1.8459574411118465
83.5	1.717610284338052
83.625	1.578808193113433
83.75	1.4308091182268823
83.875	1.2748999418494391
84.0	1.1123849618067891
84.125	0.9445749207000503
84.25	0.7727766842326815
84.375	0.5982836570110344
84.5	0.42236700699271046
84.625	0.24626775197170342
84.75	0.07118974333194442
84.875	-0.101706435892681
85.0	-0.2713086595184884
85.125	-0.43655755142018526
85.25	-0.5964499179421491
85.375	-0.7500413691118629
85.5	-0.8964481918417601
85.625	-1.0348485501149702
85.75	-1.1644830969660902
85.875	-1.284655090697296
86.0	-1.3947301130732832
86.125	-1.49413549010762
86.25	-1.5823595164373663
86.375	-1.6589505821718977
86.5	-1.723516296538686
86.625	-1.7757226957270122
86.75	-1.8152936131882578
86.875	-1.8420102794801103
87.0	-1.8557112057717662
87.125	-1.8562923906345514
87.25	-1.8437078740360142
87.375	-1.8179706458788025
87.5	-1.7791538993447213
87.625	-1.7273926021050274
87.75	-1.6628853415368516
87.875	-1.5858963838419822
88.0	-1.4967578717929104
88.125	-1.395872072114656
88.25	-1.2837135716078398
88.375	-1.160831311362876
88.5	-1.0278503410974482
88.625	-0.8854731710237921
88.75	-0.7344805969135724
88.875	-0.5757318753247228
89.0	-0.41016413036357346
89.125	-0.23879088090132403
89.25	-0.06269958779215823
89.375	0.11695186575790804
89.5	0.298939831134652
89.625	0.481980740105096
89.75	0.6647381698226359
89.875	0.8458311343899417
90.0	1.0238435858401462
90.125	1.197335081928814
90.25	1.3648525521628587
90.375	1.524943067556675
90.5	1.6761674942303368
90.625	1.81711488669891
90.75	1.9464174540752328
90.875	2.0627659119457897
91.0	2.1649250148649664
91.125	2.251749049702134
91.25	2.3221970588663985
91.375	2.3753475550674743
91.5	2.4104124860226332
91.625	2.426750208585174
91.75	2.423877237268884
91.875	2.401478542106062
92.0	2.3594161851492066
92.125	2.29773610356405
92.25	2.216672869932156
92.375	2.1166522867699773
92.5	1.9982917019800437
92.625	1.8623979645124962
92.75	1.7099629743935478
92.875	1.5421568178857525
93.0	1.3603185162449931
93.125	1.1659444546658302
93.25	0.9606745958744387
93.375	0.746276619739678
93.5	0.5246281655488562
93.625	0.2976973865634798
93.75	0.06752205651058082
93.875	-0.16381250581356646
94.0	-0.3941964051615983
94.125	-0.6215187250137103
94.25	-0.8436913495153155
94.375	-1.0586727243807688
94.5	-1.2644912263077
94.625	-1.4592678132117718
94.75	-1.6412376357701113
94.875	-1.8087703042428882
95.0	-1.9603885231205722
95.125	-2.094784829507431
95.25	-2.210836198912743
95.375	-2.3076163137961974
95.5	-2.3844053252608126
95.625	-2.4406969760887276
95.75	-2.4762029932172456
95.875	-2.490854699052751
96.0	-2.484801833002174
96.125	-2.4584086165329175
96.25	-2.41224713623077
96.375	-2.3470881590043264
96.5	-2.263889531112105
96.625	-2.1637823474365026
96.75	-2.048055108827079
96.875	-1.9181361128793117
97.0	-1.7755743467785048
97.125	-1.62201916947488
97.25	-1.4591990842130518
97.375	-1.2888999111500359
97.5	-1.1129426733963321
97.625	-0.9331615083243499
97.75	-0.7513819095296189
97.875	-0.5693995936027311
98.0	-0.38896027016358514
98.125	-0.2117405737866899
98.25	-0.039330392932212875
98.375	0.126783195716238
98.5	0.2852302084939794
98.625	0.4347701040521432
98.75	0.5743020861866378
98.875	0.7028732795858903
99.0	0.8196847321034377
99.125	0.9240952310932806
99.25	1.0156229544279585
99.375	1.093945008509397
99.5	1.1588949353920768
99.625	1.2104582986172612
99.75	1.2487664821222644
99.875	1.2740888583115786
100.0	1.2868234997979922
100.125	1.2874866242520264
100.25	1.2767009731136558
100.375	1.2551833325723138
100.5	1.223731409223835
100.625	1.183210273249193
100.75	1.1345385789705
100.875	1.0786747664231882
101.0	1.016603438386395
101.125	0.9493220954263342
101.25	0.8778283972553442
101.375	0.8031081024450686
101.5	0.7261238206285597
101.625	0.647804692167858
101.75	0.5690370902380021
101.875	0.0
102.0	0.0
102.125	0.0
102.25	0.0
102.375	0.0
102.5	0.0
102.625	0.0
102.75	0.0
102.875	0.0
103.0	0.0
103.125	0.0
103.25	0.0
103.375	0.0
103.5	0.0
103.625	0.0
103.75	0.0
103.875	0.0
104.0	0.0
104.125	0.0
104.25	0.0
104.375	0.0
104.5	0.0
104.625	0.0
104.75	0.0
104.875	0.0
105.0	0.0
105.125	0.0
105.25	0.0
