-150.75	0.0	2.0e-6
-150.625	0.0	2.0e-6
-150.5	0.0	2.0e-6
-150.375	0.0	2.0e-6
-150.25	0.0	2.0e-6
-150.125	0.0	2.0e-6
-150.0	0.0	2.0e-6
-149.875	0.0	2.0e-6
-149.75	0.0	2.0e-6
-149.625	0.0	2.0e-6
-149.5	0.0	2.0e-6
-149.375	0.0	2.0e-6
-149.25	0.0	2.0e-6
-149.125	0.0	2.0e-6
-149.0	0.0	1.0e-6
-148.875	0.0	1.0e-6
-148.75	0.0	1.0e-6
-148.625	0.0	1.0e-6
-148.5	0.0	1.0e-6
-148.375	0.0	1.0e-6
-148.25	0.0	1.0e-6
-148.125	0.0	1.0e-6
-148.0	0.0	1.0e-6
-147.875	0.0	1.0e-6
-147.75	0.0	1.0e-6
-147.625	0.0	0.0
-147.5	0.0	0.0
-147.375	0.0	0.0
-147.25	0.0	0.0
-147.125	0.0	0.0
-147.0	0.0	0.0
-146.875	0.0	0.0
-146.75	0.0	0.0
-146.625	0.0	0.0
-146.5	0.0	0.0
-146.375	0.0	0.0
-146.25	0.0	0.0
-146.125	0.0	0.0
-146.0	0.0	0.0
-145.875	0.0	0.0
-145.75	0.0	0.0
-145.625	0.0	0.0
-145.5	0.0	0.0
-145.375	0.0	0.0
-145.25	0.0	0.0
-145.125	0.0	0.0
-145.0	0.0	0.0
-144.875	0.0	0.0
-144.75	0.0	0.0
-144.625	0.0	0.0
-144.5	0.0	0.0
-144.375	0.0	0.0
-144.25	0.0	0.0
-144.125	0.0	0.0
-144.0	0.0	0.0
-143.875	0.0	0.0
-143.75	0.0	0.0
-143.625	0.0	0.0
-143.5	0.0	0.0
-143.375	0.0	0.0
-143.25	0.0	0.0
-143.125	0.0	0.0
-143.0	0.0	0.0
-142.875	0.0	0.0
-142.75	0.0	0.0
-142.625	0.0	0.0
-142.5	0.0	0.0
-142.375	0.0	0.0
-142.25	0.0	0.0
-142.125	0.0	0.0
-142.0	0.0	0.0
-141.875	0.0	0.0
-141.75	0.0	0.0
-141.625	0.0	0.0
-141.5	0.0	0.0
-141.375	0.0	0.0
-141.25	0.0	0.0
-141.125	0.0	0.0
-141.0	0.0	0.0
-140.875	0.0	0.0
-140.75	0.0	0.0
-140.625	0.0	0.0
-140.5	0.0	0.0
-140.375	0.0	0.0
-140.25	0.0	0.0
-140.125	0.0	0.0
-140.0	0.0	0.0
-139.875	0.0	0.0
-139.75	0.0	0.0
-139.625	0.0	0.0
-139.5	0.0	0.0
-139.375	0.0	0.0
-139.25	0.0	0.0
-139.125	0.0	0.0
-139.0	0.0	0.0
-138.875	0.0	0.0
-138.75	0.0	0.0
-138.625	0.0	0.0
-138.5	0.0	0.0
-138.375	0.0	0.0
-138.25	0.0	0.0
-138.125	0.0	0.0
-138.0	0.0	0.0
-137.875	0.0	0.0
-137.75	0.0	0.0
-137.625	0.0	0.0
-137.5	0.0	0.0
-137.375	0.0	0.0
-137.25	0.0	0.0
-137.125	0.0	0.0
-137.0	0.0	0.0
-136.875	0.0	0.0
-136.75	0.0	0.0
-136.625	0.0	0.0
-136.5	0.0	0.0
-136.375	0.0	0.0
-136.25	0.0	0.0
-136.125	0.0	0.0
-136.0	0.0	0.0
-135.875	0.0	0.0
-135.75	0.0	0.0
-135.625	0.0	0.0
-135.5	0.0	0.0
-135.375	0.0	0.0
-135.25	0.0	0.0
-135.125	0.0	0.0
-135.0	0.0	0.0
-134.875	0.0	0.0
-134.75	0.0	0.0
-134.625	0.0	0.0
-134.5	0.0	0.0
-134.375	0.0	0.0
-134.25	0.0	0.0
-134.125	0.0	0.0
-134.0	0.0	0.0
-133.875	0.0	0.0
-133.75	0.0	0.0
-133.625	0.0	0.0
-133.5	0.0	0.0
-133.375	0.0	0.0
-133.25	0.0	0.0
-133.125	0.0	0.0
-133.0	0.0	0.0
-132.875	0.0	0.0
-132.75	0.0	0.0
-132.625	0.0	0.0
-132.5	0.0	0.0
-132.375	0.0	0.0
-132.25	0.0	0.0
-132.125	0.0	0.0
-132.0	0.0	0.0
-131.875	0.0	0.0
-131.75	0.0	0.0
-131.625	0.0	0.0
-131.5	0.0	0.0
-131.375	0.0	0.0
-131.25	0.0	0.0
-131.125	0.0	0.0
-131.0	0.0	0.0
-130.875	0.0	0.0
-130.75	0.0	0.0
-130.625	0.0	0.0
-130.5	0.0	0.0
-130.375	0.0	0.0
-130.25	0.0	0.0
-130.125	0.0	0.0
-130.0	0.0	0.0
-129.875	0.0	0.0
-129.75	0.0	0.0
-129.625	0.0	0.0
-129.5	0.0	0.0
-129.375	0.0	0.0
-129.25	0.0	0.0
-129.125	0.0	0.0
-129.0	0.0	0.0
-128.875	0.0	0.0
-128.75	0.0	0.0
-128.625	0.0	0.0
-128.5	0.0	0.0
-128.375	0.0	0.0
-128.25	0.0	0.0
-128.125	0.0	0.0
-128.0	0.0	0.0
-127.875	0.0	0.0
-127.75	0.0	0.0
-127.625	0.0	0.0
-127.5	0.0	0.0
-127.375	0.0	0.0
-127.25	0.0	0.0
-127.125	0.0	0.0
-127.0	0.0	0.0
-126.875	0.0	0.0
-126.75	0.0	0.0
-126.625	0.0	0.0
-126.5	0.0	0.0
-126.375	0.0	0.0
-126.25	0.0	0.0
-126.125	0.0	0.0
-126.0	0.0	0.0
-125.875	0.0	0.0
-125.75	0.0	0.0
-125.625	0.0	0.0
-125.5	0.0	0.0
-125.375	0.0	0.0
-125.25	0.0	0.0
-125.125	0.0	0.0
-125.0	0.0	0.0
-124.875	0.0	0.0
-124.75	0.0	0.0
-124.625	0.0	0.0
-124.5	0.0	0.0
-124.375	0.0	0.0
-124.25	0.0	0.0
-124.125	0.0	0.0
-124.0	0.0	0.0
-123.875	0.0	0.0
-123.75	0.0	0.0
-123.625	0.0	0.0
-123.5	0.0	0.0
-123.375	0.0	0.0
-123.25	0.0	0.0
-123.125	0.0	0.0
-123.0	0.0	0.0
-122.875	0.0	0.0
-122.75	0.0	0.0
-122.625	0.0	0.0
-122.5	0.0	0.0
-122.375	0.0	0.0
-122.25	0.0	0.0
-122.125	0.0	0.0
-122.0	0.0	0.0
-121.875	0.0	0.0
-121.75	0.0	0.0
-121.625	0.0	0.0
-121.5	0.0	0.0
-121.375	0.0	0.0
-121.25	0.0	0.0
-121.125	0.0	0.0
-121.0	0.0	0.0
-120.875	0.0	0.0
-120.75	0.0	0.0
-120.625	0.0	0.0
-120.5	0.0	0.0
-120.375	0.0	0.0
-120.25	0.0	0.0
-120.125	0.0	0.0
-120.0	0.0	0.0
-119.875	0.0	0.0
-119.75	0.0	0.0
-119.625	0.0	0.0
-119.5	0.0	0.0
-119.375	0.0	0.0
-119.25	0.0	0.0
-119.125	0.0	0.0
-119.0	0.0	0.0
-118.875	0.0	0.0
-118.75	0.0	0.0
-118.625	0.0	0.0
-118.5	0.0	0.0
-118.375	0.0	0.0
-118.25	0.0	0.0
-118.125	0.0	0.0
-118.0	0.0	0.0
-117.875	0.0	0.0
-117.75	0.0	0.0
-117.625	0.0	0.0
-117.5	0.0	0.0
-117.375	0.0	0.0
-117.25	0.0	0.0
-117.125	0.0	0.0
-117.0	0.0	0.0
-116.875	0.0	0.0
-116.75	0.0	0.0
-116.625	0.0	0.0
-116.5	0.0	0.0
-116.375	0.0	0.0
-116.25	0.0	0.0
-116.125	0.0	0.0
-116.0	0.0	0.0
-115.875	0.0	0.0
-115.75	0.0	0.0
-115.625	0.0	0.0
-115.5	0.0	0.0
-115.375	0.0	0.0
-115.25	0.0	0.0
-115.125	0.0	0.0
-115.0	0.0	0.0
-114.875	0.0	0.0
-114.75	0.0	0.0
-114.625	0.0	0.0
-114.5	0.0	0.0
-114.375	0.0	0.0
-114.25	0.0	0.0
-114.125	0.0	0.0
-114.0	0.0	0.0
-113.875	0.0	0.0
-113.75	0.0	0.0
-113.625	0.0	0.0
-113.5	0.0	0.0
-113.375	0.0	0.0
-113.25	0.0	0.0
-113.125	0.0	0.0
-113.0	0.0	0.0
-112.875	0.0	0.0
-112.75	0.0	0.0
-112.625	0.0	0.0
-112.5	0.0	0.0
-112.375	0.0	0.0
-112.25	0.0	0.0
-112.125	0.0	0.0
-112.0	0.0	0.0
-111.875	0.0	0.0
-111.75	0.0	0.0
-111.625	0.0	0.0
-111.5	0.0	0.0
-111.375	0.0	0.0
-111.25	0.0	0.0
-111.125	0.0	0.0
-111.0	0.0	0.0
-110.875	0.0	0.0
-110.75	0.0	0.0
-110.625	0.0	0.0
-110.5	0.0	0.0
-110.375	0.0	0.0
-110.25	0.0	0.0
-110.125	0.0	0.0
-110.0	0.0	0.0
-109.875	0.0	0.0
-109.75	0.0	0.0
-109.625	0.0	0.0
-109.5	0.0	0.0
-109.375	0.0	0.0
-109.25	0.0	0.0
-109.125	0.0	0.0
-109.0	0.0	0.0
-108.875	0.0	0.0
-108.75	0.0	0.0
-108.625	0.0	0.0
-108.5	0.0	0.0
-108.375	0.0	0.0
-108.25	0.0	0.0
-108.125	0.0	0.0
-108.0	0.0	0.0
-107.875	0.0	0.0
-107.75	0.0	0.0
-107.625	0.0	0.0
-107.5	0.0	0.0
-107.375	0.0	0.0
-107.25	0.0	0.0
-107.125	0.0	0.0
-107.0	0.0	0.0
-106.875	0.0	0.0
-106.75	0.0	0.0
-106.625	0.0	0.0
-106.5	0.0	0.0
-106.375	0.0	0.0
-106.25	0.0	0.0
-106.125	0.0	0.0
-106.0	0.0	0.0
-105.875	0.0	0.0
-105.75	0.0	0.0
-105.625	0.0	0.0
-105.5	0.0	0.0
-105.375	0.0	0.0
-105.25	0.0	0.0
-105.125	0.0	0.0
-105.0	0.0	0.0
-104.875	0.0	0.0
-104.75	0.0	0.0
-104.625	0.0	0.0
-104.5	0.0	0.0
-104.375	0.0	0.0
-104.25	0.0	0.0
-104.125	0.0	0.0
-104.0	0.0	0.0
-103.875	0.0	0.0
-103.75	0.0	0.0
-103.625	0.0	0.0
-103.5	0.0	0.0
-103.375	0.0	0.0
-103.25	0.0	0.0
-103.125	0.0	0.0
-103.0	0.0	0.0
-102.875	0.0	0.0
-102.75	0.0	0.0
-102.625	0.0	0.0
-102.5	0.0	0.0
-102.375	0.0	0.0
-102.25	0.0	0.0
-102.125	0.0	0.0
-102.0	0.0	0.0
-101.875	0.0	0.0
-101.75	0.0	0.0
-101.625	0.0	0.0
-101.5	0.0	0.0
-101.375	0.0	0.0
-101.25	0.0	0.0
-101.125	0.0	0.0
-101.0	0.0	0.0
-100.875	0.0	0.0
-100.75	0.0	0.0
-100.625	0.0	0.0
-100.5	0.0	0.0
-100.375	0.0	0.0
-100.25	0.0	0.0
-100.125	0.0	0.0
-100.0	0.0	0.0
-99.875	0.0	0.0
-99.75	0.0	0.0
-99.625	0.0	0.0
-99.5	0.0	0.0
-99.375	0.0	0.0
-99.25	0.0	0.0
-99.125	0.0	0.0
-99.0	0.0	0.0
-98.875	0.0	0.0
-98.75	0.0	0.0
-98.625	0.0	0.0
-98.5	0.0	0.0
-98.375	0.0	0.0
-98.25	0.0	0.0
-98.125	0.0	0.0
-98.0	0.0	0.0
-97.875	0.0	0.0
-97.75	0.0	0.0
-97.625	0.0	0.0
-97.5	0.0	0.0
-97.375	0.0	0.0
-97.25	0.0	0.0
-97.125	0.0	0.0
-97.0	0.0	0.0
-96.875	0.0	0.0
-96.75	0.0	0.0
-96.625	0.0	0.0
-96.5	0.0	0.0
-96.375	0.0	0.0
-96.25	0.0	0.0
-96.125	0.0	0.0
-96.0	0.0	0.0
-95.875	0.0	0.0
-95.75	0.0	0.0
-95.625	0.0	0.0
-95.5	0.0	0.0
-95.375	0.0	0.0
-95.25	0.0	0.0
-95.125	0.0	0.0
-95.0	0.0	0.0
-94.875	0.0	0.0
-94.75	0.0	0.0
-94.625	0.0	0.0
-94.5	0.0	0.0
-94.375	0.0	0.0
-94.25	0.0	0.0
-94.125	0.0	0.0
-94.0	0.0	0.0
-93.875	0.0	0.0
-93.75	0.0	0.0
-93.625	0.0	0.0
-93.5	0.0	0.0
-93.375	0.0	0.0
-93.25	0.0	0.0
-93.125	0.0	0.0
-93.0	0.0	0.0
-92.875	0.0	0.0
-92.75	0.0	0.0
-92.625	0.0	0.0
-92.5	0.0	0.0
-92.375	0.0	0.0
-92.25	0.0	0.0
-92.125	0.0	0.0
-92.0	0.0	0.0
-91.875	0.0	0.0
-91.75	0.0	0.0
-91.625	0.0	0.0
-91.5	0.0	0.0
-91.375	0.0	0.0
-91.25	0.0	0.0
-91.125	0.0	0.0
-91.0	0.0	0.0
-90.875	0.0	0.0
-90.75	0.0	0.0
-90.625	0.0	0.0
-90.5	0.0	0.0
-90.375	0.0	0.0
-90.25	0.0	0.0
-90.125	0.0	0.0
-90.0	0.0	0.0
-89.875	0.0	0.0
-89.75	0.0	0.0
-89.625	0.0	0.0
-89.5	0.0	0.0
-89.375	0.0	0.0
-89.25	0.0	0.0
-89.125	0.0	0.0
-89.0	0.0	0.0
-88.875	0.0	0.0
-88.75	0.0	0.0
-88.625	0.0	0.0
-88.5	0.0	0.0
-88.375	0.0	0.0
-88.25	0.0	0.0
-88.125	0.0	0.0
-88.0	0.0	0.0
-87.875	0.0	0.0
-87.75	0.0	0.0
-87.625	0.0	0.0
-87.5	0.0	0.0
-87.375	0.0	0.0
-87.25	0.0	0.0
-87.125	0.0	0.0
-87.0	0.0	0.0
-86.875	0.0	0.0
-86.75	0.0	0.0
-86.625	0.0	0.0
-86.5	0.0	0.0
-86.375	0.0	0.0
-86.25	0.0	0.0
-86.125	0.0	0.0
-86.0	0.0	0.0
-85.875	0.0	0.0
-85.75	0.0	0.0
-85.625	0.0	0.0
-85.5	0.0	0.0
-85.375	0.0	0.0
-85.25	0.0	0.0
-85.125	0.0	0.0
-85.0	0.0	0.0
-84.875	0.0	0.0
-84.75	0.0	0.0
-84.625	0.0	0.0
-84.5	0.0	0.0
-84.375	0.0	0.0
-84.25	0.0	0.0
-84.125	0.0	0.0
-84.0	0.0	0.0
-83.875	0.0	0.0
-83.75	0.0	0.0
-83.625	0.0	0.0
-83.5	0.0	0.0
-83.375	0.0	0.0
-83.25	0.0	0.0
-83.125	0.0	0.0
-83.0	0.0	0.0
-82.875	0.0	0.0
-82.75	0.0	0.0
-82.625	0.0	0.0
-82.5	0.0	0.0
-82.375	0.0	0.0
-82.25	0.0	0.0
-82.125	0.0	0.0
-82.0	0.0	0.0
-81.875	0.0	0.0
-81.75	0.0	0.0
-81.625	0.0	0.0
-81.5	0.0	0.0
-81.375	0.0	0.0
-81.25	0.0	0.0
-81.125	0.0	0.0
-81.0	0.0	0.0
-80.875	0.0	0.0
-80.75	0.0	0.0
-80.625	0.0	0.0
-80.5	0.0	0.0
-80.375	0.0	0.0
-80.25	0.0	0.0
-80.125	0.0	0.0
-80.0	0.0	0.0
-79.875	0.0	0.0
-79.75	0.0	0.0
-79.625	0.0	0.0
-79.5	0.0	0.0
-79.375	0.0	0.0
-79.25	0.0	0.0
-79.125	0.0	0.0
-79.0	0.0	0.0
-78.875	0.0	0.0
-78.75	0.0	0.0
-78.625	0.0	0.0
-78.5	0.0	0.0
-78.375	0.0	0.0
-78.25	0.0	0.0
-78.125	0.0	0.0
-78.0	0.0	0.0
-77.875	0.0	0.0
-77.75	0.0	0.0
-77.625	0.0	0.0
-77.5	0.0	0.0
-77.375	0.0	0.0
-77.25	0.0	0.0
-77.125	0.0	0.0
-77.0	0.0	0.0
-76.875	0.0	0.0
-76.75	0.0	0.0
-76.625	0.0	0.0
-76.5	0.0	0.0
-76.375	0.0	0.0
-76.25	0.0	0.0
-76.125	0.0	0.0
-76.0	0.0	0.0
-75.875	0.0	0.0
-75.75	0.0	0.0
-75.625	0.0	0.0
-75.5	0.0	0.0
-75.375	0.0	0.0
-75.25	0.0	0.0
-75.125	0.0	0.0
-75.0	0.0	0.0
-74.875	0.0	0.0
-74.75	0.0	0.0
-74.625	0.0	0.0
-74.5	0.0	0.0
-74.375	0.0	0.0
-74.25	0.0	0.0
-74.125	0.0	0.0
-74.0	0.0	0.0
-73.875	0.0	0.0
-73.75	0.0	0.0
-73.625	0.0	0.0
-73.5	0.0	0.0
-73.375	0.0	0.0
-73.25	0.0	0.0
-73.125	0.0	0.0
-73.0	0.0	0.0
-72.875	0.0	0.0
-72.75	0.0	0.0
-72.625	0.0	0.0
-72.5	0.0	0.0
-72.375	0.0	0.0
-72.25	0.0	0.0
-72.125	0.0	0.0
-72.0	0.0	0.0
-71.875	0.0	0.0
-71.75	0.0	0.0
-71.625	0.0	0.0
-71.5	0.0	0.0
-71.375	0.0	0.0
-71.25	0.0	0.0
-71.125	0.0	0.0
-71.0	0.0	0.0
-70.875	0.0	0.0
-70.75	0.0	0.0
-70.625	0.0	0.0
-70.5	0.0	0.0
-70.375	0.0	0.0
-70.25	0.0	0.0
-70.125	0.0	0.0
-70.0	0.0	0.0
-69.875	0.0	0.0
-69.75	0.0	0.0
-69.625	0.0	0.0
-69.5	0.0	0.0
-69.375	0.0	0.0
-69.25	0.0	0.0
-69.125	0.0	0.0
-69.0	0.0	0.0
-68.875	0.0	0.0
-68.75	0.0	0.0
-68.625	0.0	0.0
-68.5	0.0	0.0
-68.375	0.0	0.0
-68.25	0.0	0.0
-68.125	0.0	0.0
-68.0	0.0	0.0
-67.875	0.0	0.0
-67.75	0.0	0.0
-67.625	0.0	0.0
-67.5	0.0	0.0
-67.375	0.0	0.0
-67.25	0.0	0.0
-67.125	0.0	0.0
-67.0	0.0	0.0
-66.875	0.0	0.0
-66.75	0.0	0.0
-66.625	0.0	0.0
-66.5	0.0	0.0
-66.375	0.0	0.0
-66.25	0.0	0.0
-66.125	0.0	0.0
-66.0	0.0	0.0
-65.875	0.0	0.0
-65.75	0.0	0.0
-65.625	0.0	0.0
-65.5	0.0	0.0
-65.375	0.0	0.0
-65.25	0.0	0.0
-65.125	0.0	0.0
-65.0	0.0	0.0
-64.875	0.0	0.0
-64.75	0.0	0.0
-64.625	0.0	0.0
-64.5	0.0	0.0
-64.375	0.0	0.0
-64.25	0.0	0.0
-64.125	0.0	0.0
-64.0	0.0	0.0
-63.875	0.0	0.0
-63.75	0.0	0.0
-63.625	0.0	0.0
-63.5	0.0	0.0
-63.375	0.0	0.0
-63.25	0.0	0.0
-63.125	0.0	0.0
-63.0	0.0	0.0
-62.875	0.0	0.0
-62.75	0.0	0.0
-62.625	0.0	0.0
-62.5	0.0	0.0
-62.375	0.0	0.0
-62.25	0.0	0.0
-62.125	0.0	0.0
-62.0	0.0	0.0
-61.875	0.0	0.0
-61.75	0.0	0.0
-61.625	0.0	0.0
-61.5	0.0	0.0
-61.375	0.0	0.0
-61.25	0.0	0.0
-61.125	0.0	0.0
-61.0	0.0	0.0
-60.875	0.0	0.0
-60.75	0.0	0.0
-60.625	0.0	0.0
-60.5	0.0	0.0
-60.375	0.0	0.0
-60.25	0.0	0.0
-60.125	0.0	0.0
-60.0	0.0	0.0
-59.875	0.0	0.0
-59.75	0.0	0.0
-59.625	0.0	0.0
-59.5	0.0	0.0
-59.375	0.0	0.0
-59.25	0.0	0.0
-59.125	0.0	0.0
-59.0	0.0	0.0
-58.875	0.0	0.0
-58.75	0.0	0.0
-58.625	0.0	0.0
-58.5	0.0	0.0
-58.375	0.0	0.0
-58.25	0.0	0.0
-58.125	0.0	0.0
-58.0	0.0	0.0
-57.875	0.0	0.0
-57.75	0.0	0.0
-57.625	0.0	0.0
-57.5	0.0	0.0
-57.375	0.0	0.0
-57.25	0.0	0.0
-57.125	0.0	0.0
-57.0	0.0	0.0
-56.875	0.0	0.0
-56.75	0.0	0.0
-56.625	0.0	0.0
-56.5	0.0	0.0
-56.375	0.0	0.0
-56.25	0.0	0.0
-56.125	0.0	0.0
-56.0	0.0	0.0
-55.875	0.0	0.0
-55.75	0.0	0.0
-55.625	0.0	0.0
-55.5	0.0	0.0
-55.375	0.0	0.0
-55.25	0.0	0.0
-55.125	0.0	0.0
-55.0	0.0	0.0
-54.875	0.0	0.0
-54.75	0.0	0.0
-54.625	0.0	0.0
-54.5	0.0	0.0
-54.375	0.0	0.0
-54.25	0.0	0.0
-54.125	0.0	0.0
-54.0	0.0	0.0
-53.875	0.0	0.0
-53.75	0.0	0.0
-53.625	0.0	0.0
-53.5	0.0	0.0
-53.375	0.0	0.0
-53.25	0.0	0.0
-53.125	0.0	0.0
-53.0	0.0	0.0
-52.875	0.0	0.0
-52.75	0.0	0.0
-52.625	0.0	0.0
-52.5	0.0	0.0
-52.375	0.0	0.0
-52.25	0.0	0.0
-52.125	0.0	0.0
-52.0	0.0	0.0
-51.875	0.0	0.0
-51.75	0.0	0.0
-51.625	0.0	0.0
-51.5	0.0	0.0
-51.375	0.0	0.0
-51.25	0.0	0.0
-51.125	0.0	0.0
-51.0	0.0	0.0
-50.875	0.0	0.0
-50.75	0.0	0.0
-50.625	0.0	0.0
-50.5	0.0	0.0
-50.375	0.0	0.0
-50.25	0.0	0.0
-50.125	0.0	0.0
-50.0	0.0	0.0
-49.875	0.0	0.0
-49.75	0.0	0.0
-49.625	0.0	0.0
-49.5	0.0	0.0
-49.375	0.0	0.0
-49.25	0.0	0.0
-49.125	0.0	0.0
-49.0	0.0	0.0
-48.875	0.0	0.0
-48.75	0.0	0.0
-48.625	0.0	0.0
-48.5	0.0	0.0
-48.375	0.0	0.0
-48.25	0.0	0.0
-48.125	0.0	0.0
-48.0	0.0	0.0
-47.875	0.0	0.0
-47.75	0.0	0.0
-47.625	0.0	0.0
-47.5	0.0	0.0
-47.375	0.0	0.0
-47.25	0.0	0.0
-47.125	0.0	0.0
-47.0	0.0	0.0
-46.875	0.0	0.0
-46.75	0.0	0.0
-46.625	0.0	0.0
-46.5	0.0	0.0
-46.375	0.0	0.0
-46.25	0.0	0.0
-46.125	0.0	0.0
-46.0	0.0	0.0
-45.875	0.0	0.0
-45.75	0.0	0.0
-45.625	0.0	0.0
-45.5	0.0	0.0
-45.375	0.0	0.0
-45.25	0.0	0.0
-45.125	0.0	0.0
-45.0	0.0	0.0
-44.875	0.0	0.0
-44.75	0.0	0.0
-44.625	0.0	0.0
-44.5	0.0	0.0
-44.375	0.0	0.0
-44.25	0.0	0.0
-44.125	0.0	0.0
-44.0	0.0	0.0
-43.875	0.0	0.0
-43.75	0.0	0.0
-43.625	0.0	0.0
-43.5	0.0	0.0
-43.375	0.0	0.0
-43.25	0.0	0.0
-43.125	0.0	0.0
-43.0	0.0	0.0
-42.875	0.0	0.0
-42.75	0.0	0.0
-42.625	0.0	0.0
-42.5	0.0	0.0
-42.375	0.0	0.0
-42.25	0.0	0.0
-42.125	0.0	0.0
-42.0	0.0	0.0
-41.875	0.0	0.0
-41.75	0.0	0.0
-41.625	0.0	0.0
-41.5	0.0	0.0
-41.375	0.0	0.0
-41.25	0.0	0.0
-41.125	0.0	0.0
-41.0	0.0	0.0
-40.875	0.0	0.0
-40.75	0.0	0.0
-40.625	0.0	0.0
-40.5	0.0	0.0
-40.375	0.0	0.0
-40.25	0.0	0.0
-40.125	0.0	0.0
-40.0	0.0	0.0
-39.875	0.0	0.0
-39.75	0.0	0.0
-39.625	0.0	0.0
-39.5	0.0	0.0
-39.375	0.0	0.0
-39.25	0.0	0.0
-39.125	0.0	0.0
-39.0	0.0	0.0
-38.875	0.0	0.0
-38.75	0.0	0.0
-38.625	0.0	0.0
-38.5	0.0	0.0
-38.375	0.0	0.0
-38.25	0.0	0.0
-38.125	0.0	0.0
-38.0	0.0	0.0
-37.875	0.0	0.0
-37.75	0.0	0.0
-37.625	0.0	0.0
-37.5	0.0	0.0
-37.375	0.0	0.0
-37.25	0.0	0.0
-37.125	0.0	0.0
-37.0	0.0	0.0
-36.875	0.0	0.0
-36.75	0.0	0.0
-36.625	0.0	0.0
-36.5	0.0	0.0
-36.375	0.0	0.0
-36.25	0.0	0.0
-36.125	0.0	0.0
-36.0	0.0	0.0
-35.875	0.0	0.0
-35.75	0.0	0.0
-35.625	0.0	0.0
-35.5	0.0	0.0
-35.375	0.0	0.0
-35.25	0.0	0.0
-35.125	0.0	0.0
-35.0	0.0	0.0
-34.875	0.0	0.0
-34.75	0.0	0.0
-34.625	0.0	0.0
-34.5	0.0	0.0
-34.375	0.0	0.0
-34.25	0.0	0.0
-34.125	0.0	0.0
-34.0	0.0	0.0
-33.875	0.0	0.0
-33.75	0.0	0.0
-33.625	0.0	0.0
-33.5	0.0	0.0
-33.375	0.0	0.0
-33.25	0.0	0.0
-33.125	0.0	0.0
-33.0	0.0	0.0
-32.875	0.0	0.0
-32.75	0.0	0.0
-32.625	0.0	0.0
-32.5	0.0	0.0
-32.375	0.0	0.0
-32.25	0.0	0.0
-32.125	0.0	0.0
-32.0	0.0	0.0
-31.875	0.0	0.0
-31.75	0.0	0.0
-31.625	0.0	0.0
-31.5	0.0	0.0
-31.375	0.0	0.0
-31.25	0.0	0.0
-31.125	0.0	0.0
-31.0	0.0	0.0
-30.875	0.0	0.0
-30.75	0.0	0.0
-30.625	0.0	0.0
-30.5	0.0	0.0
-30.375	0.0	0.0
-30.25	0.0	0.0
-30.125	0.0	0.0
-30.0	0.0	0.0
-29.875	0.0	0.0
-29.75	0.0	0.0
-29.625	0.0	0.0
-29.5	0.0	0.0
-29.375	0.0	0.0
-29.25	0.0	0.0
-29.125	0.0	0.0
-29.0	0.0	0.0
-28.875	0.0	0.0
-28.75	0.0	0.0
-28.625	0.0	0.0
-28.5	0.0	0.0
-28.375	0.0	0.0
-28.25	0.0	0.0
-28.125	0.0	0.0
-28.0	0.0	0.0
-27.875	0.0	0.0
-27.75	0.0	0.0
-27.625	0.0	0.0
-27.5	0.0	0.0
-27.375	0.0	0.0
-27.25	0.0	0.0
-27.125	0.0	0.0
-27.0	0.0	0.0
-26.875	0.0	0.0
-26.75	0.0	0.0
-26.625	0.0	0.0
-26.5	0.0	0.0
-26.375	0.0	0.0
-26.25	0.0	0.0
-26.125	0.0	0.0
-26.0	0.0	0.0
-25.875	0.0	0.0
-25.75	0.0	0.0
-25.625	0.0	0.0
-25.5	0.0	0.0
-25.375	0.0	0.0
-25.25	0.0	0.0
-25.125	0.0	0.0
-25.0	0.0	0.0
-24.875	0.0	0.0
-24.75	0.0	0.0
-24.625	0.0	0.0
-24.5	0.0	0.0
-24.375	0.0	0.0
-24.25	0.0	0.0
-24.125	0.0	0.0
-24.0	0.0	0.0
-23.875	0.0	0.0
-23.75	0.0	0.0
-23.625	0.0	0.0
-23.5	0.0	0.0
-23.375	0.0	0.0
-23.25	0.0	0.0
-23.125	0.0	0.0
-23.0	0.0	0.0
-22.875	0.0	0.0
-22.75	0.0	0.0
-22.625	0.0	0.0
-22.5	0.0	0.0
-22.375	0.0	0.0
-22.25	0.0	0.0
-22.125	0.0	0.0
-22.0	0.0	0.0
-21.875	0.0	0.0
-21.75	0.0	0.0
-21.625	0.0	0.0
-21.5	0.0	0.0
-21.375	0.0	0.0
-21.25	0.0	0.0
-21.125	0.0	0.0
-21.0	0.0	0.0
-20.875	0.0	0.0
-20.75	0.0	0.0
-20.625	0.0	0.0
-20.5	0.0	0.0
-20.375	0.0	0.0
-20.25	0.0	0.0
-20.125	0.0	0.0
-20.0	0.0	0.0
-19.875	0.0	0.0
-19.75	0.0	0.0
-19.625	0.0	0.0
-19.5	0.0	0.0
-19.375	0.0	0.0
-19.25	0.0	0.0
-19.125	0.0	0.0
-19.0	0.0	0.0
-18.875	0.0	0.0
-18.75	0.0	0.0
-18.625	0.0	0.0
-18.5	0.0	0.0
-18.375	0.0	0.0
-18.25	0.0	0.0
-18.125	0.0	0.0
-18.0	0.0	0.0
-17.875	0.0	0.0
-17.75	0.0	0.0
-17.625	0.0	0.0
-17.5	0.0	0.0
-17.375	0.0	0.0
-17.25	0.0	0.0
-17.125	0.0	0.0
-17.0	0.0	0.0
-16.875	0.0	0.0
-16.75	0.0	0.0
-16.625	0.0	0.0
-16.5	0.0	0.0
-16.375	0.0	0.0
-16.25	0.0	0.0
-16.125	0.0	0.0
-16.0	0.0	0.0
-15.875	0.0	0.0
-15.75	0.0	0.0
-15.625	0.0	0.0
-15.5	0.0	0.0
-15.375	0.0	0.0
-15.25	0.0	0.0
-15.125	0.0	0.0
-15.0	0.0	0.0
-14.875	0.0	0.0
-14.75	0.0	0.0
-14.625	0.0	0.0
-14.5	0.0	0.0
-14.375	0.0	0.0
-14.25	0.0	0.0
-14.125	0.0	0.0
-14.0	0.0	0.0
-13.875	0.0	0.0
-13.75	0.0	0.0
-13.625	0.0	0.0
-13.5	0.0	0.0
-13.375	0.0	0.0
-13.25	0.0	0.0
-13.125	0.0	0.0
-13.0	0.0	0.0
-12.875	0.0	0.0
-12.75	0.0	0.0
-12.625	0.0	0.0
-12.5	0.0	0.0
-12.375	0.0	0.0
-12.25	0.0	0.0
-12.125	0.0	0.0
-12.0	0.0	0.0
-11.875	0.0	0.0
-11.75	0.0	0.0
-11.625	0.0	0.0
-11.5	0.0	0.0
-11.375	0.0	0.0
-11.25	0.0	0.0
-11.125	0.0	0.0
-11.0	0.0	0.0
-10.875	0.0	0.0
-10.75	0.0	0.0
-10.625	0.0	0.0
-10.5	0.0	0.0
-10.375	0.0	0.0
-10.25	0.0	0.0
-10.125	0.0	0.0
-10.0	0.0	0.0
-9.875	0.0	0.0
-9.75	0.0	0.0
-9.625	0.0	0.0
-9.5	0.0	0.0
-9.375	0.0	0.0
-9.25	0.0	0.0
-9.125	0.0	0.0
-9.0	0.0	0.0
-8.875	0.0	0.0
-8.75	0.0	0.0
-8.625	0.0	0.0
-8.5	0.0	0.0
-8.375	0.0	0.0
-8.25	0.0	0.0
-8.125	0.0	0.0
-8.0	0.0	0.0
-7.875	0.0	0.0
-7.75	0.0	0.0
-7.625	0.0	0.0
-7.5	0.0	0.0
-7.375	0.0	0.0
-7.25	0.0	0.0
-7.125	0.0	0.0
-7.0	0.0	0.0
-6.875	0.0	0.0
-6.75	0.0	0.0
-6.625	0.0	0.0
-6.5	0.0	0.0
-6.375	0.0	0.0
-6.25	0.0	0.0
-6.125	0.0	0.0
-6.0	0.0	0.0
-5.875	0.0	0.0
-5.75	0.0	0.0
-5.625	0.0	0.0
-5.5	0.0	0.0
-5.375	0.0	0.0
-5.25	0.0	0.0
-5.125	0.0	0.0
-5.0	0.0	0.0
-4.875	0.0	0.0
-4.75	0.0	0.0
-4.625	0.0	0.0
-4.5	0.0	0.0
-4.375	0.0	0.0
-4.25	0.0	0.0
-4.125	0.0	0.0
-4.0	0.0	0.0
-3.875	0.0	0.0
-3.75	0.0	0.0
-3.625	0.0	0.0
-3.5	0.0	0.0
-3.375	0.0	0.0
-3.25	0.0	0.0
-3.125	0.0	0.0
-3.0	0.0	0.0
-2.875	0.0	0.0
-2.75	0.0	0.0
-2.625	0.0	0.0
-2.5	0.0	0.0
-2.375	0.0	0.0
-2.25	0.0	0.0
-2.125	0.0	0.0
-2.0	0.0	0.0
-1.875	0.0	0.0
-1.75	0.0	0.0
-1.625	0.0	0.0
-1.5	0.0	0.0
-1.375	0.0	0.0
-1.25	0.0	0.0
-1.125	0.0	0.0
-1.0	0.0	0.0
-0.875	0.0	0.0
-0.75	0.0	0.0
-0.625	0.0	0.0
-0.5	0.0	0.0
-0.375	0.0	0.0
-0.25	0.0	0.0
-0.125	0.0	0.0
0.0	0.0	0.0
0.125	0.0	0.0
0.25	0.0	0.0
0.375	0.0	0.0
0.5	0.0	0.0
0.625	0.0	0.0
0.75	0.0	0.0
0.875	0.0	0.0
1.0	0.0	0.0
1.125	0.0	0.0
1.25	0.0	0.0
1.375	0.0	0.0
1.5	0.0	0.0
1.625	0.0	0.0
1.75	0.0	0.0
1.875	0.0	0.0
2.0	0.0	0.0
2.125	0.0	0.0
2.25	0.0	0.0
2.375	0.0	0.0
2.5	0.0	0.0
2.625	0.0	0.0
2.75	0.0	0.0
2.875	0.0	0.0
3.0	0.0	0.0
3.125	0.0	0.0
3.25	0.0	0.0
3.375	0.0	0.0
3.5	0.0	0.0
3.625	0.0	0.0
3.75	0.0	0.0
3.875	0.0	0.0
4.0	0.0	0.0
4.125	0.0	0.0
4.25	0.0	0.0
4.375	0.0	0.0
4.5	0.0	0.0
4.625	0.0	0.0
4.75	0.0	0.0
4.875	0.0	0.0
5.0	0.0	0.0
5.125	0.0	0.0
5.25	0.0	0.0
5.375	0.0	0.0
5.5	0.0	0.0
5.625	0.0	0.0
5.75	0.0	0.0
5.875	0.0	0.0
6.0	0.0	0.0
6.125	0.0	0.0
6.25	0.0	0.0
6.375	0.0	0.0
6.5	0.0	0.0
6.625	0.0	0.0
6.75	0.0	0.0
6.875	0.0	0.0
7.0	0.0	0.0
7.125	0.0	0.0
7.25	0.0	0.0
7.375	0.0	0.0
7.5	0.0	0.0
7.625	0.0	0.0
7.75	0.0	0.0
7.875	0.0	0.0
8.0	0.0	0.0
8.125	0.0	0.0
8.25	0.0	0.0
8.375	0.0	0.0
8.5	0.0	-1.0e-6
8.625	0.0	-1.0e-6
8.75	0.0	-1.0e-6
8.875	0.0	-1.0e-6
9.0	0.0	-1.0e-6
9.125	0.0	-1.0e-6
9.25	0.0	-1.0e-6
9.375	0.0	-1.0e-6
9.5	0.0	-1.0e-6
9.625	0.0	-1.0e-6
9.75	0.0	-1.0e-6
9.875	0.0	-1.0e-6
10.0	0.0	-1.0e-6
10.125	0.0	-1.0e-6
10.25	0.0	-1.0e-6
10.375	0.0	-1.0e-6
10.5	0.0	-1.0e-6
10.625	0.0	-1.0e-6
10.75	0.0	-1.0e-6
10.875	0.0	-1.0e-6
11.0	0.0	-1.0e-6
11.125	0.0	-1.0e-6
11.25	0.0	-1.0e-6
11.375	0.0	-1.0e-6
11.5	0.0	-1.0e-6
11.625	0.0	-1.0e-6
11.75	0.0	-1.0e-6
11.875	0.0	-1.0e-6
12.0	0.0	-1.0e-6
12.125	0.0	-1.0e-6
12.25	0.0	-1.0e-6
12.375	0.0	-1.0e-6
12.5	0.0	-1.0e-6
12.625	0.0	-1.0e-6
12.75	0.0	-1.0e-6
12.875	0.0	-1.0e-6
13.0	0.0	-1.0e-6
13.125	0.0	-1.0e-6
13.25	0.0	-1.0e-6
13.375	0.0	-1.0e-6
13.5	0.0	-1.0e-6
13.625	0.0	-1.0e-6
13.75	0.0	-1.0e-6
13.875	0.0	-1.0e-6
14.0	0.0	-1.0e-6
14.125	0.0	-1.0e-6
14.25	0.0	-1.0e-6
14.375	0.0	-1.0e-6
14.5	0.0	-1.0e-6
14.625	0.0	-1.0e-6
14.75	0.0	-1.0e-6
14.875	0.0	-1.0e-6
15.0	0.0	-1.0e-6
15.125	0.0	-1.0e-6
15.25	0.0	-1.0e-6
15.375	0.0	-1.0e-6
15.5	0.0	-1.0e-6
15.625	0.0	-1.0e-6
15.75	0.0	-1.0e-6
15.875	0.0	-1.0e-6
16.0	0.0	-1.0e-6
16.125	0.0	-1.0e-6
16.25	0.0	-1.0e-6
16.375	0.0	-1.0e-6
16.5	0.0	-1.0e-6
16.625	0.0	-1.0e-6
16.75	0.0	-1.0e-6
16.875	0.0	-1.0e-6
17.0	0.0	-1.0e-6
17.125	0.0	-1.0e-6
17.25	0.0	-1.0e-6
17.375	0.0	-1.0e-6
17.5	0.0	-1.0e-6
17.625	0.0	-1.0e-6
17.75	0.0	-1.0e-6
17.875	0.0	-1.0e-6
18.0	0.0	-1.0e-6
18.125	0.0	-1.0e-6
18.25	0.0	-1.0e-6
18.375	0.0	-1.0e-6
18.5	0.0	-1.0e-6
18.625	0.0	-1.0e-6
18.75	0.0	-1.0e-6
18.875	0.0	-1.0e-6
19.0	0.0	-1.0e-6
19.125	0.0	-1.0e-6
19.25	0.0	-1.0e-6
19.375	0.0	-1.0e-6
19.5	0.0	-1.0e-6
19.625	0.0	-1.0e-6
19.75	0.0	-1.0e-6
19.875	0.0	-1.0e-6
20.0	0.0	-1.0e-6
20.125	0.0	-1.0e-6
20.25	0.0	-1.0e-6
20.375	0.0	-1.0e-6
20.5	0.0	-1.0e-6
20.625	0.0	-1.0e-6
20.75	0.0	-1.0e-6
20.875	0.0	-1.0e-6
21.0	0.0	-1.0e-6
21.125	0.0	-1.0e-6
21.25	0.0	-1.0e-6
21.375	0.0	-1.0e-6
21.5	0.0	-1.0e-6
21.625	0.0	-1.0e-6
21.75	0.0	-1.0e-6
21.875	0.0	-1.0e-6
22.0	0.0	-1.0e-6
22.125	0.0	-1.0e-6
22.25	0.0	-1.0e-6
22.375	0.0	-1.0e-6
22.5	0.0	-1.0e-6
22.625	0.0	-1.0e-6
22.75	0.0	-1.0e-6
22.875	0.0	-1.0e-6
23.0	0.0	-1.0e-6
23.125	0.0	-1.0e-6
23.25	0.0	-1.0e-6
23.375	0.0	-1.0e-6
23.5	0.0	-1.0e-6
23.625	0.0	-1.0e-6
23.75	0.0	-1.0e-6
23.875	0.0	-1.0e-6
24.0	0.0	-1.0e-6
24.125	0.0	-1.0e-6
24.25	0.0	-1.0e-6
24.375	0.0	-1.0e-6
24.5	0.0	-1.0e-6
24.625	0.0	-1.0e-6
24.75	0.0	-1.0e-6
24.875	0.0	-1.0e-6
25.0	0.0	-1.0e-6
25.125	0.0	-1.0e-6
25.25	0.0	-1.0e-6
25.375	0.0	-1.0e-6
25.5	0.0	-1.0e-6
25.625	0.0	-1.0e-6
25.75	0.0	-1.0e-6
25.875	0.0	-1.0e-6
26.0	0.0	-1.0e-6
26.125	0.0	-1.0e-6
26.25	0.0	-1.0e-6
26.375	0.0	-1.0e-6
26.5	0.0	-1.0e-6
26.625	0.0	-1.0e-6
26.75	0.0	-1.0e-6
26.875	0.0	-1.0e-6
27.0	0.0	-1.0e-6
27.125	0.0	-1.0e-6
27.25	0.0	-1.0e-6
27.375	0.0	-1.0e-6
27.5	0.0	-1.0e-6
27.625	0.0	-1.0e-6
27.75	0.0	-1.0e-6
27.875	0.0	-1.0e-6
28.0	0.0	-1.0e-6
28.125	0.0	-1.0e-6
28.25	0.0	-1.0e-6
28.375	0.0	-1.0e-6
28.5	0.0	-1.0e-6
28.625	0.0	-1.0e-6
28.75	0.0	-1.0e-6
28.875	0.0	-1.0e-6
29.0	0.0	-1.0e-6
29.125	0.0	-1.0e-6
29.25	0.0	-1.0e-6
29.375	0.0	-1.0e-6
29.5	0.0	-1.0e-6
29.625	0.0	-1.0e-6
29.75	0.0	-1.0e-6
29.875	0.0	-1.0e-6
30.0	0.0	-2.0e-6
30.125	0.0	-2.0e-6
30.25	0.0	-2.0e-6
30.375	0.0	-2.0e-6
30.5	0.0	-2.0e-6
30.625	0.0	-2.0e-6
30.75	0.0	-2.0e-6
30.875	0.0	-2.0e-6
31.0	0.0	-2.0e-6
31.125	0.0	-2.0e-6
31.25	0.0	-2.0e-6
31.375	0.0	-2.0e-6
31.5	0.0	-2.0e-6
31.625	0.0	-2.0e-6
31.75	0.0	-2.0e-6
31.875	0.0	-2.0e-6
32.0	0.0	-2.0e-6
32.125	0.0	-2.0e-6
32.25	0.0	-1.0e-6
32.375	0.0	-1.0e-6
32.5	0.0	-1.0e-6
32.625	0.0	0.0
32.75	0.0	0.0
32.875	0.0	0.0
33.0	0.0	0.0
33.125	0.0	0.0
33.25	0.0	1.0e-6
33.375	0.0	2.0e-6
33.5	0.0	3.0e-6
33.625	0.0	4.0e-6
33.75	0.0	4.0e-6
33.875	0.0	5.0e-6
34.0	0.0	6.0e-6
34.125	0.0	7.0e-6
34.25	0.0	8.0e-6
34.375	0.0	1.0e-5
34.5	0.0	1.1e-5
34.625	0.0	1.2e-5
34.75	0.0	1.3e-5
34.875	0.0	1.4e-5
35.0	0.0	1.6e-5
35.125	0.0	1.7e-5
35.25	0.0	1.8e-5
35.375	0.0	1.9e-5
35.5	0.0	1.9e-5
35.625	0.0	2.0e-5
35.75	0.0	2.0e-5
35.875	0.0	2.0e-5
36.0	0.0	2.0e-5
36.125	0.0	1.9e-5
36.25	0.0	1.8e-5
36.375	0.0	1.6e-5
36.5	0.0	1.3e-5
36.625	0.0	1.0e-5
36.75	0.0	6.0e-6
36.875	0.0	2.0e-6
37.0	0.0	-4.0e-6
37.125	0.0	-1.1e-5
37.25	0.0	-1.9e-5
37.375	0.0	-2.7e-5
37.5	0.0	-3.7e-5
37.625	0.0	-4.9e-5
37.75	0.0	-6.1e-5
37.875	0.0	-7.5e-5
38.0	0.0	-8.9e-5
38.125	0.0	-0.000105
38.25	0.0	-0.000123
38.375	0.0	-0.000141
38.5	0.0	-0.00016
38.625	0.0	-0.000181
38.75	0.0	-0.000201
38.875	0.0	-0.000223
39.0	0.0	-0.000244
39.125	0.0	-0.000266
39.25	0.0	-0.000287
39.375	0.0	-0.000307
39.5	0.0	-0.000326
39.625	0.0	-0.000344
39.75	0.0	-0.000359
39.875	0.0	-0.000371
40.0	0.0	-0.00038
40.125	0.0	-0.000385
40.25	0.0	-0.000385
40.375	0.0	-0.000379
40.5	0.0	-0.000367
40.625	0.0	-0.000348
40.75	0.0	-0.000321
40.875	0.0	-0.000284
41.0	0.0	-0.000238
41.125	0.0	-0.000181
41.25	0.0	-0.000113
41.375	0.0	-3.3e-5
41.5	0.0	6.0e-5
41.625	1.0e-6	0.000166
41.75	1.0e-6	0.000287
41.875	1.0e-6	0.000421
42.0	1.0e-6	0.00057
42.125	1.0e-6	0.000734
42.25	1.0e-6	0.000911
42.375	1.0e-6	0.001103
42.5	2.0e-6	0.001308
42.625	2.0e-6	0.001526
42.75	2.0e-6	0.001754
42.875	2.0e-6	0.001992
43.0	3.0e-6	0.002238
43.125	3.0e-6	0.00249
43.25	3.0e-6	0.002744
43.375	4.0e-6	0.002998
43.5	4.0e-6	0.003248
43.625	5.0e-6	0.003491
43.75	6.0e-6	0.003722
43.875	7.0e-6	0.003937
44.0	8.0e-6	0.00413
44.125	9.0e-6	0.004296
44.25	1.0e-5	0.00443
44.375	1.1e-5	0.004524
44.5	1.3e-5	0.004573
44.625	1.4e-5	0.004571
44.75	1.6e-5	0.004509
44.875	1.8e-5	0.004383
45.0	2.1e-5	0.004183
45.125	2.3e-5	0.003905
45.25	2.6e-5	0.003542
45.375	3.0e-5	0.003086
45.5	3.4e-5	0.002533
45.625	3.8e-5	0.001876
45.75	4.3e-5	0.001113
45.875	4.8e-5	0.000237
46.0	5.4e-5	-0.000752
46.125	6.1e-5	-0.001857
46.25	6.9e-5	-0.003078
46.375	7.7e-5	-0.004415
46.5	8.7e-5	-0.005863
46.625	9.8e-5	-0.00742
46.75	0.00011	-0.009079
46.875	0.000123	-0.010831
47.0	0.000138	-0.012667
47.125	0.000154	-0.014573
47.25	0.000172	-0.016535
47.375	0.000193	-0.018535
47.5	0.000216	-0.020554
47.625	0.000241	-0.02257
47.75	0.000269	-0.024557
47.875	0.0003	-0.02649
48.0	0.000334	-0.02834
48.125	0.000372	-0.030074
48.25	0.000414	-0.03166
48.375	0.00046	-0.033062
48.5	0.000512	-0.034245
48.625	0.000569	-0.035171
48.75	0.000631	-0.035801
48.875	0.0007	-0.036096
49.0	0.000776	-0.036017
49.125	0.00086	-0.035525
49.25	0.000953	-0.034584
49.375	0.001054	-0.033157
49.5	0.001166	-0.03121
49.625	0.001288	-0.028712
49.75	0.001422	-0.025635
49.875	0.00157	-0.021956
50.0	0.001731	-0.017656
50.125	0.001908	-0.01272
50.25	0.002102	-0.007143
50.375	0.002314	-0.000922
50.5	0.002545	0.005935
50.625	0.002798	0.013414
50.75	0.003074	0.021492
50.875	0.003375	0.030136
51.0	0.003703	0.039304
51.125	0.00406	0.048946
51.25	0.004448	0.058999
51.375	0.004871	0.069391
51.5	0.00533	0.080041
51.625	0.005829	0.090856
51.75	0.00637	0.101734
51.875	0.006957	0.112562
52.0	0.007593	0.12322
52.125	0.008282	0.133577
52.25	0.009027	0.143497
52.375	0.009833	0.152835
52.5	0.010704	0.16144
52.625	0.011644	0.16916
52.75	0.012659	0.175835
52.875	0.013753	0.181309
53.0	0.014931	0.185422
53.125	0.016201	0.188019
53.25	0.017566	0.188947
53.375	0.019034	0.188061
53.5	0.020612	0.185223
53.625	0.022305	0.180306
53.75	0.024122	0.173197
53.875	0.026069	0.163796
54.0	0.028156	0.152021
54.125	0.030389	0.13781
54.25	0.032779	0.121122
54.375	0.035333	0.101939
54.5	0.038061	0.080271
54.625	0.040972	0.056153
54.75	0.044078	0.029648
54.875	0.047388	0.00085
55.0	0.050913	-0.030114
55.125	0.054664	-0.063088
55.25	0.058654	-0.097884
55.375	0.062893	-0.134279
55.5	0.067395	-0.172021
55.625	0.072171	-0.210826
55.75	0.077236	-0.250379
55.875	0.082601	-0.290337
56.0	0.088282	-0.33033
56.125	0.094291	-0.369965
56.25	0.100644	-0.408827
56.375	0.107354	-0.446482
56.5	0.114436	-0.482481
56.625	0.121906	-0.516366
56.75	0.129778	-0.547673
56.875	0.138068	-0.575933
57.0	0.146792	-0.600684
57.125	0.155965	-0.621472
57.25	0.165602	-0.637854
57.375	0.175719	-0.649411
57.5	0.186332	-0.655745
57.625	0.197457	-0.656492
57.75	0.20911	-0.651322
57.875	0.221304	-0.639948
58.0	0.234057	-0.62213
58.125	0.247382	-0.597681
58.25	0.261294	-0.56647
58.375	0.275808	-0.528428
58.5	0.290938	-0.483551
58.625	0.306696	-0.431902
58.75	0.323097	-0.373619
58.875	0.340151	-0.308909
59.0	0.357871	-0.238057
59.125	0.376267	-0.161421
59.25	0.39535	-0.079435
59.375	0.415129	0.007392
59.5	0.435612	0.098481
59.625	0.456805	0.193184
59.75	0.478717	0.290784
59.875	0.50135	0.390508
60.0	0.52471	0.491525
60.125	0.548798	0.592954
60.25	0.573616	0.693874
60.375	0.599164	0.793329
60.5	0.62544	0.890337
60.625	0.65244	0.983901
60.75	0.680161	1.073017
60.875	0.708594	1.156682
61.0	0.737733	1.233911
61.125	0.767566	1.303739
61.25	0.798083	1.365242
61.375	0.82927	1.417537
61.5	0.861111	1.459802
61.625	0.893589	1.491282
61.75	0.926684	1.511297
61.875	0.960375	1.519259
62.0	0.99464	1.514672
62.125	1.029452	1.497148
62.25	1.064785	1.466409
62.375	1.100609	1.422296
62.5	1.136893	1.364773
62.625	1.173604	1.293933
62.75	1.210706	1.21
62.875	1.248164	1.113327
63.0	1.285938	1.004404
63.125	1.323986	0.883849
63.25	1.362268	0.752409
63.375	1.400739	0.610955
63.5	1.439352	0.460479
63.625	1.478061	0.302081
63.75	1.516817	0.136967
63.875	1.555569	-0.033565
64.0	1.594267	-0.208131
64.125	1.632857	-0.385282
64.25	1.671285	-0.563505
64.375	1.709497	-0.741248
64.5	1.747438	-0.916929
64.625	1.78505	-1.08895
64.75	1.822278	-1.255718
64.875	1.859063	-1.415657
65.0	1.895349	-1.567225
65.125	1.931077	-1.708931
65.25	1.96619	-1.83935
65.375	2.00063	-1.95714
65.5	2.03434	-2.061053
65.625	2.067262	-2.149953
65.75	2.099342	-2.222828
65.875	2.130522	-2.278801
66.0	2.16075	-2.31714
66.125	2.189971	-2.337269
66.25	2.218133	-2.338776
66.375	2.245185	-2.321418
66.5	2.271079	-2.285125
66.625	2.295767	-2.230002
66.75	2.319203	-2.156334
66.875	2.341343	-2.064579
67.0	2.362147	-1.95537
67.125	2.381574	-1.829508
67.25	2.399588	-1.687953
67.375	2.416155	-1.531822
67.5	2.431242	-1.362372
67.625	2.444821	-1.180994
67.75	2.456866	-0.989197
67.875	2.467353	-0.788592
68.0	2.476261	-0.580883
68.125	2.483573	-0.367842
68.25	2.489276	-0.151299
68.375	2.493357	0.066882
68.5	2.495809	0.284814
68.625	2.496627	0.500615
68.75	2.495809	0.712419
68.875	2.493357	0.918396
69.0	2.489276	1.116773
69.125	2.483573	1.30585
69.25	2.476261	1.484014
69.375	2.467352	1.649759
69.5	2.456866	1.801697
69.625	2.444821	1.938575
69.75	2.431242	2.059282
69.875	2.416155	2.162863
70.0	2.399588	2.248529
70.125	2.381574	2.315658
70.25	2.362147	2.363806
70.375	2.341343	2.392705
70.5	2.319203	2.402271
70.625	2.295767	2.392597
70.75	2.271079	2.363953
70.875	2.245185	2.316781
71.0	2.218133	2.251693
71.125	2.18997	2.169457
71.25	2.16075	2.070992
71.375	2.130522	1.957354
71.5	2.099341	1.829729
71.625	2.067262	1.689413
71.75	2.034339	1.537805
71.875	2.00063	1.376385
72.0	1.96619	1.206702
72.125	1.931077	1.030359
72.25	1.895349	0.848993
72.375	1.859063	0.664259
72.5	1.822277	0.477815
72.625	1.78505	0.291305
72.75	1.747437	0.106343
72.875	1.709497	-0.075504
73.0	1.671285	-0.252726
73.125	1.632856	-0.423891
73.25	1.594266	-0.587651
73.375	1.555569	-0.742754
73.5	1.516817	-0.888061
73.625	1.478061	-1.022545
73.75	1.439352	-1.145307
73.875	1.400738	-1.255577
74.0	1.362268	-1.352721
74.125	1.323986	-1.436242
74.25	1.285937	-1.505781
74.375	1.248164	-1.561123
74.5	1.210706	-1.602186
74.625	1.173603	-1.629026
74.75	1.136892	-1.641829
74.875	1.100608	-1.640907
75.0	1.064784	-1.626689
75.125	1.029452	-1.599717
75.25	0.99464	-1.560634
75.375	0.960375	-1.510177
75.5	0.926684	-1.449165
75.625	0.893588	-1.378489
75.75	0.861111	-1.299102
75.875	0.82927	-1.212005
76.0	0.798083	-1.118238
76.125	0.767566	-1.018867
76.25	0.737732	-0.914973
76.375	0.708594	-0.80764
76.5	0.68016	-0.697944
76.625	0.65244	-0.586946
76.75	0.62544	-0.475675
76.875	0.599164	-0.365127
77.0	0.573616	-0.256251
77.125	0.548798	-0.149941
77.25	0.52471	-0.047033
77.375	0.50135	0.051703
77.5	0.478716	0.145569
77.625	0.456805	0.233944
77.75	0.435611	0.316282
77.875	0.415129	0.392119
78.0	0.39535	0.461075
78.125	0.376267	0.522848
78.25	0.357871	0.577222
78.375	0.340151	0.624059
78.5	0.323097	0.663298
78.625	0.306696	0.694956
78.75	0.290938	0.719119
78.875	0.275808	0.735942
79.0	0.261294	0.745641
79.125	0.247382	0.748492
79.25	0.234056	0.744821
79.375	0.221304	0.735001
79.5	0.209109	0.719443
79.625	0.197457	0.698596
79.75	0.186332	0.672934
79.875	0.175719	0.642951
80.0	0.165601	0.60916
80.125	0.155964	0.572081
80.25	0.146792	0.532238
80.375	0.138068	0.490153
80.5	0.129778	0.446341
80.625	0.121906	0.401304
80.75	0.114436	0.355528
80.875	0.107354	0.30948
81.0	0.100644	0.2636
81.125	0.094291	0.218303
81.25	0.088282	0.173972
81.375	0.082601	0.130958
81.5	0.077236	0.08958
81.625	0.072171	0.050119
81.75	0.067395	0.012822
81.875	0.062893	-0.022102
82.0	0.058654	-0.054479
82.125	0.054664	-0.084173
82.25	0.050913	-0.111082
82.375	0.047388	-0.135137
82.5	0.044078	-0.156303
82.625	0.040972	-0.174577
82.75	0.03806	-0.189982
82.875	0.035333	-0.20257
83.0	0.032779	-0.212418
83.125	0.030389	-0.219623
83.25	0.028156	-0.224305
83.375	0.026069	-0.226597
83.5	0.024122	-0.22665
83.625	0.022305	-0.224625
83.75	0.020612	-0.220693
83.875	0.019034	-0.215033
84.0	0.017566	-0.207828
84.125	0.016201	-0.199262
84.25	0.014931	-0.189521
84.375	0.013753	-0.178789
84.5	0.012659	-0.167246
84.625	0.011644	-0.155067
84.75	0.010704	-0.142421
84.875	0.009833	-0.129466
85.0	0.009027	-0.116356
85.125	0.008282	-0.103231
85.25	0.007593	-0.090221
85.375	0.006957	-0.077445
85.5	0.00637	-0.06501
85.625	0.005829	-0.053013
85.75	0.00533	-0.041535
85.875	0.004871	-0.030647
86.0	0.004448	-0.02041
86.125	0.00406	-0.01087
86.25	0.003703	-0.002063
86.375	0.003375	0.005984
86.5	0.003074	0.013256
86.625	0.002798	0.019746
86.75	0.002545	0.025458
86.875	0.002314	0.030402
87.0	0.002102	0.034596
87.125	0.001908	0.038063
87.25	0.001731	0.040834
87.375	0.00157	0.042942
87.5	0.001422	0.044427
87.625	0.001288	0.04533
87.75	0.001166	0.045695
87.875	0.001054	0.045568
88.0	0.000953	0.044997
88.125	0.00086	0.044028
88.25	0.000776	0.04271
88.375	0.0007	0.04109
88.5	0.000631	0.039212
88.625	0.000569	0.037122
88.75	0.000512	0.034862
88.875	0.00046	0.032472
89.0	0.000414	0.029991
89.125	0.000372	0.027453
89.25	0.000334	0.024891
89.375	0.0003	0.022335
89.5	0.000269	0.019811
89.625	0.000241	0.017343
89.75	0.000216	0.014952
89.875	0.000193	0.012656
90.0	0.000172	0.010469
90.125	0.000154	0.008405
90.25	0.000138	0.006473
90.375	0.000123	0.00468
90.5	0.00011	0.00303
90.625	9.8e-5	0.001528
90.75	8.7e-5	0.000173
90.875	7.7e-5	-0.001035
91.0	6.9e-5	-0.002098
91.125	6.1e-5	-0.003021
91.25	5.4e-5	-0.003807
91.375	4.8e-5	-0.004465
91.5	4.3e-5	-0.005
91.625	3.8e-5	-0.005419
91.75	3.4e-5	-0.005731
91.875	3.0e-5	-0.005945
92.0	2.6e-5	-0.006068
92.125	2.3e-5	-0.00611
92.25	2.1e-5	-0.006079
92.375	1.8e-5	-0.005985
92.5	1.6e-5	-0.005834
92.625	1.4e-5	-0.005636
92.75	1.3e-5	-0.005398
92.875	1.1e-5	-0.005128
93.0	1.0e-5	-0.004832
93.125	9.0e-6	-0.004516
93.25	8.0e-6	-0.004188
93.375	7.0e-6	-0.003852
93.5	6.0e-6	-0.003512
93.625	5.0e-6	-0.003174
93.75	4.0e-6	-0.002841
93.875	4.0e-6	-0.002516
94.0	3.0e-6	-0.002202
94.125	3.0e-6	-0.001902
94.25	3.0e-6	-0.001618
94.375	2.0e-6	-0.00135
94.5	2.0e-6	-0.0011
94.625	2.0e-6	-0.000869
94.75	2.0e-6	-0.000658
94.875	1.0e-6	-0.000465
95.0	1.0e-6	-0.000292
95.125	1.0e-6	-0.000138
95.25	1.0e-6	-2.0e-6
95.375	1.0e-6	0.000116
95.5	1.0e-6	0.000217
95.625	1.0e-6	0.000302
95.75	0.0	0.000372
95.875	0.0	0.000429
96.0	0.0	0.000473
96.125	0.0	0.000505
96.25	0.0	0.000526
96.375	0.0	0.000538
96.5	0.0	0.000542
96.625	0.0	0.000539
96.75	0.0	0.000529
96.875	0.0	0.000514
97.0	0.0	0.000495
97.125	0.0	0.000472
97.25	0.0	0.000446
97.375	0.0	0.000419
97.5	0.0	0.00039
97.625	0.0	0.00036
97.75	0.0	0.000329
97.875	0.0	0.000299
98.0	0.0	0.000269
98.125	0.0	0.00024
98.25	0.0	0.000213
98.375	0.0	0.000186
98.5	0.0	0.000161
98.625	0.0	0.000137
98.75	0.0	0.000115
98.875	0.0	9.5e-5
99.0	0.0	7.6e-5
99.125	0.0	6.0e-5
99.25	0.0	4.4e-5
99.375	0.0	3.1e-5
99.5	0.0	1.9e-5
99.625	0.0	9.0e-6
99.75	0.0	0.0
99.875	0.0	-7.0e-6
100.0	0.0	-1.4e-5
100.125	0.0	-1.9e-5
100.25	0.0	-2.3e-5
100.375	0.0	-2.6e-5
100.5	0.0	-2.8e-5
100.625	0.0	-3.0e-5
100.75	0.0	-3.1e-5
100.875	0.0	-3.1e-5
101.0	0.0	-3.1e-5
101.125	0.0	-3.0e-5
101.25	0.0	-2.9e-5
101.375	0.0	-2.8e-5
101.5	0.0	-2.6e-5
101.625	0.0	-2.5e-5
101.75	0.0	-2.3e-5
101.875	0.0	-2.1e-5
102.0	0.0	-2.0e-5
102.125	0.0	-1.8e-5
102.25	0.0	-1.6e-5
102.375	0.0	-1.4e-5
102.5	0.0	-1.3e-5
102.625	0.0	-1.1e-5
102.75	0.0	-9.0e-6
102.875	0.0	-8.0e-6
103.0	0.0	-7.0e-6
103.125	0.0	-6.0e-6
103.25	0.0	-4.0e-6
103.375	0.0	-3.0e-6
103.5	0.0	-3.0e-6
103.625	0.0	-2.0e-6
103.75	0.0	-1.0e-6
103.875	0.0	0.0
104.0	0.0	0.0
104.125	0.0	0.0
104.25	0.0	0.0
104.375	0.0	1.0e-6
104.5	0.0	2.0e-6
104.625	0.0	2.0e-6
104.75	0.0	2.0e-6
104.875	0.0	2.0e-6
105.0	0.0	2.0e-6
105.125	0.0	2.0e-6
