-150.75	0.0	-0.001309
-150.625	0.0	-0.001303
-150.5	0.0	-0.001298
-150.375	0.0	-0.001292
-150.25	0.0	-0.001287
-150.125	0.0	-0.001281
-150.0	0.0	-0.001276
-149.875	0.0	-0.00127
-149.75	0.0	-0.001264
-149.625	0.0	-0.001259
-149.5	0.0	-0.001253
-149.375	0.0	-0.001248
-149.25	0.0	-0.001242
-149.125	0.0	-0.001237
-149.0	0.0	-0.001232
-148.875	0.0	-0.001226
-148.75	0.0	-0.001221
-148.625	0.0	-0.001215
-148.5	0.0	-0.00121
-148.375	0.0	-0.001205
-148.25	0.0	-0.001199
-148.125	0.0	-0.001194
-148.0	0.0	-0.001188
-147.875	0.0	-0.001183
-147.75	0.0	-0.001178
-147.625	0.0	-0.001172
-147.5	0.0	-0.001167
-147.375	0.0	-0.001162
-147.25	0.0	-0.001157
-147.125	0.0	-0.001151
-147.0	0.0	-0.001146
-146.875	0.0	-0.001141
-146.75	0.0	-0.001136
-146.625	0.0	-0.00113
-146.5	0.0	-0.001125
-146.375	0.0	-0.00112
-146.25	0.0	-0.001115
-146.125	0.0	-0.001109
-146.0	0.0	-0.001104
-145.875	0.0	-0.001099
-145.75	0.0	-0.001094
-145.625	0.0	-0.001089
-145.5	0.0	-0.001084
-145.375	0.0	-0.001079
-145.25	0.0	-0.001073
-145.125	0.0	-0.001068
-145.0	0.0	-0.001063
-144.875	0.0	-0.001058
-144.75	0.0	-0.001053
-144.625	0.0	-0.001048
-144.5	0.0	-0.001043
-144.375	0.0	-0.001038
-144.25	0.0	-0.001033
-144.125	0.0	-0.001028
-144.0	0.0	-0.001023
-143.875	0.0	-0.001018
-143.75	0.0	-0.001013
-143.625	0.0	-0.001008
-143.5	0.0	-0.001003
-143.375	0.0	-0.000998
-143.25	0.0	-0.000993
-143.125	0.0	-0.000988
-143.0	0.0	-0.000983
-142.875	0.0	-0.000978
-142.75	0.0	-0.000973
-142.625	0.0	-0.000968
-142.5	0.0	-0.000963
-142.375	0.0	-0.000959
-142.25	0.0	-0.000954
-142.125	0.0	-0.000949
-142.0	0.0	-0.000944
-141.875	0.0	-0.000939
-141.75	0.0	-0.000934
-141.625	0.0	-0.000929
-141.5	0.0	-0.000925
-141.375	0.0	-0.00092
-141.25	0.0	-0.000915
-141.125	0.0	-0.00091
-141.0	0.0	-0.000905
-140.875	0.0	-0.000901
-140.75	0.0	-0.000896
-140.625	0.0	-0.000891
-140.5	0.0	-0.000886
-140.375	0.0	-0.000882
-140.25	0.0	-0.000877
-140.125	0.0	-0.000872
-140.0	0.0	-0.000867
-139.875	0.0	-0.000863
-139.75	0.0	-0.000858
-139.625	0.0	-0.000853
-139.5	0.0	-0.000849
-139.375	0.0	-0.000844
-139.25	0.0	-0.000839
-139.125	0.0	-0.000835
-139.0	0.0	-0.00083
-138.875	0.0	-0.000825
-138.75	0.0	-0.000821
-138.625	0.0	-0.000816
-138.5	0.0	-0.000811
-138.375	0.0	-0.000807
-138.25	0.0	-0.000802
-138.125	0.0	-0.000797
-138.0	0.0	-0.000793
-137.875	0.0	-0.000788
-137.75	0.0	-0.000784
-137.625	0.0	-0.000779
-137.5	0.0	-0.000775
-137.375	0.0	-0.00077
-137.25	0.0	-0.000765
-137.125	0.0	-0.000761
-137.0	0.0	-0.000756
-136.875	0.0	-0.000752
-136.75	0.0	-0.000747
-136.625	0.0	-0.000743
-136.5	0.0	-0.000738
-136.375	0.0	-0.000734
-136.25	0.0	-0.000729
-136.125	0.0	-0.000725
-136.0	0.0	-0.00072
-135.875	0.0	-0.000716
-135.75	0.0	-0.000711
-135.625	0.0	-0.000707
-135.5	0.0	-0.000703
-135.375	0.0	-0.000698
-135.25	0.0	-0.000694
-135.125	0.0	-0.000689
-135.0	0.0	-0.000685
-134.875	0.0	-0.00068
-134.75	0.0	-0.000676
-134.625	0.0	-0.000672
-134.5	0.0	-0.000667
-134.375	0.0	-0.000663
-134.25	0.0	-0.000658
-134.125	0.0	-0.000654
-134.0	0.0	-0.00065
-133.875	0.0	-0.000645
-133.75	0.0	-0.000641
-133.625	0.0	-0.000637
-133.5	0.0	-0.000632
-133.375	0.0	-0.000628
-133.25	0.0	-0.000624
-133.125	0.0	-0.000619
-133.0	0.0	-0.000615
-132.875	0.0	-0.000611
-132.75	0.0	-0.000606
-132.625	0.0	-0.000602
-132.5	0.0	-0.000598
-132.375	0.0	-0.000593
-132.25	0.0	-0.000589
-132.125	0.0	-0.000585
-132.0	0.0	-0.000581
-131.875	0.0	-0.000576
-131.75	0.0	-0.000572
-131.625	0.0	-0.000568
-131.5	0.0	-0.000564
-131.375	0.0	-0.000559
-131.25	0.0	-0.000555
-131.125	0.0	-0.000551
-131.0	0.0	-0.000547
-130.875	0.0	-0.000542
-130.75	0.0	-0.000538
-130.625	0.0	-0.000534
-130.5	0.0	-0.00053
-130.375	0.0	-0.000526
-130.25	0.0	-0.000521
-130.125	0.0	-0.000517
-130.0	0.0	-0.000513
-129.875	0.0	-0.000509
-129.75	0.0	-0.000505
-129.625	0.0	-0.000501
-129.5	0.0	-0.000496
-129.375	0.0	-0.000492
-129.25	0.0	-0.000488
-129.125	0.0	-0.000484
-129.0	0.0	-0.00048
-128.875	0.0	-0.000476
-128.75	0.0	-0.000472
-128.625	0.0	-0.000467
-128.5	0.0	-0.000463
-128.375	0.0	-0.000459
-128.25	0.0	-0.000455
-128.125	0.0	-0.000451
-128.0	0.0	-0.000447
-127.875	0.0	-0.000443
-127.75	0.0	-0.000439
-127.625	0.0	-0.000435
-127.5	0.0	-0.000431
-127.375	0.0	-0.000426
-127.25	0.0	-0.000422
-127.125	0.0	-0.000418
-127.0	0.0	-0.000414
-126.875	0.0	-0.00041
-126.75	0.0	-0.000406
-126.625	0.0	-0.000402
-126.5	0.0	-0.000398
-126.375	0.0	-0.000394
-126.25	0.0	-0.00039
-126.125	0.0	-0.000386
-126.0	0.0	-0.000382
-125.875	0.0	-0.000378
-125.75	0.0	-0.000374
-125.625	0.0	-0.00037
-125.5	0.0	-0.000366
-125.375	0.0	-0.000362
-125.25	0.0	-0.000358
-125.125	0.0	-0.000354
-125.0	0.0	-0.00035
-124.875	0.0	-0.000346
-124.75	0.0	-0.000342
-124.625	0.0	-0.000338
-124.5	0.0	-0.000334
-124.375	0.0	-0.00033
-124.25	0.0	-0.000326
-124.125	0.0	-0.000322
-124.0	0.0	-0.000318
-123.875	0.0	-0.000314
-123.75	0.0	-0.00031
-123.625	0.0	-0.000307
-123.5	0.0	-0.000303
-123.375	0.0	-0.000299
-123.25	0.0	-0.000295
-123.125	0.0	-0.000291
-123.0	0.0	-0.000287
-122.875	0.0	-0.000283
-122.75	0.0	-0.000279
-122.625	0.0	-0.000275
-122.5	0.0	-0.000271
-122.375	0.0	-0.000267
-122.25	0.0	-0.000264
-122.125	0.0	-0.00026
-122.0	0.0	-0.000256
-121.875	0.0	-0.000252
-121.75	0.0	-0.000248
-121.625	0.0	-0.000244
-121.5	0.0	-0.00024
-121.375	0.0	-0.000236
-121.25	0.0	-0.000233
-121.125	0.0	-0.000229
-121.0	0.0	-0.000225
-120.875	0.0	-0.000221
-120.75	0.0	-0.000217
-120.625	0.0	-0.000213
-120.5	0.0	-0.000209
-120.375	0.0	-0.000206
-120.25	0.0	-0.000202
-120.125	0.0	-0.000198
-120.0	0.0	-0.000194
-119.875	0.0	-0.00019
-119.75	0.0	-0.000187
-119.625	0.0	-0.000183
-119.5	0.0	-0.000179
-119.375	0.0	-0.000175
-119.25	0.0	-0.000171
-119.125	0.0	-0.000167
-119.0	0.0	-0.000164
-118.875	0.0	-0.00016
-118.75	0.0	-0.000156
-118.625	0.0	-0.000152
-118.5	0.0	-0.000149
-118.375	0.0	-0.000145
-118.25	0.0	-0.000141
-118.125	0.0	-0.000137
-118.0	0.0	-0.000133
-117.875	0.0	-0.00013
-117.75	0.0	-0.000126
-117.625	0.0	-0.000122
-117.5	0.0	-0.000118
-117.375	0.0	-0.000115
-117.25	0.0	-0.000111
-117.125	0.0	-0.000107
-117.0	0.0	-0.000103
-116.875	0.0	-0.0001
-116.75	0.0	-9.6e-5
-116.625	0.0	-9.2e-5
-116.5	0.0	-8.8e-5
-116.375	0.0	-8.5e-5
-116.25	0.0	-8.1e-5
-116.125	0.0	-7.7e-5
-116.0	0.0	-7.4e-5
-115.875	0.0	-7.0e-5
-115.75	0.0	-6.6e-5
-115.625	0.0	-6.2e-5
-115.5	0.0	-5.9e-5
-115.375	0.0	-5.5e-5
-115.25	0.0	-5.1e-5
-115.125	0.0	-4.8e-5
-115.0	0.0	-4.4e-5
-114.875	0.0	-4.0e-5
-114.75	0.0	-3.6e-5
-114.625	0.0	-3.3e-5
-114.5	0.0	-2.9e-5
-114.375	0.0	-2.5e-5
-114.25	0.0	-2.2e-5
-114.125	0.0	-1.8e-5
-114.0	0.0	-1.4e-5
-113.875	0.0	-1.1e-5
-113.75	0.0	-7.0e-6
-113.625	0.0	-3.0e-6
-113.5	0.0	0.0
-113.375	0.0	4.0e-6
-113.25	0.0	8.0e-6
-113.125	0.0	1.1e-5
-113.0	0.0	1.5e-5
-112.875	0.0	1.9e-5
-112.75	0.0	2.2e-5
-112.625	0.0	2.6e-5
-112.5	0.0	3.0e-5
-112.375	0.0	3.3e-5
-112.25	0.0	3.7e-5
-112.125	0.0	4.1e-5
-112.0	0.0	4.4e-5
-111.875	0.0	4.8e-5
-111.75	0.0	5.2e-5
-111.625	0.0	5.5e-5
-111.5	0.0	5.9e-5
-111.375	0.0	6.2e-5
-111.25	0.0	6.6e-5
-111.125	0.0	7.0e-5
-111.0	0.0	7.3e-5
-110.875	0.0	7.7e-5
-110.75	0.0	8.1e-5
-110.625	0.0	8.4e-5
-110.5	0.0	8.8e-5
-110.375	0.0	9.1e-5
-110.25	0.0	9.5e-5
-110.125	0.0	9.9e-5
-110.0	0.0	0.000102
-109.875	0.0	0.000106
-109.75	0.0	0.000109
-109.625	0.0	0.000113
-109.5	0.0	0.000117
-109.375	0.0	0.00012
-109.25	0.0	0.000124
-109.125	0.0	0.000127
-109.0	0.0	0.000131
-108.875	0.0	0.000135
-108.75	0.0	0.000138
-108.625	0.0	0.000142
-108.5	0.0	0.000145
-108.375	0.0	0.000149
-108.25	0.0	0.000153
-108.125	0.0	0.000156
-108.0	0.0	0.00016
-107.875	0.0	0.000163
-107.75	0.0	0.000167
-107.625	0.0	0.000171
-107.5	0.0	0.000174
-107.375	0.0	0.000178
-107.25	0.0	0.000181
-107.125	0.0	0.000185
-107.0	0.0	0.000188
-106.875	0.0	0.000192
-106.75	0.0	0.000196
-106.625	0.0	0.000199
-106.5	0.0	0.000203
-106.375	0.0	0.000206
-106.25	0.0	0.00021
-106.125	0.0	0.000213
-106.0	0.0	0.000217
-105.875	0.0	0.00022
-105.75	0.0	0.000224
-105.625	0.0	0.000228
-105.5	0.0	0.000231
-105.375	0.0	0.000235
-105.25	0.0	0.000238
-105.125	0.0	0.000242
-105.0	0.0	0.000245
-104.875	0.0	0.000249
-104.75	0.0	0.000252
-104.625	0.0	0.000256
-104.5	0.0	0.000259
-104.375	0.0	0.000263
-104.25	0.0	0.000267
-104.125	0.0	0.00027
-104.0	0.0	0.000274
-103.875	0.0	0.000277
-103.75	0.0	0.000281
-103.625	0.0	0.000284
-103.5	0.0	0.000288
-103.375	0.0	0.000291
-103.25	0.0	0.000295
-103.125	0.0	0.000298
-103.0	0.0	0.000302
-102.875	0.0	0.000305
-102.75	0.0	0.000309
-102.625	0.0	0.000313
-102.5	0.0	0.000316
-102.375	0.0	0.00032
-102.25	0.0	0.000323
-102.125	0.0	0.000327
-102.0	0.0	0.00033
-101.875	0.0	0.000334
-101.75	0.0	0.000337
-101.625	0.0	0.000341
-101.5	0.0	0.000344
-101.375	0.0	0.000348
-101.25	0.0	0.000351
-101.125	0.0	0.000355
-101.0	0.0	0.000358
-100.875	0.0	0.000362
-100.75	0.0	0.000365
-100.625	0.0	0.000369
-100.5	0.0	0.000372
-100.375	0.0	0.000376
-100.25	0.0	0.000379
-100.125	0.0	0.000383
-100.0	0.0	0.000386
-99.875	0.0	0.00039
-99.75	0.0	0.000393
-99.625	0.0	0.000397
-99.5	0.0	0.0004
-99.375	0.0	0.000404
-99.25	0.0	0.000407
-99.125	0.0	0.000411
-99.0	0.0	0.000414
-98.875	0.0	0.000418
-98.75	0.0	0.000421
-98.625	0.0	0.000425
-98.5	0.0	0.000428
-98.375	0.0	0.000432
-98.25	0.0	0.000436
-98.125	0.0	0.000439
-98.0	0.0	0.000443
-97.875	0.0	0.000446
-97.75	0.0	0.00045
-97.625	0.0	0.000453
-97.5	0.0	0.000457
-97.375	0.0	0.00046
-97.25	0.0	0.000464
-97.125	0.0	0.000467
-97.0	0.0	0.000471
-96.875	0.0	0.000474
-96.75	0.0	0.000478
-96.625	0.0	0.000481
-96.5	0.0	0.000485
-96.375	0.0	0.000488
-96.25	0.0	0.000492
-96.125	0.0	0.000495
-96.0	0.0	0.000499
-95.875	0.0	0.000502
-95.75	0.0	0.000506
-95.625	0.0	0.000509
-95.5	0.0	0.000513
-95.375	0.0	0.000516
-95.25	0.0	0.00052
-95.125	0.0	0.000523
-95.0	0.0	0.000527
-94.875	0.0	0.00053
-94.75	0.0	0.000534
-94.625	0.0	0.000537
-94.5	0.0	0.000541
-94.375	0.0	0.000544
-94.25	0.0	0.000548
-94.125	0.0	0.000551
-94.0	0.0	0.000555
-93.875	0.0	0.000558
-93.75	0.0	0.000562
-93.625	0.0	0.000565
-93.5	0.0	0.000569
-93.375	0.0	0.000572
-93.25	0.0	0.000576
-93.125	0.0	0.000579
-93.0	0.0	0.000583
-92.875	0.0	0.000586
-92.75	0.0	0.00059
-92.625	0.0	0.000593
-92.5	0.0	0.000597
-92.375	0.0	0.0006
-92.25	0.0	0.000604
-92.125	0.0	0.000607
-92.0	0.0	0.000611
-91.875	0.0	0.000614
-91.75	0.0	0.000618
-91.625	0.0	0.000621
-91.5	0.0	0.000625
-91.375	0.0	0.000628
-91.25	0.0	0.000632
-91.125	0.0	0.000635
-91.0	0.0	0.000639
-90.875	0.0	0.000642
-90.75	0.0	0.000646
-90.625	0.0	0.000649
-90.5	0.0	0.000653
-90.375	0.0	0.000656
-90.25	0.0	0.00066
-90.125	0.0	0.000663
-90.0	0.0	0.000667
-89.875	0.0	0.00067
-89.75	0.0	0.000674
-89.625	0.0	0.000677
-89.5	0.0	0.000681
-89.375	0.0	0.000684
-89.25	0.0	0.000688
-89.125	0.0	0.000691
-89.0	0.0	0.000695
-88.875	0.0	0.000699
-88.75	0.0	0.000702
-88.625	0.0	0.000706
-88.5	0.0	0.000709
-88.375	0.0	0.000713
-88.25	0.0	0.000716
-88.125	0.0	0.00072
-88.0	0.0	0.000723
-87.875	0.0	0.000727
-87.75	0.0	0.00073
-87.625	0.0	0.000734
-87.5	0.0	0.000737
-87.375	0.0	0.000741
-87.25	0.0	0.000744
-87.125	0.0	0.000748
-87.0	0.0	0.000751
-86.875	0.0	0.000755
-86.75	0.0	0.000759
-86.625	0.0	0.000762
-86.5	0.0	0.000766
-86.375	0.0	0.000769
-86.25	0.0	0.000773
-86.125	0.0	0.000776
-86.0	0.0	0.00078
-85.875	0.0	0.000783
-85.75	0.0	0.000787
-85.625	0.0	0.00079
-85.5	0.0	0.000794
-85.375	0.0	0.000798
-85.25	0.0	0.000801
-85.125	0.0	0.000805
-85.0	0.0	0.000808
-84.875	0.0	0.000812
-84.75	0.0	0.000815
-84.625	0.0	0.000819
-84.5	0.0	0.000822
-84.375	0.0	0.000826
-84.25	0.0	0.00083
-84.125	0.0	0.000833
-84.0	0.0	0.000837
-83.875	0.0	0.00084
-83.75	0.0	0.000844
-83.625	0.0	0.000847
-83.5	0.0	0.000851
-83.375	0.0	0.000855
-83.25	0.0	0.000858
-83.125	0.0	0.000862
-83.0	0.0	0.000865
-82.875	0.0	0.000869
-82.75	0.0	0.000872
-82.625	0.0	0.000876
-82.5	0.0	0.00088
-82.375	0.0	0.000883
-82.25	0.0	0.000887
-82.125	0.0	0.00089
-82.0	0.0	0.000894
-81.875	0.0	0.000898
-81.75	0.0	0.000901
-81.625	0.0	0.000905
-81.5	0.0	0.000908
-81.375	0.0	0.000912
-81.25	0.0	0.000916
-81.125	0.0	0.000919
-81.0	0.0	0.000923
-80.875	0.0	0.000926
-80.75	0.0	0.00093
-80.625	0.0	0.000934
-80.5	0.0	0.000937
-80.375	0.0	0.000941
-80.25	0.0	0.000945
-80.125	0.0	0.000948
-80.0	0.0	0.000952
-79.875	0.0	0.000955
-79.75	0.0	0.000959
-79.625	0.0	0.000963
-79.5	0.0	0.000966
-79.375	0.0	0.00097
-79.25	0.0	0.000974
-79.125	0.0	0.000977
-79.0	0.0	0.000981
-78.875	0.0	0.000984
-78.75	0.0	0.000988
-78.625	0.0	0.000992
-78.5	0.0	0.000995
-78.375	0.0	0.000999
-78.25	0.0	0.001003
-78.125	0.0	0.001006
-78.0	0.0	0.00101
-77.875	0.0	0.001014
-77.75	0.0	0.001017
-77.625	0.0	0.001021
-77.5	0.0	0.001025
-77.375	0.0	0.001028
-77.25	0.0	0.001032
-77.125	0.0	0.001036
-77.0	0.0	0.001039
-76.875	0.0	0.001043
-76.75	0.0	0.001047
-76.625	0.0	0.00105
-76.5	0.0	0.001054
-76.375	0.0	0.001058
-76.25	0.0	0.001062
-76.125	0.0	0.001065
-76.0	0.0	0.001069
-75.875	0.0	0.001073
-75.75	0.0	0.001076
-75.625	0.0	0.00108
-75.5	0.0	0.001084
-75.375	0.0	0.001087
-75.25	0.0	0.001091
-75.125	0.0	0.001095
-75.0	0.0	0.001099
-74.875	0.0	0.001102
-74.75	0.0	0.001106
-74.625	0.0	0.00111
-74.5	0.0	0.001114
-74.375	0.0	0.001117
-74.25	0.0	0.001121
-74.125	0.0	0.001125
-74.0	0.0	0.001128
-73.875	0.0	0.001132
-73.75	0.0	0.001136
-73.625	0.0	0.00114
-73.5	0.0	0.001143
-73.375	0.0	0.001147
-73.25	0.0	0.001151
-73.125	0.0	0.001155
-73.0	0.0	0.001159
-72.875	0.0	0.001162
-72.75	0.0	0.001166
-72.625	0.0	0.00117
-72.5	0.0	0.001174
-72.375	0.0	0.001177
-72.25	0.0	0.001181
-72.125	0.0	0.001185
-72.0	0.0	0.001189
-71.875	0.0	0.001193
-71.75	0.0	0.001196
-71.625	0.0	0.0012
-71.5	0.0	0.001204
-71.375	0.0	0.001208
-71.25	0.0	0.001212
-71.125	0.0	0.001215
-71.0	0.0	0.001219
-70.875	0.0	0.001223
-70.75	0.0	0.001227
-70.625	0.0	0.001231
-70.5	0.0	0.001235
-70.375	0.0	0.001238
-70.25	0.0	0.001242
-70.125	0.0	0.001246
-70.0	0.0	0.00125
-69.875	0.0	0.001254
-69.75	0.0	0.001258
-69.625	0.0	0.001262
-69.5	0.0	0.001265
-69.375	0.0	0.001269
-69.25	0.0	0.001273
-69.125	0.0	0.001277
-69.0	0.0	0.001281
-68.875	0.0	0.001285
-68.75	0.0	0.001289
-68.625	0.0	0.001293
-68.5	0.0	0.001296
-68.375	0.0	0.0013
-68.25	0.0	0.001304
-68.125	0.0	0.001308
-68.0	0.0	0.001312
-67.875	0.0	0.001316
-67.75	0.0	0.00132
-67.625	0.0	0.001324
-67.5	0.0	0.001328
-67.375	0.0	0.001332
-67.25	0.0	0.001336
-67.125	0.0	0.00134
-67.0	0.0	0.001343
-66.875	0.0	0.001347
-66.75	0.0	0.001351
-66.625	0.0	0.001355
-66.5	0.0	0.001359
-66.375	0.0	0.001363
-66.25	0.0	0.001367
-66.125	0.0	0.001371
-66.0	0.0	0.001375
-65.875	0.0	0.001379
-65.75	0.0	0.001383
-65.625	0.0	0.001387
-65.5	0.0	0.001391
-65.375	0.0	0.001395
-65.25	0.0	0.001399
-65.125	0.0	0.001403
-65.0	0.0	0.001407
-64.875	0.0	0.001411
-64.75	0.0	0.001415
-64.625	0.0	0.001419
-64.5	0.0	0.001423
-64.375	0.0	0.001427
-64.25	0.0	0.001431
-64.125	0.0	0.001435
-64.0	0.0	0.001439
-63.875	0.0	0.001443
-63.75	0.0	0.001448
-63.625	0.0	0.001452
-63.5	0.0	0.001456
-63.375	0.0	0.00146
-63.25	0.0	0.001464
-63.125	0.0	0.001468
-63.0	0.0	0.001472
-62.875	0.0	0.001476
-62.75	0.0	0.00148
-62.625	0.0	0.001484
-62.5	0.0	0.001488
-62.375	0.0	0.001493
-62.25	0.0	0.001497
-62.125	0.0	0.001501
-62.0	0.0	0.001505
-61.875	0.0	0.001509
-61.75	0.0	0.001513
-61.625	0.0	0.001517
-61.5	0.0	0.001521
-61.375	0.0	0.001526
-61.25	0.0	0.00153
-61.125	0.0	0.001534
-61.0	0.0	0.001538
-60.875	0.0	0.001542
-60.75	0.0	0.001547
-60.625	0.0	0.001551
-60.5	0.0	0.001555
-60.375	0.0	0.001559
-60.25	0.0	0.001563
-60.125	0.0	0.001568
-60.0	0.0	0.001572
-59.875	0.0	0.001576
-59.75	0.0	0.00158
-59.625	0.0	0.001584
-59.5	0.0	0.001589
-59.375	0.0	0.001593
-59.25	0.0	0.001597
-59.125	0.0	0.001601
-59.0	0.0	0.001606
-58.875	0.0	0.00161
-58.75	0.0	0.001614
-58.625	0.0	0.001619
-58.5	0.0	0.001623
-58.375	0.0	0.001627
-58.25	0.0	0.001631
-58.125	0.0	0.001636
-58.0	0.0	0.00164
-57.875	0.0	0.001644
-57.75	0.0	0.001649
-57.625	0.0	0.001653
-57.5	0.0	0.001657
-57.375	0.0	0.001662
-57.25	0.0	0.001666
-57.125	0.0	0.00167
-57.0	0.0	0.001675
-56.875	0.0	0.001679
-56.75	0.0	0.001683
-56.625	0.0	0.001688
-56.5	0.0	0.001692
-56.375	0.0	0.001697
-56.25	0.0	0.001701
-56.125	0.0	0.001705
-56.0	0.0	0.00171
-55.875	0.0	0.001714
-55.75	0.0	0.001719
-55.625	0.0	0.001723
-55.5	0.0	0.001728
-55.375	0.0	0.001732
-55.25	0.0	0.001737
-55.125	0.0	0.001741
-55.0	0.0	0.001745
-54.875	0.0	0.00175
-54.75	0.0	0.001754
-54.625	0.0	0.001759
-54.5	0.0	0.001763
-54.375	0.0	0.001768
-54.25	0.0	0.001772
-54.125	0.0	0.001777
-54.0	0.0	0.001782
-53.875	0.0	0.001786
-53.75	0.0	0.001791
-53.625	0.0	0.001795
-53.5	0.0	0.0018
-53.375	0.0	0.001804
-53.25	0.0	0.001809
-53.125	0.0	0.001813
-53.0	0.0	0.001818
-52.875	0.0	0.001823
-52.75	0.0	0.001827
-52.625	0.0	0.001832
-52.5	0.0	0.001836
-52.375	0.0	0.001841
-52.25	0.0	0.001846
-52.125	0.0	0.00185
-52.0	0.0	0.001855
-51.875	0.0	0.00186
-51.75	0.0	0.001864
-51.625	0.0	0.001869
-51.5	0.0	0.001874
-51.375	0.0	0.001878
-51.25	0.0	0.001883
-51.125	0.0	0.001888
-51.0	0.0	0.001892
-50.875	0.0	0.001897
-50.75	0.0	0.001902
-50.625	0.0	0.001907
-50.5	0.0	0.001911
-50.375	0.0	0.001916
-50.25	0.0	0.001921
-50.125	0.0	0.001926
-50.0	0.0	0.001931
-49.875	0.0	0.001935
-49.75	0.0	0.00194
-49.625	0.0	0.001945
-49.5	0.0	0.00195
-49.375	0.0	0.001955
-49.25	0.0	0.001959
-49.125	0.0	0.001964
-49.0	0.0	0.001969
-48.875	0.0	0.001974
-48.75	0.0	0.001979
-48.625	0.0	0.001984
-48.5	0.0	0.001989
-48.375	0.0	0.001994
-48.25	0.0	0.001998
-48.125	0.0	0.002003
-48.0	0.0	0.002008
-47.875	0.0	0.002013
-47.75	0.0	0.002018
-47.625	0.0	0.002023
-47.5	0.0	0.002028
-47.375	0.0	0.002033
-47.25	0.0	0.002038
-47.125	0.0	0.002043
-47.0	0.0	0.002048
-46.875	0.0	0.002053
-46.75	0.0	0.002058
-46.625	0.0	0.002063
-46.5	0.0	0.002068
-46.375	0.0	0.002073
-46.25	0.0	0.002078
-46.125	0.0	0.002083
-46.0	0.0	0.002088
-45.875	0.0	0.002093
-45.75	0.0	0.002099
-45.625	0.0	0.002104
-45.5	0.0	0.002109
-45.375	0.0	0.002114
-45.25	0.0	0.002119
-45.125	0.0	0.002124
-45.0	0.0	0.002129
-44.875	0.0	0.002135
-44.75	0.0	0.00214
-44.625	0.0	0.002145
-44.5	0.0	0.00215
-44.375	0.0	0.002155
-44.25	0.0	0.002161
-44.125	0.0	0.002166
-44.0	0.0	0.002171
-43.875	0.0	0.002176
-43.75	0.0	0.002182
-43.625	0.0	0.002187
-43.5	0.0	0.002192
-43.375	0.0	0.002198
-43.25	0.0	0.002203
-43.125	0.0	0.002208
-43.0	0.0	0.002214
-42.875	0.0	0.002219
-42.75	0.0	0.002224
-42.625	0.0	0.00223
-42.5	0.0	0.002235
-42.375	0.0	0.00224
-42.25	0.0	0.002246
-42.125	0.0	0.002251
-42.0	0.0	0.002257
-41.875	0.0	0.002262
-41.75	0.0	0.002268
-41.625	0.0	0.002273
-41.5	0.0	0.002279
-41.375	0.0	0.002284
-41.25	0.0	0.00229
-41.125	0.0	0.002295
-41.0	0.0	0.002301
-40.875	0.0	0.002306
-40.75	0.0	0.002312
-40.625	0.0	0.002317
-40.5	0.0	0.002323
-40.375	0.0	0.002328
-40.25	0.0	0.002334
-40.125	0.0	0.00234
-40.0	0.0	0.002345
-39.875	0.0	0.002351
-39.75	0.0	0.002357
-39.625	0.0	0.002362
-39.5	0.0	0.002368
-39.375	0.0	0.002374
-39.25	0.0	0.002379
-39.125	0.0	0.002385
-39.0	0.0	0.002391
-38.875	0.0	0.002397
-38.75	0.0	0.002402
-38.625	0.0	0.002408
-38.5	0.0	0.002414
-38.375	0.0	0.00242
-38.25	0.0	0.002426
-38.125	0.0	0.002431
-38.0	0.0	0.002437
-37.875	0.0	0.002443
-37.75	0.0	0.002449
-37.625	0.0	0.002455
-37.5	0.0	0.002461
-37.375	0.0	0.002467
-37.25	0.0	0.002473
-37.125	0.0	0.002479
-37.0	0.0	0.002485
-36.875	0.0	0.002491
-36.75	0.0	0.002497
-36.625	0.0	0.002503
-36.5	0.0	0.002509
-36.375	0.0	0.002515
-36.25	0.0	0.002521
-36.125	0.0	0.002527
-36.0	0.0	0.002533
-35.875	0.0	0.002539
-35.75	0.0	0.002545
-35.625	0.0	0.002551
-35.5	0.0	0.002557
-35.375	0.0	0.002564
-35.25	0.0	0.00257
-35.125	0.0	0.002576
-35.0	0.0	0.002582
-34.875	0.0	0.002588
-34.75	0.0	0.002595
-34.625	0.0	0.002601
-34.5	0.0	0.002607
-34.375	0.0	0.002613
-34.25	0.0	0.00262
-34.125	0.0	0.002626
-34.0	0.0	0.002632
-33.875	0.0	0.002639
-33.75	0.0	0.002645
-33.625	0.0	0.002652
-33.5	0.0	0.002658
-33.375	0.0	0.002664
-33.25	0.0	0.002671
-33.125	0.0	0.002677
-33.0	0.0	0.002684
-32.875	0.0	0.00269
-32.75	0.0	0.002697
-32.625	0.0	0.002703
-32.5	0.0	0.00271
-32.375	0.0	0.002717
-32.25	0.0	0.002723
-32.125	0.0	0.00273
-32.0	0.0	0.002736
-31.875	0.0	0.002743
-31.75	0.0	0.00275
-31.625	0.0	0.002756
-31.5	0.0	0.002763
-31.375	0.0	0.00277
-31.25	0.0	0.002776
-31.125	0.0	0.002783
-31.0	0.0	0.00279
-30.875	0.0	0.002797
-30.75	0.0	0.002804
-30.625	0.0	0.00281
-30.5	0.0	0.002817
-30.375	0.0	0.002824
-30.25	0.0	0.002831
-30.125	0.0	0.002838
-30.0	0.0	0.002845
-29.875	0.0	0.002852
-29.75	0.0	0.002859
-29.625	0.0	0.002866
-29.5	0.0	0.002873
-29.375	0.0	0.00288
-29.25	0.0	0.002887
-29.125	0.0	0.002894
-29.0	0.0	0.002901
-28.875	0.0	0.002908
-28.75	0.0	0.002915
-28.625	0.0	0.002923
-28.5	0.0	0.00293
-28.375	0.0	0.002937
-28.25	0.0	0.002944
-28.125	0.0	0.002951
-28.0	0.0	0.002959
-27.875	0.0	0.002966
-27.75	0.0	0.002973
-27.625	0.0	0.002981
-27.5	0.0	0.002988
-27.375	0.0	0.002995
-27.25	0.0	0.003003
-27.125	0.0	0.00301
-27.0	0.0	0.003018
-26.875	0.0	0.003025
-26.75	0.0	0.003033
-26.625	0.0	0.00304
-26.5	0.0	0.003048
-26.375	0.0	0.003055
-26.25	0.0	0.003063
-26.125	0.0	0.00307
-26.0	0.0	0.003078
-25.875	0.0	0.003086
-25.75	0.0	0.003093
-25.625	0.0	0.003101
-25.5	0.0	0.003109
-25.375	0.0	0.003117
-25.25	0.0	0.003124
-25.125	0.0	0.003132
-25.0	0.0	0.00314
-24.875	0.0	0.003148
-24.75	0.0	0.003156
-24.625	0.0	0.003164
-24.5	0.0	0.003172
-24.375	0.0	0.00318
-24.25	0.0	0.003188
-24.125	0.0	0.003196
-24.0	0.0	0.003204
-23.875	0.0	0.003212
-23.75	0.0	0.00322
-23.625	0.0	0.003228
-23.5	0.0	0.003236
-23.375	0.0	0.003244
-23.25	0.0	0.003252
-23.125	0.0	0.003261
-23.0	0.0	0.003269
-22.875	0.0	0.003277
-22.75	0.0	0.003286
-22.625	0.0	0.003294
-22.5	0.0	0.003302
-22.375	0.0	0.003311
-22.25	0.0	0.003319
-22.125	0.0	0.003328
-22.0	0.0	0.003336
-21.875	0.0	0.003345
-21.75	0.0	0.003353
-21.625	0.0	0.003362
-21.5	0.0	0.00337
-21.375	0.0	0.003379
-21.25	0.0	0.003388
-21.125	0.0	0.003396
-21.0	0.0	0.003405
-20.875	0.0	0.003414
-20.75	0.0	0.003423
-20.625	0.0	0.003431
-20.5	0.0	0.00344
-20.375	0.0	0.003449
-20.25	0.0	0.003458
-20.125	0.0	0.003467
-20.0	0.0	0.003476
-19.875	0.0	0.003485
-19.75	0.0	0.003494
-19.625	0.0	0.003503
-19.5	0.0	0.003512
-19.375	0.0	0.003521
-19.25	0.0	0.00353
-19.125	0.0	0.00354
-19.0	0.0	0.003549
-18.875	0.0	0.003558
-18.75	0.0	0.003567
-18.625	0.0	0.003577
-18.5	0.0	0.003586
-18.375	0.0	0.003596
-18.25	0.0	0.003605
-18.125	0.0	0.003615
-18.0	0.0	0.003624
-17.875	0.0	0.003634
-17.75	0.0	0.003643
-17.625	0.0	0.003653
-17.5	0.0	0.003662
-17.375	0.0	0.003672
-17.25	0.0	0.003682
-17.125	0.0	0.003692
-17.0	0.0	0.003701
-16.875	0.0	0.003711
-16.75	0.0	0.003721
-16.625	0.0	0.003731
-16.5	0.0	0.003741
-16.375	0.0	0.003751
-16.25	0.0	0.003761
-16.125	0.0	0.003771
-16.0	0.0	0.003781
-15.875	0.0	0.003791
-15.75	0.0	0.003802
-15.625	0.0	0.003812
-15.5	0.0	0.003822
-15.375	0.0	0.003832
-15.25	0.0	0.003843
-15.125	0.0	0.003853
-15.0	0.0	0.003864
-14.875	0.0	0.003874
-14.75	0.0	0.003885
-14.625	0.0	0.003895
-14.5	0.0	0.003906
-14.375	0.0	0.003916
-14.25	0.0	0.003927
-14.125	0.0	0.003938
-14.0	0.0	0.003949
-13.875	0.0	0.003959
-13.75	0.0	0.00397
-13.625	0.0	0.003981
-13.5	0.0	0.003992
-13.375	0.0	0.004003
-13.25	0.0	0.004014
-13.125	0.0	0.004025
-13.0	0.0	0.004036
-12.875	0.0	0.004048
-12.75	0.0	0.004059
-12.625	0.0	0.00407
-12.5	0.0	0.004082
-12.375	0.0	0.004093
-12.25	0.0	0.004104
-12.125	0.0	0.004116
-12.0	0.0	0.004127
-11.875	0.0	0.004139
-11.75	0.0	0.00415
-11.625	0.0	0.004162
-11.5	0.0	0.004174
-11.375	0.0	0.004186
-11.25	0.0	0.004197
-11.125	0.0	0.004209
-11.0	0.0	0.004221
-10.875	0.0	0.004233
-10.75	0.0	0.004245
-10.625	0.0	0.004257
-10.5	0.0	0.004269
-10.375	0.0	0.004281
-10.25	0.0	0.004294
-10.125	0.0	0.004306
-10.0	0.0	0.004318
-9.875	0.0	0.004331
-9.75	0.0	0.004343
-9.625	0.0	0.004356
-9.5	0.0	0.004368
-9.375	0.0	0.004381
-9.25	0.0	0.004393
-9.125	0.0	0.004406
-9.0	0.0	0.004419
-8.875	0.0	0.004432
-8.75	0.0	0.004445
-8.625	0.0	0.004458
-8.5	0.0	0.004471
-8.375	0.0	0.004484
-8.25	0.0	0.004497
-8.125	0.0	0.00451
-8.0	0.0	0.004523
-7.875	0.0	0.004537
-7.75	0.0	0.00455
-7.625	0.0	0.004563
-7.5	0.0	0.004577
-7.375	0.0	0.00459
-7.25	0.0	0.004604
-7.125	0.0	0.004618
-7.0	0.0	0.004631
-6.875	0.0	0.004645
-6.75	0.0	0.004659
-6.625	0.0	0.004673
-6.5	0.0	0.004687
-6.375	0.0	0.004701
-6.25	0.0	0.004715
-6.125	0.0	0.004729
-6.0	0.0	0.004744
-5.875	0.0	0.004758
-5.75	0.0	0.004772
-5.625	0.0	0.004787
-5.5	0.0	0.004801
-5.375	0.0	0.004816
-5.25	0.0	0.004831
-5.125	0.0	0.004845
-5.0	0.0	0.00486
-4.875	0.0	0.004875
-4.75	0.0	0.00489
-4.625	0.0	0.004905
-4.5	0.0	0.00492
-4.375	0.0	0.004935
-4.25	0.0	0.004951
-4.125	0.0	0.004966
-4.0	0.0	0.004981
-3.875	0.0	0.004997
-3.75	0.0	0.005012
-3.625	0.0	0.005028
-3.5	0.0	0.005044
-3.375	0.0	0.005059
-3.25	0.0	0.005075
-3.125	0.0	0.005091
-3.0	0.0	0.005107
-2.875	0.0	0.005123
-2.75	0.0	0.005139
-2.625	0.0	0.005156
-2.5	0.0	0.005172
-2.375	0.0	0.005188
-2.25	0.0	0.005205
-2.125	0.0	0.005221
-2.0	0.0	0.005238
-1.875	0.0	0.005255
-1.75	0.0	0.005271
-1.625	0.0	0.005288
-1.5	0.0	0.005305
-1.375	0.0	0.005322
-1.25	0.0	0.00534
-1.125	0.0	0.005357
-1.0	0.0	0.005374
-0.875	0.0	0.005392
-0.75	0.0	0.005409
-0.625	0.0	0.005427
-0.5	0.0	0.005444
-0.375	0.0	0.005462
-0.25	0.0	0.00548
-0.125	0.0	0.005498
0.0	0.0	0.005516
0.125	0.0	0.005534
0.25	0.0	0.005552
0.375	0.0	0.005571
0.5	0.0	0.005589
0.625	0.0	0.005608
0.75	0.0	0.005626
0.875	0.0	0.005645
1.0	0.0	0.005664
1.125	0.0	0.005683
1.25	0.0	0.005702
1.375	0.0	0.005721
1.5	0.0	0.00574
1.625	0.0	0.005759
1.75	0.0	0.005778
1.875	0.0	0.005798
2.0	0.0	0.005818
2.125	0.0	0.005837
2.25	0.0	0.005857
2.375	0.0	0.005877
2.5	0.0	0.005897
2.625	0.0	0.005917
2.75	0.0	0.005937
2.875	0.0	0.005957
3.0	0.0	0.005978
3.125	0.0	0.005998
3.25	0.0	0.006019
3.375	0.0	0.00604
3.5	0.0	0.006061
3.625	0.0	0.006082
3.75	0.0	0.006103
3.875	0.0	0.006124
4.0	0.0	0.006145
4.125	0.0	0.006166
4.25	0.0	0.006188
4.375	0.0	0.006209
4.5	0.0	0.006231
4.625	0.0	0.006253
4.75	0.0	0.006275
4.875	0.0	0.006297
5.0	0.0	0.006319
5.125	0.0	0.006341
5.25	0.0	0.006364
5.375	0.0	0.006386
5.5	0.0	0.006409
5.625	0.0	0.006432
5.75	0.0	0.006455
5.875	0.0	0.006478
6.0	0.0	0.006501
6.125	0.0	0.006524
6.25	0.0	0.006547
6.375	0.0	0.006571
6.5	0.0	0.006594
6.625	0.0	0.006618
6.75	0.0	0.006642
6.875	0.0	0.006666
7.0	0.0	0.00669
7.125	0.0	0.006714
7.25	0.0	0.006738
7.375	0.0	0.006763
7.5	0.0	0.006787
7.625	0.0	0.006812
7.75	0.0	0.006836
7.875	0.0	0.006861
8.0	0.0	0.006886
8.125	0.0	0.006912
8.25	0.0	0.006937
8.375	0.0	0.006962
8.5	0.0	0.006988
8.625	0.0	0.007013
8.75	0.0	0.007039
8.875	0.0	0.007065
9.0	0.0	0.007091
9.125	0.0	0.007117
9.25	0.0	0.007143
9.375	0.0	0.00717
9.5	0.0	0.007197
9.625	0.0	0.007223
9.75	0.0	0.00725
9.875	0.0	0.007277
10.0	0.0	0.007304
10.125	0.0	0.007332
10.25	0.0	0.007359
10.375	0.0	0.007387
10.5	0.0	0.007415
10.625	0.0	0.007444
10.75	0.0	0.007472
10.875	0.0	0.007501
11.0	0.0	0.00753
11.125	0.0	0.007559
11.25	0.0	0.007588
11.375	0.0	0.007618
11.5	0.0	0.007648
11.625	0.0	0.007679
11.75	0.0	0.007709
11.875	0.0	0.00774
12.0	0.0	0.007772
12.125	0.0	0.007803
12.25	0.0	0.007835
12.375	0.0	0.007866
12.5	0.0	0.007898
12.625	0.0	0.00793
12.75	0.0	0.007962
12.875	0.0	0.007993
13.0	0.0	0.008024
13.125	0.0	0.008054
13.25	0.0	0.008083
13.375	0.0	0.00811
13.5	0.0	0.008136
13.625	0.0	0.00816
13.75	0.0	0.008182
13.875	0.0	0.0082
14.0	0.0	0.008215
14.125	0.0	0.008225
14.25	0.0	0.008231
14.375	0.0	0.008231
14.5	0.0	0.008224
14.625	0.0	0.008211
14.75	0.0	0.008189
14.875	0.0	0.008158
15.0	0.0	0.008118
15.125	0.0	0.008068
15.25	0.0	0.008006
15.375	0.0	0.007933
15.5	0.0	0.007848
15.625	0.0	0.007752
15.75	0.0	0.007643
15.875	0.0	0.007524
16.0	1.0e-6	0.007393
16.125	1.0e-6	0.007254
16.25	1.0e-6	0.007108
16.375	1.0e-6	0.006958
16.5	1.0e-6	0.006807
16.625	2.0e-6	0.006658
16.75	2.0e-6	0.006519
16.875	3.0e-6	0.006393
17.0	4.0e-6	0.006289
17.125	5.0e-6	0.006215
17.25	6.0e-6	0.006181
17.375	7.0e-6	0.006197
17.5	9.0e-6	0.006275
17.625	1.1e-5	0.00643
17.75	1.4e-5	0.006675
17.875	1.7e-5	0.007026
18.0	2.1e-5	0.007501
18.125	2.6e-5	0.008117
18.25	3.1e-5	0.008894
18.375	3.9e-5	0.00985
18.5	4.7e-5	0.011004
18.625	5.8e-5	0.012377
18.75	7.0e-5	0.013986
18.875	8.6e-5	0.015849
19.0	0.000104	0.017983
19.125	0.000126	0.020401
19.25	0.000153	0.023113
19.375	0.000185	0.026126
19.5	0.000223	0.029444
19.625	0.000268	0.033062
19.75	0.000322	0.036972
19.875	0.000387	0.041156
20.0	0.000463	0.045591
20.125	0.000554	0.050242
20.25	0.000661	0.055066
20.375	0.000787	0.060009
20.5	0.000935	0.065004
20.625	0.00111	0.069974
20.75	0.001315	0.074829
20.875	0.001555	0.079465
21.0	0.001836	0.083767
21.125	0.002163	0.087605
21.25	0.002544	0.090837
21.375	0.002986	0.093311
21.5	0.003499	0.094863
21.625	0.004093	0.09532
21.75	0.004779	0.0945
21.875	0.00557	0.092218
22.0	0.00648	0.088283
22.125	0.007525	0.082506
22.25	0.008723	0.074701
22.375	0.010093	0.064687
22.5	0.011657	0.052294
22.625	0.013439	0.037369
22.75	0.015466	0.019775
22.875	0.017766	-0.000597
23.0	0.02037	-0.02383
23.125	0.023315	-0.049972
23.25	0.026637	-0.079032
23.375	0.030377	-0.110974
23.5	0.034579	-0.145717
23.625	0.039292	-0.183124
23.75	0.044566	-0.223003
23.875	0.050456	-0.265103
24.0	0.057021	-0.309109
24.125	0.064324	-0.354645
24.25	0.072431	-0.401267
24.375	0.081412	-0.448469
24.5	0.091341	-0.49568
24.625	0.102296	-0.54227
24.75	0.114356	-0.58755
24.875	0.127607	-0.630781
25.0	0.142136	-0.671178
25.125	0.158032	-0.707919
25.25	0.175388	-0.740155
25.375	0.194298	-0.767016
25.5	0.214857	-0.78763
25.625	0.237161	-0.801129
25.75	0.261306	-0.806667
25.875	0.287388	-0.803434
26.0	0.315501	-0.790667
26.125	0.345738	-0.767674
26.25	0.378186	-0.73384
26.375	0.41293	-0.68865
26.5	0.45005	-0.631702
26.625	0.489619	-0.562717
26.75	0.531702	-0.48156
26.875	0.576357	-0.388246
27.0	0.623631	-0.282953
27.125	0.673561	-0.166032
27.25	0.726171	-0.038009
27.375	0.781473	0.100408
27.5	0.839464	0.248328
27.625	0.900125	0.404679
27.75	0.963423	0.568213
27.875	1.029304	0.737514
28.0	1.0977	0.911005
28.125	1.168521	1.086969
28.25	1.241659	1.263558
28.375	1.316985	1.43882
28.5	1.394353	1.610713
28.625	1.473592	1.777138
28.75	1.554515	1.935962
28.875	1.636913	2.085045
29.0	1.720557	2.222274
29.125	1.805201	2.34559
29.25	1.89058	2.453022
29.375	1.976413	2.542717
29.5	2.062401	2.61297
29.625	2.148233	2.662255
29.75	2.233586	2.689249
29.875	2.318126	2.692861
30.0	2.401509	2.672255
30.125	2.483388	2.626864
30.25	2.563408	2.556413
30.375	2.641216	2.460924
30.5	2.716458	2.340729
30.625	2.788785	2.196469
30.75	2.857854	2.029096
30.875	2.923331	1.839863
31.0	2.984895	1.630315
31.125	3.042236	1.402272
31.25	3.095065	1.157812
31.375	3.143111	0.899242
31.5	3.186123	0.629071
31.625	3.223875	0.349983
31.75	3.256169	0.064795
31.875	3.282832	-0.223574
32.0	3.303721	-0.512145
32.125	3.318723	-0.79792
32.25	3.327756	-1.077917
32.375	3.330773	-1.349218
32.5	3.327757	-1.609002
32.625	3.318723	-1.854588
32.75	3.303722	-2.083468
32.875	3.282834	-2.293343
33.0	3.256171	-2.482151
33.125	3.223878	-2.648094
33.25	3.186125	-2.789664
33.375	3.143114	-2.905655
33.5	3.095069	-2.99518
33.625	3.04224	-3.057681
33.75	2.984899	-3.092928
33.875	2.923336	-3.101021
34.0	2.857858	-3.082383
34.125	2.788789	-3.037746
34.25	2.716462	-2.968141
34.375	2.64122	-2.874873
34.5	2.563413	-2.7595
34.625	2.483393	-2.623808
34.75	2.401515	-2.469778
34.875	2.318131	-2.299556
35.0	2.233592	-2.115421
35.125	2.148239	-1.919748
35.25	2.062406	-1.714975
35.375	1.976418	-1.503568
35.5	1.890586	-1.287988
35.625	1.805207	-1.070654
35.75	1.720563	-0.853916
35.875	1.636918	-0.640025
36.0	1.55452	-0.431106
36.125	1.473597	-0.229133
36.25	1.394358	-0.035912
36.375	1.31699	0.146942
36.5	1.241663	0.318011
36.625	1.168525	0.476089
36.75	1.097704	0.620189
36.875	1.029308	0.749543
37.0	0.963427	0.863601
37.125	0.900129	0.962033
37.25	0.839467	1.044713
37.375	0.781476	1.111719
37.5	0.726174	1.163314
37.625	0.673564	1.199933
37.75	0.623634	1.222171
37.875	0.57636	1.23076
38.0	0.531705	1.226554
38.125	0.489621	1.210509
38.25	0.450052	1.183661
38.375	0.412932	1.147112
38.5	0.378188	1.102003
38.625	0.34574	1.049503
38.75	0.315503	0.990786
38.875	0.28739	0.927015
39.0	0.261308	0.859328
39.125	0.237162	0.788826
39.25	0.214858	0.716553
39.375	0.194299	0.643497
39.5	0.17539	0.570568
39.625	0.158033	0.498604
39.75	0.142137	0.428355
39.875	0.127608	0.360485
40.0	0.114357	0.295568
40.125	0.102296	0.23409
40.25	0.091342	0.176445
40.375	0.081413	0.122944
40.5	0.072432	0.073811
40.625	0.064325	0.029194
40.75	0.057022	-0.010835
40.875	0.050456	-0.04627
41.0	0.044566	-0.077168
41.125	0.039292	-0.103639
41.25	0.034579	-0.125842
41.375	0.030377	-0.143977
41.5	0.026637	-0.158277
41.625	0.023315	-0.169001
41.75	0.020371	-0.176429
41.875	0.017766	-0.180855
42.0	0.015466	-0.182581
42.125	0.013439	-0.181913
42.25	0.011657	-0.179152
42.375	0.010093	-0.174595
42.5	0.008723	-0.16853
42.625	0.007525	-0.161228
42.75	0.00648	-0.152948
42.875	0.00557	-0.143929
43.0	0.004779	-0.134392
43.125	0.004093	-0.124537
43.25	0.003499	-0.114542
43.375	0.002986	-0.104566
43.5	0.002544	-0.094745
43.625	0.002163	-0.085197
43.75	0.001836	-0.076018
43.875	0.001555	-0.067286
44.0	0.001315	-0.059063
44.125	0.00111	-0.051394
44.25	0.000935	-0.044308
44.375	0.000787	-0.037823
44.5	0.000661	-0.031944
44.625	0.000554	-0.026667
44.75	0.000463	-0.021978
44.875	0.000387	-0.017856
45.0	0.000322	-0.014276
45.125	0.000268	-0.011206
45.25	0.000223	-0.008612
45.375	0.000185	-0.006457
45.5	0.000153	-0.004703
45.625	0.000126	-0.003311
45.75	0.000104	-0.002243
45.875	8.6e-5	-0.001462
46.0	7.0e-5	-0.000931
46.125	5.8e-5	-0.000615
46.25	4.7e-5	-0.000483
46.375	3.9e-5	-0.000502
46.5	3.1e-5	-0.000647
46.625	2.6e-5	-0.000892
46.75	2.1e-5	-0.001214
46.875	1.7e-5	-0.001593
47.0	1.4e-5	-0.002011
47.125	1.1e-5	-0.002454
47.25	9.0e-6	-0.002907
47.375	7.0e-6	-0.003362
47.5	6.0e-6	-0.003807
47.625	5.0e-6	-0.004237
47.75	4.0e-6	-0.004646
47.875	3.0e-6	-0.005029
48.0	2.0e-6	-0.005384
48.125	2.0e-6	-0.005709
48.25	1.0e-6	-0.006003
48.375	1.0e-6	-0.006266
48.5	1.0e-6	-0.006498
48.625	1.0e-6	-0.0067
48.75	1.0e-6	-0.006875
48.875	0.0	-0.007022
49.0	0.0	-0.007145
49.125	0.0	-0.007245
49.25	0.0	-0.007325
49.375	0.0	-0.007386
49.5	0.0	-0.00743
49.625	0.0	-0.007459
49.75	0.0	-0.007476
49.875	0.0	-0.007482
50.0	0.0	-0.007478
50.125	0.0	-0.007466
50.25	0.0	-0.007448
50.375	0.0	-0.007424
50.5	0.0	-0.007396
50.625	0.0	-0.007364
50.75	0.0	-0.00733
50.875	0.0	-0.007294
51.0	0.0	-0.007256
51.125	0.0	-0.007218
51.25	0.0	-0.007179
51.375	0.0	-0.00714
51.5	0.0	-0.007102
51.625	0.0	-0.007063
51.75	0.0	-0.007025
51.875	0.0	-0.006988
52.0	0.0	-0.006951
52.125	0.0	-0.006915
52.25	0.0	-0.006879
52.375	0.0	-0.006844
52.5	0.0	-0.00681
52.625	0.0	-0.006777
52.75	0.0	-0.006744
52.875	0.0	-0.006712
53.0	0.0	-0.006681
53.125	0.0	-0.00665
53.25	0.0	-0.006619
53.375	0.0	-0.006589
53.5	0.0	-0.00656
53.625	0.0	-0.00653
53.75	0.0	-0.006501
53.875	0.0	-0.006472
54.0	0.0	-0.006444
54.125	0.0	-0.006416
54.25	0.0	-0.006388
54.375	0.0	-0.00636
54.5	0.0	-0.006333
54.625	0.0	-0.006305
54.75	0.0	-0.006278
54.875	0.0	-0.006251
55.0	0.0	-0.006224
55.125	0.0	-0.006197
55.25	0.0	-0.006171
55.375	0.0	-0.006144
55.5	0.0	-0.006118
55.625	0.0	-0.006092
55.75	0.0	-0.006066
55.875	0.0	-0.00604
56.0	0.0	-0.006014
56.125	0.0	-0.005988
56.25	0.0	-0.005962
56.375	0.0	-0.005937
56.5	0.0	-0.005912
56.625	0.0	-0.005886
56.75	0.0	-0.005861
56.875	0.0	-0.005836
57.0	0.0	-0.005811
57.125	0.0	-0.005787
57.25	0.0	-0.005762
57.375	0.0	-0.005737
57.5	0.0	-0.005713
57.625	0.0	-0.005689
57.75	0.0	-0.005665
57.875	0.0	-0.005641
58.0	0.0	-0.005617
58.125	0.0	-0.005593
58.25	0.0	-0.005569
58.375	0.0	-0.005546
58.5	0.0	-0.005522
58.625	0.0	-0.005499
58.75	0.0	-0.005476
58.875	0.0	-0.005452
59.0	0.0	-0.005429
59.125	0.0	-0.005407
59.25	0.0	-0.005384
59.375	0.0	-0.005361
59.5	0.0	-0.005339
59.625	0.0	-0.005316
59.75	0.0	-0.005294
59.875	0.0	-0.005272
60.0	0.0	-0.00525
60.125	0.0	-0.005228
60.25	0.0	-0.005206
60.375	0.0	-0.005184
60.5	0.0	-0.005163
60.625	0.0	-0.005141
60.75	0.0	-0.00512
60.875	0.0	-0.005099
61.0	0.0	-0.005077
61.125	0.0	-0.005056
61.25	0.0	-0.005035
61.375	0.0	-0.005015
61.5	0.0	-0.004994
61.625	0.0	-0.004973
61.75	0.0	-0.004953
61.875	0.0	-0.004932
62.0	0.0	-0.004912
62.125	0.0	-0.004892
62.25	0.0	-0.004872
62.375	0.0	-0.004852
62.5	0.0	-0.004832
62.625	0.0	-0.004812
62.75	0.0	-0.004792
62.875	0.0	-0.004773
63.0	0.0	-0.004753
63.125	0.0	-0.004734
63.25	0.0	-0.004715
63.375	0.0	-0.004696
63.5	0.0	-0.004676
63.625	0.0	-0.004657
63.75	0.0	-0.004639
63.875	0.0	-0.00462
64.0	0.0	-0.004601
64.125	0.0	-0.004582
64.25	0.0	-0.004564
64.375	0.0	-0.004546
64.5	0.0	-0.004527
64.625	0.0	-0.004509
64.75	0.0	-0.004491
64.875	0.0	-0.004473
65.0	0.0	-0.004455
65.125	0.0	-0.004437
65.25	0.0	-0.004419
65.375	0.0	-0.004402
65.5	0.0	-0.004384
65.625	0.0	-0.004366
65.75	0.0	-0.004349
65.875	0.0	-0.004332
66.0	0.0	-0.004314
66.125	0.0	-0.004297
66.25	0.0	-0.00428
66.375	0.0	-0.004263
66.5	0.0	-0.004246
66.625	0.0	-0.00423
66.75	0.0	-0.004213
66.875	0.0	-0.004196
67.0	0.0	-0.00418
67.125	0.0	-0.004163
67.25	0.0	-0.004147
67.375	0.0	-0.00413
67.5	0.0	-0.004114
67.625	0.0	-0.004098
67.75	0.0	-0.004082
67.875	0.0	-0.004066
68.0	0.0	-0.00405
68.125	0.0	-0.004034
68.25	0.0	-0.004018
68.375	0.0	-0.004003
68.5	0.0	-0.003987
68.625	0.0	-0.003972
68.75	0.0	-0.003956
68.875	0.0	-0.003941
69.0	0.0	-0.003925
69.125	0.0	-0.00391
69.25	0.0	-0.003895
69.375	0.0	-0.00388
69.5	0.0	-0.003865
69.625	0.0	-0.00385
69.75	0.0	-0.003835
69.875	0.0	-0.00382
70.0	0.0	-0.003805
70.125	0.0	-0.003791
70.25	0.0	-0.003776
70.375	0.0	-0.003762
70.5	0.0	-0.003747
70.625	0.0	-0.003733
70.75	0.0	-0.003719
70.875	0.0	-0.003704
71.0	0.0	-0.00369
71.125	0.0	-0.003676
71.25	0.0	-0.003662
71.375	0.0	-0.003648
71.5	0.0	-0.003634
71.625	0.0	-0.00362
71.75	0.0	-0.003606
71.875	0.0	-0.003593
72.0	0.0	-0.003579
72.125	0.0	-0.003565
72.25	0.0	-0.003552
72.375	0.0	-0.003538
72.5	0.0	-0.003525
72.625	0.0	-0.003511
72.75	0.0	-0.003498
72.875	0.0	-0.003485
73.0	0.0	-0.003472
73.125	0.0	-0.003459
73.25	0.0	-0.003446
73.375	0.0	-0.003433
73.5	0.0	-0.00342
73.625	0.0	-0.003407
73.75	0.0	-0.003394
73.875	0.0	-0.003381
74.0	0.0	-0.003368
74.125	0.0	-0.003356
74.25	0.0	-0.003343
74.375	0.0	-0.003331
74.5	0.0	-0.003318
74.625	0.0	-0.003306
74.75	0.0	-0.003293
74.875	0.0	-0.003281
75.0	0.0	-0.003269
75.125	0.0	-0.003256
75.25	0.0	-0.003244
75.375	0.0	-0.003232
75.5	0.0	-0.00322
75.625	0.0	-0.003208
75.75	0.0	-0.003196
75.875	0.0	-0.003184
76.0	0.0	-0.003172
76.125	0.0	-0.00316
76.25	0.0	-0.003149
76.375	0.0	-0.003137
76.5	0.0	-0.003125
76.625	0.0	-0.003114
76.75	0.0	-0.003102
76.875	0.0	-0.003091
77.0	0.0	-0.003079
77.125	0.0	-0.003068
77.25	0.0	-0.003056
77.375	0.0	-0.003045
77.5	0.0	-0.003034
77.625	0.0	-0.003023
77.75	0.0	-0.003011
77.875	0.0	-0.003
78.0	0.0	-0.002989
78.125	0.0	-0.002978
78.25	0.0	-0.002967
78.375	0.0	-0.002956
78.5	0.0	-0.002945
78.625	0.0	-0.002934
78.75	0.0	-0.002924
78.875	0.0	-0.002913
79.0	0.0	-0.002902
79.125	0.0	-0.002891
79.25	0.0	-0.002881
79.375	0.0	-0.00287
79.5	0.0	-0.00286
79.625	0.0	-0.002849
79.75	0.0	-0.002839
79.875	0.0	-0.002828
80.0	0.0	-0.002818
80.125	0.0	-0.002807
80.25	0.0	-0.002797
80.375	0.0	-0.002787
80.5	0.0	-0.002777
80.625	0.0	-0.002766
80.75	0.0	-0.002756
80.875	0.0	-0.002746
81.0	0.0	-0.002736
81.125	0.0	-0.002726
81.25	0.0	-0.002716
81.375	0.0	-0.002706
81.5	0.0	-0.002696
81.625	0.0	-0.002686
81.75	0.0	-0.002676
81.875	0.0	-0.002667
82.0	0.0	-0.002657
82.125	0.0	-0.002647
82.25	0.0	-0.002637
82.375	0.0	-0.002628
82.5	0.0	-0.002618
82.625	0.0	-0.002608
82.75	0.0	-0.002599
82.875	0.0	-0.002589
83.0	0.0	-0.00258
83.125	0.0	-0.00257
83.25	0.0	-0.002561
83.375	0.0	-0.002552
83.5	0.0	-0.002542
83.625	0.0	-0.002533
83.75	0.0	-0.002524
83.875	0.0	-0.002515
84.0	0.0	-0.002505
84.125	0.0	-0.002496
84.25	0.0	-0.002487
84.375	0.0	-0.002478
84.5	0.0	-0.002469
84.625	0.0	-0.00246
84.75	0.0	-0.002451
84.875	0.0	-0.002442
85.0	0.0	-0.002433
85.125	0.0	-0.002424
85.25	0.0	-0.002415
85.375	0.0	-0.002406
85.5	0.0	-0.002397
85.625	0.0	-0.002389
85.75	0.0	-0.00238
85.875	0.0	-0.002371
86.0	0.0	-0.002362
86.125	0.0	-0.002354
86.25	0.0	-0.002345
86.375	0.0	-0.002337
86.5	0.0	-0.002328
86.625	0.0	-0.002319
86.75	0.0	-0.002311
86.875	0.0	-0.002302
87.0	0.0	-0.002294
87.125	0.0	-0.002286
87.25	0.0	-0.002277
87.375	0.0	-0.002269
87.5	0.0	-0.00226
87.625	0.0	-0.002252
87.75	0.0	-0.002244
87.875	0.0	-0.002236
88.0	0.0	-0.002227
88.125	0.0	-0.002219
88.25	0.0	-0.002211
88.375	0.0	-0.002203
88.5	0.0	-0.002195
88.625	0.0	-0.002187
88.75	0.0	-0.002179
88.875	0.0	-0.00217
89.0	0.0	-0.002162
89.125	0.0	-0.002154
89.25	0.0	-0.002147
89.375	0.0	-0.002139
89.5	0.0	-0.002131
89.625	0.0	-0.002123
89.75	0.0	-0.002115
89.875	0.0	-0.002107
90.0	0.0	-0.002099
90.125	0.0	-0.002091
90.25	0.0	-0.002084
90.375	0.0	-0.002076
90.5	0.0	-0.002068
90.625	0.0	-0.002061
90.75	0.0	-0.002053
90.875	0.0	-0.002045
91.0	0.0	-0.002038
91.125	0.0	-0.00203
91.25	0.0	-0.002023
91.375	0.0	-0.002015
91.5	0.0	-0.002007
91.625	0.0	-0.002
91.75	0.0	-0.001993
91.875	0.0	-0.001985
92.0	0.0	-0.001978
92.125	0.0	-0.00197
92.25	0.0	-0.001963
92.375	0.0	-0.001956
92.5	0.0	-0.001948
92.625	0.0	-0.001941
92.75	0.0	-0.001934
92.875	0.0	-0.001926
93.0	0.0	-0.001919
93.125	0.0	-0.001912
93.25	0.0	-0.001905
93.375	0.0	-0.001897
93.5	0.0	-0.00189
93.625	0.0	-0.001883
93.75	0.0	-0.001876
93.875	0.0	-0.001869
94.0	0.0	-0.001862
94.125	0.0	-0.001855
94.25	0.0	-0.001848
94.375	0.0	-0.001841
94.5	0.0	-0.001834
94.625	0.0	-0.001827
94.75	0.0	-0.00182
94.875	0.0	-0.001813
95.0	0.0	-0.001806
95.125	0.0	-0.001799
95.25	0.0	-0.001792
95.375	0.0	-0.001785
95.5	0.0	-0.001779
95.625	0.0	-0.001772
95.75	0.0	-0.001765
95.875	0.0	-0.001758
96.0	0.0	-0.001751
96.125	0.0	-0.001745
96.25	0.0	-0.001738
96.375	0.0	-0.001731
96.5	0.0	-0.001725
96.625	0.0	-0.001718
96.75	0.0	-0.001711
96.875	0.0	-0.001705
97.0	0.0	-0.001698
97.125	0.0	-0.001691
97.25	0.0	-0.001685
97.375	0.0	-0.001678
97.5	0.0	-0.001672
97.625	0.0	-0.001665
97.75	0.0	-0.001659
97.875	0.0	-0.001652
98.0	0.0	-0.001646
98.125	0.0	-0.001639
98.25	0.0	-0.001633
98.375	0.0	-0.001626
98.5	0.0	-0.00162
98.625	0.0	-0.001614
98.75	0.0	-0.001607
98.875	0.0	-0.001601
99.0	0.0	-0.001595
99.125	0.0	-0.001588
99.25	0.0	-0.001582
99.375	0.0	-0.001576
99.5	0.0	-0.00157
99.625	0.0	-0.001563
99.75	0.0	-0.001557
99.875	0.0	-0.001551
100.0	0.0	-0.001545
100.125	0.0	-0.001538
100.25	0.0	-0.001532
100.375	0.0	-0.001526
100.5	0.0	-0.00152
100.625	0.0	-0.001514
100.75	0.0	-0.001508
100.875	0.0	-0.001502
101.0	0.0	-0.001496
101.125	0.0	-0.00149
101.25	0.0	-0.001484
101.375	0.0	-0.001478
101.5	0.0	-0.001472
101.625	0.0	-0.001466
101.75	0.0	-0.00146
101.875	0.0	-0.001454
102.0	0.0	-0.001448
102.125	0.0	-0.001442
102.25	0.0	-0.001436
102.375	0.0	-0.00143
102.5	0.0	-0.001424
102.625	0.0	-0.001418
102.75	0.0	-0.001412
102.875	0.0	-0.001406
103.0	0.0	-0.001401
103.125	0.0	-0.001395
103.25	0.0	-0.001389
103.375	0.0	-0.001383
103.5	0.0	-0.001377
103.625	0.0	-0.001372
103.75	0.0	-0.001366
103.875	0.0	-0.00136
104.0	0.0	-0.001354
104.125	0.0	-0.001349
104.25	0.0	-0.001343
104.375	0.0	-0.001337
104.5	0.0	-0.001332
104.625	0.0	-0.001326
104.75	0.0	-0.00132
104.875	0.0	-0.001315
105.0	0.0	-0.001309
105.125	0.0	-0.001303
