-150.75	0.0	0.0
-150.625	0.0	0.0
-150.5	0.0	0.0
-150.375	0.0	0.0
-150.25	0.0	0.0
-150.125	0.0	0.0
-150.0	0.0	0.0
-149.875	0.0	0.0
-149.75	0.0	0.0
-149.625	0.0	0.0
-149.5	0.0	0.0
-149.375	0.0	0.0
-149.25	0.0	0.0
-149.125	0.0	0.0
-149.0	0.0	0.0
-148.875	0.0	0.0
-148.75	0.0	0.0
-148.625	0.0	0.0
-148.5	0.0	0.0
-148.375	0.0	0.0
-148.25	0.0	0.0
-148.125	0.0	0.0
-148.0	0.0	0.0
-147.875	0.0	0.0
-147.75	0.0	0.0
-147.625	0.0	0.0
-147.5	0.0	0.0
-147.375	0.0	0.0
-147.25	0.0	0.0
-147.125	0.0	0.0
-147.0	0.0	0.0
-146.875	0.0	0.0
-146.75	0.0	0.0
-146.625	0.0	0.0
-146.5	0.0	0.0
-146.375	0.0	0.0
-146.25	0.0	0.0
-146.125	0.0	0.0
-146.0	0.0	0.0
-145.875	0.0	0.0
-145.75	0.0	0.0
-145.625	0.0	0.0
-145.5	0.0	0.0
-145.375	0.0	0.0
-145.25	0.0	0.0
-145.125	0.0	0.0
-145.0	0.0	0.0
-144.875	0.0	0.0
-144.75	0.0	0.0
-144.625	0.0	0.0
-144.5	0.0	0.0
-144.375	0.0	0.0
-144.25	0.0	0.0
-144.125	0.0	0.0
-144.0	0.0	0.0
-143.875	0.0	0.0
-143.75	0.0	0.0
-143.625	0.0	0.0
-143.5	0.0	0.0
-143.375	0.0	0.0
-143.25	0.0	0.0
-143.125	0.0	0.0
-143.0	0.0	0.0
-142.875	0.0	0.0
-142.75	0.0	0.0
-142.625	0.0	0.0
-142.5	0.0	0.0
-142.375	0.0	0.0
-142.25	0.0	0.0
-142.125	0.0	0.0
-142.0	0.0	0.0
-141.875	0.0	0.0
-141.75	0.0	0.0
-141.625	0.0	0.0
-141.5	0.0	0.0
-141.375	0.0	0.0
-141.25	0.0	0.0
-141.125	0.0	0.0
-141.0	0.0	0.0
-140.875	0.0	0.0
-140.75	0.0	0.0
-140.625	0.0	0.0
-140.5	0.0	0.0
-140.375	0.0	0.0
-140.25	0.0	0.0
-140.125	0.0	0.0
-140.0	0.0	0.0
-139.875	0.0	0.0
-139.75	0.0	0.0
-139.625	0.0	0.0
-139.5	0.0	0.0
-139.375	0.0	0.0
-139.25	0.0	0.0
-139.125	0.0	0.0
-139.0	0.0	0.0
-138.875	0.0	0.0
-138.75	0.0	0.0
-138.625	0.0	0.0
-138.5	0.0	0.0
-138.375	0.0	0.0
-138.25	0.0	0.0
-138.125	0.0	0.0
-138.0	0.0	0.0
-137.875	0.0	0.0
-137.75	0.0	0.0
-137.625	0.0	0.0
-137.5	0.0	0.0
-137.375	0.0	0.0
-137.25	0.0	0.0
-137.125	0.0	0.0
-137.0	0.0	0.0
-136.875	0.0	0.0
-136.75	0.0	0.0
-136.625	0.0	0.0
-136.5	0.0	0.0
-136.375	0.0	0.0
-136.25	0.0	0.0
-136.125	0.0	0.0
-136.0	0.0	0.0
-135.875	0.0	0.0
-135.75	0.0	0.0
-135.625	0.0	0.0
-135.5	0.0	0.0
-135.375	0.0	0.0
-135.25	0.0	0.0
-135.125	0.0	0.0
-135.0	0.0	0.0
-134.875	0.0	0.0
-134.75	0.0	0.0
-134.625	0.0	0.0
-134.5	0.0	0.0
-134.375	0.0	0.0
-134.25	0.0	0.0
-134.125	0.0	0.0
-134.0	0.0	0.0
-133.875	0.0	0.0
-133.75	0.0	0.0
-133.625	0.0	0.0
-133.5	0.0	0.0
-133.375	0.0	0.0
-133.25	0.0	0.0
-133.125	0.0	0.0
-133.0	0.0	0.0
-132.875	0.0	0.0
-132.75	0.0	0.0
-132.625	0.0	0.0
-132.5	0.0	0.0
-132.375	0.0	0.0
-132.25	0.0	0.0
-132.125	0.0	0.0
-132.0	0.0	0.0
-131.875	0.0	0.0
-131.75	0.0	0.0
-131.625	0.0	0.0
-131.5	0.0	0.0
-131.375	0.0	0.0
-131.25	0.0	0.0
-131.125	0.0	0.0
-131.0	0.0	0.0
-130.875	0.0	0.0
-130.75	0.0	0.0
-130.625	0.0	0.0
-130.5	0.0	0.0
-130.375	0.0	0.0
-130.25	0.0	0.0
-130.125	0.0	0.0
-130.0	0.0	0.0
-129.875	0.0	0.0
-129.75	0.0	0.0
-129.625	0.0	0.0
-129.5	0.0	0.0
-129.375	0.0	0.0
-129.25	0.0	0.0
-129.125	0.0	0.0
-129.0	0.0	0.0
-128.875	0.0	0.0
-128.75	0.0	0.0
-128.625	0.0	0.0
-128.5	0.0	0.0
-128.375	0.0	0.0
-128.25	0.0	0.0
-128.125	0.0	0.0
-128.0	0.0	0.0
-127.875	0.0	0.0
-127.75	0.0	0.0
-127.625	0.0	0.0
-127.5	0.0	0.0
-127.375	0.0	0.0
-127.25	0.0	0.0
-127.125	0.0	0.0
-127.0	0.0	0.0
-126.875	0.0	0.0
-126.75	0.0	0.0
-126.625	0.0	0.0
-126.5	0.0	0.0
-126.375	0.0	0.0
-126.25	0.0	0.0
-126.125	0.0	0.0
-126.0	0.0	0.0
-125.875	0.0	0.0
-125.75	0.0	0.0
-125.625	0.0	0.0
-125.5	0.0	0.0
-125.375	0.0	0.0
-125.25	0.0	0.0
-125.125	0.0	0.0
-125.0	0.0	0.0
-124.875	0.0	0.0
-124.75	0.0	0.0
-124.625	0.0	0.0
-124.5	0.0	0.0
-124.375	0.0	0.0
-124.25	0.0	0.0
-124.125	0.0	0.0
-124.0	0.0	0.0
-123.875	0.0	0.0
-123.75	0.0	0.0
-123.625	0.0	0.0
-123.5	0.0	0.0
-123.375	0.0	0.0
-123.25	0.0	0.0
-123.125	0.0	0.0
-123.0	0.0	0.0
-122.875	0.0	0.0
-122.75	0.0	0.0
-122.625	0.0	0.0
-122.5	0.0	0.0
-122.375	0.0	0.0
-122.25	0.0	0.0
-122.125	0.0	0.0
-122.0	0.0	0.0
-121.875	0.0	0.0
-121.75	0.0	0.0
-121.625	0.0	0.0
-121.5	0.0	0.0
-121.375	0.0	0.0
-121.25	0.0	0.0
-121.125	0.0	0.0
-121.0	0.0	0.0
-120.875	0.0	0.0
-120.75	0.0	0.0
-120.625	0.0	0.0
-120.5	0.0	0.0
-120.375	0.0	0.0
-120.25	0.0	0.0
-120.125	0.0	0.0
-120.0	0.0	0.0
-119.875	0.0	0.0
-119.75	0.0	0.0
-119.625	0.0	0.0
-119.5	0.0	0.0
-119.375	0.0	0.0
-119.25	0.0	0.0
-119.125	0.0	0.0
-119.0	0.0	0.0
-118.875	0.0	0.0
-118.75	0.0	0.0
-118.625	0.0	0.0
-118.5	0.0	0.0
-118.375	0.0	0.0
-118.25	0.0	0.0
-118.125	0.0	0.0
-118.0	0.0	0.0
-117.875	0.0	0.0
-117.75	0.0	0.0
-117.625	0.0	0.0
-117.5	0.0	0.0
-117.375	0.0	0.0
-117.25	0.0	0.0
-117.125	0.0	0.0
-117.0	0.0	0.0
-116.875	0.0	0.0
-116.75	0.0	0.0
-116.625	0.0	0.0
-116.5	0.0	0.0
-116.375	0.0	0.0
-116.25	0.0	0.0
-116.125	0.0	0.0
-116.0	0.0	0.0
-115.875	0.0	0.0
-115.75	0.0	0.0
-115.625	0.0	0.0
-115.5	0.0	0.0
-115.375	0.0	0.0
-115.25	0.0	0.0
-115.125	0.0	0.0
-115.0	0.0	0.0
-114.875	0.0	0.0
-114.75	0.0	0.0
-114.625	0.0	0.0
-114.5	0.0	0.0
-114.375	0.0	0.0
-114.25	0.0	0.0
-114.125	0.0	0.0
-114.0	0.0	0.0
-113.875	0.0	0.0
-113.75	0.0	0.0
-113.625	0.0	0.0
-113.5	0.0	0.0
-113.375	0.0	0.0
-113.25	0.0	0.0
-113.125	0.0	0.0
-113.0	0.0	0.0
-112.875	0.0	0.0
-112.75	0.0	0.0
-112.625	0.0	0.0
-112.5	0.0	0.0
-112.375	0.0	0.0
-112.25	0.0	0.0
-112.125	0.0	0.0
-112.0	0.0	0.0
-111.875	0.0	0.0
-111.75	0.0	0.0
-111.625	0.0	0.0
-111.5	0.0	0.0
-111.375	0.0	0.0
-111.25	0.0	0.0
-111.125	0.0	0.0
-111.0	0.0	0.0
-110.875	0.0	0.0
-110.75	0.0	0.0
-110.625	0.0	0.0
-110.5	0.0	0.0
-110.375	0.0	0.0
-110.25	0.0	0.0
-110.125	0.0	0.0
-110.0	0.0	0.0
-109.875	0.0	0.0
-109.75	0.0	0.0
-109.625	0.0	0.0
-109.5	0.0	0.0
-109.375	0.0	0.0
-109.25	0.0	0.0
-109.125	0.0	0.0
-109.0	0.0	0.0
-108.875	0.0	0.0
-108.75	0.0	0.0
-108.625	0.0	0.0
-108.5	0.0	0.0
-108.375	0.0	0.0
-108.25	0.0	0.0
-108.125	0.0	0.0
-108.0	0.0	0.0
-107.875	0.0	0.0
-107.75	0.0	0.0
-107.625	0.0	0.0
-107.5	0.0	0.0
-107.375	0.0	0.0
-107.25	0.0	0.0
-107.125	0.0	0.0
-107.0	0.0	0.0
-106.875	0.0	0.0
-106.75	0.0	0.0
-106.625	0.0	0.0
-106.5	0.0	0.0
-106.375	0.0	0.0
-106.25	0.0	0.0
-106.125	0.0	0.0
-106.0	0.0	0.0
-105.875	0.0	0.0
-105.75	0.0	0.0
-105.625	0.0	0.0
-105.5	0.0	0.0
-105.375	0.0	0.0
-105.25	0.0	0.0
-105.125	0.0	0.0
-105.0	0.0	0.0
-104.875	0.0	0.0
-104.75	0.0	0.0
-104.625	0.0	0.0
-104.5	0.0	0.0
-104.375	0.0	0.0
-104.25	0.0	0.0
-104.125	0.0	0.0
-104.0	0.0	0.0
-103.875	0.0	0.0
-103.75	0.0	0.0
-103.625	0.0	0.0
-103.5	0.0	0.0
-103.375	0.0	0.0
-103.25	0.0	0.0
-103.125	0.0	0.0
-103.0	0.0	0.0
-102.875	0.0	0.0
-102.75	0.0	0.0
-102.625	0.0	0.0
-102.5	0.0	0.0
-102.375	0.0	0.0
-102.25	0.0	0.0
-102.125	0.0	0.0
-102.0	0.0	0.0
-101.875	0.0	0.0
-101.75	0.0	0.0
-101.625	0.0	0.0
-101.5	0.0	0.0
-101.375	0.0	0.0
-101.25	0.0	0.0
-101.125	0.0	0.0
-101.0	0.0	0.0
-100.875	0.0	0.0
-100.75	0.0	0.0
-100.625	0.0	0.0
-100.5	0.0	0.0
-100.375	0.0	0.0
-100.25	0.0	0.0
-100.125	0.0	0.0
-100.0	0.0	0.0
-99.875	0.0	0.0
-99.75	0.0	0.0
-99.625	0.0	0.0
-99.5	0.0	0.0
-99.375	0.0	0.0
-99.25	0.0	0.0
-99.125	0.0	0.0
-99.0	0.0	0.0
-98.875	0.0	0.0
-98.75	0.0	0.0
-98.625	0.0	0.0
-98.5	0.0	0.0
-98.375	0.0	0.0
-98.25	0.0	0.0
-98.125	0.0	0.0
-98.0	0.0	0.0
-97.875	0.0	0.0
-97.75	0.0	0.0
-97.625	0.0	0.0
-97.5	0.0	0.0
-97.375	0.0	0.0
-97.25	0.0	0.0
-97.125	0.0	0.0
-97.0	0.0	0.0
-96.875	0.0	0.0
-96.75	0.0	0.0
-96.625	0.0	0.0
-96.5	0.0	0.0
-96.375	0.0	0.0
-96.25	0.0	0.0
-96.125	0.0	0.0
-96.0	0.0	0.0
-95.875	0.0	0.0
-95.75	0.0	0.0
-95.625	0.0	0.0
-95.5	0.0	0.0
-95.375	0.0	0.0
-95.25	0.0	0.0
-95.125	0.0	0.0
-95.0	0.0	0.0
-94.875	0.0	0.0
-94.75	0.0	0.0
-94.625	0.0	0.0
-94.5	0.0	0.0
-94.375	0.0	0.0
-94.25	0.0	0.0
-94.125	0.0	0.0
-94.0	0.0	0.0
-93.875	0.0	0.0
-93.75	0.0	0.0
-93.625	0.0	0.0
-93.5	0.0	0.0
-93.375	0.0	0.0
-93.25	0.0	0.0
-93.125	0.0	0.0
-93.0	0.0	0.0
-92.875	0.0	0.0
-92.75	0.0	0.0
-92.625	0.0	0.0
-92.5	0.0	0.0
-92.375	0.0	0.0
-92.25	0.0	0.0
-92.125	0.0	0.0
-92.0	0.0	0.0
-91.875	0.0	0.0
-91.75	0.0	0.0
-91.625	0.0	0.0
-91.5	0.0	0.0
-91.375	0.0	0.0
-91.25	0.0	0.0
-91.125	0.0	0.0
-91.0	0.0	0.0
-90.875	0.0	0.0
-90.75	0.0	0.0
-90.625	0.0	0.0
-90.5	0.0	0.0
-90.375	0.0	0.0
-90.25	0.0	0.0
-90.125	0.0	0.0
-90.0	0.0	0.0
-89.875	0.0	0.0
-89.75	0.0	0.0
-89.625	0.0	0.0
-89.5	0.0	0.0
-89.375	0.0	0.0
-89.25	0.0	0.0
-89.125	0.0	0.0
-89.0	0.0	0.0
-88.875	0.0	0.0
-88.75	0.0	0.0
-88.625	0.0	0.0
-88.5	0.0	0.0
-88.375	0.0	0.0
-88.25	0.0	0.0
-88.125	0.0	0.0
-88.0	0.0	0.0
-87.875	0.0	0.0
-87.75	0.0	0.0
-87.625	0.0	0.0
-87.5	0.0	0.0
-87.375	0.0	0.0
-87.25	0.0	0.0
-87.125	0.0	0.0
-87.0	0.0	0.0
-86.875	0.0	0.0
-86.75	0.0	0.0
-86.625	0.0	0.0
-86.5	0.0	0.0
-86.375	0.0	0.0
-86.25	0.0	0.0
-86.125	0.0	0.0
-86.0	0.0	0.0
-85.875	0.0	0.0
-85.75	0.0	0.0
-85.625	0.0	0.0
-85.5	0.0	0.0
-85.375	0.0	0.0
-85.25	0.0	0.0
-85.125	0.0	0.0
-85.0	0.0	0.0
-84.875	0.0	0.0
-84.75	0.0	0.0
-84.625	0.0	0.0
-84.5	0.0	0.0
-84.375	0.0	0.0
-84.25	0.0	0.0
-84.125	0.0	0.0
-84.0	0.0	0.0
-83.875	0.0	0.0
-83.75	0.0	0.0
-83.625	0.0	0.0
-83.5	0.0	0.0
-83.375	0.0	0.0
-83.25	0.0	0.0
-83.125	0.0	0.0
-83.0	0.0	0.0
-82.875	0.0	0.0
-82.75	0.0	0.0
-82.625	0.0	0.0
-82.5	0.0	0.0
-82.375	0.0	0.0
-82.25	0.0	0.0
-82.125	0.0	0.0
-82.0	0.0	0.0
-81.875	0.0	0.0
-81.75	0.0	0.0
-81.625	0.0	0.0
-81.5	0.0	0.0
-81.375	0.0	0.0
-81.25	0.0	0.0
-81.125	0.0	0.0
-81.0	0.0	0.0
-80.875	0.0	0.0
-80.75	0.0	0.0
-80.625	0.0	0.0
-80.5	0.0	0.0
-80.375	0.0	0.0
-80.25	0.0	0.0
-80.125	0.0	0.0
-80.0	0.0	0.0
-79.875	0.0	0.0
-79.75	0.0	0.0
-79.625	0.0	0.0
-79.5	0.0	0.0
-79.375	0.0	0.0
-79.25	0.0	0.0
-79.125	0.0	0.0
-79.0	0.0	0.0
-78.875	0.0	0.0
-78.75	0.0	0.0
-78.625	0.0	0.0
-78.5	0.0	0.0
-78.375	0.0	0.0
-78.25	0.0	0.0
-78.125	0.0	0.0
-78.0	0.0	0.0
-77.875	0.0	0.0
-77.75	0.0	0.0
-77.625	0.0	0.0
-77.5	0.0	0.0
-77.375	0.0	0.0
-77.25	0.0	0.0
-77.125	0.0	0.0
-77.0	0.0	0.0
-76.875	0.0	0.0
-76.75	0.0	0.0
-76.625	0.0	0.0
-76.5	0.0	0.0
-76.375	0.0	0.0
-76.25	0.0	0.0
-76.125	0.0	0.0
-76.0	0.0	0.0
-75.875	0.0	0.0
-75.75	0.0	0.0
-75.625	0.0	0.0
-75.5	0.0	0.0
-75.375	0.0	0.0
-75.25	0.0	0.0
-75.125	0.0	0.0
-75.0	0.0	0.0
-74.875	0.0	0.0
-74.75	0.0	0.0
-74.625	0.0	0.0
-74.5	0.0	0.0
-74.375	0.0	0.0
-74.25	0.0	0.0
-74.125	0.0	0.0
-74.0	0.0	0.0
-73.875	0.0	0.0
-73.75	0.0	0.0
-73.625	0.0	0.0
-73.5	0.0	0.0
-73.375	0.0	0.0
-73.25	0.0	0.0
-73.125	0.0	0.0
-73.0	0.0	0.0
-72.875	0.0	0.0
-72.75	0.0	0.0
-72.625	0.0	0.0
-72.5	0.0	0.0
-72.375	0.0	0.0
-72.25	0.0	0.0
-72.125	0.0	0.0
-72.0	0.0	0.0
-71.875	0.0	0.0
-71.75	0.0	0.0
-71.625	0.0	0.0
-71.5	0.0	0.0
-71.375	0.0	0.0
-71.25	0.0	0.0
-71.125	0.0	0.0
-71.0	0.0	0.0
-70.875	0.0	0.0
-70.75	0.0	0.0
-70.625	0.0	0.0
-70.5	0.0	0.0
-70.375	0.0	0.0
-70.25	0.0	0.0
-70.125	0.0	0.0
-70.0	0.0	0.0
-69.875	0.0	0.0
-69.75	0.0	0.0
-69.625	0.0	0.0
-69.5	0.0	0.0
-69.375	0.0	0.0
-69.25	0.0	0.0
-69.125	0.0	0.0
-69.0	0.0	0.0
-68.875	0.0	0.0
-68.75	0.0	0.0
-68.625	0.0	0.0
-68.5	0.0	0.0
-68.375	0.0	0.0
-68.25	0.0	0.0
-68.125	0.0	0.0
-68.0	0.0	0.0
-67.875	0.0	0.0
-67.75	0.0	0.0
-67.625	0.0	0.0
-67.5	0.0	0.0
-67.375	0.0	0.0
-67.25	0.0	0.0
-67.125	0.0	0.0
-67.0	0.0	0.0
-66.875	0.0	0.0
-66.75	0.0	0.0
-66.625	0.0	0.0
-66.5	0.0	0.0
-66.375	0.0	0.0
-66.25	0.0	0.0
-66.125	0.0	0.0
-66.0	0.0	0.0
-65.875	0.0	-1.0e-6
-65.75	0.0	-1.0e-6
-65.625	0.0	-2.0e-6
-65.5	0.0	-2.0e-6
-65.375	0.0	-2.0e-6
-65.25	0.0	-3.0e-6
-65.125	0.0	-3.0e-6
-65.0	0.0	-3.0e-6
-64.875	0.0	-4.0e-6
-64.75	0.0	-4.0e-6
-64.625	0.0	-4.0e-6
-64.5	0.0	-5.0e-6
-64.375	0.0	-5.0e-6
-64.25	0.0	-5.0e-6
-64.125	0.0	-6.0e-6
-64.0	0.0	-6.0e-6
-63.875	0.0	-6.0e-6
-63.75	0.0	-6.0e-6
-63.625	0.0	-7.0e-6
-63.5	0.0	-7.0e-6
-63.375	0.0	-7.0e-6
-63.25	0.0	-7.0e-6
-63.125	0.0	-7.0e-6
-63.0	0.0	-6.0e-6
-62.875	0.0	-6.0e-6
-62.75	0.0	-6.0e-6
-62.625	0.0	-5.0e-6
-62.5	0.0	-4.0e-6
-62.375	0.0	-4.0e-6
-62.25	0.0	-3.0e-6
-62.125	0.0	-2.0e-6
-62.0	0.0	0.0
-61.875	0.0	0.0
-61.75	0.0	2.0e-6
-61.625	0.0	4.0e-6
-61.5	0.0	6.0e-6
-61.375	0.0	8.0e-6
-61.25	0.0	1.0e-5
-61.125	0.0	1.2e-5
-61.0	0.0	1.4e-5
-60.875	0.0	1.6e-5
-60.75	0.0	1.9e-5
-60.625	0.0	2.1e-5
-60.5	0.0	2.4e-5
-60.375	0.0	2.6e-5
-60.25	0.0	2.9e-5
-60.125	0.0	3.1e-5
-60.0	0.0	3.3e-5
-59.875	0.0	3.6e-5
-59.75	0.0	3.8e-5
-59.625	0.0	4.0e-5
-59.5	0.0	4.1e-5
-59.375	0.0	4.3e-5
-59.25	0.0	4.4e-5
-59.125	0.0	4.5e-5
-59.0	0.0	4.5e-5
-58.875	0.0	4.5e-5
-58.75	0.0	4.4e-5
-58.625	0.0	4.3e-5
-58.5	0.0	4.1e-5
-58.375	0.0	3.9e-5
-58.25	0.0	3.6e-5
-58.125	0.0	3.2e-5
-58.0	0.0	2.7e-5
-57.875	0.0	2.2e-5
-57.75	0.0	1.6e-5
-57.625	0.0	9.0e-6
-57.5	0.0	1.0e-6
-57.375	0.0	-7.0e-6
-57.25	0.0	-1.7e-5
-57.125	0.0	-2.7e-5
-57.0	0.0	-3.8e-5
-56.875	0.0	-4.9e-5
-56.75	0.0	-6.2e-5
-56.625	0.0	-7.5e-5
-56.5	0.0	-8.8e-5
-56.375	0.0	-0.000102
-56.25	0.0	-0.000116
-56.125	0.0	-0.000131
-56.0	0.0	-0.000145
-55.875	0.0	-0.00016
-55.75	0.0	-0.000174
-55.625	0.0	-0.000188
-55.5	0.0	-0.000201
-55.375	0.0	-0.000213
-55.25	0.0	-0.000225
-55.125	0.0	-0.000235
-55.0	0.0	-0.000244
-54.875	0.0	-0.000251
-54.75	0.0	-0.000256
-54.625	0.0	-0.000259
-54.5	0.0	-0.000259
-54.375	0.0	-0.000257
-54.25	0.0	-0.000252
-54.125	0.0	-0.000244
-54.0	0.0	-0.000233
-53.875	0.0	-0.000218
-53.75	0.0	-0.000199
-53.625	0.0	-0.000177
-53.5	0.0	-0.00015
-53.375	0.0	-0.00012
-53.25	0.0	-8.5e-5
-53.125	0.0	-4.6e-5
-53.0	0.0	-3.0e-6
-52.875	0.0	4.5e-5
-52.75	0.0	9.6e-5
-52.625	0.0	0.000151
-52.5	0.0	0.00021
-52.375	0.0	0.000273
-52.25	0.0	0.000338
-52.125	0.0	0.000406
-52.0	0.0	0.000476
-51.875	0.0	0.000548
-51.75	0.0	0.000621
-51.625	0.0	0.000695
-51.5	0.0	0.000768
-51.375	0.0	0.00084
-51.25	0.0	0.00091
-51.125	0.0	0.000978
-51.0	0.0	0.001041
-50.875	0.0	0.0011
-50.75	0.0	0.001154
-50.625	0.0	0.0012
-50.5	0.0	0.001239
-50.375	0.0	0.001268
-50.25	0.0	0.001288
-50.125	0.0	0.001296
-50.0	1.0e-6	0.001292
-49.875	1.0e-6	0.001275
-49.75	1.0e-6	0.001244
-49.625	1.0e-6	0.001197
-49.5	1.0e-6	0.001134
-49.375	1.0e-6	0.001055
-49.25	1.0e-6	0.000957
-49.125	1.0e-6	0.000842
-49.0	1.0e-6	0.000709
-48.875	1.0e-6	0.000556
-48.75	1.0e-6	0.000386
-48.625	1.0e-6	0.000196
-48.5	1.0e-6	-1.2e-5
-48.375	2.0e-6	-0.000238
-48.25	2.0e-6	-0.000481
-48.125	2.0e-6	-0.000739
-48.0	2.0e-6	-0.001013
-47.875	2.0e-6	-0.0013
-47.75	2.0e-6	-0.001599
-47.625	3.0e-6	-0.001907
-47.5	3.0e-6	-0.002223
-47.375	3.0e-6	-0.002543
-47.25	3.0e-6	-0.002865
-47.125	4.0e-6	-0.003187
-47.0	4.0e-6	-0.003504
-46.875	4.0e-6	-0.003813
-46.75	5.0e-6	-0.004111
-46.625	5.0e-6	-0.004393
-46.5	5.0e-6	-0.004656
-46.375	6.0e-6	-0.004896
-46.25	6.0e-6	-0.005107
-46.125	7.0e-6	-0.005287
-46.0	7.0e-6	-0.00543
-45.875	8.0e-6	-0.005532
-45.75	8.0e-6	-0.005588
-45.625	9.0e-6	-0.005596
-45.5	1.0e-5	-0.00555
-45.375	1.1e-5	-0.005447
-45.25	1.1e-5	-0.005284
-45.125	1.2e-5	-0.005056
-45.0	1.3e-5	-0.004762
-44.875	1.4e-5	-0.0044
-44.75	1.6e-5	-0.003966
-44.625	1.7e-5	-0.00346
-44.5	1.8e-5	-0.002882
-44.375	2.0e-5	-0.002231
-44.25	2.1e-5	-0.001507
-44.125	2.3e-5	-0.000713
-44.0	2.4e-5	0.000149
-43.875	2.6e-5	0.001076
-43.75	2.8e-5	0.002065
-43.625	3.0e-5	0.00311
-43.5	3.3e-5	0.004206
-43.375	3.5e-5	0.005345
-43.25	3.8e-5	0.00652
-43.125	4.1e-5	0.007723
-43.0	4.4e-5	0.008944
-42.875	4.7e-5	0.010173
-42.75	5.1e-5	0.011398
-42.625	5.5e-5	0.012607
-42.5	5.9e-5	0.013789
-42.375	6.3e-5	0.014928
-42.25	6.8e-5	0.016012
-42.125	7.2e-5	0.017026
-42.0	7.8e-5	0.017955
-41.875	8.3e-5	0.018785
-41.75	9.0e-5	0.0195
-41.625	9.6e-5	0.020085
-41.5	0.000103	0.020525
-41.375	0.00011	0.020806
-41.25	0.000118	0.020913
-41.125	0.000127	0.020834
-41.0	0.000136	0.020556
-40.875	0.000145	0.020067
-40.75	0.000156	0.019358
-40.625	0.000167	0.018419
-40.5	0.000179	0.017244
-40.375	0.000191	0.015826
-40.25	0.000204	0.014163
-40.125	0.000219	0.012253
-40.0	0.000234	0.010097
-39.875	0.00025	0.007699
-39.75	0.000267	0.005064
-39.625	0.000285	0.0022
-39.5	0.000305	-0.00088
-39.375	0.000326	-0.004163
-39.25	0.000348	-0.007632
-39.125	0.000371	-0.011267
-39.0	0.000396	-0.015045
-38.875	0.000423	-0.018941
-38.75	0.000451	-0.022926
-38.625	0.000481	-0.026969
-38.5	0.000513	-0.031036
-38.375	0.000547	-0.035091
-38.25	0.000583	-0.039096
-38.125	0.000622	-0.043011
-38.0	0.000663	-0.046793
-37.875	0.000706	-0.050399
-37.75	0.000752	-0.053784
-37.625	0.0008	-0.056903
-37.5	0.000852	-0.059709
-37.375	0.000907	-0.062158
-37.25	0.000965	-0.064203
-37.125	0.001026	-0.065801
-37.0	0.001091	-0.066909
-36.875	0.00116	-0.067485
-36.75	0.001233	-0.067491
-36.625	0.001311	-0.066892
-36.5	0.001393	-0.065655
-36.375	0.00148	-0.063752
-36.25	0.001572	-0.061159
-36.125	0.001669	-0.057859
-36.0	0.001772	-0.053836
-35.875	0.00188	-0.049086
-35.75	0.001995	-0.043605
-35.625	0.002116	-0.037401
-35.5	0.002245	-0.030486
-35.375	0.00238	-0.022879
-35.25	0.002523	-0.01461
-35.125	0.002675	-0.005713
-35.0	0.002834	0.003768
-34.875	0.003002	0.013782
-34.75	0.00318	0.024269
-34.625	0.003368	0.035162
-34.5	0.003565	0.046387
-34.375	0.003774	0.057862
-34.25	0.003993	0.069497
-34.125	0.004225	0.081197
-34.0	0.004469	0.09286
-33.875	0.004725	0.10438
-33.75	0.004996	0.115644
-33.625	0.005281	0.126538
-33.5	0.00558	0.136941
-33.375	0.005896	0.146734
-33.25	0.006228	0.155795
-33.125	0.006577	0.164001
-33.0	0.006944	0.171233
-32.875	0.007329	0.177371
-32.75	0.007735	0.1823
-32.625	0.008161	0.185911
-32.5	0.008608	0.1881
-32.375	0.009078	0.188769
-32.25	0.009572	0.187831
-32.125	0.01009	0.185208
-32.0	0.010633	0.180832
-31.875	0.011204	0.17465
-31.75	0.011802	0.16662
-31.625	0.012429	0.156716
-31.5	0.013087	0.144928
-31.375	0.013777	0.13126
-31.25	0.014499	0.115736
-31.125	0.015256	0.098397
-31.0	0.016049	0.079303
-30.875	0.016879	0.058531
-30.75	0.017748	0.03618
-30.625	0.018657	0.012365
-30.5	0.019608	-0.012777
-30.375	0.020604	-0.039093
-30.25	0.021645	-0.066409
-30.125	0.022733	-0.094536
-30.0	0.023871	-0.123266
-29.875	0.02506	-0.152379
-29.75	0.026302	-0.181636
-29.625	0.0276	-0.21079
-29.5	0.028954	-0.239579
-29.375	0.030369	-0.267733
-29.25	0.031845	-0.294977
-29.125	0.033386	-0.321028
-29.0	0.034993	-0.345602
-28.875	0.036669	-0.368414
-28.75	0.038416	-0.389181
-28.625	0.040238	-0.407626
-28.5	0.042136	-0.423481
-28.375	0.044114	-0.436485
-28.25	0.046175	-0.446394
-28.125	0.04832	-0.452978
-28.0	0.050554	-0.456028
-27.875	0.052879	-0.455355
-27.75	0.055298	-0.450797
-27.625	0.057815	-0.442216
-27.5	0.060433	-0.429507
-27.375	0.063155	-0.412593
-27.25	0.065984	-0.391435
-27.125	0.068924	-0.366027
-27.0	0.071979	-0.336401
-26.875	0.075153	-0.302628
-26.75	0.078448	-0.264819
-26.625	0.081869	-0.223123
-26.5	0.08542	-0.177734
-26.375	0.089105	-0.128882
-26.25	0.092927	-0.076841
-26.125	0.096892	-0.021922
-26.0	0.101002	0.035523
-25.875	0.105263	0.095109
-25.75	0.109679	0.156413
-25.625	0.114254	0.21898
-25.5	0.118993	0.282328
-25.375	0.1239	0.345945
-25.25	0.12898	0.409298
-25.125	0.134237	0.471835
-25.0	0.139678	0.532988
-24.875	0.145305	0.59218
-24.75	0.151125	0.648827
-24.625	0.157142	0.702345
-24.5	0.163362	0.752155
-24.375	0.169789	0.797688
-24.25	0.176429	0.83839
-24.125	0.183287	0.873727
-24.0	0.190368	0.903192
-23.875	0.197678	0.926311
-23.75	0.205221	0.942648
-23.625	0.213004	0.951806
-23.5	0.221032	0.95344
-23.375	0.22931	0.947255
-23.25	0.237844	0.933014
-23.125	0.24664	0.910542
-23.0	0.255702	0.879727
-22.875	0.265037	0.840527
-22.75	0.27465	0.792971
-22.625	0.284548	0.737161
-22.5	0.294735	0.673274
-22.375	0.305217	0.601563
-22.25	0.315999	0.522359
-22.125	0.327089	0.436067
-22.0	0.33849	0.343169
-21.875	0.350209	0.244217
-21.75	0.362252	0.139839
-21.625	0.374623	0.030728
-21.5	0.387328	-0.082359
-21.375	0.400373	-0.198606
-21.25	0.413764	-0.317142
-21.125	0.427504	-0.437047
-21.0	0.441601	-0.557361
-20.875	0.456058	-0.677088
-20.75	0.470882	-0.795207
-20.625	0.486077	-0.910676
-20.5	0.501648	-1.022446
-20.375	0.5176	-1.129463
-20.25	0.533937	-1.230684
-20.125	0.550665	-1.325082
-20.0	0.567788	-1.411657
-19.875	0.58531	-1.489447
-19.75	0.603235	-1.557534
-19.625	0.621567	-1.615057
-19.5	0.640311	-1.661218
-19.375	0.65947	-1.695296
-19.25	0.679048	-1.716648
-19.125	0.699048	-1.724724
-19.0	0.719473	-1.71907
-18.875	0.740326	-1.699337
-18.75	0.76161	-1.665284
-18.625	0.783327	-1.616789
-18.5	0.805481	-1.553846
-18.375	0.828073	-1.476574
-18.25	0.851104	-1.385216
-18.125	0.874577	-1.280143
-18.0	0.898493	-1.161852
-17.875	0.922852	-1.030964
-17.75	0.947656	-0.888226
-17.625	0.972906	-0.734504
-17.5	0.9986	-0.57078
-17.375	1.02474	-0.398147
-17.25	1.051325	-0.217799
-17.125	1.078354	-0.03103
-17.0	1.105826	0.160783
-16.875	1.13374	0.356183
-16.75	1.162094	0.553649
-16.625	1.190886	0.751604
-16.5	1.220113	0.948428
-16.375	1.249773	1.142473
-16.25	1.279863	1.332074
-16.125	1.310379	1.515565
-16.0	1.341317	1.691292
-15.875	1.372673	1.857631
-15.75	1.404442	2.012995
-15.625	1.436619	2.155859
-15.5	1.469199	2.284765
-15.375	1.502176	2.398343
-15.25	1.535544	2.49532
-15.125	1.569295	2.574536
-15.0	1.603423	2.634957
-14.875	1.63792	2.675683
-14.75	1.672779	2.695962
-14.625	1.70799	2.695197
-14.5	1.743546	2.672958
-14.375	1.779437	2.628983
-14.25	1.815653	2.563191
-14.125	1.852185	2.475681
-14.0	1.889021	2.366737
-13.875	1.926152	2.236826
-13.75	1.963565	2.086604
-13.625	2.001249	1.916906
-13.5	2.039192	1.728748
-13.375	2.077382	1.523319
-13.25	2.115805	1.301976
-13.125	2.154448	1.066231
-13.0	2.193298	0.817746
-12.875	2.23234	0.558318
-12.75	2.27156	0.289868
-12.625	2.310942	0.014424
-12.5	2.350472	-0.265891
-12.375	2.390134	-0.54888
-12.25	2.429912	-0.832285
-12.125	2.46979	-1.11381
-12.0	2.509751	-1.391135
-11.875	2.549778	-1.661941
-11.75	2.589853	-1.923925
-11.625	2.62996	-2.174823
-11.5	2.670079	-2.412428
-11.375	2.710194	-2.634614
-11.25	2.750285	-2.839347
-11.125	2.790334	-3.024713
-11.0	2.830321	-3.18893
-10.875	2.870228	-3.330368
-10.75	2.910035	-3.447564
-10.625	2.949723	-3.539236
-10.5	2.989271	-3.604298
-10.375	3.02866	-3.641871
-10.25	3.067869	-3.651292
-10.125	3.106879	-3.632126
-10.0	3.145668	-3.584168
-9.875	3.184217	-3.507451
-9.75	3.222504	-3.402246
-9.625	3.260509	-3.269065
-9.5	3.298212	-3.108658
-9.375	3.335591	-2.92201
-9.25	3.372625	-2.710334
-9.125	3.409295	-2.475063
-9.0	3.445579	-2.217844
-8.875	3.481456	-1.94052
-8.75	3.516906	-1.645121
-8.625	3.551908	-1.333849
-8.5	3.586442	-1.009055
-8.375	3.620488	-0.673229
-8.25	3.654025	-0.328972
-8.125	3.687032	0.021018
-8.0	3.719492	0.373974
-7.875	3.751382	0.72708
-7.75	3.782685	1.077495
-7.625	3.813381	1.422374
-7.5	3.843451	1.7589
-7.375	3.872876	2.084299
-7.25	3.901638	2.39587
-7.125	3.929719	2.691005
-7.0	3.957101	2.967215
-6.875	3.983766	3.22215
-6.75	4.009699	3.453618
-6.625	4.034881	3.659609
-6.5	4.059298	3.83831
-6.375	4.082932	3.988122
-6.25	4.105769	4.107676
-6.125	4.127795	4.195845
-6.0	4.148993	4.251755
-5.875	4.169351	4.274793
-5.75	4.188856	4.264615
-5.625	4.207493	4.221149
-5.5	4.225252	4.144597
-5.375	4.242119	4.035436
-5.25	4.258084	3.894413
-5.125	4.273137	3.722538
-5.0	4.287266	3.521083
-4.875	4.300463	3.291565
-4.75	4.312719	3.035739
-4.625	4.324025	2.75558
-4.5	4.334374	2.45327
-4.375	4.343758	2.131177
-4.25	4.352172	1.79184
-4.125	4.35961	1.437943
-4.0	4.366066	1.072294
-3.875	4.371537	0.697805
-3.75	4.376017	0.317461
-3.625	4.379506	-0.065699
-3.5	4.381999	-0.44861
-3.375	4.383496	-0.828209
-3.25	4.383995	-1.201458
-3.125	4.383496	-1.565369
-3.0	4.381999	-1.917033
-2.875	4.379506	-2.253641
-2.75	4.376017	-2.57251
-2.625	4.371536	-2.871103
-2.5	4.366066	-3.147054
-2.375	4.35961	-3.398185
-2.25	4.352172	-3.622524
-2.125	4.343758	-3.818323
-2.0	4.334374	-3.984072
-1.875	4.324025	-4.11851
-1.75	4.312719	-4.220637
-1.625	4.300463	-4.289719
-1.5	4.287266	-4.325299
-1.375	4.273136	-4.327193
-1.25	4.258084	-4.295496
-1.125	4.242119	-4.230577
-1.0	4.225251	-4.13308
-0.875	4.207493	-4.003909
-0.75	4.188855	-3.84423
-0.625	4.169351	-3.65545
-0.5	4.148993	-3.439211
-0.375	4.127794	-3.197372
-0.25	4.105769	-2.931995
-0.125	4.082931	-2.645321
0.0	4.059297	-2.339758
0.125	4.03488	-2.017853
0.25	4.009698	-1.682273
0.375	3.983765	-1.335783
0.5	3.9571	-0.981218
0.625	3.929718	-0.621462
0.75	3.901637	-0.259423
0.875	3.872875	0.101993
1.0	3.84345	0.459904
1.125	3.81338	0.811481
1.25	3.782684	1.153964
1.375	3.751381	1.484693
1.5	3.719491	1.801124
1.625	3.687031	2.100849
1.75	3.654024	2.381622
1.875	3.620487	2.641367
2.0	3.586441	2.878203
2.125	3.551907	3.090451
2.25	3.516905	3.27665
2.375	3.481455	3.435569
2.5	3.445578	3.566209
2.625	3.409294	3.667817
2.75	3.372624	3.739882
2.875	3.335589	3.782143
3.0	3.29821	3.794587
3.125	3.260508	3.777445
3.25	3.222503	3.731187
3.375	3.184215	3.656518
3.5	3.145667	3.554368
3.625	3.106877	3.425882
3.75	3.067868	3.272407
3.875	3.028658	3.09548
4.0	2.98927	2.896808
4.125	2.949721	2.67826
4.25	2.910034	2.441841
4.375	2.870227	2.189677
4.5	2.83032	1.923996
4.625	2.790332	1.647106
4.75	2.750283	1.361378
4.875	2.710192	1.069219
5.0	2.670078	0.773058
5.125	2.629958	0.47532
5.25	2.589852	0.178409
5.375	2.549776	-0.115315
5.5	2.50975	-0.40355
5.625	2.469789	-0.684079
5.75	2.429911	-0.954778
5.875	2.390133	-1.21364
6.0	2.350471	-1.458786
6.125	2.310941	-1.688479
6.25	2.271558	-1.901139
6.375	2.232339	-2.095351
6.5	2.193297	-2.269876
6.625	2.154447	-2.423658
6.75	2.115804	-2.555828
6.875	2.077381	-2.665712
7.0	2.039191	-2.75283
7.125	2.001248	-2.816899
7.25	1.963564	-2.857828
7.375	1.92615	-2.875722
7.5	1.88902	-2.87087
7.625	1.852183	-2.843745
7.75	1.815652	-2.794993
7.875	1.779436	-2.725427
8.0	1.743545	-2.636015
8.125	1.707989	-2.52787
8.25	1.672778	-2.402235
8.375	1.637919	-2.260476
8.5	1.603422	-2.10406
8.625	1.569294	-1.934549
8.75	1.535542	-1.753578
8.875	1.502175	-1.562842
9.0	1.469198	-1.364083
9.125	1.436618	-1.159069
9.25	1.404441	-0.949585
9.375	1.372672	-0.737411
9.5	1.341316	-0.524313
9.625	1.310378	-0.312022
9.75	1.279862	-0.102226
9.875	1.249772	0.103446
10.0	1.220112	0.303436
10.125	1.190885	0.496271
10.25	1.162093	0.680568
10.375	1.133739	0.855049
10.5	1.105825	1.018548
10.625	1.078353	1.170015
10.75	1.051324	1.308528
10.875	1.024739	1.433292
11.0	0.998599	1.543646
11.125	0.972905	1.639066
11.25	0.947655	1.719161
11.375	0.922851	1.78368
11.5	0.898492	1.832506
11.625	0.874576	1.865655
11.75	0.851103	1.883272
11.875	0.828072	1.885627
12.0	0.80548	1.873109
12.125	0.783327	1.846221
12.25	0.761609	1.805571
12.375	0.740325	1.751864
12.5	0.719472	1.685894
12.625	0.699047	1.608536
12.75	0.679047	1.520734
12.875	0.65947	1.423495
13.0	0.640311	1.317872
13.125	0.621567	1.204961
13.25	0.603234	1.085887
13.375	0.585309	0.961792
13.5	0.567787	0.833828
13.625	0.550665	0.703146
13.75	0.533937	0.570886
13.875	0.517599	0.438165
14.0	0.501647	0.306074
14.125	0.486076	0.175664
14.25	0.470882	0.047941
14.375	0.456058	-0.076143
14.5	0.4416	-0.195693
14.625	0.427504	-0.309883
14.75	0.413763	-0.417954
14.875	0.400373	-0.519223
15.0	0.387328	-0.613085
15.125	0.374622	-0.699016
15.25	0.362251	-0.776575
15.375	0.350209	-0.845405
15.5	0.33849	-0.905232
15.625	0.327088	-0.955868
15.75	0.315999	-0.997208
15.875	0.305216	-1.029225
16.0	0.294734	-1.051974
16.125	0.284547	-1.065585
16.25	0.27465	-1.070258
16.375	0.265037	-1.066263
16.5	0.255702	-1.053934
16.625	0.246639	-1.033659
16.75	0.237844	-1.005885
16.875	0.22931	-0.971101
17.0	0.221032	-0.929841
17.125	0.213004	-0.882673
17.25	0.205221	-0.830195
17.375	0.197678	-0.773028
17.5	0.190368	-0.711809
17.625	0.183287	-0.647189
17.75	0.176429	-0.579821
17.875	0.169789	-0.510358
18.0	0.163362	-0.439447
18.125	0.157142	-0.367725
18.25	0.151125	-0.295809
18.375	0.145305	-0.224296
18.5	0.139677	-0.153758
18.625	0.134237	-0.084737
18.75	0.128979	-0.017741
18.875	0.123899	0.046759
19.0	0.118992	0.108328
19.125	0.114254	0.166577
19.25	0.109679	0.221157
19.375	0.105263	0.271763
19.5	0.101002	0.318138
19.625	0.096892	0.36007
19.75	0.092927	0.39739
19.875	0.089105	0.42998
20.0	0.08542	0.457762
20.125	0.081869	0.480704
20.25	0.078448	0.498815
20.375	0.075153	0.512146
20.5	0.071979	0.520785
20.625	0.068924	0.524858
20.75	0.065984	0.524521
20.875	0.063155	0.519964
21.0	0.060433	0.511404
21.125	0.057815	0.499082
21.25	0.055298	0.483261
21.375	0.052879	0.464223
21.5	0.050554	0.442266
21.625	0.04832	0.417698
21.75	0.046175	0.390837
21.875	0.044114	0.362007
22.0	0.042136	0.331534
22.125	0.040238	0.299745
22.25	0.038416	0.266963
22.375	0.036669	0.233503
22.5	0.034993	0.199677
22.625	0.033386	0.16578
22.75	0.031845	0.1321
22.875	0.030369	0.098907
23.0	0.028954	0.066455
23.125	0.027599	0.034981
23.25	0.026302	0.004702
23.375	0.02506	-0.024184
23.5	0.023871	-0.051502
23.625	0.022733	-0.077097
23.75	0.021645	-0.100835
23.875	0.020604	-0.122607
24.0	0.019608	-0.142323
24.125	0.018657	-0.159917
24.25	0.017747	-0.175343
24.375	0.016879	-0.188576
24.5	0.016049	-0.199613
24.625	0.015256	-0.208466
24.75	0.014499	-0.215169
24.875	0.013777	-0.21977
25.0	0.013087	-0.222335
25.125	0.012429	-0.222942
25.25	0.011802	-0.221685
25.375	0.011204	-0.218667
25.5	0.010633	-0.214001
25.625	0.01009	-0.20781
25.75	0.009572	-0.200223
25.875	0.009078	-0.191376
26.0	0.008608	-0.181407
26.125	0.008161	-0.170458
26.25	0.007735	-0.158671
26.375	0.007329	-0.146191
26.5	0.006944	-0.133158
26.625	0.006577	-0.119711
26.75	0.006228	-0.105987
26.875	0.005896	-0.092116
27.0	0.00558	-0.078223
27.125	0.005281	-0.064427
27.25	0.004996	-0.050841
27.375	0.004725	-0.037568
27.5	0.004469	-0.024705
27.625	0.004225	-0.012339
27.75	0.003993	-0.000548
27.875	0.003774	0.010598
28.0	0.003565	0.02104
28.125	0.003368	0.030726
28.25	0.00318	0.039617
28.375	0.003002	0.04768
28.5	0.002834	0.054891
28.625	0.002675	0.061237
28.75	0.002523	0.066711
28.875	0.00238	0.071315
29.0	0.002245	0.07506
29.125	0.002116	0.07796
29.25	0.001995	0.08004
29.375	0.00188	0.081327
29.5	0.001772	0.081856
29.625	0.001669	0.081666
29.75	0.001572	0.0808
29.875	0.00148	0.079303
30.0	0.001393	0.077227
30.125	0.001311	0.074621
30.25	0.001233	0.07154
30.375	0.00116	0.068037
30.5	0.001091	0.064168
30.625	0.001026	0.059988
30.75	0.000965	0.055551
30.875	0.000907	0.05091
31.0	0.000852	0.046119
31.125	0.0008	0.041227
31.25	0.000752	0.036283
31.375	0.000706	0.031332
31.5	0.000663	0.026419
31.625	0.000622	0.021583
31.75	0.000583	0.016862
31.875	0.000547	0.01229
32.0	0.000513	0.007897
32.125	0.000481	0.003711
32.25	0.000451	-0.000245
32.375	0.000423	-0.00395
32.5	0.000396	-0.007389
32.625	0.000371	-0.010546
32.75	0.000348	-0.013413
32.875	0.000326	-0.015983
33.0	0.000305	-0.018252
33.125	0.000285	-0.020218
33.25	0.000267	-0.021885
33.375	0.00025	-0.023256
33.5	0.000234	-0.024339
33.625	0.000219	-0.025141
33.75	0.000204	-0.025675
33.875	0.000191	-0.025953
34.0	0.000179	-0.025989
34.125	0.000167	-0.025798
34.25	0.000156	-0.025397
34.375	0.000145	-0.024803
34.5	0.000136	-0.024034
34.625	0.000127	-0.023108
34.75	0.000118	-0.022043
34.875	0.00011	-0.020859
35.0	0.000103	-0.019574
35.125	9.6e-5	-0.018205
35.25	9.0e-5	-0.016771
35.375	8.3e-5	-0.015289
35.5	7.8e-5	-0.013774
35.625	7.2e-5	-0.012243
35.75	6.8e-5	-0.01071
35.875	6.3e-5	-0.009189
36.0	5.9e-5	-0.007693
36.125	5.5e-5	-0.006233
36.25	5.1e-5	-0.00482
36.375	4.7e-5	-0.003463
36.5	4.4e-5	-0.00217
36.625	4.1e-5	-0.000949
36.75	3.8e-5	0.000195
36.875	3.5e-5	0.001256
37.0	3.3e-5	0.002231
37.125	3.0e-5	0.003118
37.25	2.8e-5	0.003914
37.375	2.6e-5	0.004619
37.5	2.4e-5	0.005232
37.625	2.3e-5	0.005756
37.75	2.1e-5	0.006191
37.875	2.0e-5	0.00654
38.0	1.8e-5	0.006805
38.125	1.7e-5	0.006992
38.25	1.6e-5	0.007103
38.375	1.4e-5	0.007142
38.5	1.3e-5	0.007116
38.625	1.2e-5	0.007028
38.75	1.1e-5	0.006884
38.875	1.1e-5	0.00669
39.0	1.0e-5	0.00645
39.125	9.0e-6	0.006171
39.25	8.0e-6	0.005857
39.375	8.0e-6	0.005515
39.5	7.0e-6	0.005149
39.625	7.0e-6	0.004765
39.75	6.0e-6	0.004366
39.875	6.0e-6	0.003959
40.0	5.0e-6	0.003547
40.125	5.0e-6	0.003135
40.25	5.0e-6	0.002726
40.375	4.0e-6	0.002324
40.5	4.0e-6	0.001931
40.625	4.0e-6	0.001551
40.75	3.0e-6	0.001187
40.875	3.0e-6	0.00084
41.0	3.0e-6	0.000512
41.125	3.0e-6	0.000205
41.25	2.0e-6	-7.9e-5
41.375	2.0e-6	-0.000341
41.5	2.0e-6	-0.00058
41.625	2.0e-6	-0.000794
41.75	2.0e-6	-0.000984
41.875	2.0e-6	-0.00115
42.0	1.0e-6	-0.001293
42.125	1.0e-6	-0.001413
42.25	1.0e-6	-0.00151
42.375	1.0e-6	-0.001586
42.5	1.0e-6	-0.001641
42.625	1.0e-6	-0.001677
42.75	1.0e-6	-0.001694
42.875	1.0e-6	-0.001695
43.0	1.0e-6	-0.00168
43.125	1.0e-6	-0.001651
43.25	1.0e-6	-0.001609
43.375	1.0e-6	-0.001556
43.5	1.0e-6	-0.001493
43.625	0.0	-0.001421
43.75	0.0	-0.001342
43.875	0.0	-0.001257
44.0	0.0	-0.001168
44.125	0.0	-0.001075
44.25	0.0	-0.00098
44.375	0.0	-0.000884
44.5	0.0	-0.000788
44.625	0.0	-0.000692
44.75	0.0	-0.000598
44.875	0.0	-0.000507
45.0	0.0	-0.000418
45.125	0.0	-0.000333
45.25	0.0	-0.000252
45.375	0.0	-0.000175
45.5	0.0	-0.000104
45.625	0.0	-3.7e-5
45.75	0.0	2.4e-5
45.875	0.0	7.9e-5
46.0	0.0	0.00013
46.125	0.0	0.000174
46.25	0.0	0.000213
46.375	0.0	0.000247
46.5	0.0	0.000276
46.625	0.0	0.000299
46.75	0.0	0.000318
46.875	0.0	0.000332
47.0	0.0	0.000341
47.125	0.0	0.000347
47.25	0.0	0.000349
47.375	0.0	0.000347
47.5	0.0	0.000342
47.625	0.0	0.000335
47.75	0.0	0.000324
47.875	0.0	0.000312
48.0	0.0	0.000298
48.125	0.0	0.000282
48.25	0.0	0.000265
48.375	0.0	0.000247
48.5	0.0	0.000229
48.625	0.0	0.000209
48.75	0.0	0.00019
48.875	0.0	0.00017
49.0	0.0	0.000151
49.125	0.0	0.000132
49.25	0.0	0.000113
49.375	0.0	9.5e-5
49.5	0.0	7.8e-5
49.625	0.0	6.2e-5
49.75	0.0	4.6e-5
49.875	0.0	3.2e-5
50.0	0.0	1.8e-5
50.125	0.0	6.0e-6
50.25	0.0	-6.0e-6
50.375	0.0	-1.6e-5
50.5	0.0	-2.5e-5
50.625	0.0	-3.3e-5
50.75	0.0	-4.0e-5
50.875	0.0	-4.6e-5
51.0	0.0	-5.1e-5
51.125	0.0	-5.5e-5
51.25	0.0	-5.8e-5
51.375	0.0	-6.0e-5
51.5	0.0	-6.1e-5
51.625	0.0	-6.2e-5
51.75	0.0	-6.2e-5
51.875	0.0	-6.1e-5
52.0	0.0	-6.0e-5
52.125	0.0	-5.8e-5
52.25	0.0	-5.6e-5
52.375	0.0	-5.4e-5
52.5	0.0	-5.1e-5
52.625	0.0	-4.8e-5
52.75	0.0	-4.5e-5
52.875	0.0	-4.2e-5
53.0	0.0	-3.9e-5
53.125	0.0	-3.5e-5
53.25	0.0	-3.2e-5
53.375	0.0	-2.8e-5
53.5	0.0	-2.5e-5
53.625	0.0	-2.2e-5
53.75	0.0	-1.8e-5
53.875	0.0	-1.5e-5
54.0	0.0	-1.3e-5
54.125	0.0	-1.0e-5
54.25	0.0	-7.0e-6
54.375	0.0	-5.0e-6
54.5	0.0	-3.0e-6
54.625	0.0	0.0
54.75	0.0	1.0e-6
54.875	0.0	3.0e-6
55.0	0.0	4.0e-6
55.125	0.0	5.0e-6
55.25	0.0	6.0e-6
55.375	0.0	7.0e-6
55.5	0.0	8.0e-6
55.625	0.0	9.0e-6
55.75	0.0	9.0e-6
55.875	0.0	9.0e-6
56.0	0.0	9.0e-6
56.125	0.0	1.0e-5
56.25	0.0	9.0e-6
56.375	0.0	9.0e-6
56.5	0.0	9.0e-6
56.625	0.0	9.0e-6
56.75	0.0	8.0e-6
56.875	0.0	8.0e-6
57.0	0.0	8.0e-6
57.125	0.0	7.0e-6
57.25	0.0	7.0e-6
57.375	0.0	6.0e-6
57.5	0.0	6.0e-6
57.625	0.0	5.0e-6
57.75	0.0	5.0e-6
57.875	0.0	4.0e-6
58.0	0.0	4.0e-6
58.125	0.0	3.0e-6
58.25	0.0	3.0e-6
58.375	0.0	2.0e-6
58.5	0.0	2.0e-6
58.625	0.0	1.0e-6
58.75	0.0	0.0
58.875	0.0	0.0
59.0	0.0	0.0
59.125	0.0	0.0
59.25	0.0	0.0
59.375	0.0	0.0
59.5	0.0	0.0
59.625	0.0	0.0
59.75	0.0	0.0
59.875	0.0	-1.0e-6
60.0	0.0	-1.0e-6
60.125	0.0	-1.0e-6
60.25	0.0	-1.0e-6
60.375	0.0	-1.0e-6
60.5	0.0	-1.0e-6
60.625	0.0	-1.0e-6
60.75	0.0	-1.0e-6
60.875	0.0	-1.0e-6
61.0	0.0	-1.0e-6
61.125	0.0	-1.0e-6
61.25	0.0	-1.0e-6
61.375	0.0	-1.0e-6
61.5	0.0	0.0
61.625	0.0	0.0
61.75	0.0	0.0
61.875	0.0	0.0
62.0	0.0	0.0
62.125	0.0	0.0
62.25	0.0	0.0
62.375	0.0	0.0
62.5	0.0	0.0
62.625	0.0	0.0
62.75	0.0	0.0
62.875	0.0	0.0
63.0	0.0	0.0
63.125	0.0	0.0
63.25	0.0	0.0
63.375	0.0	0.0
63.5	0.0	0.0
63.625	0.0	0.0
63.75	0.0	0.0
63.875	0.0	0.0
64.0	0.0	0.0
64.125	0.0	0.0
64.25	0.0	0.0
64.375	0.0	0.0
64.5	0.0	0.0
64.625	0.0	0.0
64.75	0.0	0.0
64.875	0.0	0.0
65.0	0.0	0.0
65.125	0.0	0.0
65.25	0.0	0.0
65.375	0.0	0.0
65.5	0.0	0.0
65.625	0.0	0.0
65.75	0.0	0.0
65.875	0.0	0.0
66.0	0.0	0.0
66.125	0.0	0.0
66.25	0.0	0.0
66.375	0.0	0.0
66.5	0.0	0.0
66.625	0.0	0.0
66.75	0.0	0.0
66.875	0.0	0.0
67.0	0.0	0.0
67.125	0.0	0.0
67.25	0.0	0.0
67.375	0.0	0.0
67.5	0.0	0.0
67.625	0.0	0.0
67.75	0.0	0.0
67.875	0.0	0.0
68.0	0.0	0.0
68.125	0.0	0.0
68.25	0.0	0.0
68.375	0.0	0.0
68.5	0.0	0.0
68.625	0.0	0.0
68.75	0.0	0.0
68.875	0.0	0.0
69.0	0.0	0.0
69.125	0.0	0.0
69.25	0.0	0.0
69.375	0.0	0.0
69.5	0.0	0.0
69.625	0.0	0.0
69.75	0.0	0.0
69.875	0.0	0.0
70.0	0.0	0.0
70.125	0.0	0.0
70.25	0.0	0.0
70.375	0.0	0.0
70.5	0.0	0.0
70.625	0.0	0.0
70.75	0.0	0.0
70.875	0.0	0.0
71.0	0.0	0.0
71.125	0.0	0.0
71.25	0.0	0.0
71.375	0.0	0.0
71.5	0.0	0.0
71.625	0.0	0.0
71.75	0.0	0.0
71.875	0.0	0.0
72.0	0.0	0.0
72.125	0.0	0.0
72.25	0.0	0.0
72.375	0.0	0.0
72.5	0.0	0.0
72.625	0.0	0.0
72.75	0.0	0.0
72.875	0.0	0.0
73.0	0.0	0.0
73.125	0.0	0.0
73.25	0.0	0.0
73.375	0.0	0.0
73.5	0.0	0.0
73.625	0.0	0.0
73.75	0.0	0.0
73.875	0.0	0.0
74.0	0.0	0.0
74.125	0.0	0.0
74.25	0.0	0.0
74.375	0.0	0.0
74.5	0.0	0.0
74.625	0.0	0.0
74.75	0.0	0.0
74.875	0.0	0.0
75.0	0.0	0.0
75.125	0.0	0.0
75.25	0.0	0.0
75.375	0.0	0.0
75.5	0.0	0.0
75.625	0.0	0.0
75.75	0.0	0.0
75.875	0.0	0.0
76.0	0.0	0.0
76.125	0.0	0.0
76.25	0.0	0.0
76.375	0.0	0.0
76.5	0.0	0.0
76.625	0.0	0.0
76.75	0.0	0.0
76.875	0.0	0.0
77.0	0.0	0.0
77.125	0.0	0.0
77.25	0.0	0.0
77.375	0.0	0.0
77.5	0.0	0.0
77.625	0.0	0.0
77.75	0.0	0.0
77.875	0.0	0.0
78.0	0.0	0.0
78.125	0.0	0.0
78.25	0.0	0.0
78.375	0.0	0.0
78.5	0.0	0.0
78.625	0.0	0.0
78.75	0.0	0.0
78.875	0.0	0.0
79.0	0.0	0.0
79.125	0.0	0.0
79.25	0.0	0.0
79.375	0.0	0.0
79.5	0.0	0.0
79.625	0.0	0.0
79.75	0.0	0.0
79.875	0.0	0.0
80.0	0.0	0.0
80.125	0.0	0.0
80.25	0.0	0.0
80.375	0.0	0.0
80.5	0.0	0.0
80.625	0.0	0.0
80.75	0.0	0.0
80.875	0.0	0.0
81.0	0.0	0.0
81.125	0.0	0.0
81.25	0.0	0.0
81.375	0.0	0.0
81.5	0.0	0.0
81.625	0.0	0.0
81.75	0.0	0.0
81.875	0.0	0.0
82.0	0.0	0.0
82.125	0.0	0.0
82.25	0.0	0.0
82.375	0.0	0.0
82.5	0.0	0.0
82.625	0.0	0.0
82.75	0.0	0.0
82.875	0.0	0.0
83.0	0.0	0.0
83.125	0.0	0.0
83.25	0.0	0.0
83.375	0.0	0.0
83.5	0.0	0.0
83.625	0.0	0.0
83.75	0.0	0.0
83.875	0.0	0.0
84.0	0.0	0.0
84.125	0.0	0.0
84.25	0.0	0.0
84.375	0.0	0.0
84.5	0.0	0.0
84.625	0.0	0.0
84.75	0.0	0.0
84.875	0.0	0.0
85.0	0.0	0.0
85.125	0.0	0.0
85.25	0.0	0.0
85.375	0.0	0.0
85.5	0.0	0.0
85.625	0.0	0.0
85.75	0.0	0.0
85.875	0.0	0.0
86.0	0.0	0.0
86.125	0.0	0.0
86.25	0.0	0.0
86.375	0.0	0.0
86.5	0.0	0.0
86.625	0.0	0.0
86.75	0.0	0.0
86.875	0.0	0.0
87.0	0.0	0.0
87.125	0.0	0.0
87.25	0.0	0.0
87.375	0.0	0.0
87.5	0.0	0.0
87.625	0.0	0.0
87.75	0.0	0.0
87.875	0.0	0.0
88.0	0.0	0.0
88.125	0.0	0.0
88.25	0.0	0.0
88.375	0.0	0.0
88.5	0.0	0.0
88.625	0.0	0.0
88.75	0.0	0.0
88.875	0.0	0.0
89.0	0.0	0.0
89.125	0.0	0.0
89.25	0.0	0.0
89.375	0.0	0.0
89.5	0.0	0.0
89.625	0.0	0.0
89.75	0.0	0.0
89.875	0.0	0.0
90.0	0.0	0.0
90.125	0.0	0.0
90.25	0.0	0.0
90.375	0.0	0.0
90.5	0.0	0.0
90.625	0.0	0.0
90.75	0.0	0.0
90.875	0.0	0.0
91.0	0.0	0.0
91.125	0.0	0.0
91.25	0.0	0.0
91.375	0.0	0.0
91.5	0.0	0.0
91.625	0.0	0.0
91.75	0.0	0.0
91.875	0.0	0.0
92.0	0.0	0.0
92.125	0.0	0.0
92.25	0.0	0.0
92.375	0.0	0.0
92.5	0.0	0.0
92.625	0.0	0.0
92.75	0.0	0.0
92.875	0.0	0.0
93.0	0.0	0.0
93.125	0.0	0.0
93.25	0.0	0.0
93.375	0.0	0.0
93.5	0.0	0.0
93.625	0.0	0.0
93.75	0.0	0.0
93.875	0.0	0.0
94.0	0.0	0.0
94.125	0.0	0.0
94.25	0.0	0.0
94.375	0.0	0.0
94.5	0.0	0.0
94.625	0.0	0.0
94.75	0.0	0.0
94.875	0.0	0.0
95.0	0.0	0.0
95.125	0.0	0.0
95.25	0.0	0.0
95.375	0.0	0.0
95.5	0.0	0.0
95.625	0.0	0.0
95.75	0.0	0.0
95.875	0.0	0.0
96.0	0.0	0.0
96.125	0.0	0.0
96.25	0.0	0.0
96.375	0.0	0.0
96.5	0.0	0.0
96.625	0.0	0.0
96.75	0.0	0.0
96.875	0.0	0.0
97.0	0.0	0.0
97.125	0.0	0.0
97.25	0.0	0.0
97.375	0.0	0.0
97.5	0.0	0.0
97.625	0.0	0.0
97.75	0.0	0.0
97.875	0.0	0.0
98.0	0.0	0.0
98.125	0.0	0.0
98.25	0.0	0.0
98.375	0.0	0.0
98.5	0.0	0.0
98.625	0.0	0.0
98.75	0.0	0.0
98.875	0.0	0.0
99.0	0.0	0.0
99.125	0.0	0.0
99.25	0.0	0.0
99.375	0.0	0.0
99.5	0.0	0.0
99.625	0.0	0.0
99.75	0.0	0.0
99.875	0.0	0.0
100.0	0.0	0.0
100.125	0.0	0.0
100.25	0.0	0.0
100.375	0.0	0.0
100.5	0.0	0.0
100.625	0.0	0.0
100.75	0.0	0.0
100.875	0.0	0.0
101.0	0.0	0.0
101.125	0.0	0.0
101.25	0.0	0.0
101.375	0.0	0.0
101.5	0.0	0.0
101.625	0.0	0.0
101.75	0.0	0.0
101.875	0.0	0.0
102.0	0.0	0.0
102.125	0.0	0.0
102.25	0.0	0.0
102.375	0.0	0.0
102.5	0.0	0.0
102.625	0.0	0.0
102.75	0.0	0.0
102.875	0.0	0.0
103.0	0.0	0.0
103.125	0.0	0.0
103.25	0.0	0.0
103.375	0.0	0.0
103.5	0.0	0.0
103.625	0.0	0.0
103.75	0.0	0.0
103.875	0.0	0.0
104.0	0.0	0.0
104.125	0.0	0.0
104.25	0.0	0.0
104.375	0.0	0.0
104.5	0.0	0.0
104.625	0.0	0.0
104.75	0.0	0.0
104.875	0.0	0.0
105.0	0.0	0.0
105.125	0.0	0.0
