-150.75	0.0	0.0
-150.625	0.0	0.0
-150.5	0.0	0.0
-150.375	0.0	0.0
-150.25	0.0	0.0
-150.125	0.0	0.0
-150.0	0.0	0.0
-149.875	0.0	0.0
-149.75	0.0	0.0
-149.625	0.0	0.0
-149.5	0.0	0.0
-149.375	0.0	0.0
-149.25	0.0	0.0
-149.125	0.0	0.0
-149.0	0.0	0.0
-148.875	0.0	0.0
-148.75	0.0	0.0
-148.625	0.0	0.0
-148.5	0.0	0.0
-148.375	0.0	0.0
-148.25	0.0	0.0
-148.125	0.0	0.0
-148.0	0.0	0.0
-147.875	0.0	0.0
-147.75	0.0	0.0
-147.625	0.0	0.0
-147.5	0.0	0.0
-147.375	0.0	0.0
-147.25	0.0	0.0
-147.125	0.0	0.0
-147.0	0.0	0.0
-146.875	0.0	0.0
-146.75	0.0	0.0
-146.625	0.0	0.0
-146.5	0.0	0.0
-146.375	0.0	0.0
-146.25	0.0	0.0
-146.125	0.0	0.0
-146.0	0.0	0.0
-145.875	0.0	0.0
-145.75	0.0	0.0
-145.625	0.0	0.0
-145.5	0.0	0.0
-145.375	0.0	0.0
-145.25	0.0	0.0
-145.125	0.0	0.0
-145.0	0.0	0.0
-144.875	0.0	0.0
-144.75	0.0	0.0
-144.625	0.0	0.0
-144.5	0.0	0.0
-144.375	0.0	0.0
-144.25	0.0	0.0
-144.125	0.0	0.0
-144.0	0.0	0.0
-143.875	0.0	0.0
-143.75	0.0	0.0
-143.625	0.0	0.0
-143.5	0.0	0.0
-143.375	0.0	0.0
-143.25	0.0	0.0
-143.125	0.0	0.0
-143.0	0.0	0.0
-142.875	0.0	0.0
-142.75	0.0	0.0
-142.625	0.0	0.0
-142.5	0.0	0.0
-142.375	0.0	0.0
-142.25	0.0	0.0
-142.125	0.0	0.0
-142.0	0.0	0.0
-141.875	0.0	0.0
-141.75	0.0	0.0
-141.625	0.0	0.0
-141.5	0.0	0.0
-141.375	0.0	0.0
-141.25	0.0	0.0
-141.125	0.0	0.0
-141.0	0.0	0.0
-140.875	0.0	0.0
-140.75	0.0	0.0
-140.625	0.0	0.0
-140.5	0.0	0.0
-140.375	0.0	0.0
-140.25	0.0	0.0
-140.125	0.0	0.0
-140.0	0.0	0.0
-139.875	0.0	0.0
-139.75	0.0	0.0
-139.625	0.0	0.0
-139.5	0.0	0.0
-139.375	0.0	0.0
-139.25	0.0	0.0
-139.125	0.0	0.0
-139.0	0.0	0.0
-138.875	0.0	0.0
-138.75	0.0	0.0
-138.625	0.0	0.0
-138.5	0.0	0.0
-138.375	0.0	0.0
-138.25	0.0	0.0
-138.125	0.0	0.0
-138.0	0.0	0.0
-137.875	0.0	0.0
-137.75	0.0	0.0
-137.625	0.0	0.0
-137.5	0.0	0.0
-137.375	0.0	0.0
-137.25	0.0	0.0
-137.125	0.0	0.0
-137.0	0.0	0.0
-136.875	0.0	0.0
-136.75	0.0	0.0
-136.625	0.0	0.0
-136.5	0.0	0.0
-136.375	0.0	0.0
-136.25	0.0	0.0
-136.125	0.0	0.0
-136.0	0.0	0.0
-135.875	0.0	0.0
-135.75	0.0	0.0
-135.625	0.0	0.0
-135.5	0.0	0.0
-135.375	0.0	0.0
-135.25	0.0	0.0
-135.125	0.0	0.0
-135.0	0.0	0.0
-134.875	0.0	0.0
-134.75	0.0	0.0
-134.625	0.0	0.0
-134.5	0.0	0.0
-134.375	0.0	0.0
-134.25	0.0	0.0
-134.125	0.0	0.0
-134.0	0.0	0.0
-133.875	0.0	0.0
-133.75	0.0	0.0
-133.625	0.0	0.0
-133.5	0.0	0.0
-133.375	0.0	0.0
-133.25	0.0	0.0
-133.125	0.0	0.0
-133.0	0.0	0.0
-132.875	0.0	0.0
-132.75	0.0	0.0
-132.625	0.0	0.0
-132.5	0.0	0.0
-132.375	0.0	0.0
-132.25	0.0	0.0
-132.125	0.0	0.0
-132.0	0.0	0.0
-131.875	0.0	0.0
-131.75	0.0	0.0
-131.625	0.0	0.0
-131.5	0.0	0.0
-131.375	0.0	0.0
-131.25	0.0	0.0
-131.125	0.0	0.0
-131.0	0.0	0.0
-130.875	0.0	0.0
-130.75	0.0	0.0
-130.625	0.0	0.0
-130.5	0.0	0.0
-130.375	0.0	0.0
-130.25	0.0	0.0
-130.125	0.0	0.0
-130.0	0.0	0.0
-129.875	0.0	0.0
-129.75	0.0	0.0
-129.625	0.0	0.0
-129.5	0.0	0.0
-129.375	0.0	0.0
-129.25	0.0	0.0
-129.125	0.0	0.0
-129.0	0.0	0.0
-128.875	0.0	0.0
-128.75	0.0	0.0
-128.625	0.0	0.0
-128.5	0.0	0.0
-128.375	0.0	0.0
-128.25	0.0	0.0
-128.125	0.0	0.0
-128.0	0.0	0.0
-127.875	0.0	0.0
-127.75	0.0	0.0
-127.625	0.0	0.0
-127.5	0.0	0.0
-127.375	0.0	0.0
-127.25	0.0	0.0
-127.125	0.0	0.0
-127.0	0.0	0.0
-126.875	0.0	0.0
-126.75	0.0	0.0
-126.625	0.0	0.0
-126.5	0.0	0.0
-126.375	0.0	0.0
-126.25	0.0	0.0
-126.125	0.0	0.0
-126.0	0.0	0.0
-125.875	0.0	0.0
-125.75	0.0	0.0
-125.625	0.0	0.0
-125.5	0.0	0.0
-125.375	0.0	0.0
-125.25	0.0	0.0
-125.125	0.0	0.0
-125.0	0.0	0.0
-124.875	0.0	0.0
-124.75	0.0	0.0
-124.625	0.0	0.0
-124.5	0.0	0.0
-124.375	0.0	0.0
-124.25	0.0	0.0
-124.125	0.0	0.0
-124.0	0.0	0.0
-123.875	0.0	0.0
-123.75	0.0	0.0
-123.625	0.0	0.0
-123.5	0.0	0.0
-123.375	0.0	0.0
-123.25	0.0	0.0
-123.125	0.0	0.0
-123.0	0.0	0.0
-122.875	0.0	0.0
-122.75	0.0	0.0
-122.625	0.0	0.0
-122.5	0.0	0.0
-122.375	0.0	0.0
-122.25	0.0	0.0
-122.125	0.0	0.0
-122.0	0.0	0.0
-121.875	0.0	0.0
-121.75	0.0	0.0
-121.625	0.0	0.0
-121.5	0.0	0.0
-121.375	0.0	0.0
-121.25	0.0	0.0
-121.125	0.0	0.0
-121.0	0.0	0.0
-120.875	0.0	0.0
-120.75	0.0	0.0
-120.625	0.0	0.0
-120.5	0.0	0.0
-120.375	0.0	0.0
-120.25	0.0	0.0
-120.125	0.0	0.0
-120.0	0.0	0.0
-119.875	0.0	0.0
-119.75	0.0	0.0
-119.625	0.0	0.0
-119.5	0.0	0.0
-119.375	0.0	0.0
-119.25	0.0	0.0
-119.125	0.0	0.0
-119.0	0.0	0.0
-118.875	0.0	0.0
-118.75	0.0	0.0
-118.625	0.0	0.0
-118.5	0.0	0.0
-118.375	0.0	0.0
-118.25	0.0	0.0
-118.125	0.0	0.0
-118.0	0.0	0.0
-117.875	0.0	0.0
-117.75	0.0	0.0
-117.625	0.0	0.0
-117.5	0.0	0.0
-117.375	0.0	0.0
-117.25	0.0	0.0
-117.125	0.0	0.0
-117.0	0.0	0.0
-116.875	0.0	0.0
-116.75	0.0	0.0
-116.625	0.0	0.0
-116.5	0.0	0.0
-116.375	0.0	0.0
-116.25	0.0	0.0
-116.125	0.0	0.0
-116.0	0.0	0.0
-115.875	0.0	0.0
-115.75	0.0	0.0
-115.625	0.0	0.0
-115.5	0.0	0.0
-115.375	0.0	0.0
-115.25	0.0	0.0
-115.125	0.0	0.0
-115.0	0.0	0.0
-114.875	0.0	0.0
-114.75	0.0	0.0
-114.625	0.0	0.0
-114.5	0.0	0.0
-114.375	0.0	0.0
-114.25	0.0	0.0
-114.125	0.0	0.0
-114.0	0.0	0.0
-113.875	0.0	0.0
-113.75	0.0	0.0
-113.625	0.0	0.0
-113.5	0.0	0.0
-113.375	0.0	0.0
-113.25	0.0	0.0
-113.125	0.0	0.0
-113.0	0.0	0.0
-112.875	0.0	0.0
-112.75	0.0	0.0
-112.625	0.0	0.0
-112.5	0.0	0.0
-112.375	0.0	0.0
-112.25	0.0	0.0
-112.125	0.0	0.0
-112.0	0.0	0.0
-111.875	0.0	0.0
-111.75	0.0	0.0
-111.625	0.0	0.0
-111.5	0.0	0.0
-111.375	0.0	0.0
-111.25	0.0	0.0
-111.125	0.0	0.0
-111.0	0.0	0.0
-110.875	0.0	0.0
-110.75	0.0	0.0
-110.625	0.0	0.0
-110.5	0.0	0.0
-110.375	0.0	0.0
-110.25	0.0	0.0
-110.125	0.0	0.0
-110.0	0.0	0.0
-109.875	0.0	0.0
-109.75	0.0	0.0
-109.625	0.0	0.0
-109.5	0.0	0.0
-109.375	0.0	0.0
-109.25	0.0	0.0
-109.125	0.0	0.0
-109.0	0.0	0.0
-108.875	0.0	0.0
-108.75	0.0	0.0
-108.625	0.0	0.0
-108.5	0.0	0.0
-108.375	0.0	0.0
-108.25	0.0	0.0
-108.125	0.0	0.0
-108.0	0.0	0.0
-107.875	0.0	0.0
-107.75	0.0	0.0
-107.625	0.0	0.0
-107.5	0.0	0.0
-107.375	0.0	0.0
-107.25	0.0	0.0
-107.125	0.0	0.0
-107.0	0.0	0.0
-106.875	0.0	0.0
-106.75	0.0	0.0
-106.625	0.0	0.0
-106.5	0.0	0.0
-106.375	0.0	0.0
-106.25	0.0	0.0
-106.125	0.0	0.0
-106.0	0.0	0.0
-105.875	0.0	0.0
-105.75	0.0	0.0
-105.625	0.0	0.0
-105.5	0.0	0.0
-105.375	0.0	0.0
-105.25	0.0	0.0
-105.125	0.0	0.0
-105.0	0.0	0.0
-104.875	0.0	0.0
-104.75	0.0	0.0
-104.625	0.0	0.0
-104.5	0.0	0.0
-104.375	0.0	0.0
-104.25	0.0	0.0
-104.125	0.0	0.0
-104.0	0.0	0.0
-103.875	0.0	0.0
-103.75	0.0	0.0
-103.625	0.0	0.0
-103.5	0.0	0.0
-103.375	0.0	0.0
-103.25	0.0	0.0
-103.125	0.0	0.0
-103.0	0.0	0.0
-102.875	0.0	0.0
-102.75	0.0	0.0
-102.625	0.0	0.0
-102.5	0.0	0.0
-102.375	0.0	0.0
-102.25	0.0	0.0
-102.125	0.0	0.0
-102.0	0.0	0.0
-101.875	0.0	0.0
-101.75	0.0	0.0
-101.625	0.0	0.0
-101.5	0.0	0.0
-101.375	0.0	0.0
-101.25	0.0	0.0
-101.125	0.0	0.0
-101.0	0.0	0.0
-100.875	0.0	0.0
-100.75	0.0	0.0
-100.625	0.0	0.0
-100.5	0.0	0.0
-100.375	0.0	0.0
-100.25	0.0	0.0
-100.125	0.0	0.0
-100.0	0.0	0.0
-99.875	0.0	0.0
-99.75	0.0	0.0
-99.625	0.0	0.0
-99.5	0.0	0.0
-99.375	0.0	0.0
-99.25	0.0	0.0
-99.125	0.0	0.0
-99.0	0.0	0.0
-98.875	0.0	0.0
-98.75	0.0	0.0
-98.625	0.0	0.0
-98.5	0.0	0.0
-98.375	0.0	0.0
-98.25	0.0	0.0
-98.125	0.0	0.0
-98.0	0.0	0.0
-97.875	0.0	0.0
-97.75	0.0	0.0
-97.625	0.0	0.0
-97.5	0.0	0.0
-97.375	0.0	0.0
-97.25	0.0	0.0
-97.125	0.0	0.0
-97.0	0.0	0.0
-96.875	0.0	0.0
-96.75	0.0	0.0
-96.625	0.0	0.0
-96.5	0.0	0.0
-96.375	0.0	0.0
-96.25	0.0	0.0
-96.125	0.0	0.0
-96.0	0.0	0.0
-95.875	0.0	0.0
-95.75	0.0	0.0
-95.625	0.0	0.0
-95.5	0.0	0.0
-95.375	0.0	0.0
-95.25	0.0	0.0
-95.125	0.0	0.0
-95.0	0.0	0.0
-94.875	0.0	0.0
-94.75	0.0	0.0
-94.625	0.0	0.0
-94.5	0.0	0.0
-94.375	0.0	0.0
-94.25	0.0	0.0
-94.125	0.0	0.0
-94.0	0.0	0.0
-93.875	0.0	0.0
-93.75	0.0	0.0
-93.625	0.0	0.0
-93.5	0.0	0.0
-93.375	0.0	0.0
-93.25	0.0	0.0
-93.125	0.0	0.0
-93.0	0.0	0.0
-92.875	0.0	0.0
-92.75	0.0	0.0
-92.625	0.0	0.0
-92.5	0.0	0.0
-92.375	0.0	0.0
-92.25	0.0	0.0
-92.125	0.0	0.0
-92.0	0.0	0.0
-91.875	0.0	0.0
-91.75	0.0	0.0
-91.625	0.0	0.0
-91.5	0.0	0.0
-91.375	0.0	0.0
-91.25	0.0	0.0
-91.125	0.0	0.0
-91.0	0.0	0.0
-90.875	0.0	0.0
-90.75	0.0	0.0
-90.625	0.0	0.0
-90.5	0.0	0.0
-90.375	0.0	0.0
-90.25	0.0	0.0
-90.125	0.0	0.0
-90.0	0.0	0.0
-89.875	0.0	0.0
-89.75	0.0	0.0
-89.625	0.0	0.0
-89.5	0.0	0.0
-89.375	0.0	0.0
-89.25	0.0	0.0
-89.125	0.0	0.0
-89.0	0.0	0.0
-88.875	0.0	0.0
-88.75	0.0	0.0
-88.625	0.0	0.0
-88.5	0.0	0.0
-88.375	0.0	0.0
-88.25	0.0	0.0
-88.125	0.0	0.0
-88.0	0.0	0.0
-87.875	0.0	0.0
-87.75	0.0	0.0
-87.625	0.0	0.0
-87.5	0.0	0.0
-87.375	0.0	0.0
-87.25	0.0	0.0
-87.125	0.0	0.0
-87.0	0.0	0.0
-86.875	0.0	0.0
-86.75	0.0	0.0
-86.625	0.0	0.0
-86.5	0.0	0.0
-86.375	0.0	0.0
-86.25	0.0	0.0
-86.125	0.0	0.0
-86.0	0.0	0.0
-85.875	0.0	0.0
-85.75	0.0	0.0
-85.625	0.0	0.0
-85.5	0.0	0.0
-85.375	0.0	0.0
-85.25	0.0	0.0
-85.125	0.0	0.0
-85.0	0.0	0.0
-84.875	0.0	0.0
-84.75	0.0	0.0
-84.625	0.0	0.0
-84.5	0.0	0.0
-84.375	0.0	0.0
-84.25	0.0	0.0
-84.125	0.0	0.0
-84.0	0.0	0.0
-83.875	0.0	0.0
-83.75	0.0	0.0
-83.625	0.0	0.0
-83.5	0.0	0.0
-83.375	0.0	0.0
-83.25	0.0	0.0
-83.125	0.0	0.0
-83.0	0.0	0.0
-82.875	0.0	0.0
-82.75	0.0	0.0
-82.625	0.0	0.0
-82.5	0.0	0.0
-82.375	0.0	0.0
-82.25	0.0	0.0
-82.125	0.0	0.0
-82.0	0.0	0.0
-81.875	0.0	0.0
-81.75	0.0	0.0
-81.625	0.0	0.0
-81.5	0.0	0.0
-81.375	0.0	0.0
-81.25	0.0	0.0
-81.125	0.0	0.0
-81.0	0.0	0.0
-80.875	0.0	0.0
-80.75	0.0	0.0
-80.625	0.0	0.0
-80.5	0.0	0.0
-80.375	0.0	0.0
-80.25	0.0	0.0
-80.125	0.0	0.0
-80.0	0.0	0.0
-79.875	0.0	0.0
-79.75	0.0	0.0
-79.625	0.0	0.0
-79.5	0.0	0.0
-79.375	0.0	0.0
-79.25	0.0	0.0
-79.125	0.0	0.0
-79.0	0.0	0.0
-78.875	0.0	0.0
-78.75	0.0	0.0
-78.625	0.0	0.0
-78.5	0.0	0.0
-78.375	0.0	0.0
-78.25	0.0	0.0
-78.125	0.0	0.0
-78.0	0.0	0.0
-77.875	0.0	0.0
-77.75	0.0	0.0
-77.625	0.0	0.0
-77.5	0.0	0.0
-77.375	0.0	0.0
-77.25	0.0	0.0
-77.125	0.0	0.0
-77.0	0.0	0.0
-76.875	0.0	0.0
-76.75	0.0	0.0
-76.625	0.0	0.0
-76.5	0.0	0.0
-76.375	0.0	0.0
-76.25	0.0	0.0
-76.125	0.0	0.0
-76.0	0.0	0.0
-75.875	0.0	0.0
-75.75	0.0	0.0
-75.625	0.0	0.0
-75.5	0.0	0.0
-75.375	0.0	0.0
-75.25	0.0	0.0
-75.125	0.0	0.0
-75.0	0.0	0.0
-74.875	0.0	0.0
-74.75	0.0	0.0
-74.625	0.0	0.0
-74.5	0.0	0.0
-74.375	0.0	0.0
-74.25	0.0	0.0
-74.125	0.0	0.0
-74.0	0.0	0.0
-73.875	0.0	0.0
-73.75	0.0	0.0
-73.625	0.0	0.0
-73.5	0.0	0.0
-73.375	0.0	0.0
-73.25	0.0	0.0
-73.125	0.0	0.0
-73.0	0.0	0.0
-72.875	0.0	0.0
-72.75	0.0	0.0
-72.625	0.0	0.0
-72.5	0.0	0.0
-72.375	0.0	0.0
-72.25	0.0	0.0
-72.125	0.0	0.0
-72.0	0.0	0.0
-71.875	0.0	0.0
-71.75	0.0	0.0
-71.625	0.0	0.0
-71.5	0.0	0.0
-71.375	0.0	0.0
-71.25	0.0	0.0
-71.125	0.0	0.0
-71.0	0.0	0.0
-70.875	0.0	0.0
-70.75	0.0	0.0
-70.625	0.0	0.0
-70.5	0.0	0.0
-70.375	0.0	0.0
-70.25	0.0	0.0
-70.125	0.0	0.0
-70.0	0.0	0.0
-69.875	0.0	0.0
-69.75	0.0	0.0
-69.625	0.0	0.0
-69.5	0.0	0.0
-69.375	0.0	0.0
-69.25	0.0	0.0
-69.125	0.0	0.0
-69.0	0.0	0.0
-68.875	0.0	0.0
-68.75	0.0	0.0
-68.625	0.0	0.0
-68.5	0.0	0.0
-68.375	0.0	0.0
-68.25	0.0	0.0
-68.125	0.0	0.0
-68.0	0.0	0.0
-67.875	0.0	0.0
-67.75	0.0	0.0
-67.625	0.0	0.0
-67.5	0.0	0.0
-67.375	0.0	0.0
-67.25	0.0	0.0
-67.125	0.0	0.0
-67.0	0.0	0.0
-66.875	0.0	0.0
-66.75	0.0	0.0
-66.625	0.0	0.0
-66.5	0.0	0.0
-66.375	0.0	0.0
-66.25	0.0	0.0
-66.125	0.0	0.0
-66.0	0.0	0.0
-65.875	0.0	0.0
-65.75	0.0	0.0
-65.625	0.0	0.0
-65.5	0.0	0.0
-65.375	0.0	0.0
-65.25	0.0	0.0
-65.125	0.0	0.0
-65.0	0.0	0.0
-64.875	0.0	0.0
-64.75	0.0	0.0
-64.625	0.0	0.0
-64.5	0.0	0.0
-64.375	0.0	0.0
-64.25	0.0	0.0
-64.125	0.0	0.0
-64.0	0.0	0.0
-63.875	0.0	0.0
-63.75	0.0	0.0
-63.625	0.0	0.0
-63.5	0.0	0.0
-63.375	0.0	0.0
-63.25	0.0	0.0
-63.125	0.0	0.0
-63.0	0.0	0.0
-62.875	0.0	0.0
-62.75	0.0	0.0
-62.625	0.0	0.0
-62.5	0.0	0.0
-62.375	0.0	0.0
-62.25	0.0	0.0
-62.125	0.0	0.0
-62.0	0.0	0.0
-61.875	0.0	0.0
-61.75	0.0	0.0
-61.625	0.0	0.0
-61.5	0.0	0.0
-61.375	0.0	0.0
-61.25	0.0	0.0
-61.125	0.0	0.0
-61.0	0.0	0.0
-60.875	0.0	0.0
-60.75	0.0	0.0
-60.625	0.0	0.0
-60.5	0.0	0.0
-60.375	0.0	0.0
-60.25	0.0	0.0
-60.125	0.0	0.0
-60.0	0.0	0.0
-59.875	0.0	0.0
-59.75	0.0	0.0
-59.625	0.0	0.0
-59.5	0.0	0.0
-59.375	0.0	0.0
-59.25	0.0	0.0
-59.125	0.0	0.0
-59.0	0.0	0.0
-58.875	0.0	0.0
-58.75	0.0	0.0
-58.625	0.0	0.0
-58.5	0.0	0.0
-58.375	0.0	0.0
-58.25	0.0	0.0
-58.125	0.0	0.0
-58.0	0.0	0.0
-57.875	0.0	0.0
-57.75	0.0	0.0
-57.625	0.0	0.0
-57.5	0.0	0.0
-57.375	0.0	0.0
-57.25	0.0	0.0
-57.125	0.0	0.0
-57.0	0.0	0.0
-56.875	0.0	0.0
-56.75	0.0	0.0
-56.625	0.0	0.0
-56.5	0.0	0.0
-56.375	0.0	0.0
-56.25	0.0	0.0
-56.125	0.0	0.0
-56.0	0.0	0.0
-55.875	0.0	0.0
-55.75	0.0	0.0
-55.625	0.0	0.0
-55.5	0.0	0.0
-55.375	0.0	0.0
-55.25	0.0	0.0
-55.125	0.0	0.0
-55.0	0.0	0.0
-54.875	0.0	0.0
-54.75	0.0	0.0
-54.625	0.0	0.0
-54.5	0.0	0.0
-54.375	0.0	0.0
-54.25	0.0	0.0
-54.125	0.0	0.0
-54.0	0.0	0.0
-53.875	0.0	0.0
-53.75	0.0	0.0
-53.625	0.0	0.0
-53.5	0.0	0.0
-53.375	0.0	0.0
-53.25	0.0	0.0
-53.125	0.0	0.0
-53.0	0.0	0.0
-52.875	0.0	0.0
-52.75	0.0	0.0
-52.625	0.0	0.0
-52.5	0.0	0.0
-52.375	0.0	0.0
-52.25	0.0	0.0
-52.125	0.0	0.0
-52.0	0.0	0.0
-51.875	0.0	0.0
-51.75	0.0	0.0
-51.625	0.0	0.0
-51.5	0.0	0.0
-51.375	0.0	0.0
-51.25	0.0	0.0
-51.125	0.0	0.0
-51.0	0.0	0.0
-50.875	0.0	0.0
-50.75	0.0	0.0
-50.625	0.0	0.0
-50.5	0.0	0.0
-50.375	0.0	0.0
-50.25	0.0	0.0
-50.125	0.0	0.0
-50.0	0.0	0.0
-49.875	0.0	0.0
-49.75	0.0	0.0
-49.625	0.0	0.0
-49.5	0.0	0.0
-49.375	0.0	0.0
-49.25	0.0	0.0
-49.125	0.0	0.0
-49.0	0.0	0.0
-48.875	0.0	0.0
-48.75	0.0	0.0
-48.625	0.0	0.0
-48.5	0.0	0.0
-48.375	0.0	0.0
-48.25	0.0	0.0
-48.125	0.0	0.0
-48.0	0.0	0.0
-47.875	0.0	0.0
-47.75	0.0	0.0
-47.625	0.0	0.0
-47.5	0.0	0.0
-47.375	0.0	0.0
-47.25	0.0	0.0
-47.125	0.0	0.0
-47.0	0.0	0.0
-46.875	0.0	0.0
-46.75	0.0	0.0
-46.625	0.0	0.0
-46.5	0.0	0.0
-46.375	0.0	0.0
-46.25	0.0	0.0
-46.125	0.0	0.0
-46.0	0.0	0.0
-45.875	0.0	0.0
-45.75	0.0	0.0
-45.625	0.0	0.0
-45.5	0.0	0.0
-45.375	0.0	0.0
-45.25	0.0	0.0
-45.125	0.0	0.0
-45.0	0.0	0.0
-44.875	0.0	0.0
-44.75	0.0	0.0
-44.625	0.0	0.0
-44.5	0.0	0.0
-44.375	0.0	0.0
-44.25	0.0	0.0
-44.125	0.0	0.0
-44.0	0.0	0.0
-43.875	0.0	0.0
-43.75	0.0	0.0
-43.625	0.0	0.0
-43.5	0.0	0.0
-43.375	0.0	0.0
-43.25	0.0	0.0
-43.125	0.0	0.0
-43.0	0.0	0.0
-42.875	0.0	0.0
-42.75	0.0	0.0
-42.625	0.0	0.0
-42.5	0.0	0.0
-42.375	0.0	0.0
-42.25	0.0	0.0
-42.125	0.0	0.0
-42.0	0.0	0.0
-41.875	0.0	0.0
-41.75	0.0	0.0
-41.625	0.0	0.0
-41.5	0.0	0.0
-41.375	0.0	0.0
-41.25	0.0	0.0
-41.125	0.0	0.0
-41.0	0.0	0.0
-40.875	0.0	0.0
-40.75	0.0	0.0
-40.625	0.0	0.0
-40.5	0.0	0.0
-40.375	0.0	0.0
-40.25	0.0	0.0
-40.125	0.0	0.0
-40.0	0.0	0.0
-39.875	0.0	0.0
-39.75	0.0	0.0
-39.625	0.0	0.0
-39.5	0.0	0.0
-39.375	0.0	0.0
-39.25	0.0	0.0
-39.125	0.0	0.0
-39.0	0.0	0.0
-38.875	0.0	0.0
-38.75	0.0	0.0
-38.625	0.0	0.0
-38.5	0.0	0.0
-38.375	0.0	0.0
-38.25	0.0	0.0
-38.125	0.0	0.0
-38.0	0.0	0.0
-37.875	0.0	0.0
-37.75	0.0	0.0
-37.625	0.0	0.0
-37.5	0.0	0.0
-37.375	0.0	0.0
-37.25	0.0	0.0
-37.125	0.0	0.0
-37.0	0.0	0.0
-36.875	0.0	0.0
-36.75	0.0	0.0
-36.625	0.0	0.0
-36.5	0.0	0.0
-36.375	0.0	0.0
-36.25	0.0	0.0
-36.125	0.0	0.0
-36.0	0.0	0.0
-35.875	0.0	0.0
-35.75	0.0	0.0
-35.625	0.0	0.0
-35.5	0.0	0.0
-35.375	0.0	0.0
-35.25	0.0	0.0
-35.125	0.0	0.0
-35.0	0.0	0.0
-34.875	0.0	0.0
-34.75	0.0	0.0
-34.625	0.0	0.0
-34.5	0.0	0.0
-34.375	0.0	0.0
-34.25	0.0	0.0
-34.125	0.0	0.0
-34.0	0.0	0.0
-33.875	0.0	0.0
-33.75	0.0	0.0
-33.625	0.0	0.0
-33.5	0.0	0.0
-33.375	0.0	0.0
-33.25	0.0	0.0
-33.125	0.0	0.0
-33.0	0.0	0.0
-32.875	0.0	0.0
-32.75	0.0	0.0
-32.625	0.0	0.0
-32.5	0.0	0.0
-32.375	0.0	0.0
-32.25	0.0	0.0
-32.125	0.0	0.0
-32.0	0.0	0.0
-31.875	0.0	0.0
-31.75	0.0	0.0
-31.625	0.0	0.0
-31.5	0.0	0.0
-31.375	0.0	0.0
-31.25	0.0	0.0
-31.125	0.0	0.0
-31.0	0.0	0.0
-30.875	0.0	0.0
-30.75	0.0	0.0
-30.625	0.0	0.0
-30.5	0.0	0.0
-30.375	0.0	0.0
-30.25	0.0	0.0
-30.125	0.0	0.0
-30.0	0.0	0.0
-29.875	0.0	0.0
-29.75	0.0	0.0
-29.625	0.0	0.0
-29.5	0.0	0.0
-29.375	0.0	0.0
-29.25	0.0	0.0
-29.125	0.0	0.0
-29.0	0.0	0.0
-28.875	0.0	0.0
-28.75	0.0	0.0
-28.625	0.0	0.0
-28.5	0.0	0.0
-28.375	0.0	0.0
-28.25	0.0	0.0
-28.125	0.0	0.0
-28.0	0.0	0.0
-27.875	0.0	0.0
-27.75	0.0	0.0
-27.625	0.0	0.0
-27.5	0.0	0.0
-27.375	0.0	0.0
-27.25	0.0	0.0
-27.125	0.0	0.0
-27.0	0.0	0.0
-26.875	0.0	0.0
-26.75	0.0	0.0
-26.625	0.0	0.0
-26.5	0.0	0.0
-26.375	0.0	-1.0e-6
-26.25	0.0	-1.0e-6
-26.125	0.0	-1.0e-6
-26.0	0.0	-1.0e-6
-25.875	0.0	-1.0e-6
-25.75	0.0	-1.0e-6
-25.625	0.0	-1.0e-6
-25.5	0.0	-1.0e-6
-25.375	0.0	-1.0e-6
-25.25	0.0	-1.0e-6
-25.125	0.0	-1.0e-6
-25.0	0.0	-1.0e-6
-24.875	0.0	-1.0e-6
-24.75	0.0	-1.0e-6
-24.625	0.0	0.0
-24.5	0.0	0.0
-24.375	0.0	0.0
-24.25	0.0	0.0
-24.125	0.0	0.0
-24.0	0.0	0.0
-23.875	0.0	1.0e-6
-23.75	0.0	2.0e-6
-23.625	0.0	2.0e-6
-23.5	0.0	3.0e-6
-23.375	0.0	4.0e-6
-23.25	0.0	5.0e-6
-23.125	0.0	6.0e-6
-23.0	0.0	7.0e-6
-22.875	0.0	8.0e-6
-22.75	0.0	9.0e-6
-22.625	0.0	1.0e-5
-22.5	0.0	1.1e-5
-22.375	0.0	1.2e-5
-22.25	0.0	1.3e-5
-22.125	0.0	1.5e-5
-22.0	0.0	1.6e-5
-21.875	0.0	1.7e-5
-21.75	0.0	1.8e-5
-21.625	0.0	1.9e-5
-21.5	0.0	2.0e-5
-21.375	0.0	2.1e-5
-21.25	0.0	2.1e-5
-21.125	0.0	2.2e-5
-21.0	0.0	2.2e-5
-20.875	0.0	2.2e-5
-20.75	0.0	2.1e-5
-20.625	0.0	2.0e-5
-20.5	0.0	1.9e-5
-20.375	0.0	1.7e-5
-20.25	0.0	1.5e-5
-20.125	0.0	1.2e-5
-20.0	0.0	9.0e-6
-19.875	0.0	5.0e-6
-19.75	0.0	0.0
-19.625	0.0	-6.0e-6
-19.5	0.0	-1.2e-5
-19.375	0.0	-1.9e-5
-19.25	0.0	-2.7e-5
-19.125	0.0	-3.5e-5
-19.0	0.0	-4.5e-5
-18.875	0.0	-5.5e-5
-18.75	0.0	-6.6e-5
-18.625	0.0	-7.7e-5
-18.5	0.0	-8.9e-5
-18.375	0.0	-0.000102
-18.25	0.0	-0.000116
-18.125	0.0	-0.000129
-18.0	0.0	-0.000143
-17.875	0.0	-0.000157
-17.75	0.0	-0.000172
-17.625	0.0	-0.000185
-17.5	0.0	-0.000199
-17.375	0.0	-0.000211
-17.25	0.0	-0.000223
-17.125	0.0	-0.000233
-17.0	0.0	-0.000242
-16.875	0.0	-0.000249
-16.75	0.0	-0.000254
-16.625	0.0	-0.000256
-16.5	0.0	-0.000255
-16.375	0.0	-0.00025
-16.25	0.0	-0.000242
-16.125	0.0	-0.000229
-16.0	0.0	-0.000212
-15.875	0.0	-0.00019
-15.75	0.0	-0.000163
-15.625	0.0	-0.000129
-15.5	0.0	-9.0e-5
-15.375	0.0	-4.4e-5
-15.25	0.0	9.0e-6
-15.125	0.0	6.8e-5
-15.0	0.0	0.000135
-14.875	0.0	0.000208
-14.75	0.0	0.000289
-14.625	0.0	0.000376
-14.5	0.0	0.000471
-14.375	0.0	0.000571
-14.25	0.0	0.000678
-14.125	0.0	0.00079
-14.0	0.0	0.000907
-13.875	0.0	0.001028
-13.75	0.0	0.001152
-13.625	0.0	0.001277
-13.5	1.0e-6	0.001403
-13.375	1.0e-6	0.001528
-13.25	1.0e-6	0.00165
-13.125	1.0e-6	0.001767
-13.0	1.0e-6	0.001878
-12.875	1.0e-6	0.00198
-12.75	1.0e-6	0.00207
-12.625	1.0e-6	0.002148
-12.5	1.0e-6	0.002209
-12.375	2.0e-6	0.002251
-12.25	2.0e-6	0.002273
-12.125	2.0e-6	0.002269
-12.0	2.0e-6	0.002239
-11.875	2.0e-6	0.002179
-11.75	3.0e-6	0.002086
-11.625	3.0e-6	0.001958
-11.5	3.0e-6	0.001792
-11.375	4.0e-6	0.001585
-11.25	4.0e-6	0.001336
-11.125	5.0e-6	0.001042
-11.0	5.0e-6	0.000702
-10.875	6.0e-6	0.000314
-10.75	7.0e-6	-0.000121
-10.625	7.0e-6	-0.000606
-10.5	8.0e-6	-0.00114
-10.375	9.0e-6	-0.001721
-10.25	1.0e-5	-0.002348
-10.125	1.1e-5	-0.00302
-10.0	1.3e-5	-0.003733
-9.875	1.4e-5	-0.004484
-9.75	1.6e-5	-0.005269
-9.625	1.7e-5	-0.006081
-9.5	1.9e-5	-0.006915
-9.375	2.1e-5	-0.007764
-9.25	2.4e-5	-0.008619
-9.125	2.6e-5	-0.009471
-9.0	2.9e-5	-0.010311
-8.875	3.2e-5	-0.011128
-8.75	3.6e-5	-0.011909
-8.625	4.0e-5	-0.012644
-8.5	4.4e-5	-0.013317
-8.375	4.8e-5	-0.013916
-8.25	5.4e-5	-0.014427
-8.125	5.9e-5	-0.014833
-8.0	6.5e-5	-0.015121
-7.875	7.2e-5	-0.015274
-7.75	8.0e-5	-0.015278
-7.625	8.8e-5	-0.015117
-7.5	9.7e-5	-0.014776
-7.375	0.000106	-0.014242
-7.25	0.000117	-0.0135
-7.125	0.000129	-0.012539
-7.0	0.000142	-0.011347
-6.875	0.000156	-0.009914
-6.75	0.000172	-0.008233
-6.625	0.000189	-0.006298
-6.5	0.000207	-0.004104
-6.375	0.000227	-0.001652
-6.25	0.00025	0.001058
-6.125	0.000274	0.004021
-6.0	0.0003	0.007228
-5.875	0.000329	0.010669
-5.75	0.00036	0.014328
-5.625	0.000394	0.018188
-5.5	0.000432	0.022225
-5.375	0.000472	0.026412
-5.25	0.000516	0.03072
-5.125	0.000564	0.035113
-5.0	0.000617	0.039554
-4.875	0.000673	0.043998
-4.75	0.000735	0.0484
-4.625	0.000802	0.052709
-4.5	0.000874	0.056873
-4.375	0.000953	0.060834
-4.25	0.001038	0.064534
-4.125	0.001131	0.067911
-4.0	0.001231	0.070901
-3.875	0.00134	0.073439
-3.75	0.001457	0.075461
-3.625	0.001584	0.076902
-3.5	0.001722	0.077696
-3.375	0.00187	0.077781
-3.25	0.002031	0.077095
-3.125	0.002204	0.075582
-3.0	0.002391	0.073188
-2.875	0.002592	0.069864
-2.75	0.00281	0.065566
-2.625	0.003044	0.06026
-2.5	0.003296	0.053917
-2.375	0.003568	0.046517
-2.25	0.00386	0.03805
-2.125	0.004175	0.028516
-2.0	0.004513	0.017926
-1.875	0.004876	0.006303
-1.75	0.005266	-0.006317
-1.625	0.005685	-0.019885
-1.5	0.006135	-0.03434
-1.375	0.006617	-0.049605
-1.25	0.007134	-0.065591
-1.125	0.007688	-0.082192
-1.0	0.008281	-0.099291
-0.875	0.008916	-0.116755
-0.75	0.009596	-0.134438
-0.625	0.010322	-0.152183
-0.5	0.011099	-0.169817
-0.375	0.01193	-0.187159
-0.25	0.012816	-0.204018
-0.125	0.013763	-0.220192
0.0	0.014772	-0.235472
0.125	0.015849	-0.249646
0.25	0.016997	-0.262496
0.375	0.01822	-0.273803
0.5	0.019523	-0.283347
0.625	0.020909	-0.290914
0.75	0.022384	-0.296291
0.875	0.023952	-0.299277
1.0	0.025619	-0.299679
1.125	0.02739	-0.297316
1.25	0.029271	-0.292025
1.375	0.031266	-0.283659
1.5	0.033383	-0.272096
1.625	0.035628	-0.257233
1.75	0.038007	-0.238998
1.875	0.040526	-0.217342
2.0	0.043194	-0.192253
2.125	0.046017	-0.163748
2.25	0.049003	-0.131881
2.375	0.052159	-0.09674
2.5	0.055495	-0.058454
2.625	0.059017	-0.017189
2.75	0.062736	0.026851
2.875	0.066659	0.073419
3.0	0.070797	0.122232
3.125	0.075158	0.172967
3.25	0.079753	0.225261
3.375	0.084591	0.278717
3.5	0.089684	0.332904
3.625	0.09504	0.387357
3.75	0.100673	0.441583
3.875	0.106592	0.495063
4.0	0.112809	0.547257
4.125	0.119337	0.597605
4.25	0.126186	0.645536
4.375	0.13337	0.690469
4.5	0.1409	0.731823
4.625	0.14879	0.769017
4.75	0.157052	0.80148
4.875	0.165701	0.828657
5.0	0.174748	0.850013
5.125	0.184208	0.865042
5.25	0.194094	0.873271
5.375	0.204421	0.874268
5.5	0.215202	0.867648
5.625	0.226452	0.85308
5.75	0.238185	0.830291
5.875	0.250416	0.799073
6.0	0.263158	0.759288
6.125	0.276427	0.710872
6.25	0.290236	0.653839
6.375	0.304601	0.588287
6.5	0.319536	0.514397
6.625	0.335056	0.432439
6.75	0.351174	0.342772
6.875	0.367906	0.245841
7.0	0.385264	0.142182
7.125	0.403264	0.032418
7.25	0.421918	-0.082742
7.375	0.441241	-0.202509
7.5	0.461245	-0.326014
7.625	0.481943	-0.452318
7.75	0.503348	-0.580414
7.875	0.525471	-0.709234
8.0	0.548326	-0.837661
8.125	0.571921	-0.964534
8.25	0.596269	-1.088658
8.375	0.62138	-1.208816
8.5	0.647262	-1.323778
8.625	0.673925	-1.432313
8.75	0.701376	-1.5332
8.875	0.729624	-1.625245
9.0	0.758675	-1.707285
9.125	0.788535	-1.778207
9.25	0.819208	-1.83696
9.375	0.850699	-1.882564
9.5	0.883011	-1.914124
9.625	0.916146	-1.930842
9.75	0.950106	-1.932029
9.875	0.984889	-1.917113
10.0	1.020495	-1.885649
10.125	1.056923	-1.837329
10.25	1.094168	-1.771988
10.375	1.132225	-1.689613
10.5	1.17109	-1.590345
10.625	1.210754	-1.474482
10.75	1.25121	-1.342486
10.875	1.292447	-1.19498
11.0	1.334455	-1.032748
11.125	1.37722	-0.85673
11.25	1.420728	-0.668024
11.375	1.464965	-0.467874
11.5	1.509912	-0.257665
11.625	1.555553	-0.038916
11.75	1.601866	0.186736
11.875	1.64883	0.417541
12.0	1.696423	0.651655
12.125	1.74462	0.887155
12.25	1.793394	1.122049
12.375	1.842719	1.3543
12.5	1.892565	1.581841
12.625	1.942903	1.802592
12.75	1.993699	2.014483
12.875	2.044922	2.21547
13.0	2.096535	2.403558
13.125	2.148503	2.576819
13.25	2.200787	2.733413
13.375	2.25335	2.871605
13.5	2.306151	2.989786
13.625	2.359147	3.086491
13.75	2.412297	3.160413
13.875	2.465557	3.210421
14.0	2.518881	3.235576
14.125	2.572223	3.23514
14.25	2.625536	3.208586
14.375	2.678772	3.155614
14.5	2.731883	3.076151
14.625	2.784817	2.97036
14.75	2.837525	2.838639
14.875	2.889955	2.681629
15.0	2.942055	2.500202
15.125	2.993774	2.295465
15.25	3.045058	2.068751
15.375	3.095855	1.821609
15.5	3.146111	1.555796
15.625	3.195772	1.273261
15.75	3.244786	0.976129
15.875	3.293098	0.66669
16.0	3.340655	0.347373
16.125	3.387404	0.020729
16.25	3.433293	-0.310592
16.375	3.478268	-0.643863
16.5	3.522278	-0.976307
16.625	3.565271	-1.305117
16.75	3.607198	-1.627489
16.875	3.648008	-1.940641
17.0	3.687653	-2.241842
17.125	3.726084	-2.52844
17.25	3.763255	-2.797881
17.375	3.79912	-3.047742
17.5	3.833635	-3.275746
17.625	3.866758	-3.47979
17.75	3.898447	-3.657965
17.875	3.928662	-3.808573
18.0	3.957364	-3.930145
18.125	3.984518	-4.021459
18.25	4.010089	-4.081549
18.375	4.034044	-4.109717
18.5	4.056352	-4.105543
18.625	4.076984	-4.068887
18.75	4.095914	-3.999893
18.875	4.113117	-3.898992
19.0	4.12857	-3.766894
19.125	4.142253	-3.604586
19.25	4.154149	-3.413324
19.375	4.164241	-3.19462
19.5	4.172517	-2.950232
19.625	4.178964	-2.682145
19.75	4.183576	-2.392556
19.875	4.186346	-2.083853
20.0	4.187269	-1.758591
20.125	4.186346	-1.419475
20.25	4.183576	-1.069329
20.375	4.178965	-0.711071
20.5	4.172517	-0.347689
20.625	4.164242	0.017786
20.75	4.15415	0.382315
20.875	4.142254	0.742868
21.0	4.128571	1.096461
21.125	4.113118	1.440177
21.25	4.095915	1.771199
21.375	4.076986	2.086827
21.5	4.056353	2.38451
21.625	4.034046	2.661863
21.75	4.010091	2.916693
21.875	3.98452	3.147014
22.0	3.957366	3.351065
22.125	3.928664	3.527328
22.25	3.898449	3.674534
22.375	3.86676	3.791681
22.5	3.833638	3.878034
22.625	3.799122	3.933132
22.75	3.763257	3.956794
22.875	3.726086	3.949112
23.0	3.687655	3.910451
23.125	3.648011	3.841444
23.25	3.607201	3.742982
23.375	3.565274	3.616204
23.5	3.522281	3.462483
23.625	3.478271	3.283413
23.75	3.433295	3.080789
23.875	3.387407	2.856591
24.0	3.340658	2.612963
24.125	3.293101	2.352189
24.25	3.244789	2.076674
24.375	3.195775	1.788918
24.5	3.146114	1.491493
24.625	3.095858	1.187017
24.75	3.045062	0.878131
24.875	2.993777	0.567473
25.0	2.942059	0.257655
25.125	2.889958	-0.048759
25.25	2.837528	-0.34928
25.375	2.78482	-0.641512
25.5	2.731886	-0.923172
25.625	2.678776	-1.192113
25.75	2.62554	-1.446336
25.875	2.572227	-1.684009
26.0	2.518884	-1.903481
26.125	2.46556	-2.10329
26.25	2.412301	-2.282177
26.375	2.359151	-2.439093
26.5	2.306154	-2.573199
26.625	2.253354	-2.683878
26.75	2.200791	-2.770729
26.875	2.148506	-2.833569
27.0	2.096538	-2.872429
27.125	2.044925	-2.887552
27.25	1.993703	-2.879381
27.375	1.942906	-2.848554
27.5	1.892569	-2.795891
27.625	1.842722	-2.722385
27.75	1.793397	-2.629186
27.875	1.744623	-2.517591
28.0	1.696426	-2.389021
28.125	1.648833	-2.245012
28.25	1.601869	-2.087193
28.375	1.555556	-1.917273
28.5	1.509915	-1.737018
28.625	1.464968	-1.548239
28.75	1.420731	-1.352767
28.875	1.377222	-1.152445
29.0	1.334457	-0.949099
29.125	1.29245	-0.744534
29.25	1.251213	-0.540507
29.375	1.210757	-0.338722
29.5	1.171092	-0.140806
29.625	1.132228	0.051695
29.75	1.09417	0.237333
29.875	1.056925	0.414766
30.0	1.020498	0.582768
30.125	0.984891	0.740238
30.25	0.950108	0.886202
30.375	0.916149	1.019822
30.5	0.883014	1.140398
30.625	0.850702	1.247369
30.75	0.81921	1.340315
30.875	0.788537	1.418954
31.0	0.758677	1.483141
31.125	0.729626	1.532867
31.25	0.701378	1.568249
31.375	0.673927	1.589528
31.5	0.647264	1.597063
31.625	0.621381	1.591321
31.75	0.596271	1.572868
31.875	0.571923	1.542364
32.0	0.548327	1.500551
32.125	0.525473	1.44824
32.25	0.503349	1.386306
32.375	0.481944	1.315675
32.5	0.461246	1.237314
32.625	0.441242	1.152216
32.75	0.421919	1.061399
32.875	0.403265	0.965885
33.0	0.385265	0.866698
33.125	0.367907	0.764851
33.25	0.351175	0.661337
33.375	0.335057	0.55712
33.5	0.319537	0.453132
33.625	0.304602	0.350257
33.75	0.290237	0.249334
33.875	0.276427	0.151144
34.0	0.263159	0.05641
34.125	0.250416	-0.034212
34.25	0.238186	-0.120131
34.375	0.226453	-0.200825
34.5	0.215203	-0.275847
34.625	0.204422	-0.344821
34.75	0.194095	-0.407442
34.875	0.184208	-0.46348
35.0	0.174748	-0.512774
35.125	0.165701	-0.555233
35.25	0.157053	-0.590833
35.375	0.14879	-0.619612
35.5	0.1409	-0.641669
35.625	0.13337	-0.657161
35.75	0.126186	-0.666294
35.875	0.119337	-0.669323
36.0	0.11281	-0.666546
36.125	0.106592	-0.658298
36.25	0.100673	-0.644945
36.375	0.095041	-0.626884
36.5	0.089684	-0.60453
36.625	0.084592	-0.578319
36.75	0.079753	-0.548695
36.875	0.075159	-0.516111
37.0	0.070797	-0.481024
37.125	0.06666	-0.443886
37.25	0.062736	-0.405144
37.375	0.059018	-0.365235
37.5	0.055495	-0.32458
37.625	0.05216	-0.283587
37.75	0.049003	-0.24264
37.875	0.046017	-0.202102
38.0	0.043194	-0.162311
38.125	0.040526	-0.123578
38.25	0.038007	-0.086186
38.375	0.035628	-0.050389
38.5	0.033383	-0.01641
38.625	0.031266	0.015557
38.75	0.029271	0.04535
38.875	0.02739	0.072836
39.0	0.02562	0.097912
39.125	0.023953	0.120503
39.25	0.022384	0.140565
39.375	0.020909	0.158077
39.5	0.019523	0.173046
39.625	0.018221	0.185499
39.75	0.016997	0.19549
39.875	0.015849	0.203088
40.0	0.014773	0.208382
40.125	0.013763	0.211478
40.25	0.012816	0.212494
40.375	0.01193	0.211561
40.5	0.011099	0.208821
40.625	0.010322	0.20442
40.75	0.009596	0.198514
40.875	0.008916	0.19126
41.0	0.008281	0.182819
41.125	0.007688	0.173352
41.25	0.007134	0.163018
41.375	0.006617	0.151974
41.5	0.006135	0.140372
41.625	0.005685	0.12836
41.75	0.005266	0.116079
41.875	0.004876	0.103662
42.0	0.004513	0.091236
42.125	0.004175	0.078916
42.25	0.00386	0.06681
42.375	0.003568	0.055015
42.5	0.003296	0.043619
42.625	0.003044	0.032698
42.75	0.00281	0.02232
42.875	0.002592	0.012541
43.0	0.002391	0.003409
43.125	0.002204	-0.005041
43.25	0.002031	-0.01278
43.375	0.00187	-0.019791
43.5	0.001722	-0.026063
43.625	0.001584	-0.031594
43.75	0.001457	-0.036389
43.875	0.00134	-0.040462
44.0	0.001231	-0.043829
44.125	0.001131	-0.046516
44.25	0.001039	-0.04855
44.375	0.000953	-0.049964
44.5	0.000874	-0.050796
44.625	0.000802	-0.051084
44.75	0.000735	-0.05087
44.875	0.000673	-0.050196
45.0	0.000617	-0.049108
45.125	0.000564	-0.04765
45.25	0.000516	-0.045867
45.375	0.000472	-0.043803
45.5	0.000432	-0.041502
45.625	0.000394	-0.039006
45.75	0.00036	-0.036356
45.875	0.000329	-0.033591
46.0	0.0003	-0.030748
46.125	0.000274	-0.027862
46.25	0.00025	-0.024964
46.375	0.000227	-0.022084
46.5	0.000207	-0.019248
46.625	0.000189	-0.016482
46.75	0.000172	-0.013805
46.875	0.000156	-0.011237
47.0	0.000142	-0.008794
47.125	0.000129	-0.006488
47.25	0.000117	-0.00433
47.375	0.000106	-0.002328
47.5	9.7e-5	-0.000489
47.625	8.8e-5	0.001185
47.75	8.0e-5	0.002691
47.875	7.2e-5	0.00403
48.0	6.5e-5	0.005203
48.125	5.9e-5	0.006215
48.25	5.4e-5	0.007069
48.375	4.8e-5	0.007772
48.5	4.4e-5	0.008332
48.625	4.0e-5	0.008755
48.75	3.6e-5	0.00905
48.875	3.2e-5	0.009227
49.0	2.9e-5	0.009294
49.125	2.6e-5	0.009263
49.25	2.4e-5	0.009141
49.375	2.1e-5	0.00894
49.5	1.9e-5	0.008669
49.625	1.7e-5	0.008337
49.75	1.6e-5	0.007955
49.875	1.4e-5	0.00753
50.0	1.3e-5	0.007072
50.125	1.1e-5	0.006588
50.25	1.0e-5	0.006086
50.375	9.0e-6	0.005573
50.5	8.0e-6	0.005056
50.625	7.0e-6	0.004539
50.75	7.0e-6	0.00403
50.875	6.0e-6	0.003531
51.0	5.0e-6	0.003048
51.125	5.0e-6	0.002584
51.25	4.0e-6	0.002141
51.375	4.0e-6	0.001722
51.5	3.0e-6	0.00133
51.625	3.0e-6	0.000965
51.75	3.0e-6	0.000629
51.875	2.0e-6	0.000322
52.0	2.0e-6	4.4e-5
52.125	2.0e-6	-0.000204
52.25	2.0e-6	-0.000424
52.375	2.0e-6	-0.000615
52.5	1.0e-6	-0.000779
52.625	1.0e-6	-0.000917
52.75	1.0e-6	-0.001031
52.875	1.0e-6	-0.001121
53.0	1.0e-6	-0.001189
53.125	1.0e-6	-0.001237
53.25	1.0e-6	-0.001266
53.375	1.0e-6	-0.001279
53.5	1.0e-6	-0.001277
53.625	0.0	-0.001261
53.75	0.0	-0.001233
53.875	0.0	-0.001195
54.0	0.0	-0.001149
54.125	0.0	-0.001095
54.25	0.0	-0.001036
54.375	0.0	-0.000972
54.5	0.0	-0.000905
54.625	0.0	-0.000835
54.75	0.0	-0.000765
54.875	0.0	-0.000694
55.0	0.0	-0.000624
55.125	0.0	-0.000555
55.25	0.0	-0.000488
55.375	0.0	-0.000424
55.5	0.0	-0.000362
55.625	0.0	-0.000304
55.75	0.0	-0.000249
55.875	0.0	-0.000198
56.0	0.0	-0.000151
56.125	0.0	-0.000108
56.25	0.0	-6.8e-5
56.375	0.0	-3.3e-5
56.5	0.0	-2.0e-6
56.625	0.0	2.6e-5
56.75	0.0	5.0e-5
56.875	0.0	7.0e-5
57.0	0.0	8.7e-5
57.125	0.0	0.000102
57.25	0.0	0.000113
57.375	0.0	0.000121
57.5	0.0	0.000127
57.625	0.0	0.000131
57.75	0.0	0.000133
57.875	0.0	0.000133
58.0	0.0	0.000132
58.125	0.0	0.000129
58.25	0.0	0.000125
58.375	0.0	0.00012
58.5	0.0	0.000114
58.625	0.0	0.000108
58.75	0.0	0.000101
58.875	0.0	9.4e-5
59.0	0.0	8.7e-5
59.125	0.0	7.9e-5
59.25	0.0	7.2e-5
59.375	0.0	6.5e-5
59.5	0.0	5.8e-5
59.625	0.0	5.1e-5
59.75	0.0	4.4e-5
59.875	0.0	3.8e-5
60.0	0.0	3.2e-5
60.125	0.0	2.7e-5
60.25	0.0	2.2e-5
60.375	0.0	1.7e-5
60.5	0.0	1.3e-5
60.625	0.0	9.0e-6
60.75	0.0	6.0e-6
60.875	0.0	3.0e-6
61.0	0.0	0.0
61.125	0.0	-2.0e-6
61.25	0.0	-4.0e-6
61.375	0.0	-6.0e-6
61.5	0.0	-7.0e-6
61.625	0.0	-8.0e-6
61.75	0.0	-9.0e-6
61.875	0.0	-1.0e-5
62.0	0.0	-1.0e-5
62.125	0.0	-1.0e-5
62.25	0.0	-1.0e-5
62.375	0.0	-1.0e-5
62.5	0.0	-1.0e-5
62.625	0.0	-1.0e-5
62.75	0.0	-9.0e-6
62.875	0.0	-9.0e-6
63.0	0.0	-9.0e-6
63.125	0.0	-8.0e-6
63.25	0.0	-7.0e-6
63.375	0.0	-7.0e-6
63.5	0.0	-6.0e-6
63.625	0.0	-6.0e-6
63.75	0.0	-5.0e-6
63.875	0.0	-5.0e-6
64.0	0.0	-4.0e-6
64.125	0.0	-4.0e-6
64.25	0.0	-3.0e-6
64.375	0.0	-3.0e-6
64.5	0.0	-2.0e-6
64.625	0.0	-2.0e-6
64.75	0.0	-1.0e-6
64.875	0.0	-1.0e-6
65.0	0.0	0.0
65.125	0.0	0.0
65.25	0.0	0.0
65.375	0.0	0.0
65.5	0.0	0.0
65.625	0.0	0.0
65.75	0.0	0.0
65.875	0.0	0.0
66.0	0.0	0.0
66.125	0.0	0.0
66.25	0.0	0.0
66.375	0.0	0.0
66.5	0.0	0.0
66.625	0.0	0.0
66.75	0.0	0.0
66.875	0.0	0.0
67.0	0.0	0.0
67.125	0.0	0.0
67.25	0.0	0.0
67.375	0.0	0.0
67.5	0.0	0.0
67.625	0.0	0.0
67.75	0.0	0.0
67.875	0.0	0.0
68.0	0.0	0.0
68.125	0.0	0.0
68.25	0.0	0.0
68.375	0.0	0.0
68.5	0.0	0.0
68.625	0.0	0.0
68.75	0.0	0.0
68.875	0.0	0.0
69.0	0.0	0.0
69.125	0.0	0.0
69.25	0.0	0.0
69.375	0.0	0.0
69.5	0.0	0.0
69.625	0.0	0.0
69.75	0.0	0.0
69.875	0.0	0.0
70.0	0.0	0.0
70.125	0.0	0.0
70.25	0.0	0.0
70.375	0.0	0.0
70.5	0.0	0.0
70.625	0.0	0.0
70.75	0.0	0.0
70.875	0.0	0.0
71.0	0.0	0.0
71.125	0.0	0.0
71.25	0.0	0.0
71.375	0.0	0.0
71.5	0.0	0.0
71.625	0.0	0.0
71.75	0.0	0.0
71.875	0.0	0.0
72.0	0.0	0.0
72.125	0.0	0.0
72.25	0.0	0.0
72.375	0.0	0.0
72.5	0.0	0.0
72.625	0.0	0.0
72.75	0.0	0.0
72.875	0.0	0.0
73.0	0.0	0.0
73.125	0.0	0.0
73.25	0.0	0.0
73.375	0.0	0.0
73.5	0.0	0.0
73.625	0.0	0.0
73.75	0.0	0.0
73.875	0.0	0.0
74.0	0.0	0.0
74.125	0.0	0.0
74.25	0.0	0.0
74.375	0.0	0.0
74.5	0.0	0.0
74.625	0.0	0.0
74.75	0.0	0.0
74.875	0.0	0.0
75.0	0.0	0.0
75.125	0.0	0.0
75.25	0.0	0.0
75.375	0.0	0.0
75.5	0.0	0.0
75.625	0.0	0.0
75.75	0.0	0.0
75.875	0.0	0.0
76.0	0.0	0.0
76.125	0.0	0.0
76.25	0.0	0.0
76.375	0.0	0.0
76.5	0.0	0.0
76.625	0.0	0.0
76.75	0.0	0.0
76.875	0.0	0.0
77.0	0.0	0.0
77.125	0.0	0.0
77.25	0.0	0.0
77.375	0.0	0.0
77.5	0.0	0.0
77.625	0.0	0.0
77.75	0.0	0.0
77.875	0.0	0.0
78.0	0.0	0.0
78.125	0.0	0.0
78.25	0.0	0.0
78.375	0.0	0.0
78.5	0.0	0.0
78.625	0.0	0.0
78.75	0.0	0.0
78.875	0.0	0.0
79.0	0.0	0.0
79.125	0.0	0.0
79.25	0.0	0.0
79.375	0.0	0.0
79.5	0.0	0.0
79.625	0.0	0.0
79.75	0.0	0.0
79.875	0.0	0.0
80.0	0.0	0.0
80.125	0.0	0.0
80.25	0.0	0.0
80.375	0.0	0.0
80.5	0.0	0.0
80.625	0.0	0.0
80.75	0.0	0.0
80.875	0.0	0.0
81.0	0.0	0.0
81.125	0.0	0.0
81.25	0.0	0.0
81.375	0.0	0.0
81.5	0.0	0.0
81.625	0.0	0.0
81.75	0.0	0.0
81.875	0.0	0.0
82.0	0.0	0.0
82.125	0.0	0.0
82.25	0.0	0.0
82.375	0.0	0.0
82.5	0.0	0.0
82.625	0.0	0.0
82.75	0.0	0.0
82.875	0.0	0.0
83.0	0.0	0.0
83.125	0.0	0.0
83.25	0.0	0.0
83.375	0.0	0.0
83.5	0.0	0.0
83.625	0.0	0.0
83.75	0.0	0.0
83.875	0.0	0.0
84.0	0.0	0.0
84.125	0.0	0.0
84.25	0.0	0.0
84.375	0.0	0.0
84.5	0.0	0.0
84.625	0.0	0.0
84.75	0.0	0.0
84.875	0.0	0.0
85.0	0.0	0.0
85.125	0.0	0.0
85.25	0.0	0.0
85.375	0.0	0.0
85.5	0.0	0.0
85.625	0.0	0.0
85.75	0.0	0.0
85.875	0.0	0.0
86.0	0.0	0.0
86.125	0.0	0.0
86.25	0.0	0.0
86.375	0.0	0.0
86.5	0.0	0.0
86.625	0.0	0.0
86.75	0.0	0.0
86.875	0.0	0.0
87.0	0.0	0.0
87.125	0.0	0.0
87.25	0.0	0.0
87.375	0.0	0.0
87.5	0.0	0.0
87.625	0.0	0.0
87.75	0.0	0.0
87.875	0.0	0.0
88.0	0.0	0.0
88.125	0.0	0.0
88.25	0.0	0.0
88.375	0.0	0.0
88.5	0.0	0.0
88.625	0.0	0.0
88.75	0.0	0.0
88.875	0.0	0.0
89.0	0.0	0.0
89.125	0.0	0.0
89.25	0.0	0.0
89.375	0.0	0.0
89.5	0.0	0.0
89.625	0.0	0.0
89.75	0.0	0.0
89.875	0.0	0.0
90.0	0.0	0.0
90.125	0.0	0.0
90.25	0.0	0.0
90.375	0.0	0.0
90.5	0.0	0.0
90.625	0.0	0.0
90.75	0.0	0.0
90.875	0.0	0.0
91.0	0.0	0.0
91.125	0.0	0.0
91.25	0.0	0.0
91.375	0.0	0.0
91.5	0.0	0.0
91.625	0.0	0.0
91.75	0.0	0.0
91.875	0.0	0.0
92.0	0.0	0.0
92.125	0.0	0.0
92.25	0.0	0.0
92.375	0.0	0.0
92.5	0.0	0.0
92.625	0.0	0.0
92.75	0.0	0.0
92.875	0.0	0.0
93.0	0.0	0.0
93.125	0.0	0.0
93.25	0.0	0.0
93.375	0.0	0.0
93.5	0.0	0.0
93.625	0.0	0.0
93.75	0.0	0.0
93.875	0.0	0.0
94.0	0.0	0.0
94.125	0.0	0.0
94.25	0.0	0.0
94.375	0.0	0.0
94.5	0.0	0.0
94.625	0.0	0.0
94.75	0.0	0.0
94.875	0.0	0.0
95.0	0.0	0.0
95.125	0.0	0.0
95.25	0.0	0.0
95.375	0.0	0.0
95.5	0.0	0.0
95.625	0.0	0.0
95.75	0.0	0.0
95.875	0.0	0.0
96.0	0.0	0.0
96.125	0.0	0.0
96.25	0.0	0.0
96.375	0.0	0.0
96.5	0.0	0.0
96.625	0.0	0.0
96.75	0.0	0.0
96.875	0.0	0.0
97.0	0.0	0.0
97.125	0.0	0.0
97.25	0.0	0.0
97.375	0.0	0.0
97.5	0.0	0.0
97.625	0.0	0.0
97.75	0.0	0.0
97.875	0.0	0.0
98.0	0.0	0.0
98.125	0.0	0.0
98.25	0.0	0.0
98.375	0.0	0.0
98.5	0.0	0.0
98.625	0.0	0.0
98.75	0.0	0.0
98.875	0.0	0.0
99.0	0.0	0.0
99.125	0.0	0.0
99.25	0.0	0.0
99.375	0.0	0.0
99.5	0.0	0.0
99.625	0.0	0.0
99.75	0.0	0.0
99.875	0.0	0.0
100.0	0.0	0.0
100.125	0.0	0.0
100.25	0.0	0.0
100.375	0.0	0.0
100.5	0.0	0.0
100.625	0.0	0.0
100.75	0.0	0.0
100.875	0.0	0.0
101.0	0.0	0.0
101.125	0.0	0.0
101.25	0.0	0.0
101.375	0.0	0.0
101.5	0.0	0.0
101.625	0.0	0.0
101.75	0.0	0.0
101.875	0.0	0.0
102.0	0.0	0.0
102.125	0.0	0.0
102.25	0.0	0.0
102.375	0.0	0.0
102.5	0.0	0.0
102.625	0.0	0.0
102.75	0.0	0.0
102.875	0.0	0.0
103.0	0.0	0.0
103.125	0.0	0.0
103.25	0.0	0.0
103.375	0.0	0.0
103.5	0.0	0.0
103.625	0.0	0.0
103.75	0.0	0.0
103.875	0.0	0.0
104.0	0.0	0.0
104.125	0.0	0.0
104.25	0.0	0.0
104.375	0.0	0.0
104.5	0.0	0.0
104.625	0.0	0.0
104.75	0.0	0.0
104.875	0.0	0.0
105.0	0.0	0.0
105.125	0.0	0.0
