0.0	0.0
0.125	0.0
0.25	0.0
0.375	0.0
0.5	0.0
0.625	0.0
0.75	0.0
0.875	0.0
1.0	0.0
1.125	0.0
1.25	0.0
1.375	0.0
1.5	0.0
1.625	0.0
1.75	0.0
1.875	0.0
2.0	0.0
2.125	0.0
2.25	0.0
2.375	0.0
2.5	0.0
2.625	0.0
2.75	0.0
2.875	0.0
3.0	0.0
3.125	0.0
3.25	0.0
3.375	0.0
3.5	0.0
3.625	0.0
3.75	0.0
3.875	0.0
4.0	0.0
4.125	0.0
4.25	0.0
4.375	-2.3490616791099925
4.5	-2.4797171633216535
4.625	-2.577179464771821
4.75	-2.630420273514336
4.875	-2.6444492056310778
5.0	-2.6085971653387716
5.125	-2.531804943243923
5.25	-2.403162758204303
5.375	-2.2367156375371957
5.5	-2.0192682204140207
5.625	-1.7720009838615867
5.75	-1.4729086439835652
5.875	-1.1563703485823005
6.0	-0.7470703353353296
6.125	-0.3586377914311726
6.25	-0.06236878226696729
6.375	0.21822581980905936
6.5	0.4500639667685586
6.625	0.6567230136238468
6.75	0.8186780263684778
6.875	0.9509130258993334
7.0	1.0411321487337866
7.125	1.1019844778198358
7.25	1.1260943581857727
7.375	1.1255519739305746
7.5	1.0964748601396357
7.625	1.0507678727912695
7.75	0.986843475251794
7.875	0.916188000516573
8.0	0.8384119848233307
8.125	0.7641014263139618
8.25	0.6930994660733903
8.375	0.6345836559517362
8.5	0.587865767407426
8.625	0.560327985238586
8.75	0.5502461169649002
8.875	0.5630246740817678
9.0	0.5956794108553263
9.125	0.6516830363547322
9.25	0.7268257130914526
9.375	0.8228955261689692
9.5	0.9346920336306674
9.625	1.0627058458449943
9.75	1.2011025830054387
9.875	1.3495261542334205
10.0	1.501904854590507
10.125	1.6574774573243296
10.25	1.8103024788124227
10.375	1.9595903377751247
10.5	2.0998218498926784
10.625	2.230459618146544
10.75	2.3466025340431105
10.875	2.448142307031758
11.0	2.530896980946869
11.125	2.5952721536232097
11.25	2.637828407546105
11.375	2.659500338840026
11.5	2.657560911805776
11.625	2.6334446984353206
11.75	2.5850773737907646
11.875	2.5143428264910033
12.0	2.4197492996464085
12.125	2.3035737120311537
12.25	2.1648382038563803
12.375	2.0061595014360933
12.5	1.8270115016011457
12.625	1.6303030394341038
12.75	1.4159040161284033
12.875	1.1869715099685267
13.0	0.9437189542424963
13.125	0.6895080301819758
13.25	0.4248425044434168
13.375	0.15324154102045726
13.5	-0.1245580956813599
13.625	-0.40493300461879755
13.75	-0.686976899847108
13.875	-0.9670225991584804
14.0	-1.244064285636949
14.125	-1.514458182571611
14.25	-1.7771743631890446
14.375	-2.0286646209641312
14.5	-2.2679535991155557
14.625	-2.4916631827904845
14.75	-2.698951678490623
14.875	-2.8866848492257504
15.0	-3.0542310222733855
15.125	-3.1987696559726158
15.25	-3.3199495559771037
15.375	-3.415326596224251
15.5	-3.484891648368386
15.625	-3.526629775171308
15.75	-3.5409240014162493
15.875	-3.5262289543250818
16.0	-3.4833562094931176
16.125	-3.4112559711081247
16.25	-3.311189400207486
16.375	-3.1826125095310833
16.5	-3.027240613087111
16.625	-2.8450291581758145
16.75	-2.638135215408502
16.875	-2.406990484512853
17.0	-2.1541645635320883
17.125	-1.8805258449161788
17.25	-1.5890111527242772
17.375	-1.280870689527328
17.5	-0.9593485023332239
17.625	-0.6260080464486172
17.75	-0.2843278262531024
17.875	0.06389549359466377
18.0	0.41503203507544223
18.125	0.7671407981078593
18.25	1.1165310670368418
18.375	1.4612121818802328
18.5	1.7975273916014847
18.625	2.123533560172967
18.75	2.4357035790168613
18.875	2.732238091930406
19.0	3.009832716176067
19.125	3.266923752592999
19.25	3.5005166139629185
19.375	3.7093674229035356
19.5	3.890869205187852
19.625	4.044171269005832
19.75	4.167119885072128
19.875	4.259317387675476
20.0	4.319114224586144
20.125	4.346609825504134
20.25	4.340693050512564
20.375	4.301987040727424
20.5	4.229935205491816
20.625	4.125692515111063
20.75	3.989254215026512
20.875	3.8222963655119835
21.0	3.6253444083912143
21.125	3.4005662514970267
21.25	3.148977557434026
21.375	2.8731914094214828
21.5	2.5746565838751323
21.625	2.2563690294109082
21.75	1.9201380866523712
21.875	1.5692671574538135
22.0	1.205840008563554
22.125	0.8333824322041538
22.25	0.4541538807255322
22.375	0.07181305548989732
22.5	-0.31132158525311787
22.625	-0.691539972537003
22.75	-1.0666916436384157
22.875	-1.4328800031062048
23.0	-1.787697347849642
23.125	-2.1280138821721977
23.25	-2.4516876530849734
23.375	-2.755704818860534
23.5	-3.038252426000894
23.625	-3.2966400317119358
23.75	-3.529442368452412
23.875	-3.7343774054874856
24.0	-3.910462587884427
24.125	-4.05588812532738
24.25	-4.170157087520886
24.375	-4.251970188655236
24.5	-4.301344549023699
24.625	-4.31751242223555
24.75	-4.301014929451368
24.875	-4.251617975573566
25.0	-4.17037861001561
25.125	-4.057580059345624
25.25	-3.91476962159888
25.375	-3.742714085712605
25.5	-3.5434088471362104
25.625	-3.318054649126978
25.75	-3.069038127240073
25.875	-2.7979306361851344
26.0	-2.507440789491601
26.125	-2.1994360467054612
26.25	-1.8768680628800933
26.375	-1.5418176591260178
26.5	-1.1973939621738403
26.625	-0.8458033402561361
26.75	-0.4902229870451905
26.875	-0.13289673728750628
27.0	0.22302044921537384
27.125	0.575337289037521
27.25	0.9210037235170427
27.375	1.2579654355049674
27.5	1.5833588116707682
27.625	1.895341472775987
27.75	2.1913078106423582
27.875	2.4696936530937803
28.0	2.72821174622473
28.125	2.965630496215465
28.25	3.1800286434113345
28.375	3.3705481627419798
28.5	3.5356675190831752
28.625	3.674928952443231
28.75	3.787229853585285
28.875	3.8725248037155295
29.0	3.9301347583505417
29.125	3.960424348091759
29.25	3.963128700568888
29.375	3.9390066334009295
29.5	3.888185072698409
29.625	3.8117888764351306
29.75	3.710302918269733
29.875	3.5851793650473263
30.0	3.4372175824781177
30.125	3.268149751151292
30.25	3.0790388129687507
30.375	2.8718433438734055
30.5	2.6478337952765036
30.625	2.4091375479497388
30.75	2.157173710758895
30.875	1.8941792594258575
31.0	1.6216626367787303
31.125	1.3419118342051763
31.25	1.0564661452810769
31.375	0.7676112317935502
31.5	0.4768623673989299
31.625	0.18644719188722622
31.75	-0.10218758768085981
31.875	-0.38691705606147664
32.0	-0.6664079588436731
32.125	-0.9386758748385179
32.25	-1.202536029750887
32.375	-1.4561755446356477
32.5	-1.698585411417161
32.625	-1.9281475374292483
32.75	-2.144048189327375
32.875	-2.344879652302234
33.0	-2.530035527971296
33.125	-2.6983269125848515
33.25	-2.849359999036079
33.375	-2.9821667475272275
33.5	-3.0965652886639647
33.625	-3.1918051099162854
33.75	-3.267910783736193
33.875	-3.32434172220197
34.0	-3.3613197603013445
34.125	-3.378503539100872
34.25	-3.3763004601047855
34.375	-3.354555745099844
34.5	-3.3138492443868195
34.625	-3.254199191251245
34.75	-3.1763442975447287
34.875	-3.080462175707317
35.0	-2.967437093281496
35.125	-2.837592979601553
35.25	-2.6919471407275655
35.375	-2.530957705976626
35.5	-2.3557635313193197
35.625	-2.1669458778504
35.75	-1.9657546599397953
35.875	-1.7528840885587567
36.0	-1.5296853553512815
36.125	-1.2969559232143544
36.25	-1.056138683471671
36.375	-0.8081245384664933
36.5	-0.5544380300035888
36.625	-0.29605283734545107
36.75	-0.03456385393231046
36.875	0.22898477856455035
37.0	0.4929411697628404
37.125	0.756205472751245
37.25	1.0170849657535912
37.375	1.2744419961232372
37.5	1.5265626120945563
37.625	1.7722929292306697
37.75	2.0099212249840597
37.875	2.238302927773568
38.0	2.4557560178752484
38.125	2.6611747571235056
38.25	2.852938160780815
38.375	3.030012496691424
38.5	3.190872509337575
38.625	3.334592626510493
38.75	3.4597805343629515
38.875	3.5656569430429323
39.0	3.651001035997282
39.125	3.715218569296673
39.25	3.7572986553777064
39.375	3.776869909405514
39.5	3.7731679822099493
39.625	3.746079425753767
39.75	3.695119366548479
39.875	3.620462744921823
40.0	3.5219315219110356
40.125	3.400012956123031
40.25	3.2548557658796797
40.375	3.087275144181262
40.5	2.897757354104501
40.625	2.6874512463085223
40.75	2.457180848167661
40.875	2.2084232374088804
41.0	1.9423287914333491
41.125	1.660685381520061
41.25	1.364946074014735
41.375	1.0571797371610607
41.5	0.7391061247854344
41.625	0.41303312614209853
41.75	0.08089930884476941
41.875	-0.2548018158140385
42.0	-0.5919715678859137
42.125	-0.9279943071489127
42.25	-1.2606791648744844
42.375	-1.5873600880017729
42.5	-1.9058290431241576
42.625	-2.213447149997275
42.75	-2.508068771946774
42.875	-2.7871629087718826
43.0	-3.048727514558625
43.125	-3.2904202670452114
43.25	-3.5104624133857336
43.375	-3.706778014491893
43.5	-3.8778866147529047
43.625	-4.022050077995206
43.75	-4.138153409821609
43.875	-4.224858356969304
44.0	-4.281471780130125
44.125	-4.30710527899648
44.25	-4.301530616541369
44.375	-4.264344754348732
44.5	-4.195811961876442
44.625	-4.096033795424741
44.75	-3.9657776817373342
44.875	-3.805651542322101
45.0	-3.616918812398267
45.125	-3.400677592273015
45.25	-3.1586622417434356
45.375	-2.892427123207083
45.5	-2.604135089383237
45.625	-2.295746059992314
45.75	-1.969792888390097
45.875	-1.6285751765671155
46.0	-1.274923155953122
46.125	-0.9113972866415796
46.25	-0.5410409123289309
46.375	-0.16658630291209844
46.5	0.2088030620373705
46.625	0.582319267219359
46.75	0.9507771344501319
46.875	1.3113930268294316
47.0	1.6610605370420897
47.125	1.997120524162722
47.25	2.316644385109338
47.375	2.6171945484615873
47.5	2.8961144368976623
47.625	3.1512786940254407
47.75	3.3803890130345726
47.875	3.5817134488702846
48.0	3.753387377535045
48.125	3.8941413411425976
48.25	4.002606507268421
48.375	4.078030602413112
48.5	4.119587355541032
48.625	4.127080190528265
48.75	4.100255257223469
48.875	4.0394926707745675
49.0	3.945122853072988
49.125	3.8181052230744523
49.25	3.6593476888031264
49.375	3.470372806227236
49.5	3.2526403763055423
49.625	3.0082012007077754
49.75	2.739022850548072
49.875	2.447631256835134
50.0	2.136439829735826
50.125	1.8083792327250359
50.25	1.4662301463531275
50.375	1.1132416906026943
50.5	0.7524682480096478
50.625	0.38737712115850775
50.75	0.02118995845214921
50.875	-0.34251963603087815
51.0	-0.7004793948865007
51.125	-1.049129971120214
51.25	-1.385272128721923
51.375	-1.7054865269227064
51.5	-2.00677384968531
51.625	-2.2859816638515813
51.75	-2.5404363994157877
51.875	-2.767376037774653
52.0	-2.9645727488102454
52.125	-3.1297700783470144
52.25	-3.261294979846783
52.375	-3.3574981284141856
52.5	-3.417354069873381
52.625	-3.439903307677261
52.75	-3.4248393451179973
52.875	-3.371951285013476
53.0	-3.281696673926273
53.125	-3.1546435325443434
53.25	-2.9920281314749873
53.375	-2.795195637188207
53.5	-2.566142258135978
53.625	-2.306954044102341
53.75	-2.0203332321132543
53.875	-1.7090351648179385
54.0	-1.3763791223381245
54.125	-1.0256838080184634
54.25	-0.660763450978431
54.375	-0.28536281727686746
54.5	0.09636012297889257
54.625	0.48039819877364986
54.75	0.8624240299628145
54.875	1.2383511282289863
55.0	1.6038723543319435
55.125	1.9550158296855975
55.25	2.287690353228236
55.375	2.598233587975383
55.5	2.8829617576300097
55.625	3.138707476556327
55.75	3.3623710363338524
55.875	3.5514453245526107
56.0	3.7035661799567854
56.125	3.817022102857161
56.25	3.8903015047660023
56.375	3.9225853441064014
56.5	3.9132896078324015
56.625	3.8625395885408245
56.75	3.770706582329839
56.875	3.6388632214196064
57.0	3.4683141122668117
57.125	3.2610324037935934
57.25	3.0191848704677806
57.375	2.745550674705228
57.5	2.443042163450732
57.625	2.1151075154342918
57.75	1.7652492081911189
57.875	1.3974128696456587
58.0	1.015505931404933
58.125	0.6237754796675379
58.25	0.2263299953766115
58.375	-0.17249071655984732
58.5	-0.5685876200335788
58.625	-0.9577372916861544
58.75	-1.33605480615069
58.875	-1.6996303548974605
59.0	-2.0449801388895454
59.125	-2.368682121164531
59.25	-2.6678125911106383
59.375	-2.939578943600844
59.5	-3.1817401846265394
59.625	-3.3922352962560085
59.75	-3.5695866650513977
59.875	-3.712523336397331
60.0	-3.8203671070179457
60.125	-3.892650734396489
60.25	-3.9294871822938613
60.375	-3.93118357132845
60.5	-3.898594744065791
60.625	-3.8327343671274066
60.75	-3.735114540510148
60.875	-3.6073559457858133
61.0	-3.4515156252595838
61.125	-3.2696983845717096
61.25	-3.0643750885369383
61.375	-2.8379976552800508
61.5	-2.5933102508593744
61.625	-2.3329701578755726
61.75	-2.059854110097744
61.875	-1.7766870985708318
62.0	-1.486345794578286
62.125	-1.1914970008809183
62.25	-0.8948997019197121
62.375	-0.599054416627077
62.5	-0.30650493164791304
62.625	-0.019499310096303707
62.75	0.25970814736517656
62.875	0.5291839906491221
63.0	0.7870133806637132
63.125	1.0316154970994198
63.25	1.2614414078696234
63.375	1.4752784166295392
63.5	1.6719487799847947
63.625	1.8506039135824566
63.75	2.010424939719179
63.875	2.150907856361443
64.0	2.2715670253410982
64.125	2.3722124776375866
64.25	2.4526574657917606
64.375	2.512989038613881
64.5	2.5532806929256298
64.625	2.5738572179228805
64.75	2.575013310877051
64.875	2.5572734886557216
65.0	2.5211173048230786
65.125	2.4672348801060746
65.25	2.3962591020715025
65.375	2.309017065402887
65.5	2.2062693772596735
65.625	2.0889575482289144
65.75	1.957950291030223
65.875	1.8142866861995823
66.0	1.6589291686994319
66.125	1.4930021256047141
66.25	1.3175511281242003
66.375	1.1337765122560757
66.5	0.9427983398836347
66.625	0.7458844714308961
66.75	0.5442207297702184
66.875	0.33913299404044756
67.0	0.13186208902357596
67.125	-0.07622049607567076
67.25	-0.28383337210346177
67.375	-0.48957618484293336
67.5	-0.6921462785549578
67.625	-0.8901364167542694
67.75	-1.082247434672035
67.875	-1.267092718076562
68.0	-1.4434067730497055
68.125	-1.609856276102627
68.25	-1.7652443363118666
68.375	-1.9083277855817933
68.5	-2.038016775198785
68.625	-2.15319785616285
68.75	-2.252928449139254
68.875	-2.336265179351085
69.0	-2.40245269218539
69.125	-2.4507566600511392
69.25	-2.480646388783421
69.375	-2.4916319068219344
69.5	-2.4834398202623853
69.625	-2.455853926512003
69.75	-2.40888382588905
69.875	-2.3426085689285268
70.0	-2.257337615167711
70.125	-2.15345711995972
70.25	-2.0315829402217487
70.375	-1.8924092860876855
70.5	-1.7368536016094471
70.625	-1.5659074412018772
70.75	-1.3807731927557372
70.875	-1.1827171807167864
71.0	-0.9731983419645263
71.125	-0.7537236988465827
71.25	-0.5259692370705714
71.375	-0.29163802597343536
71.5	-0.05257367584655015
71.625	0.1893784971157985
71.75	0.432264944964955
71.875	0.6741591798070794
72.0	0.9130615998472952
72.125	1.1470306614343198
72.25	1.3740884116434322
72.375	1.5923469121564682
72.5	1.799918794270272
72.625	1.9950382821377701
72.75	2.1759760754812927
72.875	2.341154323999899
73.0	2.4890651605878062
73.125	2.618379010783168
73.25	2.7278661438392264
73.375	2.816497759346933
73.5	2.8833699929876135
73.625	2.9277973043617287
73.75	2.9492384656828583
73.875	2.9473818770162197
74.0	2.922073175804788
74.125	2.87339222409509
74.25	2.801582100237751
74.375	2.707117632636939
74.5	2.590635667384884
74.625	2.4529951596141206
74.75	2.295208747045925
74.875	2.1184945479440564
75.0	1.924209205284414
75.125	1.7138916743896193
75.25	1.4891976559461961
75.375	1.2519386366514107
75.5	1.0040102106669
75.625	0.7474347550559527
75.75	0.48428939074156985
75.875	0.21673390661211328
76.0	-0.053047294651789784
76.125	-0.32282833937269184
76.25	-0.5903950458540769
76.375	-0.8535331029882766
76.5	-1.1100766660700963
76.625	-1.3579007820567794
76.75	-1.594964845252254
76.875	-1.8193081310588983
77.0	-2.0290877130847025
77.125	-2.2225773723043143
77.25	-2.398197847008595
77.375	-2.5545183635269675
77.5	-2.6902799420586803
77.625	-2.8043983937399735
77.75	-2.895980120999804
77.875	-2.9643262223826405
78.0	-3.008940414483916
78.125	-3.029533912614111
78.25	-3.026025255126982
78.375	-2.998545744620503
78.5	-2.9474311015328856
78.625	-2.873227384058271
78.75	-2.776674544995544
78.875	-2.6587128870280785
79.0	-2.5204587426582035
79.125	-2.3632116581798748
79.25	-2.188422556820429
79.375	-1.9977019739782391
79.5	-1.7927811937477995
79.625	-1.5755219747007483
79.75	-1.3478712652436782
79.875	-1.1118729587895655
80.0	-0.8696159548569932
80.125	-0.6232524464090037
80.25	-0.37493602455193387
80.375	-0.12684315652350903
80.5	0.11888720570470285
80.625	0.3601327610682295
80.75	0.5948503402442766
80.875	0.8210503113377764
81.0	1.0368615168259312
81.125	1.2405002849302393
81.25	1.4303370221119658
81.375	1.6048592265993074
81.5	1.7627390004796006
81.625	1.9027895506859318
81.75	2.0240341084157927
81.875	2.1256510465112872
82.0	2.207048116249572
82.125	2.2678001380935044
82.25	2.307717601944952
82.375	2.326781051547094
82.5	2.3252077871933494
82.625	2.3033790429045977
82.75	2.26190567076397
82.875	2.2015483446530038
83.0	2.123282290332068
83.125	2.0282109245896014
83.25	1.9176298492701689
83.375	1.7929345034385273
83.5	1.655683782153356
83.625	1.507502434827078
83.75	1.350144793691344
83.875	1.1853927873362857
84.0	1.0151203629160395
84.125	0.8411880938187147
84.25	0.6655089478038545
84.375	0.48994054670532844
84.5	0.3163529649631676
84.625	0.1465197432061338
84.75	-0.01781160557874062
84.875	-0.1750287203099663
85.0	-0.32358054953176996
85.125	-0.46208553713426526
85.25	-0.5892539061212293
85.375	-0.7039938984966249
85.5	-0.8053297781638459
85.625	-0.8925052209334987
85.75	-0.9648967973960718
85.875	-1.0221137413610324
86.0	-1.0639068728518746
86.125	-1.0902641278693912
86.25	-1.10131510560444
86.375	-1.0974219107233962
86.5	-1.0790797492427044
86.625	-1.047002806759016
86.75	-1.0020215650221904
86.875	-0.9451636049926154
87.0	-0.8775485613926604
87.125	-0.8004638870812559
87.25	-0.7152585962883411
87.375	-0.6234141455861251
87.5	-0.5264383293563382
87.625	-0.42593151228776716
87.75	-0.3234822254444323
87.875	-0.2207290165534661
88.0	-0.11925944626378016
88.125	-0.020667797904457608
88.25	0.07354071202479595
88.375	0.1618962091522389
88.5	0.24305284513495007
88.625	0.31573905399940605
88.75	0.37883719602057864
88.875	0.43133800933345523
89.0	0.4724092644399748
89.125	0.5013549099863874
89.25	0.5176707920008784
89.375	0.5210093419667206
89.5	0.5112204234764394
89.625	0.4883228218534965
89.75	0.4525282778000643
89.875	0.40422150824489683
90.0	0.3439654513331866
90.125	0.27249207665634523
90.25	0.19068677435716114
90.375	0.09959280112670921
90.5	0.0003725697588334853
90.625	-0.10567076797248387
90.75	-0.21715767011738274
90.875	-0.332588289031035
91.0	-0.4504395581504208
91.125	-0.5690891856446156
91.25	-0.6869456379673469
91.375	-0.8023449390617012
91.5	-0.9137128425480461
91.625	-1.0194230741139487
91.75	-1.1180023303964615
91.875	-1.2079398681842373
92.0	-1.2879430923091832
92.125	-1.3566876087794397
92.25	-1.4131337254223866
92.375	-1.4562032581057531
92.5	-1.48517090033979
92.625	-1.4992500035880167
92.75	-1.4980780591749516
92.875	-1.4811875668424213
93.0	-1.4486128593470917
93.125	-1.4002125591483767
93.25	-1.3364376600279884
93.375	-1.257456038546439
93.5	-1.1641432249955175
93.625	-1.0569306203337372
93.75	-0.9371202722381209
93.875	-0.8053209611923156
94.0	-0.6632719870351012
94.125	-0.5115968624156182
94.25	-0.352533241447666
94.375	-0.18631751199616672
94.5	-0.01596972205241537
94.625	0.1611296561211536
94.75	0.33732688234656033
94.875	0.507568696844626
95.0	0.6747979605993217
95.125	0.8356580345524667
95.25	0.9901953927057874
95.375	1.1357993032833469
95.5	1.2720910432788535
95.625	1.3969204286583183
95.75	1.5098855397300168
95.875	1.609235657131317
96.0	1.6947090883770863
96.125	1.764944967010746
96.25	1.8199098741372346
96.375	1.858633300416653
96.5	1.8813592152809409
96.625	1.887503737543175
96.75	1.8776102661472294
96.875	1.8514677953778294
97.0	1.8099193661519117
97.125	1.7531009632763244
97.25	1.6821369739290073
97.375	1.5974722580042409
97.5	1.5004786437740159
97.625	1.3918607103501741
97.75	1.2731911985322681
97.875	1.1453762878597649
98.0	1.0101336867569835
98.125	0.8685067746012998
98.25	0.7222962639269678
98.375	0.5726142703217216
98.5	0.4212830666888181
98.625	0.26941327350885025
98.75	0.11878154216969791
98.875	-0.029560563580539087
99.0	-0.17394359622743757
99.125	-0.31343667466474845
99.25	-0.44652760106091727
99.375	-0.572456794979434
99.5	-0.6899126198979022
99.625	-0.7983463141594838
99.75	-0.8966790597756286
99.875	-0.9846005177615506
100.0	-1.0612847809057102
100.125	-1.1266748946873528
100.25	-1.1802053636339034
100.375	-1.2220748842906497
100.5	-1.2519739414050626
100.625	-1.270345818117482
100.75	-1.2771210813123082
100.875	-1.272968903940768
101.0	-1.258031532701591
101.125	-1.2331736317011024
101.25	-1.1987158369946382
101.375	-1.1556807236314417
101.5	-1.1045268087195725
101.625	-1.0463925316944112
101.75	-0.981830162951883
101.875	0.0
102.0	0.0
102.125	0.0
102.25	0.0
102.375	0.0
102.5	0.0
102.625	0.0
102.75	0.0
102.875	0.0
103.0	0.0
103.125	0.0
103.25	0.0
103.375	0.0
103.5	0.0
103.625	0.0
103.75	0.0
103.875	0.0
104.0	0.0
104.125	0.0
104.25	0.0
104.375	0.0
104.5	0.0
104.625	0.0
104.75	0.0
104.875	0.0
105.0	0.0
105.125	0.0
105.25	0.0
