0.000000	-2.146283
3.100775	-2.443383
6.201550	-2.671718
9.302326	-2.912021
12.403101	-2.876979
15.503876	-2.778845
18.604651	-2.229792
21.705426	-1.507137
24.806202	-1.271354
27.906977	-1.867740
31.007752	-1.564271
34.108527	-0.939757
37.209302	-0.409112
40.310078	-0.284575
43.410853	-0.409230
46.511628	-0.315543
49.612403	0.085757
52.713178	0.768109
55.813953	1.301560
58.914729	1.182007
62.015504	0.439813
65.116279	-0.042280
68.217054	0.449027
71.317829	0.878309
74.418605	1.440093
77.519380	1.513041
80.620155	1.819243
83.720930	2.121328
86.821705	2.675553
89.922481	3.116252
93.023256	3.593906
96.124031	3.639497
99.224806	3.176621
102.325581	2.158423
105.426357	1.281707
108.527132	1.044984
111.627907	1.097519
114.728682	1.501769
117.829457	1.380199
120.930233	1.313982
124.031008	1.339668
127.131783	0.910035
130.232558	0.075578
133.333333	-0.528794
136.434109	-1.109083
139.534884	-2.069950
142.635659	-3.414032
145.736434	-4.678361
148.837209	-5.506595
151.937984	-5.687839
155.038760	-5.167703
158.139535	-4.877545
161.240310	-4.692713
164.341085	-4.123300
167.441860	-3.632781
170.542636	-3.342619
173.643411	-3.019764
176.744186	-2.544004
179.844961	-2.071171
182.945736	-1.443813
186.046512	-0.759049
189.147287	-0.238996
192.248062	-0.503130
195.348837	-0.763913
198.449612	-0.582882
201.550388	-0.390934
204.651163	-0.386665
207.751938	-0.158343
210.852713	0.042945
213.953488	0.730187
217.054264	2.026395
220.155039	3.100267
223.255814	3.455270
226.356589	3.580705
229.457364	3.642845
232.558140	3.407075
235.658915	2.894992
238.759690	2.273101
241.860465	1.721654
244.961240	1.291965
248.062016	0.841840
251.162791	0.329361
254.263566	0.236774
257.364341	0.757534
260.465116	1.077887
263.565891	0.481037
266.666667	-0.183970
269.767442	-0.053142
272.868217	0.473320
275.968992	0.717632
279.069767	0.719957
282.170543	0.516721
285.271318	0.088542
288.372093	-0.176482
291.472868	-0.041619
294.573643	0.246220
297.674419	0.468632
300.775194	0.651957
303.875969	0.767962
306.976744	0.828652
310.077519	0.953422
313.178295	1.174002
316.279070	1.636559
319.379845	2.314847
322.480620	2.816726
325.581395	2.586662
328.682171	1.540992
331.782946	0.436325
334.883721	-0.160905
337.984496	-0.552469
341.085271	-1.031948
344.186047	-1.452409
347.286822	-1.724439
350.387597	-1.917270
353.488372	-2.146557
356.589147	-2.446361
359.689922	-2.707598
362.790698	-2.900662
365.891473	-3.075333
368.992248	-3.179574
372.093023	-3.161935
375.193798	-3.056891
378.294574	-2.860136
381.395349	-2.527343
384.496124	-2.065232
387.596899	-1.514780
390.697674	-0.879666
393.798450	-0.145946
396.899225	0.672401
400.000000	1.524823
403.100775	2.334237
406.201550	3.013276
409.302326	3.488882
412.403101	3.757730
415.503876	3.932500
418.604651	4.175539
421.705426	4.421629
424.806202	4.173531
427.906977	3.020615
431.007752	1.415205
434.108527	0.174706
437.209302	-0.569474
440.310078	-1.114457
443.410853	-1.545828
446.511628	-1.856359
449.612403	-2.051159
452.713178	-2.090251
455.813953	-1.989466
458.914729	-1.831208
462.015504	-1.715632
465.116279	-1.720410
468.217054	-1.836758
471.317829	-1.977466
474.418605	-2.062154
477.519380	-2.074375
480.620155	-2.059694
483.720930	-2.102809
486.821705	-2.279714
489.922481	-2.586121
493.023256	-2.923903
496.124031	-3.174405
499.224806	-3.260940
502.325581	-3.149666
505.426357	-2.844305
508.527132	-2.397167
511.627907	-1.902616
514.728682	-1.450994
517.829457	-1.062662
520.930233	-0.674992
524.031008	-0.212874
527.131783	0.346652
530.232558	0.982043
533.333333	1.656449
536.434109	2.325047
539.534884	2.938446
542.635659	3.444342
545.736434	3.779268
548.837209	3.880626
551.937984	3.736922
555.038760	3.421785
558.139535	3.057431
561.240310	2.747392
564.341085	2.548333
567.441860	2.478142
570.542636	2.519673
573.643411	2.611138
576.744186	2.646441
579.844961	2.517445
582.945736	2.188921
586.046512	1.726862
589.147287	1.233818
592.248062	0.771381
595.348837	0.355832
598.449612	-0.006394
601.550388	-0.301623
604.651163	-0.506526
607.751938	-0.590763
610.852713	-0.530906
613.953488	-0.334060
617.054264	-0.076869
620.155039	0.058222
623.255814	-0.143262
626.356589	-0.717334
629.457364	-1.440799
632.558140	-2.053622
635.658915	-2.455334
638.759690	-2.642468
641.860465	-2.628869
644.961240	-2.462689
648.062016	-2.214178
651.162791	-1.944606
654.263566	-1.692814
657.364341	-1.460991
660.465116	-1.222258
663.565891	-0.948567
666.666667	-0.633978
669.767442	-0.309961
672.868217	-0.039139
675.968992	0.131205
679.069767	0.224379
682.170543	0.331586
685.271318	0.547167
688.372093	0.908209
691.472868	1.366622
694.573643	1.784014
697.674419	1.998985
700.775194	1.967806
703.875969	1.791655
706.976744	1.546448
710.077519	1.182800
713.178295	0.661888
716.279070	0.075656
719.379845	-0.433758
722.480620	-0.788790
725.581395	-0.986098
728.682171	-1.066621
731.782946	-1.102315
734.883721	-1.173708
737.984496	-1.330445
741.085271	-1.566646
744.186047	-1.834116
747.286822	-2.076996
750.387597	-2.252960
753.488372	-2.334656
756.589147	-2.307023
759.689922	-2.166361
762.790698	-1.921074
765.891473	-1.595129
768.992248	-1.229431
772.093023	-0.872518
775.193798	-0.559286
778.294574	-0.292645
781.395349	-0.048304
784.496124	0.197755
787.596899	0.439942
790.697674	0.630529
793.798450	0.698200
796.899225	0.600042
800.000000	0.365975
803.100775	0.082123
806.201550	-0.169058
809.302326	-0.344539
812.403101	-0.436756
815.503876	-0.461401
818.604651	-0.446408
821.705426	-0.415780
824.806202	-0.376399
827.906977	-0.318307
831.007752	-0.227518
834.108527	-0.102236
837.209302	0.037833
840.310078	0.156253
843.410853	0.218988
846.511628	0.214135
849.612403	0.155281
852.713178	0.074559
855.813953	0.022008
858.914729	0.063577
862.015504	0.265135
865.116279	0.679036
868.217054	1.346036
871.317829	2.277390
874.418605	3.357152
877.519380	4.237534
880.620155	4.534405
883.720930	4.256647
886.821705	3.777508
889.922481	3.324242
893.023256	2.861423
896.124031	2.370146
899.224806	1.875888
902.325581	1.354346
905.426357	0.790052
908.527132	0.204480
911.627907	-0.370981
914.728682	-0.896045
917.829457	-1.330721
920.930233	-1.645159
924.031008	-1.816110
927.131783	-1.827185
930.232558	-1.670942
933.333333	-1.353735
936.434109	-0.914945
939.534884	-0.457825
942.635659	-0.150001
945.736434	-0.131942
948.837209	-0.388446
951.937984	-0.760295
955.038760	-1.099928
958.139535	-1.353230
961.240310	-1.512671
964.341085	-1.582586
967.441860	-1.580860
970.542636	-1.525569
973.643411	-1.426999
976.744186	-1.293906
979.844961	-1.135883
982.945736	-0.964914
986.046512	-0.796306
989.147287	-0.644237
992.248062	-0.515585
995.348837	-0.405094
998.449612	-0.292547
1001.550388	-0.145867
1004.651163	0.067198
1007.751938	0.368690
1010.852713	0.770874
1013.953488	1.266730
1017.054264	1.784756
1020.155039	2.154856
1023.255814	2.189222
1026.356589	1.857097
1029.457364	1.335636
1032.558140	0.833549
1035.658915	0.425280
1038.759690	0.084727
1041.860465	-0.228085
1044.961240	-0.549398
1048.062016	-0.896315
1051.162791	-1.246560
1054.263566	-1.555549
1057.364341	-1.783587
1060.465116	-1.909140
1063.565891	-1.934657
1066.666667	-1.886849
1069.767442	-1.809806
1072.868217	-1.749814
1075.968992	-1.735949
1079.069767	-1.768470
1082.170543	-1.822898
1085.271318	-1.865203
1088.372093	-1.864695
1091.472868	-1.794996
1094.573643	-1.630255
1097.674419	-1.348441
1100.775194	-0.935768
1103.875969	-0.386137
1106.976744	0.287565
1110.077519	1.024337
1113.178295	1.698038
1116.279070	2.150254
1119.379845	2.285098
1122.480620	2.149710
1125.581395	1.880203
1128.682171	1.573914
1131.782946	1.263710
1134.883721	0.966913
1137.984496	0.692529
1141.085271	0.436999
1144.186047	0.202807
1147.286822	0.004742
1150.387597	-0.135868
1153.488372	-0.196422
1156.589147	-0.161781
1159.689922	-0.031599
1162.790698	0.177203
1165.891473	0.431794
1168.992248	0.692673
1172.093023	0.931158
1175.193798	1.144060
1178.294574	1.352819
1181.395349	1.588166
1184.496124	1.873101
1187.596899	2.211010
1190.697674	2.574709
1193.798450	2.894477
1196.899225	3.062617
1200.000000	2.982178
1203.100775	2.638400
1206.201550	2.112242
1209.302326	1.514089
1212.403101	0.922804
1215.503876	0.382934
1218.604651	-0.079473
1221.705426	-0.451427
1224.806202	-0.728701
1227.906977	-0.912813
1231.007752	-1.012242
1234.108527	-1.043631
1237.209302	-1.032451
1240.310078	-1.012293
1243.410853	-1.019828
1246.511628	-1.085178
1249.612403	-1.221635
1252.713178	-1.421593
1255.813953	-1.662266
1258.914729	-1.916333
1262.015504	-2.159768
1265.116279	-2.374211
1268.217054	-2.546094
1271.317829	-2.664987
1274.418605	-2.722368
1277.519380	-2.711279
1280.620155	-2.626713
1283.720930	-2.466427
1286.821705	-2.231981
1289.922481	-1.929848
1293.023256	-1.572367
1296.124031	-1.178252
1299.224806	-0.772276
1302.325581	-0.383451
1305.426357	-0.040673
1308.527132	0.234634
1311.627907	0.436360
1314.728682	0.576484
1317.829457	0.679211
1320.930233	0.770019
1324.031008	0.867129
1327.131783	0.979100
1330.232558	1.106738
1333.333333	1.246166
1336.434109	1.391392
1339.534884	1.536239
1342.635659	1.676299
1345.736434	1.810827
1348.837209	1.942441
1351.937984	2.072639
1355.038760	2.195434
1358.139535	2.296177
1361.240310	2.360485
1364.341085	2.387241
1367.441860	2.391141
1370.542636	2.388186
1373.643411	2.376002
1376.744186	2.327892
1379.844961	2.207617
1382.945736	1.992769
1386.046512	1.683536
1389.147287	1.288426
1392.248062	0.811251
1395.348837	0.264916
1398.449612	-0.306098
1401.550388	-0.833139
1404.651163	-1.258791
1407.751938	-1.563297
1410.852713	-1.766273
1413.953488	-1.915423
1417.054264	-2.067411
1420.155039	-2.260781
1423.255814	-2.496294
1426.356589	-2.742468
1429.457364	-2.959705
1432.558140	-3.119709
1435.658915	-3.210472
1438.759690	-3.233715
1441.860465	-3.200110
1444.961240	-3.124035
1448.062016	-3.020719
1451.162791	-2.905541
1454.263566	-2.791476
1457.364341	-2.682765
1460.465116	-2.568258
1463.565891	-2.420570
1466.666667	-2.203319
1469.767442	-1.881855
1472.868217	-1.432034
1475.968992	-0.846366
1479.069767	-0.139167
1482.170543	0.651065
1485.271318	1.466434
1488.372093	2.239084
1491.472868	2.895006
1494.573643	3.360418
1497.674419	3.598842
1500.775194	3.658768
1503.875969	3.657043
1506.976744	3.697556
1510.077519	3.821698
1513.178295	4.023458
1516.279070	4.269363
1519.379845	4.501107
1522.480620	4.648791
1525.581395	4.653701
1528.682171	4.465950
1531.782946	4.007502
1534.883721	3.172708
1537.984496	1.940650
1541.085271	0.484967
1544.186047	-0.915710
1547.286822	-2.074695
1550.387597	-2.942557
1553.488372	-3.526411
1556.589147	-3.850809
1559.689922	-3.955462
1562.790698	-3.885375
1565.891473	-3.686894
1568.992248	-3.403397
1572.093023	-3.069338
1575.193798	-2.711659
1578.294574	-2.353851
1581.395349	-2.014919
1584.496124	-1.702290
1587.596899	-1.407901
1590.697674	-1.114514
1593.798450	-0.805627
1596.899225	-0.470503
1600.000000	-0.105513
1603.100775	0.284215
1606.201550	0.683320
1609.302326	1.065187
1612.403101	1.390057
1615.503876	1.607241
1618.604651	1.672170
1621.705426	1.575325
1624.806202	1.355994
1627.906977	1.081089
1631.007752	0.809495
1634.108527	0.574977
1637.209302	0.389708
1640.310078	0.251878
1643.410853	0.151550
1646.511628	0.075888
1649.612403	0.012755
1652.713178	-0.047303
1655.813953	-0.109697
1658.914729	-0.175040
1662.015504	-0.239517
1665.116279	-0.296798
1668.217054	-0.341280
1671.317829	-0.371290
1674.418605	-0.390486
1677.519380	-0.406368
1680.620155	-0.426306
1683.720930	-0.453299
1686.821705	-0.484245
1689.922481	-0.511701
1693.023256	-0.527373
1696.124031	-0.524712
1699.224806	-0.499677
1702.325581	-0.450525
1705.426357	-0.377821
1708.527132	-0.285022
1711.627907	-0.178992
1714.728682	-0.069450
1717.829457	0.033058
1720.930233	0.119802
1724.031008	0.185648
1727.131783	0.229209
1730.232558	0.251904
1733.333333	0.256898
1736.434109	0.248301
1739.534884	0.230485
1742.635659	0.207484
1745.736434	0.182576
1748.837209	0.158128
1751.937984	0.135614
1755.038760	0.115770
1758.139535	0.098799
1761.240310	0.084571
1764.341085	0.072777
1767.441860	0.063045
1770.542636	0.055005
1773.643411	0.048326
1776.744186	0.042730
1779.844961	0.037989
1782.945736	0.033927
1786.046512	0.030407
1789.147287	0.027324
1792.248062	0.024601
1795.348837	0.022178
1798.449612	0.020011
1801.550388	0.018065
1804.651163	0.016313
1807.751938	0.014732
1810.852713	0.013306
1813.953488	0.012017
1817.054264	0.010853
1820.155039	0.009801
1823.255814	0.008852
1826.356589	0.007994
1829.457364	0.007220
1832.558140	0.006521
1835.658915	0.005890
1838.759690	0.005321
1841.860465	0.004808
1844.961240	0.004344
1848.062016	0.003926
1851.162791	0.003549
1854.263566	0.003208
1857.364341	0.002901
1860.465116	0.002623
1863.565891	0.002373
1866.666667	0.002146
1869.767442	0.001942
1872.868217	0.001757
1875.968992	0.001589
1879.069767	0.001438
1882.170543	0.001302
1885.271318	0.001178
1888.372093	0.001066
1891.472868	0.000964
1894.573643	0.000873
1897.674419	0.000790
1900.775194	0.000714
1903.875969	0.000646
1906.976744	0.000584
1910.077519	0.000528
1913.178295	0.000477
1916.279070	0.000431
1919.379845	0.000389
1922.480620	0.000351
1925.581395	0.000317
1928.682171	0.000286
1931.782946	0.000257
1934.883721	0.000232
1937.984496	0.000208
1941.085271	0.000187
1944.186047	0.000168
1947.286822	0.000150
1950.387597	0.000134
1953.488372	0.000120
1956.589147	0.000106
1959.689922	0.000094
1962.790698	0.000083
1965.891473	0.000073
1968.992248	0.000064
1972.093023	0.000055
1975.193798	0.000047
1978.294574	0.000040
1981.395349	0.000033
1984.496124	0.000027
1987.596899	0.000021
1990.697674	0.000015
1993.798450	0.000010
1996.899225	0.000005
2000.000000	0.000000
