0.0	0.024439108937070127
0.125	0.018151079940367826
0.25	0.013865853818815029
0.375	0.01250235486932451
0.5	0.014180083237992185
0.625	0.01868109566323112
0.75	0.025789299758240916
0.875	0.03557201296715268
1.0	0.047224787791589756
1.125	0.05922122424670073
1.25	0.07078570064817197
1.375	0.08092910161308912
1.5	0.08776580262295379
1.625	0.09217257414229453
1.75	0.09439817804501636
1.875	0.09517234539752581
2.0	0.09414346405671267
2.125	0.09210306745633977
2.25	0.08980910338621419
2.375	0.08709529118021347
2.5	0.08427072086383662
2.625	0.08159920775030381
2.75	0.07902813578101327
2.875	0.0766573503802368
3.0	0.07465991962186472
3.125	0.07316992784474242
3.25	0.07221643888145723
3.375	0.07215152644323271
3.5	0.07286525342078994
3.625	0.07368327072657471
3.75	0.0739309858187593
3.875	0.07221406861961058
4.0	0.06761396959822279
4.125	0.05879650572834624
4.25	0.04645957700232086
4.375	0.0314396178159241
4.5	0.015584360496909437
4.625	0.0007187344116875186
4.75	-0.011867786286984365
4.875	-0.02175562792014645
5.0	-0.02924824300286798
5.125	-0.035160354406090055
5.25	-0.040219819149191656
5.375	-0.04505196474186636
5.5	-0.04878802255406873
5.625	-0.050953134407914644
5.75	-0.0509344061185395
5.875	-0.049394732072406244
6.0	-0.04674729584685301
6.125	-0.04467002772153411
6.25	-0.04448532659466118
6.375	-0.04742920865706486
6.5	-0.05285277782299825
6.625	-0.05931763827246919
6.75	-0.06527462866579023
6.875	-0.06926925908640157
7.0	-0.07026923250033265
7.125	-0.06812685388346469
7.25	-0.06296043816446026
7.375	-0.05658707624492348
7.5	-0.04990884051185387
7.625	-0.044781212371555405
7.75	-0.04156526845448083
7.875	-0.0395564216661116
8.0	-0.03915891685341657
8.125	-0.038796091876277666
8.25	-0.038246298227556534
8.375	-0.03620616968332242
8.5	-0.033354182573613646
8.625	-0.030042153044199625
8.75	-0.026956091232633237
8.875	-0.02370171613565636
9.0	-0.02153508404961971
9.125	-0.020698926142483642
9.25	-0.020837336294023606
9.375	-0.02191315389495016
9.5	-0.02386031196496619
9.625	-0.027749619348535818
9.75	-0.03366380592070578
9.875	-0.040819522337060696
10.0	-0.04919575242864299
10.125	-0.05817485738684955
10.25	-0.06700253486147704
10.375	-0.07489335358474773
10.5	-0.08060597520587781
10.625	-0.08399792602334322
10.75	-0.08430485877851053
10.875	-0.08198990439650035
11.0	-0.0779002264276089
11.125	-0.07275845592059699
11.25	-0.06742334354184261
11.375	-0.0623320482159126
11.5	-0.05785060473729361
11.625	-0.05371773601955745
11.75	-0.04911797821522908
11.875	-0.04374803787946162
12.0	-0.03688828292625418
12.125	-0.028803959953100953
12.25	-0.019658796885571157
12.375	-0.009955511305629354
12.5	-0.00029972978267473946
12.625	0.008834743269081204
12.75	0.017318421909661333
12.875	0.025073319473417077
13.0	0.03216114780832216
13.125	0.038051331050114795
13.25	0.04210415172214961
13.375	0.0440667357154912
13.5	0.04375169147030151
13.625	0.04116522507609408
13.75	0.03582314428122702
13.875	0.028169624604583627
14.0	0.019209154659662005
14.125	0.009995066002755513
14.25	0.001597439417232049
14.375	-0.006167718691072791
14.5	-0.013754723914034206
14.625	-0.021866910913059166
14.75	-0.029483189941394563
14.875	-0.037208915454844234
15.0	-0.042462678461813834
15.125	-0.04639942087801159
15.25	-0.04603976673811375
15.375	-0.040282243745284
15.5	-0.030529837071075726
15.625	-0.016165387037155587
15.75	-0.0037765353914765497
15.875	0.012241323301908266
16.0	0.030155354108024043
16.125	0.04707707978348197
16.25	0.06341474399165792
16.375	0.08268426441694858
16.5	0.10175955431225309
16.625	0.12026351808713046
16.75	0.13696243988351997
16.875	0.15012554378156373
17.0	0.1598622800140808
17.125	0.16561361708200723
17.25	0.16758422247246396
17.375	0.16554395758711332
17.5	0.15988857101942283
17.625	0.1515630922835534
17.75	0.1414675054755386
17.875	0.1306084715392602
18.0	0.1192904855203938
18.125	0.10843378521326222
18.25	0.09780671276213514
18.375	0.0870528744937094
18.5	0.07660439745442271
18.625	0.06626247826040871
18.75	0.055963867117354425
18.875	0.04435413647420002
19.0	0.030501687988020984
19.125	0.013288791670689287
19.25	-0.007111405807063316
19.375	-0.028745285084908492
19.5	-0.04893917245237725
19.625	-0.06575390446595585
19.75	-0.0779394455887655
19.875	-0.08561562421000161
20.0	-0.08988931238456437
20.125	-0.09175586007054955
20.25	-0.09156148598225554
20.375	-0.08806123492250253
20.5	-0.0810304747490129
20.625	-0.07000643702991932
20.75	-0.05597073505057749
20.875	-0.04093491491105701
21.0	-0.026223871673302507
21.125	-0.012977875870177085
21.25	-0.001437767776151461
21.375	0.008626489787335828
21.5	0.016828779402333505
21.625	0.024358355384217174
21.75	0.029800854559130882
21.875	0.03287148341421774
22.0	0.03263237013321557
22.125	0.028437415654946323
22.25	0.021745999285130265
22.375	0.012396421333511026
22.5	0.002242118238143037
22.625	-0.007873485809024005
22.75	-0.016302212870948303
22.875	-0.02207277016883922
23.0	-0.02711343643669866
23.125	-0.030801799575033092
23.25	-0.03343016698294611
23.375	-0.03406944945728892
23.5	-0.03423969980602198
23.625	-0.03368874586700954
23.75	-0.031131274140800993
23.875	-0.026474706536003378
24.0	-0.02050507739842633
24.125	-0.013323749265256897
24.25	-0.005793910420029505
24.375	0.0025324339886082453
24.5	0.011025383720105603
24.625	0.019637778285831048
24.75	0.028667858630223527
24.875	0.036644517506696915
25.0	0.043005101062849556
25.125	0.04602595605532018
25.25	0.04501289360588905
25.375	0.03997222002849786
25.5	0.031150327431401625
25.625	0.019386439249894454
25.75	0.005745673717121839
25.875	-0.0088216230878865
26.0	-0.024210889172434427
26.125	-0.04043009439557668
26.25	-0.057429389782645945
26.375	-0.07427473574953526
26.5	-0.09078525900831767
26.625	-0.10595268053139668
26.75	-0.11897729329928355
26.875	-0.12870060996987032
27.0	-0.13431227376097296
27.125	-0.13511034529912455
27.25	-0.13128267395858012
27.375	-0.12267316368107996
27.5	-0.11119586291317256
27.625	-0.09733413150992362
27.75	-0.08220266123166721
27.875	-0.0653418497904001
28.0	-0.047622766152851374
28.125	-0.02950778926118466
28.25	-0.011922875869612421
28.375	0.0037815715932355705
28.5	0.014406915150492123
28.625	0.02070792754538404
28.75	0.022284200446331018
28.875	0.02185451780343177
29.0	0.01957614007222465
29.125	0.018396732640810237
29.25	0.019511767800842107
29.375	0.02235797712784066
29.5	0.02585304040483487
29.625	0.031006046875865865
29.75	0.03670242290877363
29.875	0.04369248877897519
30.0	0.04939527729356449
30.125	0.057207200140855695
30.25	0.06350975565887501
30.375	0.06822298766346634
30.5	0.07061467794168552
30.625	0.07227896956931491
30.75	0.07063884485906051
30.875	0.06609557898389176
31.0	0.06168146187389
31.125	0.05520913558837634
31.25	0.04878470922733554
31.375	0.040089387562826026
31.5	0.03174217363968204
31.625	0.021566922442942397
31.75	0.008922155618852633
31.875	-0.005018444062211768
32.0	-0.0193794092524464
32.125	-0.032023307992652496
32.25	-0.04274562394438175
32.375	-0.05156611353088424
32.5	-0.05756312021104999
32.625	-0.06166560678563788
32.75	-0.06329243727386755
32.875	-0.06356931551155733
33.0	-0.0619654703400791
33.125	-0.05808016395842984
33.25	-0.052221604821858926
33.375	-0.04459418377626567
33.5	-0.03635284190328982
33.625	-0.02802265838343629
33.75	-0.019715016120708955
33.875	-0.012097095652806932
34.0	-0.004944911764448141
34.125	0.002047778675612369
34.25	0.009172198116311252
34.375	0.01591861391926913
34.5	0.021634402803644953
34.625	0.02580912638293034
34.75	0.029385392146131124
34.875	0.03246423352539125
35.0	0.036235759877365825
35.125	0.04133110835519027
35.25	0.046820302844449775
35.375	0.05291491630567882
35.5	0.05708374387886522
35.625	0.05944038931761002
35.75	0.059129786086546315
35.875	0.05491207218129502
36.0	0.04598444748275668
36.125	0.031094969012326668
36.25	0.010133981703636089
36.375	-0.016994059284251965
36.5	-0.049496278545101746
36.625	-0.0849737265292039
36.75	-0.12131835644154243
36.875	-0.15521471217279095
37.0	-0.18595010418091565
37.125	-0.21039603426982248
37.25	-0.228896834176921
37.375	-0.24247216206516273
37.5	-0.2536224265980102
37.625	-0.26619750282613674
37.75	-0.2844568826199424
37.875	-0.310266141111276
38.0	-0.3431147067085751
38.125	-0.38051127431615145
38.25	-0.41885409431877374
38.375	-0.4538737545255042
38.5	-0.4819048747307239
38.625	-0.49959175349475565
38.75	-0.502681652331898
38.875	-0.4877551097458773
39.0	-0.4544958815405624
39.125	-0.40699705718841306
39.25	-0.35361480512343874
39.375	-0.3057819149833349
39.5	-0.27391185994269246
39.625	-0.26585275009253784
39.75	-0.28264123557299503
39.875	-0.31994471207108877
40.0	-0.3682652324718231
40.125	-0.41680591786123355
40.25	-0.45527726582205497
40.375	-0.4750754040153006
40.5	-0.4712036262807133
40.625	-0.4426041919590141
40.75	-0.39227762789665055
40.875	-0.32801105267830216
41.0	-0.26010194003792936
41.125	-0.20064222543951135
41.25	-0.15908250239641508
41.375	-0.1412132390401914
41.5	-0.14712311910770354
41.625	-0.17169498430789465
41.75	-0.20656367973482725
41.875	-0.24363863654784387
42.0	-0.2757789141077495
42.125	-0.2981195609215472
42.25	-0.30789927247081794
42.375	-0.3056201929766365
42.5	-0.29230323588954743
42.625	-0.2695848415934883
42.75	-0.23985531760704187
42.875	-0.20650466262201053
43.0	-0.1723190671898077
43.125	-0.13928524297867206
43.25	-0.1083466761131358
43.375	-0.0796492481235142
43.5	-0.0516659065896409
43.625	-0.022683325565537774
43.75	0.008308200728484696
43.875	0.04216160403992183
44.0	0.07823465057746533
44.125	0.11507915945103418
44.25	0.15017441135986645
44.375	0.18039042199126396
44.5	0.20369100467381815
44.625	0.21750075162039617
44.75	0.2206636854249548
44.875	0.21309894638213064
45.0	0.19607102013684577
45.125	0.1720765334802234
45.25	0.14389624820201427
45.375	0.1144353077177224
45.5	0.08668223827092134
45.625	0.06253331981576847
45.75	0.04300563726505434
45.875	0.02836105655476405
46.0	0.017944363254127366
46.125	0.011121940919409155
46.25	0.006984443978772517
46.375	0.005055937688536601
46.5	0.005492710217664755
46.625	0.00812256366297346
46.75	0.012404950624591056
46.875	0.018186137147948058
47.0	0.024619536713241526
47.125	0.03208469244277043
47.25	0.04012357890025976
47.375	0.04860814557739157
47.5	0.05737152078882256
47.625	0.0663112513913901
47.75	0.0753381667040506
47.875	0.08346947804218642
48.0	0.08922270677925599
48.125	0.09166898661884021
48.25	0.089367983694615
48.375	0.08237897812031171
48.5	0.07113875693897842
48.625	0.05711129219662869
48.75	0.04207878301267193
48.875	0.027555043368108684
49.0	0.014420501274048798
49.125	0.002643480232386856
49.25	-0.008496872985842898
49.375	-0.018983388435105397
49.5	-0.029498452703073674
49.625	-0.03982845670262293
49.75	-0.049292051419102714
49.875	-0.05764392256694045
50.0	-0.06448218383548872
50.125	-0.06920275506936716
50.25	-0.07133423126042716
50.375	-0.07025937932174685
50.5	-0.06755199337922317
50.625	-0.06289667527476445
50.75	-0.0568676859727467
50.875	-0.050292161764016054
51.0	-0.04359251450702208
51.125	-0.037021462047477506
51.25	-0.031205963508141255
51.375	-0.026085689249588973
51.5	-0.022181532637194547
51.625	-0.01808384495458852
51.75	-0.012380604632743293
51.875	-0.0039415169372631394
52.0	0.008229475213979938
52.125	0.02383388640554536
52.25	0.04115561199281384
52.375	0.056687459451226364
52.5	0.06498990656484259
52.625	0.06323306329421124
52.75	0.049921524493698265
52.875	0.026219214323784882
53.0	-0.004842054571060818
53.125	-0.038773303855095934
53.25	-0.07158094991015443
53.375	-0.10053717505152741
53.5	-0.12476181263225364
53.625	-0.1433856083121455
53.75	-0.15752545578185498
53.875	-0.16787300045542383
54.0	-0.17528304848911772
54.125	-0.17977745266856493
54.25	-0.1813755375326103
54.375	-0.18007003311005565
54.5	-0.17520881462183
54.625	-0.16532680486315102
54.75	-0.14996357150240344
54.875	-0.12865806004618535
55.0	-0.10193080297301552
55.125	-0.07034568108607812
55.25	-0.035408757559088955
55.375	0.0007001780796848708
55.5	0.03573052025776591
55.625	0.06659289237972951
55.75	0.09028509834701784
55.875	0.10453371938970929
56.0	0.10641120663708571
56.125	0.09624313598073192
56.25	0.07523707374594535
56.375	0.04853156229263639
56.5	0.021095127590642023
56.625	-0.0007889922900579367
56.75	-0.013359791156867924
56.875	-0.017128278396792977
57.0	-0.01564355339578915
57.125	-0.01013473013681765
57.25	-0.0034002836860656527
57.375	0.003989931131473425
57.5	0.010788733666906643
57.625	0.018868784114708468
57.75	0.027047499728718418
57.875	0.032207476067753815
58.0	0.03547425613214952
58.125	0.035928642932082075
58.25	0.036824553905807064
58.375	0.03673493581895623
58.5	0.037521752445837823
58.625	0.039247819951941085
58.75	0.04270634872282581
58.875	0.0471765376732507
59.0	0.05265756841290439
59.125	0.059723005519170924
59.25	0.06939462532708761
59.375	0.08126882733927211
59.5	0.09428510380925373
59.625	0.10781937883851027
59.75	0.12038408028921836
59.875	0.13110340937592713
60.0	0.13775832781415395
60.125	0.14096985634875947
60.25	0.14032643720879526
60.375	0.1372785022132361
60.5	0.13258295067342113
60.625	0.12681079721228114
60.75	0.12091285557888261
60.875	0.11610123573437679
61.0	0.11308329687360077
61.125	0.11243146626765374
61.25	0.1137312054308045
61.375	0.11778802020194908
61.5	0.12387420465440753
61.625	0.1315747809764907
61.75	0.14045922282978426
61.875	0.14986289932338742
62.0	0.15956554427208897
62.125	0.16900545713743023
62.25	0.17781866778463995
62.375	0.18545865208013365
62.5	0.19114471423959709
62.625	0.19439329850172493
62.75	0.1950170112889236
62.875	0.19300298109155464
63.0	0.18884721726714468
63.125	0.1820465929309935
63.25	0.17219689978867161
63.375	0.1588194590882598
63.5	0.14220070523253053
63.625	0.12252955869849651
63.75	0.10126595332093494
63.875	0.07997828593810474
64.0	0.0603632947542084
64.125	0.042962899913975165
64.25	0.02925936150551667
64.375	0.01898373012122036
64.5	0.011679563875398436
64.625	0.00624353974205649
64.75	0.0027278420053978175
64.875	0.0014208664768873053
65.0	0.002409104540339645
65.125	0.006455670292031128
65.25	0.013408513303524867
65.375	0.022678115333079823
65.5	0.0340725213129342
65.625	0.04623846225776311
65.75	0.06006972198445811
65.875	0.07575278125207828
66.0	0.0928451194893377
66.125	0.11078170986233264
66.25	0.12785756914609236
66.375	0.14112568703432746
66.5	0.14710463015457662
66.625	0.14390862737461918
66.75	0.13396902904467595
66.875	0.12288796866396057
67.0	0.11772550377003173
67.125	0.12324621798148498
67.25	0.13940123736555834
67.375	0.1617289783364613
67.5	0.18180029712190213
67.625	0.1927677882803339
67.75	0.1905478996946974
67.875	0.17463358513892005
68.0	0.1447487847073031
68.125	0.09906831410764838
68.25	0.036405324670360825
68.375	-0.039181376999678504
68.5	-0.1147994934442026
68.625	-0.1714211941461821
68.75	-0.19105276076501915
68.875	-0.1638602788246872
69.0	-0.09513621519225222
69.125	-0.006112961682311948
69.25	0.07261942511824147
69.375	0.11249319081876223
69.5	0.09674202674547856
69.625	0.024833408470696466
69.75	-0.08807579742646351
69.875	-0.2163414408814122
70.0	-0.331532585781067
70.125	-0.4080525148133793
70.25	-0.42943207616583107
70.375	-0.3923777139084749
70.5	-0.30866494787840326
70.625	-0.20390794053168107
70.75	-0.10760340590348909
70.875	-0.047091962878243986
71.0	-0.03778148422527224
71.125	-0.08027815962588751
71.25	-0.1613749194563257
71.375	-0.2604529923310446
71.5	-0.3561910866473503
71.625	-0.43077376033204673
71.75	-0.474320650980653
71.875	-0.4854643552989727
72.0	-0.46877236339459144
72.125	-0.4326037802986192
72.25	-0.3850649685353792
72.375	-0.3346382651911593
72.5	-0.2867324240249573
72.625	-0.24722562539221918
72.75	-0.2167217883826483
72.875	-0.1940902965509324
73.0	-0.17558948496601948
73.125	-0.15651746463010224
73.25	-0.13307198508452317
73.375	-0.10433449208269348
73.5	-0.07062032389175273
73.625	-0.034347548062691816
73.75	0.0024505704356429852
73.875	0.03683458658089543
74.0	0.06614796288006496
74.125	0.08989515338189552
74.25	0.10744495886195468
74.375	0.12060707671242173
74.5	0.12976544397236672
74.625	0.13652171549578412
74.75	0.14145561804283613
74.875	0.14478699098850703
75.0	0.14663239351343954
75.125	0.1467339479954191
75.25	0.14551446341323546
75.375	0.14274763961185155
75.5	0.13869297078759651
75.625	0.1343861144610927
75.75	0.13066197365217339
75.875	0.12834672779895215
76.0	0.12807706702148428
76.125	0.1304701597740732
76.25	0.13511119246895423
76.375	0.14145970891345389
76.5	0.14834979047138178
76.625	0.15554534410651044
76.75	0.16189040528072363
76.875	0.1671753565887696
77.0	0.17084487301589085
77.125	0.1728212436254265
77.25	0.17299226475831112
77.375	0.1711723427030148
77.5	0.1671879595119324
77.625	0.16118345096002867
77.75	0.153037988740679
77.875	0.14379403273425645
78.0	0.13390333714284927
78.125	0.124500042678287
78.25	0.11532415203871174
78.375	0.1069435916513179
78.5	0.09826246440166723
78.625	0.09042276729197204
78.75	0.08287840061922448
78.875	0.0764334113224229
79.0	0.07042321715576469
79.125	0.06454173572572815
79.25	0.06055808725136783
79.375	0.05674295151798763
79.5	0.05215057676792148
79.625	0.04753758322679596
79.75	0.04205789644817641
79.875	0.038361368296768006
80.0	0.03484804287662591
80.125	0.03471793187874946
80.25	0.0364135529214964
80.375	0.03850558776109679
80.5	0.04220949161776659
80.625	0.045586165155051254
80.75	0.048070598754001326
80.875	0.04914598919414485
81.0	0.04908157141893289
81.125	0.049309441656895804
81.25	0.0479384433563286
81.375	0.0460920336956156
81.5	0.043282331826221876
81.625	0.04082019395517854
81.75	0.03844766336037185
81.875	0.03680499220449382
82.0	0.03670783715578899
82.125	0.03853714687654336
82.25	0.04214843824850176
82.375	0.04629641348016011
82.5	0.05053537378361618
82.625	0.05393353012049588
82.75	0.05541466254884814
82.875	0.05489883953149598
83.0	0.052101983652213864
83.125	0.04773532463107565
83.25	0.04185314343647102
83.375	0.0354975106599226
83.5	0.029669504920158712
83.625	0.025528392444962255
83.75	0.02359603365854304
83.875	0.023906757065724215
84.0	0.02624653674448158
84.125	0.030716164954895705
84.25	0.037263852854048464
84.375	0.04559424036586185
84.5	0.054850845171486806
84.625	0.06449290348960629
84.75	0.07352718921281703
84.875	0.0815099968780046
85.0	0.08792678671645376
85.125	0.09291803054696164
85.25	0.09635196721203136
85.375	0.09794260913767071
85.5	0.09763495018562116
85.625	0.09511894430267799
85.75	0.09035785187213097
85.875	0.08349821140362375
86.0	0.07487636343870192
86.125	0.06496026059230796
86.25	0.055167222737888676
86.375	0.04705561608774376
86.5	0.04116956442004456
86.625	0.036872266137499804
86.75	0.03496998715595707
86.875	0.03400987355328569
87.0	0.032341934770637126
87.125	0.029167127371288373
87.25	0.024403899527869193
87.375	0.017870674289678538
87.5	0.008055351589901552
87.625	-0.0032397877808579534
87.75	-0.016106086776647835
87.875	-0.029176979243769517
88.0	-0.0409476959636974
88.125	-0.04898093696347654
88.25	-0.051334367837633246
88.375	-0.046093842065646914
88.5	-0.032943342585450376
88.625	-0.013837050381619205
88.75	0.009226866345226025
88.875	0.03334511428900269
89.0	0.05646079154411337
89.125	0.07685237715170654
89.25	0.09352584300052089
89.375	0.10653063379743342
89.5	0.11490822087359961
89.625	0.11844491410341684
89.75	0.11706110914452163
89.875	0.11147830116183455
90.0	0.10322496358777783
90.125	0.09436586217311234
90.25	0.08685889136146183
90.375	0.08274150590880827
90.5	0.08226717951551059
90.625	0.08574056715029948
90.75	0.09098995536223808
90.875	0.0969270102878078
91.0	0.10124613351024042
91.125	0.10268940293282902
91.25	0.10004573851090152
91.375	0.0935638849009136
91.5	0.08323262477978284
91.625	0.07009371469490477
91.75	0.05495309332214372
91.875	0.040257908637485296
92.0	0.025306138411679165
92.125	0.011776997418363074
92.25	-0.001838814085857936
92.375	-0.013610778822670687
92.5	-0.025916712571971486
92.625	-0.03604519132670779
92.75	-0.04472588738279061
92.875	-0.052192923690349224
93.0	-0.0594007625840928
93.125	-0.06167951800858473
93.25	-0.05953195027212761
93.375	-0.049601327699715425
93.5	-0.041664882660207375
93.625	-0.02056732569156715
93.75	0.0010128033094509907
93.875	0.02469946168114415
94.0	0.045507976472076654
94.125	0.06422487984222976
94.25	0.08253845973619543
94.375	0.09232148906391088
94.5	0.10037575967118005
94.625	0.1076964861460662
94.75	0.11135453044182861
94.875	0.11231026528011515
95.0	0.10914217138285934
95.125	0.10517929225062551
95.25	0.10109995966002025
95.375	0.09715507758853534
95.5	0.09593997547770272
95.625	0.09555243523353768
95.75	0.09793478138358357
95.875	0.1006321358841218
96.0	0.10371843346591625
96.125	0.10691534236296177
96.25	0.11139452455168754
96.375	0.11809813508838249
96.5	0.12790926003406353
96.625	0.1387300391626028
96.75	0.1496598685063211
96.875	0.15789784319008074
97.0	0.16313477426794915
97.125	0.16477743993128988
97.25	0.16481818516863334
97.375	0.1643288004448729
97.5	0.1642483206596237
97.625	0.163330045811824
97.75	0.16161594641952245
97.875	0.15690474140877653
98.0	0.149400307730648
98.125	0.1391469992877214
98.25	0.12805582913294927
98.375	0.11722449079945302
98.5	0.10789317887513629
98.625	0.1006895823546811
98.75	0.09607918637967075
98.875	0.0921219776857451
99.0	0.0890915295748125
99.125	0.08527390216787345
99.25	0.08153569465968862
99.375	0.0778510587917905
99.5	0.07527600264942022
99.625	0.07404559018118018
99.75	0.07474649834124487
99.875	0.07695646066916395
100.0	0.08108273753633727
100.125	0.08682253035252922
100.25	0.09468753994506189
100.375	0.10474671067860868
100.5	0.11560464263673909
100.625	0.12736809954594308
100.75	0.13888861272843864
100.875	0.14904149341725503
101.0	0.15753168469331935
101.125	0.1641230493084226
101.25	0.16924443250269297
101.375	0.17286919747058394
101.5	0.17501690022652883
101.625	0.17686026523635726
101.75	0.1777803001337693
101.875	0.17744920796980992
102.0	0.17445484281261028
102.125	0.167416468854003
102.25	0.15519083288986155
102.375	0.13673090032823093
102.5	0.11229637304116413
102.625	0.08175319944385018
102.75	0.04716864137932997
102.875	0.009841315298622548
103.0	-0.028067489361680097
103.125	-0.06491437850574884
103.25	-0.09893553984760249
103.375	-0.12838215949676823
103.5	-0.151607070138972
103.625	-0.1672294098001707
103.75	-0.17397233580106608
103.875	-0.17203903048276453
104.0	-0.16094089526187028
104.125	-0.14224734194644278
104.25	-0.1170210399791041
104.375	-0.08760017857890089
104.5	-0.0561335006241561
104.625	-0.024065352888182907
104.75	0.0075872415694020244
104.875	0.038136781459573915
105.0	0.06722464505466656
105.125	0.09363440533522523
105.25	0.1167646085914391
105.375	0.1343851127721316
105.5	0.1458331193455114
105.625	0.15073033367759112
105.75	0.15034996567825518
105.875	0.14562407618224685
106.0	0.1381869677342251
106.125	0.12887127239839447
106.25	0.11882112276007276
106.375	0.10776351450743575
106.5	0.09633571855288853
106.625	0.08375014416222952
106.75	0.0692813838323294
106.875	0.05174081799967261
107.0	0.031913467053100567
107.125	0.010213523844126169
107.25	-0.011940317516662817
107.375	-0.03280389539187802
107.5	-0.05084677538326718
107.625	-0.06570038438884646
107.75	-0.07868919567640992
107.875	-0.09095784842700903
108.0	-0.10261631604271026
108.125	-0.11540880378229144
108.25	-0.12779711410004135
108.375	-0.1391959229131569
108.5	-0.1477206173769557
108.625	-0.15158037376578132
108.75	-0.1510151989073773
108.875	-0.14659022300727678
109.0	-0.13823603701813653
109.125	-0.12588520355030097
109.25	-0.10982084111928823
109.375	-0.09017023177430038
109.5	-0.0678779108861666
109.625	-0.044834800197063054
109.75	-0.02303021751310717
109.875	-0.003525268101814353
110.0	0.013037992141500051
110.125	0.025771803490741124
110.25	0.034464883671893445
110.375	0.0385708762818335
110.5	0.03795737475529034
110.625	0.03301253954998586
110.75	0.02499372718859366
110.875	0.015450667879676324
111.0	0.005637457153978195
111.125	-0.0032657623242244864
111.25	-0.010561924235692575
111.375	-0.0166657153923083
111.5	-0.022448691999346407
111.625	-0.028476372054787466
111.75	-0.0349152852511905
111.875	-0.04126958893814224
112.0	-0.046881067776779715
112.125	-0.05158291995581067
112.25	-0.055431599845519826
112.375	-0.05945584720571502
112.5	-0.0640829116310493
112.625	-0.07041861752073295
112.75	-0.07845677542297555
112.875	-0.08820259378279686
113.0	-0.09884208082755645
113.125	-0.1091914024346371
113.25	-0.11806852065282478
113.375	-0.12472212165603402
113.5	-0.12912380055714
113.625	-0.13123263932836096
113.75	-0.1301185315084652
113.875	-0.1260814325884864
114.0	-0.1191213492080919
114.125	-0.10907141676031619
114.25	-0.09698275223426762
114.375	-0.08258164957983313
114.5	-0.06583747626099849
114.625	-0.04680729280473609
114.75	-0.024474864581216067
114.875	-0.003208988608552888
115.0	0.017130666248921754
115.125	0.03462168668951835
115.25	0.0483100613879021
115.375	0.06070090087648541
115.5	0.06915735763306252
115.625	0.0761148543742937
115.75	0.08134491134885949
115.875	0.08519414952296525
116.0	0.08853816189744372
116.125	0.08706690129104877
116.25	0.08345654188227615
116.375	0.07696987648846303
116.5	0.06815016065007645
116.625	0.057022414507921136
116.75	0.04487776845663017
116.875	0.032966890069033104
117.0	0.02142383148992882
117.125	0.010870142311844862
117.25	0.00209300975673079
117.375	-0.005807465398132901
117.5	-0.013121359108684647
117.625	-0.02001576520146855
117.75	-0.026096679493712544
117.875	-0.031716799875988834
118.0	-0.03744721853150618
118.125	-0.043661085759771484
118.25	-0.05050180419336071
118.375	-0.05759082283912429
118.5	-0.06420316783811342
118.625	-0.07025686167342042
118.75	-0.0747131039775802
118.875	-0.07743235326475893
119.0	-0.07772799536420637
119.125	-0.07540895795053608
119.25	-0.0697248652735585
119.375	-0.06071651763100498
119.5	-0.04863151380812721
119.625	-0.034558655990043034
119.75	-0.01901231556634538
119.875	-0.003578989101372667
120.0	0.01131863225746812
120.125	0.024510030377951058
120.25	0.037029425801170766
120.375	0.048321265218054854
120.5	0.05888251696929398
120.625	0.06731894684820305
120.75	0.0733512809566921
120.875	0.07627792239786474
121.0	0.07591896164528093
121.125	0.07256006300837084
121.25	0.06718941282993246
121.375	0.06107763919094685
121.5	0.05479868950776887
121.625	0.04826456211338069
121.75	0.04232998320826474
121.875	0.03658318732464832
122.0	0.030399130019256197
122.125	0.023118718928320386
122.25	0.015935721688260192
122.375	0.008580955045390835
122.5	0.0022539563926572905
122.625	-0.0027918470029220438
122.75	-0.005658503419574555
122.875	-0.006364145721640672
123.0	-0.00660923619509258
123.125	-0.0063655856543775495
123.25	-0.006674069923503029
123.375	-0.007618621180289125
123.5	-0.009429369798944248
123.625	-0.011200706078211487
123.75	-0.012665625892067715
123.875	-0.014347114294843073
124.0	-0.01702691573689596
124.125	-0.021156741164099758
124.25	-0.028320367359906153
124.375	-0.03854945959610242
124.5	-0.05202620698032446
124.625	-0.06767391917059255
124.75	-0.08410554981281572
124.875	-0.09907153329489192
125.0	-0.1105208208346055
125.125	-0.1171775266137371
125.25	-0.11859168444243266
125.375	-0.11482166847004019
125.5	-0.10752347489396617
125.625	-0.09887622870238558
125.75	-0.09119916533862323
125.875	-0.08590671058396708
126.0	-0.0834292127643886
126.125	-0.08347546355607087
126.25	-0.08548136345088994
126.375	-0.08826395963813542
126.5	-0.09153398269416782
126.625	-0.09485501349695452
126.75	-0.09798857403728728
126.875	-0.09980226296982803
127.0	-0.0989722737492874
127.125	-0.0947783009286723
127.25	-0.08622874623144075
127.375	-0.07421845420532876
127.5	-0.06112855371212554
127.625	-0.04959879343580039
127.75	-0.04177361666276972
127.875	-0.03918732594155343
128.0	-0.042453050074699815
128.125	-0.05037641208017855
128.25	-0.06006363613532293
128.375	-0.06922534560092984
128.5	-0.07411118110826463
128.625	-0.07314484155645555
128.75	-0.06736577925548913
128.875	-0.05719322177922666
129.0	-0.04381001876738179
129.125	-0.02927106916699388
129.25	-0.014514672030461319
129.375	-0.0017764359199617802
129.5	0.008411112395794004
129.625	0.015286089186083351
129.75	0.01987411827963215
129.875	0.022740704705173632
130.0	0.024608484494021907
130.125	0.02526938403511812
130.25	0.025188283511738983
130.375	0.023868048662232674
130.5	0.021137405284963936
130.625	0.01680841831917449
130.75	0.011562803875205453
130.875	0.005908509269901133
131.0	0.0008349975729338169
131.125	-0.002535282801209732
131.25	-0.0032570655754064043
131.375	-0.0019026716443961888
131.5	0.0013471285919615448
131.625	0.005703159450583691
131.75	0.010286146537775888
131.875	0.013599776103988308
132.0	0.014583019623278846
132.125	0.01236510911937851
132.25	0.00636561916013272
132.375	-0.0026082525680188834
132.5	-0.012385434318226217
132.625	-0.02047535796105529
132.75	-0.025292935168990033
132.875	-0.02637671843056902
133.0	-0.023943368435371894
133.125	-0.018928079398232555
133.25	-0.012029205492643068
133.375	-0.0038985384902998966
133.5	0.005237496374201593
133.625	0.014636376039879153
133.75	0.02336691564867445
133.875	0.029900894055671492
134.0	0.03292188318418259
134.125	0.03152062354239015
134.25	0.02538557432026059
134.375	0.015134382030662264
134.5	0.002037399690969217
134.625	-0.011465090299624475
134.75	-0.02416440667211642
134.875	-0.03485629080601587
135.0	-0.04357394614458044
135.125	-0.04970873703691226
135.25	-0.05297063261720506
135.375	-0.05451384048773375
135.5	-0.05289239481453745
135.625	-0.048720127851175916
135.75	-0.04111738281596378
135.875	-0.030831765325439492
136.0	-0.017940741715570505
136.125	-0.003524393334605875
136.25	0.010961824927678493
136.375	0.02390164720803638
136.5	0.036357982467687344
136.625	0.046026024953672674
136.75	0.05402760346351078
136.875	0.060023807176314614
137.0	0.06285245088435498
137.125	0.06245400705553615
137.25	0.0578350466488655
137.375	0.04997213700841907
137.5	0.03842785458437285
137.625	0.02429284935513865
137.75	0.008646040208442498
137.875	-0.006840652494604622
138.0	-0.019813625603971274
138.125	-0.029074203750649275
138.25	-0.03394692288794245
138.375	-0.03503890186820708
138.5	-0.033941555534507506
138.625	-0.03212872313372796
138.75	-0.03122389777929412
138.875	-0.03251678502349254
139.0	-0.03731089217285976
139.125	-0.0452599073729588
139.25	-0.055755883667842746
139.375	-0.0677982496549935
139.5	-0.08074491926939456
139.625	-0.093541651444694
139.75	-0.10535388700453185
139.875	-0.11585518647680466
140.0	-0.12434866263956072
140.125	-0.13062011319737024
140.25	-0.13453763690604403
140.375	-0.13585035085182579
140.5	-0.13434363177945952
140.625	-0.12996599404532935
140.75	-0.12350764690039977
140.875	-0.11570671762486914
141.0	-0.10716201811828867
141.125	-0.0981669627671716
141.25	-0.08856401111167075
141.375	-0.07808226082348917
141.5	-0.06628390923342552
141.625	-0.05300256720065114
141.75	-0.039332921178054446
141.875	-0.027064980927488453
142.0	-0.01838020590719582
142.125	-0.015162754565088697
142.25	-0.01892346603709344
142.375	-0.029336235805915524
142.5	-0.044692161977750305
142.625	-0.06318227718667328
142.75	-0.082747518841355
142.875	-0.10058752973039788
143.0	-0.11536303911473841
143.125	-0.12624945698626
143.25	-0.1341465328062922
143.375	-0.13792692032673884
143.5	-0.14021376375553757
143.625	-0.1428572100671389
143.75	-0.145821506200707
143.875	-0.1514718737857508
144.0	-0.15935857014542967
144.125	-0.16834406816696568
144.25	-0.17740553834773484
144.375	-0.1835730161268877
144.5	-0.18375758356553645
144.625	-0.17568606745496618
144.75	-0.15924842231445185
144.875	-0.1336567638595342
145.0	-0.1022642381425329
145.125	-0.06810873815076039
145.25	-0.036113631130447105
145.375	-0.009728448416225664
145.5	0.009267297528065448
145.625	0.020077688108906443
145.75	0.024400838321026817
145.875	0.024821216702686336
146.0	0.024216187261040814
146.125	0.024581614233438135
146.25	0.02716171971571615
146.375	0.03208901103665628
146.5	0.03845904044792054
146.625	0.04474928567622827
146.75	0.04949766445191921
146.875	0.05076145479349977
147.0	0.04712012995687841
147.125	0.03738773221043617
147.25	0.021763099218633838
147.375	0.0008481448939891969
147.5	-0.023357355070901895
147.625	-0.04860859473625392
147.75	-0.07260912746806812
147.875	-0.09362976255840581
148.0	-0.11033478597146297
148.125	-0.12197041882738442
148.25	-0.12839539007265274
148.375	-0.12962083262590068
148.5	-0.12711099136638568
148.625	-0.1220735504415418
148.75	-0.11540349007321499
148.875	-0.10726545869984384
149.0	-0.09764135171559259
149.125	-0.0863841471927673
149.25	-0.0723647526537094
149.375	-0.05596249068021304
149.5	-0.03900456822364999
149.625	-0.020904323802510946
149.75	-0.0032254717855037837
149.875	0.016643054879108613
150.0	0.03705172172965473
150.125	0.05963149806878191
150.25	0.08025796234681723
150.375	0.09553822233902862
150.5	0.10505887080832867
150.625	0.11023821825258147
150.75	0.11532611807827711
150.875	0.11921898997555816
151.0	0.1185195409420813
151.125	0.11057167331115197
151.25	0.09579216985980736
151.375	0.07736422668599328
151.5	0.05697247969684031
151.625	0.036932143440864096
151.75	0.019913103207441014
151.875	0.0044144456595868655
152.0	-0.0065202627837526155
152.125	-0.01483836329602617
152.25	-0.020704108965044533
152.375	-0.023373694799263108
152.5	-0.02434037955260604
152.625	-0.022844475113854817
152.75	-0.01988371057265352
152.875	-0.015248524741352923
153.0	-0.008913828836223157
153.125	-0.0025612153403355006
153.25	0.0029540301899812866
153.375	0.005729978341013393
153.5	0.00577072246783695
153.625	0.004951388618450516
153.75	0.0062880287027907225
153.875	0.014111057836218683
154.0	0.030740570389571183
154.125	0.05318193790365869
154.25	0.07607403618897984
154.375	0.09299103723535224
154.5	0.10140597450205367
154.625	0.09993687026381073
154.75	0.08882513594354617
154.875	0.06935606526212357
155.0	0.04329736251710842
155.125	0.013120762607859557
155.25	-0.016031366114171632
155.375	-0.0385478485964485
155.5	-0.04804575245978221
155.625	-0.04320145912139635
155.75	-0.026571277664472016
155.875	-0.008325540018093476
156.0	-0.0005109305628297869
156.125	-0.015869285961622657
156.25	-0.058721117409812444
156.375	-0.12714959682811072
156.5	-0.2128460255950474
156.625	-0.30348379083746574
156.75	-0.38720083419878054
156.875	-0.45250249693021677
157.0	-0.4925271246881629
157.125	-0.5040323869525343
157.25	-0.48406433130135174
157.375	-0.43833615243920987
157.5	-0.37495964176541224
157.625	-0.3066890555928734
157.75	-0.24631336456051214
157.875	-0.20465539274681133
158.0	-0.18662721369941004
158.125	-0.18774937852638526
158.25	-0.1986046922600054
158.375	-0.20868237401407544
158.5	-0.20777432976000781
158.625	-0.18883190327021032
158.75	-0.1495857675076214
158.875	-0.09372231212604917
159.0	-0.027117699617470906
159.125	0.04206226100270771
159.25	0.10669376579187893
159.375	0.16073416348269595
159.5	0.20002781235918715
159.625	0.22418610662672486
159.75	0.2355945571985524
159.875	0.23862261047224623
160.0	0.23764744276274113
160.125	0.2365972773479894
160.25	0.2385611708033362
160.375	0.24426780305203977
160.5	0.2536696822656932
160.625	0.26484045100153214
160.75	0.2760290379559236
160.875	0.28457974267934827
161.0	0.28859255414614743
161.125	0.2869360341810522
161.25	0.2793483278811172
161.375	0.266313490245707
161.5	0.24851188595138768
161.625	0.2270176468501264
161.75	0.20343278190299116
161.875	0.1786332925108564
162.0	0.15396371976810055
162.125	0.12943813164035203
162.25	0.10573353734945436
162.375	0.08245073438856167
162.5	0.0597951882197312
162.625	0.037608623539965934
162.75	0.016619213731308882
162.875	-0.002552840729743658
163.0	-0.018823089813059534
163.125	-0.031533370011338414
163.25	-0.039207890090573294
163.375	-0.04146372295981983
163.5	-0.03664687334194339
163.625	-0.024737379969286804
163.75	-0.004899003829443348
163.875	0.02080937950154942
164.0	0.050295103962353156
164.125	0.07903026315561748
164.25	0.10200462076815626
164.375	0.11539578385879101
164.5	0.11681363154641199
164.625	0.10500044714181622
164.75	0.08245796796553184
164.875	0.05272813479797474
165.0	0.01972246817333173
165.125	-0.01057994870602434
165.25	-0.035461153672510126
165.375	-0.05307242308485495
165.5	-0.06238586646082273
165.625	-0.06561208966358334
165.75	-0.06617902476010042
165.875	-0.06841522834532598
166.0	-0.07610888331705117
166.125	-0.09278269770710786
166.25	-0.12020609595084397
166.375	-0.15771249954907407
166.5	-0.20283624454630375
166.625	-0.2521666822172993
166.75	-0.30097353677570554
166.875	-0.34447084745823847
167.0	-0.37804930260146247
167.125	-0.3989031763246164
167.25	-0.4057975097746013
167.375	-0.3995351460114719
167.5	-0.3827095006658139
167.625	-0.35874328467848776
167.75	-0.33137738881207696
167.875	-0.3033405268910952
168.0	-0.27575652834528874
168.125	-0.24809484592462397
168.25	-0.21873160240673256
168.375	-0.1860913750274354
168.5	-0.14871932976752777
168.625	-0.10626418997886783
168.75	-0.0593730114778197
168.875	-0.010077502676053857
169.0	0.03934138055114373
169.125	0.08598681804531016
169.25	0.12690895266666002
169.375	0.1593594344666726
169.5	0.18098600070205437
169.625	0.1897233673187354
169.75	0.18529766818911977
169.875	0.16883640882984025
170.0	0.14452528765396058
170.125	0.11610492262002473
170.25	0.0878861097449635
170.375	0.06203286500425741
170.5	0.03907883911740092
170.625	0.01841989317731992
170.75	-0.0021855918871859646
170.875	-0.025424633601556047
171.0	-0.05205776238080346
171.125	-0.08163520119857921
171.25	-0.11051939725824701
171.375	-0.13719688019832346
171.5	-0.15974912615139988
171.625	-0.1781347069188822
171.75	-0.1917416292121483
171.875	-0.20124516359908254
172.0	-0.20571830023864562
172.125	-0.20666860429284095
172.25	-0.20176579430049285
172.375	-0.1895597256980047
172.5	-0.17258532595381182
172.625	-0.15004648956464858
172.75	-0.12354340403353921
172.875	-0.09570756483982966
173.0	-0.06652368110646552
173.125	-0.03721105486347614
173.25	-0.008019739384185086
173.375	0.02085881830869779
173.5	0.05059213589996476
173.625	0.07991606025270079
173.75	0.10758394077191381
173.875	0.13186280207223008
174.0	0.15220920480646927
174.125	0.16794998209790188
174.25	0.17910088973196628
174.375	0.18589821912441942
174.5	0.18813903749871042
174.625	0.18557929767487993
174.75	0.17773523911970354
174.875	0.16492331702929444
175.0	0.14851704559766424
175.125	0.1305256608396479
175.25	0.11327020721618562
175.375	0.09883129207388885
175.5	0.08819958740837346
175.625	0.08102730056227536
175.75	0.07613664477429352
175.875	0.07270630653631122
176.0	0.07168513469179397
176.125	0.07395395913129557
176.25	0.08141986647976243
176.375	0.09489332287935978
176.5	0.11315648702652673
176.625	0.13335441751598126
176.75	0.15214432124311622
176.875	0.16689436523118253
177.0	0.17683140716009188
177.125	0.1818044434760696
177.25	0.18406567964655493
177.375	0.18340905419486012
177.5	0.18008413157276157
177.625	0.1742986978939289
177.75	0.1660460399986523
177.875	0.15581983621946385
178.0	0.14399532922142083
178.125	0.1338487811491094
178.25	0.12617145139064387
178.375	0.12066133688713472
178.5	0.11522092162016451
178.625	0.11009386511075514
178.75	0.10463192623143165
178.875	0.10037414486026308
179.0	0.09665347465075168
179.125	0.09623839232793557
179.25	0.09854087144282365
179.375	0.1024244719131202
179.5	0.10596380080420004
179.625	0.10513174245586017
179.75	0.10226578032794477
179.875	0.09558881387630691
180.0	0.0876411832748049
180.125	0.07872959797450259
180.25	0.07232495398837997
180.375	0.06785441773991781
180.5	0.06362764728013216
180.625	0.057915701654187905
180.75	0.050694158900164224
180.875	0.040386642609825475
181.0	0.0289922587086637
181.125	0.019310247255467768
181.25	0.015040160753931562
181.375	0.01781546165624776
181.5	0.02807843622891503
181.625	0.044766164260960487
181.75	0.06437935112076643
181.875	0.08339786008595833
182.0	0.09915102261133193
182.125	0.11019798785212293
182.25	0.11662511253691919
182.375	0.11915971024945807
182.5	0.11863357264942635
182.625	0.11549057207379479
182.75	0.1093109225014642
182.875	0.10004329899881274
183.0	0.08708958790407191
183.125	0.07066399403739788
183.25	0.05097612894020067
183.375	0.02938356435235116
183.5	0.007551608047589049
183.625	-0.012776083897809725
183.75	-0.030146418656757448
183.875	-0.04298500194690103
184.0	-0.050992551478813056
184.125	-0.05433225871583001
184.25	-0.05390533211209627
184.375	-0.04966337364210782
184.5	-0.04287915221931312
184.625	-0.03416140247234704
184.75	-0.0233571321256333
184.875	-0.010085794909789352
185.0	0.005182218536037672
185.125	0.021351970527052136
185.25	0.03797073173437711
185.375	0.05435408895767706
185.5	0.06945412774514116
185.625	0.08328241493737162
185.75	0.09523671305432797
185.875	0.1054469671194733
186.0	0.1133262459749104
186.125	0.11870908004533935
186.25	0.12129316352605614
186.375	0.12126663523947923
186.5	0.11777430280162385
186.625	0.11141674499258761
186.75	0.10277668671572396
186.875	0.09415148355576888
187.0	0.08694954127537782
187.125	0.08205687278561091
187.25	0.0800743977148491
187.375	0.08043925880201207
187.5	0.08173848043059147
187.625	0.081742979835976
187.75	0.07981699766876894
187.875	0.07582663516284796
188.0	0.07098904487868563
188.125	0.06671482132510038
188.25	0.06414632442151705
188.375	0.06343112884770923
188.5	0.0632930605756327
188.625	0.06239524026913715
188.75	0.05993787419209377
188.875	0.05564945894419851
189.0	0.050924456580634256
189.125	0.04721042101288625
189.25	0.046223191052242305
189.375	0.04833514760376327
189.5	0.05372778578514902
189.625	0.06156740678143929
189.75	0.07065968551244298
189.875	0.07956941803169036
190.0	0.08806066911124755
190.125	0.09617375596523862
190.25	0.10410686726471673
190.375	0.1122115973953639
190.5	0.12065093051456828
190.625	0.12927194557140048
190.75	0.13767841545289866
190.875	0.145487030831862
191.0	0.15294216587380866
191.125	0.1607386517839103
191.25	0.16971507936973249
191.375	0.18017109985835766
191.5	0.19075962053880177
191.625	0.19985744278883055
191.75	0.20599409007856015
191.875	0.20822895382577464
192.0	0.20689531539397737
192.125	0.20197406875617477
192.25	0.19306539870355394
192.375	0.18169623732199494
192.5	0.16806961160615014
192.625	0.15306955210773182
192.75	0.13706207927774733
192.875	0.12081634872000291
193.0	0.1050579020518398
193.125	0.09133222696499096
193.25	0.08037310280854296
193.375	0.07232794580997776
193.5	0.06769277027176711
193.625	0.06635882440077535
193.75	0.06814229285147813
193.875	0.07301875888626326
194.0	0.08072979038025219
194.125	0.09044247544103459
194.25	0.10295630591915313
194.375	0.11722647718068824
194.5	0.13226155372417014
194.625	0.14584758063072442
194.75	0.15691592479421326
194.875	0.16485656966508402
195.0	0.1699959271952971
195.125	0.17249720291737558
195.25	0.17252276487248788
195.375	0.1698799509900905
195.5	0.1648262677760164
195.625	0.1578180018326453
195.75	0.14976048783891652
195.875	0.14181573937849448
196.0	0.1348572634208618
196.125	0.12892530381415768
196.25	0.12422018587178627
196.375	0.12044988414246255
196.5	0.11763634208609687
196.625	0.11483400327633878
196.75	0.11241914322400762
196.875	0.1101484680611592
197.0	0.10835763426858334
197.125	0.10658955039787398
197.25	0.10434375674469218
197.375	0.10108438704044614
197.5	0.09585802409229743
197.625	0.08834510122385204
197.75	0.07884374576305164
197.875	0.06832898349405792
198.0	0.05903470033508713
198.125	0.05255170041217217
198.25	0.05109707417140967
198.375	0.05501107272106291
198.5	0.06495902416328395
198.625	0.07985462284565914
198.75	0.09774251125172227
198.875	0.11615108396651402
199.0	0.13286023912307868
199.125	0.14644194505148436
199.25	0.155585257159624
199.375	0.15860941333132653
199.5	0.15470893407920064
199.625	0.14156573017963578
199.75	0.11954408727853001
199.875	0.08917416555785962
200.0	0.053263337978293364
200.125	0.015104346788266549
200.25	-0.02067115293087779
200.375	-0.051875471106677624
200.5	-0.07805592112126816
200.625	-0.1015990058317458
200.75	-0.12536564110913453
200.875	-0.1525628565523751
201.0	-0.185749310025393
201.125	-0.22356804425927954
201.25	-0.264696658158898
201.375	-0.3056684194949151
201.5	-0.34133469056768695
201.625	-0.36645546730221196
201.75	-0.37484691216989097
201.875	-0.3641078925985548
202.0	-0.33238704899813887
202.125	-0.28215312365737494
202.25	-0.22152478001669848
202.375	-0.16203544835278363
202.5	-0.11841903577066173
202.625	-0.10166281794314422
202.75	-0.11741554908006972
202.875	-0.16276915614541834
203.0	-0.22734706786550835
203.125	-0.2973568486572561
203.25	-0.358153427617625
203.375	-0.3985391145275265
203.5	-0.41169037707883027
203.625	-0.39591770688052524
203.75	-0.3542992960070048
203.875	-0.29368964474154224
204.0	-0.22381659064442153
204.125	-0.15520055261475793
204.25	-0.09798478902621229
204.375	-0.06026531099439553
204.5	-0.046240598590125914
204.625	-0.05499383176566557
204.75	-0.0810040606322717
204.875	-0.11639670892292635
205.0	-0.1535567452290472
205.125	-0.18579617665775858
205.25	-0.21030766134276585
205.375	-0.22643449617830105
205.5	-0.2356386525384511
205.625	-0.23869949785501826
205.75	-0.23663851169505545
205.875	-0.23047456802118763
206.0	-0.21993554640649363
206.125	-0.2044648352036897
206.25	-0.18461675943043585
206.375	-0.16085617705900784
206.5	-0.13489636943982666
206.625	-0.10732182145838512
206.75	-0.08139834984501018
206.875	-0.057443508766908964
207.0	-0.03741226427010961
207.125	-0.02217273507084104
207.25	-0.01341392206046948
207.375	-0.011010491278179864
207.5	-0.013991361607662844
207.625	-0.02248716848927498
207.75	-0.0333004460172807
207.875	-0.04586787572443205
208.0	-0.05915006854472099
208.125	-0.07324566126525411
208.25	-0.08837112054611321
208.375	-0.10461716763497916
208.5	-0.1225608143542709
208.625	-0.14105041761124715
208.75	-0.1599413398402788
208.875	-0.1778291017619667
209.0	-0.1942299177556134
209.125	-0.20806152718407622
209.25	-0.21859430200159857
209.375	-0.22406877019226407
209.5	-0.2238366346901931
209.625	-0.21731326604354137
209.75	-0.20515983151693304
209.875	-0.18822731045624086
210.0	-0.16814953234682778
210.125	-0.14653294481865836
210.25	-0.1241458782118769
210.375	-0.1022563283058171
210.5	-0.0824612888765217
210.625	-0.06555541977293118
210.75	-0.05239735564760801
210.875	-0.04291439962229006
211.0	-0.037418645172295074
211.125	-0.03482720492094554
211.25	-0.03416345758292522
211.375	-0.034171034250726845
211.5	-0.033737198333243276
211.625	-0.03257715290264079
211.75	-0.03155556425070411
211.875	-0.03062667879939375
212.0	-0.03143232269035069
212.125	-0.03442350244954782
212.25	-0.03975053020671907
212.375	-0.04571237396672853
212.5	-0.0515941725915015
212.625	-0.056448041896546876
212.75	-0.059755855198305265
212.875	-0.059829444291068186
213.0	-0.056826184199448244
213.125	-0.04790743843544751
213.25	-0.03632283226461702
213.375	-0.021979879298018538
213.5	-0.010906258610940679
213.625	-0.0041812935425763155
213.75	-0.004105929786853445
213.875	-0.0007721021771259992
214.0	0.008502020237817308
214.125	0.01198497049560826
214.25	-0.001500712335259895
214.375	0.004340375638725114
214.5	0.012056186164420996
214.625	0.0052409387216737794
214.75	0.006882970327064478
214.875	-0.003663853155454519
215.0	-0.0025953096046505593
215.125	-0.0003960926928991446
215.25	-0.003427574247844195
215.375	-0.008915595644065182
215.5	-0.01894949376010248
215.625	-0.026702811445921706
215.75	-0.03465357437488448
215.875	-0.04240060978871608
216.0	-0.04607661659740001
216.125	-0.046962648628648386
216.25	-0.04412705419466403
216.375	-0.03889876813162891
216.5	-0.032579891390988894
216.625	-0.02547004949785075
216.75	-0.018452409477257795
216.875	-0.011310249165834849
217.0	-0.003573524994840017
217.125	0.004442657008985393
217.25	0.012651279934761383
217.375	0.020796350581222332
217.5	0.029185710145820897
217.625	0.03938831148422952
217.75	0.051575908513817284
217.875	0.06634877190133268
218.0	0.08268271536650959
218.125	0.0989333568250978
218.25	0.1139794397485799
218.375	0.12670282298700206
218.5	0.13742222855172673
218.625	0.14679474641366527
218.75	0.15524057459633053
218.875	0.16270580109657917
219.0	0.1679508833693061
219.125	0.1700373221747499
219.25	0.16745265106295207
219.375	0.15892349342191414
219.5	0.14391110620471262
219.625	0.12275014182618006
219.75	0.09561199951591935
219.875	0.06415663116283557
220.0	0.03078806339331536
220.125	-0.0028654637204101408
220.25	-0.03464855859963195
220.375	-0.06441020473203334
220.5	-0.09068912988326842
220.625	-0.11500344683574412
220.75	-0.13724412943220607
220.875	-0.15633817246037637
221.0	-0.17156981248711983
221.125	-0.18254508732777364
221.25	-0.18856642185041178
221.375	-0.18986794933537154
221.5	-0.18782049612567225
221.625	-0.18447754013619388
221.75	-0.17843417092169284
221.875	-0.17041690613308233
222.0	-0.15995048884550708
222.125	-0.14702314244553935
222.25	-0.13142227815044857
222.375	-0.11394690553282448
222.5	-0.09578802023972531
222.625	-0.0776080663629493
222.75	-0.06031423060266311
222.875	-0.04452802652496733
223.0	-0.030192210745443024
223.125	-0.019083175151548296
223.25	-0.012283491604641993
223.375	-0.010615643381142835
223.5	-0.01372748919260121
223.625	-0.020874483547400267
223.75	-0.030609466393296647
223.875	-0.041522157781246606
224.0	-0.05225410825747123
224.125	-0.06216952224230959
224.25	-0.07112394776429935
224.375	-0.07937195226692094
224.5	-0.08726497140684734
224.625	-0.09478259755082287
224.75	-0.10182942412016427
224.875	-0.1076213422760046
225.0	-0.1107209815582401
225.125	-0.110279868313596
225.25	-0.105795393117171
225.375	-0.09896580163132629
225.5	-0.09198680200446832
225.625	-0.08765275653859042
225.75	-0.08852254193370643
225.875	-0.09583714664877438
226.0	-0.11042677375758381
226.125	-0.13077530663666143
226.25	-0.15421699040147951
226.375	-0.17786512009912503
226.5	-0.19796827178426227
226.625	-0.2116646175008335
226.75	-0.21563259802691098
226.875	-0.209235681701661
227.0	-0.19366901562498134
227.125	-0.17138621869117426
227.25	-0.14691710460853846
227.375	-0.12533285632156219
227.5	-0.11016983221974623
227.625	-0.10398424103135752
227.75	-0.10601008483827272
227.875	-0.1152104402629516
228.0	-0.12762401671814774
228.125	-0.14019552905385113
228.25	-0.1508784674324003
228.375	-0.15702543961970788
228.5	-0.15824439862754872
228.625	-0.15362707913369913
228.75	-0.14559809438418922
228.875	-0.13582692120926793
229.0	-0.12642520412568514
229.125	-0.12087827740090962
229.25	-0.11966766914901858
229.375	-0.12437302170048323
229.5	-0.13336416634477366
229.625	-0.14456762705928428
229.75	-0.15508386993179452
229.875	-0.1616816538757153
230.0	-0.16334573694333604
230.125	-0.1592492303877789
230.25	-0.1500321313659951
230.375	-0.13702364364192832
230.5	-0.12167664986209402
230.625	-0.10557090340949228
230.75	-0.08969502559678824
230.875	-0.07433088842539334
231.0	-0.06005744351911429
231.125	-0.04683441781818304
231.25	-0.03501545539867571
231.375	-0.024787792858173417
231.5	-0.016654384627316682
231.625	-0.011238064181616358
231.75	-0.00858589322055926
231.875	-0.00822476354398991
232.0	-0.009357381763501212
232.125	-0.010874337660203234
232.25	-0.01229965390610632
232.375	-0.012402032866987963
232.5	-0.011188479553442836
232.625	-0.008400409741258616
232.75	-0.0048129847938261725
232.875	-0.0004964172526548061
233.0	0.0037580537854495
233.125	0.006933115715792432
233.25	0.007710906527503547
233.375	0.0051910367958208975
233.5	-0.0011665565655364122
233.625	-0.01119596083972508
233.75	-0.024261238659388406
233.875	-0.039209606676922304
234.0	-0.05465863417987851
234.125	-0.06853408490219466
234.25	-0.0791851461567933
234.375	-0.08584534700246854
234.5	-0.0907766183625239
234.625	-0.09474746743083864
234.75	-0.09707168089071873
234.875	-0.09853522149703324
235.0	-0.09658224397300529
235.125	-0.09228954976833305
235.25	-0.08675406415437036
235.375	-0.07712974074368635
235.5	-0.06295626045786808
235.625	-0.04742389254448253
235.75	-0.03144836454703442
235.875	-0.01770292228239584
236.0	-0.006595155448624875
236.125	0.005770399648719354
236.25	0.016602101679195912
236.375	0.026439846738538105
236.5	0.03777989690277631
236.625	0.052566983961660305
236.75	0.06824691097272886
236.875	0.08350355616986556
237.0	0.09784258129552548
237.125	0.11264997249282681
237.25	0.1273744866070568
237.375	0.14136064499218262
237.5	0.1538532666036823
237.625	0.1637729740789091
237.75	0.17129946711832544
237.875	0.1750631691886231
238.0	0.1742948405358293
238.125	0.16856669777168837
238.25	0.15765952937663727
238.375	0.141923583815829
238.5	0.12200118801857655
238.625	0.09960299523780035
238.75	0.07618344829511049
238.875	0.05301634318974963
239.0	0.03179958370302803
239.125	0.013460857456549995
239.25	-0.001967700172359012
239.375	-0.014605456022895669
239.5	-0.025751027348305717
239.625	-0.03547565725307811
239.75	-0.04507087866951502
239.875	-0.0543798425240373
240.0	-0.063212037500027
240.125	-0.07099848378682438
240.25	-0.07685780921159331
240.375	-0.08047130517324655
240.5	-0.08164825185143089
240.625	-0.07969260752360433
240.75	-0.07468755289937243
240.875	-0.0662864285200878
241.0	-0.05556458412541907
241.125	-0.04337451741469408
241.25	-0.03053127340498122
241.375	-0.018249162898093356
241.5	-0.00636104037340754
241.625	0.004728753002145987
241.75	0.01644246187910859
241.875	0.02864122937899146
242.0	0.04118518400399867
242.125	0.05265609480395052
242.25	0.06188097000598616
242.375	0.06847794145669873
242.5	0.07085471572050221
242.625	0.06980327785294793
242.75	0.06636996226055
242.875	0.0616347882002773
243.0	0.05538835439932738
243.125	0.04612834939305772
243.25	0.03403558609159855
243.375	0.017169802449491272
243.5	-0.003526983699629917
243.625	-0.02887901147024419
243.75	-0.055570762918199575
243.875	-0.08313302279223597
244.0	-0.10991708990562267
244.125	-0.13497858964001633
244.25	-0.15711228487004064
244.375	-0.17560874339012406
244.5	-0.18969248316307244
244.625	-0.1987880297025944
244.75	-0.20179214308898552
244.875	-0.199599047372315
245.0	-0.19203710349766603
245.125	-0.17958912515845002
245.25	-0.1629475842102929
245.375	-0.14248923700555127
245.5	-0.11895127894688012
245.625	-0.09320407664776133
245.75	-0.06703618079918058
245.875	-0.04272083130535465
246.0	-0.022102396982846842
246.125	-0.006991513633688565
246.25	0.0024908235234897555
246.375	0.007385188523769698
246.5	0.009360921893774719
246.625	0.010455157334324068
246.75	0.011505299092298943
246.875	0.012814518441327085
247.0	0.014444458836887941
247.125	0.01605348403783959
247.25	0.017937400733153138
247.375	0.019611057799333916
247.5	0.020218020336594974
247.625	0.018993138960491256
