0.0	0.008039048102885254
0.0039100684261974585	0.018898364767060073
0.007820136852394917	0.018437299822946163
0.011730205278592375	0.048730925303860244
0.015640273704789834	0.02153341521179232
0.019550342130987292	0.00857695000394597
0.02346041055718475	0.032694563456326244
0.02737047898338221	0.010397140721204973
0.03128054740957967	0.0361395194595269
0.03519061583577713	0.01571944997549068
0.039100684261974585	0.011540318360435368
0.043010752688172046	0.023775900256847875
0.0469208211143695	0.020169584174671056
0.05083088954056696	0.034819044658874185
0.05474095796676442	0.026573682531430047
0.05865102639296188	0.03338718112169669
0.06256109481915934	0.03768804149218755
0.06647116324535679	0.02919218114257278
0.07038123167155426	0.03912864705302896
0.07429130009775171	0.006825775039807853
0.07820136852394917	0.01779377957983399
0.08211143695014662	0.014021820079585495
0.08602150537634409	0.01747768018970272
0.08993157380254155	0.009323841763134997
0.093841642228739	0.035155422183298896
0.09775171065493646	0.018998197999010043
0.10166177908113393	0.009100829625521938
0.10557184750733138	0.020228858409973727
0.10948191593352884	0.013793409945795995
0.11339198435972629	0.009421328953314186
0.11730205278592376	0.021055574749092507
0.12121212121212122	0.010403006644683103
0.12512218963831867	0.01817275458248982
0.12903225806451613	0.030038261524416694
0.13294232649071358	0.011139924109393552
0.13685239491691104	0.017301094471904296
0.14076246334310852	0.009984511578522396
0.14467253176930597	0.006251410758481901
0.14858260019550343	0.012225123713787589
0.15249266862170088	0.0177145823955369
0.15640273704789834	0.005754146761051643
0.1603128054740958	0.018319796362880943
0.16422287390029325	0.01098065888723828
0.1681329423264907	0.010871996821668176
0.17204301075268819	0.003042906251867755
0.17595307917888564	0.005673177289625979
0.1798631476050831	0.011320297877538344
0.18377321603128055	0.025338398737493672
0.187683284457478	0.017369543505995056
0.19159335288367546	0.015044144907007393
0.19550342130987292	0.007072257597505006
0.19941348973607037	0.013159727776306569
0.20332355816226785	0.027822224678565353
0.2072336265884653	0.023801460312241417
0.21114369501466276	0.004937979457750626
0.21505376344086022	0.005310775573248833
0.21896383186705767	0.02371685737320752
0.22287390029325513	0.03040671613463348
0.22678396871945258	0.016312189735077115
0.23069403714565004	0.014418197125631343
0.23460410557184752	0.005633488824136351
0.23851417399804498	0.012904018410175638
0.24242424242424243	0.003301478274447131
0.24633431085043989	0.015415061832350982
0.25024437927663734	0.010776981921292079
0.2541544477028348	0.0028969203560737303
0.25806451612903225	0.016603891936291477
0.2619745845552297	0.020398542720084976
0.26588465298142716	0.013014737887142433
0.2697947214076246	0.007215060571232207
0.27370478983382207	0.003234373250710725
0.2776148582600195	0.008622337550902257
0.28152492668621704	0.008085334244420688
0.2854349951124145	0.009577318885097046
0.28934506353861195	0.0048304810811308435
0.2932551319648094	0.0011837447057428806
0.29716520039100686	0.003149096343385385
0.3010752688172043	0.0013015631590416823
0.30498533724340177	0.004030715642415774
0.3088954056695992	0.001206212493736501
0.3128054740957967	0.0052644084566101325
0.31671554252199413	0.0025766703075943416
0.3206256109481916	0.0038378533690483743
0.32453567937438904	0.006230661951234846
0.3284457478005865	0.003988109456706769
0.33235581622678395	0.003871318485467341
0.3362658846529814	0.004660219766894977
0.34017595307917886	0.0004992728123205587
0.34408602150537637	0.006572105615002591
0.3479960899315738	0.006556679424890283
0.3519061583577713	0.0021925948001760114
0.35581622678396874	0.0043455494745660616
0.3597262952101662	0.005737719927000565
0.36363636363636365	0.004787044607553147
0.3675464320625611	0.009735802121777557
0.37145650048875856	0.003718090643616703
0.375366568914956	0.00625827919826743
0.37927663734115347	0.00606416739086489
0.3831867057673509	0.005121615775171666
0.3870967741935484	0.005771809389943935
0.39100684261974583	0.006002466997667264
0.3949169110459433	0.004060660479931133
0.39882697947214074	0.005085607373916971
0.4027370478983382	0.0024034212536918455
0.4066471163245357	0.0009005453093976708
0.41055718475073316	0.005621023880948367
0.4144672531769306	0.0038527388473003727
0.41837732160312807	0.0035774515971479623
0.4222873900293255	0.002802647375616385
0.426197458455523	0.003095740692416413
0.43010752688172044	0.0047562441243899365
0.4340175953079179	0.0013116852092298452
0.43792766373411535	0.0032803837275951486
0.4418377321603128	0.007181319022347138
0.44574780058651026	0.002441323199699865
0.4496578690127077	0.0038718627557373375
0.45356793743890517	0.0024217052532435656
0.4574780058651026	0.000598189362564994
0.4613880742913001	0.00155259551290656
0.46529814271749753	0.002912155559633081
0.46920821114369504	0.0021781604531371577
0.4731182795698925	0.00724320995921992
0.47702834799608995	0.0005334904921727409
0.4809384164222874	0.004287535093825739
0.48484848484848486	0.0043899235170752485
0.4887585532746823	0.003910435749604105
0.49266862170087977	0.004177986194750313
0.4965786901270772	0.005886577841315285
0.5004887585532747	0.003036160699919104
0.5043988269794721	0.005104536855385798
0.5083088954056696	0.005208964810990327
0.512218963831867	0.004569711402670082
0.5161290322580645	0.003548703137440163
0.520039100684262	0.004746995606300433
0.5239491691104594	0.0020359743950165783
0.5278592375366569	0.003325763563899681
0.5317693059628543	0.007158497399967045
0.5356793743890518	0.003040182464860304
0.5395894428152492	0.009828658383279601
0.5434995112414467	0.0035536071924431928
0.5474095796676441	0.005036401491811521
0.5513196480938416	0.0009789999788663397
0.555229716520039	0.003302888410312194
0.5591397849462365	0.004517768360970099
0.5630498533724341	0.005705822925604636
0.5669599217986315	0.00546472461209386
0.570869990224829	0.006224587407329469
0.5747800586510264	0.005264724170772138
0.5786901270772239	0.0075560086959255415
0.5826001955034213	0.0017348255861175377
0.5865102639296188	0.0049667861054371746
0.5904203323558163	0.003861132255738038
0.5943304007820137	0.0037255178644729206
0.5982404692082112	0.004525269984358434
0.6021505376344086	0.010733945702994694
0.6060606060606061	0.0035828297685539965
0.6099706744868035	0.007916009509068291
0.613880742913001	0.0032904576137684285
0.6177908113391984	0.002568776892079431
0.6217008797653959	0.0042581642840934
0.6256109481915934	0.005138616027334965
0.6295210166177908	0.0022713765910457495
0.6334310850439883	0.007468382757189941
0.6373411534701857	0.004085858948995629
0.6412512218963832	0.003079493381841082
0.6451612903225806	0.007141584904398629
0.6490713587487781	0.0029258523096562334
0.6529814271749755	0.0042957152898622526
0.656891495601173	0.0028699142239145057
0.6608015640273704	0.004749026345518886
0.6647116324535679	0.0017422834151381637
0.6686217008797654	0.006085637413290924
0.6725317693059628	0.0038255754032888592
0.6764418377321603	0.0039158487643263535
0.6803519061583577	0.0028282176046372175
0.6842619745845552	0.0030638760999173935
0.6881720430107527	0.0013190769306134175
0.6920821114369502	0.004216432876793284
0.6959921798631477	0.001511088926636882
0.6999022482893451	0.0026409734420965517
0.7038123167155426	0.0039465405280083065
0.70772238514174	0.0026387487770192586
0.7116324535679375	0.0023192341209696357
0.7155425219941349	0.003478915072943761
0.7194525904203324	0.001358427779503023
0.7233626588465298	0.002130254866518353
0.7272727272727273	0.0027010925048821708
0.7311827956989247	0.0019115697990233446
0.7350928641251222	0.002870811517079849
0.7390029325513197	0.0025297777202619967
0.7429130009775171	0.0016215097614119358
0.7468230694037146	0.0017185958815419643
0.750733137829912	0.00184175527315308
0.7546432062561095	0.0009879882302014835
0.7585532746823069	0.0013675526350490632
0.7624633431085044	0.0011782827366952405
0.7663734115347018	0.0016545597466817961
0.7702834799608993	0.001322166944173172
0.7741935483870968	0.0017507407834706596
0.7781036168132942	0.000683937436790334
0.7820136852394917	0.0018967341137148081
0.7859237536656891	0.00038903662040906597
0.7898338220918866	0.001020322914575601
0.793743890518084	0.0009351575547498227
0.7976539589442815	0.00039518146838031287
0.8015640273704789	0.0010123344502755247
0.8054740957966764	0.0012450581941234045
0.8093841642228738	0.001187917867322328
0.8132942326490714	0.0008755948580271672
0.8172043010752689	0.000509373426314023
0.8211143695014663	0.0011268124178564559
0.8250244379276638	0.0004700744584182094
0.8289345063538612	0.0007900075100144487
0.8328445747800587	0.00046623433839953105
0.8367546432062561	0.001104998316120777
0.8406647116324536	0.0009512260998691926
0.844574780058651	0.0004058872604639778
0.8484848484848485	0.0002988727228652469
0.852394916911046	0.00032707573505228783
0.8563049853372434	0.0008853311900970118
0.8602150537634409	0.00029577808118595934
0.8641251221896383	0.0002646250818737649
0.8680351906158358	0.00031749800712195346
0.8719452590420332	0.0005752377874900433
0.8758553274682307	0.00047946125706699837
0.8797653958944281	0.0006422603922257702
0.8836754643206256	0.0008256722114718587
0.8875855327468231	0.00025797839610066975
0.8914956011730205	0.0006617809463518823
0.895405669599218	0.00039549764272601897
0.8993157380254154	0.0004632983549613272
0.9032258064516129	0.00012063192974265358
0.9071358748778103	0.0005755028634122669
0.9110459433040078	0.00034515363019130377
0.9149560117302052	0.00029328450912756887
0.9188660801564027	0.0003321588662712177
0.9227761485826002	0.00017669017813180286
0.9266862170087976	0.00043953089608245904
0.9305962854349951	0.0003445818994711871
0.9345063538611925	0.00033647988354072657
0.9384164222873901	0.0002356605935497307
0.9423264907135875	0.00032253415182371053
0.946236559139785	0.0003979887794509045
0.9501466275659824	0.0005780764952846887
0.9540566959921799	0.0002216517944710025
0.9579667644183774	9.514795189156052e-5
0.9618768328445748	0.00021086154363240638
0.9657869012707723	0.00010251284104569873
0.9696969696969697	0.00043850745041272424
0.9736070381231672	0.0002099294313924991
0.9775171065493646	0.0002697965552354889
0.9814271749755621	0.0003625711707369773
0.9853372434017595	2.1994081487167413e-5
0.989247311827957	0.0001942567049884857
0.9931573802541545	0.00039738292360047615
0.9970674486803519	0.0001741527061337243
1.0009775171065494	0.00021623259646411355
1.0048875855327468	0.0003260759470450487
1.0087976539589443	0.000463137857036624
1.0127077223851417	0.0004960442774045265
1.0166177908113392	0.00032295259090413036
1.0205278592375366	0.0001923149290348676
1.024437927663734	0.00012154444391370721
1.0283479960899315	0.0003198533746248187
1.032258064516129	0.0002017896234817711
1.0361681329423265	0.00026682183530804055
1.040078201368524	0.0001671981212740575
1.0439882697947214	0.00020971549225894232
1.0478983382209188	0.0001450201005993632
1.0518084066471163	0.0002748529097260441
1.0557184750733137	0.00012412741278273017
1.0596285434995112	0.00026523314219127744
1.0635386119257086	0.00029687626957205213
1.067448680351906	0.000135919948155054
1.0713587487781036	0.0002615450833417209
1.075268817204301	0.00032279059556200584
1.0791788856304985	0.00023055264389469033
1.083088954056696	0.0004084510406539871
1.0869990224828934	0.0002592012145684853
1.0909090909090908	5.257520339481684e-5
1.0948191593352883	0.00021687823274607604
1.0987292277614857	0.0002729458738137581
1.1026392961876832	9.015166341941489e-5
1.1065493646138806	0.00011621329339845395
1.110459433040078	0.00021057835916861903
1.1143695014662756	6.528188599893488e-5
1.118279569892473	0.00031797261725220077
1.1221896383186705	2.6878839594293323e-5
1.1260997067448681	0.00010309601481458413
1.1300097751710656	0.00019735652891898214
1.133919843597263	0.0001618042039433461
1.1378299120234605	0.0001383893000462701
1.141739980449658	0.0002941680993484398
1.1456500488758554	0.00020822446379122167
1.1495601173020529	0.00017186086352678838
1.1534701857282503	0.00014354779954322953
1.1573802541544478	0.00021379844394771004
1.1612903225806452	0.00024759174280005017
1.1652003910068427	0.00016264430300171772
1.1691104594330402	5.751539492093514e-5
1.1730205278592376	0.00015966914969786218
1.176930596285435	0.00017092381011253317
1.1808406647116325	5.7322517552062565e-5
1.18475073313783	0.00020181929105099364
1.1886608015640274	0.00012508026972553958
1.1925708699902249	4.889082241956086e-5
1.1964809384164223	5.230574020039079e-5
1.2003910068426198	0.00015315652055870383
1.2043010752688172	6.436483120825714e-5
1.2082111436950147	0.00018593937525147658
1.2121212121212122	0.00015225790572934248
1.2160312805474096	4.4081176428160926e-5
1.219941348973607	0.00016284320127983178
1.2238514173998045	0.00013831576333849896
1.227761485826002	4.058856209458288e-5
1.2316715542521994	6.909317777862611e-5
1.2355816226783969	0.00014243903735302558
1.2394916911045943	3.0315820148635265e-5
1.2434017595307918	0.00010454510977892008
1.2473118279569892	0.00015350434735818063
1.2512218963831867	3.468825931101267e-5
1.2551319648093842	3.45935714557582e-5
1.2590420332355816	9.686783799265825e-5
1.262952101661779	3.7453267981976394e-5
1.2668621700879765	8.734743342386216e-5
1.270772238514174	7.98609972660144e-5
1.2746823069403714	8.529289110198494e-5
1.278592375366569	5.4569485319618036e-5
1.2825024437927663	3.48016709354838e-5
1.2864125122189638	6.368661381880454e-5
1.2903225806451613	4.31093242445997e-5
1.2942326490713587	1.901132226898543e-5
1.2981427174975562	7.274794841551789e-5
1.3020527859237536	4.823268058470348e-5
1.305962854349951	6.34743728450038e-5
1.3098729227761485	4.413914699693924e-5
1.313782991202346	1.5090201329332413e-5
1.3176930596285434	3.769602534358767e-5
1.321603128054741	2.9884476430615266e-5
1.3255131964809383	2.7784049532634098e-5
1.3294232649071358	2.5636531694171692e-5
1.3333333333333333	6.959099460065236e-5
1.3372434017595307	1.7955205227374703e-5
1.3411534701857282	4.9099814047568075e-5
1.3450635386119256	1.2232893866293636e-5
1.348973607038123	3.2557027302046203e-5
1.3528836754643205	6.611620575818297e-5
1.356793743890518	9.460473785482634e-6
1.3607038123167154	4.323843296818998e-5
1.364613880742913	3.996480616561667e-5
1.3685239491691104	4.4629452067222505e-5
1.3724340175953078	5.722266462441701e-5
1.3763440860215055	6.0690070211418226e-5
1.380254154447703	6.522729550854689e-5
1.3841642228739004	4.7999484265255364e-5
1.3880742913000979	3.3312795866027644e-5
1.3919843597262953	4.4314730900747975e-5
1.3958944281524928	5.6220509720927684e-5
1.3998044965786902	6.115595991673282e-5
1.4037145650048877	6.558164521679549e-5
1.4076246334310851	4.407208330409743e-5
1.4115347018572826	1.4031324265460862e-5
1.41544477028348	7.121679436069406e-6
1.4193548387096775	3.112462511385465e-5
1.423264907135875	3.9450633082416775e-5
1.4271749755620724	3.2855881199378606e-5
1.4310850439882699	3.902992200770128e-5
1.4349951124144673	5.590068652795051e-6
1.4389051808406648	5.222352148269883e-6
1.4428152492668622	2.4470015836621783e-5
1.4467253176930597	5.4742992680512164e-5
1.4506353861192571	4.016191950632092e-6
1.4545454545454546	2.1925715690288118e-5
1.458455522971652	8.49853645763351e-6
1.4623655913978495	5.7725889071033707e-5
1.466275659824047	6.068436871118131e-5
1.4701857282502444	5.258986498746136e-5
1.4740957966764419	5.933146912446288e-5
1.4780058651026393	3.273361452456255e-5
1.4819159335288368	1.1277617066180848e-5
1.4858260019550342	3.2647749698192484e-5
1.4897360703812317	5.74232081233057e-5
1.4936461388074291	0.00010595950674774838
1.4975562072336266	5.953284189832633e-5
1.501466275659824	6.022340993760118e-5
1.5053763440860215	1.586770970615152e-5
1.509286412512219	1.917493509775863e-5
1.5131964809384164	5.915583263563964e-5
1.5171065493646139	5.9267971329675336e-5
1.5210166177908113	5.5735921997141775e-5
1.5249266862170088	7.53611509757422e-5
1.5288367546432062	2.7881846889816548e-5
1.5327468230694037	1.5508787804753254e-5
1.5366568914956011	7.562287407877693e-6
1.5405669599217986	2.5310203963372477e-5
1.544477028347996	5.79643698203015e-5
1.5483870967741935	1.2174703710147836e-5
1.552297165200391	3.2938942518518793e-5
1.5562072336265884	3.686866344863362e-5
1.5601173020527859	4.2303950651424664e-5
1.5640273704789833	5.2190118829775494e-5
1.5679374389051808	3.86756408511131e-5
1.5718475073313782	4.824412503224199e-5
1.5757575757575757	2.6972109894737016e-5
1.5796676441837731	2.731772428370922e-5
1.5835777126099706	2.8649861482024663e-5
1.587487781036168	7.87020206359435e-5
1.5913978494623655	5.48969539363144e-5
1.595307917888563	3.207902819380256e-5
1.5992179863147604	2.856320672743053e-5
1.6031280547409579	2.0636445215456878e-5
1.6070381231671553	6.982413775873571e-5
1.6109481915933528	7.620618322573237e-5
1.6148582600195502	8.168727402996458e-5
1.6187683284457477	8.236682239249512e-5
1.6226783968719452	4.776700023049741e-5
1.6265884652981428	1.1241742674007473e-5
1.6304985337243403	1.719617013097339e-5
1.6344086021505377	4.159626673212766e-5
1.6383186705767352	5.788693081071468e-5
1.6422287390029326	5.228647326803803e-5
1.64613880742913	4.311013011580443e-5
1.6500488758553276	2.6500387509512123e-5
1.653958944281525	3.038960349481922e-5
1.6578690127077225	4.3463062252948185e-5
1.66177908113392	4.614349671968779e-5
1.6656891495601174	6.589446381683538e-5
1.6695992179863148	5.456356084176722e-5
1.6735092864125123	2.662902402027591e-5
1.6774193548387097	2.1052206201536776e-5
1.6813294232649072	3.620648787162173e-5
1.6852394916911047	4.095272147551226e-5
1.689149560117302	4.159735579684005e-5
1.6930596285434996	8.783822717858584e-6
1.696969696969697	2.2564577418306355e-5
1.7008797653958945	4.765205878733071e-5
1.704789833822092	6.459830484934399e-5
1.7086999022482894	7.194551599062141e-5
1.7126099706744868	6.16130793293052e-5
1.7165200391006843	4.221322159348899e-5
1.7204301075268817	6.521728750174407e-6
1.7243401759530792	1.6257758672554772e-5
1.7282502443792767	2.54371531803772e-5
1.7321603128054741	5.530440513681598e-5
1.7360703812316716	6.376743942682308e-5
1.739980449657869	6.024154117492652e-5
1.7438905180840665	1.9604855796518833e-5
1.747800586510264	2.2531983182192193e-5
1.7517106549364614	6.510456577670334e-5
1.7556207233626588	5.893559409257098e-5
1.7595307917888563	7.587759383471037e-5
1.7634408602150538	7.007175837686454e-5
1.7673509286412512	3.724101444945795e-5
1.7712609970674487	2.5584758730231405e-5
1.7751710654936461	2.0399129989657217e-5
1.7790811339198436	2.8096016836125877e-5
1.782991202346041	2.6426103826782384e-5
1.7869012707722385	3.5459262803830896e-5
1.790811339198436	3.930551845542575e-5
1.7947214076246334	1.829616271764891e-5
1.7986314760508308	3.789133793778482e-5
1.8025415444770283	3.804463699858136e-5
1.8064516129032258	6.692641757430917e-5
1.8103616813294232	2.570098469720265e-5
1.8142717497556207	1.8005813699789695e-5
1.8181818181818181	1.3481896192204964e-5
1.8220918866080156	3.455054516712752e-5
1.826001955034213	5.910805241465912e-5
1.8299120234604105	4.342166340600275e-5
1.833822091886608	3.5528205558837485e-5
1.8377321603128054	2.8969430334911023e-5
1.8416422287390029	2.433220718454366e-5
1.8455522971652003	2.8144004895614798e-5
1.8494623655913978	5.4119581038174085e-5
1.8533724340175952	6.26024948015358e-5
1.8572825024437927	7.286229816929932e-5
1.8611925708699901	3.671904918497497e-5
1.8651026392961876	3.964920034938492e-5
1.869012707722385	2.2842041236612374e-5
1.8729227761485825	3.465045558011797e-5
1.8768328445747802	5.076006089677981e-5
1.8807429130009776	5.545022455378729e-5
1.884652981427175	4.170665377826013e-5
1.8885630498533725	3.2360660051634526e-5
1.89247311827957	2.5981107608633986e-5
1.8963831867057674	1.63224732887847e-5
1.900293255131965	4.589948558187793e-5
1.9042033235581624	4.3724206363036966e-5
1.9081133919843598	4.701732668468146e-5
1.9120234604105573	1.5798857877004386e-5
1.9159335288367547	1.8927332236020993e-5
1.9198435972629522	6.779237098545861e-6
1.9237536656891496	4.395022646517646e-5
1.927663734115347	3.2818756049276824e-5
1.9315738025415445	2.612636405245935e-5
1.935483870967742	2.730677437186267e-6
1.9393939393939394	3.8633561173344095e-5
1.943304007820137	4.528834157125906e-5
1.9472140762463344	6.050615843302482e-5
1.9511241446725318	3.7495490278597715e-5
1.9550342130987293	5.68483898851163e-5
1.9589442815249267	1.6310295053241955e-5
1.9628543499511242	9.654699312262247e-6
1.9667644183773216	3.9579374507194884e-5
1.970674486803519	5.181510601906187e-5
1.9745845552297165	5.550397418016207e-5
1.978494623655914	3.818224662732112e-5
1.9824046920821115	3.51837430487523e-5
1.986314760508309	2.7809056365376482e-5
1.9902248289345064	2.1035917208934733e-5
1.9941348973607038	4.127010780365785e-5
1.9980449657869013	5.853052078252525e-5
2.0019550342130987	3.9979203851553345e-5
2.005865102639296	4.3555362389677015e-5
2.0097751710654936	1.638429715502766e-5
2.013685239491691	9.598622098378501e-6
2.0175953079178885	3.0064028502277374e-5
2.021505376344086	3.407289571987513e-5
2.0254154447702835	2.303693369130445e-5
2.029325513196481	2.1562226382077338e-5
2.0332355816226784	3.4717279488180314e-5
2.037145650048876	1.3341552354459466e-5
2.0410557184750733	2.1997716754531435e-5
2.0449657869012707	2.804717715535351e-5
2.048875855327468	4.1474289212851973e-5
2.0527859237536656	7.510719956376531e-6
2.056695992179863	7.044334174705907e-6
2.0606060606060606	3.0425835300564988e-5
2.064516129032258	5.179063696883199e-5
2.0684261974584555	3.102158956797771e-5
2.072336265884653	4.4476382158455325e-5
2.0762463343108504	6.41064843464855e-6
2.080156402737048	1.4399667667192442e-5
2.0840664711632453	3.717034400036018e-5
2.0879765395894427	3.7081122333278516e-5
2.09188660801564	4.27609160849508e-5
2.0957966764418376	3.763976416871691e-5
2.099706744868035	2.634304092350011e-5
2.1036168132942326	2.657938004285284e-5
2.10752688172043	1.8640993311501653e-5
2.1114369501466275	3.940210884639661e-5
2.115347018572825	5.195579260482142e-5
2.1192570869990224	4.375568969808591e-5
2.12316715542522	4.418260440976485e-5
2.1270772238514173	2.640558063608215e-5
2.1309872922776147	3.725035269074272e-6
2.134897360703812	2.077642412175225e-5
2.1388074291300097	2.769113003381972e-5
2.142717497556207	3.4788958970955806e-5
2.1466275659824046	2.480735543145458e-5
2.150537634408602	8.108796055382682e-6
2.1544477028347995	1.4627564884577109e-5
2.158357771260997	3.898004995781745e-5
2.1622678396871944	2.6854483967024456e-5
2.166177908113392	1.7467987552188165e-5
2.1700879765395893	1.2161477531796797e-5
2.1739980449657867	2.6071763524093978e-5
2.177908113391984	1.3131406270668906e-5
2.1818181818181817	3.0722925174037615e-5
2.185728250244379	4.50249258297871e-5
2.1896383186705766	5.071352306964792e-5
2.193548387096774	2.5609706308379525e-5
2.1974584555229715	1.129719115315023e-5
2.201368523949169	3.526773219827849e-5
2.2052785923753664	3.3773597497364584e-5
2.209188660801564	4.76321678872385e-5
2.2130987292277613	4.3284359864481666e-5
2.2170087976539588	3.151316884552238e-5
2.220918866080156	3.883350258058145e-5
2.2248289345063537	1.6856057941404044e-5
2.228739002932551	1.3672436739088725e-5
2.2326490713587486	4.058115553102723e-5
2.236559139784946	2.7165327166681162e-5
2.2404692082111435	3.5694082130752415e-5
2.244379276637341	1.9281926157196847e-5
2.2482893450635384	1.0108599566994606e-5
2.2521994134897363	2.1775601755162607e-5
2.2561094819159337	2.995696750179847e-5
2.260019550342131	3.1298113923868803e-5
2.2639296187683287	2.755218250893273e-5
2.267839687194526	1.1864131024835294e-5
2.2717497556207236	6.783441278693914e-6
2.275659824046921	2.789569509924357e-5
2.2795698924731185	2.2292497521246534e-5
2.283479960899316	2.550280496860123e-5
2.2873900293255134	2.137829180036106e-5
2.291300097751711	6.844494234273173e-6
2.2952101661779083	8.378380085311549e-6
2.2991202346041058	4.318342597858959e-5
2.303030303030303	2.7683267722929738e-5
2.3069403714565007	4.2713752538923235e-5
2.310850439882698	3.1362948608586934e-5
2.3147605083088956	1.899142456833573e-5
2.318670576735093	2.5874881300762063e-5
2.3225806451612905	3.4969626216277804e-5
2.326490713587488	4.488795509978045e-5
2.3304007820136854	4.713061811027486e-5
2.334310850439883	2.5188600818636305e-5
2.3382209188660803	2.8306870508600814e-5
2.3421309872922778	7.2869776386880875e-6
2.346041055718475	9.398330936648335e-6
2.3499511241446727	3.664594384812556e-5
2.35386119257087	3.270267600253854e-5
2.3577712609970676	3.8741760074565814e-5
2.361681329423265	2.865707301915128e-5
2.3655913978494625	1.1516301810817626e-5
2.36950146627566	4.018778370386799e-6
2.3734115347018574	2.231109912469735e-5
2.377321603128055	1.8497521245034256e-5
2.3812316715542523	3.470932900923854e-5
2.3851417399804498	1.2389975779625838e-5
2.389051808406647	8.404980345300171e-6
2.3929618768328447	8.97211760707052e-6
2.396871945259042	2.5944915661354137e-5
2.4007820136852396	2.5449858571470294e-5
2.404692082111437	1.8448081915974773e-5
2.4086021505376345	1.126574208349843e-5
2.412512218963832	7.338350012330109e-6
2.4164222873900294	2.645032143947003e-5
2.420332355816227	2.7092684204790817e-5
2.4242424242424243	4.460619910091664e-5
2.4281524926686218	3.677119658485755e-5
2.432062561094819	2.27570404607179e-5
2.4359726295210167	1.0840585980331865e-5
2.439882697947214	1.4532298844483184e-5
2.4437927663734116	3.77302330160937e-5
2.447702834799609	4.9218338605557196e-5
2.4516129032258065	4.2365164290218554e-5
2.455522971652004	3.118323255924191e-5
2.4594330400782014	1.2044168983242511e-5
2.463343108504399	8.112054396882524e-6
2.4672531769305963	2.750083259879099e-5
2.4711632453567938	3.213892983411927e-5
2.4750733137829912	4.351205511160012e-5
2.4789833822091887	3.736381560629471e-5
2.482893450635386	2.4512773516490665e-5
2.4868035190615836	1.2330698344952636e-5
2.490713587487781	5.286646610706272e-6
2.4946236559139785	1.835048197775651e-5
2.498533724340176	2.9168881849025368e-5
2.5024437927663734	2.0575720936943372e-5
2.506353861192571	1.7893935656382467e-5
2.5102639296187683	1.2339422596604434e-5
2.5141739980449658	2.0247466167853872e-5
2.5180840664711632	2.1783994500871436e-5
2.5219941348973607	3.248223756038186e-5
2.525904203323558	1.230503115083104e-5
2.5298142717497556	5.319019459996653e-6
2.533724340175953	1.3104581203136896e-5
2.5376344086021505	1.9698867451674747e-5
2.541544477028348	3.0265264394749305e-5
2.5454545454545454	3.218719823248574e-5
2.549364613880743	2.9449020180274236e-5
2.5532746823069403	1.471773479419935e-5
2.557184750733138	1.54042431080975e-5
2.5610948191593352	2.8373921930714687e-5
2.5650048875855327	4.1177201921091313e-5
2.56891495601173	5.074916259095732e-5
2.5728250244379276	4.200220481093016e-5
2.576735092864125	2.763767221152574e-5
2.5806451612903225	1.5573998268952962e-5
2.58455522971652	1.6030498483854716e-5
2.5884652981427174	2.6119072975235994e-5
2.592375366568915	2.9988585256258595e-5
2.5962854349951123	3.3463104148718405e-5
2.60019550342131	2.376790335813818e-5
2.6041055718475072	1.5535582886044146e-5
2.6080156402737047	4.398809746666772e-6
2.611925708699902	1.6797630907303606e-5
2.6158357771260996	2.7437978367478868e-5
2.619745845552297	2.989924129999736e-5
2.6236559139784945	2.6545908247692208e-5
2.627565982404692	6.12631417028542e-6
2.6314760508308894	6.612578119492944e-6
2.635386119257087	1.738470000669788e-5
2.6392961876832843	2.3882800841505465e-5
2.643206256109482	1.7697320912854243e-5
2.6471163245356792	9.363003831087965e-6
2.6510263929618767	1.3325400047548983e-5
2.654936461388074	2.3782785656252092e-5
2.6588465298142716	2.610271842478111e-5
2.662756598240469	3.812814283647812e-5
2.6666666666666665	3.250744106051305e-5
2.670576735092864	2.2716977379748702e-5
2.6744868035190614	1.1157245583222085e-5
2.678396871945259	1.1252933433863405e-5
2.6823069403714563	2.6325481591982953e-5
2.686217008797654	4.023786771176667e-5
2.6901270772238512	4.175137311931368e-5
2.6940371456500487	3.422011174984245e-5
2.697947214076246	1.3753995646431737e-5
2.7018572825024436	1.0846043329158083e-5
2.705767350928641	2.1961557809139413e-5
2.7096774193548385	3.5505985300507084e-5
2.713587487781036	3.7550816567326375e-5
2.7174975562072334	3.416304146743275e-5
2.721407624633431	2.2887341077672924e-5
2.7253176930596283	1.1524846845290698e-5
2.729227761485826	2.605733227888919e-6
2.7331378299120233	1.258007773777058e-5
2.7370478983382207	2.5877836075813833e-5
2.740957966764418	2.510395203787786e-5
2.7448680351906156	1.7515036312092345e-5
2.748778103616813	8.276857247747706e-6
2.752688172043011	2.0782419846790572e-5
2.7565982404692084	2.363849802195647e-5
2.760508308895406	2.7517601495761565e-5
2.7644183773216033	2.430019184350143e-5
2.768328445747801	6.265789708687391e-6
2.7722385141739982	8.021938774746646e-6
2.7761485826001957	1.771612814014405e-5
2.780058651026393	2.9768338215174783e-5
2.7839687194525906	3.102543961375025e-5
2.787878787878788	2.521967433182346e-5
2.7917888563049855	1.2690495374617287e-5
2.795698924731183	1.0242450849644042e-5
2.7996089931573804	2.036392034964067e-5
2.803519061583578	3.395820635495066e-5
2.8074291300097753	4.398324340806528e-5
2.811339198435973	4.659624145285493e-5
2.8152492668621703	2.9971055312882673e-5
2.8191593352883677	1.978426083733695e-5
2.823069403714565	1.2117013593485307e-5
2.8269794721407626	2.575778469879258e-5
2.83088954056696	3.152074486843369e-5
2.8347996089931575	3.3464631029011234e-5
2.838709677419355	2.310150280069433e-5
2.8426197458455524	1.5895494491869502e-5
2.84652981427175	2.5540192625530823e-6
2.8504398826979473	1.0054544443388645e-5
2.854349951124145	2.3538600961725473e-5
2.8582600195503423	2.7349084441397514e-5
2.8621700879765397	2.7145235199925632e-5
2.866080156402737	1.6658137756493708e-5
2.8699902248289346	9.967010866902757e-6
2.873900293255132	1.119751287194818e-5
2.8778103616813295	2.4991534154887366e-5
2.881720430107527	2.4000522387999056e-5
2.8856304985337244	1.3290797982796887e-5
2.889540566959922	3.6273721427237733e-6
2.8934506353861194	2.517168888450713e-5
2.897360703812317	2.7281053991582034e-5
2.9012707722385143	3.434174834113717e-5
2.9051808406647117	3.793975004864204e-5
2.909090909090909	3.103884920270435e-5
2.9130009775171066	1.063187789196618e-5
2.916911045943304	7.702546040046298e-6
2.9208211143695015	2.084542638242467e-5
2.924731182795699	3.421555805631692e-5
2.9286412512218964	4.00025780103575e-5
2.932551319648094	3.930735721192339e-5
2.9364613880742914	1.892416896975831e-5
2.940371456500489	1.720305648003325e-5
2.9442815249266863	2.0392848988042988e-5
2.9481915933528837	3.038607517122028e-5
2.952101661779081	4.450278629459165e-5
2.9560117302052786	3.2612333868628374e-5
2.959921798631476	2.6125281238795447e-5
2.9638318670576735	1.3182028796251721e-5
2.967741935483871	4.22960355617272e-6
2.9716520039100685	1.1692868141168963e-5
2.975562072336266	2.055143120852599e-5
2.9794721407624634	2.240560939515991e-5
2.983382209188661	2.4379770790726437e-5
2.9872922776148583	1.0267811479263509e-5
2.9912023460410557	1.2723321869842084e-5
2.995112414467253	2.355209615318798e-5
2.9990224828934506	2.74965817865743e-5
3.002932551319648	3.037110071106959e-5
3.0068426197458455	1.526356920374578e-5
3.010752688172043	4.75249231234822e-6
3.0146627565982405	1.4561975433765945e-5
3.018572825024438	3.105028870945793e-5
3.0224828934506354	3.712161016731813e-5
3.026392961876833	3.0890494218435596e-5
3.0303030303030303	2.00871377703433e-5
3.0342130987292277	8.435911364893035e-6
3.038123167155425	1.9526581904932445e-5
3.0420332355816226	2.4529007862506583e-5
3.04594330400782	4.33376197337622e-5
3.0498533724340176	4.714823532188143e-5
3.053763440860215	3.2045567152009156e-5
3.0576735092864125	2.874486716966267e-5
3.06158357771261	1.0933040178064923e-5
3.0654936461388074	8.625682295655851e-6
3.069403714565005	3.673583817254074e-5
3.0733137829912023	4.042849990839677e-5
3.0772238514173997	3.213559327736941e-5
3.081133919843597	3.118960596516191e-5
3.0850439882697946	1.4390389340988926e-5
3.088954056695992	7.821164194269653e-6
3.0928641251221896	2.56557798991717e-5
3.096774193548387	2.505993427707961e-5
3.1006842619745845	3.0823617081504276e-5
3.104594330400782	2.0310255688956868e-5
3.1085043988269794	1.4009096820496129e-5
3.112414467253177	1.0502009107275371e-5
3.1163245356793743	2.6690628463197533e-5
3.1202346041055717	2.2467834895712657e-5
3.124144672531769	2.962247946738583e-5
3.1280547409579667	8.631716884038554e-6
3.131964809384164	1.648733370146582e-5
3.1358748778103616	2.887016054759744e-5
3.139784946236559	2.161031121832143e-5
3.1436950146627565	4.6791619799011424e-5
3.147605083088954	4.6837542263814024e-5
3.1515151515151514	2.2772521693609995e-5
3.155425219941349	1.1268878270815127e-5
3.1593352883675463	1.3130354070239262e-5
3.1632453567937437	3.03546529938664e-5
3.167155425219941	4.319587628022842e-5
3.1710654936461387	3.4989084962176244e-5
3.174975562072336	4.993163902871155e-5
3.1788856304985336	1.3738543172175398e-5
3.182795698924731	1.1936026716762072e-5
3.1867057673509285	2.6146837952937012e-5
3.190615835777126	1.8439781210391363e-5
3.1945259042033234	4.4573893960669015e-5
3.198435972629521	3.241569510452781e-5
3.2023460410557183	1.3569304575688192e-5
3.2062561094819158	1.563879758990014e-5
3.210166177908113	1.882397063410054e-5
3.2140762463343107	1.94122695471581e-5
3.217986314760508	2.281362963817498e-5
3.2218963831867056	1.3884200346721538e-5
3.225806451612903	3.3387016176733724e-5
3.2297165200391005	4.580196197593308e-6
3.233626588465298	2.6986937196338573e-5
3.2375366568914954	2.020729584760822e-5
3.241446725317693	3.388508714824864e-5
3.2453567937438903	1.8822812286417135e-5
3.2492668621700878	7.385524498296586e-6
3.2531769305962857	4.345152730571499e-6
3.257086999022483	1.6362401503832043e-5
3.2609970674486806	3.6021905616026275e-5
3.264907135874878	3.872292230578368e-5
3.2688172043010755	2.3520987007450836e-5
3.272727272727273	3.629424351934616e-5
3.2766373411534704	1.2680908559126897e-5
3.280547409579668	2.4000638929047857e-5
3.2844574780058653	3.3985900364404066e-5
3.2883675464320627	3.1575374340838595e-5
3.29227761485826	4.731972951523605e-5
3.2961876832844577	2.703951223102109e-5
3.300097751710655	1.8069334535017075e-5
3.3040078201368526	3.911522837023258e-6
3.30791788856305	1.286044139238128e-5
3.3118279569892475	2.2281712518434416e-5
3.315738025415445	3.7579690277568666e-5
3.3196480938416424	2.4838941726643754e-5
3.32355816226784	3.840588310217456e-5
3.3274682306940373	4.01643282051732e-6
3.3313782991202348	3.1191522727587804e-6
3.335288367546432	2.5896401615281146e-5
3.3391984359726297	2.378186094475027e-5
3.343108504398827	1.5197554852865304e-5
3.3470185728250246	1.3179624787714289e-5
3.350928641251222	1.4562550344806969e-5
3.3548387096774195	9.687511646232837e-6
3.358748778103617	3.0037915043607326e-5
3.3626588465298144	1.2533168939909529e-5
3.366568914956012	2.225789004228725e-5
3.3704789833822093	1.3414491734253973e-5
3.3743890518084068	9.51932459926414e-6
3.378299120234604	1.2054628139121788e-5
3.3822091886608017	2.9113483226063873e-5
3.386119257086999	2.566999192156844e-5
3.3900293255131966	2.923815025709364e-5
3.393939393939394	2.6013101803020335e-5
3.3978494623655915	1.4812724613294492e-5
3.401759530791789	2.6232838987122908e-5
3.4056695992179864	2.002854909142102e-5
3.409579667644184	3.6194164276284686e-5
3.4134897360703813	3.523342018900837e-5
3.4173998044965788	3.449686645103828e-5
3.421309872922776	3.234649295245006e-5
3.4252199413489737	7.229699155200821e-6
3.429130009775171	1.1808184448797308e-5
3.4330400782013686	3.019156363452039e-5
3.436950146627566	1.8727493850038102e-5
3.4408602150537635	2.8571984863805006e-5
3.444770283479961	2.3979543647874794e-5
3.4486803519061584	1.6154653556977822e-5
3.452590420332356	6.232776998713101e-6
3.4565004887585533	2.14966631671061e-5
3.4604105571847508	2.1487069047327686e-5
3.4643206256109482	2.3657686743832307e-5
3.4682306940371457	1.285419972756314e-5
3.472140762463343	4.528555235120459e-6
3.4760508308895406	2.1695616639610384e-5
3.479960899315738	1.7263282895142483e-5
3.4838709677419355	2.033589258661131e-5
3.487781036168133	2.199767017563414e-5
3.4916911045943304	5.444827503178986e-6
3.495601173020528	7.254844303689827e-6
3.4995112414467253	3.091303910671711e-5
3.5034213098729228	1.5041039133468163e-5
3.5073313782991202	2.987027017704383e-5
3.5112414467253177	2.131092981696761e-5
3.515151515151515	2.5862960597451044e-5
3.5190615835777126	1.8185677051859218e-5
3.52297165200391	1.358640454761761e-5
3.5268817204301075	2.7942782632908223e-5
3.530791788856305	3.167224718619045e-5
3.5347018572825024	2.7232743183600743e-5
3.5386119257087	3.1402397222096404e-5
3.5425219941348973	1.5037668651969805e-5
3.5464320625610948	1.007667617342674e-5
3.5503421309872922	2.0035463625529292e-5
3.5542521994134897	2.18345374207524e-5
3.558162267839687	2.6269053440462435e-5
3.5620723362658846	2.3190852768905485e-5
3.565982404692082	1.5708249172407323e-5
3.5698924731182795	1.040945058335025e-5
3.573802541544477	4.555863329051196e-6
3.5777126099706744	1.2150235374006588e-5
3.581622678396872	2.345904849113987e-5
3.5855327468230693	1.4414184349079657e-5
3.589442815249267	1.2210607689880487e-5
3.5933528836754642	8.383924864506233e-6
3.5972629521016617	2.1757662458881735e-5
3.601173020527859	2.0882350483725376e-5
3.6050830889540566	2.2801936988433237e-5
3.608993157380254	1.460891161782877e-5
3.6129032258064515	7.4384441132291386e-6
3.616813294232649	1.822895159364658e-5
3.6207233626588464	1.4313676667757632e-5
3.624633431085044	2.7172518354400446e-5
3.6285434995112413	2.8583697233680887e-5
3.632453567937439	1.9153364465199084e-5
3.6363636363636362	1.894811505200598e-5
3.6402737047898337	3.8492158571161136e-6
3.644183773216031	2.9228795751335443e-5
3.6480938416422286	3.283631282466844e-5
3.652003910068426	2.5867651518479705e-5
3.6559139784946235	3.8353282805275106e-5
3.659824046920821	2.9709667121645818e-5
3.6637341153470184	1.3267506678236583e-5
3.667644183773216	1.2412931387773553e-5
3.6715542521994133	9.278501542134473e-6
3.675464320625611	2.2097474793737094e-5
3.6793743890518082	2.5673948805600083e-5
3.6832844574780057	1.185835479483103e-5
3.687194525904203	1.966709187358546e-5
3.6911045943304006	4.4369174221386615e-6
3.695014662756598	7.716911475695046e-6
3.6989247311827955	1.3450032273985088e-5
3.702834799608993	1.0942985565517887e-5
3.7067448680351904	1.0461644758928871e-5
3.710654936461388	1.8641465420527445e-5
3.7145650048875853	3.758214232479602e-6
3.718475073313783	1.2068284190197283e-5
3.7223851417399803	2.7297430979037058e-5
3.7262952101661777	1.4850062863752928e-5
3.730205278592375	1.518480584887689e-5
3.7341153470185726	1.9366850062311602e-5
3.73802541544477	1.046751367236832e-5
3.7419354838709675	2.291405621111363e-5
3.745845552297165	2.9405618921443512e-5
3.7497556207233624	2.888637972966849e-5
3.7536656891495603	2.7490996277190367e-5
3.757575757575758	8.65398546002519e-6
3.7614858260019552	1.6365419693812733e-5
3.7653958944281527	1.996573298181929e-5
3.76930596285435	1.689938771615058e-5
3.7732160312805476	3.3292095689569243e-5
3.777126099706745	2.438331112546076e-5
3.7810361681329425	2.2585929052956025e-5
3.78494623655914	2.347014479977524e-5
3.7888563049853374	1.6720632896408474e-5
3.792766373411535	1.5565487708927474e-5
3.7966764418377323	2.488047103963935e-5
3.80058651026393	2.1202269172234674e-5
3.8044965786901273	2.1932709033438915e-5
3.8084066471163247	7.020231584088575e-6
3.812316715542522	5.952053826519496e-6
3.8162267839687196	1.5018914072452448e-5
3.820136852394917	1.4903279169013664e-5
3.8240469208211145	4.428535382471463e-6
3.827956989247312	1.3427562029906661e-5
3.8318670576735094	8.665319183982155e-6
3.835777126099707	4.099712245892417e-6
3.8396871945259043	1.694838012045193e-5
3.843597262952102	1.301626248407972e-5
3.8475073313782993	1.996663486881943e-5
3.8514173998044967	2.8266461276009773e-5
3.855327468230694	1.106823015848319e-5
3.8592375366568916	1.66796101814459e-5
3.863147605083089	2.9898208110064277e-5
3.8670576735092865	1.9095736839589e-5
3.870967741935484	2.64177591781743e-5
3.8748778103616814	1.6222082329738653e-5
3.878787878787879	1.8002906314179485e-5
3.8826979472140764	3.450455550041969e-5
3.886608015640274	1.3581905701365969e-5
3.8905180840664713	2.9092851802294232e-5
3.8944281524926687	2.943682460516085e-5
3.898338220918866	1.3838878319956837e-5
3.9022482893450636	2.6124002842750696e-5
3.906158357771261	1.4533213175141301e-5
3.9100684261974585	2.3311706368943458e-5
3.913978494623656	2.791782032719504e-5
3.9178885630498534	8.229697753986006e-6
3.921798631476051	2.3373059982199778e-5
3.9257086999022484	8.84630780211767e-6
3.929618768328446	5.042198271762826e-6
3.9335288367546433	1.3140577979134586e-5
3.9374389051808407	1.1897888204415819e-5
3.941348973607038	3.2592604359739507e-6
3.9452590420332356	1.4679550514586758e-5
3.949169110459433	9.560393890366804e-6
3.9530791788856305	5.228415810201026e-6
3.956989247311828	1.6758866453309594e-5
3.9608993157380255	2.063974677529771e-5
3.964809384164223	1.1141665832543432e-5
3.9687194525904204	1.390462485563522e-5
3.972629521016618	1.8291749361344774e-6
3.9765395894428153	1.9340869616533658e-5
3.9804496578690127	2.4830140299009675e-5
3.98435972629521	1.0474339272347958e-5
3.9882697947214076	3.511164559965565e-5
3.992179863147605	1.922351829304936e-5
3.9960899315738025	1.7858013999251442e-5
4.0	1.5294717305831065e-5
