0.0	-0.1890514399278308
0.125	-0.36646196226982103
0.25	-0.5280937100340883
0.375	-0.6746627470805107
0.5	-0.8053150284640204
0.625	-0.9197248976115503
0.75	-1.0175537795766114
0.875	-1.0982299628397874
1.0	-1.1606376195589805
1.125	-1.2045242440589587
1.25	-1.2301531547028892
1.375	-1.236693422989636
1.5	-1.2257301678364396
1.625	-1.1993755502935204
1.75	-1.1591636928649445
1.875	-1.107397807392871
2.0	-1.0464395357772813
2.125	-0.9799056624195521
2.25	-0.9095464702101821
2.375	-0.8376972237553287
2.5	-0.7666419173694764
2.625	-0.6985339325263903
2.75	-0.6352703854475672
2.875	-0.5787125149606497
3.0	-0.5293745884059984
3.125	-0.48676660070931926
3.25	-0.44926426682527554
3.375	-0.415125492009846
3.5	-0.3821468481495158
3.625	-0.34991104523358607
3.75	-0.31858971808667125
3.875	-0.2897018750373668
4.0	-0.2644707129159444
4.125	-0.24435856462325808
4.25	-0.23020219604227615
4.375	-0.22168595298889301
4.5	-0.21878180020495644
4.625	-0.22106819308377615
4.75	-0.22845788888631346
4.875	-0.24072255967402864
5.0	-0.25714361449117146
5.125	-0.27635585346605307
5.25	-0.2961934790743379
5.375	-0.31491290619245327
5.5	-0.33091700437871807
5.625	-0.3430050477271459
5.75	-0.3508288631202273
5.875	-0.3545890689094459
6.0	-0.3546304222817647
6.125	-0.3502251885264536
6.25	-0.3409657732312837
6.375	-0.32620395572173566
6.5	-0.30646723958859623
6.625	-0.28151965184104794
6.75	-0.25224483422381255
6.875	-0.21955205797434613
7.0	-0.1845355097511538
7.125	-0.1477520527044516
7.25	-0.1091838325834443
7.375	-0.0683569223149306
7.5	-0.025736196387717025
7.625	0.019193237066147912
7.75	0.06423942969545873
7.875	0.1099305756063266
8.0	0.15469562842857104
8.125	0.19816351505221383
8.25	0.2396648080553227
8.375	0.2795192200932841
8.5	0.3184370309183875
8.625	0.35670904404546244
8.75	0.394256203672014
8.875	0.4311936231545658
9.0	0.4675858299206496
9.125	0.5013789679625698
9.25	0.5313784364234743
9.375	0.5563384137944012
9.5	0.5760093938737498
9.625	0.5903171378622782
9.75	0.5985404833410232
9.875	0.6013040203722289
10.0	0.5992675015925414
10.125	0.5922637756233115
10.25	0.5803291675190695
10.375	0.5629251919906167
10.5	0.5402561095299756
10.625	0.5128077656470713
10.75	0.4813632310630772
10.875	0.4481953456021372
11.0	0.4148698529834214
11.125	0.38348619608323953
11.25	0.3554838150563457
11.375	0.3317952401938753
11.5	0.3122121957468818
11.625	0.2954252406452986
11.75	0.2800833070842008
11.875	0.26499238392076074
12.0	0.24943741466061278
12.125	0.23400569558372636
12.25	0.2191724725573341
12.375	0.20632825478571487
12.5	0.19599465631947208
12.625	0.1885183276141811
12.75	0.18335459500404752
12.875	0.18020831528193842
13.0	0.17854299956323327
13.125	0.17854775048205357
13.25	0.17948653901815664
13.375	0.18119414640825734
13.5	0.18308125631281563
13.625	0.1852315892159492
13.75	0.18700029648810038
13.875	0.1875450931055133
14.0	0.1866161026735596
14.125	0.18453827251277324
14.25	0.18233203560284364
14.375	0.18099980096670187
14.5	0.18060970568091603
14.625	0.17985600523664388
14.75	0.17785074442611326
14.875	0.17344585585637629
15.0	0.16526953145176507
15.125	0.15376906706271742
15.25	0.13543451230173972
15.375	0.11506503893190662
15.5	0.09114891340512517
15.625	0.0692786580460933
15.75	0.04623849051850556
15.875	0.019320173870149733
16.0	-0.0070911803144703
16.125	-0.035688351979514886
16.25	-0.0693237288658605
16.375	-0.10586171313808496
16.5	-0.14111888086484903
16.625	-0.17517616792871002
16.75	-0.20500614134847375
16.875	-0.23114787968361308
17.0	-0.25391305868805214
17.125	-0.27482534521800683
17.25	-0.2958090210972159
17.375	-0.3187873082926578
17.5	-0.3459686265702071
17.625	-0.3786794523154132
17.75	-0.41768934259221213
17.875	-0.462929275883276
18.0	-0.514036493077643
18.125	-0.5699991161545461
18.25	-0.6284769780007537
18.375	-0.6882216629964738
18.5	-0.747503384961523
18.625	-0.8049065769835851
18.75	-0.8588856537787316
18.875	-0.9078863791225293
19.0	-0.9509257972822567
19.125	-0.986953543675432
19.25	-1.0166691398044205
19.375	-1.0406073989876634
19.5	-1.059044790474031
19.625	-1.0714625090294816
19.75	-1.0773692776199968
19.875	-1.0748686848978377
20.0	-1.0626043615911938
20.125	-1.0390059865442303
20.25	-1.0042257709417681
20.375	-0.9577331451039269
20.5	-0.8994006297177872
20.625	-0.8291157434909698
20.75	-0.7462129117465799
20.875	-0.65072450737914
21.0	-0.5433016129143091
21.125	-0.4242130698060264
21.25	-0.2949339133900531
21.375	-0.15585072244776607
21.5	-0.009186037480237053
21.625	0.1440036802700757
21.75	0.30252092451755513
21.875	0.4635424970410764
22.0	0.624927110260844
22.125	0.7820104845696322
22.25	0.9311962884633099
22.375	1.069216170880272
22.5	1.1923164188637416
22.625	1.2994067691788727
22.75	1.3886299622354408
22.875	1.4617617413364754
23.0	1.5178867259996613
23.125	1.5557180481333357
23.25	1.5736627094850197
23.375	1.570941333953616
23.5	1.5469964895806845
23.625	1.50001539640933
23.75	1.4304373694032588
23.875	1.3404277819789314
24.0	1.2316237623878952
24.125	1.106234188278107
24.25	0.9663801232799349
24.375	0.8144658626958844
24.5	0.6538361161281464
24.625	0.4867688735035952
24.75	0.3171720735572911
24.875	0.14849314048364737
25.0	-0.0163171539726116
25.125	-0.17382842828808354
25.25	-0.32229474866991253
25.375	-0.45897248374707944
25.5	-0.5823799381155408
25.625	-0.6909354616425764
25.75	-0.7842278841847432
25.875	-0.8609918861081648
26.0	-0.9209292767281959
26.125	-0.9630968719786147
26.25	-0.9876661323970524
26.375	-0.9934497665469485
26.5	-0.9804262190493895
26.625	-0.9489095722873898
26.75	-0.9007913843396964
26.875	-0.8379686308139138
27.0	-0.7633677573904013
27.125	-0.6783318014066047
27.25	-0.584840574399515
27.375	-0.48246543879820136
27.5	-0.3720211620809306
27.625	-0.2544009318988362
27.75	-0.1319253553799485
27.875	-0.006515948200696961
28.0	0.11955173790701164
28.125	0.24453926378559313
28.25	0.3666235376438929
28.375	0.48633752867972047
28.5	0.6008185322057337
28.625	0.7077226113349973
28.75	0.8040157686827628
28.875	0.887613936896883
29.0	0.9568272711212001
29.125	1.0099351354925534
29.25	1.048741489930398
29.375	1.0749477405144259
29.5	1.0879787720086935
29.625	1.0892903488109402
29.75	1.0795469923773753
29.875	1.061345039076848
30.0	1.0340216112627745
30.125	0.9991074469787663
30.25	0.9616146127821457
30.375	0.9197959086401379
30.5	0.8760001512208698
30.625	0.8298518378092016
30.75	0.7852226590992761
30.875	0.7364538561837988
31.0	0.6862273818956098
31.125	0.6322789814437518
31.25	0.5751181333902655
31.375	0.5137776692610077
31.5	0.4487008034035942
31.625	0.3827698539214406
31.75	0.3146941206621787
31.875	0.24414412360484744
32.0	0.17014898264701336
32.125	0.09196420903454415
32.25	0.0103403316144572
32.375	-0.07623241592705558
32.5	-0.16728232006331933
32.625	-0.26327620913254873
32.75	-0.3643164198975334
32.875	-0.4705309632127279
33.0	-0.5828140738076206
33.125	-0.7002390047223565
33.25	-0.8220469321496009
33.375	-0.9466464083873175
33.5	-1.0723405902974146
33.625	-1.1982560952182488
33.75	-1.322906851166596
33.875	-1.4454788984490028
34.0	-1.5658632232642105
34.125	-1.6841459453127186
34.25	-1.8004759256091458
34.375	-1.9148084521464257
34.5	-2.0269703291434267
34.625	-2.1366072146449753
34.75	-2.24237777511728
34.875	-2.341872915155659
35.0	-2.433803626374177
35.125	-2.514919183339411
35.25	-2.584432470136314
35.375	-2.6400917574467813
35.5	-2.6802447933784412
35.625	-2.703576569524484
35.75	-2.705871416760988
35.875	-2.683904115486878
36.0	-2.633779689294881
36.125	-2.552726267112267
36.25	-2.439165685933348
36.375	-2.2922005396077085
36.5	-2.113354185843213
36.625	-1.9036495939555278
36.75	-1.664969253905284
36.875	-1.3979820564922507
37.0	-1.104331709053871
37.125	-0.7861652322443983
37.25	-0.4436977312301765
37.375	-0.0799602381092282
37.5	0.3026891618448761
37.625	0.6997901067207544
37.75	1.10582056900114
37.875	1.5133500603208094
38.0	1.916272521911741
38.125	2.3087272774792047
38.25	2.6866119147976675
38.375	3.0465186411797047
38.5	3.387311258538859
38.625	3.7073895515410045
38.75	4.00653966104725
38.875	4.284653616743718
39.0	4.540987276640266
39.125	4.770555907446409
39.25	4.965279126095396
39.375	5.1133727888137015
39.5	5.204186852152185
39.625	5.229688558903085
39.75	5.187398824019397
39.875	5.080613800349705
40.0	4.917022500982881
40.125	4.706698416491954
40.25	4.458339585542544
40.375	4.177719777314832
40.5	3.867164975357237
40.625	3.5248079733819115
40.75	3.147710287019961
40.875	2.7329514933193875
41.0	2.2810703671057313
41.125	1.7970525151975523
41.25	1.2907124478207133
41.375	0.7756993137809448
41.5	0.266134282178512
41.625	-0.22568612849988648
41.75	-0.6908245007496362
41.875	-1.1250398845553717
42.0	-1.528368452148065
42.125	-1.9030440926954997
42.25	-2.250986152677875
42.375	-2.5728615991728083
42.5	-2.8683669737208906
42.625	-3.1345659204720495
42.75	-3.3670068614982442
42.875	-3.5610337722191168
43.0	-3.713613373032008
43.125	-3.8230503913196068
43.25	-3.8897410698497428
43.375	-3.915837766782338
43.5	-3.9049532334310806
43.625	-3.8598704225689056
43.75	-3.783763180842389
43.875	-3.6790674278167463
44.0	-3.5479154689343257
44.125	-3.3927567887384535
44.25	-3.216196718950562
44.375	-3.0222604220830456
44.5	-2.81519230952884
44.625	-2.5992131335785147
44.75	-2.379542075747725
44.875	-2.1607811839889983
45.0	-1.9478652111127626
45.125	-1.7445725456277643
45.25	-1.5540230156935042
45.375	-1.3781838528850663
45.5	-1.217930314401887
45.625	-1.0723485331260274
45.75	-0.9404775642151734
45.875	-0.8204907409223041
46.0	-0.7113508159633805
46.125	-0.6120465478223823
46.25	-0.5221114380943651
46.375	-0.44104622114059033
46.5	-0.3680740305818074
46.625	-0.30107519136930916
46.75	-0.2387405518135825
46.875	-0.17908194043663153
47.0	-0.12110008069443662
47.125	-0.06350966456062168
47.25	-0.00467320751891613
47.375	0.056735179278574306
47.5	0.12224787944478106
47.625	0.19343932161382849
47.75	0.27211228435344487
47.875	0.36056540842464446
48.0	0.4598046276983258
48.125	0.5709881442521328
48.25	0.6940265758612019
48.375	0.8279033714024475
48.5	0.9710078466704456
48.625	1.1210686318255012
48.75	1.275949571219257
48.875	1.4339943236189236
49.0	1.5938305893700047
49.125	1.7547077799464021
49.25	1.9149199677543045
49.375	2.073066980641943
49.5	2.2273513887020555
49.625	2.375209974303336
49.75	2.514509196611173
49.875	2.643391442732125
50.0	2.7594101026081113
50.125	2.861047360622042
50.25	2.946585639614802
50.375	3.0162139276929145
50.5	3.068979710518486
50.625	3.10302588874457
50.75	3.1170680098406796
50.875	3.107950565756127
51.0	3.071796751196832
51.125	3.004994293676659
51.25	2.904477298730858
51.375	2.7690198516529665
51.5	2.5986802754797047
51.625	2.3945678317963637
51.75	2.1595369518100065
51.875	1.8960006089283679
52.0	1.6060427084694173
52.125	1.2919829455552034
52.25	0.9565735268272367
52.375	0.6045497690855838
52.5	0.24024896918059752
52.625	-0.1318498727690017
52.75	-0.506204534228853
52.875	-0.8777129991090683
53.0	-1.2414477473771732
53.125	-1.592789936521295
53.25	-1.9269628374431897
53.375	-2.2391942181845703
53.5	-2.5258979910364667
53.625	-2.7838257071551347
53.75	-3.0101139311806606
53.875	-3.2033519783210846
54.0	-3.3621716213495927
54.125	-3.4857065171562414
54.25	-3.5725245980105416
54.375	-3.622054027458809
54.5	-3.6347315798388498
54.625	-3.6109434528569544
54.75	-3.5511205967358443
54.875	-3.4559362373161417
55.0	-3.325741240943761
55.125	-3.1611360398904607
55.25	-2.962581786709141
55.375	-2.7320975279274538
55.5	-2.4729420100352515
55.625	-2.1894638004331237
55.75	-1.8878632576540826
55.875	-1.5733854707826178
56.0	-1.2524609559897821
56.125	-0.9315056182786868
56.25	-0.6171740763078079
56.375	-0.31612887946802154
56.5	-0.033220888393166795
56.625	0.22782295251553888
56.75	0.4680353662298571
56.875	0.6896783912388982
57.0	0.8934846495305536
57.125	1.0795542820258026
57.25	1.2488693629451733
57.375	1.400226696018347
57.5	1.5337382465373417
57.625	1.6486155839986385
57.75	1.7502212161087294
57.875	1.8373183973081992
58.0	1.9116202158626014
58.125	1.971887880833784
58.25	2.018495499499844
58.375	2.0512017910908416
58.5	2.067813432648135
58.625	2.069091844500623
58.75	2.055310456457017
58.875	2.0284720364810216
59.0	1.9884704184775868
59.125	1.935939559871975
59.25	1.8710854025744041
59.375	1.7955226724582196
59.5	1.7092180789390872
59.625	1.6140217270016233
59.75	1.5113035141296807
59.875	1.403668831780429
60.0	1.291611221626523
60.125	1.1750082946314968
60.25	1.0539824292193665
60.375	0.9282021631184187
60.5	0.799466803763233
60.625	0.6688961841930097
60.75	0.5376526158161622
60.875	0.4064581982544387
61.0	0.2756892859319181
61.125	0.14555077657997814
61.25	0.016138858314738457
61.375	-0.11190332388786971
61.5	-0.23609396456873213
61.625	-0.355340541092532
61.75	-0.46775470270917796
61.875	-0.5731604489872538
62.0	-0.6712330939021769
62.125	-0.7624077191174135
62.25	-0.8467828581901817
62.375	-0.9247201688795971
62.5	-0.9964632885273261
62.625	-1.063207095727178
62.75	-1.1256221624652365
62.875	-1.1849287756555373
63.0	-1.2406718641287648
63.125	-1.2921820367950905
63.25	-1.3383772730761108
63.375	-1.37903755404683
63.5	-1.4140386502452091
63.625	-1.4445843761496624
63.75	-1.4722066129089066
63.875	-1.4983112021745397
64.0	-1.5231046875111818
64.125	-1.5470028284033275
64.25	-1.5696297657184537
64.375	-1.5898855527825166
64.5	-1.6075222260930946
64.625	-1.6226527077610466
64.75	-1.635900437419851
64.875	-1.6462234446029864
65.0	-1.6525929289488352
65.125	-1.6533630168436426
65.25	-1.6466613930398795
65.375	-1.6325059222527432
65.5	-1.6109356826605383
65.625	-1.5831501788067932
65.75	-1.5500265413144154
65.875	-1.5090580807457001
66.0	-1.4569690769842751
66.125	-1.3887427514161113
66.25	-1.299138017840921
66.375	-1.1838706514730708
66.5	-1.0415279953048848
66.625	-0.8743120038303329
66.75	-0.6864569661709367
66.875	-0.4809165686262011
67.0	-0.2589088872135116
67.125	-0.018795859926860867
67.25	0.24085384059045845
67.375	0.5221504293485376
67.5	0.8261187195337795
67.625	1.1523795562747565
67.75	1.498628305131875
67.875	1.8587607924137068
68.0	2.2223988337610265
68.125	2.5742846555338708
68.25	2.899575935822901
68.375	3.1905109322705356
68.5	3.4500881407758737
68.625	3.6905516397134015
68.75	3.926785551331975
68.875	4.1676697936446585
69.0	4.407374398502863
69.125	4.622357433534928
69.25	4.779290498871953
69.375	4.846965841658252
69.5	4.808022177867921
69.625	4.66488717070824
69.75	4.437776600653362
69.875	4.1555120256933495
70.0	3.843834380132208
70.125	3.516807508210935
70.25	3.1750993437576938
70.375	2.8060612985749867
70.5	2.3930393860732555
70.625	1.923777123976146
70.75	1.3999202502475627
70.875	0.8379686984155162
71.0	0.26345661430159395
71.125	-0.29499525073054983
71.25	-0.8146160208301307
71.375	-1.282697541876228
71.5	-1.6984852106969484
71.625	-2.0688306275413195
71.75	-2.4025194405812376
71.875	-2.7079886003864995
72.0	-2.9893579996238873
72.125	-3.2468841579559045
72.25	-3.476283386105682
72.375	-3.6724907031238154
72.5	-3.830014173764389
72.625	-3.9450711240834484
72.75	-4.017851142527055
72.875	-4.0490909467927025
73.0	-4.043157238156146
73.125	-4.00323943213192
73.25	-3.9323755802905693
73.375	-3.8326307276415004
73.5	-3.707182643128748
73.625	-3.558388379934641
73.75	-3.3902102265134535
73.875	-3.2047172332306233
74.0	-3.0072458438515497
74.125	-2.8012833491781572
74.25	-2.5913933222863177
74.375	-2.3801076813627424
74.5	-2.169365023340274
74.625	-1.9606360407262526
74.75	-1.754220673922498
74.875	-1.5504901464186314
75.0	-1.3496607546852315
75.125	-1.1519244427961348
75.25	-0.9577835580186179
75.375	-0.767073050604892
75.5	-0.5812965772420289
75.625	-0.4010562722526372
75.75	-0.22759087955873555
75.875	-0.061391741159295556
76.0	0.09651710606300248
76.125	0.24682008450426088
76.25	0.3899192898797581
76.375	0.5272516514772141
76.5	0.6591509864421947
76.625	0.7865943400875895
76.75	0.9093587173141131
76.875	1.0267523785481083
77.0	1.1376415242842584
77.125	1.2411854194990182
77.25	1.3368814444084496
77.375	1.4253988556871182
77.5	1.5069969065615085
77.625	1.5830645484232544
77.75	1.6535146959656855
77.875	1.7190064490985952
78.0	1.7791696343486552
78.125	1.8346975542853958
78.25	1.8855029727605825
78.375	1.9323598674074676
78.5	1.9752028410901346
78.625	2.0141991761002407
78.75	2.050278824940807
78.875	2.0836612544131285
79.0	2.1154527778188132
79.125	2.1444800664256203
79.25	2.171320096949664
79.375	2.1981053657327374
79.5	2.2226456837644357
79.625	2.244894020927975
79.75	2.262177553176604
79.875	2.2737302553830006
80.0	2.2777904288155146
80.125	2.271785696205323
80.25	2.257608999573848
80.375	2.232493107572148
80.5	2.1969202297157007
80.625	2.1518449411944207
80.75	2.0962217360838737
80.875	2.029976816291978
81.0	1.9508711968994779
81.125	1.8596067481101104
81.25	1.7552983274023026
81.375	1.6366207652376512
81.5	1.5032788675916429
81.625	1.3545254285226425
81.75	1.1912428378473945
81.875	1.012732762638748
82.0	0.8200877946925589
82.125	0.614201076574871
82.25	0.3970746528621492
82.375	0.16987445075100474
82.5	-0.06634331233291096
82.625	-0.30955658804895014
82.75	-0.5582285937081604
82.875	-0.8098790067303683
83.0	-1.06170644215641
83.125	-1.3104898743875504
83.25	-1.5532960485490763
83.375	-1.7883253309819398
83.5	-2.013807467114481
83.625	-2.228384311341355
83.75	-2.430468331471173
83.875	-2.6189874742000887
84.0	-2.7933879395282033
84.125	-2.9534285576225083
84.25	-3.098823143650842
84.375	-3.229043940510454
84.5	-3.3437045431914854
84.625	-3.441959953963942
84.75	-3.5225866145546534
84.875	-3.584261654357092
85.0	-3.6255441512623
85.125	-3.6453234518691064
85.25	-3.642255847168008
85.375	-3.615783160992789
85.5	-3.5654558145990496
85.625	-3.491009806424929
85.75	-3.3925781589388695
85.875	-3.270373945579318
86.0	-3.125098146329361
86.125	-2.958060338172337
86.25	-2.7710972608823408
86.375	-2.56504277857071
86.5	-2.340403118490358
86.625	-2.0985578577870143
86.75	-1.8407486519478236
86.875	-1.56674350014584
87.0	-1.2792076438261735
87.125	-0.9801942701068911
87.25	-0.6726507415113874
87.375	-0.3570392962325366
87.5	-0.036594035533503995
87.625	0.28682489629490093
87.75	0.6118187670379182
87.875	0.9357024542106153
88.0	1.2554102499002442
88.125	1.567237337284271
88.25	1.8675218869115033
88.375	2.153102666796975
88.5	2.422735928711347
88.625	2.6756597394500505
88.75	2.9110136457869324
88.875	3.128600683753241
89.0	3.326376596763952
89.125	3.502604769568744
89.25	3.653110359850703
89.375	3.7754441610853338
89.5	3.8668839397601973
89.625	3.926602823078988
89.75	3.954501199324073
89.875	3.952505666046097
90.0	3.9218036881620275
90.125	3.864868985255128
90.25	3.781844072708758
90.375	3.674551257478802
90.5	3.542910163145339
90.625	3.3894007696408264
90.75	3.2153414113566914
90.875	3.0236379451768567
91.0	2.816114463586269
91.125	2.595218481609754
91.25	2.3612292066389267
91.375	2.116007477199268
91.5	1.8594897223563631
91.625	1.5940645642293754
91.75	1.3194806239613486
91.875	1.0399551996799508
92.0	0.756324452311422
92.125	0.47209108488905055
92.25	0.18718339509978185
92.375	-0.09550499600134008
92.5	-0.3761234002987918
92.625	-0.6529656589262536
92.75	-0.9239349980989008
92.875	-1.185943351487787
93.0	-1.441937522447092
93.125	-1.6880448839004658
93.25	-1.9248309812548017
93.375	-2.1438171268383672
93.5	-2.3517405830397426
93.625	-2.545568425949846
93.75	-2.7130139766131527
93.875	-2.8621451535383757
94.0	-2.982860497723764
94.125	-3.0831187165634737
94.25	-3.1513369771772246
94.375	-3.1938282854695976
94.5	-3.2119615862446778
94.625	-3.2024631449805216
94.75	-3.164080934874837
94.875	-3.0999447619142955
95.0	-3.010077498799592
95.125	-2.9003370243929343
95.25	-2.768900312919005
95.375	-2.623022974902656
95.5	-2.462074812034141
95.625	-2.290567098543592
95.75	-2.1081507036466838
95.875	-1.9162223021301887
96.0	-1.7154376228320316
96.125	-1.5085538530740765
96.25	-1.2968180172879291
96.375	-1.0837365903986864
96.5	-0.8688154092265059
96.625	-0.6543887044753299
96.75	-0.4404428909826922
96.875	-0.22928789939947505
97.0	-0.021927590438542092
97.125	0.17891498912801887
97.25	0.3723866511174814
97.375	0.5571787644446784
97.5	0.7341582502375439
97.625	0.9016259909896233
97.75	1.0592224651404554
97.875	1.2044411714104999
98.0	1.3347054959276625
98.125	1.4468004654989985
98.25	1.5390791734299707
98.375	1.610500763130548
98.5	1.6618156504143262
98.625	1.6935356241624304
98.75	1.7090480913462536
98.875	1.7094694352916195
99.0	1.6966069851077579
99.125	1.6708457435734936
99.25	1.6318422683812304
99.375	1.579444266854717
99.5	1.5135289884501975
99.625	1.4346870706517494
99.75	1.3443203298179356
99.875	1.2440752335061938
100.0	1.1356467374991204
100.125	1.0206801964466226
100.25	0.9000158972975941
100.375	0.7756015293782433
100.5	0.6483596929524426
100.625	0.5192161507460578
100.75	0.39093468885575433
100.875	0.26490326692488314
101.0	0.14349630114031228
101.125	0.028344267963965376
101.25	-0.07834008234346126
101.375	-0.17470440057659767
101.5	-0.2596175894616886
101.625	-0.331767678610817
101.75	-0.3887280776753904
101.875	-0.42992965061568456
102.0	-0.45378761314782906
102.125	-0.46157145223861207
102.25	-0.45356271033057616
102.375	-0.432481193272435
102.5	-0.39941369267921667
102.625	-0.3570793927224857
102.75	-0.30681040458125175
102.875	-0.2501204373161688
103.0	-0.1883509524788253
103.125	-0.12369780012355244
103.25	-0.058499638716761476
103.375	0.003974443454165183
103.5	0.061790037612471746
103.625	0.11262649144235734
103.75	0.15676150197823632
103.875	0.19364701608310197
104.0	0.22437505808944697
104.125	0.24966628666291854
104.25	0.27058824632458295
104.375	0.2882482235975012
104.5	0.3034380312297549
104.625	0.3163657372208938
104.75	0.3278634905346377
104.875	0.3373304332913236
105.0	0.34512359855518326
105.125	0.35000418000463523
105.25	0.3520554778182898
105.375	0.35041095350336643
105.5	0.3443792504167396
105.625	0.3330024624967721
105.75	0.31622303583987493
105.875	0.29369629679281584
106.0	0.2654140893728174
106.125	0.23064346865116453
106.25	0.18934501420254293
106.375	0.14092824535815404
106.5	0.08565399100136094
106.625	0.024524763218919273
106.75	-0.04118276788691249
106.875	-0.11097193545461344
107.0	-0.18416867325702188
107.125	-0.25979057002500205
107.25	-0.33755348519549266
107.375	-0.4169899752585484
107.5	-0.4971140924544507
107.625	-0.5766337950309732
107.75	-0.6542281513445051
107.875	-0.730272246460321
108.0	-0.8030479108981784
108.125	-0.8721684964327935
108.25	-0.9372595437844038
108.375	-0.996638585696549
108.5	-1.0497663156906112
108.625	-1.0942220961225584
108.75	-1.1281289310393854
108.875	-1.1510227738863854
109.0	-1.1628549125279235
109.125	-1.1630988351364098
109.25	-1.151127978461225
109.375	-1.1259028483698368
109.5	-1.0851874264296615
109.625	-1.0271290306161396
109.75	-0.9507445934823783
109.875	-0.8566361393872545
110.0	-0.745597724380536
110.125	-0.620097237706703
110.25	-0.4828029808354436
110.375	-0.3364677972323454
110.5	-0.18363079097982465
110.625	-0.02697267752230037
110.75	0.1309690550986775
110.875	0.2873775452753953
111.0	0.43925528873025765
111.125	0.5830089806916886
111.25	0.7163412704818186
111.375	0.8376011220731753
111.5	0.946210615198776
111.625	1.0418268475731451
111.75	1.12486411135023
111.875	1.1948405216374287
112.0	1.251719682278038
112.125	1.2942288010635257
112.25	1.3218540235088396
112.375	1.3334612515504736
112.5	1.3291339508570486
112.625	1.309020039085464
112.75	1.2737502533857896
112.875	1.2241089133071659
113.0	1.1610972437371407
113.125	1.086189012911964
113.25	1.0018171635234212
113.375	0.9104389583451108
113.5	0.8143637716444702
113.625	0.7139861716617026
113.75	0.6102751227837097
113.875	0.5040098912720519
114.0	0.39588854250976946
114.125	0.287571306116427
114.25	0.18140639535015013
114.375	0.07862187815813948
114.5	-0.01752809582632389
114.625	-0.10678848079216946
114.75	-0.18619398030885337
114.875	-0.25605745755392467
115.0	-0.31922056199748583
115.125	-0.3753093004122003
115.25	-0.42818165103416433
115.375	-0.4773163659806532
115.5	-0.5232024983285548
115.625	-0.5686549324677286
115.75	-0.6114907036495014
115.875	-0.6537839742227775
116.0	-0.6920269199974151
116.125	-0.7279995223637962
116.25	-0.7634749555840741
116.375	-0.7973125495417087
116.5	-0.830242100174114
116.625	-0.8620196316042265
116.75	-0.8935423970751833
116.875	-0.9240763443233708
117.0	-0.953093286500257
117.125	-0.9802644075601786
117.25	-1.0035390724620348
117.375	-1.0209630821206785
117.5	-1.0315580717983581
117.625	-1.0348019894156912
117.75	-1.0299088243342993
117.875	-1.0158916820504764
118.0	-0.9920200222464189
118.125	-0.9580167297146907
118.25	-0.9140340066537929
118.375	-0.8610033583896012
118.5	-0.7989550190098335
118.625	-0.7290282690527017
118.75	-0.6517186092194116
118.875	-0.5675315422309738
119.0	-0.4766158976588471
119.125	-0.379194691508839
119.25	-0.27510693938497854
119.375	-0.16434053806302168
119.5	-0.04676980828680899
119.625	0.07666677430327189
119.75	0.20556116936409463
119.875	0.3386680625985813
120.0	0.47493107137682206
120.125	0.6123708601685321
120.25	0.7494191772531941
120.375	0.8851567365062774
120.5	1.0185535671204142
120.625	1.1493117460388564
120.75	1.275899211484976
120.875	1.3978212139515478
121.0	1.5132536242622179
121.125	1.6205222966689816
121.25	1.717157640700779
121.375	1.801356393066742
121.5	1.8716161968718072
121.625	1.9260211559712306
121.75	1.9635213881065343
121.875	1.9845382340887645
122.0	1.9893535245448248
122.125	1.977796091112061
122.25	1.9499831778522903
122.375	1.9064841789571794
122.5	1.8462865675325775
122.625	1.769830553104646
122.75	1.6763010785538703
122.875	1.5679002289237822
123.0	1.4446387336782633
123.125	1.3073567544825542
123.25	1.1564793948768672
123.375	0.9919514324466093
123.5	0.8129953082657009
123.625	0.6191742371445972
123.75	0.4112339671685947
123.875	0.19069918657234958
124.0	-0.04091981842673507
124.125	-0.28072697905095034
124.25	-0.5263041664549715
124.375	-0.7756424956783374
124.5	-1.0264314476311893
124.625	-1.276786500031386
124.75	-1.5241327873022723
124.875	-1.7658575174168962
125.0	-1.9982462920773616
125.125	-2.217635689676304
125.25	-2.4204167795044556
125.375	-2.6027316550745745
125.5	-2.7602839531742367
125.625	-2.8895883488759444
125.75	-2.9876594803992256
125.875	-3.053005069580687
126.0	-3.0848681232273747
126.125	-3.0836907636510387
126.25	-3.0508053671804545
126.375	-2.9879593583823394
126.5	-2.896395807290959
126.625	-2.777848897386022
126.75	-2.63335598414691
126.875	-2.4646073188585653
127.0	-2.271880921884736
127.125	-2.0566213749861997
127.25	-1.8197216182937328
127.375	-1.5622980182718338
127.5	-1.2865186586864696
127.625	-0.9963571010919609
127.75	-0.6961281289348861
127.875	-0.39121323742747244
128.0	-0.08725565786800014
128.125	0.20904233286904791
128.25	0.49338314492089724
128.375	0.7618780829457503
128.5	1.0125591076418872
128.625	1.2462906497901298
128.75	1.463198380631587
128.875	1.6623297600746123
129.0	1.8443111105086776
129.125	2.007748469176551
129.25	2.152393111006739
129.375	2.277212328850266
129.5	2.381573145012456
129.625	2.4651374759013245
129.75	2.528040414761104
129.875	2.5712365181903096
130.0	2.595378490983509
130.125	2.600510251798235
130.25	2.5865324771086855
130.375	2.5540273496748567
130.5	2.503706613063583
130.625	2.436623388175315
130.75	2.3538810810542055
130.875	2.2564267620183913
131.0	2.1441525717526844
131.125	2.0166611830280594
131.25	1.8743039424057542
131.375	1.7179655625755472
131.5	1.5491738001521163
131.625	1.371073828892205
131.75	1.1872544537545875
131.875	1.0010856295518324
132.0	0.8142380778807882
132.125	0.6276015919385202
132.25	0.44046460243755486
132.375	0.2513977273861808
132.5	0.0596913507436549
132.625	-0.13356520004055014
132.75	-0.32586450254832033
132.875	-0.5147327202259916
133.0	-0.698126506157185
133.125	-0.8751068765263466
133.25	-1.0454918439447876
133.375	-1.2092140016389972
133.5	-1.3654410525811982
133.625	-1.512289036360029
133.75	-1.6472940299342127
133.875	-1.7677613094745996
134.0	-1.8716910955031856
134.125	-1.9574681319593448
134.25	-2.0244337902832243
134.375	-2.072449630574332
134.5	-2.102295396798188
134.625	-2.1146748360253147
134.75	-2.1101463159447547
134.875	-2.090222221424955
135.0	-2.0557247648257553
135.125	-2.0084131692626137
135.25	-1.9468354951582643
135.375	-1.8715469683976824
135.5	-1.7817428597563196
135.625	-1.6769274144217763
135.75	-1.5574548995291577
135.875	-1.4236746193909957
136.0	-1.2770505839028907
136.125	-1.1184235265830575
136.25	-0.9489222822077679
136.375	-0.7709915646700879
136.5	-0.5854338929775955
136.625	-0.3926703124725312
136.75	-0.1955129747812984
136.875	0.006852798106495873
137.0	0.21184105199551959
137.125	0.41834398874538253
137.25	0.6234340593324196
137.375	0.8250411427357194
137.5	1.020856341627278
137.625	1.2075060523638317
137.75	1.381960088161548
137.875	1.5405136517672
138.0	1.680624530414855
138.125	1.8008967499023332
138.25	1.9002625206551769
138.375	1.9788047253581975
138.5	2.0360292329927763
138.625	2.071930399320745
138.75	2.086433187430791
138.875	2.079950464336966
139.0	2.0520495921030855
139.125	2.00212237552975
139.25	1.9299252246559886
139.375	1.8353103461995028
139.5	1.7182952710397725
139.625	1.578989772078241
139.75	1.4187114632155626
139.875	1.2390397019595518
140.0	1.0421940517751953
140.125	0.8310864756349367
140.25	0.6082213033124393
140.375	0.3760115120566106
140.5	0.13646158298338154
140.625	-0.10812561386851223
140.75	-0.3556577992806819
140.875	-0.6040871496174378
141.0	-0.850858737864933
141.125	-1.0927656770643448
141.25	-1.3260206588567278
141.375	-1.54642222877986
141.5	-1.749982459644121
141.625	-1.9322917854762351
141.75	-2.0893263177158072
141.875	-2.21743219557607
142.0	-2.3135151675030086
142.125	-2.3744354294833907
142.25	-2.3981154979898043
142.375	-2.383436410861843
142.5	-2.3297251486038277
142.625	-2.2371177236189057
142.75	-2.108046644820431
142.875	-1.944940422220287
143.0	-1.7506058482711457
143.125	-1.5276498305846722
143.25	-1.2797603714449879
143.375	-1.0094632147246818
143.5	-0.7177266006567499
143.625	-0.41029393702264966
143.75	-0.09039967819674351
143.875	0.23686948134402114
144.0	0.5641566848414084
144.125	0.8864604448128117
144.25	1.197705527742836
144.375	1.4933243088834467
144.5	1.7702650039219212
144.625	2.0272201031000896
144.75	2.26162365537002
144.875	2.471113365051425
145.0	2.6530040395926777
145.125	2.8022444110602307
145.25	2.9146476456697945
145.375	2.9843117795103846
145.5	3.0085842317781823
145.625	2.9854700563525682
145.75	2.915582246846651
145.875	2.8011731617032223
146.0	2.646279919812081
146.125	2.45486935082092
146.25	2.230940771911907
146.375	1.9777294851862102
146.5	1.6984230736788724
146.625	1.3954826919438938
146.75	1.0724508568016788
146.875	0.7333566426738725
147.0	0.3833137377019397
147.125	0.027624807965332357
147.25	-0.32818454643057093
147.375	-0.6792113907886068
147.5	-1.0217419968556312
147.625	-1.3526853679708561
147.75	-1.6699771031932353
147.875	-1.9718611747585375
148.0	-2.257057261551364
148.125	-2.5236227145126437
148.25	-2.769628322223055
148.375	-2.9918316983459317
148.5	-3.1869442665106242
148.625	-3.352204880473241
148.75	-3.4851964540364717
148.875	-3.583912372947199
149.0	-3.6472772665719178
149.125	-3.6755914528872005
149.25	-3.670226656251888
149.375	-3.630842414286712
149.5	-3.560566825365454
149.625	-3.4601934555602343
149.75	-3.331948360371297
149.875	-3.176470383595353
150.0	-2.9937972196978233
150.125	-2.785420665602071
150.25	-2.5501171047159144
150.375	-2.293984227454872
150.5	-2.0198403394705884
150.625	-1.733801256630486
150.75	-1.4380335172051064
150.875	-1.1311858804830244
151.0	-0.8105803659568738
151.125	-0.4802256463560382
151.25	-0.1430543038997539
151.375	0.1964534381585346
151.5	0.5367498519311857
151.625	0.874941253593131
151.75	1.2124385358706338
151.875	1.5470509990832
152.0	1.8767258694462614
152.125	2.2006669174396736
152.25	2.513670114168481
152.375	2.8134963492861336
152.5	3.0976764118851987
152.625	3.365044149145944
152.75	3.616412391062285
152.875	3.849659617579513
153.0	4.063640535702656
153.125	4.254214717614072
153.25	4.417896082074536
153.375	4.551709630097144
153.5	4.654568967897895
153.625	4.726141329483541
153.75	4.765906255099285
153.875	4.773228591018695
154.0	4.7509948736884215
154.125	4.6993993969736065
154.25	4.617684387384893
154.375	4.50292682591766
154.5	4.35348633785358
154.625	4.167929256290402
154.75	3.9439051019820583
154.875	3.678759817063027
155.0	3.373154343997395
155.125	3.030236933155627
155.25	2.657710390515889
155.375	2.2613977520706183
155.5	1.8443942879452164
155.625	1.4038111266750843
155.75	0.9343724257239271
155.875	0.4316565640595412
156.0	-0.10225329056645166
156.125	-0.6571366557962843
156.25	-1.2168721990452687
156.375	-1.7614254655449584
156.5	-2.2760997303000505
156.625	-2.7518244581362437
156.75	-3.1871787124828885
156.875	-3.5858862804137632
157.0	-3.9522027129550654
157.125	-4.293956896384378
157.25	-4.613130291779152
157.375	-4.906990989253689
157.5	-5.1694250452074
157.625	-5.388842905494247
157.75	-5.554117509821222
157.875	-5.656272715094756
158.0	-5.694625851090178
158.125	-5.674133872378407
158.25	-5.602149503803594
158.375	-5.487538129707356
158.5	-5.337809458207411
158.625	-5.156498340070157
158.75	-4.9426084751284804
158.875	-4.694045400677748
159.0	-4.409763502163972
159.125	-4.091187973192663
159.25	-3.7437895316112755
159.375	-3.375304833190697
159.5	-2.99652223050131
159.625	-2.61903452963038
159.75	-2.252744961883913
159.875	-1.9047606196357472
160.0	-1.5782233788653037
160.125	-1.273876021200456
160.25	-0.9888518224103107
160.375	-0.7194564660109258
160.5	-0.4614037463797814
160.625	-0.21154124942102376
160.75	0.03205984980752574
160.875	0.2701458531974513
161.0	0.5021375110029762
161.125	0.7274068972935055
161.25	0.9457986443787259
161.375	1.1576951581942267
161.5	1.3642576668956163
161.625	1.5658542253756174
161.75	1.763763312147226
161.875	1.958533179807232
162.0	2.1515526420602544
162.125	2.3437659027440185
162.25	2.536306068053352
162.375	2.729852815129211
162.5	2.924128405739352
162.625	3.117566127896336
162.75	3.307650325937024
162.875	3.491317814479129
163.0	3.665979681465733
163.125	3.829044429473819
163.25	3.979417780529597
163.375	4.115929649452603
163.5	4.2378326425226005
163.625	4.343857538000389
163.75	4.432154752927008
163.875	4.500638845281109
164.0	4.545458763286447
164.125	4.563492474986908
164.25	4.54959636381304
164.375	4.499433422779069
164.5	4.409813401386432
164.625	4.279179479910953
164.75	4.107264597779732
164.875	3.8978635923295655
165.0	3.653983689722166
165.125	3.380258868088969
165.25	3.0811459512548836
165.375	2.757435884291018
165.5	2.40970937227367
165.625	2.037955180695392
165.75	1.642253520479785
165.875	1.2243515594660443
166.0	0.788719129555371
166.125	0.3425596194985493
166.25	-0.10621306620373942
166.375	-0.5496066718036424
166.5	-0.9805273932737681
166.625	-1.3944245002562734
166.75	-1.7891925087380465
166.875	-2.1643664463598267
167.0	-2.519888254970057
167.125	-2.854990374911227
167.25	-3.1681366855269597
167.375	-3.4562906925200023
167.5	-3.715914588777756
167.625	-3.9433521602093182
167.75	-4.135577664412963
167.875	-4.29112248630042
168.0	-4.409638828642784
168.125	-4.492126233586192
168.25	-4.53972238071162
168.375	-4.554163248802456
168.5	-4.536741130841517
168.625	-4.488530044656884
168.75	-4.409895126010012
168.875	-4.301559410340092
169.0	-4.164245773914342
169.125	-3.998961495580632
169.25	-3.8067310193293737
169.375	-3.5888856476593958
169.5	-3.3460538844791303
169.625	-3.0800287495839878
169.75	-2.7930508269575984
169.875	-2.4893440822966055
170.0	-2.172810993006637
170.125	-1.8470321988674034
170.25	-1.5150207904111046
170.375	-1.1783321491617664
170.5	-0.8385808463473235
170.625	-0.49700005389220864
170.75	-0.15465660168508347
170.875	0.18475794719743194
171.0	0.5170615929942186
171.125	0.8365235605465945
171.25	1.1401047756651268
171.375	1.4265419926064524
171.5	1.6952876885286279
171.625	1.9464134155278747
171.75	2.1790905629040704
171.875	2.3915619594784867
172.0	2.5810809295894512
172.125	2.743649175869277
172.25	2.8726114919578962
172.375	2.967295715958836
172.5	3.0245492027062215
172.625	3.042788780380695
172.75	3.0250171179040795
172.875	2.972625887598036
173.0	2.888737728693744
173.125	2.7773218624066307
173.25	2.641271936488952
173.375	2.482722911261599
173.5	2.3041247341466
173.625	2.1087690975081883
173.75	1.8985000833528187
173.875	1.6758748915979131
174.0	1.4435263838208026
174.125	1.2061735317480318
174.25	0.968356871057574
174.375	0.7360225492436916
174.5	0.5140285507384289
174.625	0.3065308024094396
174.75	0.11568634523889194
174.875	-0.05783320849296638
175.0	-0.2143904780996621
175.125	-0.3543596293497426
175.25	-0.4782315415719355
175.375	-0.5857242635536334
175.5	-0.6762015023065807
175.625	-0.7491789372467693
175.75	-0.8051218847543137
175.875	-0.8460694943952185
176.0	-0.8740636353478628
176.125	-0.8908632620771743
176.25	-0.8980564673754493
176.375	-0.8950585328343273
176.5	-0.8808409186997782
176.625	-0.8543659453490177
176.75	-0.8157119313199271
176.875	-0.7665005937730238
177.0	-0.709094005999811
177.125	-0.6471216185715942
177.25	-0.583793576707865
177.375	-0.520584392169489
177.5	-0.4606224116466218
177.625	-0.40409236929874576
177.75	-0.352006221456507
177.875	-0.3035236356541822
178.0	-0.2604216058399704
178.125	-0.22295987492946795
178.25	-0.1903324542585455
178.375	-0.16167709732141725
178.5	-0.1371289633547055
178.625	-0.11645462370580063
178.75	-0.0987490365680517
178.875	-0.08337104627416045
179.0	-0.07012306852560428
179.125	-0.06083866788266343
179.25	-0.05312622788705231
179.375	-0.048680175307737175
179.5	-0.04442673192596181
179.625	-0.04245599097029879
179.75	-0.041594095389297585
179.875	-0.04154538979754012
180.0	-0.044001058889347515
180.125	-0.05070307087723593
180.25	-0.0635237552740488
180.375	-0.08009783997699424
180.5	-0.09937621663049809
180.625	-0.11957406030572391
180.75	-0.1387982949088138
180.875	-0.15602816484012824
181.0	-0.17390542316074667
181.125	-0.1934019658275393
181.25	-0.21544042758640758
181.375	-0.23746174473372436
181.5	-0.25724677411799124
181.625	-0.26969496869140447
181.75	-0.27130192232861594
181.875	-0.25957758685479093
182.0	-0.23432290407138745
182.125	-0.19589328354205662
182.25	-0.1459182158200217
182.375	-0.08492032275807486
182.5	-0.014189913473429976
182.625	0.06598462990496327
182.75	0.1536277678541791
182.875	0.24712376698048497
183.0	0.34392817397293446
183.125	0.4421315943721795
183.25	0.5395869250637829
183.375	0.63467402410748
183.5	0.7257377601643575
183.625	0.8113422966876835
183.75	0.8888631851564153
183.875	0.9562109366265933
184.0	1.0111251890703197
184.125	1.052063682795924
184.25	1.0771580428880692
184.375	1.0857893697407528
184.5	1.077764307149746
184.625	1.0517975184017587
184.75	1.0068674612477746
184.875	0.942874100743772
185.0	0.8607251446782473
185.125	0.7616992198311314
185.25	0.6476412839251493
185.375	0.5221843820986366
185.5	0.38796226769648035
185.625	0.24785476989806374
185.75	0.10384139072209518
185.875	-0.042677089302784466
186.0	-0.19076502088204939
186.125	-0.3398351619964526
186.25	-0.4891387349121933
186.375	-0.6368948011276198
186.5	-0.7813571850703076
186.625	-0.9213343213271384
186.75	-1.0554496727700593
186.875	-1.1827130030379696
187.0	-1.3005851638883312
187.125	-1.407905278768039
187.25	-1.5026611368715845
187.375	-1.5833320379982279
187.5	-1.6480548601446112
187.625	-1.6966435648470397
187.75	-1.7293148714825748
187.875	-1.7464361776675104
188.0	-1.7483831213472516
188.125	-1.7350174396216982
188.25	-1.7059312487184366
188.375	-1.6604187088890372
188.5	-1.598207890754968
188.625	-1.5202913214467735
188.75	-1.4276320617251796
188.875	-1.3223062723036132
189.0	-1.2063216661397165
189.125	-1.0817547639606981
189.25	-0.9503618134066686
189.375	-0.8137134873162759
189.5	-0.6731919542533379
189.625	-0.5290904731698243
189.75	-0.3813279138573016
189.875	-0.22982138391710316
190.0	-0.07498992845881229
190.125	0.08300762198118075
190.25	0.2429565987581
190.375	0.40329299167308386
190.5	0.562035495071742
190.625	0.7173262504689784
190.75	0.8672341250224831
190.875	1.0098598394997658
191.0	1.1431707055210616
191.125	1.2657553178620502
191.25	1.3766275029161066
191.375	1.4761582301296468
191.5	1.564804852955538
191.625	1.6426346042369167
191.75	1.7097463970580657
191.875	1.7659695342693504
192.0	1.8112040865756514
192.125	1.846337896644864
192.25	1.8704233713793748
192.375	1.8832386721822147
192.5	1.885321867901883
192.625	1.8767461033863921
192.75	1.8582974619421389
192.875	1.830015024212088
193.0	1.792367323728137
193.125	1.745413930458054
193.25	1.6905157441271372
193.375	1.6277683092424418
193.5	1.5579449647751493
193.625	1.4817052030787645
193.75	1.4000615007846653
193.875	1.3133780149335872
194.0	1.223174773048025
194.125	1.1293110725936353
194.25	1.032928498506169
194.375	0.9356878750000942
194.5	0.8389330782797841
194.625	0.743193925347393
194.75	0.6477021440497317
194.875	0.5516295437372519
195.0	0.45401569630504923
195.125	0.35413224466114135
195.25	0.2508640872550696
195.375	0.14256477479011878
195.5	0.027062694996596245
195.625	-0.09777117956994517
195.75	-0.23360864991361943
195.875	-0.38116595726953834
196.0	-0.5395677296646274
196.125	-0.7076380000269603
196.25	-0.8835902228051244
196.375	-1.065749998747908
196.5	-1.2520461521661888
196.625	-1.4411795507678689
196.75	-1.632175223538532
196.875	-1.8234545673359508
197.0	-2.013400009004999
197.125	-2.199344468883767
197.25	-2.379048384709528
197.375	-2.549648345566243
197.5	-2.708719150012364
197.625	-2.8546364306265586
197.75	-2.985874539198897
197.875	-3.1019990583311534
198.0	-3.202019238612374
198.125	-3.2853025449901088
198.25	-3.350814456339064
198.375	-3.3973838119876003
198.5	-3.4241328674361897
198.625	-3.4288704958813803
198.75	-3.409990433349157
198.875	-3.3654946913849777
199.0	-3.2934349726698247
199.125	-3.1911774924495466
199.25	-3.05501161312446
199.375	-2.8822373253287217
199.5	-2.6702208267264798
199.625	-2.4186967209012904
199.75	-2.1302426580488496
199.875	-1.808361750129139
200.0	-1.4584736786104207
200.125	-1.0854037008739181
200.25	-0.6932064991639352
200.375	-0.2832256831971232
200.5	0.14257673268361193
200.625	0.5824256794137851
200.75	1.0315163392089333
200.875	1.4851190066985194
201.0	1.9348088916107655
201.125	2.3730593866633143
201.25	2.7936211658329784
201.375	3.190720436818825
201.5	3.5621760009639774
201.625	3.9084223435997787
201.75	4.232962626721006
201.875	4.539644425597271
202.0	4.82755116721918
202.125	5.093787036017438
202.25	5.328224583856002
202.375	5.5186546946250585
202.5	5.6514681325190566
202.625	5.716396314953648
202.75	5.709378473840943
202.875	5.632329235280493
203.0	5.49289069376642
203.125	5.301024995117689
203.25	5.065858683707433
203.375	4.794567968847878
203.5	4.489967992527347
203.625	4.152407032215993
203.75	3.779315239221984
203.875	3.368346673340387
204.0	2.9179832382455353
204.125	2.4307995671788274
204.25	1.913901438003279
204.375	1.3789746066555646
204.5	0.8386878438531952
204.625	0.30509652252735764
204.75	-0.21351933543863147
204.875	-0.71184612272155
205.0	-1.189423091703937
205.125	-1.6466207255579233
205.25	-2.0842851647319396
205.375	-2.5019302413198656
205.5	-2.8983742530305046
205.625	-3.2713400960513885
205.75	-3.6176865043596513
205.875	-3.934803185953148
206.0	-4.221265179129067
206.125	-4.474245356744188
206.25	-4.692099930368849
206.375	-4.872442186610224
206.5	-5.014458302030633
206.625	-5.116363972080867
206.75	-5.178040440959787
206.875	-5.200418144390244
207.0	-5.183050301968292
207.125	-5.126820568452894
207.25	-5.031751473104363
207.375	-4.900198333867717
207.5	-4.7322538245328145
207.625	-4.531200360672838
207.75	-4.299951335438651
207.875	-4.04050926994746
208.0	-3.756600138727495
208.125	-3.4505121683153095
208.25	-3.1258700390938263
208.375	-2.784505748173264
208.5	-2.4298109740053206
208.625	-2.0642171187772465
208.75	-1.690781861621476
208.875	-1.3126857667962628
209.0	-0.9333194747257144
209.125	-0.5563485657460426
209.25	-0.18554881783733718
209.375	0.17609973133574966
209.5	0.5268659946337805
209.625	0.8656128051112252
209.75	1.1920433233511105
209.875	1.5058830211523895
210.0	1.8071549051568692
210.125	2.0949712903220563
210.25	2.3682779502058926
210.375	2.626391189325707
210.5	2.8669985689425204
210.625	3.0876769749227155
210.75	3.285467010930545
210.875	3.4581478465309283
211.0	3.603271911052559
211.125	3.718846261411574
211.25	3.8036154932346036
211.375	3.8571878332980747
211.5	3.8795978186138576
211.625	3.872599460490861
211.75	3.8373564244139264
211.875	3.7764476379348197
212.0	3.692394566083931
212.125	3.5873596554099216
212.25	3.461799258237437
212.375	3.316251723453434
212.5	3.1506305255812306
212.625	2.9662851672009642
212.75	2.764394174930104
212.875	2.5497743427078294
213.0	2.3238799423211756
213.125	2.089527409693538
213.25	1.845459135798735
213.375	1.5921248884710517
213.5	1.3336803849741004
213.625	1.0774341615676277
213.75	0.8288965083561529
213.875	0.5907990216040303
214.0	0.3697543226299883
214.125	0.15709751432317678
214.25	-0.08332262601033458
214.375	-0.31674182498684006
214.5	-0.48290854439483405
214.625	-0.6421227343733448
214.75	-0.7782406831632523
214.875	-0.9188070706676682
215.0	-1.0622169968065478
215.125	-1.1708871060309483
215.25	-1.262780152995091
215.375	-1.336887793723887
215.5	-1.405501867076446
215.625	-1.4691406030807024
215.75	-1.5268065777378597
215.875	-1.580465750388204
216.0	-1.6289243681988588
216.125	-1.66978748152728
216.25	-1.7048896359514045
216.375	-1.7334248873681233
216.5	-1.7588092930719557
216.625	-1.7818880090025637
216.75	-1.804735751325157
216.875	-1.828250903637861
217.0	-1.8532187397424598
217.125	-1.8793116363106945
217.25	-1.9074918267086605
217.375	-1.9378276583776928
217.5	-1.9719542640823327
217.625	-2.0091856893567943
217.75	-2.0485511413397104
217.875	-2.0881258723096354
218.0	-2.125004516183968
218.125	-2.1570959542139905
218.25	-2.1826791696326597
218.375	-2.2008238406482685
218.5	-2.2114474975969736
218.625	-2.2135128248735714
218.75	-2.2057778306332962
218.875	-2.1858655386060537
219.0	-2.1516299075049345
219.125	-2.101042420896614
219.25	-2.0319622438844895
219.375	-1.9432679083818016
219.5	-1.8341725145791778
219.625	-1.7041130469043653
219.75	-1.5527950403526725
219.875	-1.3818593304260431
220.0	-1.1918575804910096
220.125	-0.9851568045301586
220.25	-0.7634587848435206
220.375	-0.5298557093626435
220.5	-0.28671830564044903
220.625	-0.03604198787933601
220.75	0.21834497425881172
220.875	0.4746976826331318
221.0	0.732387476128089
221.125	0.990927681481894
221.25	1.2503092738495252
221.375	1.5106376654020344
221.5	1.7716916918584926
221.625	2.029965589078651
221.75	2.282020012052066
221.875	2.5256314511979228
222.0	2.7571153860402102
222.125	2.9743733011668287
222.25	3.17509887909091
222.375	3.358323286773188
222.5	3.52189298211483
222.625	3.6640927567488024
222.75	3.7832621670702156
222.875	3.8777610000181952
223.0	3.9475140837139264
223.125	3.9931992183425526
223.25	4.014150445588609
223.375	4.009725593340982
223.5	3.9782522611868307
223.625	3.9183985079014145
223.75	3.828245576759821
223.875	3.7068079922489567
224.0	3.553360785897877
224.125	3.368425500995329
224.25	3.1525088541597888
224.375	2.906946212055927
224.5	2.6329779342407025
224.625	2.332683511873258
224.75	2.008306321573478
224.875	1.6620100872500558
225.0	1.296279652791153
225.125	0.9136366696390471
225.25	0.5167189523474516
225.375	0.10845820838933756
225.5	-0.30903231105212514
225.625	-0.7324217950113256
225.75	-1.1585607187246818
225.875	-1.582652012642458
226.0	-1.999570821249507
226.125	-2.4041573588165743
226.25	-2.790289388512165
226.375	-3.153096425053996
226.5	-3.488704271750733
226.625	-3.79502168097215
226.75	-4.070958883683313
226.875	-4.314799436122529
227.0	-4.5259169531856545
227.125	-4.702180986834161
227.25	-4.84052764153276
227.375	-4.938430483306652
227.5	-4.993491602482324
227.625	-5.004442926526889
227.75	-4.971184778882521
227.875	-4.8942614625561935
228.0	-4.776223201672252
228.125	-4.617586723228734
228.25	-4.421836075132499
228.375	-4.191120070455967
228.5	-3.9284753093537783
228.625	-3.6361374147240455
228.75	-3.316233931500262
228.875	-2.973100549118143
229.0	-2.609120915145547
229.125	-2.229246718664019
229.25	-1.8385143335190346
229.375	-1.441940003418877
229.5	-1.04625781184915
229.625	-0.6558169887272753
229.75	-0.2757548730782789
229.875	0.0920989310767827
230.0	0.4460880836792619
230.125	0.7854471467165367
230.25	1.1097187365768113
230.375	1.4182628074886547
230.5	1.70983526146041
230.625	1.9832173254803902
230.75	2.2362862335238844
230.875	2.4681006495248097
231.0	2.6776612336841374
231.125	2.8648390327914903
231.25	3.0297788693733088
231.375	3.17302655290346
231.5	3.2950267853548527
231.625	3.3959766521611936
231.75	3.475233405210422
231.875	3.532731714463202
232.0	3.567975975371947
232.125	3.5816260643935887
232.25	3.573657595307653
232.375	3.544886624647243
232.5	3.49612122452248
232.625	3.4282726101890324
232.75	3.3419186541817516
232.875	3.2372924188996794
233.0	3.1151055101383607
233.125	2.975721795803614
233.25	2.819548001292194
233.375	2.6470916504238082
233.5	2.4594302051809906
233.625	2.258135523339732
233.75	2.0449203693655615
233.875	1.8211943021171777
234.0	1.5873952893732401
234.125	1.3436017470502508
234.25	1.090495402919498
234.375	0.8301373967903498
234.5	0.5646544284808492
234.625	0.29438005701506487
234.75	0.022957992954557527
234.875	-0.24589298050000896
235.0	-0.5076125957179877
235.125	-0.7551075544800464
235.25	-0.9864173846675773
235.375	-1.1984596682589674
235.5	-1.3867432948643965
235.625	-1.548425201711501
235.75	-1.684335508729946
235.875	-1.7949622460391088
236.0	-1.8831799878651028
236.125	-1.9492732617145305
236.25	-1.991490054040285
236.375	-2.011299976278598
236.5	-2.0099846756393123
236.625	-1.9857188000724553
236.75	-1.9373141144710295
236.875	-1.8677134266861972
237.0	-1.7809249273355576
237.125	-1.6810181183344193
237.25	-1.570107572262075
237.375	-1.4521991677061445
237.5	-1.3298834806059767
237.625	-1.2069261790470414
237.75	-1.085358097689727
237.875	-0.9667812200698339
238.0	-0.8535888562825649
238.125	-0.7480364415832124
238.25	-0.652745206266997
238.375	-0.5702664508947173
238.5	-0.5030908048987893
238.625	-0.45317747935288694
238.75	-0.4212219473464425
238.875	-0.4079681801151887
239.0	-0.4133183963956299
239.125	-0.43572492271522917
239.25	-0.4733683555337548
239.375	-0.5231868446289711
239.5	-0.5821044341814726
239.625	-0.6466541315642166
239.75	-0.7130680549390879
239.875	-0.7792374121855262
240.0	-0.842327323196144
240.125	-0.9010123769754317
240.25	-0.9532796888948076
240.375	-0.9976563930443868
240.5	-1.03294220088401
240.625	-1.0581385907751946
240.75	-1.0719681624224364
240.875	-1.0738406045192865
241.0	-1.0623365148670811
241.125	-1.038053908835549
241.25	-1.0001190416713135
241.375	-0.9497014360871564
241.5	-0.8870061953631314
241.625	-0.8135428680670482
241.75	-0.7300088132868384
241.875	-0.6365452938336937
242.0	-0.5332351430898089
242.125	-0.4199348454560241
242.25	-0.2975215650361789
242.375	-0.1662643993247542
242.5	-0.027360267559763743
242.625	0.11592170069792047
242.75	0.2621586864765262
242.875	0.4089474284654287
243.0	0.5563925884370006
243.125	0.7019426528397561
243.25	0.8456851766655424
243.375	0.986169100038901
243.5	1.1226614968856299
243.625	1.2532659501545016
243.75	1.3763005179799646
243.875	1.4922023353513814
244.0	1.599644699695101
244.125	1.6988659054266875
244.25	1.7890892484711631
244.375	1.8701725923261514
244.5	1.9410195498486296
244.625	2.000396797235771
244.75	2.047399877268977
244.875	2.0817419412203577
245.0	2.1024405623147464
245.125	2.1109436487932056
245.25	2.107997758484086
245.375	2.0953285919248237
245.5	2.073826292362948
245.625	2.044372643084239
245.75	2.007042958184884
245.875	1.961260032946181
246.0	1.9060295293559635
246.125	1.840489967203403
246.25	1.7630346807861705
246.375	1.673190613220608
246.5	1.570135627051439
246.625	1.4540852790566565
246.75	1.3252444203922236
246.875	1.1837206962404383
247.0	1.0299057442236954
247.125	0.8647972374383691
247.25	0.6899564114770941
247.375	0.5086403671946419
247.5	0.32336963107080285
247.625	0.13754512918326456
