0.0	-0.093868
0.125	-0.248839
0.25	-0.387699
0.375	-0.510611
0.5	-0.617897
0.625	-0.709996
0.75	-0.787383
0.875	-0.85057
1.0	-0.900149
1.125	-0.936802
1.25	-0.961265
1.375	-0.974308
1.5	-0.976756
1.625	-0.969502
1.75	-0.953502
1.875	-0.929761
2.0	-0.899328
2.125	-0.863304
2.25	-0.822834
2.375	-0.779087
2.5	-0.733241
2.625	-0.686457
2.75	-0.639862
2.875	-0.594515
3.0	-0.551378
3.125	-0.51129
3.25	-0.474939
3.375	-0.442846
3.5	-0.415354
3.625	-0.392624
3.75	-0.374638
3.875	-0.36122
4.0	-0.35205
4.125	-0.346694
4.25	-0.344631
4.375	-0.345281
4.5	-0.348032
4.625	-0.352268
4.75	-0.357385
4.875	-0.362807
5.0	-0.368002
5.125	-0.372491
5.25	-0.375846
5.375	-0.377702
5.5	-0.37775
5.625	-0.375742
5.75	-0.371482
5.875	-0.364829
6.0	-0.355686
6.125	-0.344
6.25	-0.329755
6.375	-0.312965
6.5	-0.293671
6.625	-0.271936
6.75	-0.247838
6.875	-0.221472
7.0	-0.192945
7.125	-0.162374
7.25	-0.129891
7.375	-0.095643
7.5	-0.059791
7.625	-0.022516
7.75	0.015977
7.875	0.055458
8.0	0.095671
8.125	0.136323
8.25	0.177094
8.375	0.217623
8.5	0.257517
8.625	0.296352
8.75	0.333672
8.875	0.369005
9.0	0.401866
9.125	0.431779
9.25	0.458287
9.375	0.480975
9.5	0.499488
9.625	0.513551
9.75	0.522981
9.875	0.527702
10.0	0.52775
10.125	0.523273
10.25	0.514528
10.375	0.501868
10.5	0.485731
10.625	0.466619
10.75	0.445082
10.875	0.421696
11.0	0.397045
11.125	0.371706
11.25	0.346231
11.375	0.321138
11.5	0.296898
11.625	0.273931
11.75	0.252603
11.875	0.233217
12.0	0.216016
12.125	0.201182
12.25	0.18883
12.375	0.179016
12.5	0.17173
12.625	0.166897
12.75	0.164377
12.875	0.163967
13.0	0.165401
13.125	0.168356
13.25	0.17246
13.375	0.177302
13.5	0.182445
13.625	0.187444
13.75	0.191863
13.875	0.195297
14.0	0.197387
14.125	0.197841
14.25	0.196446
14.375	0.193076
14.5	0.187694
14.625	0.180352
14.75	0.171184
14.875	0.160385
15.0	0.148201
15.125	0.134906
15.25	0.120779
15.375	0.106087
15.5	0.091067
15.625	0.075906
15.75	0.060732
15.875	0.045603
16.0	0.030508
16.125	0.015359
16.25	-2.0e-6
16.375	-0.015794
16.5	-0.032294
16.625	-0.049821
16.75	-0.068723
16.875	-0.089362
17.0	-0.112102
17.125	-0.137286
17.25	-0.165226
17.375	-0.196184
17.5	-0.230354
17.625	-0.267849
17.75	-0.308685
17.875	-0.352768
18.0	-0.399889
18.125	-0.449713
18.25	-0.501776
18.375	-0.555496
18.5	-0.61017
18.625	-0.664993
18.75	-0.719076
18.875	-0.771459
19.0	-0.821144
19.125	-0.867112
19.25	-0.908354
19.375	-0.943891
19.5	-0.9728
19.625	-0.994231
19.75	-1.007421
19.875	-1.011706
20.0	-1.006527
20.125	-0.991433
20.25	-0.966084
20.375	-0.930253
20.5	-0.883824
20.625	-0.826792
20.75	-0.759256
20.875	-0.681411
21.0	-0.593536
21.125	-0.49599
21.25	-0.389208
21.375	-0.273713
21.5	-0.150138
21.625	-0.019254
21.75	0.117997
21.875	0.260472
22.0	0.406813
22.125	0.555426
22.25	0.704473
22.375	0.851851
22.5	0.995176
22.625	1.131762
22.75	1.258624
22.875	1.372526
23.0	1.470085
23.125	1.547946
23.25	1.603006
23.375	1.632681
23.5	1.635155
23.625	1.609574
23.75	1.556162
23.875	1.476224
24.0	1.372046
24.125	1.246712
24.25	1.103865
24.375	0.947454
24.5	0.781502
24.625	0.609903
24.75	0.436282
24.875	0.2639
25.0	0.095609
25.125	-0.066161
25.25	-0.219381
25.375	-0.362392
25.5	-0.493868
25.625	-0.612769
25.75	-0.718297
25.875	-0.809852
26.0	-0.886998
26.125	-0.949425
26.25	-0.996923
26.375	-1.029359
26.5	-1.046666
26.625	-1.048831
26.75	-1.0359
26.875	-1.007986
27.0	-0.965284
27.125	-0.90809
27.25	-0.836832
27.375	-0.752093
27.5	-0.654647
27.625	-0.545491
27.75	-0.425869
27.875	-0.297297
28.0	-0.161571
28.125	-0.020764
28.25	0.122806
28.375	0.266622
28.5	0.408043
28.625	0.544403
28.75	0.673119
28.875	0.791806
29.0	0.898392
29.125	0.991209
29.25	1.069061
29.375	1.131254
29.5	1.177597
29.625	1.208356
29.75	1.22419
29.875	1.226069
30.0	1.215173
30.125	1.19281
30.25	1.160326
30.375	1.119046
30.5	1.070216
30.625	1.014975
30.75	0.954331
30.875	0.889153
31.0	0.820168
31.125	0.747968
31.25	0.673019
31.375	0.595673
31.5	0.516178
31.625	0.434695
31.75	0.351305
31.875	0.26603
32.0	0.178839
32.125	0.089666
32.25	-0.001572
32.375	-0.094958
32.5	-0.190558
32.625	-0.2884
32.75	-0.388459
32.875	-0.490646
33.0	-0.594802
33.125	-0.700694
33.25	-0.808021
33.375	-0.916422
33.5	-1.025482
33.625	-1.134751
33.75	-1.243749
33.875	-1.351981
34.0	-1.45894
34.125	-1.564112
34.25	-1.666974
34.375	-1.766988
34.5	-1.863589
34.625	-1.956171
34.75	-2.044069
34.875	-2.126547
35.0	-2.202783
35.125	-2.27186
35.25	-2.332769
35.375	-2.384405
35.5	-2.42558
35.625	-2.455036
35.75	-2.471484
35.875	-2.473643
36.0	-2.460295
36.125	-2.430309
36.25	-2.382628
36.375	-2.316248
36.5	-2.230213
36.625	-2.12369
36.75	-1.996079
36.875	-1.847047
37.0	-1.676405
37.125	-1.483854
37.25	-1.268822
37.375	-1.030604
37.5	-0.768791
37.625	-0.483596
37.75	-0.175652
37.875	0.15473
38.0	0.508239
38.125	0.886401
38.25	1.290445
38.375	1.720045
38.5	2.17316
38.625	2.647339
38.75	3.141276
38.875	3.65442
39.0	4.18331
39.125	4.715588
39.25	5.224941
39.375	5.671054
39.5	6.006725
39.625	6.190135
39.75	6.196967
39.875	6.026975
40.0	5.702536
40.125	5.260693
40.25	4.742747
40.375	4.185498
40.5	3.616413
40.625	3.05293
40.75	2.504582
40.875	1.976053
41.0	1.469651
41.125	0.986684
41.25	0.52804
41.375	0.094403
41.5	-0.313712
41.625	-0.695998
41.75	-1.052349
41.875	-1.382803
42.0	-1.687489
42.125	-1.966614
42.25	-2.22046
42.375	-2.449361
42.5	-2.653687
42.625	-2.833841
42.75	-2.990251
42.875	-3.123353
43.0	-3.233579
43.125	-3.321343
43.25	-3.387041
43.375	-3.431044
43.5	-3.453713
43.625	-3.455405
43.75	-3.436498
43.875	-3.39742
44.0	-3.338677
44.125	-3.260888
44.25	-3.164822
44.375	-3.05143
44.5	-2.921876
44.625	-2.777563
44.75	-2.620145
44.875	-2.451537
45.0	-2.273898
45.125	-2.089606
45.25	-1.901214
45.375	-1.711377
45.5	-1.522775
45.625	-1.338016
45.75	-1.15953
45.875	-0.989475
46.0	-0.829646
46.125	-0.681399
46.25	-0.545612
46.375	-0.422661
46.5	-0.312436
46.625	-0.214372
46.75	-0.127516
46.875	-0.050594
47.0	0.017905
47.125	0.079655
47.25	0.136422
47.375	0.190008
47.5	0.242191
47.625	0.294678
47.75	0.349056
47.875	0.406763
48.0	0.469082
48.125	0.537161
48.25	0.612044
48.375	0.694674
48.5	0.785847
48.625	0.886117
48.75	0.995718
48.875	1.114551
49.0	1.2423
49.125	1.3786
49.25	1.52316
49.375	1.675709
49.5	1.835743
49.625	2.002182
49.75	2.17314
49.875	2.345976
50.0	2.517614
50.125	2.684973
50.25	2.845202
50.375	2.995518
50.5	3.132641
50.625	3.252068
50.75	3.347564
50.875	3.411209
51.0	3.434149
51.125	3.407906
51.25	3.325883
51.375	3.184621
51.5	2.984469
51.625	2.729532
51.75	2.42701
51.875	2.086144
52.0	1.717062
52.125	1.329768
52.25	0.933397
52.375	0.535793
52.5	0.143367
52.625	-0.238832
52.75	-0.60693
52.875	-0.958
53.0	-1.289826
53.125	-1.600708
53.25	-1.889312
53.375	-2.154551
53.5	-2.395514
53.625	-2.611418
53.75	-2.801581
53.875	-2.965409
54.0	-3.102401
54.125	-3.212148
54.25	-3.294346
54.375	-3.348805
54.5	-3.375459
54.625	-3.37438
54.75	-3.345773
54.875	-3.290016
55.0	-3.207636
55.125	-3.099318
55.25	-2.965951
55.375	-2.808565
55.5	-2.628353
55.625	-2.426696
55.75	-2.205171
55.875	-1.965581
56.0	-1.709976
56.125	-1.440693
56.25	-1.160383
56.375	-0.872031
56.5	-0.578965
56.625	-0.284822
56.75	0.006511
56.875	0.291008
57.0	0.564654
57.125	0.823627
57.25	1.064498
57.375	1.284412
57.5	1.481245
57.625	1.653686
57.75	1.801254
57.875	1.924229
58.0	2.023514
58.125	2.100453
58.25	2.156639
58.375	2.193729
58.5	2.213306
58.625	2.216787
58.75	2.205388
58.875	2.180129
59.0	2.141865
59.125	2.091343
59.25	2.029257
59.375	1.956293
59.5	1.87317
59.625	1.780668
59.75	1.679641
59.875	1.571022
60.0	1.455814
60.125	1.335081
60.25	1.209928
60.375	1.08148
60.5	0.950856
60.625	0.819139
60.75	0.687359
60.875	0.55646
61.0	0.427287
61.125	0.300576
61.25	0.176946
61.375	0.056907
61.5	-0.059138
61.625	-0.170871
61.75	-0.278055
61.875	-0.380511
62.0	-0.478115
62.125	-0.570786
62.25	-0.658476
62.375	-0.741177
62.5	-0.818907
62.625	-0.891719
62.75	-0.959695
62.875	-1.022941
63.0	-1.081592
63.125	-1.135798
63.25	-1.185723
63.375	-1.231536
63.5	-1.273402
63.625	-1.311469
63.75	-1.345862
63.875	-1.376672
64.0	-1.403945
64.125	-1.427678
64.25	-1.447813
64.375	-1.464237
64.5	-1.476787
64.625	-1.485247
64.75	-1.48936
64.875	-1.488828
65.0	-1.483315
65.125	-1.472446
65.25	-1.455805
65.375	-1.432962
65.5	-1.403505
65.625	-1.367082
65.75	-1.32337
65.875	-1.27196
66.0	-1.212176
66.125	-1.143035
66.25	-1.063504
66.375	-0.973026
66.5	-0.871873
66.625	-0.760742
66.75	-0.63952
66.875	-0.506076
67.0	-0.356525
67.125	-0.18762
67.25	-8.0e-6
67.375	0.200728
67.5	0.407742
67.625	0.619986
67.75	0.846708
67.875	1.103673
68.0	1.401484
68.125	1.733067
68.25	2.072258
68.375	2.391141
68.5	2.686145
68.625	2.98948
68.75	3.355496
68.875	3.833315
69.0	4.436414
69.125	5.116823
69.25	5.765572
69.375	6.249333
69.5	6.459224
69.625	6.345339
69.75	5.927328
69.875	5.279149
70.0	4.497766
70.125	3.672918
70.25	2.869359
70.375	2.122864
70.5	1.445409
70.625	0.834138
70.75	0.280387
70.875	-0.224058
71.0	-0.684924
71.125	-1.10614
71.25	-1.490715
71.375	-1.840958
71.5	-2.158608
71.625	-2.445209
71.75	-2.702312
71.875	-2.93136
72.0	-3.133538
72.125	-3.309783
72.25	-3.460867
72.375	-3.587395
72.5	-3.689782
72.625	-3.768276
72.75	-3.823018
72.875	-3.854108
73.0	-3.86164
73.125	-3.845749
73.25	-3.806669
73.375	-3.744783
73.5	-3.660667
73.625	-3.555121
73.75	-3.429197
73.875	-3.284217
74.0	-3.121771
74.125	-2.943715
74.25	-2.752135
74.375	-2.54931
74.5	-2.337654
74.625	-2.119649
74.75	-1.897764
74.875	-1.674376
75.0	-1.451692
75.125	-1.231677
75.25	-1.015994
75.375	-0.805969
75.5	-0.602568
75.625	-0.406412
75.75	-0.2178
75.875	-0.036761
76.0	0.136872
76.125	0.303392
76.25	0.463131
76.375	0.616392
76.5	0.76338
76.625	0.904158
76.75	1.038623
76.875	1.1665
77.0	1.287364
77.125	1.400678
77.25	1.505851
77.375	1.6023
77.5	1.689526
77.625	1.767179
77.75	1.835114
77.875	1.893437
78.0	1.942514
78.125	1.982981
78.25	2.015708
78.375	2.041759
78.5	2.062333
78.625	2.078691
78.75	2.092092
78.875	2.103717
79.0	2.11461
79.125	2.125634
79.25	2.137434
79.375	2.150415
79.5	2.164732
79.625	2.180281
79.75	2.19669
79.875	2.213301
80.0	2.229153
80.125	2.242958
80.25	2.253086
80.375	2.257575
80.5	2.254173
80.625	2.240423
80.75	2.213782
80.875	2.171786
81.0	2.112225
81.125	2.03332
81.25	1.933868
81.375	1.813348
81.5	1.671962
81.625	1.510623
81.75	1.33088
81.875	1.134798
82.0	0.924823
82.125	0.703628
82.25	0.473978
82.375	0.238603
82.5	0.000105
82.625	-0.239105
82.75	-0.476847
82.875	-0.711195
83.0	-0.940476
83.125	-1.163259
83.25	-1.378341
83.375	-1.584724
83.5	-1.781593
83.625	-1.968286
83.75	-2.14427
83.875	-2.309112
84.0	-2.462453
84.125	-2.603976
84.25	-2.733387
84.375	-2.850384
84.5	-2.954648
84.625	-3.045823
84.75	-3.123515
84.875	-3.187288
85.0	-3.236674
85.125	-3.271186
85.25	-3.29033
85.375	-3.29363
85.5	-3.280643
85.625	-3.250977
85.75	-3.20431
85.875	-3.140396
86.0	-3.059076
86.125	-2.960274
86.25	-2.844001
86.375	-2.710342
86.5	-2.559448
86.625	-2.391523
86.75	-2.206812
86.875	-2.005594
87.0	-1.788167
87.125	-1.554855
87.25	-1.306002
87.375	-1.041983
87.5	-0.763215
87.625	-0.470168
87.75	-0.163392
87.875	0.156463
88.0	0.488588
88.125	0.831937
88.25	1.185092
88.375	1.546061
88.5	1.912042
88.625	2.279152
88.75	2.642226
88.875	2.994737
89.0	3.328952
89.125	3.636366
89.25	3.908388
89.375	4.137204
89.5	4.316655
89.625	4.44292
89.75	4.514877
89.875	4.534032
90.0	4.504063
90.125	4.430093
90.25	4.31787
90.375	4.173039
90.5	4.000623
90.625	3.804775
90.75	3.588776
90.875	3.355203
91.0	3.106167
91.125	2.843554
91.25	2.569212
91.375	2.285061
91.5	1.993142
91.625	1.695605
91.75	1.39467
91.875	1.092572
92.0	0.791497
92.125	0.493536
92.25	0.200645
92.375	-0.085382
92.5	-0.362925
92.625	-0.63054
92.75	-0.886956
92.875	-1.13106
93.0	-1.361882
93.125	-1.578578
93.25	-1.780414
93.375	-1.966754
93.5	-2.13704
93.625	-2.290791
93.75	-2.427593
93.875	-2.547096
94.0	-2.649012
94.125	-2.733116
94.25	-2.799249
94.375	-2.847314
94.5	-2.877286
94.625	-2.889206
94.75	-2.883187
94.875	-2.85941
95.0	-2.818129
95.125	-2.759668
95.25	-2.684422
95.375	-2.592855
95.5	-2.485504
95.625	-2.362979
95.75	-2.225965
95.875	-2.07523
96.0	-1.911624
96.125	-1.736089
96.25	-1.549655
96.375	-1.353452
96.5	-1.1487
96.625	-0.936718
96.75	-0.718923
96.875	-0.496829
97.0	-0.272057
97.125	-0.046329
97.25	0.178525
97.375	0.400574
97.5	0.617786
97.625	0.828038
97.75	1.02912
97.875	1.218749
98.0	1.394579
98.125	1.554242
98.25	1.695395
98.375	1.815806
98.5	1.913463
98.625	1.986697
98.75	2.034318
98.875	2.055727
99.0	2.050997
99.125	2.020904
99.25	1.966904
99.375	1.891055
99.5	1.795903
99.625	1.684335
99.75	1.559432
99.875	1.424329
100.0	1.282092
100.125	1.135628
100.25	0.987617
100.375	0.840475
100.5	0.69634
100.625	0.557068
100.75	0.42425
100.875	0.299226
101.0	0.183109
101.125	0.076809
101.25	-0.018952
101.375	-0.103616
101.5	-0.176776
101.625	-0.238163
101.75	-0.287635
101.875	-0.325169
102.0	-0.35086
102.125	-0.364916
102.25	-0.367656
102.375	-0.359517
102.5	-0.341049
102.625	-0.312928
102.75	-0.275949
102.875	-0.231038
103.0	-0.179246
103.125	-0.121748
103.25	-0.059837
103.375	0.005092
103.5	0.07156
103.625	0.138037
103.75	0.202972
103.875	0.26484
104.0	0.322187
104.125	0.373681
104.25	0.418156
104.375	0.454654
104.5	0.482458
104.625	0.501105
104.75	0.510396
104.875	0.51038
105.0	0.501334
105.125	0.483729
105.25	0.458189
105.375	0.425446
105.5	0.386304
105.625	0.341595
105.75	0.292152
105.875	0.238776
106.0	0.182226
106.125	0.123196
106.25	0.062316
106.375	0.000146
106.5	-0.062823
106.625	-0.126163
106.75	-0.1895
106.875	-0.252509
107.0	-0.314897
107.125	-0.376395
107.25	-0.436745
107.375	-0.495689
107.5	-0.552955
107.625	-0.608252
107.75	-0.661266
107.875	-0.711647
108.0	-0.759017
108.125	-0.802967
108.25	-0.843056
108.375	-0.878824
108.5	-0.909793
108.625	-0.935473
108.75	-0.955375
108.875	-0.969016
109.0	-0.97593
109.125	-0.975673
109.25	-0.967834
109.375	-0.952044
109.5	-0.927982
109.625	-0.895383
109.75	-0.85405
109.875	-0.80386
110.0	-0.744777
110.125	-0.67686
110.25	-0.600271
110.375	-0.515291
110.5	-0.422319
110.625	-0.321889
110.75	-0.214675
110.875	-0.101498
111.0	0.016657
111.125	0.13863
111.25	0.263071
111.375	0.388425
111.5	0.512928
111.625	0.634619
111.75	0.751359
111.875	0.860894
112.0	0.960925
112.125	1.049217
112.25	1.123712
112.375	1.182649
112.5	1.22468
112.625	1.24895
112.75	1.255155
112.875	1.243545
113.0	1.214901
113.125	1.170464
113.25	1.111842
113.375	1.0409
113.5	0.959653
113.625	0.870158
113.75	0.774429
113.875	0.674366
114.0	0.57171
114.125	0.468013
114.25	0.364624
114.375	0.262689
114.5	0.163158
114.625	0.066796
114.75	-0.0258
114.875	-0.11419
115.0	-0.19807
115.125	-0.277262
115.25	-0.351693
115.375	-0.421385
115.5	-0.486437
115.625	-0.547009
115.75	-0.603305
115.875	-0.655557
116.0	-0.704004
116.125	-0.748879
116.25	-0.790391
116.375	-0.828709
116.5	-0.863948
116.625	-0.896162
116.75	-0.925336
116.875	-0.951378
117.0	-0.974126
117.125	-0.993344
117.25	-1.008731
117.375	-1.019931
117.5	-1.02654
117.625	-1.028121
117.75	-1.024215
117.875	-1.014352
118.0	-0.998068
118.125	-0.974912
118.25	-0.944461
118.375	-0.90633
118.5	-0.86018
118.625	-0.805727
118.75	-0.742752
118.875	-0.671104
119.0	-0.590707
119.125	-0.501571
119.25	-0.403797
119.375	-0.297595
119.5	-0.183294
119.625	-0.061356
119.75	0.067621
119.875	0.202892
120.0	0.343568
120.125	0.488608
120.25	0.636807
120.375	0.786781
120.5	0.936966
120.625	1.085622
120.75	1.230876
120.875	1.370773
121.0	1.503354
121.125	1.626724
121.25	1.739097
121.375	1.838827
121.5	1.924416
121.625	1.994521
121.75	2.047965
121.875	2.083758
122.0	2.101128
122.125	2.09954
122.25	2.078689
122.375	2.038476
122.5	1.978958
122.625	1.900301
122.75	1.802737
122.875	1.686563
123.0	1.552164
123.125	1.400068
123.25	1.231019
123.375	1.046042
123.5	0.846495
123.625	0.63408
123.75	0.41083
123.875	0.179062
124.0	-0.058703
124.125	-0.299817
124.25	-0.541596
124.375	-0.7814
124.5	-1.016699
124.625	-1.245123
124.75	-1.464498
124.875	-1.672864
125.0	-1.86848
125.125	-2.049822
125.25	-2.215571
125.375	-2.364599
125.5	-2.495946
125.625	-2.608807
125.75	-2.70251
125.875	-2.776497
126.0	-2.830311
126.125	-2.863579
126.25	-2.876003
126.375	-2.867347
126.5	-2.837435
126.625	-2.786145
126.75	-2.713409
126.875	-2.619217
127.0	-2.503623
127.125	-2.366753
127.25	-2.208822
127.375	-2.030142
127.5	-1.831152
127.625	-1.612437
127.75	-1.374767
127.875	-1.11915
128.0	-0.846892
128.125	-0.559683
128.25	-0.259702
128.375	0.050278
128.5	0.366789
128.625	0.685607
128.75	1.00176
128.875	1.309627
129.0	1.603167
129.125	1.876249
129.25	2.12308
129.375	2.338655
129.5	2.519169
129.625	2.662318
129.75	2.767416
129.875	2.835329
130.0	2.868226
130.125	2.869199
130.25	2.841842
130.375	2.789849
130.5	2.716691
130.625	2.625419
130.75	2.518575
130.875	2.398198
131.0	2.265899
131.125	2.122954
131.25	1.970411
131.375	1.809184
131.5	1.640132
131.625	1.464116
131.75	1.282041
131.875	1.094883
132.0	0.903701
132.125	0.709636
132.25	0.513905
132.375	0.317777
132.5	0.122558
132.625	-0.070437
132.75	-0.259907
132.875	-0.444587
133.0	-0.623268
133.125	-0.794812
133.25	-0.958159
133.375	-1.112338
133.5	-1.256468
133.625	-1.389761
133.75	-1.511516
133.875	-1.621121
134.0	-1.718045
134.125	-1.801837
134.25	-1.872119
134.375	-1.928586
134.5	-1.970999
134.625	-1.999186
134.75	-2.01304
134.875	-2.01251
135.0	-1.997606
135.125	-1.9684
135.25	-1.925025
135.375	-1.867688
135.5	-1.79666
135.625	-1.712282
135.75	-1.614959
135.875	-1.50516
136.0	-1.383429
136.125	-1.25039
136.25	-1.106763
136.375	-0.953359
136.5	-0.791076
136.625	-0.620881
136.75	-0.443801
136.875	-0.26093
137.0	-0.073436
137.125	0.117417
137.25	0.310258
137.375	0.503619
137.5	0.695944
137.625	0.885612
137.75	1.070943
137.875	1.250192
138.0	1.421513
138.125	1.582916
138.25	1.732202
138.375	1.866905
138.5	1.984256
138.625	2.081192
138.75	2.154439
138.875	2.200684
139.0	2.216826
139.125	2.200289
139.25	2.149332
139.375	2.063313
139.5	1.942843
139.625	1.789808
139.75	1.607257
139.875	1.399177
140.0	1.170206
140.125	0.925319
140.25	0.669549
140.375	0.407746
140.5	0.144416
140.625	-0.116381
140.75	-0.37107
140.875	-0.616567
141.0	-0.850245
141.125	-1.069888
141.25	-1.273644
141.375	-1.459968
141.5	-1.62758
141.625	-1.775417
141.75	-1.902598
141.875	-2.008394
142.0	-2.092202
142.125	-2.153524
142.25	-2.191949
142.375	-2.207139
142.5	-2.198819
142.625	-2.166772
142.75	-2.110832
142.875	-2.030895
143.0	-1.926907
143.125	-1.79887
143.25	-1.646825
143.375	-1.47085
143.5	-1.27108
143.625	-1.047766
143.75	-0.801376
143.875	-0.532692
144.0	-0.242869
144.125	0.066604
144.25	0.393994
144.375	0.737355
144.5	1.094305
144.625	1.461421
144.75	1.833257
144.875	2.201277
145.0	2.553155
145.125	2.872978
145.25	3.142642
145.375	3.344333
145.5	3.4635
145.625	3.491458
145.75	3.426862
145.875	3.275631
146.0	3.049463
146.125	2.763463
146.25	2.433637
146.375	2.074849
146.5	1.69959
146.625	1.317589
146.75	0.936034
146.875	0.5601
147.0	0.193518
147.125	-0.160963
147.25	-0.501254
147.375	-0.825724
147.5	-1.133083
147.625	-1.422296
147.75	-1.692538
147.875	-1.943144
148.0	-2.173577
148.125	-2.383403
148.25	-2.572267
148.375	-2.739883
148.5	-2.886021
148.625	-3.010498
148.75	-3.113175
148.875	-3.19395
149.0	-3.252756
149.125	-3.289561
149.25	-3.304373
149.375	-3.29724
149.5	-3.268251
149.625	-3.21752
149.75	-3.14519
149.875	-3.051438
150.0	-2.936498
150.125	-2.800687
150.25	-2.644399
150.375	-2.468067
150.5	-2.272123
150.625	-2.057016
150.75	-1.823294
150.875	-1.571708
151.0	-1.303205
151.125	-1.018794
151.25	-0.719372
151.375	-0.405735
151.5	-0.078847
151.625	0.259807
151.75	0.60816
151.875	0.963984
152.0	1.325461
152.125	1.691311
152.25	2.060102
152.375	2.429168
152.5	2.794099
152.625	3.149538
152.75	3.49088
152.875	3.815505
153.0	4.122317
153.125	4.409687
153.25	4.673306
153.375	4.905848
153.5	5.09912
153.625	5.247497
153.75	5.350279
153.875	5.411253
154.0	5.43554
154.125	5.425455
154.25	5.377566
154.375	5.282397
154.5	5.126949
154.625	4.898867
154.75	4.590512
154.875	4.201458
155.0	3.738812
155.125	3.215675
155.25	2.648589
155.375	2.054894
155.5	1.450629
155.625	0.849279
155.75	0.261307
155.875	-0.305708
156.0	-0.846632
156.125	-1.358205
156.25	-1.838514
156.375	-2.286562
156.5	-2.701941
156.625	-3.08461
156.75	-3.434748
156.875	-3.752654
157.0	-4.038688
157.125	-4.293233
157.25	-4.516673
157.375	-4.709376
157.5	-4.87169
157.625	-5.003938
157.75	-5.106417
157.875	-5.179403
158.0	-5.223152
158.125	-5.237905
158.25	-5.223897
158.375	-5.181369
158.5	-5.11057
158.625	-5.011782
158.75	-4.885327
158.875	-4.731592
159.0	-4.551055
159.125	-4.344312
159.25	-4.112117
159.375	-3.855429
159.5	-3.575473
159.625	-3.273801
159.75	-2.952376
159.875	-2.613636
160.0	-2.260563
160.125	-1.896713
160.25	-1.526201
160.375	-1.153622
160.5	-0.78389
160.625	-0.422009
160.75	-0.072777
160.875	0.259543
161.0	0.571534
161.125	0.860885
161.25	1.126544
161.375	1.368739
161.5	1.588867
161.625	1.789268
161.75	1.972921
161.875	2.143111
162.0	2.30313
162.125	2.456053
162.25	2.604643
162.375	2.751387
162.5	2.898575
162.625	3.048322
162.75	3.202419
162.875	3.362033
163.0	3.527447
163.125	3.698075
163.25	3.872873
163.375	4.050962
163.5	4.231961
163.625	4.415555
163.75	4.600147
163.875	4.780988
164.0	4.948604
164.125	5.088418
164.25	5.182142
164.375	5.210791
164.5	5.158473
164.625	5.015697
164.75	4.781217
164.875	4.461934
165.0	4.07113
165.125	3.625742
165.25	3.143529
165.375	2.640814
165.5	2.131137
165.625	1.624807
165.75	1.129129
165.875	0.648984
166.0	0.187509
166.125	-0.253321
166.25	-0.67226
166.375	-1.068518
166.5	-1.441581
166.625	-1.791119
166.75	-2.116921
166.875	-2.418862
167.0	-2.696884
167.125	-2.950973
167.25	-3.181151
167.375	-3.387466
167.5	-3.569986
167.625	-3.728798
167.75	-3.864005
167.875	-3.975726
168.0	-4.064097
168.125	-4.129275
168.25	-4.171439
168.375	-4.190793
168.5	-4.187572
168.625	-4.162046
168.75	-4.114521
168.875	-4.045348
169.0	-3.954924
169.125	-3.843694
169.25	-3.712157
169.375	-3.560873
169.5	-3.390465
169.625	-3.201632
169.75	-2.995156
169.875	-2.771906
170.0	-2.532831
170.125	-2.278942
170.25	-2.011293
170.375	-1.73096
170.5	-1.43905
170.625	-1.136728
170.75	-0.825283
170.875	-0.506185
171.0	-0.18112
171.125	0.148031
171.25	0.479264
171.375	0.810525
171.5	1.139713
171.625	1.464536
171.75	1.782212
171.875	2.089045
172.0	2.380042
172.125	2.648743
172.25	2.887417
172.375	3.087691
172.5	3.241544
172.625	3.342439
172.75	3.386339
172.875	3.372352
173.0	3.302862
173.125	3.183149
173.25	3.020626
173.375	2.823894
173.5	2.601819
173.625	2.362787
173.75	2.11422
173.875	1.862341
174.0	1.612153
174.125	1.367551
174.25	1.131494
174.375	0.906194
174.5	0.693279
174.625	0.493931
174.75	0.308983
174.875	0.139005
175.0	-0.015653
175.125	-0.154812
175.25	-0.27844
175.375	-0.386633
175.5	-0.479595
175.625	-0.557633
175.75	-0.621149
175.875	-0.670636
176.0	-0.706677
176.125	-0.729939
176.25	-0.741177
176.375	-0.741228
176.5	-0.731008
176.625	-0.711502
176.75	-0.683754
176.875	-0.648859
177.0	-0.607943
177.125	-0.56215
177.25	-0.512621
177.375	-0.46048
177.5	-0.406815
177.625	-0.35266
177.75	-0.298976
177.875	-0.246637
178.0	-0.196416
178.125	-0.148979
178.25	-0.104876
178.375	-0.064545
178.5	-0.02832
178.625	0.003563
178.75	0.030943
178.875	0.053727
179.0	0.07187
179.125	0.085363
179.25	0.09423
179.375	0.098525
179.5	0.098332
179.625	0.093781
179.75	0.085054
179.875	0.072398
180.0	0.056138
180.125	0.036685
180.25	0.014538
180.375	-0.009716
180.5	-0.035406
180.625	-0.061792
180.75	-0.088073
180.875	-0.11341
181.0	-0.136938
181.125	-0.157793
181.25	-0.175122
181.375	-0.188104
181.5	-0.195968
181.625	-0.198
181.75	-0.193564
181.875	-0.182106
182.0	-0.163172
182.125	-0.13641
182.25	-0.101589
182.375	-0.0586
182.5	-0.007471
182.625	0.051627
182.75	0.118371
182.875	0.192278
183.0	0.272682
183.125	0.358722
183.25	0.449309
183.375	0.543089
183.5	0.638412
183.625	0.733296
183.75	0.825426
183.875	0.912171
184.0	0.990655
184.125	1.057873
184.25	1.110848
184.375	1.146824
184.5	1.163466
184.625	1.159039
184.75	1.132549
184.875	1.083821
185.0	1.013505
185.125	0.923008
185.25	0.814378
185.375	0.690139
185.5	0.55312
185.625	0.406285
185.75	0.252584
185.875	0.094841
186.0	-0.064329
186.125	-0.222561
186.25	-0.377764
186.375	-0.528111
186.5	-0.672029
186.625	-0.808175
186.75	-0.935409
186.875	-1.05277
187.0	-1.159457
187.125	-1.254804
187.25	-1.338269
187.375	-1.409421
187.5	-1.467924
187.625	-1.513534
187.75	-1.54609
187.875	-1.565509
188.0	-1.57178
188.125	-1.564963
188.25	-1.545189
188.375	-1.512652
188.5	-1.467613
188.625	-1.410398
188.75	-1.341397
188.875	-1.261061
189.0	-1.169908
189.125	-1.068515
189.25	-0.957521
189.375	-0.837627
189.5	-0.709596
189.625	-0.574248
189.75	-0.432464
189.875	-0.285182
190.0	-0.1334
190.125	0.021829
190.25	0.179394
190.375	0.338123
190.5	0.496788
190.625	0.654101
190.75	0.808716
190.875	0.959241
191.0	1.104247
191.125	1.24229
191.25	1.371946
191.375	1.49185
191.5	1.600743
191.625	1.697525
191.75	1.781306
191.875	1.851449
192.0	1.907601
192.125	1.949707
192.25	1.978011
192.375	1.993033
192.5	1.995534
192.625	1.986472
192.75	1.966942
192.875	1.938119
193.0	1.901199
193.125	1.85734
193.25	1.807614
193.375	1.752971
193.5	1.694209
193.625	1.631959
193.75	1.566675
193.875	1.498638
194.0	1.427958
194.125	1.354582
194.25	1.278301
194.375	1.198764
194.5	1.11549
194.625	1.027889
194.75	0.935288
194.875	0.836968
195.0	0.732204
195.125	0.620315
195.25	0.500716
195.375	0.372972
195.5	0.236838
195.625	0.092303
195.75	-0.060389
195.875	-0.220727
196.0	-0.387944
196.125	-0.56103
196.25	-0.738766
196.375	-0.919765
196.5	-1.102513
196.625	-1.285415
196.75	-1.466837
196.875	-1.645146
197.0	-1.818738
197.125	-1.986067
197.25	-2.145659
197.375	-2.296131
197.5	-2.436192
197.625	-2.564649
197.75	-2.680405
197.875	-2.782457
198.0	-2.869892
198.125	-2.941881
198.25	-2.997671
198.375	-3.036581
198.5	-3.057995
198.625	-3.061359
198.75	-3.046171
198.875	-3.011981
199.0	-2.958384
199.125	-2.885015
199.25	-2.791551
199.375	-2.677711
199.5	-2.543258
199.625	-2.387997
199.75	-2.211765
199.875	-2.014407
200.0	-1.795763
200.125	-1.555695
200.25	-1.294162
200.375	-1.011316
200.5	-0.707524
200.625	-0.383217
200.75	-0.038582
200.875	0.326715
201.0	0.713435
201.125	1.122046
201.25	1.551649
201.375	1.999418
201.5	2.461595
201.625	2.936174
201.75	3.425628
201.875	3.936898
202.0	4.47682
202.125	5.043654
202.25	5.618168
202.375	6.159594
202.5	6.610987
202.625	6.913601
202.75	7.024362
202.875	6.928613
203.0	6.642821
203.125	6.206929
203.25	5.670916
203.375	5.081735
203.5	4.475041
203.625	3.872894
203.75	3.286044
203.875	2.718202
204.0	2.169895
204.125	1.640773
204.25	1.13054
204.375	0.639186
204.5	0.166953
204.625	-0.28578
204.75	-0.718596
204.875	-1.131075
205.0	-1.522797
205.125	-1.893345
205.25	-2.242319
205.375	-2.569345
205.5	-2.874075
205.625	-3.156195
205.75	-3.415431
205.875	-3.651544
206.0	-3.864335
206.125	-4.053639
206.25	-4.219328
206.375	-4.361303
206.5	-4.479497
206.625	-4.573867
206.75	-4.6444
206.875	-4.691101
207.0	-4.714003
207.125	-4.713156
207.25	-4.688633
207.375	-4.64053
207.5	-4.568962
207.625	-4.474069
207.75	-4.356016
207.875	-4.214995
208.0	-4.051233
208.125	-3.864993
208.25	-3.656588
208.375	-3.426386
208.5	-3.174822
208.625	-2.902407
208.75	-2.609743
208.875	-2.29755
209.0	-1.966702
209.125	-1.618271
209.25	-1.253589
209.375	-0.8743
209.5	-0.482418
209.625	-0.080382
209.75	0.328894
209.875	0.741962
210.0	1.154783
210.125	1.562716
210.25	1.96057
210.375	2.342761
210.5	2.703594
210.625	3.037605
210.75	3.339929
210.875	3.606565
211.0	3.834511
211.125	4.02172
211.25	4.166939
211.375	4.269496
211.5	4.329127
211.625	4.345912
211.75	4.32033
211.875	4.253403
212.0	4.146864
212.125	4.003279
212.25	3.826066
212.375	3.619409
212.5	3.38806
212.625	3.137083
212.75	2.871591
212.875	2.596497
213.0	2.316333
213.125	2.035125
213.25	1.756342
213.375	1.482883
213.5	1.217112
213.625	0.960907
213.75	0.715726
213.875	0.482661
214.0	0.262501
214.125	0.055779
214.25	-0.137182
214.375	-0.316242
214.5	-0.481412
214.625	-0.632835
214.75	-0.770771
214.875	-0.895587
215.0	-1.007748
215.125	-1.107811
215.25	-1.196421
215.375	-1.274309
215.5	-1.342286
215.625	-1.401238
215.75	-1.452122
215.875	-1.495953
216.0	-1.53379
216.125	-1.566717
216.25	-1.595824
216.375	-1.622171
216.5	-1.646763
216.625	-1.670511
216.75	-1.694202
216.875	-1.718465
217.0	-1.743746
217.125	-1.770289
217.25	-1.798127
217.375	-1.827083
217.5	-1.856778
217.625	-1.886651
217.75	-1.915985
217.875	-1.943937
218.0	-1.969571
218.125	-1.991893
218.25	-2.009876
218.375	-2.022495
218.5	-2.028746
218.625	-2.027665
218.75	-2.018343
218.875	-1.999933
219.0	-1.971657
219.125	-1.932805
219.25	-1.88274
219.375	-1.820896
219.5	-1.746776
219.625	-1.659952
219.75	-1.560058
219.875	-1.446788
220.0	-1.319897
220.125	-1.179204
220.25	-1.02461
220.375	-0.856106
220.5	-0.673774
220.625	-0.477783
220.75	-0.26839
220.875	-0.045969
221.0	0.188936
221.125	0.435549
221.25	0.69283
221.375	0.959488
221.5	1.234016
221.625	1.51468
221.75	1.799425
221.875	2.085719
222.0	2.370428
222.125	2.64983
222.25	2.919816
222.375	3.17617
222.5	3.414807
222.625	3.631835
222.75	3.823477
222.875	3.985974
223.0	4.115667
223.125	4.209291
223.25	4.264409
223.375	4.279749
223.5	4.255272
223.625	4.191867
223.75	4.090826
223.875	3.95328
224.0	3.779859
224.125	3.570687
224.25	3.325697
224.375	3.045151
224.5	2.730158
224.625	2.383036
224.75	2.007428
224.875	1.608159
225.0	1.190921
225.125	0.761853
225.25	0.327128
225.375	-0.107387
225.5	-0.536382
225.625	-0.955239
225.75	-1.360082
225.875	-1.747759
226.0	-2.115778
226.125	-2.462222
226.25	-2.785658
226.375	-3.085044
226.5	-3.359655
226.625	-3.609003
226.75	-3.832782
226.875	-4.030815
227.0	-4.203013
227.125	-4.349341
227.25	-4.469789
227.375	-4.564348
227.5	-4.633
227.625	-4.6757
227.75	-4.692371
227.875	-4.682902
228.0	-4.647147
228.125	-4.584937
228.25	-4.496084
228.375	-4.380403
228.5	-4.237727
228.625	-4.067931
228.75	-3.870959
228.875	-3.646848
229.0	-3.395769
229.125	-3.118072
229.25	-2.814348
229.375	-2.485505
229.5	-2.132862
229.625	-1.758249
229.75	-1.364104
229.875	-0.953581
230.0	-0.530629
230.125	-0.100043
230.25	0.332547
230.375	0.760794
230.5	1.177897
230.625	1.576997
230.75	1.951687
230.875	2.29654
231.0	2.607547
231.125	2.882358
231.25	3.120283
231.375	3.322044
231.5	3.489381
231.625	3.624591
231.75	3.730116
231.875	3.808237
232.0	3.860883
232.125	3.889539
232.25	3.895211
232.375	3.878416
232.5	3.839206
232.625	3.777242
232.75	3.691913
232.875	3.582529
233.0	3.448543
233.125	3.289791
233.25	3.106692
233.375	2.900377
233.5	2.672725
233.625	2.426308
233.75	2.164265
233.875	1.890124
234.0	1.60762
234.125	1.32051
234.25	1.032426
234.375	0.746767
234.5	0.466627
234.625	0.194758
234.75	-0.066437
234.875	-0.314892
235.0	-0.548858
235.125	-0.766871
235.25	-0.967725
235.375	-1.150443
235.5	-1.314254
235.625	-1.458573
235.75	-1.582987
235.875	-1.687243
236.0	-1.771246
236.125	-1.835052
236.25	-1.87887
236.375	-1.903066
236.5	-1.908163
236.625	-1.894845
236.75	-1.863964
236.875	-1.816543
237.0	-1.753787
237.125	-1.677093
237.25	-1.588068
237.375	-1.488542
237.5	-1.38059
237.625	-1.266531
237.75	-1.148928
237.875	-1.030555
238.0	-0.914346
238.125	-0.803301
238.25	-0.700381
238.375	-0.608362
238.5	-0.5297
238.625	-0.466385
238.75	-0.419821
238.875	-0.390751
239.0	-0.379205
239.125	-0.384524
239.25	-0.405408
239.375	-0.440019
239.5	-0.486108
239.625	-0.541149
239.75	-0.602485
239.875	-0.667445
240.0	-0.73345
240.125	-0.798084
240.25	-0.859148
240.375	-0.914682
240.5	-0.962978
240.625	-1.002573
240.75	-1.032246
240.875	-1.051001
241.0	-1.05806
241.125	-1.052845
241.25	-1.034976
241.375	-1.004259
241.5	-0.960678
241.625	-0.904393
241.75	-0.835728
241.875	-0.755165
242.0	-0.663337
242.125	-0.56102
242.25	-0.449113
242.375	-0.328633
242.5	-0.200694
242.625	-0.06649
242.75	0.072722
242.875	0.215647
243.0	0.360967
243.125	0.507367
243.25	0.65355
243.375	0.798266
243.5	0.940324
243.625	1.078615
243.75	1.212124
243.875	1.33994
244.0	1.461256
244.125	1.57536
244.25	1.681623
244.375	1.779475
244.5	1.86838
244.625	1.94781
244.75	2.017222
244.875	2.076035
245.0	2.123621
245.125	2.159294
245.25	2.182313
245.375	2.191905
245.5	2.187288
245.625	2.167724
245.75	2.132572
245.875	2.081359
246.0	2.01384
246.125	1.930062
246.25	1.8304
246.375	1.715577
246.5	1.586651
246.625	1.444984
246.75	1.292186
246.875	1.130045
247.0	0.960458
247.125	0.785351
247.25	0.606621
247.375	0.426081
247.5	0.245423
247.625	0.066194
