0.0	0.003637957963040863	-2.9787948246533476e-15
0.0039100684261974585	0.012386811566087673	0.30144491024540465
0.007820136852394917	0.013407728796347511	0.9052261926664457
0.011730205278592375	0.016403342291708617	1.5357846551514198
0.015640273704789834	0.024818411509255973	1.5604683932565835
0.019550342130987292	0.030994230705183527	1.7467437597038695
0.02346041055718475	0.03681842747585594	1.8763844178841538
0.02737047898338221	0.04222082784429817	2.0814302878576445
0.03128054740957967	0.04642315911297678	2.291704469167931
0.03519061583577713	0.05180354552825532	2.2947571947033487
0.039100684261974585	0.05535020765859124	2.4911618238374156
0.043010752688172046	0.06252820378315276	2.6010637851806373
0.0469208211143695	0.06748943624610018	2.6626248876129437
0.05083088954056696	0.07847374423973683	2.808626745092609
0.05474095796676442	0.08444355046673775	2.832732059436643
0.05865102639296188	0.11502970234099616	2.80315986885602
0.06256109481915934	0.16548708767987277	-2.7704490444543426
0.06647116324535679	0.11836170651939307	2.6285748210307043
0.07038123167155426	0.2859828546033373	2.9374436297159057
0.07429130009775171	0.14155431755024037	0.3438076551855165
0.07820136852394917	0.3528650210146143	-0.08795734340328391
0.08211143695014662	0.516818453646473	-2.390426771623327
0.08602150537634409	0.5265318698998411	-0.7931454903661183
0.08993157380254155	0.4388754174768003	-0.1022771283033325
0.093841642228739	0.2601860447746959	-3.0138726347797107
0.09775171065493646	1.7068716197466354	1.1708261695108015
0.10166177908113393	0.3376658675791097	2.346219013735975
0.10557184750733138	1.3366421423654782	-2.0478022134725578
0.10948191593352884	0.22253951389578502	-1.5477537359822713
0.11339198435972629	0.3470133895211386	2.355037813338942
0.11730205278592376	0.31167751562906176	-0.4749907337589067
0.12121212121212122	0.7864539232085775	1.5797544599681526
0.12512218963831867	0.6395592071453247	-1.4985214352366099
0.12903225806451613	0.6033665665746157	0.781158007776715
0.13294232649071358	0.1847056792343949	-0.10958604952382973
0.13685239491691104	0.26700722263118426	2.6153747503419353
0.14076246334310852	0.5468550079199392	3.039220088016313
0.14467253176930597	0.1715971124484568	-1.5997852731806972
0.14858260019550343	0.31959975036639743	-2.611780852407898
0.15249266862170088	0.20582063505141454	-0.42214990767489174
0.15640273704789834	0.3416768124280066	0.5013317034605691
0.1603128054740958	0.19865891925342583	-2.4569914239787716
0.16422287390029325	0.2595920839068085	-2.2653487148557128
0.1681329423264907	0.2992266409581358	1.6456375737724847
0.17204301075268819	0.2919965786782516	0.7048668950759078
0.17595307917888564	0.12974900029830524	-0.797993633662845
0.1798631476050831	0.16121344681634753	-1.0241615857801263
0.18377321603128055	0.08477403269162331	-3.09564920375579
0.187683284457478	0.0788091378292814	-0.227554834132776
0.19159335288367546	0.18839729499418262	2.1799574122842826
0.19550342130987292	0.06482627420770244	2.4870513827985503
0.19941348973607037	0.11877114002593898	0.9117139496268676
0.20332355816226785	0.024455376335285054	-1.850721166898275
0.2072336265884653	0.03205736297095299	-1.1734587859161993
0.21114369501466276	0.11163737969584804	1.851361417513604
0.21505376344086022	0.04289266862122098	-1.1091572800470255
0.21896383186705767	0.05614684295122765	-0.9191287974780863
0.22287390029325513	0.024744647122110674	-2.975683556132272
0.22678396871945258	0.05083886326115759	-0.0004507895455726522
0.23069403714565004	0.070704323211068	0.7153855811261008
0.23460410557184752	0.03660981290523366	-2.1905085242034597
0.23851417399804498	0.04556816850249277	2.41879147163131
0.24242424242424243	0.06086896720856165	1.4334101151671743
0.24633431085043989	0.02232614673350198	2.8665365750959038
0.25024437927663734	0.030481090063320167	-0.9314616145267398
0.2541544477028348	0.02893018368758752	2.4577558154664487
0.25806451612903225	0.00803060424791344	-0.579508800732719
0.2619745845552297	0.023238583429197296	-1.2095763529467984
0.26588465298142716	0.01005527715190794	2.0134652155971278
0.2697947214076246	0.015179295959534192	0.5880561760348022
0.27370478983382207	0.016269170625099975	-1.2641381425823575
0.2776148582600195	0.009327459181060262	-1.3303118281218866
0.28152492668621704	0.018552012418911086	0.7443960442317571
0.2854349951124145	0.007863123558708536	0.6297932306827206
0.28934506353861195	0.016839136238389993	-0.16345551611009748
0.2932551319648094	0.004113623379521859	-2.389525858930372
0.29716520039100686	0.007640408540475139	1.0821805600066936
0.3010752688172043	0.01671696305321944	0.5025061144495032
0.30498533724340177	0.010059802290243931	-0.027676283010836987
0.3088954056695992	0.003802581202636557	1.7601786098799725
0.3128054740957967	0.00843602355210298	0.5349996375176337
0.31671554252199413	0.00812280238515059	0.2828662272587344
0.3206256109481916	0.009015632147715726	0.2380341430189138
0.32453567937438904	0.009229923745209385	1.837192516043274
0.3284457478005865	0.006914478507043816	1.296341854418566
0.33235581622678395	0.005127499191981698	0.3448031033538551
0.3362658846529814	0.0036648987919031192	0.9268340919200836
0.34017595307917886	0.006385638181119103	1.4150326781041767
0.34408602150537637	0.010133778665896752	0.8383153169264674
0.3479960899315738	0.005618987422881257	0.6139239875797521
0.3519061583577713	0.004941196933421541	2.580182402520494
0.35581622678396874	0.0012736959350872713	-2.7931501410636934
0.3597262952101662	0.00288829221081823	-1.87710058467118
0.36363636363636365	0.005456710178507425	2.190817336100785
0.3675464320625611	0.011084490215621478	1.8393793871772652
0.37145650048875856	0.0029408149048415237	-0.6454528167531131
0.375366568914956	0.004766272909912389	0.07828121271757554
0.37927663734115347	0.005029311466489432	-1.4160586281684908
0.3831867057673509	0.0029881324763713865	2.0589008337901804
0.3870967741935484	0.007461933870475664	0.6474215343515712
0.39100684261974583	0.005433200025642156	-1.8538420477243176
0.3949169110459433	0.003934807188304514	-1.031478939335534
0.39882697947214074	0.010600967713098925	0.16309878658742355
0.4027370478983382	0.004509987819242569	0.44288462155639563
0.4066471163245357	0.008274325811026021	-0.656701309128396
0.41055718475073316	0.0007341618631555657	-1.0756819244481184
0.4144672531769306	0.007816683216076564	-0.49787029077898304
0.41837732160312807	0.008007177077939204	0.3657667774580163
0.4222873900293255	0.004394973824014093	1.2009870786319277
0.426197458455523	0.007686750832872407	0.512756743025719
0.43010752688172044	0.0025770284016628973	-0.28408150370075835
0.4340175953079179	0.0005536764580430355	-1.9497327458673213
0.43792766373411535	0.006338979440951753	1.4746629197932022
0.4418377321603128	0.004693870706170522	1.450339008870373
0.44574780058651026	0.007406523858262714	-0.3865427762897471
0.4496578690127077	0.004096922800643255	0.649754464423872
0.45356793743890517	0.001535238362797383	1.6733014594271893
0.4574780058651026	0.004790453465765551	1.1571807759550183
0.4613880742913001	0.001557717125653671	-0.5463928510241749
0.46529814271749753	0.0006260718666362556	-2.173195113466324
0.46920821114369504	0.002423849558837231	1.3951279833600625
0.4731182795698925	0.002715899198031401	2.0488800758394063
0.47702834799608995	0.0011126278009397808	-2.4429906817106404
0.4809384164222874	0.002789401602860251	2.1221712394424097
0.48484848484848486	0.001169943065359436	-2.1556375110088197
0.4887585532746823	0.0023913698274814653	-0.32372209884212255
0.49266862170087977	0.001591516674742789	-2.9107239388398116
0.4965786901270772	0.0009065752981145337	-1.1288693787030313
0.5004887585532747	0.0014471586304516588	-0.5570435706372056
0.5043988269794721	0.0022110534575728344	-1.4313672891218638
0.5083088954056696	0.0024251144810045083	-0.10907510783619531
0.512218963831867	0.0025933852710511352	0.2029391616735574
0.5161290322580645	0.004616995023603575	-1.031444109321203
0.520039100684262	0.0015450220598608637	-0.6089629927491548
0.5239491691104594	0.0013314109132060025	-0.30147652902728844
0.5278592375366569	0.0017074382168198606	0.3998609981707061
0.5317693059628543	0.0016900705565216132	-0.09533676189087528
0.5356793743890518	0.002676454586449691	-0.3295788025583628
0.5395894428152492	0.0027201522058980187	0.388379638618837
0.5434995112414467	0.0022061646591069527	1.360234162676362
0.5474095796676441	0.0023815817074246985	0.9915537985599185
0.5513196480938416	0.0019017659438231907	1.0668236198539591
0.555229716520039	0.0011414009124150627	0.09430511964058821
0.5591397849462365	0.0028729077050241346	0.4225791462279614
0.5630498533724341	0.0032355717647753104	1.0508635497512395
0.5669599217986315	0.0026914811656574425	1.7028307362062631
0.570869990224829	0.0010344363637996368	2.6818614355917627
0.5747800586510264	0.0018754758205623777	1.9742728476986158
0.5786901270772239	0.0030523885044452317	1.131683318426737
0.5826001955034213	0.0005380127220366767	1.2134089390657523
0.5865102639296188	0.0005827151757671554	1.8183544049700144
0.5904203323558163	0.0007457591286268809	2.83936661314525
0.5943304007820137	0.0018033925190056852	-1.516158640156646
0.5982404692082112	0.0005442471827613929	2.1693167575453627
0.6021505376344086	0.0030530728744256443	1.727351178827595
0.6060606060606061	0.0016913395184503792	1.8569928727789746
0.6099706744868035	0.0019731268336023594	-1.0666715532607638
0.613880742913001	0.0017793738999816757	-1.7075763072782604
0.6177908113391984	0.001296709008809885	0.00011339258379233842
0.6217008797653959	0.0015644423309631912	1.1505254505566407
0.6256109481915934	0.0011952425874726116	-1.1179306781214609
0.6295210166177908	0.001381204297768444	2.757354911507507
0.6334310850439883	0.0025721159911658363	-0.09840027241005857
0.6373411534701857	0.0028017826811954014	-0.18806813530432134
0.6412512218963832	0.002030473513472819	-1.2606222176224466
0.6451612903225806	0.00029946637437794154	2.5188771745966307
0.6490713587487781	0.0023273560481448926	0.8994457585325755
0.6529814271749755	0.0014025934184013825	0.005989568289748996
0.656891495601173	0.003030628349188261	0.7560777040366745
0.6608015640273704	0.0036022584391284833	1.125603658537492
0.6647116324535679	0.001684382986753353	-0.3824305256990211
0.6686217008797654	0.001307433600465697	-1.3409481377948902
0.6725317693059628	0.0017845709003574792	2.220277026998013
0.6764418377321603	0.0035652248005420446	0.7472802215010137
0.6803519061583577	0.0030432100168014216	0.9388910209317101
0.6842619745845552	0.001907156573028345	-2.0779039921190288
0.6881720430107527	0.0018100441111642792	0.13060087615967853
0.6920821114369502	0.001487995535415601	0.9314987264379977
0.6959921798631477	0.001159558077735991	-0.9659601017456263
0.6999022482893451	0.0043477864601855955	2.2152545171851883
0.7038123167155426	0.002294976847865346	2.150909766848839
0.70772238514174	0.003245898000697685	-0.24071830591887045
0.7116324535679375	0.0010027919896326662	-0.1327463345301702
0.7155425219941349	0.002242761625971882	3.128185023967626
0.7194525904203324	0.002018569138905863	1.4036263258697568
0.7233626588465298	0.0010122603346260151	3.0575664904582687
0.7272727272727273	0.002055222167191136	-1.9204808060933598
0.7311827956989247	0.0030231860778948795	1.2192375199804013
0.7350928641251222	0.002119781377456882	0.5047026152076537
0.7390029325513197	0.003190067920260842	-1.3399739295499082
0.7429130009775171	0.0024460538336625232	-2.637666927044683
0.7468230694037146	0.00034045993502120834	1.2565589870231773
0.750733137829912	0.003931655497381067	0.22871100365114858
0.7546432062561095	0.0003307544835724345	-1.5255334462788857
0.7585532746823069	0.00045883689091551417	2.55840642145826
0.7624633431085044	0.0025241461008767463	0.5800182540688196
0.7663734115347018	0.0038268212274850813	-0.8375261616402087
0.7702834799608993	0.0005824543183506824	2.779610629314198
0.7741935483870968	0.00307819188974885	2.308804022425563
0.7781036168132942	0.002970983993105285	0.35671222099409217
0.7820136852394917	0.0016445489796504465	-0.3920179087087908
0.7859237536656891	0.001835977408618946	-1.7699636095474902
0.7898338220918866	0.003374154962177925	0.9941324428777574
0.793743890518084	0.0014250963907733226	1.1530701646913422
0.7976539589442815	0.0015533705069913101	-1.7312656935720505
0.8015640273704789	0.0022937895009203196	1.7996129760927397
0.8054740957966764	0.0026090460621398634	1.0486217512356741
0.8093841642228738	0.002415213845106173	-0.12281885170290067
0.8132942326490714	0.0019258594328050475	3.1053987292101923
0.8172043010752689	0.0014783800186273699	2.5079501346543087
0.8211143695014663	0.0018959464527065657	0.6711258110491065
0.8250244379276638	0.0007023519260281524	-1.0971753234140953
0.8289345063538612	0.001100565938352239	2.985032098850784
0.8328445747800587	0.0027919909072273686	1.747041758167321
0.8367546432062561	0.0009542132514857744	-0.7235343670089078
0.8406647116324536	0.0015372442104339425	-1.1633869595883766
0.844574780058651	0.0022494037399560423	2.5647572164305488
0.8484848484848485	0.0011454239435587847	1.1147222107621628
0.852394916911046	0.0013415676976198491	-0.10360026660727283
0.8563049853372434	0.0017483367476103745	-2.2018305093600814
0.8602150537634409	0.0007837117038681682	0.9139442586729727
0.8641251221896383	0.0013811291375067385	0.5981095887296204
0.8680351906158358	0.0015865870050892883	-1.154906389679175
0.8719452590420332	0.0007871448466010584	-2.832528370231264
0.8758553274682307	0.0007348102460911996	1.2177270538678258
0.8797653958944281	0.0020940759202033397	-0.00988955059079303
0.8836754643206256	0.0008612718522412042	-0.850970844163561
0.8875855327468231	0.0005039325837578576	3.0861164594517976
0.8914956011730205	0.0013302634369501192	0.9414449732204824
0.895405669599218	0.0011926476762900567	-0.2564396954069338
0.8993157380254154	0.0006852712235659213	-0.3124002571680712
0.9032258064516129	0.0016272226682564387	1.725553630902217
0.9071358748778103	0.001455186070459022	0.519534021233081
0.9110459433040078	0.0008899988917539883	-0.1635739365372219
0.9149560117302052	0.0009130829116013603	2.399500598915017
0.9188660801564027	0.0012680725145735362	1.4906788494362073
0.9227761485826002	0.0015496399986171848	0.9483184562333302
0.9266862170087976	9.854596505261555e-5	1.8968154467278395
0.9305962854349951	0.0006805745513211418	1.660978139896483
0.9345063538611925	0.0012393180334361893	1.5185202350367442
0.9384164222873901	0.0007341932958487925	-0.02447825946849573
0.9423264907135875	0.00043711181229689653	2.9598727441129538
0.946236559139785	0.0007353555709458298	2.4104419445366383
0.9501466275659824	0.0006356465236989007	1.1729086515259923
0.9540566959921799	0.00010914898481351006	-0.5661580774835091
0.9579667644183774	0.0004954024238783053	-3.1399875581779106
0.9618768328445748	0.0005423623566665054	1.6036204342351288
0.9657869012707723	0.0004732145369555025	0.26580698574575695
0.9696969696969697	0.00023737357607912598	-2.0431086730411234
0.9736070381231672	0.00040069872231277237	2.635869539774391
0.9775171065493646	0.0005428260895857855	0.5024972538121096
0.9814271749755621	0.0003823976761261011	-0.23831394346616458
0.9853372434017595	0.0004653254966361188	-1.3994993138492124
0.989247311827957	0.00044215887613137595	0.532848967411344
0.9931573802541545	0.0006130901007308803	0.4890683906155976
0.9970674486803519	0.0007689278854998916	-0.26348245107499546
1.0009775171065494	0.0004066149452606436	-0.1704209891825587
1.0048875855327468	0.0008407957867311291	1.290826667672398
1.0087976539589443	0.0006870257019968182	0.12090556025065106
1.0127077223851417	0.0005905645249344151	-0.30473303324909773
1.0166177908113392	0.0004893109038622043	0.7204129650635924
1.0205278592375366	0.0007637428619785462	0.7485595502602966
1.024437927663734	0.0006859504940583699	0.6232778790751142
1.0283479960899315	0.000619369710842261	0.8079656836714824
1.032258064516129	0.000642810135697717	1.5025678768469461
1.0361681329423265	0.0006660783605169797	0.9998600710675137
1.040078201368524	0.0005090697043062125	0.2070981003334274
1.0439882697947214	0.00042641681422869395	1.2416888374084998
1.0478983382209188	0.000569446974145675	1.6673638878427035
1.0518084066471163	0.0007147387264401827	1.1573559139866656
1.0557184750733137	0.0002878955737807757	2.0929792660592326
1.0596285434995112	0.0004557980669449497	2.102280413038738
1.0635386119257086	0.0005330993204553942	1.4708004567096815
1.067448680351906	0.00022693386275724945	0.6257902592171245
1.0713587487781036	0.00018925571545003032	1.682411216173654
1.075268817204301	0.00046679922513773295	2.3696003847133573
1.0791788856304985	0.0002652861871343904	1.6392533612449909
1.083088954056696	0.00013642905143102088	-0.9068811168579787
1.0869990224828934	0.0003152870748237315	-2.2243048372877228
1.0909090909090908	6.704953287459536e-5	1.8628477523381253
1.0948191593352883	0.0002304525010847228	0.2753625550570877
1.0987292277614857	0.0003220462472590888	-0.004825142583245825
1.1026392961876832	9.852439366924889e-5	2.6545724607459134
1.1065493646138806	8.03338225935463e-5	-1.771848604347166
1.110459433040078	0.00043500194450672274	0.2867039842523551
1.1143695014662756	0.00044703616162307966	-0.3858127938958396
1.118279569892473	0.0005199555590019577	-0.010037541388720048
1.1221896383186705	0.00046368840156873467	0.9401772036764844
1.1260997067448681	0.0004094276896674994	0.5247968276876073
1.1300097751710656	0.0003022972438062238	0.6048680435000895
1.133919843597263	0.00021478440868731474	0.26731056868384145
1.1378299120234605	0.0005816102843921147	0.309306543724617
1.141739980449658	0.000676425477637441	0.7704507330455953
1.1456500488758554	0.0004957625683837226	0.9281730766056592
1.1495601173020529	0.0006423912048530812	1.2753342789155506
1.1534701857282503	0.00040471534673006235	1.551924245803569
1.1573802541544478	0.00030944746257721245	0.675289124528663
1.1612903225806452	0.0003770745004477631	1.2412445935230003
1.1652003910068427	0.0004656191252271571	1.1580900508442376
1.1691104594330402	0.000623356819673206	1.3110507799972235
1.1730205278592376	0.00041797821249638534	1.7132578917477894
1.176930596285435	0.00033947770861158177	1.8852154482271233
1.1808406647116325	0.000430412733021493	2.098503115150156
1.18475073313783	0.00011400472638396113	1.5612398801474436
1.1886608015640274	0.00022921909381968275	0.7415988174235081
1.1925708699902249	0.0002191381625567631	1.6430936909782548
1.1964809384164223	0.0002529512151104822	1.7997711222891186
1.2003910068426198	0.0002481473654410078	2.390069586515173
1.2043010752688172	0.00019450751528553615	-2.841743774005554
1.2082111436950147	5.5565569635393204e-5	-1.878614622817835
1.2121212121212122	0.0001685780174137366	0.10318591704318845
1.2160312805474096	0.0002906144722177578	0.3893421805911798
1.219941348973607	0.00013801196147635703	1.1910868814443778
1.2238514173998045	3.944732857394194e-5	2.1524370407384814
1.227761485826002	0.00013013744839973033	-0.6633259889897665
1.2316715542521994	0.0002930897735231707	-0.38999838465290426
1.2355816226783969	0.0003357491235857601	0.010214269609648633
1.2394916911045943	0.0004450115480234979	0.5566088657031345
1.2434017595307918	0.0004000922919955782	0.7030475268761869
1.2473118279569892	0.0002672568885893851	0.6653207079317628
1.2512218963831867	0.00017189888554845122	0.5116935496309876
1.2551319648093842	0.000289846508524333	0.47452319884130906
1.2590420332355816	0.0005173345968909813	0.4443033522246499
1.262952101661779	0.0005003756594402919	0.7591436839388233
1.2668621700879765	0.0004762719287628698	1.1887163053468877
1.270772238514174	0.0004783528278993832	1.3720747609718629
1.2746823069403714	0.0002965264002795122	1.4754389836162025
1.278592375366569	0.0002113850728141381	0.9050669751328623
1.2825024437927663	0.00035400666408217843	1.1734575524701625
1.2864125122189638	0.0004390631622209256	1.1670940628432487
1.2903225806451613	0.0005087174067967934	1.3816787483546522
1.2942326490713587	0.00039812918867700555	1.9501058882265563
1.2981427174975562	0.00026197437962148913	2.197443893379126
1.3020527859237536	0.00014585487903956857	2.2176850151304865
1.305962854349951	7.789465467084763e-5	1.0741423003751975
1.3098729227761485	0.0002719774728698848	1.323487117667061
1.313782991202346	0.0003154201568242169	1.841241139529228
1.3176930596285434	0.00021779293234870696	2.055205094591381
1.321603128054741	0.00017938864013141163	2.848977480878961
1.3255131964809383	0.000136342589853492	-2.406649582781555
1.3294232649071358	0.00012479419662155978	-0.22105267156283448
1.3333333333333333	0.00012766897830505537	0.18358134446132043
1.3372434017595307	0.0001611135317961167	0.7028744989020979
1.3411534701857282	0.00016922175880194383	1.6149312247868397
1.3450635386119256	2.2948246873531222e-5	-0.09745854445236815
1.348973607038123	0.00016927811963402976	-0.5995299435303978
1.3528836754643205	0.00024161791428608953	-0.43895793108298686
1.356793743890518	0.0003624857350908086	0.24383111993526868
1.3607038123167154	0.0003742041292799064	0.6764910422567512
1.364613880742913	0.0002759848043221043	0.9145166882210748
1.3685239491691104	0.00020796243177261876	0.9986671039824291
1.3724340175953078	0.00017260121869822894	0.6276653410669644
1.3763440860215055	0.00030450872326830044	0.3285370537489622
1.380254154447703	0.00039584641423452027	0.6320166382639747
1.3841642228739004	0.00042779443483221993	0.9274250291966619
1.3880742913000979	0.00043041858790746583	1.2758895596646922
1.3919843597262953	0.00032219065888319744	1.5458196982619823
1.3958944281524928	0.0002033636375892749	1.5266174569195248
1.3998044965786902	0.00022395918096202195	1.0812406552442697
1.4037145650048877	0.0003246232047767628	0.9557285755434112
1.4076246334310851	0.0003778967228959859	1.3119235980164834
1.4115347018572826	0.0004094200568365479	1.6864884381094678
1.41544477028348	0.00033627508338671965	2.000003384980304
1.4193548387096775	0.00022649564373742402	2.2934004210378762
1.423264907135875	8.350965115877248e-5	2.0923237976568814
1.4271749755620724	0.00014115389152272086	1.358732573058723
1.4310850439882699	0.00021668265419322642	1.4059988686299363
1.4349951124144673	0.00023729155536511792	1.922549379073234
1.4389051808406648	0.0002013118231557664	2.385657204998565
1.4428152492668622	0.00013273003922861248	2.955002476671584
1.4467253176930597	8.93563218311709e-5	-1.787694818495801
1.4506353861192571	0.00010394806633363513	-0.09737628896764834
1.4545454545454546	0.00015194474776398552	0.43947624704682753
1.458455522971652	0.00012592322980907558	1.091929171210195
1.4623655913978495	9.288838315128636e-5	1.7822708962870044
1.466275659824047	1.5918319541323583e-5	-2.0013668894689296
1.4701857282502444	0.00013873857625025223	-0.5414602766711795
1.4740957966764419	0.00023756414021481071	-0.07796025852959379
1.4780058651026393	0.0002901048938472345	0.3614742352853549
1.4819159335288368	0.00029445510366398543	0.8111475844404824
1.4858260019550342	0.00022214218738334077	1.030573463325181
1.4897360703812317	0.0001570877754741263	0.96788255002197
1.4936461388074291	0.00012799655162590173	0.6375818613329967
1.4975562072336266	0.00029501332333772465	0.4621275274435415
1.501466275659824	0.0003413758706366954	0.7626746044051645
1.5053763440860215	0.0003902983549435767	1.0851615872293014
1.509286412512219	0.0003475074981532977	1.422089294565824
1.5131964809384164	0.0002578768210628627	1.68190603797467
1.5171065493646139	0.00017360254580156865	1.3579104776735522
1.5210166177908113	0.0002034554425780891	1.1346331732694606
1.5249266862170088	0.00028060942999283905	1.1180501841364094
1.5288367546432062	0.00035033882074607284	1.4475418773067623
1.5327468230694037	0.0003114022709976572	1.7911543005623811
1.5366568914956011	0.00025867334892282017	2.143220823773266
1.5405669599217986	0.0001741587563925702	2.2826425196543374
1.544477028347996	8.030246765805062e-5	1.9811722820921758
1.5483870967741935	0.00014618997884264904	1.4973794028414755
1.552297165200391	0.0001726598929178409	1.7195437355017524
1.5562072336265884	0.0002235960488988643	1.9995536121189978
1.5601173020527859	0.00017494305188879935	2.5475558742652096
1.5640273704789833	0.00011554880901696712	-2.81243188005261
1.5679374389051808	4.29613687867403e-5	-1.7240290502182327
1.5718475073313782	8.713725402232473e-5	-0.1156810058920403
1.5757575757575757	0.00014734088598546821	0.6994374693164549
1.5796676441837731	0.00010248136267892685	1.3291360253732143
1.5835777126099706	6.447476685981726e-5	1.3896252745811715
1.587487781036168	1.6010476295518475e-5	-0.9202820368973117
1.5913978494623655	0.00012111918726894924	-0.2608298420343713
1.595307917888563	0.00020761488457508547	0.16292952673624228
1.5992179863147604	0.00023997219941659503	0.5638161349946055
1.6031280547409579	0.00024777191252099343	0.9069826248345794
1.6070381231671553	0.00017073640588254478	1.2733731236727213
1.6109481915933528	0.00010056030929105423	0.798658960948486
1.6148582600195502	0.00015814492152085285	0.5786249825931058
1.6187683284457477	0.00022851147664929142	0.5712756107689669
1.6226783968719452	0.00030556272852852684	0.8280243696427505
1.6265884652981428	0.0003224757124241858	1.259705320733945
1.6304985337243403	0.0002867900115456737	1.4861400442497223
1.6344086021505377	0.00023985556298421543	1.6022870855989508
1.6383186705767352	0.00016179017933451591	1.560043331373457
1.6422287390029326	0.00019920271813559864	1.2483581810747366
1.64613880742913	0.0002727083160070192	1.3089450405926746
1.6500488758553276	0.0002807150123219751	1.5823075973288057
1.653958944281525	0.00029824596564122046	1.952627623747681
1.6578690127077225	0.00021569551862612386	2.3359611233946764
1.66177908113392	0.00011411265785207958	2.3298951163632053
1.6656891495601174	6.794356590152875e-5	2.059647134157687
1.6695992179863148	0.00011784746555525738	1.43525709556834
1.6735092864125123	0.0001662964205696609	1.7378912078312987
1.6774193548387097	0.0001628753654923822	2.2360668252146767
1.6813294232649072	0.00012773836306444135	2.6655544130173943
1.6852394916911047	7.922420755439248e-5	3.13297944010209
1.689149560117302	3.045037079239613e-5	-1.3038105896478742
1.6930596285434996	8.057341728715171e-5	0.509912299978969
1.696969696969697	0.00010286358620022305	1.0998233817911713
1.7008797653958945	9.166136385035225e-5	1.631794389810946
1.704789833822092	5.4294993199676825e-5	2.033320553961202
1.7086999022482894	3.567186804012978e-5	-0.7228221375248837
1.7126099706744868	0.00011233410043834658	-0.10626481539621178
1.7165200391006843	0.00019093039413606457	0.25849567005914
1.7204301075268817	0.0002156419680507991	0.6909794621433794
1.7243401759530792	0.0002091332880803017	0.9974362886085498
1.7282502443792767	0.00015871570707456085	1.0455223788287635
1.7321603128054741	0.00013096332304151265	0.918499401604536
1.7360703812316716	0.0001578986141966197	0.6032233588770227
1.739980449657869	0.0002174721653562913	0.7387277681225349
1.7438905180840665	0.0002741005982686791	1.0953184673674137
1.747800586510264	0.000268055262230875	1.4074587558472733
1.7517106549364614	0.0002090702903297962	1.7180278128993967
1.7556207233626588	0.00018459057141881688	1.8000957861554914
1.7595307917888563	0.00013784624030080495	1.5041327169257441
1.7634408602150538	0.00016799100916771068	1.2926313439087478
1.7673509286412512	0.00023009396318909804	1.4308622589274154
1.7712609970674487	0.0002490595663996271	1.704483889490306
1.7751710654936461	0.00023490719453302138	2.0150804498086012
1.7790811339198436	0.00018256973363886837	2.226177614301039
1.782991202346041	0.00010932861920324184	2.2401246115264235
1.7869012707722385	8.612229238412478e-5	1.8520527587628053
1.790811339198436	0.0001294828758607077	1.6369941622918456
1.7947214076246334	0.00014881809300315305	2.0049620642021715
1.7986314760508308	0.0001521788222595447	2.4320953910689855
1.8025415444770283	0.00010470350931631254	2.924312301903157
1.8064516129032258	7.263905632855988e-5	-2.8644238548171335
1.8103616813294232	2.116263126663985e-5	0.03766740071506405
1.8142717497556207	5.836270703091993e-5	0.5190244647958406
1.8181818181818181	8.160399802821858e-5	1.21529414972911
1.8220918866080156	7.388495704468126e-5	1.5173413310611878
1.826001955034213	2.5958642515613882e-5	1.9176965330027047
1.8299120234604105	5.0435602086316744e-5	0.08440259690613965
1.833822091886608	0.00012630753796351432	0.17904694207660873
1.8377321603128054	0.00015343636844436295	0.5080648825517873
1.8416422287390029	0.00018233358806949454	0.9667610564494957
1.8455522971652003	0.00017153086060232354	1.1460384784677689
1.8494623655913978	0.0001257562501824595	1.2554630646698492
1.8533724340175952	0.00011291312609229553	0.9800249967762557
1.8572825024437927	0.0001436313698307212	0.672205271445105
1.8611925708699901	0.00022040914127192417	0.9314336519528952
1.8651026392961876	0.0002247434598536357	1.1209568201990634
1.869012707722385	0.00020619045748935107	1.42571109263951
1.8729227761485825	0.0002046272647108977	1.705756546508773
1.8768328445747802	0.00014407169120404667	1.6794026534615618
1.8807429130009776	0.00013850240289162933	1.513641449384787
1.884652981427175	0.00017846991951861617	1.43513201112585
1.8885630498533725	0.00020166862081091335	1.5784983462082205
1.89247311827957	0.0002315075115317354	1.9848853634516934
1.8963831867057674	0.0001949552941469116	2.099552070945503
1.900293255131965	0.00015122494985596736	2.407610767291801
1.9042033235581624	0.00010612898585864979	2.405820620706803
1.9081133919843598	8.658774654777816e-5	1.650492169841571
1.9120234604105573	0.00011988257994842717	1.9499640725048621
1.9159335288367547	0.00011991066871963627	2.1334243792397434
1.9198435972629522	8.895936410527338e-5	2.3864112982422987
1.9237536656891496	8.13635961546358e-5	-3.109687205642178
1.927663734115347	3.0207685310621745e-5	-3.082930789237038
1.9315738025415445	2.8253810065567155e-5	0.3680774185584723
1.935483870967742	5.4451976689911426e-5	1.0951405619438983
1.9393939393939394	8.794751654958901e-5	1.4573542280174505
1.943304007820137	4.573833852977711e-5	1.9096866455518289
1.9472140762463344	2.8541120579839787e-5	1.6562051900733137
1.9511241446725318	6.350148255608424e-5	0.2295438370057733
1.9550342130987293	8.1406036663654e-5	0.27644172049667287
1.9589442815249267	0.00013902365162912859	0.7389265418425665
1.9628543499511242	0.00014940565178038804	1.0277090146888541
1.9667644183773216	0.00013048314389420466	1.2761678870395043
1.970674486803519	0.00010022787476087786	1.127117550062132
1.9745845552297165	0.00011378513114963223	0.8025756056020332
1.978494623655914	0.00015435946869702516	0.9796409716338041
1.9824046920821115	0.00019891555438958676	1.0455393056984337
1.986314760508309	0.00018658121702544184	1.284318946643444
1.9902248289345064	0.00019300770988214772	1.6211138184631584
1.9941348973607038	0.00014994346290930373	1.73213519114015
1.9980449657869013	0.0001337326421504337	1.7888220420603451
2.0019550342130987	0.00015479663466309217	1.421714231475776
2.005865102639296	0.00015392614577057492	1.58225099809165
2.0097751710654936	0.0001797970527075878	1.9136630665155479
2.013685239491691	0.00018773189672273985	2.018401919447375
2.0175953079178885	0.00014865801624778022	2.3204268457412147
2.021505376344086	0.00012508310135992667	2.4366399548902122
2.0254154447702835	9.89927358287927e-5	2.040988225103256
2.029325513196481	9.522315835625132e-5	2.0803023270921184
2.0332355816226784	0.0001347245389524314	2.014297613028142
2.037145650048876	0.00010792639890247618	2.31218708891702
2.0410557184750733	8.738132950426816e-5	2.581687578806399
2.0449657869012707	4.417671956895411e-5	3.022182690077223
2.048875855327468	1.8494524616616848e-5	-2.2279691722598933
2.0527859237536656	3.245081976579395e-5	1.3673518093553605
2.056695992179863	5.7640546360838906e-5	1.3628568885150212
2.0606060606060606	3.0043218089418063e-5	1.8908103512584684
2.064516129032258	3.567445824103402e-5	2.2611520806779293
2.0684261974584555	3.546468329004802e-5	0.721833022319389
2.072336265884653	6.668202805480307e-5	0.25731569300021295
2.0762463343108504	0.0001104840504375863	0.7364428093195173
2.080156402737048	0.00011532948564937009	0.8322240992900194
2.0840664711632453	0.00010057316255412617	1.257142616957291
2.0879765395894427	0.00010994616607677262	1.2809473137239833
2.09188660801564	9.781654225259982e-5	0.9748464959502591
2.0957966764418376	0.00012064102453579123	1.1501555336740152
2.099706744868035	0.0001588753229440493	1.1535218621522503
2.1036168132942326	0.0001648049945083482	1.2432545510311814
2.10752688172043	0.00017963024063520283	1.5900457043030916
2.1114369501466275	0.0001381116553543061	1.6732122343375326
2.115347018572825	0.00011651190708689725	1.7480164266797735
2.1192570869990224	0.00012002233100119161	1.621241896770462
2.12316715542522	0.00013329478921286672	1.6233804133465548
2.1270772238514173	0.00015290475442861578	1.8770677263545057
2.1309872922776147	0.0001675448892459921	1.9480154315115887
2.134897360703812	0.00015343581668679333	2.2352893051572504
2.1388074291300097	0.0001361185758781511	2.3670502663171917
2.142717497556207	8.404015531961222e-5	2.056791284507466
2.1466275659824046	8.550350940546212e-5	2.1673039201517534
2.150537634408602	0.00011720519106338941	2.22689032478531
2.1544477028347995	0.00010802658962870991	2.232814531563051
2.158357771260997	0.00011309185182237797	2.706231154966904
2.1622678396871944	7.790888308606108e-5	2.623221152060891
2.166177908113392	2.519004638465487e-5	2.719140025274424
2.1700879765395893	2.8063124620353864e-5	2.0159495228568067
2.1739980449657867	6.36153433019281e-5	1.23516164595418
2.177908113391984	2.9240349924441837e-5	1.7962608725482105
2.1818181818181817	3.1449258275896916e-5	2.2231331997438177
2.185728250244379	8.681707166702373e-6	1.9181604250922473
2.1896383186705766	2.755252245478276e-5	0.09173237864982599
2.193548387096774	6.616866222242624e-5	0.7674562570262699
2.1974584555229715	9.723036468243631e-5	0.9321524157955301
2.201368523949169	8.9797830850263e-5	1.2889418066801919
2.2052785923753664	0.00010404708993746128	1.376608055299232
2.209188660801564	7.243729696155522e-5	1.1770116142442102
2.2130987292277613	9.342194945493053e-5	1.1166534615868697
2.2170087976539588	0.00013190288271506729	1.0460025615438426
2.220918866080156	0.0001253448789136658	1.291251483873876
2.2248289345063537	0.00015129058614293193	1.5799376102554779
2.228739002932551	0.00014754145517069468	1.634141057395591
2.2326490713587486	0.00011337679443392654	1.7097291151294807
2.236559139784946	0.00012397639847072048	1.7221386048391008
2.2404692082111435	0.00013575930077481963	1.4998306374206072
2.244379276637341	0.00014603989500364614	1.809092251691834
2.2482893450635384	0.00014729586740712893	1.94704384983323
2.2521994134897363	0.000132752980517803	2.2086973400265433
2.2561094819159337	0.00012870635500338744	2.425817323225529
2.260019550342131	0.00010251601535641168	2.385628695614103
2.2639296187683287	8.624350560390264e-5	2.2753211479108844
2.267839687194526	0.00011319667948917312	2.1279116882457467
2.2717497556207236	0.00011025541049826328	2.275722669871187
2.275659824046921	0.00011367029149048896	2.5588956582443103
2.2795698924731185	8.349728699850365e-5	2.7124827512076335
2.283479960899316	4.209307996621713e-5	3.1212801483395585
2.2873900293255134	2.2348576729801625e-5	2.668587563992016
2.291300097751711	4.375238751355667e-5	1.686581109040021
2.2952101661779083	4.307625140023831e-5	1.9127824035461056
2.2991202346041058	6.32081276062623e-5	2.2704901599880727
2.303030303030303	1.259752095547938e-5	2.135158663554777
2.3069403714565007	1.697389037990077e-5	-0.10999270323038267
2.310850439882698	4.458875053900928e-5	0.6198460464879476
2.3147605083088956	7.435635303362897e-5	0.8523765314022307
2.318670576735093	7.634531575953382e-5	1.2749910143420238
2.3225806451612905	8.215962503678115e-5	1.5587571660463606
2.326490713587488	6.646935219526739e-5	1.4879831612199346
2.3304007820136854	7.032953181577494e-5	1.3521998804850062
2.334310850439883	0.00010613474213921323	1.1657582421378625
2.3382209188660803	0.0001269903065115051	1.1697662542587373
2.3421309872922778	0.0001411858154324034	1.5050241220867573
2.346041055718475	0.00013665637212528946	1.5863472280283357
2.3499511241446727	0.00012004734525860939	1.8910088680751491
2.35386119257087	0.00010565564767972267	1.7905219330564766
2.3577712609970676	0.00010981226029496963	1.602345447451022
2.361681329423265	0.0001240554786014748	1.7714853871487317
2.3655913978494625	0.00014369678425856717	1.9305538526667796
2.36950146627566	0.00014238330130191478	2.09166389068231
2.3734115347018574	0.00011810994752029618	2.36369666147119
2.377321603128055	0.00010887679423241363	2.3644679119268797
2.3812316715542523	6.975853591480656e-5	2.3072841426922404
2.3851417399804498	9.533458838983531e-5	2.1766575312078578
2.389051808406647	0.00011012659505518919	2.2636184512908204
2.3929618768328447	0.00010062387991425905	2.5362790711910606
2.396871945259042	0.00010162874167511128	2.6890862830314703
2.4007820136852396	7.107630076339652e-5	2.870508910286011
2.404692082111437	3.3776285261483004e-5	2.776006808833411
2.4086021505376345	3.4566258737875364e-5	1.7349509440281026
2.412512218963832	5.015123444516097e-5	1.9182740071904354
2.4164222873900294	5.947251936928489e-5	2.320648527052543
2.420332355816227	3.770697082839998e-5	2.5079177985424974
2.4242424242424243	1.812177343510724e-5	-3.070361990881291
2.4281524926686218	2.3141838352731814e-5	0.13375339634336933
2.432062561094819	5.9744666619823546e-5	0.7152371556086864
2.4359726295210167	7.354701876803486e-5	1.1447095033415664
2.439882697947214	8.959692896112932e-5	1.3953184845276199
2.4437927663734116	5.8823248743238886e-5	1.6237507405148244
2.447702834799609	4.9282926595962156e-5	1.543491981606216
2.4516129032258065	6.796762761785845e-5	1.1876004362414423
2.455522971652004	0.00010062026398151659	1.1612684979996786
2.4594330400782014	0.00012720395680223672	1.459590183822594
2.463343108504399	0.00013884725908986254	1.667957828277932
2.4672531769305963	0.00011735888991330817	1.8893428373281957
2.4711632453567938	0.00010258478550018624	1.93903558432892
2.4750733137829912	8.325288186332934e-5	1.7388542336042463
2.4789833822091887	0.0001032731585645212	1.6199621504559962
2.482893450635386	0.00013058135925002039	1.7584845557575823
2.4868035190615836	0.000129903617538997	2.034769651850704
2.490713587487781	0.0001311895332473896	2.2416776850133604
2.4946236559139785	0.00010685643381686651	2.438956244945622
2.498533724340176	7.611157650331904e-5	2.4295167475042914
2.5024437927663734	7.844929189642486e-5	2.266314085348028
2.506353861192571	9.374718837580669e-5	2.0973518604282475
2.5102639296187683	0.00011406767008159206	2.4130974203892737
2.5141739980449658	0.0001045501361071266	2.725036798824045
2.5180840664711632	8.475680370284176e-5	2.8669527171722344
2.5219941348973607	5.78729223969368e-5	-3.0239331118788115
2.525904203323558	2.84347407651107e-5	2.46735998047115
2.5298142717497556	4.534619419196087e-5	1.967575676859105
2.533724340175953	5.43616552194861e-5	2.171636115081146
2.5376344086021505	5.167762371425269e-5	2.386594135306647
2.541544477028348	3.0928838236907606e-5	2.8293415119564203
2.5454545454545454	1.5653230485344596e-6	-0.24554900319664097
2.549364613880743	3.437800948356768e-5	0.45910233157434077
2.5532746823069403	6.235422907502024e-5	0.9661650481828674
2.557184750733138	7.539197205822791e-5	1.4890142771907926
2.5610948191593352	6.59582266477871e-5	1.7390552051373427
2.5650048875855327	5.493896056851049e-5	1.8470449791451
2.56891495601173	3.568143722536753e-5	1.3732375389275753
2.5728250244379276	6.758087938815324e-5	1.0785759264510928
2.576735092864125	9.7801912256517e-5	1.3029293982292278
2.5806451612903225	0.00011420906764410973	1.5515610126288124
2.58455522971652	0.0001181438615197919	1.8408922497606863
2.5884652981427174	0.00010539964359102825	2.02955802315651
2.592375366568915	8.56570775335176e-5	1.9242644080718632
2.5962854349951123	8.545371485256825e-5	1.7104000452607577
2.60019550342131	0.00011339247233768016	1.6931354721570244
2.6041055718475072	0.00013293778251311582	1.8797098537813959
2.6080156402737047	0.0001332533708814556	2.2000331461663003
2.611925708699902	0.00011548837230231143	2.4342842986138455
2.6158357771260996	9.041786497803206e-5	2.602203055620647
2.619745845552297	6.615536505056651e-5	2.4959300886064444
2.6236559139784945	7.283889842546655e-5	2.1685601844136895
2.627565982404692	9.560131272046657e-5	2.3247038578800736
2.6314760508308894	0.00010101973688336363	2.5310342981582292
2.635386119257087	9.614885753113643e-5	2.7929298041521653
2.6392961876832843	6.920060542221917e-5	3.1256032619733043
2.643206256109482	3.9621014317903416e-5	3.0586159516265052
2.6471163245356792	2.6137013891279658e-5	2.1931245046564123
2.6510263929618767	5.807357139087552e-5	2.0535659967728943
2.654936461388074	6.403837492037457e-5	2.4931225266964865
2.6588465298142716	4.803355192727338e-5	2.715906491673372
2.662756598240469	3.4956122141938066e-5	-3.122342045137825
2.6666666666666665	7.184308235662462e-6	-0.04103832472799719
2.670576735092864	4.322494821270735e-5	0.7478151143398247
2.6744868035190614	5.869274255667995e-5	1.246714305016138
2.678396871945259	6.488157921972204e-5	1.54005161846734
2.6823069403714563	5.6366044927945176e-5	1.8935435632781246
2.686217008797654	3.505751818156776e-5	1.8539137965428847
2.6901270772238512	4.0944797440572065e-5	1.293925382402644
2.6940371456500487	7.034729315501979e-5	1.1603753346061125
2.697947214076246	0.00010577316464975926	1.4778429453102353
2.7018572825024436	0.00011508164574689711	1.7639443211397152
2.705767350928641	0.00010553570307110447	2.0081486906236403
2.7096774193548385	8.961632257335345e-5	2.1870722687604154
2.713587487781036	6.876131194258518e-5	1.9912566350980399
2.7174975562072334	8.18714618212069e-5	1.7629732384910137
2.721407624633431	0.0001100804131121654	1.8192751900758242
2.7253176930596283	0.00012325705158369165	2.0332237455626396
2.729227761485826	0.00012433148042266195	2.305420734663352
2.7331378299120233	0.00010054040868812158	2.5264353360614984
2.7370478983382207	7.153299501637114e-5	2.6416462902872087
2.740957966764418	5.999630979476501e-5	2.333730442807878
2.7448680351906156	7.629895709993088e-5	2.1703394531298037
2.748778103616813	0.00010028139991563763	2.3932545285700133
2.752688172043011	0.00010759846770272057	2.701189782941581
2.7565982404692084	8.947666744558447e-5	2.980665139745686
2.760508308895406	6.615063537563677e-5	-3.034773958398182
2.7644183773216033	2.9709529976069147e-5	-3.056986084487902
2.768328445747801	3.5226757925037284e-5	2.148630599620489
2.7722385141739982	5.29105270783985e-5	2.3209108659980275
2.7761485826001957	5.8530711603385955e-5	2.494220877633024
2.780058651026393	4.866422943902715e-5	3.011607475568418
2.7839687194525906	2.1729601904403084e-5	-2.9269198558521445
2.787878787878788	1.4785359937007584e-5	0.39158717808531024
2.7917888563049855	4.916754593593316e-5	0.9706276738306763
2.795698924731183	6.70345750098636e-5	1.557470391818001
2.7996089931573804	5.8062099564594315e-5	1.8296155808147023
2.803519061583578	5.206580902581316e-5	2.121645741808494
2.8074291300097753	2.8989602344440737e-5	1.9891760011523594
2.811339198435973	3.7780143242242104e-5	1.0542206065482125
2.8152492668621703	7.29208266340623e-5	1.3198949103546855
2.8191593352883677	9.285593710930425e-5	1.5711152733955849
2.823069403714565	0.00010461701128836405	1.9100145560424917
2.8269794721407626	9.595343562470385e-5	2.1940499530349022
2.83088954056696	7.4682271341934e-5	2.2253636614805927
2.8347996089931575	6.392379545564094e-5	2.022017467450612
2.838709677419355	8.951064330683345e-5	1.7577428885317472
2.8426197458455524	0.00011170508379546005	1.899575345577469
2.84652981427175	0.00012239884031747643	2.220536038441946
2.8504398826979473	0.00011692710757905513	2.4375862002513013
2.854349951124145	8.981752019468725e-5	2.7195745932051243
2.8582600195503423	6.577725752645119e-5	2.709744599153911
2.8621700879765397	5.70238413779531e-5	2.2693078899368615
2.866080156402737	7.729381215466078e-5	2.2705097964553715
2.8699902248289346	9.606030553040501e-5	2.4504326022289122
2.873900293255132	9.290297111664906e-5	2.809425793494536
2.8778103616813295	8.342254736679138e-5	-3.1266233541533737
2.881720430107527	5.0010862730613915e-5	-2.8753421324164785
2.8856304985337244	2.4320768836229566e-5	2.9413575179542875
2.889540566959922	4.277209250651541e-5	2.250082883321398
2.8934506353861194	6.843702269094158e-5	2.3327742832602203
2.897360703812317	5.9859109991972626e-5	2.8139687557443698
2.9012707722385143	4.969261018872803e-5	3.129926621915002
2.9051808406647117	2.1600191549190134e-5	-2.456943823118179
2.909090909090909	1.8058965262806645e-5	0.30502532099115287
2.9130009775171066	4.645573937204909e-5	1.284599060965654
2.916911045943304	5.7582160822326266e-5	1.5853726080250021
2.9208211143695015	5.878030747997879e-5	2.0666658689415867
2.924731182795699	4.619625227676066e-5	2.2888945247510155
2.9286412512218964	2.1389736770323548e-5	1.7297644921002795
2.932551319648094	4.169125380748284e-5	1.0900830707624924
2.9364613880742914	8.134323805894223e-5	1.4122315925904623
2.940371456500489	8.661353503640685e-5	1.7211260377029884
2.9442815249266863	9.985145369430537e-5	2.092944214520835
2.9481915933528837	8.778402594795192e-5	2.329275751213511
2.952101661779081	6.146705898609902e-5	2.484547358222253
2.9560117302052786	6.227351438026403e-5	1.9496806312824753
2.959921798631476	8.143277197217857e-5	1.8601406779626757
2.9638318670576735	0.00010974482269740036	2.0255142460082323
2.967741935483871	0.00011953268732614058	2.321497052368728
2.9716520039100685	0.00010653257224764184	2.5825191761525597
2.975562072336266	8.546988419613857e-5	2.7863949660429395
2.9794721407624634	5.4432842227997715e-5	2.5794412896694516
2.983382209188661	5.4733618871538745e-5	2.3184021586420456
2.9872922776148583	8.959727915420242e-5	2.382589198680622
2.9912023460410557	8.806220087456446e-5	2.4999233027812258
2.995112414467253	9.669746823084417e-5	2.985622614691243
2.9990224828934506	7.777218157427843e-5	-3.0462593191892604
3.002932551319648	4.082666070029897e-5	-2.641577599329057
3.0068426197458455	2.4064331043021712e-5	2.8937451090145285
3.010752688172043	4.15417552575024e-5	2.2234952447312084
3.0146627565982405	5.7426711777954944e-5	2.6103015199094015
3.018572825024438	6.452931651328173e-5	2.918976251121373
3.0224828934506354	4.65982889918737e-5	-2.8839272584038693
3.026392961876833	1.6302626981264806e-5	-2.3517439257711263
3.0303030303030303	2.0234447879500695e-5	0.9602285885815294
3.0342130987292277	5.466969087615482e-5	1.3154818546426628
3.038123167155425	5.714717471785412e-5	1.994934466596223
3.0420332355816226	6.0028647470904814e-5	2.1867140590481364
3.04594330400782	3.7824087871443834e-5	2.6508920848919324
3.0498533724340176	1.5614382268672113e-5	1.9601455622830606
3.053763440860215	5.101277892583421e-5	1.2311839965171645
3.0576735092864125	6.530841899730394e-5	1.515172941947036
3.06158357771261	9.057977328549126e-5	1.899407608482549
3.0654936461388074	9.746928386183569e-5	2.108148274028282
3.069403714565005	7.255858637224827e-5	2.5090351326458267
3.0733137829912023	5.592150879146894e-5	2.5073558118551147
3.0772238514173997	5.7058139266025756e-5	1.8901285206127063
3.081133919843597	6.993481700099492e-5	2.0744684499788737
3.0850439882697946	0.00011856413929421296	2.155776508525988
3.088954056695992	0.00011270965133217497	2.4081988018802596
3.0928641251221896	0.000111859847164934	2.750005492627229
3.096774193548387	7.334854412660138e-5	2.8877084569527485
3.1006842619745845	4.671228040487167e-5	2.7552487946912003
3.104594330400782	6.22566778923123e-5	2.286586919361226
3.1085043988269794	8.173242708018817e-5	2.391374283722588
3.112414467253177	8.867861228375834e-5	2.6726244126215715
3.1163245356793743	9.659400453319872e-5	2.985772813381023
3.1202346041055717	6.242291602487213e-5	-2.873697745300955
3.124144672531769	4.845351014712592e-5	-2.6942514886711617
3.1280547409579667	3.398075710432151e-5	2.313223519456346
3.131964809384164	3.0670175283811184e-5	2.0957313623767817
3.1358748778103616	6.881375645385201e-5	2.72308417869804
3.139784946236559	5.0468629850190265e-5	2.987447256594943
3.1436950146627565	4.9941540560522046e-5	-2.6176129009087923
3.147605083088954	3.0215731157112876e-5	-2.464517380589878
3.1515151515151514	2.2731746493822235e-5	0.8638710834215895
3.155425219941349	4.2049687285619506e-5	1.726328970157284
3.1593352883675463	6.466305941428832e-5	1.9956197818976948
3.1632453567937437	5.9720754987290605e-5	2.39466988630157
3.167155425219941	4.152600346734767e-5	2.7547401513425096
3.1710654936461387	2.5610923917378975e-5	1.9444848108317752
3.174975562072336	3.489286666138973e-5	0.9977560804504072
3.1788856304985336	7.274905698734115e-5	1.744955967333862
3.182795698924731	9.211768541269383e-5	1.8084517912092724
3.1867057673509285	8.026255298140345e-5	2.399619439098794
3.190615835777126	7.041810616807858e-5	2.357756461080544
3.1945259042033234	3.873189366275375e-5	2.38550182500461
3.198435972629521	5.7299624884878517e-5	2.313665066801372
3.2023460410557183	8.770050007239623e-5	2.067152493185602
3.2062561094819158	9.165576829984437e-5	2.2178277077425492
3.210166177908113	0.00011359957989657784	2.6104493298643683
3.2140762463343107	9.988972631437546e-5	2.7916969437371875
3.217986314760508	5.8239333999004705e-5	2.898207079158421
3.2218963831867056	6.457958285539933e-5	2.7681036507488033
3.225806451612903	4.97490961262004e-5	2.227922855168091
3.2297165200391005	8.0487130273733e-5	2.628462394058868
3.233626588465298	0.00010275640117156953	2.7233414175512665
3.2375366568914954	8.23577616239813e-5	3.1056241808971317
3.241446725317693	7.114502985514068e-5	-2.7904773493637354
3.2453567937438903	2.9512332579835685e-5	-2.8337032349036804
3.2492668621700878	3.183411527102559e-5	2.7777376599048567
3.2531769305962857	4.360299574945381e-5	2.6593493241046557
3.257086999022483	5.496901261437691e-5	2.591181059585819
3.2609970674486806	5.9007042966990886e-5	-2.958449776430941
3.264907135874878	4.90737387782964e-5	-2.904466143256371
3.2688172043010755	4.132402586403966e-6	-2.8372993120109595
3.272727272727273	5.777968670932464e-6	2.9265637739126933
3.2766373411534704	5.998952965508793e-5	1.8294709415592665
3.280547409579668	2.9218119480894915e-5	2.1109026741486554
3.2844574780058653	5.0702472232885246e-5	2.6648610192383924
3.2883675464320627	4.014184050929065e-5	2.526160150299877
3.29227761485826	9.263148103162171e-6	1.5674564069586132
3.2961876832844577	4.4404239133359114e-5	1.6953672764636858
3.300097751710655	7.056652968576891e-5	1.732452661384825
3.3040078201368526	8.425822230276317e-5	2.009471243894688
3.30791788856305	9.353769653243902e-5	2.285897788920133
3.3118279569892475	6.34331411553392e-5	2.4540785457049465
3.315738025415445	5.0198532036988456e-5	2.639190414631499
3.3196480938416424	6.052073189516549e-5	2.1091668866096107
3.32355816226784	5.6509164276981094e-5	2.073918888994763
3.3274682306940373	0.00010041596240757272	2.429526369867152
3.3313782991202348	9.052852057636143e-5	2.615079247731395
3.335288367546432	8.8588013709875e-5	2.978704804788838
3.3391984359726297	8.161834740427732e-5	2.997239465159376
3.343108504398827	5.3724344358442595e-5	2.6015975639816595
3.3470185728250246	6.043196521182085e-5	2.7039219715132035
3.350928641251222	8.892668981960134e-5	2.685966045223851
3.3548387096774195	7.72444285814916e-5	2.8059935648612457
3.358748778103617	8.358266707426562e-5	-2.900023087527021
3.3626588465298144	5.8531964560597226e-5	-3.0863489774435853
3.366568914956012	3.0270521015513132e-5	-2.725598133227477
3.3704789833822093	4.640075906166863e-5	2.968282697649459
3.3743890518084068	4.7826750636843894e-5	2.533218783103518
3.378299120234604	4.813552643551993e-5	2.803903814017154
3.3822091886608017	5.3725956873929015e-5	-3.1135109793427405
3.386119257086999	2.584289331174201e-5	-2.609335251329717
3.3900293255131966	1.3628591158686204e-5	-2.558221718441097
3.393939393939394	1.2809196547984414e-5	2.1882572176278714
3.3978494623655915	3.1936306765168925e-5	1.8200386373284865
3.401759530791789	5.684676602617456e-5	2.4666970538355693
3.4056695992179864	5.131994753023648e-5	2.4399334196753717
3.409579667644184	2.731487666522762e-5	2.7665924993549065
3.4134897360703813	2.6877519522335725e-5	2.3414354042195598
3.4173998044965788	4.61664195793923e-5	1.3879575670650786
3.421309872922776	4.599105688684515e-5	2.093062494067399
3.4252199413489737	7.90078919695855e-5	2.2444565313685154
3.429130009775171	7.4556304324143e-5	2.4023257445968897
3.4330400782013686	6.239646297784243e-5	2.6989447734225562
3.436950146627566	5.728064934481414e-5	2.3614578697700734
3.4408602150537635	5.335000963631508e-5	2.1342243104433942
3.444770283479961	6.866209440009138e-5	2.1890091973223167
3.4486803519061584	8.543716362691389e-5	2.3322301478744194
3.452590420332356	8.095676392267954e-5	2.676229869948931
3.4565004887585533	8.841062300074214e-5	3.0045195940708163
3.4604105571847508	6.337211091608867e-5	3.0458784130510947
3.4643206256109482	5.986967623771477e-5	3.079907774358948
3.4682306940371457	6.225675041763422e-5	2.6342797220585363
3.472140762463343	7.331345873791759e-5	2.783003760275916
3.4760508308895406	8.883710357330467e-5	3.0465646506263964
3.479960899315738	7.431510737485996e-5	-3.091184861461371
3.4838709677419355	5.648193024312046e-5	-2.808300504465319
3.487781036168133	4.862163562976089e-5	-2.854631668113194
3.4916911045943304	4.193990042767421e-5	2.8825018110176654
3.495601173020528	3.946856539211939e-5	2.977174592172495
3.4995112414467253	6.667788112268827e-5	3.0225193918024873
3.5034213098729228	3.399644247492493e-5	-2.946480511956589
3.5073313782991202	2.9616009377248177e-5	-2.5324485896069033
3.5112414467253177	1.7423956332437556e-5	3.066293982376337
3.515151515151515	1.0262078352412192e-5	1.443962827081055
3.5190615835777126	2.419711022497206e-5	2.0996253727474175
3.52297165200391	4.042279394454973e-5	2.4201879466596616
3.5268817204301075	3.9407517231483335e-5	2.7472054442478133
3.530791788856305	3.613837063115835e-5	2.7898223760082317
3.5347018572825024	3.2324701303494536e-5	2.2831572074864646
3.5386119257087	3.443088513874397e-5	1.9566082586736098
3.5425219941348973	6.0402022747214847e-5	2.1946704316893912
3.5464320625610948	7.018609729103496e-5	2.122550202353107
3.5503421309872922	6.742331771746476e-5	2.5913744797315212
3.5542521994134897	6.081457505576631e-5	2.6456677794308687
3.558162267839687	5.057668163053939e-5	2.528019858237091
3.5620723362658846	5.795540832486009e-5	2.5551347446644765
3.565982404692082	7.401374780916962e-5	2.3363775124919313
3.5698924731182795	8.061764502568738e-5	2.4936603382678117
3.573802541544477	8.638425249735528e-5	2.750952374587939
3.5777126099706744	6.997388604563578e-5	2.9572838869975633
3.581622678396872	5.6753222441863e-5	-3.1047442933834923
3.5855327468230693	5.3206023361829945e-5	2.8719372445044344
3.589442815249267	5.630141030446316e-5	2.840343596670756
3.5933528836754642	7.063199792814476e-5	3.06029447082581
3.5972629521016617	8.804275454948894e-5	3.046727542760545
3.601173020527859	7.188036918765803e-5	-2.941693620463887
3.6050830889540566	6.266135168127118e-5	-2.824412603361077
3.608993157380254	4.1725921180961797e-5	-2.868386231151415
3.6129032258064515	3.361343299595557e-5	3.1096129002098074
3.616813294232649	5.619170525133035e-5	2.9813017341490196
3.6207233626588464	4.5779180750607525e-5	-3.1189616565488514
3.624633431085044	4.811204006225992e-5	-2.86128407609618
3.6285434995112413	3.84585324952842e-5	-2.809643379783704
3.632453567937439	1.24196015308362e-5	2.9701439247277173
3.6363636363636362	1.7268261398808708e-5	2.502166885687957
3.6402737047898337	4.0210871993138825e-5	2.16928216629646
3.644183773216031	2.7452139375300496e-5	2.874329406695166
3.6480938416422286	3.402813970282089e-5	3.033097021508299
3.652003910068426	2.76752972747985e-5	2.5738321549462118
3.6559139784946235	1.7834743587600987e-5	2.6218968732719454
3.659824046920821	3.332864970011236e-5	2.1880078542960124
3.6637341153470184	5.767051895801152e-5	2.1456981260007475
3.667644183773216	6.210429086521641e-5	2.4288209391817124
3.6715542521994133	6.849292179740366e-5	2.526366229788829
3.675464320625611	4.9123136162144335e-5	2.5839805171879884
3.6793743890518082	5.0273591303191196e-5	2.691418193193242
3.6832844574780057	6.510465169146354e-5	2.5086357159149726
3.687194525904203	6.152280540774046e-5	2.4394278914721625
3.6911045943304006	8.644576389062146e-5	2.7013871513023378
3.695014662756598	8.407716865611673e-5	2.8676540686340566
3.6989247311827955	7.069918677206974e-5	3.041116902714256
3.702834799608993	7.146456727535648e-5	3.0555786782884624
3.7067448680351904	5.59452035589596e-5	2.857485557549031
3.710654936461388	4.9971860865994795e-5	3.0555647369053043
3.7145650048875853	7.051745306984388e-5	3.050035930882551
3.718475073313783	7.22694642560458e-5	-3.0685325196394837
3.7223851417399803	7.58352752916022e-5	-2.772327529115935
3.7262952101661777	5.2615371360274776e-5	-2.8010563373789763
3.730205278592375	4.371740165856921e-5	-2.7949509848470413
3.7341153470185726	5.201923353472785e-5	-2.950186066415311
3.73802541544477	4.6939696946671896e-5	2.920349906022947
3.7419354838709675	4.9847315853846827e-5	-2.891305891418804
3.745845552297165	4.9603402214021216e-5	-2.791350077616379
3.7497556207233624	3.303160572270604e-5	-2.57883941481967
3.7536656891495603	1.9037038807318413e-5	-2.535485092964739
3.757575757575758	3.34471002287138e-5	2.5030157493118455
3.7614858260019552	2.3612620430877444e-5	2.5343237876826072
3.7653958944281527	3.480811085358584e-5	2.7927502465314276
3.76930596285435	3.769913518453496e-5	2.6681518140963445
3.7732160312805476	1.6679588500321165e-5	2.8070442625787178
3.777126099706745	2.7944687542992204e-5	2.3154492006370644
3.7810361681329425	3.779426215345984e-5	2.0211391983604443
3.78494623655914	4.962270373561758e-5	2.572883308645989
3.7888563049853374	6.49238717658582e-5	2.640911893328873
3.792766373411535	5.4812031827425376e-5	2.5484621099908424
3.7966764418377323	5.5800664171330144e-5	2.8579693000782367
3.80058651026393	5.6260178833862595e-5	2.7501931602565794
3.8044965786901273	5.35375537467512e-5	2.457731511160847
3.8084066471163247	7.209678834664127e-5	2.7215245010270395
3.812316715542522	7.469623865102543e-5	2.6840890136802997
3.8162267839687196	7.151744155397153e-5	3.0632535394608644
3.820136852394917	7.310663562283413e-5	-3.136198270911353
3.8240469208211145	6.412719552604215e-5	2.9846963030457916
3.827956989247312	5.515537673167967e-5	-3.135979629618484
3.8318670576735094	7.014984768359165e-5	2.9206092229186034
3.835777126099707	6.755486171964995e-5	3.081716258099511
3.8396871945259043	7.148194500291028e-5	-2.906926262878112
3.843597262952102	6.570360639069583e-5	-2.9531004114930948
3.8475073313782993	4.643366672447616e-5	-2.563551702229553
3.8514173998044967	5.935879210932819e-5	-2.6127936414242794
3.855327468230694	4.82073206892927e-5	-3.025474975324012
3.8592375366568916	4.9527380605077296e-5	-2.9487219941424616
3.863147605083089	6.036127898453644e-5	-2.907612759191077
3.8670576735092865	4.059817701142202e-5	-2.8903744330828394
3.870967741935484	3.177606634086478e-5	-2.5047481218521415
3.8748778103616814	2.954177670049462e-5	3.1041558975035253
3.878787878787879	1.2889438467521783e-5	2.6776320561616695
3.8826979472140764	3.1111780647861845e-5	-2.801999888349357
3.886608015640274	3.911690576804192e-5	2.670798389877223
3.8905180840664713	2.9084185607234383e-5	3.0956936593086395
3.8944281524926687	2.919427932939767e-5	3.0271614713980877
3.898338220918866	3.9017018365617454e-5	2.1520650148692275
3.9022482893450636	3.013283956354529e-5	2.3860003072573193
3.906158357771261	5.040401108326267e-5	2.529027872289816
3.9100684261974585	4.2630861059081645e-5	2.4107131637204398
3.913978494623656	4.883591204703893e-5	2.914752710251606
3.9178885630498534	6.132072134311136e-5	2.645692201780204
3.921798631476051	4.5868919986350415e-5	2.704552148247881
3.9257086999022484	6.790687547709744e-5	2.7930499172535175
3.929618768328446	7.448714022386254e-5	2.6763250993993677
3.9335288367546433	6.0900154714527685e-5	2.8218844040183044
3.9374389051808407	7.891073980040139e-5	3.050716486774979
3.941348973607038	7.077155843176236e-5	2.920256635265891
3.9452590420332356	5.818744922922471e-5	-3.0619412363014753
3.949169110459433	7.493188421156939e-5	-3.140084477972808
3.9530791788856305	5.776448489559716e-5	3.128464358020257
3.956989247311828	7.491902586525176e-5	-2.9190850275178333
3.9608993157380255	7.60592660535718e-5	-2.8600078396363493
3.964809384164223	5.5897388572909536e-5	-2.7806921472582276
3.9687194525904204	5.694767833228862e-5	-2.7325155396293863
3.972629521016618	4.005630239845277e-5	-2.9663593620984456
3.9765395894428153	4.653584176415042e-5	-2.582870563630567
3.9804496578690127	5.368157527630872e-5	-2.6621801538873444
3.98435972629521	3.608999151310788e-5	-2.8526613515835315
3.9882697947214076	4.687618094488966e-5	-2.3219230369577923
3.992179863147605	3.7492157604374185e-5	-2.8206847626819656
3.9960899315738025	2.6205006188041972e-5	-2.8295338775079792
4.0	1.7992441158116582e-5	-2.7133061502927203
