0.0	0.0
0.125	0.0
0.25	0.0
0.375	0.0
0.5	0.0
0.625	0.0
0.75	0.0
0.875	0.0
1.0	0.0
1.125	0.0
1.25	0.0
1.375	0.0
1.5	0.0
1.625	0.0
1.75	0.0
1.875	0.0
2.0	0.0
2.125	0.0
2.25	0.0
2.375	0.0
2.5	0.0
2.625	0.0
2.75	0.0
2.875	0.0
3.0	0.0
3.125	0.0
3.25	0.0
3.375	0.0
3.5	0.0
3.625	0.0
3.75	0.0
3.875	0.0
4.0	0.0
4.125	0.0
4.25	0.0
4.375	0.0
4.5	0.0
4.625	0.0
4.75	0.0
4.875	0.0
5.0	0.0
5.125	0.0
5.25	0.0
5.375	0.0
5.5	0.0
5.625	0.0
5.75	0.0
5.875	0.0
6.0	0.0
6.125	0.0
6.25	0.0
6.375	0.0
6.5	0.0
6.625	0.0
6.75	0.0
6.875	0.0
7.0	0.0
7.125	0.0
7.25	0.0
7.375	0.0
7.5	0.0009417138001438283
7.625	0.0009045500488329683
7.75	0.0008971412796199179
7.875	0.0008674278723051711
8.0	0.0008675392025712859
8.125	0.0008455867782909152
8.25	0.0008532319418031285
8.375	0.0008387597712931151
8.5	0.0008533755351161703
8.625	0.0008455507351643498
8.75	0.0008660562910938993
8.875	0.0008635720376762207
9.0	0.0008884643564148634
9.125	0.000889650406693963
9.25	0.0009171277045610905
9.375	0.0009200843773045454
9.5	0.0009481880195198645
9.625	0.0009509333187246146
9.75	0.0009776974017227517
9.875	0.0009783162865270832
10.0	0.0010019138667497426
10.125	0.000998698800253505
10.25	0.0010175742630805012
10.375	0.001009147083097595
10.5	0.001022125419497111
10.625	0.0010075321809656073
10.75	0.0010138978439717756
10.875	0.000992670449368063
11.0	0.0009922108494422154
11.125	0.0009643918423316378
11.25	0.0009574032218553442
11.375	0.0009235328727955005
11.5	0.0009107890760501204
11.625	0.0008718566370039028
11.75	0.0008545439598344306
11.875	0.0008119075049371252
12.0	0.0007915311794155071
12.125	0.0007468126082529375
12.25	0.0007250823860846768
12.375	0.0006800457944260941
12.5	0.0006587494163506307
12.625	0.0006151720351855449
12.75	0.0005960460278597701
12.875	0.0005555912382638743
13.0	0.0005401984375648875
13.125	0.0005042999813377319
13.25	0.0004939224608433414
13.375	0.0004636879320935065
13.5	0.00045924268727316384
13.625	0.0004353827958197259
13.75	0.0004373657091426724
13.875	0.00042015378616701673
14.0	0.00042861521881969026
14.125	0.00041787913995618614
14.25	0.00043243213091357713
14.375	0.0004275784390379499
14.5	0.00044743811357549366
14.625	0.0004475058037110516
14.75	0.00047155637531090544
14.875	0.00047529572640765113
15.0	0.0005021795730893291
15.125	0.0005081497165327793
15.25	0.0005363715561709506
15.375	0.0005430492741924299
15.5	0.0005710875435778602
15.625	0.0005769791643858448
15.75	0.0006033963819829826
15.875	0.0006071446145840037
16.0	0.0006306887812173195
16.125	0.000631166897871837
16.25	0.0006508568314355457
16.375	0.0006472437056677533
16.5	0.0006624325392436539
16.625	0.0006542635871537069
16.75	0.0006646763784973328
16.875	0.0006518673128827956
17.0	0.0006576106801209074
17.125	0.0006404530253752292
17.25	0.0006419967963247588
17.375	0.0006211261771889393
17.5	0.0006192590608587917
17.625	0.000595599220854831
17.75	0.0005913623385715597
17.875	0.000566049526348307
18.0	0.0005606531471096603
18.125	0.0005349468159879843
18.25	0.0005296767266314493
18.375	0.0005048633400368845
18.5	0.0005009838765293749
18.625	0.0004782809481091723
18.75	0.00047694178840366325
18.875	0.0004574091000735494
19.0	0.00045956247954626045
19.125	0.0004440267380976513
19.25	0.00045036083829301326
19.375	0.0004393589125137854
19.5	0.000450251870688083
19.625	0.00044399628895447807
19.75	0.00045949368164141
19.875	0.00045786237502180795
20.0	0.000477679267478216
20.125	0.0004802297465160424
20.25	0.000503776599389893
20.375	0.0005097829836772776
20.5	0.0005362130027405955
20.625	0.0005447227087144607
20.75	0.0005729967302565305
20.875	0.0005829022774020114
21.0	0.0006118661072009254
21.125	0.0006219865162430954
21.25	0.0006504548571908325
21.375	0.00065962054880079
21.5	0.0006864613126874528
21.625	0.0006935963028646301
21.75	0.0007178092164358103
21.875	0.0007220047423002119
22.0	0.000742788709206218
22.125	0.0007433631722215777
22.25	0.0007601677913727443
22.375	0.0007567090095136682
22.5	0.0007692668987027441
22.625	0.0007616540274450885
22.75	0.0007699920629274167
22.875	0.0007583960724236372
23.0	0.0007628252200424165
23.125	0.0007476883887282129
23.25	0.0007487733538217752
23.375	0.0007307697421842335
23.5	0.0007292810946169071
23.625	0.000709261290854067
23.75	0.0007061139247178811
23.875	0.0006850384141592368
24.0	0.0006812211011864008
24.125	0.0006600873329498163
24.25	0.0006565886627768849
24.375	0.0006363572280231796
24.5	0.0006340933692442212
24.625	0.0006156186459920625
24.75	0.0006153681082566827
24.875	0.0005993382846787142
25.0	0.0006016882388040965
25.125	0.000588578839175728
25.25	0.0005938866161655425
25.375	0.0005839305856695931
25.5	0.000592302797078708
25.625	0.0005854789374757727
25.75	0.0005967693332369433
25.875	0.000592809516079906
26.0	0.0006066353166068959
26.125	0.0006050495343463571
26.25	0.0006208246460797267
26.375	0.0006209416941632341
26.5	0.0006379240323459597
26.625	0.0006389445343717306
26.75	0.0006562937190624666
26.875	0.0006573513880695799
27.0	0.0006741924120843522
27.125	0.0006744189353003202
27.25	0.0006899070671720143
27.375	0.0006884958408734815
27.5	0.0007018780396033946
27.625	0.0006981421667557007
27.75	0.0007088106398192754
27.875	0.0007022311173628489
28.0	0.0007097653146018525
28.125	0.0007000261329729454
28.25	0.0007042203842364606
28.375	0.0006912282776127044
28.5	0.0006921033783169678
28.625	0.0006759911201217133
28.75	0.0006737893642125871
28.875	0.0006549027146781321
29.0	0.0006500670797556441
29.125	0.0006289366695282121
29.25	0.0006220759879723016
29.375	0.0005993764817984882
29.5	0.0005912194040417463
29.625	0.0005677191565143065
29.75	0.000559060461756746
29.875	0.0005355654955330803
30.0	0.0005272087817366048
30.125	0.0005045052464816544
30.25	0.0004972062079747945
30.375	0.0004760054998844207
30.5	0.0004704198687531457
30.625	0.0004513103111010665
30.75	0.00044795011598315024
30.875	0.00043135854378411817
31.0	0.00043055966310216585
31.125	0.0004167254712523672
31.25	0.00041862857920853036
31.375	0.00040759183926827283
31.5	0.00041213783299648665
31.625	0.0004037420353635063
31.75	0.00041068196340857273
31.875	0.00040459087398197975
32.0	0.0004135093394751124
32.125	0.0004092364520103812
32.25	0.0004195865123848437
32.375	0.00041653470037100054
32.5	0.0004276814970476914
32.625	0.00042518978253613623
32.75	0.0004364595614774444
32.875	0.00043385346808704633
33.0	0.00044458433182060066
33.125	0.0004412261041852513
33.25	0.0004508167865775349
33.375	0.0004461518444944591
33.5	0.0004541050194265882
33.625	0.0004477013616931329
33.75	0.000453658462396332
33.875	0.0004452363122534746
34.0	0.00044900151381775883
34.125	0.00043845125797671943
34.25	0.0004400031063652767
34.375	0.0004273904649439953
34.5	0.0004268805586800087
34.625	0.00041243886787465067
34.75	0.0004101779467097826
34.875	0.00039428836938600655
35.0	0.00039072106678047705
35.125	0.00037388240208962356
35.25	0.0003695527126135196
35.375	0.00035234319460805815
35.5	0.00034785333729062974
35.625	0.0003308873431183249
35.75	0.0003268531263625235
35.875	0.0003107360256140701
36.0	0.0003077420101391373
36.125	0.0002930264568777363
36.25	0.000291584163913274
36.375	0.0002787309649163095
36.5	0.00027924309259707474
36.625	0.0002685893927360916
36.75	0.00027132251284996183
36.875	0.00026305945745054777
37.0	0.0002681270032587744
37.125	0.00026228831067668805
37.25	0.00026964488917811713
37.375	0.0002661069514953863
37.5	0.0002755541753591046
37.625	0.0002740474606370264
37.75	0.00028525065999528024
37.875	0.00028538137803639816
38.0	0.0002978957784256829
38.125	0.00029917605129669715
38.25	0.0003124803489252943
38.375	0.0003143645466921685
38.5	0.00032789931683794573
38.625	0.0003298238194336805
38.75	0.0003430318946551165
38.875	0.0003444553451945854
39.0	0.00035682121220524085
39.125	0.00035726234821858077
39.25	0.00036834773958860655
39.375	0.00036741811853415607
39.5	0.0003768913038438528
39.625	0.0003743206593899215
39.75	0.00038197744260422907
39.875	0.0003776299829578764
40.0	0.000383405050256333
40.125	0.0003772856961927689
40.25	0.00038125368016867303
40.375	0.00037350398611231075
40.5	0.0003758703677717026
40.625	0.00036675461927726554
40.75	0.000367837321132605
40.875	0.0003577200028330186
41.0	0.000357923183128887
41.125	0.00034723961315010507
41.25	0.0003470217068271469
41.375	0.00033624409321860273
41.5	0.0003360825236644417
41.625	0.0003256839891406425
41.75	0.0003260391701390972
41.875	0.0003164583901990472
42.0	0.00031773964178109077
42.125	0.0003093486500498189
42.25	0.0003118844649026469
42.375	0.0003049619027113485
42.5	0.0003089766418904291
42.625	0.00030368829537569307
42.75	0.00030928688880899177
42.875	0.00030567479609567585
43.0	0.000312836416898941
43.125	0.0003108171851886391
43.25	0.0003193981999773851
43.375	0.00031877049486442235
43.5	0.00032851631608023815
43.625	0.000328976822764652
43.75	0.00033954165165881226
43.875	0.00034070820662326917
44.0	0.0003516811024195421
44.125	0.00035312119867450173
44.25	0.00036405647870768273
44.375	0.0003653189898054625
44.5	0.0003757686869805641
44.625	0.0003764164592496484
44.75	0.00038596245302681203
44.875	0.00038560339288556896
45.0	0.00039388689474081717
45.125	0.00039220132745548385
45.25	0.00039894763158198314
45.375	0.00039571001470543724
45.5	0.00040074680363812745
45.625	0.0003958403190972657
45.75	0.0003991083074818086
45.875	0.0003925313962557553
46.0	0.0003940866713655489
46.125	0.00038595117207499053
46.25	0.0003859591999088727
46.375	0.00037648036622995023
46.5	0.00037520223555923763
46.625	0.000364681489072138
46.75	0.0003624535167673946
46.875	0.0003512553034327667
47.0	0.00034846358685140756
47.125	0.0003369881080818227
47.25	0.00033403994789873314
47.375	0.00032269380743777
47.5	0.000319988120174218
47.625	0.0003091550439034668
47.75	0.0003070539208678822
47.875	0.0002970676670031452
48.0	0.00029587111857122056
48.125	0.0002869925016570447
48.25	0.0002869181620287386
48.375	0.0002793177866183351
48.5	0.00028048696636331563
48.625	0.0002742348259107941
48.75	0.00027666581817110687
48.875	0.0002717284002108619
49.0	0.0002753374064785347
49.125	0.00027158239092807016
49.25	0.0002761918752447734
49.375	0.00027339996172145596
49.5	0.0002787537067437827
49.625	0.00027663659790160255
49.75	0.0002824202626775173
49.875	0.00028064339945701593
50.0	0.00028650899863121596
50.125	0.00028471732120586565
50.25	0.0002903097856113508
50.375	0.00028815460066546045
50.5	0.0002931384568072726
50.625	0.0002903034414948372
50.75	0.00029438766811024184
50.875	0.0002906121323312203
51.0	0.00029357141393618943
51.125	0.00028866917025512014
51.25	0.00029036005508461187
51.375	0.00028423258797380694
51.5	0.00028460344856684743
51.625	0.00027724650708997877
51.75	0.0002763406682420324
51.875	0.00026784389583953176
52.0	0.00026579579758569783
52.125	0.0002563355230247435
52.25	0.00025336029458248666
52.375	0.00024318610151498747
52.5	0.0002395633931513526
52.625	0.00022897952889984537
52.75	0.00022503285369017032
52.875	0.00021437589571252294
53.0	0.00021044904087772485
53.125	0.00020006349232937513
53.25	0.00019649575025516264
53.375	0.00018670936178398793
53.5	0.0001838113928472455
53.625	0.00017491200350723215
53.75	0.00017294407166771375
53.875	0.00016515962745478432
54.0	0.00016431375457222377
54.125	0.00015779690992317314
54.25	0.0001581841892933692
54.375	0.00015300254622904513
54.5	0.0001546464659716459
54.625	0.00015077908279970812
54.75	0.00015361526237146343
54.875	0.0001509556013373517
55.0	0.00015483787469716193
55.125	0.0001532028884393497
55.25	0.00015791520815168624
55.375	0.00015705982501948367
55.5	0.00016233304640732906
55.625	0.00016196893143554303
55.75	0.00016750119466197265
55.875	0.00016731836914661642
56.0	0.0001727975524233657
56.125	0.00017248726466080196
56.25	0.00017761385142813922
56.375	0.00017689102175506168
56.5	0.00018139971545237668
56.625	0.0001800233303194076
56.75	0.00018370186227096178
56.875	0.00018149186170583797
57.0	0.0001841956608665994
57.125	0.0001810451356492137
57.25	0.00018270684540543905
57.375	0.00017858871584053586
57.5	0.00017922192979055227
57.625	0.00017418968818597717
57.75	0.00017388670431469226
57.875	0.00016806923995516635
58.0	0.00016699306896285864
58.125	0.00016058402360599725
58.25	0.00015895530242399753
58.375	0.0001521977964035324
58.5	0.0001502776204792537
58.625	0.0001434455169486667
58.75	0.00014151548942364675
58.875	0.000134892602218243
59.0	0.00013323358673917037
59.125	0.00012709237079749097
59.25	0.00012596351195615313
59.375	0.00012054479716984278
59.5	0.0001201643359789075
59.625	0.00011565957156833547
59.75	0.00011618883744634486
59.875	0.00011272611618321372
60.0	0.00011425783019254408
60.125	0.00011189267430460483
60.25	0.00011444437433924407
60.375	0.00011315590766311463
60.5	0.0001166689248625857
60.625	0.00011636165890529005
60.75	0.00012070566694464413
60.875	0.00012121671710467437
61.0	0.0001261994708170134
61.125	0.00012731062680904583
61.25	0.0001326921324525978
61.375	0.0001341458593590352
61.5	0.0001396559046287702
61.625	0.0001411740736915332
61.75	0.00014653181099623722
61.875	0.00014783577272577117
62.0	0.00015276991220273766
62.125	0.0001536004391307292
62.25	0.00015786857713225103
62.375	0.00015800422659729366
62.5	0.00016140991104557004
62.625	0.00016068248662364675
62.75	0.000163088798247612
62.875	0.0001613948105089336
63.0	0.00016273350278491388
63.125	0.00016004083113990133
63.25	0.00016031640308310563
63.375	0.00015666571613303311
63.5	0.00015595416573233105
63.625	0.00015145504263257671
63.75	0.00014989743835402394
63.875	0.00014471951900722668
64.0	0.00014251090182984194
64.125	0.00013687075378427798
64.25	0.00013424521816943658
64.375	0.00012838991304795172
64.5	0.00012560298647529115
64.625	0.00011979161086456206
64.75	0.00011710123908640092
64.875	0.00011158570546079781
65.0	0.00010923324214768397
65.125	0.00010423980561321447
65.25	0.0001024323939951362
65.375	9.814521920454822e-5
65.5	9.70408414415031e-5
65.625	9.358880392165217e-5
65.75	9.328507070447994e-5
65.875	9.073273336961064e-5
66.0	9.126020558121827e-5
66.125	8.960360004430418e-5
66.25	9.092409860083664e-5
66.375	9.009158627720272e-5
66.5	9.210158002953069e-5
66.625	9.195969580817246e-5
66.75	9.449848563344905e-5
66.875	9.486230441636068e-5
67.0	9.772437439795826e-5
67.125	9.837161344230903e-5
67.25	0.00010132221953263525
67.375	0.00010201002185898556
67.5	0.00010480285762495698
67.625	0.000105286012458442
67.75	0.00010768164689747291
67.875	0.00010773090473714933
68.0	0.00010951463788620586
68.125	0.00010893377872754174
68.25	0.00010993161001063456
68.375	0.0001085720206914044
68.5	0.0001086635700740464
68.625	0.00010643527487902993
68.75	0.00010556272405271385
68.875	0.00010244107655697321
69.0	0.00010061349309700136
69.125	9.664105762295714e-5
69.25	9.393380387975505e-5
69.375	8.921730779895583e-5
69.5	8.57665971579199e-5
69.625	8.046919537569177e-5
69.75	7.646221161668847e-5
69.875	7.079164621178406e-5
70.0	6.645296415867894e-5
70.125	6.064649860951224e-5
70.25	5.6221811266033344e-5
70.375	5.052905128759754e-5
70.5	4.62674013134112e-5
70.625	4.0932264189353174e-5
70.75	3.706808270684573e-5
70.875	3.2311235115779015e-5
71.0	2.904750014094076e-5
71.125	2.5050545495094688e-5
71.25	2.254428687503638e-5
71.375	1.9436851722137624e-5
71.5	1.7788053920009828e-5
71.625	1.563870808937796e-5
71.75	1.4883411183735562e-5
71.875	1.369507340193091e-5
72.0	1.3803164504404639e-5
72.125	1.3513316409221927e-5
72.25	1.4391159033890642e-5
72.375	1.4876838589349984e-5
72.5	1.6374534881966175e-5
72.625	1.7461730824258164e-5
72.75	1.9384473062182173e-5
72.875	2.0861222240467605e-5
73.0	2.298389277474631e-5
73.125	2.461611230622152e-5
73.25	2.6700055332997948e-5
73.375	2.8248944255858404e-5
73.5	3.00596761400906e-5
73.625	3.129940796339601e-5
73.75	3.262396626041812e-5
73.875	3.335837500088696e-5
74.0	3.402103444159124e-5
74.125	3.40980717338269e-5
74.25	3.397327674060062e-5
74.375	3.32961820238233e-5
74.5	3.2317749660938783e-5
74.625	3.085211717609891e-5
74.75	2.9018038539770265e-5
74.875	2.6794265242227113e-5
75.0	2.4166755390299196e-5
75.125	2.127769249757405e-5
75.25	1.797848715360836e-5
75.375	1.457246878614053e-5
75.5	1.0773713756518231e-5
75.625	7.04347508473231e-6
75.75	2.954877004494599e-6
75.875	-8.768254811903743e-7
76.0	-5.0236443607750195e-6
76.125	-8.720655479171596e-6
76.25	-1.2689450742831724e-5
76.375	-1.6019862338658526e-5
76.5	-1.9587440208323143e-5
76.625	-2.234096455509849e-5
76.75	-2.531393538480185e-5
76.875	-2.7317729447401638e-5
77.0	-2.9547109839999933e-5
77.125	-3.067888496866257e-5
77.25	-3.20714720168317e-5
77.375	-3.22689212334387e-5
77.5	-3.279459700288751e-5
77.625	-3.206043972329811e-5
77.75	-3.175486067322061e-5
77.875	-3.0157124477606282e-5
78.0	-2.911958742043603e-5
78.125	-2.678709431040461e-5
78.25	-2.517372291645026e-5
78.375	-2.2287098464724023e-5
78.5	-2.0299837448657617e-5
78.625	-1.707868967657602e-5
78.75	-1.4950901733139073e-5
78.875	-1.1638098668911613e-5
79.0	-9.61780988380407e-6
79.125	-6.46199945819997e-6
79.25	-4.794014007647149e-6
79.375	-2.0316618411438587e-6
79.5	-9.398529540831358e-7
79.625	1.2218874123654818e-6
79.75	1.5508118894886328e-6
79.875	2.9491385095496364e-6
80.0	2.3792022180437004e-6
80.125	2.90750505042859e-6
80.25	1.3633573511496041e-6
80.375	9.789814926581908e-7
80.5	-1.5486172205802888e-6
80.625	-2.821268949113318e-6
80.75	-6.274788204409108e-6
80.875	-8.346056521788868e-6
81.0	-1.2605428867075115e-5
81.125	-1.5326988987756936e-5
81.25	-2.021844177029214e-5
81.375	-2.3394218068157153e-5
81.5	-2.8703073978082665e-5
81.625	-3.210369394791098e-5
81.75	-3.759021536282413e-5
81.875	-4.096995535747329e-5
82.0	-4.638708133860327e-5
82.125	-4.95020693529248e-5
82.25	-5.4613749551565334e-5
82.375	-5.7240092327663995e-5
82.5	-6.183887233411354e-5
82.625	-6.378937302906662e-5
82.75	-6.77119336122383e-5
82.875	-6.885016284454463e-5
83.0	-7.198965909669026e-5
83.125	-7.224032965899346e-5
83.25	-7.455460441881935e-5
83.375	-7.390946554682257e-5
83.5	-7.54245089842636e-5
83.625	-7.394330021304464e-5
83.75	-7.475167267160744e-5
83.875	-7.255803716862307e-5
84.0	-7.281234053620795e-5
84.125	-7.008496700530319e-5
84.25	-6.998681331917223e-5
84.375	-6.694642778485956e-5
84.5	-6.673168764320553e-5
84.625	-6.362482485458375e-5
84.75	-6.354621612612526e-5
84.875	-6.0626942994151554e-5
85.0	-6.093522331716597e-5
85.125	-5.844614534406601e-5
85.25	-5.937128254540134e-5
85.375	-5.752522657410977e-5
85.5	-5.925893343814324e-5
85.625	-5.8222660003562754e-5
85.75	-6.0903589669823755e-5
85.875	-6.078475030102645e-5
86.0	-6.448746288989344e-5
86.125	-6.532578812800835e-5
86.25	-7.005433200434535e-5
86.375	-7.181773377641784e-5
86.5	-7.750435168951396e-5
86.625	-8.00902684256506e-5
86.75	-8.659936794229526e-5
86.875	-8.984129874778562e-5
87.0	-9.697844107212569e-5
87.125	-0.00010065723413734942
87.25	-0.00010818252475622926
87.375	-0.00011204163330261019
87.5	-0.00011968657050075434
87.625	-0.00012345019096812867
87.75	-0.00013093676596157995
87.875	-0.00013432955302539006
88.0	-0.0001413902201280816
88.125	-0.0001441571458388736
88.25	-0.00015055420461550608
88.375	-0.00015247910511035628
88.5	-0.00015802206709623502
88.625	-0.0001589435043911131
88.75	-0.0001635031511483828
88.875	-0.00016332640096871514
89.0	-0.00016684447189356448
89.125	-0.00016554872234026912
89.25	-0.00016804248039023587
89.375	-0.0001656826688529022
89.5	-0.00016724396215023866
89.625	-0.00016394706584447292
89.75	-0.0001647359026124538
89.875	-0.00016069190371265714
90.0	-0.00016092496162049746
90.125	-0.00015637310064896682
90.25	-0.00015630796707236463
90.375	-0.00015151925092344361
90.5	-0.00015143551270367233
90.625	-0.00014669272798879172
90.75	-0.00014687127168981932
90.875	-0.0001424479503558594
91.0	-0.0001431499800142764
91.125	-0.00013928985657102823
91.25	-0.00014073717192715442
91.375	-0.00013763565143561942
91.5	-0.000139993654180328
91.625	-0.00013778267893452593
91.75	-0.00014114738975370863
91.875	-0.00013988485823331556
92.0	-0.00014427494653719995
92.125	-0.0001439395161127926
92.25	-0.00014929398759119
92.375	-0.00014978570638717956
92.5	-0.00015596748482892464
92.625	-0.00015711427457584841
92.75	-0.00016391948349282675
92.875	-0.00016548906566901444
93.0	-0.00017266139463062685
93.125	-0.00017437784653648536
93.25	-0.00018162700527093109
93.375	-0.00018319078350870468
93.5	-0.00019021373487776623
93.625	-0.00019132373367292902
93.75	-0.00019782717589353598
93.875	-0.00019820322128499544
94.0	-0.0002039256793269646
94.125	-0.0002033298078129154
94.25	-0.00020806170169136875
94.375	-0.00020631664042166447
94.5	-0.0002099168264986708
94.625	-0.0002069202779810016
94.75	-0.00020932779877490354
94.875	-0.00020506142262641404
95.0	-0.0002063015368387942
95.125	-0.00020083389714426841
95.25	-0.0002010178692427169
95.375	-0.00019450104905612686
95.5	-0.00019381962958760316
95.625	-0.00018647967569359372
95.75	-0.00018519066584070845
95.875	-0.00017731248227723212
96.0	-0.00017572321597181503
96.125	-0.00016763094049941461
96.25	-0.00016607690175044726
96.375	-0.00015811114519441146
96.5	-0.00015693223859469276
96.625	-0.00014942581619860348
96.75	-0.00014894200161564804
96.875	-0.00014219591818531805
97.0	-0.00014268399036703854
97.125	-0.0001369454467506111
97.25	-0.00013861868127661162
97.375	-0.00013406274529139262
97.5	-0.00013705494549027793
97.625	-0.00013377128421236065
97.75	-0.00013812646122044297
97.875	-0.00013611217898875497
98.0	-0.0001417807011372284
98.125	-0.00014093989378464642
98.25	-0.00014778147727141723
98.375	-0.0001479316278552482
98.5	-0.00015572504331988729
98.625	-0.00015660988369213497
98.75	-0.00016506875776266591
98.875	-0.0001663767393664951
99.0	-0.00017517037297745913
99.125	-0.0001765574653366037
99.25	-0.0001853352059805845
99.375	-0.00018645040426602745
99.5	-0.00019486782637144186
99.625	-0.00019537952617393111
99.75	-0.00020312451468221257
99.875	-0.00020274582068533054
100.0	-0.0002095626317557531
100.125	-0.00020807371647165072
100.25	-0.00021378320832806758
100.375	-0.0002110490251981054
100.5	-0.00021556350690384078
100.625	-0.0002115454780398219
100.75	-0.00021487699550743316
100.875	-0.00020963771611373275
101.0	-0.00021189905969718885
101.125	-0.00020559956046139585
101.25	-0.00020699780233068122
101.375	-0.00019988745095022228
101.5	-0.00020071036763747073
101.625	-0.00019311003419480847
101.75	-0.00019370629842427212
101.875	-0.00018598591444348415
102.0	-0.00018674041341424358
102.125	-0.00017929248553801388
102.25	-0.00018059850311453123
102.375	-0.00017380946526452057
102.5	-0.00017603972478596802
102.625	-0.00017026120240461862
102.75	-0.00017373988341700766
102.875	-0.00016926198404622935
103.0	-0.0001742397893955126
103.125	-0.00017126842013734833
103.25	-0.00017790258007264413
103.375	-0.0001765425291608446
103.5	-0.0001848832977245582
103.625	-0.00018512842288466612
103.75	-0.0001951131701292428
103.875	-0.00019684453646190737
104.0	-0.00020830000065883683
104.125	-0.00021129224044548828
104.25	-0.00022394491335525323
104.375	-0.00022788048036168448
104.5	-0.00024137450122359592
104.625	-0.00024586490593069574
104.75	-0.0002597862762429353
104.875	-0.0002643988603225348
105.0	-0.00027830430726282824
105.125	-0.0002825926829713426
105.25	-0.00029604112867517645
105.375	-0.0002995771080580829
105.5	-0.0003121614754957564
105.625	-0.00031456616700761413
105.75	-0.00032594318930804226
105.875	-0.0003269149606590887
106.0	-0.00033683076769759054
106.125	-0.00033616796490202786
106.25	-0.0003444774923495678
106.375	-0.0003420941536731113
106.5	-0.00034877284096654506
106.625	-0.0003447061291511481
106.75	-0.0003498529129014144
106.875	-0.0003442615764878
107.0	-0.00034809280918620777
107.125	-0.0003412466316355917
107.25	-0.0003440812170085122
107.375	-0.0003363420749424367
107.5	-0.0003385787630934348
107.625	-0.0003303745442409924
107.75	-0.00033246292391536517
107.875	-0.00032425610308803966
108.0	-0.0003266633201515505
108.125	-0.0003189164180318794
108.25	-0.0003220920009331376
108.375	-0.00031523242002655616
108.5	-0.000319573775777208
108.625	-0.0003139605996583085
108.75	-0.00031978174162119587
108.875	-0.0003156769866005844
109.0	-0.00032318286453375766
109.125	-0.0003207293909589795
109.25	-0.0003299978252706162
109.375	-0.0003292056663222005
109.5	-0.00034017836560257215
109.625	-0.0003409206442658655
109.75	-0.00035340414423079477
109.875	-0.0003554230651305278
110.0	-0.0003690997117963902
110.125	-0.00037202238165606847
110.25	-0.00038647074442732965
110.375	-0.00038983384636139836
110.5	-0.00040455724062374223
110.625	-0.0004078389169671693
110.75	-0.00042230009288403
110.875	-0.000424956828840383
111.0	-0.00043861639237341475
111.125	-0.00044012228209906875
111.25	-0.00045247809188352957
111.375	-0.00045236364260799227
111.5	-0.000462988301717081
111.625	-0.00046087591053874815
111.75	-0.0004694495561987632
111.875	-0.00046508298338731474
112.0	-0.00047141886951920217
112.125	-0.0004646844220475339
112.25	-0.00046874527146540686
112.375	-0.0004596829759544977
112.5	-0.00046158671839218064
112.625	-0.0004503904659963007
112.75	-0.0004504047329659535
112.875	-0.0004374111704219325
113.0	-0.0004359367324248354
113.125	-0.0004216034973334301
113.25	-0.00041914764717287684
113.375	-0.00040402234175224453
113.5	-0.00040116398699472885
113.625	-0.0003858459938462001
113.75	-0.00038319486674988953
113.875	-0.0003682926784899553
114.0	-0.0003664455525449705
114.125	-0.00035253267027649763
114.25	-0.0003520297497296805
114.375	-0.0003396023714992881
114.5	-0.0003408870706804199
114.625	-0.00033032672281548903
114.75	-0.000333711865968923
114.875	-0.00032525582932388993
115.0	-0.0003308988897277519
115.125	-0.0003246207551189085
115.25	-0.00033251013789966315
115.375	-0.00032831212584856387
115.5	-0.00033826572592864383
115.625	-0.0003358835712387329
115.75	-0.00034755995759951406
115.875	-0.0003465802495641619
116.0	-0.00035950190303268674
116.125	-0.0003593908512280384
116.25	-0.0003729779829891801
116.375	-0.0003731197150661646
116.5	-0.0003867323821475666
116.625	-0.00038647413811358615
116.75	-0.00039945971331005025
116.875	-0.00039816073767363203
117.0	-0.00040990333559951496
117.125	-0.0004069839295910328
117.25	-0.0004169521751103641
117.375	-0.0004119392855599699
117.5	-0.00041972885805207434
117.625	-0.00041229475889790297
117.75	-0.00041766245582469625
117.875	-0.00040765351540481324
118.0	-0.00041054013552245717
118.125	-0.0003979933301569046
118.25	-0.0003985334442091577
118.375	-0.0003836791328140344
118.5	-0.00038219673531469765
118.625	-0.00036544719119122775
118.75	-0.00036243724653196895
118.875	-0.0003443614820370627
119.0	-0.0003404584185690971
119.125	-0.0003217448601406689
119.25	-0.00031768005059001447
119.375	-0.00029908955103858986
119.5	-0.0002956406733271788
119.625	-0.00027795311374865383
119.75	-0.00027588894694469286
119.875	-0.0002598472231250477
120.0	-0.000259871846524023
120.125	-0.00024612730938048657
120.25	-0.0002488278017727565
120.375	-0.00023789120207174405
120.5	-0.00024369276906883368
120.625	-0.0002358944378717505
120.75	-0.00024502643259468996
120.875	-0.0002404888295708199
121.0	-0.0002529644035006467
121.125	-0.00025158932069561945
121.25	-0.00026720049649946984
121.375	-0.00026867217459310003
121.5	-0.00028700103434667557
121.625	-0.00029080530265957925
121.75	-0.00031125081172331444
121.875	-0.00031670918365026853
122.0	-0.00033852800712713975
122.125	-0.0003448445369157374
122.25	-0.0003672031377207166
122.375	-0.0003735208552015394
122.5	-0.000395555271172744
122.625	-0.00040101823469483307
122.75	-0.0004218972872331674
122.875	-0.0004257137938857828
123.0	-0.00044470113345398385
123.125	-0.0004462034420520988
123.25	-0.0004627138210406577
123.375	-0.0004614098982491452
123.5	-0.00047505538568600223
123.625	-0.0004706686752367835
123.75	-0.00048129117541305004
123.875	-0.0004737851857382147
124.0	-0.00048147255325521707
124.125	-0.00047105810850582607
124.25	-0.0004761423032191912
124.375	-0.00046326653481473237
124.5	-0.0004663035514966554
124.625	-0.0004516210354889574
124.75	-0.00045335368366312864
124.875	-0.0004376814569494898
125.0	-0.00043898735752407654
125.125	-0.0004232467763432953
125.25	-0.00042507508726202683
125.375	-0.000410224531159747
125.5	-0.00041352582757775864
125.625	-0.00040048901928790306
125.75	-0.0004061433602809974
125.875	-0.00039573850566468246
126.0	-0.0004044869694169357
126.125	-0.0003973619806271313
126.25	-0.0004097468152495906
126.375	-0.0004063255520813599
126.5	-0.000422643571834571
126.625	-0.0004230873369383069
126.75	-0.00044336032236891505
126.875	-0.00044754781719594006
127.0	-0.0004715125092090012
127.125	-0.0004790401687343412
127.25	-0.000506159059602014
127.375	-0.0005163622233710475
127.5	-0.0005458548397406768
127.625	-0.000557848688919982
127.75	-0.0005887415416469028
127.875	-0.0006014792465728585
128.0	-0.0006326712008623988
128.125	-0.0006450153935232639
128.25	-0.0006753539981002179
128.375	-0.0006861566083517462
128.5	-0.0007145200088669603
128.625	-0.0007227047696638863
128.75	-0.000748083292767905
128.875	-0.0007527248889610187
129.0	-0.0007742962691170425
129.125	-0.0007746902104656272
129.25	-0.000791882759547294
129.375	-0.000787600604801001
129.5	-0.0008001393809559316
129.625	-0.0007910648953449272
129.75	-0.0007989970669245921
129.875	-0.0007853402000568049
130.0	-0.0007890372482461957
130.125	-0.0007713243845195469
130.25	-0.0007714604436310335
130.375	-0.0007505010944618176
130.5	-0.0007480084764028162
130.625	-0.0007248403287563005
130.75	-0.0007208449893637028
130.875	-0.0006966608706907948
131.0	-0.0006924021243767168
131.125	-0.0006684638663081513
131.25	-0.0006652039230410525
131.375	-0.000642749193778796
131.5	-0.0006416789787323419
131.625	-0.0006218278201897127
131.75	-0.0006239759664111122
131.875	-0.0006076439556252187
132.0	-0.0006137957914668917
132.125	-0.0006016204231225246
132.25	-0.0006122532014882435
132.375	-0.0006045392693443914
132.5	-0.0006197788355608192
132.625	-0.0006164673255628011
132.75	-0.0006360699603195977
132.875	-0.0006367333374033545
133.0	-0.0006600947394354779
133.125	-0.0006639596274561257
133.25	-0.0006901510395314486
133.375	-0.0006961472901680112
133.5	-0.0007239767628510952
133.625	-0.0007308099311936811
133.75	-0.0007589048083951021
133.875	-0.0007651472463526233
134.0	-0.0007920522885227832
134.125	-0.0007962465698602593
134.25	-0.0008205308340892275
134.375	-0.0008212981556608303
134.5	-0.0008416629323805059
134.625	-0.0008378085839202622
134.75	-0.0008531884187229995
134.875	-0.000843796432738755
135.0	-0.000853445574311327
135.125	-0.0008379552702613807
135.25	-0.0008415127714014319
135.375	-0.0008197710655475853
135.5	-0.0008172991738584632
135.625	-0.0007895841653502676
135.75	-0.0007815764818683824
135.875	-0.0007485898379704332
136.0	-0.0007359478707122946
136.125	-0.000698775781127969
136.25	-0.0006827548243714188
136.375	-0.0006427996146000008
136.5	-0.0006249271794156392
136.625	-0.0005838138978451808
136.75	-0.000565786031800926
136.875	-0.0005252502870887207
137.0	-0.0005088128939262941
137.125	-0.0004705777663791131
137.25	-0.00045740132714636937
137.375	-0.0004230521857193153
137.5	-0.00041460898553504063
137.625	-0.00038547542225855384
137.75	-0.0003829284331719504
137.875	-0.00035998223469671693
138.0	-0.00036409417595598305
138.125	-0.0003478712923927864
138.25	-0.00035894111292727267
138.375	-0.0003494940106143896
138.5	-0.00036732619314167183
138.625	-0.0003642108908788922
138.75	-0.00038812068394429843
138.875	-0.00039042031325305435
139.0	-0.0004192754154283401
139.125	-0.0004256594859192588
139.25	-0.00045795601801960163
139.375	-0.0004667719011355079
139.5	-0.0005007399044648887
139.625	-0.0005101305697972441
139.75	-0.0005438619553945686
139.875	-0.0005519018916972859
140.0	-0.0005834919159404362
140.125	-0.0005883316091219415
140.25	-0.0006160237139165869
140.375	-0.00061603216730285
140.5	-0.0006383555065407995
140.625	-0.0006322501563675536
140.75	-0.0006481393907867114
140.875	-0.0006350934241035694
141.0	-0.0006439814064995785
141.125	-0.0006236998996153056
141.25	-0.0006255756343779619
141.375	-0.0005983340154109687
141.5	-0.0005937606501031529
141.625	-0.0005604016109497872
141.75	-0.0005504920430407902
141.875	-0.000512380005836037
142.0	-0.0004987307683632898
142.125	-0.0004576661373497096
142.25	-0.0004422533410907216
142.375	-0.00040035181516860153
142.5	-0.00038539584294267147
142.625	-0.00034494079999524275
142.75	-0.0003327489491223671
142.875	-0.00029602712876859987
143.0	-0.0002888252837857388
143.125	-0.0002579575127276502
143.25	-0.0002577230459395721
143.375	-0.00023450243760910101
143.5	-0.0002428107767056229
143.625	-0.0002285606213681986
143.75	-0.0002464572480654157
143.875	-0.00024191968156020858
144.0	-0.00026982775913700244
144.125	-0.00027509231694281287
144.25	-0.0003127637786939768
144.375	-0.00032724222997217395
144.5	-0.0003737571477297897
144.625	-0.00039620774241470717
144.75	-0.00045002334092792356
144.875	-0.00047862401844623307
145.0	-0.0005376710502058735
145.125	-0.0005701375074156546
145.25	-0.000631958119483168
145.375	-0.0006656991877010426
145.5	-0.0007276171648364367
145.625	-0.0007599169616084341
145.75	-0.0008192285686118309
145.875	-0.0008474426053182229
146.0	-0.0009016143903503071
146.125	-0.0009233654195047068
146.25	-0.0009702244401340685
146.375	-0.000983583446767104
146.5	-0.0010214855356125117
146.625	-0.0010251239721170789
146.75	-0.0010530868883627804
146.875	-0.0010463880006029561
147.0	-0.0010641785567905343
147.125	-0.0010472983525873201
147.25	-0.0010554657257919153
147.375	-0.0010293376214779166
147.5	-0.0010291888481867046
147.625	-0.000995470058867383
147.75	-0.000988987911375984
147.875	-0.0009499499423185585
148.0	-0.0009396576918877132
148.125	-0.0008980275318065698
148.25	-0.0008868092024242199
148.375	-0.0008455716956977157
148.5	-0.0008364599924677778
148.625	-0.0007986350799612876
148.75	-0.0007945819553453686
148.875	-0.000762992761733883
149.0	-0.0007666393304308486
149.125	-0.0007436882427391678
149.25	-0.0007571513122308555
149.375	-0.0007446211192648443
149.5	-0.0007693128879328548
149.625	-0.0007682086999852619
149.75	-0.0008047042050663088
149.875	-0.0008151493102478941
150.0	-0.0008631130895857272
150.125	-0.0008843082794408707
150.25	-0.000942487641248633
150.375	-0.0009727390906325856
150.5	-0.00103902663677619
150.625	-0.001075842456762387
150.75	-0.0011474054091188987
150.875	-0.0011876558580353777
151.0	-0.001261124661639558
151.125	-0.0013012560764136553
151.25	-0.0013729600754221658
151.375	-0.0014092482433374816
151.5	-0.0014754823057442962
151.625	-0.0015043075775425041
151.75	-0.0015616106975937176
151.875	-0.0015797349298705432
152.0	-0.001625160308154375
152.125	-0.0016299849175951805
152.25	-0.0016613409645231875
152.375	-0.0016511260853803841
152.5	-0.0016671692641097714
152.625	-0.0016411962182211709
152.75	-0.0016417595797128598
152.875	-0.0016004224803027045
153.0	-0.0015864679746053249
153.125	-0.0015312850682441567
153.25	-0.0015048729716551144
153.375	-0.0014384139611243693
153.5	-0.001402588682005467
153.625	-0.0013283203764158358
153.75	-0.0012869180772969347
153.875	-0.0012089768487718062
154.0	-0.001166366299760462
154.125	-0.0010892715358755123
154.25	-0.0010500449468936902
154.375	-0.000978372538672831
154.5	-0.0009470073909253695
154.625	-0.0008850459037656645
154.75	-0.000865561664858101
154.875	-0.0008169758957859254
155.0	-0.0008126107018252457
155.125	-0.000780137632917643
155.25	-0.0007930694143143987
155.375	-0.0007782700489654627
155.5	-0.0008094041515013365
155.625	-0.0008124914246796927
155.75	-0.0008613326577623775
155.875	-0.0008810907293773344
156.0	-0.0009457122084052303
156.125	-0.0009795162941988636
156.25	-0.001056630802068724
156.375	-0.0011005696812736094
156.5	-0.0011857020107966041
156.625	-0.00123479796833332
156.75	-0.0013225493400428308
156.875	-0.0013710630843302538
157.0	-0.0014554518041284884
157.125	-0.0014972533887901822
157.25	-0.0015721099396196925
157.375	-0.0016010914082366413
157.5	-0.0016604816291745268
157.625	-0.001670983423682029
157.75	-0.0017096306934655241
157.875	-0.001696852136052044
158.0	-0.0017105287982898886
158.125	-0.0016708933549522303
158.25	-0.0016567531055845346
158.375	-0.0015882016937537739
158.5	-0.0015450282438571787
158.625	-0.0014472184247178524
158.75	-0.0013755712413588703
158.875	-0.0012499664476413592
159.0	-0.0011522114008513924
159.125	-0.0010020519682248186
159.25	-0.0008822727838950605
159.375	-0.0007124289359148162
159.5	-0.0005762238945529439
159.625	-0.0003929393680636601
159.75	-0.0002471160603057497
159.875	-5.765910567722997e-5
160.0	9.015237644118779e-5
160.125	0.00027790694964952755
160.25	0.0004196958420742667
160.375	0.0005977246352450546
160.5	0.0007255655488944302
160.625	0.0008861624663641709
160.75	0.0009926728709469485
160.875	0.0011288900912555997
161.0	0.001207646965780286
161.125	0.0013136799248868053
161.25	0.0013595663254360362
161.375	0.0014310558675173835
161.5	0.0014405135193108606
161.625	0.0014747447691311664
161.75	0.0014459161180496525
161.875	0.0014419017531134182
162.0	0.0013746536800300464
162.125	0.0013330985266528253
162.25	0.0012289294720641943
162.375	0.0011520830027731638
162.5	0.0010139248181291354
162.625	0.000905337416395341
162.75	0.0007372720719337563
162.875	0.0006014790795484574
163.0	0.00040839766438083525
163.125	0.0002505615238640515
163.25	3.779811310634412e-5
163.375	-0.0001366572316448595
163.5	-0.0003636818110633827
163.625	-0.00054940910909357
163.75	-0.0007854991252675287
163.875	-0.000977505554031211
164.0	-0.0012179269749333817
164.125	-0.0014117634987641757
164.25	-0.0016523810675764695
164.375	-0.00184422339743284
164.5	-0.002081522985131608
164.625	-0.0022681342516569065
164.75	-0.002499126282075052
164.875	-0.0026777031692805124
165.0	-0.0028997149681681384
165.125	-0.0030676312917771336
165.25	-0.0032780083758648243
165.375	-0.0034324819236148966
165.5	-0.003628229488556578
165.625	-0.003765948336168571
165.75	-0.003943353503896844
165.875	-0.0040601059942896225
166.0	-0.0042143878122577715
166.125	-0.004304745082687375
166.25	-0.00442978206571693
166.375	-0.00448688277681814
166.5	-0.004575066425920594
166.625	-0.004590549805058201
166.75	-0.0046328067938484156
166.875	-0.004596932184630025
167.0	-0.004582947873627194
167.125	-0.00448492695374222
167.25	-0.0044035890169802205
167.375	-0.00423214131858071
167.5	-0.004072205319800332
167.625	-0.003816329587421831
167.75	-0.0035672893901610445
167.875	-0.00321722383140407
168.0	-0.0028703500687365926
168.125	-0.0024186750782862463
168.25	-0.001968165990864756
168.375	-0.001410984945770852
168.5	-0.0008551572212337754
168.625	-0.00019327593955163806
168.75	0.0004642898046983145
168.875	0.0012242750054084785
169.0	0.0019737274833969815
169.125	0.0028185283408645543
169.25	0.00364297304999454
169.375	0.004551988544006254
169.5	0.005427040294335149
169.625	0.006372102502008503
169.75	0.007265842506490393
169.875	0.008211400399528194
170.0	0.009084799407227928
170.125	0.009988590805339446
170.25	0.01079643588078149
170.375	0.011610671370974431
170.5	0.012303005339347469
170.625	0.012976057602431259
170.75	0.013500108462064224
170.875	0.013978667849366067
171.0	0.014281212473413494
171.125	0.01451283683554816
171.25	0.014542911112810503
171.375	0.014478866913642613
171.5	0.01419070524150715
171.625	0.013788969998911738
171.75	0.013145032785401264
171.875	0.012373307817489989
172.0	0.011347238196544065
172.125	0.010185807177614671
172.25	0.008765148957578925
172.375	0.007209413145202429
172.5	0.005397922094150002
172.625	0.0034604480106995832
172.75	0.0012798383792468186
172.875	-0.0010082316329225102
173.0	-0.003517244089250509
173.125	-0.0061055441246625
173.25	-0.00888301319645901
173.375	-0.011702162438180019
173.5	-0.014669571518188148
173.625	-0.017632294147533516
173.75	-0.020694138936582018
173.875	-0.023697306865729968
174.0	-0.026743589656092054
174.125	-0.029671154130994838
174.25	-0.0325807329122807
174.375	-0.0353074658277375
174.5	-0.03795215736893685
174.625	-0.04034808078186101
174.75	-0.042597376819975184
174.875	-0.0445327220189808
175.0	-0.0462589439698052
175.125	-0.04760945162149269
175.25	-0.04869314367148821
175.375	-0.04934549562553632
175.5	-0.049680840007887604
175.625	-0.04953800235759689
175.75	-0.0490380348093478
175.875	-0.04802429120446482
176.0	-0.046625699156115044
176.125	-0.04469116294373097
176.25	-0.04235846338904581
176.375	-0.03948287609466395
176.5	-0.03621179322370608
176.625	-0.03240744381913449
176.75	-0.028227336781690884
176.875	-0.02354096933002118
177.0	-0.018516195978689948
177.125	-0.013029810526694607
177.25	-0.007259951516371081
177.375	-0.001090442328664714
177.5	0.005290650667992392
177.625	0.011993036411252182
177.75	0.018819366424766962
177.875	0.025873729439158583
178.0	0.032950416680986666
178.125	0.040149012647320834
178.25	0.047256625623676086
178.375	0.054369696811864175
178.5	0.06126955812314125
178.625	0.0680510847242405
178.75	0.07449143713772323
178.875	0.0806856856001765
179.0	0.08640858858784989
179.125	0.09175732111801926
179.25	0.0965061369185795
179.375	0.10075633687260027
179.5	0.10428365706458013
179.625	0.10719561788271706
179.75	0.10927147499469156
179.875	0.11062709409797403
180.0	0.11104729640423143
180.125	0.11065840859504393
180.25	0.10925282854434305
180.375	0.10696940465109911
180.5	0.10361004125200425
180.625	0.09932806615570958
180.75	0.0939366884800807
180.875	0.0876055179399475
181.0	0.08016068071557761
181.125	0.0717896589313333
181.25	0.06233286270226596
181.375	0.05199696341548291
181.5	0.040637712432194516
181.625	0.02848194742226283
181.75	0.015401440479228473
181.875	0.001643763072258396
182.0	-0.012903061251376339
182.125	-0.027970640510646964
182.25	-0.04365498907275622
182.375	-0.05966735873624274
182.5	-0.0760886797838921
182.625	-0.09261092859704517
182.75	-0.10930147977689372
182.875	-0.12583478805384823
183.0	-0.14226690145380405
183.125	-0.15825722220919486
183.25	-0.17385343522766453
183.375	-0.18870309784182587
183.5	-0.2028492412329826
183.625	-0.2159315221725124
183.75	-0.2279927576667852
183.875	-0.23866935343464793
184.0	-0.24800903407527608
184.125	-0.25565024308026213
184.25	-0.26165133259109147
184.375	-0.2656586085437486
184.5	-0.26774724598280997
184.625	-0.26757763085403097
184.75	-0.26524826937306617
184.875	-0.260440055464698
185.0	-0.25328144641538647
185.125	-0.24348026251009025
185.25	-0.23120140674918424
185.375	-0.21618578138974134
185.5	-0.19864083752418188
185.625	-0.17834617252733648
185.75	-0.15555720641605109
185.875	-0.13009700514028386
186.0	-0.10227339547109109
186.125	-0.07195654209115723
186.25	-0.039509831822731066
186.375	-0.004852717908581538
186.5	0.03159427188282284
186.625	0.06986192233555746
186.75	0.10947281558691183
186.875	0.15040945738722972
187.0	0.1921398378230369
187.125	0.2346018113269812
187.25	0.27721327753124164
187.375	0.3198733341601549
187.5	0.36195657860482666
187.625	0.40333155576973395
187.75	0.44333863296111187
187.875	0.48182626684135693
188.0	0.5181118524556211
188.125	0.5520363356458166
188.25	0.5829073822805311
188.375	0.610572865947395
188.5	0.6343456466163296
188.625	0.6540964694680201
188.75	0.6691595843216526
188.875	0.6794456014780236
189.0	0.6843271253358261
189.125	0.6837721285951206
189.25	0.6772087166086637
189.375	0.6646796036628878
189.5	0.6456850697139537
189.625	0.6203591531250995
189.75	0.5882898093118989
189.875	0.5497174745138158
190.0	0.5043313870769038
190.125	0.45249122761817206
190.25	0.3939985184627554
190.375	0.32934210770997646
190.5	0.25844352061210085
190.625	0.1819271290629308
190.75	0.09983828995348354
190.875	0.01293912765435488
191.0	-0.07860174231287444
191.125	-0.17388679226883166
191.25	-0.2726295110293375
191.375	-0.3738042093759282
191.5	-0.4770168756538602
191.625	-0.5811259523538749
191.75	-0.6856454333026618
191.875	-0.7893352254435763
192.0	-0.8916378476341194
192.125	-0.9912368517145798
192.25	-1.0875285360888436
192.375	-1.1791467513244929
192.5	-1.265471105177487
192.625	-1.3451163206381007
192.75	-1.4174784853924753
192.875	-1.4811869644249662
193.0	-1.5356903385664191
193.125	-1.5796686990519722
193.25	-1.6126610292036947
193.375	-1.633435523792088
193.5	-1.641660297434708
193.625	-1.6362291757673493
193.75	-1.6169777662740523
193.875	-1.5829619591804458
194.0	-1.5342215738371696
194.125	-1.4700085824737208
194.25	-1.3906007510075897
194.375	-1.2954763554940703
194.5	-1.1851804740256906
194.625	-1.0594427006641818
194.75	-0.919099019507821
194.875	-0.7641487305360282
195.0	-0.5957351536984032
195.125	-0.41413766151322023
195.25	-0.22081482736559635
195.375	-0.016327106495720778
195.5	0.1975535324722393
195.625	0.419995128376967
195.75	0.6489250794185278
195.875	0.8832611526188331
196.0	1.1206547086893737
196.125	1.3598069757157776
196.25	1.5981303607248893
196.375	1.8341563142625847
196.5	2.065108149152878
196.625	2.28940744940962
196.75	2.5041508842120597
196.875	2.7077228357162535
197.0	2.8971675993930606
197.125	3.0709167467361707
197.25	3.226046812777693
197.375	3.361130907465608
197.5	3.473370473570709
197.625	3.5615818642331245
197.75	3.6231889692827126
197.875	3.657356953591752
198.0	3.661830447108954
198.125	3.636228479798174
198.25	3.578710445537335
198.375	3.4894485949702907
198.5	3.367101027277619
198.625	3.2124810712960863
198.75	3.0248130060819753
198.875	2.805621483550118
199.0	2.554741344310721
199.125	2.2744551928732633
199.25	1.965223284375126
199.375	1.6301038389416946
199.5	1.270162112325593
199.625	0.8892165663674333
199.75	0.48887726838752754
199.875	0.07367240143428981
200.0	-0.3543459172100291
200.125	-0.7900249132869219
200.25	-1.2310165167621796
200.375	-1.6716592613601586
200.5	-2.109497265246741
200.625	-2.5384992639107438
200.75	-2.956328902097907
200.875	-3.356734583646601
201.0	-3.7377630275574507
201.125	-4.093084130373001
201.25	-4.421427517014179
201.375	-4.716492201388752
201.5	-4.978037402048466
201.625	-5.199823094374387
201.75	-5.383072592623232
201.875	-5.521486985142073
202.0	-5.618414981274402
202.125	-5.667054962949872
202.25	-5.674342387014392
202.375	-5.631739714834585
202.5	-5.556697000754268
202.625	-5.44435031014367
202.75	-5.1972781513513615
202.875	-4.958278653493753
203.0	-4.676539812100972
203.125	-4.365226809592586
203.25	-4.016994402502806
203.375	-3.6420217864309925
203.5	-3.2380354325436054
203.625	-2.813846689195286
203.75	-2.3693930244266888
203.875	-1.9127567766011695
204.0	-1.4450722815396815
204.125	-0.9738658743896185
204.25	-0.5008934539303725
204.375	-0.033115886493188335
204.5	0.42749293154061946
204.625	0.8746181512391371
204.75	1.3063750388496789
204.875	1.7171935400548795
205.0	2.10551358671846
205.125	2.466598335071659
205.25	2.7993852018617122
205.375	3.1000325866133465
205.5	3.3680899782199756
205.625	3.6006385262879492
205.75	3.7979002339473626
205.875	3.9578694014186193
206.0	4.081452053419789
206.125	4.167510439046384
206.25	4.217603822089502
206.375	4.2313860175602755
206.5	4.2110042852543605
206.625	4.1568027590400805
206.75	4.071425503976887
206.875	3.955788171205097
207.0	3.8129231174430767
207.125	3.644188687370818
207.25	3.452887897897131
207.375	3.2406900838022463
207.5	3.0110495307126897
207.625	2.765818289768606
207.75	2.508486981546831
207.875	2.2409707298785615
208.0	1.9666909369541927
208.125	1.6875187512859022
208.25	1.4067137804232712
208.375	1.1260114734425282
208.5	0.8484323819799224
208.625	0.5755014348105343
208.75	0.30993939646970053
208.875	0.05300333541765041
209.0	-0.19292970423223538
209.125	-0.4269106208497969
209.25	-0.6469337157711057
209.375	-0.8523816162503878
209.5	-1.04163234739693
209.625	-1.2144090405549226
209.75	-1.369472041912853
209.875	-1.5068804487472047
210.0	-1.6257634709036446
210.125	-1.7265001819802863
210.25	-1.808565013516656
210.375	-1.8726315232632724
210.5	-1.918487461142758
210.625	-1.9470678327890778
210.75	-1.9584354499470125
210.875	-1.9537480968538623
211.0	-1.9333008809030483
211.125	-1.8984318857517248
211.25	-1.8496229829292854
211.375	-1.78834797313967
211.5	-1.7152288156621265
211.625	-1.6318299131061953
211.75	-1.538866970515524
211.875	-1.4379507642410385
212.0	-1.3298460626170674
212.125	-1.2161679325274095
212.25	-1.0976883431835374
212.375	-0.9759878007443241
212.5	-0.851807420043302
212.625	-0.7266584351945453
212.75	-0.6012176644769613
212.875	-0.4768972206927948
213.0	-0.35428141486404297
213.125	-0.23465878227011966
213.25	-0.11849857400415369
213.375	-0.006947021739884309
213.5	0.09965834469100021
213.625	0.20032644949885234
213.75	0.29486221161189863
213.875	0.3824367345406965
214.0	0.46300232088980015
214.125	0.5358936718871327
214.25	0.6012099289251613
214.375	0.6584455921952296
214.5	0.7078410839744657
214.625	0.7490422191394254
214.75	0.782420728222566
214.875	0.8077612216170337
215.0	0.8255530537361445
215.125	0.8357038174298465
215.25	0.8388038725162799
215.375	0.8348654875202226
215.5	0.8245612954760783
215.625	0.8079882670711976
215.75	0.7858812934678
215.875	0.7584012290991226
216.0	0.7263247352822108
216.125	0.6898556733761889
216.25	0.6497922745054456
216.375	0.6063611959040882
216.5	0.5603630118114128
216.625	0.5120282691445364
216.75	0.46214222348034323
216.875	0.41092224639142594
217.0	0.3591226594647729
217.125	0.3069328564207472
217.25	0.25506301848546575
217.375	0.20366232147486438
217.5	0.15338624867471432
217.625	0.104334258000514
217.75	0.05709934490880919
217.875	0.011724548971335267
218.0	-0.03126463982761666
218.125	-0.0718855510050636
218.25	-0.10968254449780669
218.375	-0.14473466667392706
218.5	-0.1766559872678437
218.625	-0.20558624251977806
218.75	-0.23120684904380687
218.875	-0.25371512375818783
219.0	-0.2728555615314911
219.125	-0.2888782071542322
219.25	-0.3015848134575827
219.375	-0.3112719230892351
219.5	-0.3177915478693913
219.625	-0.32147949774216344
219.75	-0.3222302408898162
219.875	-0.3204109942752492
220.0	-0.3159504380764695
220.125	-0.30923905718788014
220.25	-0.3002313935582055
220.375	-0.28933310144477054
220.5	-0.27651642799437554
220.625	-0.26219441756590534
220.75	-0.2463493151620701
220.875	-0.22939432738838353
221.0	-0.21131464588737173
221.125	-0.1925171451042806
221.25	-0.17298372441164328
221.375	-0.15310929637194362
221.5	-0.13286714741335814
221.625	-0.11263554520937738
221.75	-0.0923748191250278
221.875	-0.07244289207003218
222.0	-0.0527837839175957
222.125	-0.033732352020698624
222.25	-0.015213923732147321
222.375	0.00246148912087938
222.5	0.01938871841638156
222.625	0.03528350256789861
222.75	0.05026145990588268
222.875	0.06406419433825832
223.0	0.0768279919289618
223.125	0.08831974701253535
223.25	0.09869565235779686
223.375	0.10774673350179946
223.5	0.11564779435644752
223.625	0.12221235597215066
223.75	0.12763211021737422
223.875	0.13174106622414017
224.0	0.13474575509560824
224.125	0.13649839322853702
224.25	0.13721807113661058
224.375	0.13677274798376302
224.5	0.13539164779087481
224.625	0.13295590411630778
224.75	0.12970237734857964
224.875	0.12552277276378654
225.0	0.12065908346141759
225.125	0.11501100918873307
225.25	0.10882322086470975
225.375	0.10200091170978558
225.5	0.09478907128348397
225.625	0.08709600465947402
225.75	0.07916479648309496
225.875	0.0709046381998595
226.0	0.06255465578148782
226.125	0.05402288932012054
226.25	0.045542651699835984
226.375	0.037019009145608434
226.5	0.02867783213058881
226.625	0.02041962963386615
226.75	0.012461447858757304
226.875	0.004697914914973099
227.0	-0.0026638626329609305
227.125	-0.009736184271625484
227.25	-0.01632271663831264
227.375	-0.022543443514486488
227.5	-0.028213345566933404
227.625	-0.03346054921746638
227.75	-0.038111591598651594
227.875	-0.04230289919099994
228.0	-0.045872510221117484
228.125	-0.04896501184940128
228.25	-0.051429597943237905
228.375	-0.05341859182070349
228.5	-0.05479172302700241
228.625	-0.05570836110357812
228.75	-0.05603790059457694
228.875	-0.055945829902920345
229.0	-0.05531011914681486
229.125	-0.05430124675638388
229.25	-0.05280448986896077
229.375	-0.05099402977874074
229.5	-0.04876104918452902
229.625	-0.046282035803592254
229.75	-0.043452594858184215
229.875	-0.040450067992861424
230.0	-0.037172972818807284
230.125	-0.033798051646874
230.25	-0.030225252642817488
230.375	-0.026629319754806986
230.5	-0.022910232045089494
230.625	-0.019239442537104735
230.75	-0.015515693595450061
230.875	-0.011906008270519982
231.0	-0.008306800253481881
231.125	-0.004879716720795473
231.25	-0.0015179614857832998
231.375	0.001622916558817021
231.5	0.004653568813407478
231.625	0.00742502393739857
231.75	0.010052184099756473
231.875	0.012392883517112879
232.0	0.014566418699315619
232.125	0.016437409776498563
232.25	0.018129448585289754
232.375	0.019513688793781434
232.5	0.02071769621024651
232.625	0.02161869810227123
232.75	0.02234772031258049
232.875	0.022787430027589248
233.0	0.02307164403934355
233.125	0.0230877024555977
233.25	0.022971431670407286
233.375	0.022613989063893742
233.5	0.02215236289208107
233.625	0.0214806298795518
233.75	0.02073607230638438
233.875	0.019814791570319287
234.0	0.01885352026884233
234.125	0.017749535355663582
234.25	0.016638240058463885
234.375	0.015417320267167635
234.5	0.014220167791788963
234.625	0.012944223212842174
234.75	0.011720308391336321
234.875	0.010445098318683758
235.0	0.009246427077971455
235.125	0.008019830394986842
235.25	0.006889885556845322
235.375	0.005750765529906557
235.5	0.0047236698041384214
235.625	0.003701330240941501
235.75	0.002801586551203508
235.875	0.0019157835818337508
236.0	0.0011585422532527697
236.125	0.0004199878789963091
236.25	-0.00018823504148959456
236.375	-0.0007769635883867148
236.5	-0.0012372113114600752
236.625	-0.0016804574790840953
236.75	-0.002000006615347424
236.875	-0.0023076244801241326
237.0	-0.002498518156132827
237.125	-0.002684375457633988
237.25	-0.002761921968557773
237.375	-0.002842418686360018
237.5	-0.002823752542570202
237.625	-0.0028164449351465127
237.75	-0.0027192321143013837
237.875	-0.0026416349351594025
238.0	-0.002482985164714102
238.125	-0.002351604397264328
238.25	-0.0021472319367279095
238.375	-0.0019768584607731273
238.5	-0.0017405107561782607
238.625	-0.0015437834873785771
238.75	-0.0012869358005908236
238.875	-0.001074162528800932
239.0	-0.0008059576066465135
239.125	-0.000585164288783152
239.25	-0.0003125604854607418
239.375	-8.972612558695712e-5
239.5	0.00018219403644565368
239.625	0.00040276890029469146
239.75	0.000670384469916387
239.875	0.0008856319599424857
240.0	0.0011463202444770611
240.125	0.0013539378763455256
240.25	0.0016056160580129087
240.375	0.0018036291110819593
240.5	0.002044348094753016
240.625	0.0022307443225824627
240.75	0.0024583722377499394
240.875	0.0026308405095231413
241.0	0.0028428612090060693
241.125	0.002998652899859792
241.25	0.003192091612704726
241.375	0.0033280102424194354
241.5	0.0034994853587588565
241.625	0.003611997198318556
241.75	0.0037578850291986295
241.875	0.0038433321305791205
242.0	0.003960021293691605
242.125	0.004014909452903934
242.25	0.004099113981757835
242.375	0.0041204420973100205
242.5	0.004169537910013616
242.625	0.0
242.75	0.0
242.875	0.0
243.0	0.0
243.125	0.0
243.25	0.0
243.375	0.0
243.5	0.0
243.625	0.0
243.75	0.0
243.875	0.0
244.0	0.0
244.125	0.0
244.25	0.0
244.375	0.0
244.5	0.0
244.625	0.0
244.75	0.0
244.875	0.0
245.0	0.0
245.125	0.0
245.25	0.0
245.375	0.0
245.5	0.0
245.625	0.0
245.75	0.0
245.875	0.0
246.0	0.0
246.125	0.0
246.25	0.0
246.375	0.0
246.5	0.0
246.625	0.0
246.75	0.0
246.875	0.0
247.0	0.0
247.125	0.0
247.25	0.0
247.375	0.0
247.5	0.0
247.625	0.0
