0.0	0.0
0.125	0.0
0.25	0.0
0.375	0.0
0.5	0.0
0.625	0.0
0.75	0.0
0.875	0.0
1.0	0.0
1.125	0.0
1.25	0.0
1.375	0.0
1.5	0.0
1.625	0.0
1.75	0.0
1.875	0.0
2.0	0.0
2.125	0.0
2.25	0.0
2.375	0.0
2.5	0.0
2.625	0.0
2.75	0.0
2.875	0.0
3.0	0.0
3.125	0.0
3.25	0.0
3.375	0.0
3.5	0.0
3.625	0.0
3.75	0.0
3.875	0.0
4.0	0.0
4.125	0.0
4.25	0.0
4.375	0.0
4.5	0.0
4.625	0.0
4.75	0.0
4.875	0.0
5.0	0.0
5.125	0.0
5.25	0.0
5.375	0.0
5.5	0.0
5.625	0.0
5.75	0.0
5.875	0.0
6.0	0.0
6.125	0.0
6.25	0.0
6.375	0.0
6.5	0.0
6.625	0.0
6.75	0.0
6.875	0.0
7.0	0.0
7.125	0.0
7.25	0.0
7.375	0.0
7.5	0.057821612685752116
7.625	0.07501775455065268
7.75	0.09279390327291516
7.875	0.11101460161940577
8.0	0.12953027512493065
8.125	0.1481779055026086
8.25	0.16678190135136067
8.375	0.18515516851852085
8.5	0.2031003801619594
8.625	0.22041144410032634
8.75	0.2368751624652069
8.875	0.25227307600280463
9.0	0.26638348264503753
9.125	0.2789836172129154
9.25	0.28985197636386223
9.375	0.29877077018581083
9.5	0.30552847921248033
9.625	0.30992249312567827
9.75	0.31176180506127105
9.875	0.3108697332855396
10.0	0.30708664009695824
10.125	0.3002726161732099
10.25	0.2903100972607114
10.375	0.2771063791277634
10.5	0.2605959961040692
10.625	0.24074292833599714
10.75	0.21754260312160356
10.875	0.19102365637189175
11.0	0.1612494213870799
11.125	0.12831911374841828
11.25	0.09236868320849227
11.375	0.05357130601165571
11.5	0.01213749408159033
11.625	-0.03168519904319751
11.75	-0.07761289178706963
11.875	-0.12532651964653696
12.0	-0.1744734192604733
12.125	-0.22466935397912519
12.25	-0.27550097832364506
12.375	-0.32652873338527155
12.5	-0.3772901597315762
12.625	-0.4273036088330234
12.75	-0.47607232846471753
12.875	-0.5230888920459271
13.0	-0.5678399365284521
13.125	-0.6098111683085969
13.25	-0.6484925917901695
13.375	-0.6833839107425302
13.5	-0.7140000485499282
13.625	-0.7398767299041344
13.75	-0.7605760635181391
13.875	-0.7756920630924637
14.0	-0.7848560421021766
14.125	-0.7877418170378327
14.25	-0.78407065356578
14.375	-0.7736158907025235
14.5	-0.7562071795436724
14.625	-0.7317342753609392
14.75	-0.7001503249799105
14.875	-0.661474595264599
15.0	-0.61579459324107
15.125	-0.5632675338552954
15.25	-0.5041211175372613
15.375	-0.43865358657698034
15.5	-0.3672330367416896
15.625	-0.29029596850299577
15.75	-0.20834507061142063
15.875	-0.12194623745971445
16.0	-0.0317248306186036
16.125	0.06163879600239111
16.25	0.15741447882636778
16.375	0.25482809757643893
16.5	0.3530680522218184
16.625	0.4512923091305616
16.75	0.5486359536459464
16.875	0.6442191788484116
17.0	0.737155633470862
17.125	0.8265610459060894
17.25	0.911562036075021
17.375	0.9913050226949603
17.5	1.0649651302778704
17.625	1.1317549980574115
17.75	1.1909333920435945
17.875	1.2418135215710768
18.0	1.283770963061831
18.125	1.3162510962738627
18.25	1.338775962045581
18.375	1.3509504554453517
18.5	1.3524677742592013
18.625	1.3431140498405847
18.75	1.3227720954349265
18.875	1.291424216094056
19.0	1.2491540341144258
19.125	1.1961472944588272
19.25	1.1326916257327186
19.375	1.0591752438554283
19.5	0.9760845974536763
19.625	0.8840009660677285
19.75	0.7835960343513584
19.875	0.6756264774144414
20.0	0.5609276041520102
20.125	0.4404061166777927
20.25	0.3150320546870419
20.375	0.1858300035760742
20.5	0.05386965431081809
20.625	-0.07974418875565184
20.75	-0.21388204877948036
20.875	-0.34740055672751957
21.0	-0.47915345705493584
21.125	-0.6080027213265612
21.25	-0.7328296503174999
21.375	-0.8525458444988376
21.5	-0.9661039236058865
21.625	-1.0725078781948512
21.75	-1.1708229397014516
21.875	-1.260184860481656
22.0	-1.3398085015845855
22.125	-1.4089956335093814
22.25	-1.467141863840408
22.375	-1.5137426153366258
22.5	-1.5483980886524993
22.625	-1.5708171552617436
22.75	-1.5808201382006948
22.875	-1.5783404507983951
23.0	-1.5634250764608133
23.125	-1.5362338856691804
23.25	-1.4970377994761448
23.375	-1.4462158217781091
23.5	-1.3842509753494878
23.625	-1.3117251888903019
23.75	-1.2293131940148918
23.875	-1.13777550205759
24.0	-1.0379505406604395
24.125	-0.9307460392220536
24.25	-0.8171297603195724
24.375	-0.6981196810789433
24.5	-0.5747737340856623
24.625	-0.44817922174240077
24.75	-0.3194420209479855
24.875	-0.18967569657160807
25.0	-0.05999064241707584
25.125	0.0685166327744733
25.25	0.1947739592227082
25.375	0.3177435886359067
25.5	0.43643179912952224
25.625	0.5498979225041626
25.75	0.6572627011496118
25.875	0.7577158901394017
26.0	0.8505230292727013
26.125	0.9350313197987259
26.25	1.0106745512045139
26.375	1.0769770346408407
26.5	1.133556511176614
26.625	1.1801260149854544
26.75	1.2164946836518222
26.875	1.242567519914964
27.0	1.2583441212234143
27.125	1.2639164053319287
27.25	1.2594653717216475
27.375	1.2452569497510602
27.5	1.2216369950440633
27.625	1.1890255055900407
27.75	1.1479101382723782
27.875	1.0988391149633363
28.0	1.0424136148359702
28.125	0.9792797560632495
28.25	0.9101202755185241
28.375	0.8356460193822502
28.5	0.7565873606212251
28.625	0.6736856610670005
28.75	0.5876848962094844
28.875	0.4993235597757099
29.0	0.4093269626226991
29.125	0.31840003638272013
29.25	0.22722074661575362
29.375	0.13643421291221702
29.5	0.04664762443035996
29.625	-0.0415739712578979
29.75	-0.1277109403822868
29.875	-0.21129134445633568
30.0	-0.29189219458895793
30.125	-0.3691396589654085
30.25	-0.44270822189479414
30.375	-0.5123188119821931
30.5	-0.5777359370261217
30.625	-0.6387638839038192
30.75	-0.6952420626768038
30.875	-0.7470395950732248
31.0	-0.7940492679853752
31.125	-0.8361809922222116
31.25	-0.8733549250081447
31.375	-0.9054944311217008
31.5	-0.9325190716061998
31.625	-0.9543378201356798
31.75	-0.9708427148671988
31.875	-0.9819031574588555
32.0	-0.9873610704226276
32.125	-0.9870271187062203
32.25	-0.9806781910242994
32.375	-0.9680563207411855
32.5	-0.9488692049048737
32.625	-0.9227924533293057
32.75	-0.8894736675385224
32.875	-0.84853841219126
33.0	-0.7995980997253554
33.125	-0.7422597629874633
33.25	-0.6761376413001687
33.375	-0.6008664536783599
33.5	-0.5161161798058783
33.625	-0.4216081161213683
33.75	-0.317131922256806
33.875	-0.20256332352767525
34.0	-0.07788208965612228
34.125	0.0568101300943959
34.25	0.20127256821371603
34.375	0.35510917413220294
34.5	0.5177540156867249
34.625	0.6884587433169238
34.75	0.8662826056957904
34.875	1.0500854852153563
35.0	1.2385243884913695
35.125	1.4300537806894278
35.25	1.6229300932252635
35.375	1.8152206628234435
35.5	2.004817276977805
35.625	2.1894544078545786
35.75	2.3667321152908465
35.875	2.534143491773836
36.0	2.689106410452042
36.125	2.8289992238966413
36.25	2.9511999492668193
36.375	3.0531283676399594
36.5	3.1322903645094384
36.625	3.1863237477744435
36.75	3.213044701788622
36.875	3.2104939738504967
37.0	3.176981845288671
37.125	3.1111309150429864
37.25	3.011915720966643
37.375	2.8786982440735938
37.5	2.7112583841854216
37.625	2.5098185618526956
37.75	2.275061690388274
37.875	2.0081418720824753
38.0	1.710687302283656
38.125	1.3847950115598247
38.25	1.0330172365984098
38.375	0.6583393813823774
38.5	0.26414970762733886
38.625	-0.1457989266797875
38.75	-0.5674347838951386
38.875	-0.9964197502069265
39.0	-1.4282077969512468
39.125	-1.8581084249059856
39.25	-2.2813539898149804
39.375	-2.693169702909616
39.5	-3.0888450211429346
39.625	-3.463805090632016
39.75	-3.813680885142983
39.875	-4.13437669033973
40.0	-4.422133624149604
40.125	-4.673587953393877
40.25	-4.885823065402131
40.375	-5.056414078545363
40.5	-5.183464224628614
40.625	-5.265632305402449
40.75	-5.302150711051773
40.875	-5.292833685939985
41.0	-5.2380757313419775
41.125	-5.138840241426491
41.25	-4.99663867232786
41.375	-4.81350073984802
41.5	-4.591936324439062
41.625	-4.3348899282718785
41.75	-4.045688674494861
41.875	-3.727984959897117
42.0	-3.3856949664292832
42.125	-3.022934302443412
42.25	-2.6439520798878493
42.375	-2.253064738627413
42.5	-1.8545909039233952
42.625	-1.4527885090480919
42.75	-1.0517953338794575
42.875	-0.6555740046478242
43.0	-0.26786237288700426
43.125	0.10786995334811635
43.25	0.4684583118306475
43.375	0.8110724764982119
43.5	1.1332386641073273
43.625	1.432853960389812
43.75	1.7081932403928177
43.875	1.9579088217455283
44.0	2.181023242435138
44.125	2.3769156929186717
44.25	2.5453027531320522
44.375	2.686214185818635
44.5	2.7999646167901724
44.625	2.887121989074367
44.75	2.9484737108217725
44.875	2.984991426380571
45.0	2.997795326725248
45.125	2.988118880608555
45.25	2.9572748130592243
45.375	2.9066230852606805
45.5	2.8375415418721173
45.625	2.751399791225885
45.75	2.6495367734911
45.875	2.533242354888076
46.0	2.403743165464264
46.125	2.262192776853301
46.25	2.109666197772521
46.375	1.947158551531541
46.5	1.7755876940436306
46.625	1.5958004349864863
46.75	1.4085819407556148
46.875	1.2146678272381224
47.0	1.0147583943836644
47.125	0.8095344138481306
47.25	0.5996738560428155
47.375	0.3858689337638218
47.5	0.1688428458816093
47.625	-0.0506343743226298
47.75	-0.2717314666336973
47.875	-0.49354352008169616
48.0	-0.7150819719727034
48.125	-0.9352674156497375
48.25	-1.1529255268388732
48.375	-1.3667863365398196
48.5	-1.5754869925845778
48.625	-1.7775780641618106
48.75	-1.9715333557168646
48.875	-2.1557631105488766
49.0	-2.3286304019117225
49.125	-2.488470432128722
49.25	-2.63361238965301
49.375	-2.762403451468293
49.5	-2.873234464866687
49.625	-2.9645667993904063
49.75	-3.0349598273017744
49.875	-3.0830984698457935
50.0	-3.107820237066749
50.125	-3.1081411910859504
50.25	-3.083280276377349
50.375	-3.032681485315819
50.5	-2.956033362546873
50.625	-2.853285396777172
50.75	-2.7246609024858905
50.875	-2.5706660557288146
51.0	-2.392094816444291
51.125	-2.190029543154839
51.25	-1.9658371832943669
51.375	-1.7211610021178874
51.5	-1.457907893781549
51.625	-1.1782313982136983
51.75	-0.884510625360091
51.875	-0.5793253628417918
52.0	-0.2654277126571608
52.125	0.05428933398177323
52.25	0.3768259184072995
52.375	0.6991114196835877
52.5	1.0180420913115136
52.625	1.3305196486124762
52.75	1.6334902073529434
52.875	1.9239829661968175
53.0	2.199148028337913
53.125	2.4562927710707805
53.25	2.6929161958212733
53.375	2.906740724792102
53.5	3.0957409532266134
53.625	3.2581689175209623
53.75	3.3925754980393736
53.875	3.4978276403980546
54.0	3.573121148952622
54.125	3.617988879946387
54.25	3.6323042378817947
54.375	3.6162799557676957
54.5	3.570462216564467
54.625	3.4957202480185052
54.75	3.3932315948163305
54.875	3.264463339342648
55.0	3.1111496041419304
55.125	2.935265724426257
55.25	2.738999526751726
55.375	2.524720189563439
55.5	2.2949451921165567
55.625	2.0523058799266902
55.75	1.7995121871721071
55.875	1.539317059335872
56.0	1.2744811129825193
56.125	1.0077380542342043
56.25	0.7417613537206931
56.375	0.4791326441584233
56.5	0.22231226801991777
56.625	-0.026387642138728056
56.75	-0.2648272182613793
56.875	-0.4910597681987577
57.0	-0.7033493233277204
57.125	-0.9001846612761384
57.25	-1.0802897030816045
57.375	-1.242630244394176
57.5	-1.3864170394249036
57.625	-1.5111053132697572
57.75	-1.6163908321003988
57.875	-1.7022027107077737
58.0	-1.768693182307583
58.125	-1.8162245957848324
58.25	-1.845353940196298
58.375	-1.8568152250220589
58.5	-1.8515000671342206
58.625	-1.8304368516305316
58.75	-1.794768843570298
58.875	-1.745731631367006
59.0	-1.6846302803479023
59.125	-1.6128165670837527
59.25	-1.5316666518922024
59.375	-1.442559528856556
59.5	-1.346856570255023
59.625	-1.2458824559738244
59.75	-1.1409077488109949
59.875	-1.0331333441059443
60.0	-0.9236769873884151
60.125	-0.813562017255997
60.25	-0.7037084529673968
60.375	-0.5949265077629129
60.5	-0.4879125701467575
60.625	-0.38324765671436956
60.75	-0.2813983019748851
60.875	-0.1827198133729678
61.0	-0.0874617836949658
61.125	0.004224281426159526
61.25	0.09227539580993241
61.375	0.1767057902061352
61.5	0.2575941083626254
61.625	0.335069360411295
61.75	0.409295914605962
61.875	0.48045782744808735
62.0	0.5487428276323304
62.125	0.6143262807301744
62.25	0.6773554687972279
62.375	0.737934521835927
62.5	0.7961103359760741
62.625	0.851859806078999
62.75	0.9050786879883473
62.875	0.9555723876466018
63.0	1.0030489506393587
63.125	1.0471144963609773
63.25	1.0872713059504922
63.375	1.122918732565521
63.5	1.153357056705616
63.625	1.1777943585575903
63.75	1.1953564242479302
63.875	1.205099644131915
64.0	1.2060267996545857
64.125	1.1971055718599684
64.25	1.1772895404135906
64.375	1.1455413782755348
64.5	1.1008578852592124
64.625	1.0422964450565906
64.75	0.969002436380249
64.875	0.8802370811585689
65.0	0.7754051726986905
65.125	0.6540820958144916
65.25	0.5160395304173516
65.375	0.36126922114833787
65.5	0.19000419926935433
65.625	0.0027368599687182717
65.75	-0.19976667104737966
65.875	-0.4164564031410539
66.0	-0.6459930415065164
66.125	-0.8867476343545423
66.25	-1.136806613566735
66.375	-1.3939824404551715
66.5	-1.6558299632001343
66.625	-1.9196684797183867
66.75	-2.1826093813359324
66.875	-2.4415891311510403
67.0	-2.693407209039866
67.125	-2.9347685356808046
67.25	-3.162329773646685
67.375	-3.372748797428217
67.5	-3.5627365290392983
67.625	-3.729110254291878
67.75	-3.8688474693745385
67.875	-3.97913926017973
68.0	-4.057442189690557
68.125	-4.10152766301478
68.25	-4.109527756217327
68.375	-4.0799765343035554
68.5	-4.011845945343758
68.625	-3.904575461040115
68.75	-3.758094737696767
68.875	-3.5728386936910193
69.0	-3.349754537784626
69.125	-3.090300434119606
69.25	-2.7964356512849786
69.375	-2.470602210862935
69.5	-2.115698221586468
69.625	-1.7350432547387038
69.75	-1.3323362807452392
69.875	-0.9116068421564962
70.0	-0.4771602806720105
70.125	-0.0335179620739369
70.25	0.41464645017846435
70.375	0.8625735370140148
70.5	1.3054862849444162
70.625	1.7386586346051485
70.75	2.157483176115458
70.875	2.5575367687371564
71.0	2.9346429066663418
71.125	3.2849297224237968
71.25	3.604882612541621
71.375	3.8913905848054595
71.5	4.141785559423409
71.625	4.353874004936893
71.75	4.525960449881089
71.875	4.656862579313384
72.0	4.745917797361472
72.125	4.792981308862349
72.25	4.79841594098031
72.375	4.763074085585822
72.5	4.688272291578268
72.625	4.575759170026492
72.75	4.427677391184118
72.875	4.246520648806927
73.0	4.035086541990433
73.125	3.796426376763955
73.25	3.5337929183216077
73.375	3.2505871300335727
73.5	2.9503049178285226
73.625	2.6364848592887387
73.75	2.312657837467124
73.875	1.9822994220859191
74.0	1.6487857478440178
74.125	1.3153535337888138
74.25	0.9850647720541231
74.375	0.6607764918281905
74.5	0.3451158783331758
74.625	0.040460899987279024
74.75	-0.25107352722493087
74.875	-0.5276439280114782
75.0	-0.7876814095241648
75.125	-1.0298898583929392
75.25	-1.2532395837608485
75.375	-1.4569568724451474
75.5	-1.6405099831184164
75.625	-1.8035921518351634
75.75	-1.9461022110290445
75.875	-2.0681234383864564
76.0	-2.1699012512409177
76.125	-2.251820347158248
76.25	-2.314381863319001
76.375	-2.3581810875402933
76.5	-2.3838862039029998
76.625	-2.3922184977126055
76.75	-2.383934379770244
76.875	-2.359809520565466
77.0	-2.320625312919943
77.125	-2.267157808661078
77.25	-2.20016920284353
77.375	-2.1204018694921936
77.5	-2.028574887278827
77.625	-1.92538293324699
77.75	-1.8114973687405607
77.875	-1.6875692949290455
78.0	-1.5542343163927264
78.125	-1.4121187205479762
78.25	-1.2618467584537993
78.375	-1.1040486987409757
78.5	-0.9393693208477716
78.625	-0.768476516068537
78.75	-0.5920696746073076
78.875	-0.41088755324156445
79.0	-0.22571534060325657
79.125	-0.037390664658142836
79.25	0.15319168115133086
79.375	0.3450764813368015
79.5	0.5372464617901755
79.625	0.7286223841834719
79.75	0.918064942098803
79.875	1.1043784894563349
80.0	1.2863165923977278
80.125	1.4625893578345472
80.25	1.631872455987019
80.375	1.792817720942477
80.5	1.9440651829985656
80.625	2.0842563596784327
80.75	2.2120486090934395
80.875	2.326130329978895
81.0	2.4252367773668078
81.125	2.508166251539342
81.25	2.57379641062197
81.375	2.6211004538604796
81.5	2.6491629231685576
81.625	2.657194874773539
81.75	2.644548180533417
81.875	2.6107287295221435
82.0	2.555408314531285
82.125	2.4784350049420687
82.25	2.3798418266958006
82.375	2.259853591531278
82.5	2.118891740958664
82.625	1.9575770952846565
82.75	1.7767304240797603
82.875	1.577370781464567
83.0	1.3607115771756926
83.125	1.1281543822373206
83.25	0.8812804959067263
83.375	0.6218403280748115
83.5	0.3517406781958637
83.625	0.073030017804309
83.75	-0.2121180915198761
83.875	-0.5014232895194192
84.0	-0.7925182410807865
84.125	-1.0829697958895081
84.25	-1.3703012697089725
84.375	-1.6520156178146643
84.5	-1.9256192583732354
84.625	-2.188646293472787
84.75	-2.4386828682183386
84.875	-2.6733914038960007
85.0	-2.8905344397545147
85.125	-3.0879978194867164
85.25	-3.2638129630276995
85.375	-3.4161779717896263
85.5	-3.5434773258702563
85.625	-3.6442999450072557
85.75	-3.7174554009813763
85.875	-3.761988087638199
86.0	-3.777189175512802
86.125	-3.762606200987016
86.25	-3.7180501647380138
86.375	-3.643600040680156
86.5	-3.5396046243668557
86.625	-3.4066816785935847
86.75	-3.245714363401294
86.875	-3.0578449674819055
87.0	-2.8444659877909544
87.125	-2.6072086336251035
87.25	-2.3479288601801147
87.375	-2.068691064322745
87.5	-1.7717496016604808
87.625	-1.4595283086538364
87.75	-1.1345982361915503
87.875	-0.7996538214640087
88.0	-0.4574877428695353
88.125	-0.11096471785760562
88.25	0.2370054841416028
88.375	0.5834955323770262
88.5	0.9255882417204829
88.625	1.2604042058708067
88.75	1.5851290673830525
88.875	1.8970401389719074
89.0	2.1935320976816977
89.125	2.4721414838277993
89.25	2.7305697499727386
89.375	2.96670462144838
89.5	3.1786395488704695
89.625	3.3646910544900703
89.75	3.5234137978234528
89.875	3.6536132115178477
90.0	3.754355585531012
90.125	3.8249755061048485
90.25	3.8650805853519605
90.375	3.8745534472002405
90.5	3.8535509655937688
90.625	3.8025007808718976
90.75	3.7220951497861616
90.875	3.6132822133206344
91.0	3.4772547940199723
91.125	3.315436860584394
91.25	3.1294678217636167
91.375	2.9211848338009148
91.5	2.6926033255971875
91.625	2.4458959631707464
91.75	2.1833702896964073
91.875	1.9074452892739377
92.0	1.6206271314870107
92.125	1.3254843597009458
92.25	1.0246227888703578
92.375	0.7206603783950963
92.5	0.41620234231024006
92.625	0.11381675290605175
92.75	-0.18398911514664842
92.875	-0.47479146479130435
93.0	-0.7562714595310727
93.125	-1.0262353046634403
93.25	-1.2826327407175542
93.375	-1.523573783403165
93.5	-1.747343566319674
93.625	-1.9524151658784759
93.75	-2.137460312059475
93.875	-2.301357913455487
94.0	-2.4432003502457977
94.125	-2.5622975139827453
94.25	-2.6581785980681696
94.375	-2.7305916672527797
94.5	-2.7795010581287336
94.625	-2.8050826851439115
94.75	-2.807717347898057
94.875	-2.7879821551637094
95.0	-2.74664019900973
95.125	-2.6846286284168603
95.25	-2.603045285717763
95.375	-2.503134080950255
95.5	-2.3862692886938244
95.625	-2.2539389591081296
95.75	-2.107727639679489
95.875	-1.9492986066104072
96.0	-1.7803758048868892
96.125	-1.6027256938895482
96.25	-1.4181391910604702
96.375	-1.2284138997109812
96.5	-1.0353367986860214
96.625	-0.8406675614437253
96.75	-0.646122660335924
96.875	-0.4533603986704183
97.0	-0.2639669987016467
97.125	-0.07944385823819466
97.25	0.09880392770766516
97.375	0.2694777006565363
97.5	0.4313939654321558
97.625	0.583491664984411
97.75	0.7248379755914727
97.875	0.8546326118090088
98.0	0.9722106471126334
98.125	1.0770438721122548
98.25	1.1687407273379795
98.375	1.2470448617520185
98.5	1.3118323811989006
98.625	1.3631078628505398
98.75	1.4009992222422107
98.875	1.4257515286551157
99.0	1.4377198723317746
99.125	1.4373613932809528
99.25	1.4252265862324072
99.375	1.40194999964952
99.5	1.3682404486330884
99.625	1.3248708621020155
99.75	1.2726678838844316
99.875	1.212501345377413
100.0	1.1452737243304487
100.125	1.071909700181558
100.25	0.9933459113382894
100.375	0.9105210139652075
100.5	0.824366135334011
100.625	0.7357958077281811
100.75	0.6456994613844738
100.875	0.5549335471027436
101.0	0.46431435105976643
101.125	0.3746115561030688
101.25	0.2865425954472047
101.375	0.20076783629865477
101.5	0.11788662253427248
101.625	0.038434197170030805
101.75	-0.0371204830131995
101.875	-0.1083760366822288
102.0	-0.17499905537528662
102.125	-0.23672362193121574
102.25	-0.29334997122014533
102.375	-0.34474232308625596
102.5	-0.3908259261701923
102.625	-0.43158336019236787
102.75	-0.4670501533478748
102.875	-0.4973097806613666
103.0	-0.5224881184210494
103.125	-0.542747439062358
103.25	-0.5582800399749865
103.375	-0.5693016084894182
103.5	-0.5760444335482419
103.625	-0.578750582028152
103.75	-0.577665164058938
103.875	-0.5730298166629365
104.0	-0.5650765382658249
104.125	-0.5540220077498699
104.25	-0.5400625203777646
104.375	-0.5233696687707563
104.5	-0.504086889875461
104.625	-0.4823269882496144
104.75	-0.4581707318607876
104.875	-0.43166659883727054
105.0	-0.4028317322596351
105.125	-0.3716541352809622
105.25	-0.33809611089633695
105.375	-0.30209891997422755
105.5	-0.2635885982882524
105.625	-0.22248283896677076
105.75	-0.17869881186407804
105.875	-0.13216175682708964
106.0	-0.08281415475833681
106.125	-0.03062524990420109
106.25	0.024399329896172092
106.375	0.08220813000666315
106.5	0.14269489350502698
106.625	0.20569035263860772
106.75	0.2709550870240458
106.875	0.33817374027129155
107.0	0.4069508694416946
107.125	0.4768086751317842
107.25	0.5471868241154231
107.375	0.6174445318038085
107.5	0.6868650190548746
107.625	0.754662398171845
107.75	0.8199909776794896
107.875	0.8819569063502054
108.0	0.9396320059085668
108.125	0.9920695710047133
108.25	1.0383218466713737
108.375	1.0774588298786558
108.5	1.1085879852582943
108.625	1.1308744177570835
108.75	1.1435610088719224
108.875	1.1459879999122438
109.0	1.13761149677059
109.125	1.1180203768798056
109.25	1.0869511008439456
109.375	1.0442999685889935
109.5	0.9901324121989378
109.625	0.9246889837668645
109.75	0.8483877749754177
109.875	0.7618230936388599
110.0	0.6657603185945137
110.125	0.5611269553044869
110.25	0.44900001726031086
110.375	0.3305899595859445
110.5	0.20722148789611802
110.625	0.0803116543717937
110.75	-0.04865426874762537
110.875	-0.178148583083623
111.0	-0.306628020755443
111.125	-0.432561026663383
111.25	-0.5544548152496297
111.375	-0.6708815552830125
111.5	-0.7805030596513813
111.625	-0.8820933985891197
111.75	-0.9745589129072356
111.875	-1.0569551767636647
112.0	-1.1285005449674663
112.125	-1.1885860150055465
112.25	-1.2367812358735026
112.375	-1.272836601150238
112.5	-1.2966814692761164
112.625	-1.3084186564164129
112.75	-1.3083154435123132
112.875	-1.296791426301516
113.0	-1.274403612744567
113.125	-1.241829234372583
113.25	-1.1998467850214611
113.375	-1.1493158312176155
113.5	-1.09115615266556
113.625	-1.026326768946626
113.75	-0.9558053902911847
113.875	-0.8805687972452941
114.0	-0.8015746077636333
114.125	-0.7197448326347693
114.25	-0.6359515533770644
114.375	-0.5510049832262359
114.5	-0.46564409406579665
114.625	-0.38052991264525604
114.75	-0.2962415106324134
114.875	-0.21327463725470416
115.0	-0.1320428725803784
115.125	-0.05288111568267795
115.25	0.023948833492006882
115.375	0.09825088562282179
115.5	0.1698857895328971
115.625	0.2387611232341876
115.75	0.3048205100672455
115.875	0.3680324250372918
116.0	0.4283789500122322
116.125	0.4858448208585265
116.25	0.5404070858691062
116.375	0.5920256641658609
116.5	0.640635056424121
116.625	0.686137419613748
116.75	0.728397173833125
116.875	0.7672372640487287
117.0	0.8024371538900162
117.125	0.8337325837315235
117.25	0.8608170821362771
117.375	0.8833451792083917
117.5	0.9009372332232966
117.625	0.9131857486293329
117.75	0.919663034545906
117.875	0.9199300284751184
118.0	0.9135460902139761
118.125	0.9000795559008983
118.25	0.8791188316484311
118.375	0.8502838001151792
118.5	0.8132373113996948
118.625	0.7676965314972071
118.75	0.7134439269152588
118.875	0.6503376725520158
119.0	0.5783212812525164
119.125	0.49743226723516115
119.25	0.4078096714979647
119.375	0.3097002950691309
119.5	0.20346350527801293
119.625	0.08957450083272786
119.75	-0.031374056835202654
119.875	-0.15867211598013864
120.0	-0.2914940575640291
120.125	-0.4289022921384374
120.25	-0.569852629961967
120.375	-0.713201399783962
120.5	-0.8577142678995201
120.625	-1.0020766855759415
120.75	-1.1449058699740604
120.875	-1.2847642014633431
121.0	-1.4201738989874069
121.125	-1.5496328151222254
121.25	-1.6716311739318443
121.375	-1.7846690579230047
121.5	-1.8872744355864999
121.625	-1.9780215084397677
121.75	-2.055549146393967
121.875	-2.11857917288198
122.0	-2.1659342567032622
122.125	-2.1965551661376783
122.25	-2.2095171426902707
122.375	-2.204045156947256
122.5	-2.1795278175006283
122.625	-2.1355297157351183
122.75	-2.0718020044146135
122.875	-1.9882910263495075
123.0	-1.8851448308100494
123.125	-1.7627174395566212
123.25	-1.6215707511175552
123.375	-1.462474000936263
123.5	-1.286400725867724
123.625	-1.094523213818169
123.75	-0.8882044526500398
123.875	-0.6689876263400558
124.0	-0.43858324029067675
124.125	-0.19885399114221755
124.25	0.048202471093932976
124.375	0.3004727097743809
124.5	0.555748389420148
124.625	0.8117486502035098
124.75	1.0661437111017902
124.875	1.3165794233407933
125.0	1.5607024790578305
125.125	1.7961859673856222
125.25	2.020754961644245
125.375	2.2322118172063
125.5	2.4284608599897046
125.625	2.6075321504719913
125.75	2.7676040175854557
125.875	2.9070240707386543
126.0	3.024328416347929
126.125	3.118258827407441
126.25	3.1877776404734894
126.375	3.2320801836175876
126.5	3.2506045709917983
126.625	3.243038734175746
126.75	3.2093245969265487
126.875	3.149659337785578
127.0	3.0644937236423457
127.125	2.9545275362345045
127.25	2.820702152089363
127.375	2.664190374006302
127.5	2.4863836482786836
127.625	2.28887683591752
127.75	2.073450737664876
127.875	1.8420526011069926
128.0	1.5967748633060075
128.125	1.3398324037048932
128.25	1.0735385993319133
128.375	0.8002804873092159
128.5	0.5224933481973898
128.625	0.2426350277016899
128.75	-0.036839686290341296
128.875	-0.313504319409944
129.0	-0.5849852967147023
129.125	-0.8489855698206557
129.25	-1.1033070137221055
129.375	-1.345871342774185
129.5	-1.5747393195228785
129.625	-1.7881280570484799
129.75	-1.984426244788585
129.875	-2.162207158932384
130.0	-2.3202393509252457
130.125	-2.457494940866221
130.25	-2.57315547609968
130.375	-2.6666153485770505
130.5	-2.737482797090274
130.625	-2.785578551776667
130.75	-2.81093220791171
130.875	-2.8137764435312818
131.0	-2.7945392204860076
131.125	-2.753834130808825
131.25	-2.6924490695037244
131.375	-2.611333430829115
131.5	-2.5115840377009078
131.625	-2.394430022886471
131.75	-2.2612168861697457
131.875	-2.113389953666633
132.0	-1.952477464043792
132.125	-1.7800735016813443
132.25	-1.5978209890094064
132.375	-1.407394939575959
132.5	-1.2104861601420027
132.625	-1.008785574561684
132.75	-0.8039693247242578
132.875	-0.597684784773993
133.0	-0.39153760455304937
133.125	-0.18707987711604407
133.25	0.014200496378709128
133.375	0.2108891927074296
133.5	0.4016535731735092
133.625	0.5852495010570814
133.75	0.7605268799406615
133.875	0.9264339413922767
134.0	1.0820203274328573
134.125	1.2264390284218643
134.25	1.358947250274822
134.375	1.478906296137581
134.5	1.5857805566782763
134.625	1.6791357099619837
134.75	1.7586362364231296
134.875	1.8240423567719766
135.0	1.8752065008223286
135.125	1.9120694133080907
135.25	1.9346559988955079
135.375	1.9430710029587628
135.5	1.937494617455043
135.625	1.9181780926213658
135.75	1.8854394254455262
135.875	1.839659185177167
136.0	1.7812765247897662
136.125	1.710785415531607
136.25	1.6287311297633786
136.375	1.535706985417278
136.5	1.4323513538618204
136.625	1.3193449219410975
136.75	1.1974081886808323
136.875	1.0672991678033596
137.0	0.9298112589310636
137.125	0.7857712433230184
137.25	0.6360373542944205
137.375	0.4814973681979017
137.5	0.32306665905915377
137.625	0.16168615868352923
137.75	-0.0016798357097047498
137.875	-0.16604606254118168
138.0	-0.330408958661315
138.125	-0.49374963239465336
138.25	-0.6550371895595367
138.375	-0.8132324482390495
138.5	-0.9672920701188618
138.625	-1.1161731273851412
138.75	-1.2588381146504621
138.875	-1.3942604053227374
139.0	-1.521430141427534
139.125	-1.6393605353216694
139.25	-1.7470945511785563
139.375	-1.8437119237633781
139.5	-1.9283364620272712
139.625	-2.000143575601478
139.75	-2.0583679535268153
139.875	-2.102311316657363
140.0	-2.1313501582662884
140.125	-2.1449433815748034
140.25	-2.142639738326359
140.375	-2.1240849692224817
140.5	-2.089028545091262
140.625	-2.0373299071226056
140.75	-1.968964105404012
140.875	-1.8840267373363442
141.0	-1.7827380912902224
141.125	-1.6654464060506455
141.25	-1.5326301631436818
141.375	-1.3848993369776834
141.5	-1.2229955367830827
141.625	-1.0477909844997733
141.75	-0.8602862839313844
141.875	-0.6616069485346003
142.0	-0.4529986680079665
142.125	-0.235821307240737
142.25	-0.011541645030544187
142.375	0.21827512588244843
142.5	0.4519751016458574
142.625	0.6878265229329292
142.75	0.9240317192912574
142.875	1.1587400644248924
143.0	1.3900618514746752
143.125	1.6160829848780291
143.25	1.8348803737339316
143.375	2.0445379009081055
143.5	2.2431628325243715
143.625	2.428902524117591
143.75	2.599961272685556
143.875	2.7546171582641183
144.0	2.8912387145479737
144.125	3.0083012655530625
144.25	3.1044027644204757
144.375	3.178278971229275
144.5	3.2288178091374764
144.625	3.255072742307922
144.75	3.2562750248837258
144.875	3.2318446777247316
145.0	3.181400058652552
145.125	3.1047659025115744
145.25	3.0019797193555813
145.375	2.873296452416214
145.5	2.7191913120898867
145.625	2.54036071786652
145.75	2.3377212967806744
145.875	2.1124069044408373
146.0	1.8657636528284416
146.125	1.5993429476846215
146.25	1.3148925572432506
146.375	1.0143457531449886
146.5	0.6998085833890019
146.625	0.3735453559647952
146.75	0.03796243016245701
146.875	-0.304409569694433
147.0	-0.6509349864024371
147.125	-0.9988936602515712
147.25	-1.3455025951235802
147.375	-1.6879385842959198
147.5	-2.02336160786968
147.625	-2.348938803271727
147.75	-2.661868801540661
147.875	-2.959406215197859
148.0	-3.238886058527032
148.125	-3.49774787811487
148.25	-3.733559370597406
148.375	-3.944039265755043
148.5	-4.1270792564179715
148.625	-4.2807647620860605
148.75	-4.403394320706714
148.875	-4.493497412651301
149.0	-4.549850532518395
149.125	-4.57149133788877
149.25	-4.557730719456607
149.375	-4.508162653942228
149.5	-4.422671719711764
149.625	-4.301438174930708
149.75	-4.144940519187826
149.875	-3.9539554816557185
150.0	-3.7295554018037427
150.125	-3.473102992239343
150.25	-3.186243497203154
150.375	-2.8708942843599536
150.5	-2.529231931577139
150.625	-2.1636768941386033
150.75	-1.7768758610669555
150.875	-1.3716819316987687
151.0	-0.9511327651444608
151.125	-0.5184268755574485
151.25	-0.07689826502087574
151.375	0.37001039685449216
151.5	0.8187758220271022
151.625	1.2658231436732064
151.75	1.7075556967915877
151.875	2.1403852809500457
152.0	2.5607626394750085
152.125	2.9652078849326715
152.25	3.3503405987838777
152.375	3.712909333665372
152.5	4.049820249864683
152.625	4.358164623214784
152.75	4.635244969796437
152.875	4.878599543450133
153.0	5.0860249750762785
153.125	5.25559683794163
153.25	5.385687940577643
153.375	5.474984168204567
153.5	5.522497714771424
153.625	5.527577570475245
153.75	5.489917153807561
153.875	5.409559002547982
154.0	5.28689646444949
154.125	5.122672355391264
154.25	4.917974580257599
154.375	4.67422873947686
154.5	4.393187771756574
154.625	4.076918710819004
154.75	3.727786660609291
154.875	3.3484361192633125
155.0	2.9417698068287432
155.125	2.510925175095105
155.25	2.0592487996755113
155.375	1.5902688744798403
155.5	1.1076660467336632
155.625	0.6152428465436545
155.75	0.11689197853938468
155.875	-0.3834362458117276
156.0	-0.881767048117164
156.125	-1.3741346022600347
156.25	-1.8566154368205439
156.375	-2.3253615242819117
156.5	-2.776632762971953
156.625	-3.2068285628267685
156.75	-3.612518253892277
156.875	-3.9904700469361205
157.0	-4.337678288528343
157.125	-4.651388768339818
157.25	-4.9291218540602015
157.375	-5.1686932490822555
157.5	-5.368232189749451
157.625	-5.5261969223123035
157.75	-5.641387324561812
157.875	-5.712954563169651
158.0	-5.740407704813804
158.125	-5.723617226947223
158.25	-5.662815402310105
158.375	-5.558593559723929
158.5	-5.4118962520663905
158.625	-5.224012390340881
158.75	-4.9965634301565025
158.875	-4.731488723465061
159.0	-4.431028173810184
159.125	-4.097702357391679
159.25	-3.7342902947111374
159.375	-3.343805078233392
159.5	-2.9294675801834535
159.625	-2.4946784811279543
159.75	-2.042988874216566
159.875	-1.5780697117555786
160.0	-1.1036803700514368
160.125	-0.6236366151199202
160.25	-0.14177825585588189
160.375	0.3380632274257439
160.5	0.8120967925331876
160.625	1.2766034005015787
160.75	1.727966760355475
160.875	2.1627029867737484
161.0	2.5774889154664495
161.125	2.9691888349356277
161.25	3.3348794093025593
161.375	3.6718725848780887
161.5	3.9777362929437676
161.625	4.250312782599792
161.75	4.487734440305687
161.875	4.688436976664562
162.0	4.851169885845203
162.125	4.975004108554832
162.25	5.059336855420899
162.375	5.10389357376288
162.5	5.108727066784595
162.625	5.07421379994753
162.75	5.001047454454193
162.875	4.890229812143891
163.0	4.743059079457266
163.125	4.561115780248843
163.25	4.346246367920213
163.375	4.100544726428842
163.5	3.826331747033645
163.625	3.5261331830232927
163.75	3.2026559980108837
163.875	2.8587634345652475
164.0	2.497449038902385
164.125	2.121809884021083
164.25	1.7350192379978366
164.375	1.3402989261444755
164.5	0.9408916353867137
164.625	0.5400334065753152
164.75	0.14092655554708092
164.875	-0.253286743313147
165.0	-0.6395499864025379
165.125	-1.014916769621806
165.25	-1.3765739159256145
165.375	-1.7218631157604747
165.5	-2.0483009105912133
165.625	-2.353596867206102
165.75	-2.635669809140899
165.875	-2.8926619911794917
166.0	-3.1229511232727987
166.125	-3.325160171163157
166.25	-3.4981648823009928
166.375	-3.6410990070861593
166.5	-3.753357206852447
166.625	-3.8345956611369836
166.75	-3.8847304074414652
166.875	-3.903933466708984
167.0	-3.8926268269299205
167.125	-3.851474375483832
167.25	-3.781371887865439
167.375	-3.6834351961892047
167.5	-3.558986675191338
167.625	-3.4095401962387686
167.75	-3.23678471101741
167.875	-3.042566636029593
168.0	-2.82887121672396
168.125	-2.5978030559694405
168.25	-2.351565995645338
168.375	-2.0924425423483433
168.5	-1.8227730286268515
168.625	-1.5449346997753473
168.75	-1.2613209131037233
168.875	-0.9743206318023769
169.0	-0.6862983891323824
169.125	-0.39957489077375163
169.25	-0.1164084138693799
169.375	0.1610228492753236
169.5	0.43063736660969504
169.625	0.6904656373963975
169.75	0.9386642490640206
169.875	1.1735285243626092
170.0	1.3935036782632564
170.125	1.5971944193955714
170.25	1.7833729464358796
170.375	1.9509853055884823
170.5	2.099156090990817
170.625	2.227191485371988
170.75	2.3345806534597613
170.875	2.4209955153267693
171.0	2.486288940963394
171.125	2.5304914207421367
171.25	2.5538062789858724
171.375	2.5566035094703556
171.5	2.539412322291295
171.625	2.5029125010319846
171.75	2.4479246775148917
171.875	2.375399638558865
172.0	2.286406785054748
172.125	2.1821218682912518
172.25	2.063814131798167
172.375	1.9328329890263027
172.5	1.7905943679664331
172.625	1.6385668533484303
172.75	1.4782577553936815
172.875	1.3111992312665661
173.0	1.1389345814420464
173.125	0.9630048382433197
173.25	0.7849357578813345
173.375	0.6062253205294734
173.5	0.42833183538086317
173.625	0.25266273935659267
173.75	0.08056416925959178
173.875	-0.08668862219836318
174.0	-0.2478999458257325
174.125	-0.4019614002079451
174.25	-0.5478586003868925
174.375	-0.6846768808601752
174.5	-0.8116059530765111
174.625	-0.9279435077630742
174.75	-1.0330977623662176
174.875	-1.1265889635303261
175.0	-1.2080498637972668
175.125	-1.2772252005041738
175.25	-1.3339702131199922
175.375	-1.3782482429287453
175.5	-1.4101274659844918
175.625	-1.4297768165830098
175.75	-1.437461164079078
175.875	-1.433535810695992
176.0	-1.4184403820034932
176.125	-1.3926921849682774
176.25	-1.3568791109024123
176.375	-1.3116521622521344
176.5	-1.2577176829932686
176.625	-1.1958293724478082
176.75	-1.1267801616341055
176.875	-1.0513940298420108
177.0	-0.9705178370217907
177.125	-0.8850132448344624
177.25	-0.7957487958793101
177.375	-0.7035922167434313
177.5	-0.6094030061640052
177.625	-0.5140253648148079
177.75	-0.418281518085188
177.875	-0.32296547777450035
178.0	-0.22883728294127878
178.125	-0.13661775428791553
178.25	-0.04698379049178653
178.375	0.03943577112465067
178.5	0.1220637131979188
178.625	0.20037740574828375
178.75	0.2739111777758145
178.875	0.3422580939987547
179.0	0.4050711430911889
179.125	0.46206384888110485
179.25	0.5130103207496919
179.375	0.5577447638894821
179.5	0.5961604740998868
179.625	0.628208345396261
179.75	0.6538949218614355
179.875	0.6732800278619292
180.0	0.686474012976942
180.125	0.6936346497465287
180.25	0.694963723643686
180.375	0.6907033555294785
180.5	0.6811320972852032
180.625	0.6665608413643725
180.75	0.6473285847115418
180.875	0.6237980869050705
181.0	0.5963514615542753
181.125	0.5653857389825406
181.25	0.531308437126068
181.375	0.4945331764456143
181.5	0.4554753735588957
181.625	0.41454804732500306
181.75	0.3721577703138494
181.875	0.32870079802810415
182.0	0.28455940795208595
182.125	0.24009848050306265
182.25	0.19566235425165499
182.375	0.15157198832861526
182.5	0.10812246568008677
182.625	0.06558087167302795
182.75	0.024184583347559893
182.875	-0.01585999481269982
183.0	-0.05437821258293421
183.125	-0.09122743770763879
183.25	-0.12629676765890893
183.375	-0.15950615823829248
183.5	-0.19080494212585902
183.625	-0.2201697166300596
183.75	-0.24760158814770594
183.875	-0.27312277142229385
184.0	-0.2967725547396479
184.125	-0.31860265778183827
184.25	-0.338672026919458
184.375	-0.3570411330734185
184.5	-0.37376585958440867
184.625	-0.38889109129386196
184.75	-0.40244414059785044
184.875	-0.4144281707510532
185.0	-0.4248158001797071
185.125	-0.4335430928806655
185.25	-0.4405041579007942
185.375	-0.445546594102639
185.5	-0.44846802360858423
185.625	-0.44901395720090814
185.75	-0.4468772263752322
185.875	-0.44169919872010854
186.0	-0.43307296510381044
186.125	-0.4205486483993079
186.25	-0.4036409341739542
186.375	-0.3818388643684355
186.5	-0.35461786643900167
186.625	-0.32145391420355474
186.75	-0.28183963469565987
186.875	-0.23530209016251125
187.0	-0.18142187885188907
187.125	-0.11985311568658377
187.25	-0.050343777841696885
187.375	0.027244165739361403
187.5	0.11291547412063097
187.625	0.20652387181087453
187.75	0.30775648719889415
187.875	0.4161211676167775
188.0	0.5309373144834282
188.125	0.6513308243899915
188.25	0.7762336390093431
188.375	0.9043882994227185
188.5	1.0343577710268375
188.625	1.164540656865448
188.75	1.2931917542912814
188.875	1.418447737485119
189.0	1.53835757245563
189.125	1.6509170981634154
189.25	1.754107044080754
189.375	1.8459336075404251
189.5	1.9244705900723824
189.625	1.98790199641138
189.75	2.0345639379379876
189.875	2.0629846578044724
190.0	2.0719215103528397
190.125	2.0603937835869583
190.25	2.027710349721672
190.375	1.9734912628513688
190.5	1.8976825906027592
190.625	1.800563962819472
190.75	1.682748538135942
190.875	1.5451753209697159
191.0	1.3890939985118451
191.125	1.2160427008774712
191.25	1.0278193088583059
191.375	0.8264471342553724
191.5	0.6141359698907497
191.625	0.3932396435250618
191.75	0.16621130686592123
191.875	-0.06444225592339076
192.0	-0.29620600809947
192.125	-0.5266004742366134
192.25	-0.7532228151016566
192.375	-0.9737841117030895
192.5	-1.1861419626751128
192.625	-1.388327683311126
192.75	-1.5785675993489003
192.875	-1.7552981457856902
193.0	-1.9171747020047718
193.125	-2.063074310807016
193.25	-2.1920926324622916
193.375	-2.303535668260677
193.5	-2.396906944926447
193.625	-2.4718909765908155
193.75	-2.528333911175076
193.875	-2.5662223209148225
194.0	-2.5856611118232746
194.125	-2.586851505127267
194.25	-2.5700699875025865
194.375	-2.535649039919777
194.5	-2.4839603417531566
194.625	-2.4154010129579646
194.75	-2.330383308558296
194.875	-2.229328022634548
195.0	-2.112661699658561
195.125	-1.980817595332451
195.25	-1.8342401824918366
195.375	-1.6733928649061762
195.5	-1.4987684469064406
195.625	-1.3109018127318215
195.75	-1.1103841983908749
195.875	-0.8978783917812608
196.0	-0.6741341739731095
196.125	-0.4400033152384039
196.25	-0.19645346213602893
196.375	0.05541970536105926
196.5	0.31438260769785276
196.625	0.5790566771467437
196.75	0.8479144478496635
196.875	1.119279132064852
197.0	1.3913278920105332
197.125	1.6620989168803144
197.25	1.929502315974726
197.375	2.1913347439514683
197.5	2.4452975850953305
197.625	2.6890184420033796
197.75	2.920075601540601
197.875	3.1360250883271785
198.0	3.3344298639887318
198.125	3.51289068923106
198.25	3.669078135493219
198.375	3.800765213256144
198.5	3.905860074606914
198.625	3.9824382478079006
198.75	4.028773870712319
198.875	4.043369407156897
199.0	4.024983355164364
199.125	3.9726554871119566
199.25	3.8857291991843765
199.375	3.763870589670638
199.5	3.6070839322545587
199.625	3.415723260689748
199.75	3.1904998344735165
199.875	2.9324853107007893
200.0	2.6431105045633703
200.125	2.3241596793583867
200.25	1.9777603657746936
200.375	1.6063687690431432
200.5	1.2127508806550804
200.625	0.7999594681716549
200.75	0.3713071715429538
200.875	-0.06966401327775772
201.0	-0.5192165334256618
201.125	-0.9734539854581715
201.25	-1.4283603123477846
201.375	-1.8798410383298965
201.5	-2.3237660580059134
201.625	-2.756013471205481
201.75	-3.1725139365230555
201.875	-3.5692950045134966
202.0	-3.94252488651218
202.125	-4.288555117118881
202.25	-4.603961577619603
202.375	-4.885583363999751
202.5	-5.130559006588569
202.625	-5.3363595785401685
202.75	-5.5008182669538614
202.875	-5.622156023029515
203.0	-5.6990029556984245
203.125	-5.730415186041524
203.25	-5.715886936794009
203.375	-5.655357691559267
203.5	-5.549214321178851
203.625	-5.398288139146132
203.75	-5.203846913095996
203.875	-4.967581924323081
204.0	-4.691590231043828
204.125	-4.378352352809368
204.25	-4.030705652205037
204.375	-3.6518137448979413
204.5	-3.245132319423314
204.625	-2.8143717931196903
204.75	-2.3634572696920064
204.875	-1.8964862964535412
205.0	-1.417684944930092
205.125	-0.9313627568557032
205.25	-0.4418671084289022
205.375	0.04646245109109214
205.5	0.5293393347751315
205.625	1.0025739876441329
205.75	1.4621163699439454
205.875	1.9040963596230853
206.0	2.324861612171163
206.125	2.7210124545472394
206.25	3.089433433829592
206.375	3.427321189765196
206.5	3.7322083728225546
206.625	4.001983384851881
206.75	4.234905777186129
206.875	4.429617200103725
207.0	4.585147857147541
207.125	4.700918476976401
207.25	4.776737873367847
207.375	4.812796219867397
207.5	4.8096542186177915
207.625	4.768228392377364
207.75	4.6897727739982455
207.875	4.575857308102659
208.0	4.428343314875343
208.125	4.249356395377797
208.25	4.0412571812752525
208.375	3.806610349139456
208.5	3.548152330436976
208.625	3.268758152920248
208.75	2.9714078474938455
208.875	2.6591528469070194
209.0	2.3350827890976285
209.125	2.0022931190287667
209.25	1.6638538588497052
209.375	1.3227798876659271
209.5	0.9820030396766369
209.625	0.6443462935258277
209.75	0.3125002870575366
209.875	-0.010997649076583436
210.0	-0.32378178765495474
210.125	-0.6236735225410607
210.25	-0.9086940422518578
210.375	-1.1770741362572037
210.5	-1.4272611519187133
210.625	-1.657923159243003
210.75	-1.8679504175264168
210.875	-2.0564542720083336
211.0	-2.22276363940103
211.125	-2.3664192682525917
211.25	-2.4871659832314386
211.375	-2.5849431413645636
211.5	-2.6598735428665723
211.625	-2.7122510493791987
211.75	-2.7425271681955823
211.875	-2.7512968624328273
212.0	-2.7392838442710796
212.125	-2.707325601492873
212.25	-2.6563583968865587
212.375	-2.5874024659292254
212.5	-2.501547620891239
212.625	-2.3999394495000215
212.75	-2.2837662739907736
212.875	-2.1542470122066697
213.0	-2.01262005685867
213.125	-1.8601332625903548
213.25	-1.698035103595123
213.375	-1.5275670376703667
213.5	-1.3499570862246948
213.625	-1.1664146143149654
213.75	-0.978126270689465
213.875	-0.78625302542863
214.0	-0.5919282224442257
214.125	-0.39625654611823424
214.25	-0.20031378598412694
214.375	-0.0051472707800679215
214.5	0.18822316641546907
214.625	0.37880383681629964
214.75	0.565625606638877
214.875	0.7477422185568307
215.0	0.9242286698772019
215.125	1.0941797877829105
215.25	1.256709133557328
215.375	1.4109483566738281
215.5	1.5560471062263443
215.625	1.6911735916614792
215.75	1.8155158674436493
215.875	1.9282838974629313
216.0	2.0287124350213537
216.125	2.1160647334631535
216.25	2.1896370813111994
216.375	2.2487641345052953
216.5	2.292824997372814
216.625	2.3212499836588205
216.75	2.3335279696467786
216.875	2.3292142334425785
217.0	2.307938658180812
217.125	2.2694141625245066
217.25	2.2134452096192048
217.375	2.1399362358473555
217.5	2.0488998334908457
217.625	1.9404645168912715
217.75	1.8148819000015526
217.875	1.6725331144093676
218.0	1.5139343009997281
218.125	1.3397410153877356
218.25	1.1507513970232095
218.375	0.9479079643409216
218.5	0.7322979133514974
218.625	0.5051518144549683
218.75	0.2678406217873065
218.875	0.02187093082578372
219.0	-0.23112155700217799
219.125	-0.48938037964929176
219.25	-0.7510384613849062
219.375	-1.014130027115297
219.5	-1.2766042237194208
219.625	-1.536340362001909
219.75	-1.7911646673169983
219.875	-2.038868402224663
220.0	-2.2772272010599064
220.125	-2.504021434382484
220.25	-2.717057401255165
220.375	-2.91418912948998
220.5	-3.093340548685371
220.625	-3.252527788311269
220.75	-3.389881343505133
220.875	-3.503667844805302
221.0	-3.592311164914626
221.125	-3.654412595861085
221.25	-3.688769833662629
221.375	-3.6943945148251482
221.5	-3.6705280596742442
221.625	-3.6166555915655536
221.75	-3.532517718311488
221.875	-3.4181199825371817
222.0	-3.27373981092346
222.125	-3.099930818159993
222.25	-2.8975243496262784
222.375	-2.6676281770199712
222.5	-2.411622293005732
222.625	-2.131151784082561
222.75	-1.8281167948614256
222.875	-1.5046596313886889
223.0	-1.1631490856140785
223.125	-0.8061620971468627
223.25	-0.43646290163801316
223.375	-0.05697984703278261
223.5	0.3292199108552331
223.625	0.7189575939007385
223.75	1.1089716031918173
223.875	1.4959476485891687
224.0	1.876549898767486
224.125	2.2474528280137767
224.25	2.6053734235634676
224.375	2.947103408641305
224.5	3.2695411317876024
224.625	3.5697227725895706
224.75	3.844852517649075
224.875	4.092331368496013
225.0	4.30978425514166
225.125	4.49508514494334
225.25	4.646379856260417
225.375	4.762106309802557
225.5	4.841011977346543
225.625	4.882168317317566
225.75	4.884982019249751
225.875	4.849202913974153
226.0	4.774928443115192
226.125	4.662604619667606
226.25	4.513023450613446
226.375	4.327316832245613
226.5	4.106946968606656
226.625	3.853693402741907
226.75	3.5696367888227485
226.875	3.257139570145733
227.0	2.9188237631039895
227.125	2.5575460800252565
227.25	2.1763706538733842
227.375	1.778539654848198
227.5	1.3674421125621954
227.625	0.9465812774335819
227.75	0.5195408709737352
227.875	0.08995058657163145
228.0	-0.3385487899456238
228.125	-0.7623402673600725
228.25	-1.177865172125196
228.375	-1.5816569412126615
228.5	-1.9703738281329979
228.625	-2.3408301792577815
228.75	-2.690025955248962
228.875	-3.0151741937775305
229.0	-3.313726134508976
229.125	-3.5833937552297233
229.25	-3.8221694986224235
229.375	-4.028343002178148
229.5	-4.20051467864629
229.625	-4.337606030823077
229.75	-4.438866621916636
229.875	-4.503877660735867
230.0	-4.532552199063612
230.125	-4.525131976331505
230.25	-4.482180983656835
230.375	-4.4045758549931255
230.5	-4.293493227167397
230.625	-4.150394242534044
230.75	-3.977006397507269
230.875	-3.775302967012754
231.0	-3.54748025863732
231.125	-3.2959329707065446
231.25	-3.02322794548256
231.375	-2.7320766219957227
231.5	-2.425306502594777
231.625	-2.105831953065724
231.75	-1.7766246581221439
231.875	-1.4406840522449864
232.0	-1.1010080403392501
232.125	-0.7605643136071791
232.25	-0.4222625535863659
232.375	-0.08892780168397588
232.5	0.23672474700140683
232.625	0.5521132879547639
232.75	0.8548110755038196
232.875	1.1425660264516242
233.0	1.413318097617271
233.125	1.665214304244716
233.25	1.8966212755765781
233.375	2.106135273756693
233.5	2.2925896322518247
233.625	2.4550595998012903
233.75	2.5928646051541833
233.875	2.7055679862011783
234.0	2.79297425422659
234.125	2.8551239895996035
234.25	2.8922864890225197
234.375	2.904950306214323
234.5	2.893811847421462
234.625	2.85976220024006
234.75	2.8038723887626404
234.875	2.7273772599252495
235.0	2.6316582150594092
235.125	2.5182250070167194
235.25	2.3886968268367577
235.375	2.244782904810241
235.5	2.0882628490224513
235.625	1.9209669401492124
235.75	1.7447565945530426
235.875	1.561505198748027
236.0	1.3730795072526487
236.125	1.1813217829301221
236.25	0.9880328443480458
236.375	0.7949561687036678
236.5	0.6037631817038077
236.625	0.41603984770570396
236.75	0.23327465467165914
236.875	0.056848069318756515
237.0	-0.11197648149912641
237.125	-0.2720600664111895
237.25	-0.42239412435461554
237.375	-0.5621047592545851
237.5	-0.6904554729276788
237.625	-0.8068483713818599
237.75	-0.9108238954063468
237.875	-1.0020591408317014
238.0	-1.0803648469689735
238.125	-1.1456811433998504
238.25	-1.1980721554056408
238.375	-1.2377195768340248
238.5	-1.2649153260701753
238.625	-1.2800534059906354
238.75	-1.283621092341327
238.875	-1.276189576922899
239.0	-1.2584041923358142
239.125	-1.2309743438985379
239.25	-1.1946632717869323
239.375	-1.1502777625479195
239.5	-1.0986579240236682
239.625	-1.0406671315038063
239.75	-0.97718224572997
239.875	-0.9090841953436426
240.0	-0.8372490076334312
240.125	-0.7625393621424451
240.25	-0.6857967319821002
240.375	-0.6078341677047264
240.5	-0.5294297684508462
240.625	-0.45132087493983686
240.75	-0.37419900883932444
240.875	-0.2987055732476334
241.0	-0.2254283195629806
241.125	-0.15489857699146287
241.25	-0.08758923245213593
241.375	-0.023913440747057015
241.5	0.03577596235698855
241.625	0.09118637798730073
241.75	0.14208473255350854
241.875	0.1882961811987142
242.0	0.22970227498233795
242.125	0.2662386437844363
242.25	0.2978922494316276
242.375	0.3246982652601915
242.5	0.3467366392766215
242.625	0.0
242.75	0.0
242.875	0.0
243.0	0.0
243.125	0.0
243.25	0.0
243.375	0.0
243.5	0.0
243.625	0.0
243.75	0.0
243.875	0.0
244.0	0.0
244.125	0.0
244.25	0.0
244.375	0.0
244.5	0.0
244.625	0.0
244.75	0.0
244.875	0.0
245.0	0.0
245.125	0.0
245.25	0.0
245.375	0.0
245.5	0.0
245.625	0.0
245.75	0.0
245.875	0.0
246.0	0.0
246.125	0.0
246.25	0.0
246.375	0.0
246.5	0.0
246.625	0.0
246.75	0.0
246.875	0.0
247.0	0.0
247.125	0.0
247.25	0.0
247.375	0.0
247.5	0.0
247.625	0.0
