-264.375	0.0	0.0
-264.25	0.0	0.0
-264.125	0.0	0.0
-264.0	0.0	0.0
-263.875	0.0	0.0
-263.75	0.0	0.0
-263.625	0.0	0.0
-263.5	0.0	0.0
-263.375	0.0	0.0
-263.25	0.0	0.0
-263.125	0.0	0.0
-263.0	0.0	0.0
-262.875	0.0	0.0
-262.75	0.0	0.0
-262.625	0.0	0.0
-262.5	0.0	0.0
-262.375	0.0	0.0
-262.25	0.0	0.0
-262.125	0.0	0.0
-262.0	0.0	0.0
-261.875	0.0	0.0
-261.75	0.0	0.0
-261.625	0.0	0.0
-261.5	0.0	0.0
-261.375	0.0	0.0
-261.25	0.0	0.0
-261.125	0.0	0.0
-261.0	0.0	0.0
-260.875	0.0	0.0
-260.75	0.0	0.0
-260.625	0.0	0.0
-260.5	0.0	0.0
-260.375	0.0	0.0
-260.25	0.0	0.0
-260.125	0.0	0.0
-260.0	0.0	0.0
-259.875	0.0	0.0
-259.75	0.0	0.0
-259.625	0.0	0.0
-259.5	0.0	0.0
-259.375	0.0	0.0
-259.25	0.0	0.0
-259.125	0.0	0.0
-259.0	0.0	0.0
-258.875	0.0	0.0
-258.75	0.0	0.0
-258.625	0.0	0.0
-258.5	0.0	0.0
-258.375	0.0	0.0
-258.25	0.0	0.0
-258.125	0.0	0.0
-258.0	0.0	0.0
-257.875	0.0	0.0
-257.75	0.0	0.0
-257.625	0.0	0.0
-257.5	0.0	0.0
-257.375	0.0	0.0
-257.25	0.0	0.0
-257.125	0.0	0.0
-257.0	0.0	0.0
-256.875	0.0	0.0
-256.75	0.0	0.0
-256.625	0.0	0.0
-256.5	0.0	0.0
-256.375	0.0	0.0
-256.25	0.0	0.0
-256.125	0.0	0.0
-256.0	0.0	0.0
-255.875	0.0	0.0
-255.75	0.0	0.0
-255.625	0.0	0.0
-255.5	0.0	0.0
-255.375	0.0	0.0
-255.25	0.0	0.0
-255.125	0.0	0.0
-255.0	0.0	0.0
-254.875	0.0	0.0
-254.75	0.0	0.0
-254.625	0.0	0.0
-254.5	0.0	0.0
-254.375	0.0	0.0
-254.25	0.0	0.0
-254.125	0.0	0.0
-254.0	0.0	0.0
-253.875	0.0	0.0
-253.75	0.0	0.0
-253.625	0.0	0.0
-253.5	0.0	0.0
-253.375	0.0	0.0
-253.25	0.0	0.0
-253.125	0.0	0.0
-253.0	0.0	0.0
-252.875	0.0	0.0
-252.75	0.0	0.0
-252.625	0.0	0.0
-252.5	0.0	0.0
-252.375	0.0	0.0
-252.25	0.0	0.0
-252.125	0.0	0.0
-252.0	0.0	0.0
-251.875	0.0	0.0
-251.75	0.0	0.0
-251.625	0.0	0.0
-251.5	0.0	0.0
-251.375	0.0	0.0
-251.25	0.0	0.0
-251.125	0.0	0.0
-251.0	0.0	0.0
-250.875	0.0	0.0
-250.75	0.0	0.0
-250.625	0.0	0.0
-250.5	0.0	0.0
-250.375	0.0	0.0
-250.25	0.0	0.0
-250.125	0.0	0.0
-250.0	0.0	0.0
-249.875	0.0	0.0
-249.75	0.0	0.0
-249.625	0.0	0.0
-249.5	0.0	0.0
-249.375	0.0	0.0
-249.25	0.0	0.0
-249.125	0.0	0.0
-249.0	0.0	0.0
-248.875	0.0	0.0
-248.75	0.0	0.0
-248.625	0.0	0.0
-248.5	0.0	0.0
-248.375	0.0	0.0
-248.25	0.0	0.0
-248.125	0.0	0.0
-248.0	0.0	0.0
-247.875	0.0	0.0
-247.75	0.0	0.0
-247.625	0.0	0.0
-247.5	0.0	0.0
-247.375	0.0	0.0
-247.25	0.0	0.0
-247.125	0.0	0.0
-247.0	0.0	0.0
-246.875	0.0	0.0
-246.75	0.0	0.0
-246.625	0.0	0.0
-246.5	0.0	0.0
-246.375	0.0	0.0
-246.25	0.0	0.0
-246.125	0.0	0.0
-246.0	0.0	0.0
-245.875	0.0	0.0
-245.75	0.0	0.0
-245.625	0.0	0.0
-245.5	0.0	0.0
-245.375	0.0	0.0
-245.25	0.0	0.0
-245.125	0.0	0.0
-245.0	0.0	0.0
-244.875	0.0	0.0
-244.75	0.0	0.0
-244.625	0.0	0.0
-244.5	0.0	0.0
-244.375	0.0	0.0
-244.25	0.0	0.0
-244.125	0.0	0.0
-244.0	0.0	0.0
-243.875	0.0	0.0
-243.75	0.0	0.0
-243.625	0.0	0.0
-243.5	0.0	0.0
-243.375	0.0	0.0
-243.25	0.0	0.0
-243.125	0.0	0.0
-243.0	0.0	0.0
-242.875	0.0	0.0
-242.75	0.0	0.0
-242.625	0.0	0.0
-242.5	0.0	0.0
-242.375	0.0	0.0
-242.25	0.0	0.0
-242.125	0.0	0.0
-242.0	0.0	0.0
-241.875	0.0	0.0
-241.75	0.0	0.0
-241.625	0.0	0.0
-241.5	0.0	0.0
-241.375	0.0	0.0
-241.25	0.0	0.0
-241.125	0.0	0.0
-241.0	0.0	0.0
-240.875	0.0	0.0
-240.75	0.0	0.0
-240.625	0.0	0.0
-240.5	0.0	0.0
-240.375	0.0	0.0
-240.25	0.0	0.0
-240.125	0.0	0.0
-240.0	0.0	0.0
-239.875	0.0	0.0
-239.75	0.0	0.0
-239.625	0.0	0.0
-239.5	0.0	0.0
-239.375	0.0	0.0
-239.25	0.0	0.0
-239.125	0.0	0.0
-239.0	0.0	0.0
-238.875	0.0	0.0
-238.75	0.0	0.0
-238.625	0.0	0.0
-238.5	0.0	0.0
-238.375	0.0	0.0
-238.25	0.0	0.0
-238.125	0.0	0.0
-238.0	0.0	0.0
-237.875	0.0	0.0
-237.75	0.0	0.0
-237.625	0.0	0.0
-237.5	0.0	0.0
-237.375	0.0	0.0
-237.25	0.0	0.0
-237.125	0.0	0.0
-237.0	0.0	0.0
-236.875	0.0	0.0
-236.75	0.0	0.0
-236.625	0.0	0.0
-236.5	0.0	0.0
-236.375	0.0	0.0
-236.25	0.0	0.0
-236.125	0.0	0.0
-236.0	0.0	0.0
-235.875	0.0	0.0
-235.75	0.0	0.0
-235.625	0.0	0.0
-235.5	0.0	0.0
-235.375	0.0	0.0
-235.25	0.0	0.0
-235.125	0.0	0.0
-235.0	0.0	0.0
-234.875	0.0	0.0
-234.75	0.0	0.0
-234.625	0.0	0.0
-234.5	0.0	0.0
-234.375	0.0	0.0
-234.25	0.0	0.0
-234.125	0.0	0.0
-234.0	0.0	0.0
-233.875	0.0	0.0
-233.75	0.0	0.0
-233.625	0.0	0.0
-233.5	0.0	0.0
-233.375	0.0	0.0
-233.25	0.0	0.0
-233.125	0.0	0.0
-233.0	0.0	0.0
-232.875	0.0	0.0
-232.75	0.0	0.0
-232.625	0.0	0.0
-232.5	0.0	0.0
-232.375	0.0	0.0
-232.25	0.0	0.0
-232.125	0.0	0.0
-232.0	0.0	0.0
-231.875	0.0	0.0
-231.75	0.0	0.0
-231.625	0.0	0.0
-231.5	0.0	0.0
-231.375	0.0	0.0
-231.25	0.0	0.0
-231.125	0.0	0.0
-231.0	0.0	0.0
-230.875	0.0	0.0
-230.75	0.0	0.0
-230.625	0.0	0.0
-230.5	0.0	0.0
-230.375	0.0	0.0
-230.25	0.0	0.0
-230.125	0.0	0.0
-230.0	0.0	0.0
-229.875	0.0	0.0
-229.75	0.0	0.0
-229.625	0.0	0.0
-229.5	0.0	0.0
-229.375	0.0	0.0
-229.25	0.0	0.0
-229.125	0.0	0.0
-229.0	0.0	0.0
-228.875	0.0	0.0
-228.75	0.0	0.0
-228.625	0.0	0.0
-228.5	0.0	0.0
-228.375	0.0	0.0
-228.25	0.0	0.0
-228.125	0.0	0.0
-228.0	0.0	0.0
-227.875	0.0	0.0
-227.75	0.0	0.0
-227.625	0.0	0.0
-227.5	0.0	0.0
-227.375	0.0	0.0
-227.25	0.0	0.0
-227.125	0.0	0.0
-227.0	0.0	0.0
-226.875	0.0	0.0
-226.75	0.0	0.0
-226.625	0.0	0.0
-226.5	0.0	0.0
-226.375	0.0	0.0
-226.25	0.0	0.0
-226.125	0.0	0.0
-226.0	0.0	0.0
-225.875	0.0	0.0
-225.75	0.0	0.0
-225.625	0.0	0.0
-225.5	0.0	0.0
-225.375	0.0	0.0
-225.25	0.0	0.0
-225.125	0.0	0.0
-225.0	0.0	0.0
-224.875	0.0	0.0
-224.75	0.0	0.0
-224.625	0.0	0.0
-224.5	0.0	0.0
-224.375	0.0	0.0
-224.25	0.0	0.0
-224.125	0.0	0.0
-224.0	0.0	0.0
-223.875	0.0	0.0
-223.75	0.0	0.0
-223.625	0.0	0.0
-223.5	0.0	0.0
-223.375	0.0	0.0
-223.25	0.0	0.0
-223.125	0.0	0.0
-223.0	0.0	0.0
-222.875	0.0	0.0
-222.75	0.0	0.0
-222.625	0.0	0.0
-222.5	0.0	0.0
-222.375	0.0	0.0
-222.25	0.0	0.0
-222.125	0.0	0.0
-222.0	0.0	0.0
-221.875	0.0	0.0
-221.75	0.0	0.0
-221.625	0.0	0.0
-221.5	0.0	0.0
-221.375	0.0	0.0
-221.25	0.0	0.0
-221.125	0.0	0.0
-221.0	0.0	0.0
-220.875	0.0	0.0
-220.75	0.0	0.0
-220.625	0.0	0.0
-220.5	0.0	0.0
-220.375	0.0	0.0
-220.25	0.0	0.0
-220.125	0.0	0.0
-220.0	0.0	0.0
-219.875	0.0	0.0
-219.75	0.0	0.0
-219.625	0.0	0.0
-219.5	0.0	0.0
-219.375	0.0	0.0
-219.25	0.0	0.0
-219.125	0.0	0.0
-219.0	0.0	0.0
-218.875	0.0	0.0
-218.75	0.0	0.0
-218.625	0.0	0.0
-218.5	0.0	0.0
-218.375	0.0	0.0
-218.25	0.0	0.0
-218.125	0.0	0.0
-218.0	0.0	0.0
-217.875	0.0	0.0
-217.75	0.0	0.0
-217.625	0.0	0.0
-217.5	0.0	0.0
-217.375	0.0	0.0
-217.25	0.0	0.0
-217.125	0.0	0.0
-217.0	0.0	0.0
-216.875	0.0	0.0
-216.75	0.0	0.0
-216.625	0.0	0.0
-216.5	0.0	0.0
-216.375	0.0	0.0
-216.25	0.0	0.0
-216.125	0.0	0.0
-216.0	0.0	0.0
-215.875	0.0	0.0
-215.75	0.0	0.0
-215.625	0.0	0.0
-215.5	0.0	0.0
-215.375	0.0	0.0
-215.25	0.0	0.0
-215.125	0.0	0.0
-215.0	0.0	0.0
-214.875	0.0	0.0
-214.75	0.0	0.0
-214.625	0.0	0.0
-214.5	0.0	0.0
-214.375	0.0	0.0
-214.25	0.0	0.0
-214.125	0.0	0.0
-214.0	0.0	0.0
-213.875	0.0	0.0
-213.75	0.0	0.0
-213.625	0.0	0.0
-213.5	0.0	0.0
-213.375	0.0	0.0
-213.25	0.0	0.0
-213.125	0.0	0.0
-213.0	0.0	0.0
-212.875	0.0	0.0
-212.75	0.0	0.0
-212.625	0.0	0.0
-212.5	0.0	0.0
-212.375	0.0	0.0
-212.25	0.0	0.0
-212.125	0.0	0.0
-212.0	0.0	0.0
-211.875	0.0	0.0
-211.75	0.0	0.0
-211.625	0.0	0.0
-211.5	0.0	0.0
-211.375	0.0	0.0
-211.25	0.0	0.0
-211.125	0.0	0.0
-211.0	0.0	0.0
-210.875	0.0	0.0
-210.75	0.0	0.0
-210.625	0.0	0.0
-210.5	0.0	0.0
-210.375	0.0	0.0
-210.25	0.0	0.0
-210.125	0.0	0.0
-210.0	0.0	0.0
-209.875	0.0	0.0
-209.75	0.0	0.0
-209.625	0.0	0.0
-209.5	0.0	0.0
-209.375	0.0	0.0
-209.25	0.0	0.0
-209.125	0.0	0.0
-209.0	0.0	0.0
-208.875	0.0	0.0
-208.75	0.0	0.0
-208.625	0.0	0.0
-208.5	0.0	0.0
-208.375	0.0	0.0
-208.25	0.0	0.0
-208.125	0.0	0.0
-208.0	0.0	0.0
-207.875	0.0	0.0
-207.75	0.0	0.0
-207.625	0.0	0.0
-207.5	0.0	0.0
-207.375	0.0	0.0
-207.25	0.0	0.0
-207.125	0.0	0.0
-207.0	0.0	0.0
-206.875	0.0	0.0
-206.75	0.0	0.0
-206.625	0.0	0.0
-206.5	0.0	0.0
-206.375	0.0	0.0
-206.25	0.0	0.0
-206.125	0.0	0.0
-206.0	0.0	0.0
-205.875	0.0	0.0
-205.75	0.0	0.0
-205.625	0.0	0.0
-205.5	0.0	0.0
-205.375	0.0	0.0
-205.25	0.0	0.0
-205.125	0.0	0.0
-205.0	0.0	0.0
-204.875	0.0	0.0
-204.75	0.0	0.0
-204.625	0.0	0.0
-204.5	0.0	0.0
-204.375	0.0	0.0
-204.25	0.0	0.0
-204.125	0.0	0.0
-204.0	0.0	0.0
-203.875	0.0	0.0
-203.75	0.0	0.0
-203.625	0.0	0.0
-203.5	0.0	0.0
-203.375	0.0	0.0
-203.25	0.0	0.0
-203.125	0.0	0.0
-203.0	0.0	0.0
-202.875	0.0	0.0
-202.75	0.0	0.0
-202.625	0.0	0.0
-202.5	0.0	0.0
-202.375	0.0	0.0
-202.25	0.0	0.0
-202.125	0.0	0.0
-202.0	0.0	0.0
-201.875	0.0	0.0
-201.75	0.0	0.0
-201.625	0.0	0.0
-201.5	0.0	0.0
-201.375	0.0	0.0
-201.25	0.0	0.0
-201.125	0.0	0.0
-201.0	0.0	0.0
-200.875	0.0	0.0
-200.75	0.0	0.0
-200.625	0.0	0.0
-200.5	0.0	0.0
-200.375	0.0	0.0
-200.25	0.0	0.0
-200.125	0.0	0.0
-200.0	0.0	0.0
-199.875	0.0	0.0
-199.75	0.0	0.0
-199.625	0.0	0.0
-199.5	0.0	0.0
-199.375	0.0	0.0
-199.25	0.0	0.0
-199.125	0.0	0.0
-199.0	0.0	0.0
-198.875	0.0	0.0
-198.75	0.0	0.0
-198.625	0.0	0.0
-198.5	0.0	0.0
-198.375	0.0	0.0
-198.25	0.0	0.0
-198.125	0.0	0.0
-198.0	0.0	0.0
-197.875	0.0	0.0
-197.75	0.0	0.0
-197.625	0.0	0.0
-197.5	0.0	0.0
-197.375	0.0	0.0
-197.25	0.0	0.0
-197.125	0.0	0.0
-197.0	0.0	0.0
-196.875	0.0	0.0
-196.75	0.0	0.0
-196.625	0.0	0.0
-196.5	0.0	0.0
-196.375	0.0	0.0
-196.25	0.0	0.0
-196.125	0.0	0.0
-196.0	0.0	0.0
-195.875	0.0	0.0
-195.75	0.0	0.0
-195.625	0.0	0.0
-195.5	0.0	0.0
-195.375	0.0	0.0
-195.25	0.0	0.0
-195.125	0.0	0.0
-195.0	0.0	0.0
-194.875	0.0	0.0
-194.75	0.0	0.0
-194.625	0.0	0.0
-194.5	0.0	0.0
-194.375	0.0	0.0
-194.25	0.0	0.0
-194.125	0.0	0.0
-194.0	0.0	0.0
-193.875	0.0	0.0
-193.75	0.0	0.0
-193.625	0.0	0.0
-193.5	0.0	0.0
-193.375	0.0	0.0
-193.25	0.0	0.0
-193.125	0.0	0.0
-193.0	0.0	0.0
-192.875	0.0	0.0
-192.75	0.0	0.0
-192.625	0.0	0.0
-192.5	0.0	0.0
-192.375	0.0	0.0
-192.25	0.0	0.0
-192.125	0.0	0.0
-192.0	0.0	0.0
-191.875	0.0	0.0
-191.75	0.0	0.0
-191.625	0.0	0.0
-191.5	0.0	0.0
-191.375	0.0	0.0
-191.25	0.0	0.0
-191.125	0.0	0.0
-191.0	0.0	0.0
-190.875	0.0	0.0
-190.75	0.0	0.0
-190.625	0.0	0.0
-190.5	0.0	0.0
-190.375	0.0	0.0
-190.25	0.0	0.0
-190.125	0.0	0.0
-190.0	0.0	0.0
-189.875	0.0	0.0
-189.75	0.0	0.0
-189.625	0.0	0.0
-189.5	0.0	0.0
-189.375	0.0	0.0
-189.25	0.0	0.0
-189.125	0.0	0.0
-189.0	0.0	0.0
-188.875	0.0	0.0
-188.75	0.0	0.0
-188.625	0.0	0.0
-188.5	0.0	0.0
-188.375	0.0	0.0
-188.25	0.0	0.0
-188.125	0.0	0.0
-188.0	0.0	0.0
-187.875	0.0	0.0
-187.75	0.0	0.0
-187.625	0.0	0.0
-187.5	0.0	0.0
-187.375	0.0	0.0
-187.25	0.0	0.0
-187.125	0.0	0.0
-187.0	0.0	0.0
-186.875	0.0	0.0
-186.75	0.0	0.0
-186.625	0.0	0.0
-186.5	0.0	0.0
-186.375	0.0	0.0
-186.25	0.0	0.0
-186.125	0.0	0.0
-186.0	0.0	0.0
-185.875	0.0	0.0
-185.75	0.0	0.0
-185.625	0.0	0.0
-185.5	0.0	0.0
-185.375	0.0	0.0
-185.25	0.0	0.0
-185.125	0.0	0.0
-185.0	0.0	0.0
-184.875	0.0	0.0
-184.75	0.0	0.0
-184.625	0.0	0.0
-184.5	0.0	0.0
-184.375	0.0	0.0
-184.25	0.0	0.0
-184.125	0.0	0.0
-184.0	0.0	0.0
-183.875	0.0	0.0
-183.75	0.0	0.0
-183.625	0.0	0.0
-183.5	0.0	0.0
-183.375	0.0	0.0
-183.25	0.0	0.0
-183.125	0.0	0.0
-183.0	0.0	0.0
-182.875	0.0	0.0
-182.75	0.0	0.0
-182.625	0.0	0.0
-182.5	0.0	0.0
-182.375	0.0	0.0
-182.25	0.0	0.0
-182.125	0.0	0.0
-182.0	0.0	0.0
-181.875	0.0	0.0
-181.75	0.0	0.0
-181.625	0.0	0.0
-181.5	0.0	0.0
-181.375	0.0	0.0
-181.25	0.0	0.0
-181.125	0.0	0.0
-181.0	0.0	0.0
-180.875	0.0	0.0
-180.75	0.0	0.0
-180.625	0.0	0.0
-180.5	0.0	0.0
-180.375	0.0	0.0
-180.25	0.0	0.0
-180.125	0.0	0.0
-180.0	0.0	0.0
-179.875	0.0	0.0
-179.75	0.0	0.0
-179.625	0.0	0.0
-179.5	0.0	0.0
-179.375	0.0	0.0
-179.25	0.0	0.0
-179.125	0.0	0.0
-179.0	0.0	0.0
-178.875	0.0	0.0
-178.75	0.0	0.0
-178.625	0.0	0.0
-178.5	0.0	0.0
-178.375	0.0	0.0
-178.25	0.0	0.0
-178.125	0.0	0.0
-178.0	0.0	0.0
-177.875	0.0	0.0
-177.75	0.0	0.0
-177.625	0.0	0.0
-177.5	0.0	0.0
-177.375	0.0	0.0
-177.25	0.0	0.0
-177.125	0.0	0.0
-177.0	0.0	0.0
-176.875	0.0	0.0
-176.75	0.0	0.0
-176.625	0.0	0.0
-176.5	0.0	0.0
-176.375	0.0	0.0
-176.25	0.0	0.0
-176.125	0.0	0.0
-176.0	0.0	0.0
-175.875	0.0	0.0
-175.75	0.0	0.0
-175.625	0.0	0.0
-175.5	0.0	0.0
-175.375	0.0	0.0
-175.25	0.0	0.0
-175.125	0.0	0.0
-175.0	0.0	0.0
-174.875	0.0	0.0
-174.75	0.0	0.0
-174.625	0.0	0.0
-174.5	0.0	0.0
-174.375	0.0	0.0
-174.25	0.0	0.0
-174.125	0.0	0.0
-174.0	0.0	0.0
-173.875	0.0	0.0
-173.75	0.0	0.0
-173.625	0.0	0.0
-173.5	0.0	0.0
-173.375	0.0	0.0
-173.25	0.0	0.0
-173.125	0.0	0.0
-173.0	0.0	0.0
-172.875	0.0	0.0
-172.75	0.0	0.0
-172.625	0.0	0.0
-172.5	0.0	0.0
-172.375	0.0	0.0
-172.25	0.0	0.0
-172.125	0.0	0.0
-172.0	0.0	0.0
-171.875	0.0	0.0
-171.75	0.0	0.0
-171.625	0.0	0.0
-171.5	0.0	0.0
-171.375	0.0	0.0
-171.25	0.0	0.0
-171.125	0.0	0.0
-171.0	0.0	0.0
-170.875	0.0	0.0
-170.75	0.0	0.0
-170.625	0.0	0.0
-170.5	0.0	0.0
-170.375	0.0	0.0
-170.25	0.0	0.0
-170.125	0.0	0.0
-170.0	0.0	0.0
-169.875	0.0	0.0
-169.75	0.0	0.0
-169.625	0.0	0.0
-169.5	0.0	0.0
-169.375	0.0	0.0
-169.25	0.0	0.0
-169.125	0.0	0.0
-169.0	0.0	0.0
-168.875	0.0	0.0
-168.75	0.0	0.0
-168.625	0.0	0.0
-168.5	0.0	0.0
-168.375	0.0	0.0
-168.25	0.0	0.0
-168.125	0.0	0.0
-168.0	0.0	0.0
-167.875	0.0	0.0
-167.75	0.0	0.0
-167.625	0.0	0.0
-167.5	0.0	0.0
-167.375	0.0	0.0
-167.25	0.0	0.0
-167.125	0.0	0.0
-167.0	0.0	0.0
-166.875	0.0	0.0
-166.75	0.0	0.0
-166.625	0.0	0.0
-166.5	0.0	0.0
-166.375	0.0	0.0
-166.25	0.0	0.0
-166.125	0.0	0.0
-166.0	0.0	0.0
-165.875	0.0	0.0
-165.75	0.0	0.0
-165.625	0.0	0.0
-165.5	0.0	0.0
-165.375	0.0	0.0
-165.25	0.0	0.0
-165.125	0.0	0.0
-165.0	0.0	0.0
-164.875	0.0	0.0
-164.75	0.0	0.0
-164.625	0.0	0.0
-164.5	0.0	0.0
-164.375	0.0	0.0
-164.25	0.0	0.0
-164.125	0.0	0.0
-164.0	0.0	0.0
-163.875	0.0	0.0
-163.75	0.0	0.0
-163.625	0.0	0.0
-163.5	0.0	0.0
-163.375	0.0	0.0
-163.25	0.0	0.0
-163.125	0.0	0.0
-163.0	0.0	0.0
-162.875	0.0	0.0
-162.75	0.0	0.0
-162.625	0.0	0.0
-162.5	0.0	0.0
-162.375	0.0	0.0
-162.25	0.0	0.0
-162.125	0.0	0.0
-162.0	0.0	0.0
-161.875	0.0	0.0
-161.75	0.0	0.0
-161.625	0.0	0.0
-161.5	0.0	0.0
-161.375	0.0	0.0
-161.25	0.0	0.0
-161.125	0.0	0.0
-161.0	0.0	0.0
-160.875	0.0	0.0
-160.75	0.0	0.0
-160.625	0.0	0.0
-160.5	0.0	0.0
-160.375	0.0	0.0
-160.25	0.0	0.0
-160.125	0.0	0.0
-160.0	0.0	0.0
-159.875	0.0	0.0
-159.75	0.0	0.0
-159.625	0.0	0.0
-159.5	0.0	0.0
-159.375	0.0	0.0
-159.25	0.0	0.0
-159.125	0.0	0.0
-159.0	0.0	0.0
-158.875	0.0	0.0
-158.75	0.0	0.0
-158.625	0.0	0.0
-158.5	0.0	0.0
-158.375	0.0	0.0
-158.25	0.0	0.0
-158.125	0.0	0.0
-158.0	0.0	0.0
-157.875	0.0	0.0
-157.75	0.0	0.0
-157.625	0.0	0.0
-157.5	0.0	0.0
-157.375	0.0	0.0
-157.25	0.0	0.0
-157.125	0.0	0.0
-157.0	0.0	0.0
-156.875	0.0	0.0
-156.75	0.0	0.0
-156.625	0.0	0.0
-156.5	0.0	0.0
-156.375	0.0	0.0
-156.25	0.0	0.0
-156.125	0.0	0.0
-156.0	0.0	0.0
-155.875	0.0	0.0
-155.75	0.0	0.0
-155.625	0.0	0.0
-155.5	0.0	0.0
-155.375	0.0	0.0
-155.25	0.0	0.0
-155.125	0.0	0.0
-155.0	0.0	0.0
-154.875	0.0	0.0
-154.75	0.0	0.0
-154.625	0.0	0.0
-154.5	0.0	0.0
-154.375	0.0	0.0
-154.25	0.0	0.0
-154.125	0.0	0.0
-154.0	0.0	0.0
-153.875	0.0	0.0
-153.75	0.0	0.0
-153.625	0.0	0.0
-153.5	0.0	0.0
-153.375	0.0	0.0
-153.25	0.0	0.0
-153.125	0.0	0.0
-153.0	0.0	0.0
-152.875	0.0	0.0
-152.75	0.0	0.0
-152.625	0.0	0.0
-152.5	0.0	0.0
-152.375	0.0	0.0
-152.25	0.0	0.0
-152.125	0.0	0.0
-152.0	0.0	0.0
-151.875	0.0	0.0
-151.75	0.0	0.0
-151.625	0.0	0.0
-151.5	0.0	0.0
-151.375	0.0	0.0
-151.25	0.0	0.0
-151.125	0.0	0.0
-151.0	0.0	0.0
-150.875	0.0	0.0
-150.75	0.0	0.0
-150.625	0.0	0.0
-150.5	0.0	0.0
-150.375	0.0	0.0
-150.25	0.0	0.0
-150.125	0.0	0.0
-150.0	0.0	0.0
-149.875	0.0	0.0
-149.75	0.0	0.0
-149.625	0.0	0.0
-149.5	0.0	0.0
-149.375	0.0	0.0
-149.25	0.0	0.0
-149.125	0.0	0.0
-149.0	0.0	0.0
-148.875	0.0	0.0
-148.75	0.0	0.0
-148.625	0.0	0.0
-148.5	0.0	0.0
-148.375	0.0	0.0
-148.25	0.0	0.0
-148.125	0.0	0.0
-148.0	0.0	0.0
-147.875	0.0	0.0
-147.75	0.0	0.0
-147.625	0.0	0.0
-147.5	0.0	0.0
-147.375	0.0	0.0
-147.25	0.0	0.0
-147.125	0.0	0.0
-147.0	0.0	0.0
-146.875	0.0	0.0
-146.75	0.0	0.0
-146.625	0.0	0.0
-146.5	0.0	0.0
-146.375	0.0	0.0
-146.25	0.0	0.0
-146.125	0.0	0.0
-146.0	0.0	0.0
-145.875	0.0	0.0
-145.75	0.0	0.0
-145.625	0.0	0.0
-145.5	0.0	0.0
-145.375	0.0	0.0
-145.25	0.0	0.0
-145.125	0.0	0.0
-145.0	0.0	0.0
-144.875	0.0	0.0
-144.75	0.0	0.0
-144.625	0.0	0.0
-144.5	0.0	0.0
-144.375	0.0	0.0
-144.25	0.0	0.0
-144.125	0.0	0.0
-144.0	0.0	0.0
-143.875	0.0	0.0
-143.75	0.0	0.0
-143.625	0.0	0.0
-143.5	0.0	0.0
-143.375	0.0	0.0
-143.25	0.0	0.0
-143.125	0.0	0.0
-143.0	0.0	0.0
-142.875	0.0	0.0
-142.75	0.0	0.0
-142.625	0.0	0.0
-142.5	0.0	0.0
-142.375	0.0	0.0
-142.25	0.0	0.0
-142.125	0.0	0.0
-142.0	0.0	0.0
-141.875	0.0	0.0
-141.75	0.0	0.0
-141.625	0.0	0.0
-141.5	0.0	0.0
-141.375	0.0	0.0
-141.25	0.0	0.0
-141.125	0.0	0.0
-141.0	0.0	0.0
-140.875	0.0	0.0
-140.75	0.0	0.0
-140.625	0.0	0.0
-140.5	0.0	0.0
-140.375	0.0	0.0
-140.25	0.0	0.0
-140.125	0.0	0.0
-140.0	0.0	0.0
-139.875	0.0	0.0
-139.75	0.0	0.0
-139.625	0.0	0.0
-139.5	0.0	0.0
-139.375	0.0	0.0
-139.25	0.0	0.0
-139.125	0.0	0.0
-139.0	0.0	0.0
-138.875	0.0	0.0
-138.75	0.0	0.0
-138.625	0.0	0.0
-138.5	0.0	0.0
-138.375	0.0	0.0
-138.25	0.0	0.0
-138.125	0.0	0.0
-138.0	0.0	0.0
-137.875	0.0	0.0
-137.75	0.0	0.0
-137.625	0.0	0.0
-137.5	0.0	0.0
-137.375	0.0	0.0
-137.25	0.0	0.0
-137.125	0.0	0.0
-137.0	0.0	0.0
-136.875	0.0	0.0
-136.75	0.0	0.0
-136.625	0.0	0.0
-136.5	0.0	0.0
-136.375	0.0	0.0
-136.25	0.0	0.0
-136.125	0.0	0.0
-136.0	0.0	0.0
-135.875	0.0	0.0
-135.75	0.0	0.0
-135.625	0.0	0.0
-135.5	0.0	0.0
-135.375	0.0	0.0
-135.25	0.0	0.0
-135.125	0.0	0.0
-135.0	0.0	0.0
-134.875	0.0	0.0
-134.75	0.0	0.0
-134.625	0.0	0.0
-134.5	0.0	0.0
-134.375	0.0	0.0
-134.25	0.0	0.0
-134.125	0.0	0.0
-134.0	0.0	0.0
-133.875	0.0	0.0
-133.75	0.0	0.0
-133.625	0.0	0.0
-133.5	0.0	0.0
-133.375	0.0	0.0
-133.25	0.0	0.0
-133.125	0.0	0.0
-133.0	0.0	0.0
-132.875	0.0	0.0
-132.75	0.0	0.0
-132.625	0.0	0.0
-132.5	0.0	0.0
-132.375	0.0	0.0
-132.25	0.0	0.0
-132.125	0.0	0.0
-132.0	0.0	0.0
-131.875	0.0	0.0
-131.75	0.0	0.0
-131.625	0.0	0.0
-131.5	0.0	0.0
-131.375	0.0	0.0
-131.25	0.0	0.0
-131.125	0.0	0.0
-131.0	0.0	0.0
-130.875	0.0	0.0
-130.75	0.0	0.0
-130.625	0.0	0.0
-130.5	0.0	0.0
-130.375	0.0	0.0
-130.25	0.0	0.0
-130.125	0.0	0.0
-130.0	0.0	0.0
-129.875	0.0	0.0
-129.75	0.0	0.0
-129.625	0.0	0.0
-129.5	0.0	0.0
-129.375	0.0	0.0
-129.25	0.0	0.0
-129.125	0.0	0.0
-129.0	0.0	0.0
-128.875	0.0	0.0
-128.75	0.0	0.0
-128.625	0.0	0.0
-128.5	0.0	0.0
-128.375	0.0	0.0
-128.25	0.0	0.0
-128.125	0.0	0.0
-128.0	0.0	0.0
-127.875	0.0	0.0
-127.75	0.0	0.0
-127.625	0.0	0.0
-127.5	0.0	0.0
-127.375	0.0	0.0
-127.25	0.0	0.0
-127.125	0.0	0.0
-127.0	0.0	0.0
-126.875	0.0	0.0
-126.75	0.0	0.0
-126.625	0.0	0.0
-126.5	0.0	0.0
-126.375	0.0	0.0
-126.25	0.0	0.0
-126.125	0.0	0.0
-126.0	0.0	0.0
-125.875	0.0	0.0
-125.75	0.0	0.0
-125.625	0.0	0.0
-125.5	0.0	0.0
-125.375	0.0	0.0
-125.25	0.0	0.0
-125.125	0.0	0.0
-125.0	0.0	0.0
-124.875	0.0	0.0
-124.75	0.0	0.0
-124.625	0.0	0.0
-124.5	0.0	0.0
-124.375	0.0	0.0
-124.25	0.0	0.0
-124.125	0.0	0.0
-124.0	0.0	0.0
-123.875	0.0	0.0
-123.75	0.0	0.0
-123.625	0.0	0.0
-123.5	0.0	0.0
-123.375	0.0	0.0
-123.25	0.0	0.0
-123.125	0.0	0.0
-123.0	0.0	0.0
-122.875	0.0	0.0
-122.75	0.0	0.0
-122.625	0.0	0.0
-122.5	0.0	0.0
-122.375	0.0	0.0
-122.25	0.0	0.0
-122.125	0.0	0.0
-122.0	0.0	0.0
-121.875	0.0	0.0
-121.75	0.0	0.0
-121.625	0.0	0.0
-121.5	0.0	0.0
-121.375	0.0	0.0
-121.25	0.0	0.0
-121.125	0.0	0.0
-121.0	0.0	0.0
-120.875	0.0	0.0
-120.75	0.0	0.0
-120.625	0.0	0.0
-120.5	0.0	0.0
-120.375	0.0	0.0
-120.25	0.0	0.0
-120.125	0.0	0.0
-120.0	0.0	0.0
-119.875	0.0	0.0
-119.75	0.0	0.0
-119.625	0.0	0.0
-119.5	0.0	0.0
-119.375	0.0	0.0
-119.25	0.0	0.0
-119.125	0.0	0.0
-119.0	0.0	0.0
-118.875	0.0	0.0
-118.75	0.0	0.0
-118.625	0.0	0.0
-118.5	0.0	0.0
-118.375	0.0	0.0
-118.25	0.0	0.0
-118.125	0.0	0.0
-118.0	0.0	-1.0e-6
-117.875	0.0	-1.0e-6
-117.75	0.0	-2.0e-6
-117.625	0.0	-2.0e-6
-117.5	0.0	-2.0e-6
-117.375	0.0	-2.0e-6
-117.25	0.0	-3.0e-6
-117.125	0.0	-3.0e-6
-117.0	0.0	-3.0e-6
-116.875	0.0	-4.0e-6
-116.75	0.0	-4.0e-6
-116.625	0.0	-5.0e-6
-116.5	0.0	-5.0e-6
-116.375	0.0	-5.0e-6
-116.25	0.0	-6.0e-6
-116.125	0.0	-6.0e-6
-116.0	0.0	-6.0e-6
-115.875	0.0	-6.0e-6
-115.75	0.0	-7.0e-6
-115.625	0.0	-7.0e-6
-115.5	0.0	-7.0e-6
-115.375	0.0	-6.0e-6
-115.25	0.0	-6.0e-6
-115.125	0.0	-6.0e-6
-115.0	0.0	-5.0e-6
-114.875	0.0	-5.0e-6
-114.75	0.0	-4.0e-6
-114.625	0.0	-3.0e-6
-114.5	0.0	-1.0e-6
-114.375	0.0	0.0
-114.25	0.0	2.0e-6
-114.125	0.0	4.0e-6
-114.0	0.0	7.0e-6
-113.875	0.0	9.0e-6
-113.75	0.0	1.2e-5
-113.625	0.0	1.6e-5
-113.5	0.0	1.9e-5
-113.375	0.0	2.3e-5
-113.25	0.0	2.7e-5
-113.125	0.0	3.2e-5
-113.0	0.0	3.7e-5
-112.875	0.0	4.2e-5
-112.75	0.0	4.7e-5
-112.625	0.0	5.2e-5
-112.5	0.0	5.8e-5
-112.375	0.0	6.3e-5
-112.25	0.0	6.9e-5
-112.125	0.0	7.4e-5
-112.0	0.0	8.0e-5
-111.875	0.0	8.5e-5
-111.75	0.0	8.9e-5
-111.625	0.0	9.3e-5
-111.5	0.0	9.7e-5
-111.375	0.0	9.9e-5
-111.25	0.0	0.0001
-111.125	0.0	0.000101
-111.0	0.0	0.0001
-110.875	0.0	9.7e-5
-110.75	0.0	9.3e-5
-110.625	0.0	8.6e-5
-110.5	0.0	7.8e-5
-110.375	0.0	6.7e-5
-110.25	0.0	5.4e-5
-110.125	0.0	3.8e-5
-110.0	0.0	1.9e-5
-109.875	0.0	-2.0e-6
-109.75	0.0	-2.7e-5
-109.625	0.0	-5.6e-5
-109.5	0.0	-8.7e-5
-109.375	0.0	-0.000122
-109.25	0.0	-0.000161
-109.125	0.0	-0.000203
-109.0	0.0	-0.000248
-108.875	0.0	-0.000297
-108.75	0.0	-0.000348
-108.625	0.0	-0.000403
-108.5	0.0	-0.00046
-108.375	0.0	-0.000518
-108.25	0.0	-0.000579
-108.125	0.0	-0.00064
-108.0	0.0	-0.000701
-107.875	0.0	-0.000762
-107.75	0.0	-0.000822
-107.625	0.0	-0.000879
-107.5	0.0	-0.000933
-107.375	0.0	-0.000982
-107.25	0.0	-0.001025
-107.125	0.0	-0.001062
-107.0	0.0	-0.00109
-106.875	1.0e-6	-0.001108
-106.75	1.0e-6	-0.001115
-106.625	1.0e-6	-0.001108
-106.5	1.0e-6	-0.001087
-106.375	1.0e-6	-0.00105
-106.25	1.0e-6	-0.000995
-106.125	1.0e-6	-0.00092
-106.0	1.0e-6	-0.000825
-105.875	1.0e-6	-0.000706
-105.75	2.0e-6	-0.000564
-105.625	2.0e-6	-0.000397
-105.5	2.0e-6	-0.000204
-105.375	2.0e-6	1.6e-5
-105.25	3.0e-6	0.000264
-105.125	3.0e-6	0.000539
-105.0	3.0e-6	0.000843
-104.875	4.0e-6	0.001175
-104.75	4.0e-6	0.001534
-104.625	5.0e-6	0.001919
-104.5	5.0e-6	0.002328
-104.375	6.0e-6	0.00276
-104.25	7.0e-6	0.003212
-104.125	8.0e-6	0.003681
-104.0	8.0e-6	0.004164
-103.875	9.0e-6	0.004655
-103.75	1.1e-5	0.005151
-103.625	1.2e-5	0.005646
-103.5	1.3e-5	0.006135
-103.375	1.5e-5	0.00661
-103.25	1.7e-5	0.007064
-103.125	1.8e-5	0.00749
-103.0	2.1e-5	0.007879
-102.875	2.3e-5	0.008223
-102.75	2.6e-5	0.008513
-102.625	2.9e-5	0.008739
-102.5	3.2e-5	0.008892
-102.375	3.5e-5	0.008961
-102.25	3.9e-5	0.008937
-102.125	4.4e-5	0.008809
-102.0	4.9e-5	0.008568
-101.875	5.4e-5	0.008205
-101.75	6.0e-5	0.007709
-101.625	6.7e-5	0.007073
-101.5	7.4e-5	0.006289
-101.375	8.2e-5	0.00535
-101.25	9.1e-5	0.004249
-101.125	0.0001	0.002983
-101.0	0.000111	0.001549
-100.875	0.000123	-5.6e-5
-100.75	0.000136	-0.001831
-100.625	0.00015	-0.003773
-100.5	0.000166	-0.005879
-100.375	0.000183	-0.008141
-100.25	0.000202	-0.01055
-100.125	0.000223	-0.013094
-100.0	0.000246	-0.01576
-99.875	0.000271	-0.018529
-99.75	0.000299	-0.021382
-99.625	0.000329	-0.024295
-99.5	0.000362	-0.027243
-99.375	0.000398	-0.030197
-99.25	0.000437	-0.033125
-99.125	0.00048	-0.035993
-99.0	0.000527	-0.038765
-98.875	0.000579	-0.041401
-98.75	0.000635	-0.043859
-98.625	0.000696	-0.046097
-98.5	0.000763	-0.04807
-98.375	0.000836	-0.049731
-98.25	0.000915	-0.051035
-98.125	0.001001	-0.051934
-98.0	0.001095	-0.052382
-97.875	0.001197	-0.052332
-97.75	0.001307	-0.051741
-97.625	0.001428	-0.050564
-97.5	0.001558	-0.048763
-97.375	0.0017	-0.046301
-97.25	0.001854	-0.043144
-97.125	0.00202	-0.039265
-97.0	0.0022	-0.03464
-96.875	0.002396	-0.029254
-96.75	0.002607	-0.023097
-96.625	0.002835	-0.016165
-96.5	0.003082	-0.008465
-96.375	0.003349	-1.0e-5
-96.25	0.003637	0.009175
-96.125	0.003948	0.019057
-96.0	0.004283	0.029593
-95.875	0.004645	0.04073
-95.75	0.005034	0.052403
-95.625	0.005453	0.064536
-95.5	0.005904	0.077044
-95.375	0.00639	0.08983
-95.25	0.006912	0.102786
-95.125	0.007472	0.115796
-95.0	0.008074	0.128732
-94.875	0.00872	0.141458
-94.75	0.009413	0.15383
-94.625	0.010157	0.165697
-94.5	0.010953	0.176901
-94.375	0.011806	0.18728
-94.25	0.012719	0.196668
-94.125	0.013695	0.204896
-94.0	0.014739	0.211798
-93.875	0.015855	0.217205
-93.75	0.017047	0.220954
-93.625	0.018319	0.222888
-93.5	0.019676	0.222854
-93.375	0.021123	0.220713
-93.25	0.022665	0.216333
-93.125	0.024308	0.2096
-93.0	0.026056	0.200412
-92.875	0.027917	0.188687
-92.75	0.029895	0.174363
-92.625	0.031997	0.157401
-92.5	0.03423	0.137784
-92.375	0.0366	0.115522
-92.25	0.039115	0.090651
-92.125	0.041782	0.063237
-92.0	0.044608	0.033376
-91.875	0.047601	0.001192
-91.75	0.05077	-0.033157
-91.625	0.054123	-0.069483
-91.5	0.057668	-0.107566
-91.375	0.061414	-0.147155
-91.25	0.065371	-0.187968
-91.125	0.069549	-0.229694
-91.0	0.073955	-0.271994
-90.875	0.078602	-0.314503
-90.75	0.083499	-0.356834
-90.625	0.088657	-0.398574
-90.5	0.094085	-0.439296
-90.375	0.099796	-0.478557
-90.25	0.105801	-0.515902
-90.125	0.112111	-0.55087
-90.0	0.118738	-0.582994
-89.875	0.125693	-0.611813
-89.75	0.132989	-0.636869
-89.625	0.140637	-0.657718
-89.5	0.148652	-0.673929
-89.375	0.157044	-0.685097
-89.25	0.165826	-0.690842
-89.125	0.175012	-0.690815
-89.0	0.184615	-0.684705
-88.875	0.194646	-0.672247
-88.75	0.20512	-0.653218
-88.625	0.216049	-0.62745
-88.5	0.227446	-0.594832
-88.375	0.239324	-0.555309
-88.25	0.251696	-0.508895
-88.125	0.264575	-0.455667
-88.0	0.277974	-0.39577
-87.875	0.291905	-0.329424
-87.75	0.30638	-0.256916
-87.625	0.321412	-0.178608
-87.5	0.337012	-0.094933
-87.375	0.353192	-0.006397
-87.25	0.369963	0.086428
-87.125	0.387337	0.182903
-87.0	0.405323	0.282322
-86.875	0.423932	0.383926
-86.75	0.443172	0.486899
-86.625	0.463054	0.590376
-86.5	0.483584	0.693452
-86.375	0.504772	0.795189
-86.25	0.526624	0.894618
-86.125	0.549147	0.990757
-86.0	0.572346	1.082612
-85.875	0.596225	1.169189
-85.75	0.62079	1.249505
-85.625	0.646042	1.322597
-85.5	0.671985	1.38753
-85.375	0.698619	1.443413
-85.25	0.725944	1.489403
-85.125	0.75396	1.524719
-85.0	0.782664	1.548648
-84.875	0.812054	1.560559
-84.75	0.842125	1.55991
-84.625	0.872872	1.546255
-84.5	0.904287	1.519253
-84.375	0.936364	1.478676
-84.25	0.969092	1.424411
-84.125	1.002461	1.356469
-84.0	1.036459	1.274988
-83.875	1.071073	1.180234
-83.75	1.106288	1.072602
-83.625	1.142088	0.952621
-83.5	1.178455	0.820946
-83.375	1.215371	0.678362
-83.25	1.252814	0.525775
-83.125	1.290763	0.364211
-83.0	1.329195	0.194805
-82.875	1.368085	0.0188
-82.75	1.407407	-0.162472
-82.625	1.447133	-0.347588
-82.5	1.487235	-0.535058
-82.375	1.527681	-0.723327
-82.25	1.56844	-0.910793
-82.125	1.60948	-1.095823
-82.0	1.650765	-1.276763
-81.875	1.69226	-1.451956
-81.75	1.733928	-1.619758
-81.625	1.775732	-1.778554
-81.5	1.817631	-1.926772
-81.375	1.859587	-2.062901
-81.25	1.901556	-2.185505
-81.125	1.943499	-2.293241
-81.0	1.98537	-2.38487
-80.875	2.027126	-2.459274
-80.75	2.068723	-2.515467
-80.625	2.110114	-2.552608
-80.5	2.151255	-2.570011
-80.375	2.192098	-2.567155
-80.25	2.232597	-2.543692
-80.125	2.272703	-2.49945
-80.0	2.31237	-2.434446
-79.875	2.35155	-2.348877
-79.75	2.390194	-2.243133
-79.625	2.428255	-2.117787
-79.5	2.465686	-1.973599
-79.375	2.502438	-1.811506
-79.25	2.538464	-1.632621
-79.125	2.573718	-1.438221
-79.0	2.608153	-1.229738
-78.875	2.641724	-1.008751
-78.75	2.674385	-0.776966
-78.625	2.706092	-0.536209
-78.5	2.736802	-0.288405
-78.375	2.766473	-0.035563
-78.25	2.795063	0.220241
-78.125	2.822533	0.476886
-78.0	2.848844	0.732221
-77.875	2.873958	0.984089
-77.75	2.89784	1.230344
-77.625	2.920455	1.468874
-77.5	2.941771	1.697618
-77.375	2.961756	1.914589
-77.25	2.980383	2.117889
-77.125	2.997622	2.305732
-77.0	3.01345	2.476456
-76.875	3.027842	2.628545
-76.75	3.040777	2.760638
-76.625	3.052237	2.871549
-76.5	3.062203	2.960271
-76.375	3.070662	3.025992
-76.25	3.0776	3.068101
-76.125	3.083007	3.086195
-76.0	3.086875	3.080081
-75.875	3.089198	3.049781
-75.75	3.089973	2.995531
-75.625	3.089198	2.917777
-75.5	3.086875	2.817175
-75.375	3.083007	2.69458
-75.25	3.0776	2.551041
-75.125	3.070662	2.387793
-75.0	3.062203	2.206238
-74.875	3.052237	2.007941
-74.75	3.040777	1.794606
-74.625	3.027841	1.568067
-74.5	3.013449	1.330266
-74.375	2.997622	1.083237
-74.25	2.980382	0.829085
-74.125	2.961756	0.569967
-74.0	2.94177	0.308072
-73.875	2.920454	0.0456
-73.75	2.897839	-0.21526
-73.625	2.873957	-0.472345
-73.5	2.848843	-0.723546
-73.375	2.822532	-0.96682
-73.25	2.795062	-1.200212
-73.125	2.766472	-1.421871
-73.0	2.736801	-1.630067
-72.875	2.706091	-1.823207
-72.75	2.674383	-1.999845
-72.625	2.641722	-2.158697
-72.5	2.608152	-2.298651
-72.375	2.573717	-2.418774
-72.25	2.538463	-2.518318
-72.125	2.502436	-2.596728
-72.0	2.465684	-2.65364
-71.875	2.428254	-2.688888
-71.75	2.390193	-2.702495
-71.625	2.351548	-2.694678
-71.5	2.312368	-2.665837
-71.375	2.272701	-2.616553
-71.25	2.232595	-2.547577
-71.125	2.192096	-2.459822
-71.0	2.151253	-2.35435
-70.875	2.110113	-2.232363
-70.75	2.068721	-2.095186
-70.625	2.027124	-1.944252
-70.5	1.985368	-1.781093
-70.375	1.943497	-1.607315
-70.25	1.901555	-1.424589
-70.125	1.859585	-1.23463
-70.0	1.81763	-1.039182
-69.875	1.77573	-0.840002
-69.75	1.733927	-0.638839
-69.625	1.692258	-0.437423
-69.5	1.650763	-0.237449
-69.375	1.609478	-0.040558
-69.25	1.568439	0.151674
-69.125	1.527679	0.337751
-69.0	1.487233	0.516266
-68.875	1.447132	0.685913
-68.75	1.407406	0.845502
-68.625	1.368084	0.993958
-68.5	1.329194	1.130335
-68.375	1.290762	1.25382
-68.25	1.252812	1.363735
-68.125	1.215369	1.459541
-68.0	1.178454	1.540842
-67.875	1.142087	1.607379
-67.75	1.106287	1.659034
-67.625	1.071072	1.695824
-67.5	1.036458	1.717897
-67.375	1.00246	1.725528
-67.25	0.969091	1.719114
-67.125	0.936362	1.699162
-67.0	0.904286	1.666286
-66.875	0.87287	1.621193
-66.75	0.842124	1.564678
-66.625	0.812053	1.497612
-66.5	0.782663	1.420928
-66.375	0.753959	1.335617
-66.25	0.725943	1.242712
-66.125	0.698618	1.143275
-66.0	0.671984	1.038393
-65.875	0.646041	0.92916
-65.75	0.620789	0.816671
-65.625	0.596224	0.702009
-65.5	0.572345	0.586237
-65.375	0.549146	0.470386
-65.25	0.526624	0.355451
-65.125	0.504772	0.242379
-65.0	0.483584	0.132063
-64.875	0.463053	0.025337
-64.75	0.443171	-0.077033
-64.625	0.423931	-0.174349
-64.5	0.405322	-0.265987
-64.375	0.387336	-0.351401
-64.25	0.369963	-0.430126
-64.125	0.353191	-0.501773
-64.0	0.337011	-0.566037
-63.875	0.321411	-0.622691
-63.75	0.306379	-0.671589
-63.625	0.291904	-0.71266
-63.5	0.277973	-0.745908
-63.375	0.264575	-0.771409
-63.25	0.251695	-0.789303
-63.125	0.239323	-0.799795
-63.0	0.227445	-0.803149
-62.875	0.216048	-0.799679
-62.75	0.205119	-0.789749
-62.625	0.194646	-0.773762
-62.5	0.184614	-0.75216
-62.375	0.175012	-0.725411
-62.25	0.165826	-0.694012
-62.125	0.157043	-0.658474
-62.0	0.148651	-0.619323
-61.875	0.140637	-0.577089
-61.75	0.132988	-0.532305
-61.625	0.125693	-0.485502
-61.5	0.118737	-0.437197
-61.375	0.112111	-0.3879
-61.25	0.105801	-0.338098
-61.125	0.099796	-0.288259
-61.0	0.094085	-0.238827
-60.875	0.088656	-0.190216
-60.75	0.083499	-0.142813
-60.625	0.078602	-0.096969
-60.5	0.073955	-0.053003
-60.375	0.069548	-0.011199
-60.25	0.065371	0.028196
-60.125	0.061414	0.064971
-60.0	0.057668	0.098952
-59.875	0.054123	0.130001
-59.75	0.05077	0.158016
-59.625	0.047601	0.182927
-59.5	0.044608	0.2047
-59.375	0.041782	0.223331
-59.25	0.039115	0.238846
-59.125	0.0366	0.251299
-59.0	0.03423	0.260769
-58.875	0.031997	0.267358
-58.75	0.029895	0.271191
-58.625	0.027917	0.272409
-58.5	0.026056	0.271169
-58.375	0.024308	0.267642
-58.25	0.022665	0.26201
-58.125	0.021123	0.254463
-58.0	0.019676	0.245197
-57.875	0.018319	0.234411
-57.75	0.017047	0.222307
-57.625	0.015855	0.209085
-57.5	0.014739	0.194942
-57.375	0.013695	0.180072
-57.25	0.012718	0.164662
-57.125	0.011806	0.148892
-57.0	0.010953	0.132933
-56.875	0.010157	0.116947
-56.75	0.009413	0.101082
-56.625	0.00872	0.085478
-56.5	0.008074	0.070262
-56.375	0.007472	0.055547
-56.25	0.006911	0.041434
-56.125	0.00639	0.02801
-56.0	0.005904	0.015352
-55.875	0.005453	0.00352
-55.75	0.005034	-0.007436
-55.625	0.004645	-0.017478
-55.5	0.004283	-0.026581
-55.375	0.003948	-0.03473
-55.25	0.003637	-0.041921
-55.125	0.003349	-0.048159
-55.0	0.003082	-0.05346
-54.875	0.002835	-0.057845
-54.75	0.002607	-0.061344
-54.625	0.002396	-0.063994
-54.5	0.0022	-0.065837
-54.375	0.00202	-0.066918
-54.25	0.001854	-0.06729
-54.125	0.0017	-0.067005
-54.0	0.001558	-0.066119
-53.875	0.001428	-0.06469
-53.75	0.001307	-0.062776
-53.625	0.001197	-0.060435
-53.5	0.001095	-0.057725
-53.375	0.001001	-0.054704
-53.25	0.000915	-0.051426
-53.125	0.000836	-0.047946
-53.0	0.000763	-0.044314
-52.875	0.000696	-0.040578
-52.75	0.000635	-0.036785
-52.625	0.000579	-0.032976
-52.5	0.000527	-0.02919
-52.375	0.00048	-0.025462
-52.25	0.000437	-0.021824
-52.125	0.000398	-0.018305
-52.0	0.000362	-0.014928
-51.875	0.000329	-0.011714
-51.75	0.000299	-0.00868
-51.625	0.000271	-0.005842
-51.5	0.000246	-0.003209
-51.375	0.000223	-0.000789
-51.25	0.000202	0.001413
-51.125	0.000183	0.003394
-51.0	0.000166	0.005156
-50.875	0.00015	0.0067
-50.75	0.000136	0.008031
-50.625	0.000123	0.009156
-50.5	0.000111	0.010082
-50.375	0.0001	0.01082
-50.25	9.1e-5	0.011378
-50.125	8.2e-5	0.011769
-50.0	7.4e-5	0.012004
-49.875	6.7e-5	0.012096
-49.75	6.0e-5	0.012058
-49.625	5.4e-5	0.011902
-49.5	4.9e-5	0.011643
-49.375	4.4e-5	0.011292
-49.25	3.9e-5	0.010862
-49.125	3.5e-5	0.010365
-49.0	3.2e-5	0.009814
-48.875	2.9e-5	0.009219
-48.75	2.6e-5	0.008591
-48.625	2.3e-5	0.00794
-48.5	2.1e-5	0.007275
-48.375	1.8e-5	0.006604
-48.25	1.7e-5	0.005935
-48.125	1.5e-5	0.005274
-48.0	1.3e-5	0.004629
-47.875	1.2e-5	0.004003
-47.75	1.1e-5	0.003403
-47.625	9.0e-6	0.002831
-47.5	8.0e-6	0.00229
-47.375	8.0e-6	0.001784
-47.25	7.0e-6	0.001313
-47.125	6.0e-6	0.00088
-47.0	5.0e-6	0.000484
-46.875	5.0e-6	0.000126
-46.75	4.0e-6	-0.000193
-46.625	4.0e-6	-0.000476
-46.5	3.0e-6	-0.000722
-46.375	3.0e-6	-0.000933
-46.25	3.0e-6	-0.001111
-46.125	2.0e-6	-0.001257
-46.0	2.0e-6	-0.001373
-45.875	2.0e-6	-0.001462
-45.75	2.0e-6	-0.001524
-45.625	1.0e-6	-0.001563
-45.5	1.0e-6	-0.001581
-45.375	1.0e-6	-0.001579
-45.25	1.0e-6	-0.00156
-45.125	1.0e-6	-0.001527
-45.0	1.0e-6	-0.001481
-44.875	1.0e-6	-0.001423
-44.75	1.0e-6	-0.001357
-44.625	1.0e-6	-0.001284
-44.5	0.0	-0.001205
-44.375	0.0	-0.001122
-44.25	0.0	-0.001037
-44.125	0.0	-0.00095
-44.0	0.0	-0.000862
-43.875	0.0	-0.000776
-43.75	0.0	-0.000691
-43.625	0.0	-0.000609
-43.5	0.0	-0.00053
-43.375	0.0	-0.000455
-43.25	0.0	-0.000383
-43.125	0.0	-0.000316
-43.0	0.0	-0.000254
-42.875	0.0	-0.000196
-42.75	0.0	-0.000144
-42.625	0.0	-9.6e-5
-42.5	0.0	-5.3e-5
-42.375	0.0	-1.5e-5
-42.25	0.0	1.9e-5
-42.125	0.0	4.8e-5
-42.0	0.0	7.3e-5
-41.875	0.0	9.4e-5
-41.75	0.0	0.000111
-41.625	0.0	0.000125
-41.5	0.0	0.000135
-41.375	0.0	0.000143
-41.25	0.0	0.000147
-41.125	0.0	0.00015
-41.0	0.0	0.00015
-40.875	0.0	0.000149
-40.75	0.0	0.000146
-40.625	0.0	0.000141
-40.5	0.0	0.000136
-40.375	0.0	0.00013
-40.25	0.0	0.000122
-40.125	0.0	0.000115
-40.0	0.0	0.000107
-39.875	0.0	9.9e-5
-39.75	0.0	9.0e-5
-39.625	0.0	8.2e-5
-39.5	0.0	7.4e-5
-39.375	0.0	6.6e-5
-39.25	0.0	5.8e-5
-39.125	0.0	5.1e-5
-39.0	0.0	4.4e-5
-38.875	0.0	3.7e-5
-38.75	0.0	3.1e-5
-38.625	0.0	2.5e-5
-38.5	0.0	2.0e-5
-38.375	0.0	1.6e-5
-38.25	0.0	1.1e-5
-38.125	0.0	7.0e-6
-38.0	0.0	4.0e-6
-37.875	0.0	1.0e-6
-37.75	0.0	-1.0e-6
-37.625	0.0	-4.0e-6
-37.5	0.0	-5.0e-6
-37.375	0.0	-7.0e-6
-37.25	0.0	-8.0e-6
-37.125	0.0	-9.0e-6
-37.0	0.0	-1.0e-5
-36.875	0.0	-1.0e-5
-36.75	0.0	-1.0e-5
-36.625	0.0	-1.0e-5
-36.5	0.0	-1.0e-5
-36.375	0.0	-1.0e-5
-36.25	0.0	-1.0e-5
-36.125	0.0	-1.0e-5
-36.0	0.0	-9.0e-6
-35.875	0.0	-9.0e-6
-35.75	0.0	-8.0e-6
-35.625	0.0	-7.0e-6
-35.5	0.0	-7.0e-6
-35.375	0.0	-6.0e-6
-35.25	0.0	-6.0e-6
-35.125	0.0	-5.0e-6
-35.0	0.0	-5.0e-6
-34.875	0.0	-4.0e-6
-34.75	0.0	-4.0e-6
-34.625	0.0	-3.0e-6
-34.5	0.0	-3.0e-6
-34.375	0.0	-2.0e-6
-34.25	0.0	-2.0e-6
-34.125	0.0	-2.0e-6
-34.0	0.0	-1.0e-6
-33.875	0.0	0.0
-33.75	0.0	0.0
-33.625	0.0	0.0
-33.5	0.0	0.0
-33.375	0.0	0.0
-33.25	0.0	0.0
-33.125	0.0	0.0
-33.0	0.0	0.0
-32.875	0.0	0.0
-32.75	0.0	0.0
-32.625	0.0	0.0
-32.5	0.0	0.0
-32.375	0.0	0.0
-32.25	0.0	0.0
-32.125	0.0	0.0
-32.0	0.0	0.0
-31.875	0.0	0.0
-31.75	0.0	0.0
-31.625	0.0	0.0
-31.5	0.0	0.0
-31.375	0.0	0.0
-31.25	0.0	0.0
-31.125	0.0	0.0
-31.0	0.0	0.0
-30.875	0.0	0.0
-30.75	0.0	0.0
-30.625	0.0	0.0
-30.5	0.0	0.0
-30.375	0.0	0.0
-30.25	0.0	0.0
-30.125	0.0	0.0
-30.0	0.0	0.0
-29.875	0.0	0.0
-29.75	0.0	0.0
-29.625	0.0	0.0
-29.5	0.0	0.0
-29.375	0.0	0.0
-29.25	0.0	0.0
-29.125	0.0	0.0
-29.0	0.0	0.0
-28.875	0.0	0.0
-28.75	0.0	0.0
-28.625	0.0	0.0
-28.5	0.0	0.0
-28.375	0.0	0.0
-28.25	0.0	0.0
-28.125	0.0	0.0
-28.0	0.0	0.0
-27.875	0.0	0.0
-27.75	0.0	0.0
-27.625	0.0	0.0
-27.5	0.0	0.0
-27.375	0.0	0.0
-27.25	0.0	0.0
-27.125	0.0	0.0
-27.0	0.0	0.0
-26.875	0.0	0.0
-26.75	0.0	0.0
-26.625	0.0	0.0
-26.5	0.0	0.0
-26.375	0.0	0.0
-26.25	0.0	0.0
-26.125	0.0	0.0
-26.0	0.0	0.0
-25.875	0.0	0.0
-25.75	0.0	0.0
-25.625	0.0	0.0
-25.5	0.0	0.0
-25.375	0.0	0.0
-25.25	0.0	0.0
-25.125	0.0	0.0
-25.0	0.0	0.0
-24.875	0.0	0.0
-24.75	0.0	0.0
-24.625	0.0	0.0
-24.5	0.0	0.0
-24.375	0.0	0.0
-24.25	0.0	0.0
-24.125	0.0	0.0
-24.0	0.0	0.0
-23.875	0.0	0.0
-23.75	0.0	0.0
-23.625	0.0	0.0
-23.5	0.0	0.0
-23.375	0.0	0.0
-23.25	0.0	0.0
-23.125	0.0	0.0
-23.0	0.0	0.0
-22.875	0.0	0.0
-22.75	0.0	0.0
-22.625	0.0	0.0
-22.5	0.0	0.0
-22.375	0.0	0.0
-22.25	0.0	0.0
-22.125	0.0	0.0
-22.0	0.0	0.0
-21.875	0.0	0.0
-21.75	0.0	0.0
-21.625	0.0	0.0
-21.5	0.0	0.0
-21.375	0.0	0.0
-21.25	0.0	0.0
-21.125	0.0	0.0
-21.0	0.0	0.0
-20.875	0.0	0.0
-20.75	0.0	0.0
-20.625	0.0	0.0
-20.5	0.0	0.0
-20.375	0.0	0.0
-20.25	0.0	0.0
-20.125	0.0	0.0
-20.0	0.0	0.0
-19.875	0.0	0.0
-19.75	0.0	0.0
-19.625	0.0	0.0
-19.5	0.0	0.0
-19.375	0.0	0.0
-19.25	0.0	0.0
-19.125	0.0	0.0
-19.0	0.0	0.0
-18.875	0.0	0.0
-18.75	0.0	0.0
-18.625	0.0	0.0
-18.5	0.0	0.0
-18.375	0.0	0.0
-18.25	0.0	0.0
-18.125	0.0	0.0
-18.0	0.0	0.0
-17.875	0.0	0.0
-17.75	0.0	0.0
-17.625	0.0	0.0
-17.5	0.0	0.0
-17.375	0.0	0.0
-17.25	0.0	0.0
-17.125	0.0	0.0
-17.0	0.0	0.0
-16.875	0.0	0.0
-16.75	0.0	0.0
-16.625	0.0	0.0
-16.5	0.0	0.0
-16.375	0.0	0.0
-16.25	0.0	0.0
-16.125	0.0	0.0
-16.0	0.0	0.0
-15.875	0.0	0.0
-15.75	0.0	0.0
-15.625	0.0	0.0
-15.5	0.0	0.0
-15.375	0.0	0.0
-15.25	0.0	0.0
-15.125	0.0	0.0
-15.0	0.0	0.0
-14.875	0.0	0.0
-14.75	0.0	0.0
-14.625	0.0	0.0
-14.5	0.0	0.0
-14.375	0.0	0.0
-14.25	0.0	0.0
-14.125	0.0	0.0
-14.0	0.0	0.0
-13.875	0.0	0.0
-13.75	0.0	0.0
-13.625	0.0	0.0
-13.5	0.0	0.0
-13.375	0.0	0.0
-13.25	0.0	0.0
-13.125	0.0	0.0
-13.0	0.0	0.0
-12.875	0.0	0.0
-12.75	0.0	0.0
-12.625	0.0	0.0
-12.5	0.0	0.0
-12.375	0.0	0.0
-12.25	0.0	0.0
-12.125	0.0	0.0
-12.0	0.0	0.0
-11.875	0.0	0.0
-11.75	0.0	0.0
-11.625	0.0	0.0
-11.5	0.0	0.0
-11.375	0.0	0.0
-11.25	0.0	0.0
-11.125	0.0	0.0
-11.0	0.0	0.0
-10.875	0.0	0.0
-10.75	0.0	0.0
-10.625	0.0	0.0
-10.5	0.0	0.0
-10.375	0.0	0.0
-10.25	0.0	0.0
-10.125	0.0	0.0
-10.0	0.0	0.0
-9.875	0.0	0.0
-9.75	0.0	0.0
-9.625	0.0	0.0
-9.5	0.0	0.0
-9.375	0.0	0.0
-9.25	0.0	0.0
-9.125	0.0	0.0
-9.0	0.0	0.0
-8.875	0.0	0.0
-8.75	0.0	0.0
-8.625	0.0	0.0
-8.5	0.0	0.0
-8.375	0.0	0.0
-8.25	0.0	0.0
-8.125	0.0	0.0
-8.0	0.0	0.0
-7.875	0.0	0.0
-7.75	0.0	0.0
-7.625	0.0	0.0
-7.5	0.0	0.0
-7.375	0.0	0.0
-7.25	0.0	0.0
-7.125	0.0	0.0
-7.0	0.0	0.0
-6.875	0.0	0.0
-6.75	0.0	0.0
-6.625	0.0	0.0
-6.5	0.0	0.0
-6.375	0.0	0.0
-6.25	0.0	0.0
-6.125	0.0	0.0
-6.0	0.0	0.0
-5.875	0.0	0.0
-5.75	0.0	0.0
-5.625	0.0	0.0
-5.5	0.0	0.0
-5.375	0.0	0.0
-5.25	0.0	0.0
-5.125	0.0	0.0
-5.0	0.0	0.0
-4.875	0.0	0.0
-4.75	0.0	0.0
-4.625	0.0	0.0
-4.5	0.0	0.0
-4.375	0.0	0.0
-4.25	0.0	0.0
-4.125	0.0	0.0
-4.0	0.0	0.0
-3.875	0.0	0.0
-3.75	0.0	0.0
-3.625	0.0	0.0
-3.5	0.0	0.0
-3.375	0.0	0.0
-3.25	0.0	0.0
-3.125	0.0	0.0
-3.0	0.0	0.0
-2.875	0.0	0.0
-2.75	0.0	0.0
-2.625	0.0	0.0
-2.5	0.0	0.0
-2.375	0.0	0.0
-2.25	0.0	0.0
-2.125	0.0	0.0
-2.0	0.0	0.0
-1.875	0.0	0.0
-1.75	0.0	0.0
-1.625	0.0	0.0
-1.5	0.0	0.0
-1.375	0.0	0.0
-1.25	0.0	0.0
-1.125	0.0	0.0
-1.0	0.0	0.0
-0.875	0.0	0.0
-0.75	0.0	0.0
-0.625	0.0	0.0
-0.5	0.0	0.0
-0.375	0.0	0.0
-0.25	0.0	0.0
-0.125	0.0	0.0
0.0	0.0	0.0
0.125	0.0	0.0
0.25	0.0	0.0
0.375	0.0	0.0
0.5	0.0	0.0
0.625	0.0	0.0
0.75	0.0	0.0
0.875	0.0	0.0
1.0	0.0	0.0
1.125	0.0	0.0
1.25	0.0	0.0
1.375	0.0	0.0
1.5	0.0	0.0
1.625	0.0	0.0
1.75	0.0	0.0
1.875	0.0	0.0
2.0	0.0	0.0
2.125	0.0	0.0
2.25	0.0	0.0
2.375	0.0	0.0
2.5	0.0	0.0
2.625	0.0	0.0
2.75	0.0	0.0
2.875	0.0	0.0
3.0	0.0	0.0
3.125	0.0	0.0
3.25	0.0	0.0
3.375	0.0	0.0
3.5	0.0	0.0
3.625	0.0	0.0
3.75	0.0	0.0
3.875	0.0	0.0
4.0	0.0	0.0
4.125	0.0	0.0
4.25	0.0	0.0
4.375	0.0	0.0
4.5	0.0	0.0
4.625	0.0	0.0
4.75	0.0	0.0
4.875	0.0	0.0
5.0	0.0	0.0
5.125	0.0	0.0
5.25	0.0	0.0
5.375	0.0	0.0
5.5	0.0	0.0
5.625	0.0	0.0
5.75	0.0	0.0
5.875	0.0	0.0
6.0	0.0	0.0
6.125	0.0	0.0
6.25	0.0	0.0
6.375	0.0	0.0
6.5	0.0	0.0
6.625	0.0	0.0
6.75	0.0	0.0
6.875	0.0	0.0
7.0	0.0	0.0
7.125	0.0	0.0
7.25	0.0	0.0
7.375	0.0	0.0
7.5	0.0	0.0
7.625	0.0	0.0
7.75	0.0	0.0
7.875	0.0	0.0
8.0	0.0	0.0
8.125	0.0	0.0
8.25	0.0	0.0
8.375	0.0	0.0
8.5	0.0	0.0
8.625	0.0	0.0
8.75	0.0	0.0
8.875	0.0	0.0
9.0	0.0	0.0
9.125	0.0	0.0
9.25	0.0	0.0
9.375	0.0	0.0
9.5	0.0	0.0
9.625	0.0	0.0
9.75	0.0	0.0
9.875	0.0	0.0
10.0	0.0	0.0
10.125	0.0	0.0
10.25	0.0	0.0
10.375	0.0	0.0
10.5	0.0	0.0
10.625	0.0	0.0
10.75	0.0	0.0
10.875	0.0	0.0
11.0	0.0	0.0
11.125	0.0	0.0
11.25	0.0	0.0
11.375	0.0	0.0
11.5	0.0	0.0
11.625	0.0	0.0
11.75	0.0	0.0
11.875	0.0	0.0
12.0	0.0	0.0
12.125	0.0	0.0
12.25	0.0	0.0
12.375	0.0	0.0
12.5	0.0	0.0
12.625	0.0	0.0
12.75	0.0	0.0
12.875	0.0	0.0
13.0	0.0	0.0
13.125	0.0	0.0
13.25	0.0	0.0
13.375	0.0	0.0
13.5	0.0	0.0
13.625	0.0	0.0
13.75	0.0	0.0
13.875	0.0	0.0
14.0	0.0	0.0
14.125	0.0	0.0
14.25	0.0	0.0
14.375	0.0	0.0
14.5	0.0	0.0
14.625	0.0	0.0
14.75	0.0	0.0
14.875	0.0	0.0
15.0	0.0	0.0
15.125	0.0	0.0
15.25	0.0	0.0
15.375	0.0	0.0
15.5	0.0	0.0
15.625	0.0	0.0
15.75	0.0	0.0
15.875	0.0	0.0
16.0	0.0	0.0
16.125	0.0	0.0
16.25	0.0	0.0
16.375	0.0	0.0
16.5	0.0	0.0
16.625	0.0	0.0
16.75	0.0	0.0
16.875	0.0	0.0
17.0	0.0	0.0
17.125	0.0	0.0
17.25	0.0	0.0
17.375	0.0	0.0
17.5	0.0	0.0
17.625	0.0	0.0
17.75	0.0	0.0
17.875	0.0	0.0
18.0	0.0	0.0
18.125	0.0	0.0
18.25	0.0	0.0
18.375	0.0	0.0
18.5	0.0	0.0
18.625	0.0	0.0
18.75	0.0	0.0
18.875	0.0	0.0
19.0	0.0	0.0
19.125	0.0	0.0
19.25	0.0	0.0
19.375	0.0	0.0
19.5	0.0	0.0
19.625	0.0	0.0
19.75	0.0	0.0
19.875	0.0	0.0
20.0	0.0	0.0
20.125	0.0	0.0
20.25	0.0	0.0
20.375	0.0	0.0
20.5	0.0	0.0
20.625	0.0	0.0
20.75	0.0	0.0
20.875	0.0	0.0
21.0	0.0	0.0
21.125	0.0	0.0
21.25	0.0	0.0
21.375	0.0	0.0
21.5	0.0	0.0
21.625	0.0	0.0
21.75	0.0	0.0
21.875	0.0	0.0
22.0	0.0	0.0
22.125	0.0	0.0
22.25	0.0	0.0
22.375	0.0	0.0
22.5	0.0	0.0
22.625	0.0	0.0
22.75	0.0	0.0
22.875	0.0	0.0
23.0	0.0	0.0
23.125	0.0	0.0
23.25	0.0	0.0
23.375	0.0	0.0
23.5	0.0	0.0
23.625	0.0	0.0
23.75	0.0	0.0
23.875	0.0	0.0
24.0	0.0	0.0
24.125	0.0	0.0
24.25	0.0	0.0
24.375	0.0	0.0
24.5	0.0	0.0
24.625	0.0	0.0
24.75	0.0	0.0
24.875	0.0	0.0
25.0	0.0	0.0
25.125	0.0	0.0
25.25	0.0	0.0
25.375	0.0	0.0
25.5	0.0	0.0
25.625	0.0	0.0
25.75	0.0	0.0
25.875	0.0	0.0
26.0	0.0	0.0
26.125	0.0	0.0
26.25	0.0	0.0
26.375	0.0	0.0
26.5	0.0	0.0
26.625	0.0	0.0
26.75	0.0	0.0
26.875	0.0	0.0
27.0	0.0	0.0
27.125	0.0	0.0
27.25	0.0	0.0
27.375	0.0	0.0
27.5	0.0	0.0
27.625	0.0	0.0
27.75	0.0	0.0
27.875	0.0	0.0
28.0	0.0	0.0
28.125	0.0	0.0
28.25	0.0	0.0
28.375	0.0	0.0
28.5	0.0	0.0
28.625	0.0	0.0
28.75	0.0	0.0
28.875	0.0	0.0
29.0	0.0	0.0
29.125	0.0	0.0
29.25	0.0	0.0
29.375	0.0	0.0
29.5	0.0	0.0
29.625	0.0	0.0
29.75	0.0	0.0
29.875	0.0	0.0
30.0	0.0	0.0
30.125	0.0	0.0
30.25	0.0	0.0
30.375	0.0	0.0
30.5	0.0	0.0
30.625	0.0	0.0
30.75	0.0	0.0
30.875	0.0	0.0
31.0	0.0	0.0
31.125	0.0	0.0
31.25	0.0	0.0
31.375	0.0	0.0
31.5	0.0	0.0
31.625	0.0	0.0
31.75	0.0	0.0
31.875	0.0	0.0
32.0	0.0	0.0
32.125	0.0	0.0
32.25	0.0	0.0
32.375	0.0	0.0
32.5	0.0	0.0
32.625	0.0	0.0
32.75	0.0	0.0
32.875	0.0	0.0
33.0	0.0	0.0
33.125	0.0	0.0
33.25	0.0	0.0
33.375	0.0	0.0
33.5	0.0	0.0
33.625	0.0	0.0
33.75	0.0	0.0
33.875	0.0	0.0
34.0	0.0	0.0
34.125	0.0	0.0
34.25	0.0	0.0
34.375	0.0	0.0
34.5	0.0	0.0
34.625	0.0	0.0
34.75	0.0	0.0
34.875	0.0	0.0
35.0	0.0	0.0
35.125	0.0	0.0
35.25	0.0	0.0
35.375	0.0	0.0
35.5	0.0	0.0
35.625	0.0	0.0
35.75	0.0	0.0
35.875	0.0	0.0
36.0	0.0	0.0
36.125	0.0	0.0
36.25	0.0	0.0
36.375	0.0	0.0
36.5	0.0	0.0
36.625	0.0	0.0
36.75	0.0	0.0
36.875	0.0	0.0
37.0	0.0	0.0
37.125	0.0	0.0
37.25	0.0	0.0
37.375	0.0	0.0
37.5	0.0	0.0
37.625	0.0	0.0
37.75	0.0	0.0
37.875	0.0	0.0
38.0	0.0	0.0
38.125	0.0	0.0
38.25	0.0	0.0
38.375	0.0	0.0
38.5	0.0	0.0
38.625	0.0	0.0
38.75	0.0	0.0
38.875	0.0	0.0
39.0	0.0	0.0
39.125	0.0	0.0
39.25	0.0	0.0
39.375	0.0	0.0
39.5	0.0	0.0
39.625	0.0	0.0
39.75	0.0	0.0
39.875	0.0	0.0
40.0	0.0	0.0
40.125	0.0	0.0
40.25	0.0	0.0
40.375	0.0	0.0
40.5	0.0	0.0
40.625	0.0	0.0
40.75	0.0	0.0
40.875	0.0	0.0
41.0	0.0	0.0
41.125	0.0	0.0
41.25	0.0	0.0
41.375	0.0	0.0
41.5	0.0	0.0
41.625	0.0	0.0
41.75	0.0	0.0
41.875	0.0	0.0
42.0	0.0	0.0
42.125	0.0	0.0
42.25	0.0	0.0
42.375	0.0	0.0
42.5	0.0	0.0
42.625	0.0	0.0
42.75	0.0	0.0
42.875	0.0	0.0
43.0	0.0	0.0
43.125	0.0	0.0
43.25	0.0	0.0
43.375	0.0	0.0
43.5	0.0	0.0
43.625	0.0	0.0
43.75	0.0	0.0
43.875	0.0	0.0
44.0	0.0	0.0
44.125	0.0	0.0
44.25	0.0	0.0
44.375	0.0	0.0
44.5	0.0	0.0
44.625	0.0	0.0
44.75	0.0	0.0
44.875	0.0	0.0
45.0	0.0	0.0
45.125	0.0	0.0
45.25	0.0	0.0
45.375	0.0	0.0
45.5	0.0	0.0
45.625	0.0	0.0
45.75	0.0	0.0
45.875	0.0	0.0
46.0	0.0	0.0
46.125	0.0	0.0
46.25	0.0	0.0
46.375	0.0	0.0
46.5	0.0	0.0
46.625	0.0	0.0
46.75	0.0	0.0
46.875	0.0	0.0
47.0	0.0	0.0
47.125	0.0	0.0
47.25	0.0	0.0
47.375	0.0	0.0
47.5	0.0	0.0
47.625	0.0	0.0
47.75	0.0	0.0
47.875	0.0	0.0
48.0	0.0	0.0
48.125	0.0	0.0
48.25	0.0	0.0
48.375	0.0	0.0
48.5	0.0	0.0
48.625	0.0	0.0
48.75	0.0	0.0
48.875	0.0	0.0
49.0	0.0	0.0
49.125	0.0	0.0
49.25	0.0	0.0
49.375	0.0	0.0
49.5	0.0	0.0
49.625	0.0	0.0
49.75	0.0	0.0
49.875	0.0	0.0
50.0	0.0	0.0
50.125	0.0	0.0
50.25	0.0	0.0
50.375	0.0	0.0
50.5	0.0	0.0
50.625	0.0	0.0
50.75	0.0	0.0
50.875	0.0	0.0
51.0	0.0	0.0
51.125	0.0	0.0
51.25	0.0	0.0
51.375	0.0	0.0
51.5	0.0	0.0
51.625	0.0	0.0
51.75	0.0	0.0
51.875	0.0	0.0
52.0	0.0	0.0
52.125	0.0	0.0
52.25	0.0	0.0
52.375	0.0	0.0
52.5	0.0	0.0
52.625	0.0	0.0
52.75	0.0	0.0
52.875	0.0	0.0
53.0	0.0	0.0
53.125	0.0	0.0
53.25	0.0	0.0
53.375	0.0	0.0
53.5	0.0	0.0
53.625	0.0	0.0
53.75	0.0	0.0
53.875	0.0	0.0
54.0	0.0	0.0
54.125	0.0	0.0
54.25	0.0	0.0
54.375	0.0	0.0
54.5	0.0	0.0
54.625	0.0	0.0
54.75	0.0	0.0
54.875	0.0	0.0
55.0	0.0	0.0
55.125	0.0	0.0
55.25	0.0	0.0
55.375	0.0	0.0
55.5	0.0	0.0
55.625	0.0	0.0
55.75	0.0	0.0
55.875	0.0	0.0
56.0	0.0	0.0
56.125	0.0	0.0
56.25	0.0	0.0
56.375	0.0	0.0
56.5	0.0	0.0
56.625	0.0	0.0
56.75	0.0	0.0
56.875	0.0	0.0
57.0	0.0	0.0
57.125	0.0	0.0
57.25	0.0	0.0
57.375	0.0	0.0
57.5	0.0	0.0
57.625	0.0	0.0
57.75	0.0	0.0
57.875	0.0	0.0
58.0	0.0	0.0
58.125	0.0	0.0
58.25	0.0	0.0
58.375	0.0	0.0
58.5	0.0	0.0
58.625	0.0	0.0
58.75	0.0	0.0
58.875	0.0	0.0
59.0	0.0	0.0
59.125	0.0	0.0
59.25	0.0	0.0
59.375	0.0	0.0
59.5	0.0	0.0
59.625	0.0	0.0
59.75	0.0	0.0
59.875	0.0	0.0
60.0	0.0	0.0
60.125	0.0	0.0
60.25	0.0	0.0
60.375	0.0	0.0
60.5	0.0	0.0
60.625	0.0	0.0
60.75	0.0	0.0
60.875	0.0	0.0
61.0	0.0	0.0
61.125	0.0	0.0
61.25	0.0	0.0
61.375	0.0	0.0
61.5	0.0	0.0
61.625	0.0	0.0
61.75	0.0	0.0
61.875	0.0	0.0
62.0	0.0	0.0
62.125	0.0	0.0
62.25	0.0	0.0
62.375	0.0	0.0
62.5	0.0	0.0
62.625	0.0	0.0
62.75	0.0	0.0
62.875	0.0	0.0
63.0	0.0	0.0
63.125	0.0	0.0
63.25	0.0	0.0
63.375	0.0	0.0
63.5	0.0	0.0
63.625	0.0	0.0
63.75	0.0	0.0
63.875	0.0	0.0
64.0	0.0	0.0
64.125	0.0	0.0
64.25	0.0	0.0
64.375	0.0	0.0
64.5	0.0	0.0
64.625	0.0	0.0
64.75	0.0	0.0
64.875	0.0	0.0
65.0	0.0	0.0
65.125	0.0	0.0
65.25	0.0	0.0
65.375	0.0	0.0
65.5	0.0	0.0
65.625	0.0	0.0
65.75	0.0	0.0
65.875	0.0	0.0
66.0	0.0	0.0
66.125	0.0	0.0
66.25	0.0	0.0
66.375	0.0	0.0
66.5	0.0	0.0
66.625	0.0	0.0
66.75	0.0	0.0
66.875	0.0	0.0
67.0	0.0	0.0
67.125	0.0	0.0
67.25	0.0	0.0
67.375	0.0	0.0
67.5	0.0	0.0
67.625	0.0	0.0
67.75	0.0	0.0
67.875	0.0	0.0
68.0	0.0	0.0
68.125	0.0	0.0
68.25	0.0	0.0
68.375	0.0	0.0
68.5	0.0	0.0
68.625	0.0	0.0
68.75	0.0	0.0
68.875	0.0	0.0
69.0	0.0	0.0
69.125	0.0	0.0
69.25	0.0	0.0
69.375	0.0	0.0
69.5	0.0	0.0
69.625	0.0	0.0
69.75	0.0	0.0
69.875	0.0	0.0
70.0	0.0	0.0
70.125	0.0	0.0
70.25	0.0	0.0
70.375	0.0	0.0
70.5	0.0	0.0
70.625	0.0	0.0
70.75	0.0	0.0
70.875	0.0	0.0
71.0	0.0	0.0
71.125	0.0	0.0
71.25	0.0	0.0
71.375	0.0	0.0
71.5	0.0	0.0
71.625	0.0	0.0
71.75	0.0	0.0
71.875	0.0	0.0
72.0	0.0	0.0
72.125	0.0	0.0
72.25	0.0	0.0
72.375	0.0	0.0
72.5	0.0	0.0
72.625	0.0	0.0
72.75	0.0	0.0
72.875	0.0	0.0
73.0	0.0	0.0
73.125	0.0	0.0
73.25	0.0	0.0
73.375	0.0	0.0
73.5	0.0	0.0
73.625	0.0	0.0
73.75	0.0	0.0
73.875	0.0	0.0
74.0	0.0	0.0
74.125	0.0	0.0
74.25	0.0	0.0
74.375	0.0	0.0
74.5	0.0	0.0
74.625	0.0	0.0
74.75	0.0	0.0
74.875	0.0	0.0
75.0	0.0	0.0
75.125	0.0	0.0
75.25	0.0	0.0
75.375	0.0	0.0
75.5	0.0	0.0
75.625	0.0	0.0
75.75	0.0	0.0
75.875	0.0	0.0
76.0	0.0	0.0
76.125	0.0	0.0
76.25	0.0	0.0
76.375	0.0	0.0
76.5	0.0	0.0
76.625	0.0	0.0
76.75	0.0	0.0
76.875	0.0	0.0
77.0	0.0	0.0
77.125	0.0	0.0
77.25	0.0	0.0
77.375	0.0	0.0
77.5	0.0	0.0
77.625	0.0	0.0
77.75	0.0	0.0
77.875	0.0	0.0
78.0	0.0	0.0
78.125	0.0	0.0
78.25	0.0	0.0
78.375	0.0	0.0
78.5	0.0	0.0
78.625	0.0	0.0
78.75	0.0	0.0
78.875	0.0	0.0
79.0	0.0	0.0
79.125	0.0	0.0
79.25	0.0	0.0
79.375	0.0	0.0
79.5	0.0	0.0
79.625	0.0	0.0
79.75	0.0	0.0
79.875	0.0	0.0
80.0	0.0	0.0
80.125	0.0	0.0
80.25	0.0	0.0
80.375	0.0	0.0
80.5	0.0	0.0
80.625	0.0	0.0
80.75	0.0	0.0
80.875	0.0	0.0
81.0	0.0	0.0
81.125	0.0	0.0
81.25	0.0	0.0
81.375	0.0	0.0
81.5	0.0	0.0
81.625	0.0	0.0
81.75	0.0	0.0
81.875	0.0	0.0
82.0	0.0	0.0
82.125	0.0	0.0
82.25	0.0	0.0
82.375	0.0	0.0
82.5	0.0	0.0
82.625	0.0	0.0
82.75	0.0	0.0
82.875	0.0	0.0
83.0	0.0	0.0
83.125	0.0	0.0
83.25	0.0	0.0
83.375	0.0	0.0
83.5	0.0	0.0
83.625	0.0	0.0
83.75	0.0	0.0
83.875	0.0	0.0
84.0	0.0	0.0
84.125	0.0	0.0
84.25	0.0	0.0
84.375	0.0	0.0
84.5	0.0	0.0
84.625	0.0	0.0
84.75	0.0	0.0
84.875	0.0	0.0
85.0	0.0	0.0
85.125	0.0	0.0
85.25	0.0	0.0
85.375	0.0	0.0
85.5	0.0	0.0
85.625	0.0	0.0
85.75	0.0	0.0
85.875	0.0	0.0
86.0	0.0	0.0
86.125	0.0	0.0
86.25	0.0	0.0
86.375	0.0	0.0
86.5	0.0	0.0
86.625	0.0	0.0
86.75	0.0	0.0
86.875	0.0	0.0
87.0	0.0	0.0
87.125	0.0	0.0
87.25	0.0	0.0
87.375	0.0	0.0
87.5	0.0	0.0
87.625	0.0	0.0
87.75	0.0	0.0
87.875	0.0	0.0
88.0	0.0	0.0
88.125	0.0	0.0
88.25	0.0	0.0
88.375	0.0	0.0
88.5	0.0	0.0
88.625	0.0	0.0
88.75	0.0	0.0
88.875	0.0	0.0
89.0	0.0	0.0
89.125	0.0	0.0
89.25	0.0	0.0
89.375	0.0	0.0
89.5	0.0	0.0
89.625	0.0	0.0
89.75	0.0	0.0
89.875	0.0	0.0
90.0	0.0	0.0
90.125	0.0	0.0
90.25	0.0	0.0
90.375	0.0	0.0
90.5	0.0	0.0
90.625	0.0	0.0
90.75	0.0	0.0
90.875	0.0	0.0
91.0	0.0	0.0
91.125	0.0	0.0
91.25	0.0	0.0
91.375	0.0	0.0
91.5	0.0	0.0
91.625	0.0	0.0
91.75	0.0	0.0
91.875	0.0	0.0
92.0	0.0	0.0
92.125	0.0	0.0
92.25	0.0	0.0
92.375	0.0	0.0
92.5	0.0	0.0
92.625	0.0	0.0
92.75	0.0	0.0
92.875	0.0	0.0
93.0	0.0	0.0
93.125	0.0	0.0
93.25	0.0	0.0
93.375	0.0	0.0
93.5	0.0	0.0
93.625	0.0	0.0
93.75	0.0	0.0
93.875	0.0	0.0
94.0	0.0	0.0
94.125	0.0	0.0
94.25	0.0	0.0
94.375	0.0	0.0
94.5	0.0	0.0
94.625	0.0	0.0
94.75	0.0	0.0
94.875	0.0	0.0
95.0	0.0	0.0
95.125	0.0	0.0
95.25	0.0	0.0
95.375	0.0	0.0
95.5	0.0	0.0
95.625	0.0	0.0
95.75	0.0	0.0
95.875	0.0	0.0
96.0	0.0	0.0
96.125	0.0	0.0
96.25	0.0	0.0
96.375	0.0	0.0
96.5	0.0	0.0
96.625	0.0	0.0
96.75	0.0	0.0
96.875	0.0	0.0
97.0	0.0	0.0
97.125	0.0	0.0
97.25	0.0	0.0
97.375	0.0	0.0
97.5	0.0	0.0
97.625	0.0	0.0
97.75	0.0	0.0
97.875	0.0	0.0
98.0	0.0	0.0
98.125	0.0	0.0
98.25	0.0	0.0
98.375	0.0	0.0
98.5	0.0	0.0
98.625	0.0	0.0
98.75	0.0	0.0
98.875	0.0	0.0
99.0	0.0	0.0
99.125	0.0	0.0
99.25	0.0	0.0
99.375	0.0	0.0
99.5	0.0	0.0
99.625	0.0	0.0
99.75	0.0	0.0
99.875	0.0	0.0
100.0	0.0	0.0
100.125	0.0	0.0
100.25	0.0	0.0
100.375	0.0	0.0
100.5	0.0	0.0
100.625	0.0	0.0
100.75	0.0	0.0
100.875	0.0	0.0
101.0	0.0	0.0
101.125	0.0	0.0
101.25	0.0	0.0
101.375	0.0	0.0
101.5	0.0	0.0
101.625	0.0	0.0
101.75	0.0	0.0
101.875	0.0	0.0
102.0	0.0	0.0
102.125	0.0	0.0
102.25	0.0	0.0
102.375	0.0	0.0
102.5	0.0	0.0
102.625	0.0	0.0
102.75	0.0	0.0
102.875	0.0	0.0
103.0	0.0	0.0
103.125	0.0	0.0
103.25	0.0	0.0
103.375	0.0	0.0
103.5	0.0	0.0
103.625	0.0	0.0
103.75	0.0	0.0
103.875	0.0	0.0
104.0	0.0	0.0
104.125	0.0	0.0
104.25	0.0	0.0
104.375	0.0	0.0
104.5	0.0	0.0
104.625	0.0	0.0
104.75	0.0	0.0
104.875	0.0	0.0
105.0	0.0	0.0
105.125	0.0	0.0
105.25	0.0	0.0
105.375	0.0	0.0
105.5	0.0	0.0
105.625	0.0	0.0
105.75	0.0	0.0
105.875	0.0	0.0
106.0	0.0	0.0
106.125	0.0	0.0
106.25	0.0	0.0
106.375	0.0	0.0
106.5	0.0	0.0
106.625	0.0	0.0
106.75	0.0	0.0
106.875	0.0	0.0
107.0	0.0	0.0
107.125	0.0	0.0
107.25	0.0	0.0
107.375	0.0	0.0
107.5	0.0	0.0
107.625	0.0	0.0
107.75	0.0	0.0
107.875	0.0	0.0
108.0	0.0	0.0
108.125	0.0	0.0
108.25	0.0	0.0
108.375	0.0	0.0
108.5	0.0	0.0
108.625	0.0	0.0
108.75	0.0	0.0
108.875	0.0	0.0
109.0	0.0	0.0
109.125	0.0	0.0
109.25	0.0	0.0
109.375	0.0	0.0
109.5	0.0	0.0
109.625	0.0	0.0
109.75	0.0	0.0
109.875	0.0	0.0
110.0	0.0	0.0
110.125	0.0	0.0
110.25	0.0	0.0
110.375	0.0	0.0
110.5	0.0	0.0
110.625	0.0	0.0
110.75	0.0	0.0
110.875	0.0	0.0
111.0	0.0	0.0
111.125	0.0	0.0
111.25	0.0	0.0
111.375	0.0	0.0
111.5	0.0	0.0
111.625	0.0	0.0
111.75	0.0	0.0
111.875	0.0	0.0
112.0	0.0	0.0
112.125	0.0	0.0
112.25	0.0	0.0
112.375	0.0	0.0
112.5	0.0	0.0
112.625	0.0	0.0
112.75	0.0	0.0
112.875	0.0	0.0
113.0	0.0	0.0
113.125	0.0	0.0
113.25	0.0	0.0
113.375	0.0	0.0
113.5	0.0	0.0
113.625	0.0	0.0
113.75	0.0	0.0
113.875	0.0	0.0
114.0	0.0	0.0
114.125	0.0	0.0
114.25	0.0	0.0
114.375	0.0	0.0
114.5	0.0	0.0
114.625	0.0	0.0
114.75	0.0	0.0
114.875	0.0	0.0
115.0	0.0	0.0
115.125	0.0	0.0
115.25	0.0	0.0
115.375	0.0	0.0
115.5	0.0	0.0
115.625	0.0	0.0
115.75	0.0	0.0
115.875	0.0	0.0
116.0	0.0	0.0
116.125	0.0	0.0
116.25	0.0	0.0
116.375	0.0	0.0
116.5	0.0	0.0
116.625	0.0	0.0
116.75	0.0	0.0
116.875	0.0	0.0
117.0	0.0	0.0
117.125	0.0	0.0
117.25	0.0	0.0
117.375	0.0	0.0
117.5	0.0	0.0
117.625	0.0	0.0
117.75	0.0	0.0
117.875	0.0	0.0
118.0	0.0	0.0
118.125	0.0	0.0
118.25	0.0	0.0
118.375	0.0	0.0
118.5	0.0	0.0
118.625	0.0	0.0
118.75	0.0	0.0
118.875	0.0	0.0
119.0	0.0	0.0
119.125	0.0	0.0
119.25	0.0	0.0
119.375	0.0	0.0
119.5	0.0	0.0
119.625	0.0	0.0
119.75	0.0	0.0
119.875	0.0	0.0
120.0	0.0	0.0
120.125	0.0	0.0
120.25	0.0	0.0
120.375	0.0	0.0
120.5	0.0	0.0
120.625	0.0	0.0
120.75	0.0	0.0
120.875	0.0	0.0
121.0	0.0	0.0
121.125	0.0	0.0
121.25	0.0	0.0
121.375	0.0	0.0
121.5	0.0	0.0
121.625	0.0	0.0
121.75	0.0	0.0
121.875	0.0	0.0
122.0	0.0	0.0
122.125	0.0	0.0
122.25	0.0	0.0
122.375	0.0	0.0
122.5	0.0	0.0
122.625	0.0	0.0
122.75	0.0	0.0
122.875	0.0	0.0
123.0	0.0	0.0
123.125	0.0	0.0
123.25	0.0	0.0
123.375	0.0	0.0
123.5	0.0	0.0
123.625	0.0	0.0
123.75	0.0	0.0
123.875	0.0	0.0
124.0	0.0	0.0
124.125	0.0	0.0
124.25	0.0	0.0
124.375	0.0	0.0
124.5	0.0	0.0
124.625	0.0	0.0
124.75	0.0	0.0
124.875	0.0	0.0
125.0	0.0	0.0
125.125	0.0	0.0
125.25	0.0	0.0
125.375	0.0	0.0
125.5	0.0	0.0
125.625	0.0	0.0
125.75	0.0	0.0
125.875	0.0	0.0
126.0	0.0	0.0
126.125	0.0	0.0
126.25	0.0	0.0
126.375	0.0	0.0
126.5	0.0	0.0
126.625	0.0	0.0
126.75	0.0	0.0
126.875	0.0	0.0
127.0	0.0	0.0
127.125	0.0	0.0
127.25	0.0	0.0
127.375	0.0	0.0
127.5	0.0	0.0
127.625	0.0	0.0
127.75	0.0	0.0
127.875	0.0	0.0
128.0	0.0	0.0
128.125	0.0	0.0
128.25	0.0	0.0
128.375	0.0	0.0
128.5	0.0	0.0
128.625	0.0	0.0
128.75	0.0	0.0
128.875	0.0	0.0
129.0	0.0	0.0
129.125	0.0	0.0
129.25	0.0	0.0
129.375	0.0	0.0
129.5	0.0	0.0
129.625	0.0	0.0
129.75	0.0	0.0
129.875	0.0	0.0
130.0	0.0	0.0
130.125	0.0	0.0
130.25	0.0	0.0
130.375	0.0	0.0
130.5	0.0	0.0
130.625	0.0	0.0
130.75	0.0	0.0
130.875	0.0	0.0
131.0	0.0	0.0
131.125	0.0	0.0
131.25	0.0	0.0
131.375	0.0	0.0
131.5	0.0	0.0
131.625	0.0	0.0
131.75	0.0	0.0
131.875	0.0	0.0
132.0	0.0	0.0
132.125	0.0	0.0
132.25	0.0	0.0
132.375	0.0	0.0
132.5	0.0	0.0
132.625	0.0	0.0
132.75	0.0	0.0
132.875	0.0	0.0
133.0	0.0	0.0
133.125	0.0	0.0
133.25	0.0	0.0
133.375	0.0	0.0
133.5	0.0	0.0
133.625	0.0	0.0
133.75	0.0	0.0
133.875	0.0	0.0
134.0	0.0	0.0
134.125	0.0	0.0
134.25	0.0	0.0
134.375	0.0	0.0
134.5	0.0	0.0
134.625	0.0	0.0
134.75	0.0	0.0
134.875	0.0	0.0
135.0	0.0	0.0
135.125	0.0	0.0
135.25	0.0	0.0
135.375	0.0	0.0
135.5	0.0	0.0
135.625	0.0	0.0
135.75	0.0	0.0
135.875	0.0	0.0
136.0	0.0	0.0
136.125	0.0	0.0
136.25	0.0	0.0
136.375	0.0	0.0
136.5	0.0	0.0
136.625	0.0	0.0
136.75	0.0	0.0
136.875	0.0	0.0
137.0	0.0	0.0
137.125	0.0	0.0
137.25	0.0	0.0
137.375	0.0	0.0
137.5	0.0	0.0
137.625	0.0	0.0
137.75	0.0	0.0
137.875	0.0	0.0
138.0	0.0	0.0
138.125	0.0	0.0
138.25	0.0	0.0
138.375	0.0	0.0
138.5	0.0	0.0
138.625	0.0	0.0
138.75	0.0	0.0
138.875	0.0	0.0
139.0	0.0	0.0
139.125	0.0	0.0
139.25	0.0	0.0
139.375	0.0	0.0
139.5	0.0	0.0
139.625	0.0	0.0
139.75	0.0	0.0
139.875	0.0	0.0
140.0	0.0	0.0
140.125	0.0	0.0
140.25	0.0	0.0
140.375	0.0	0.0
140.5	0.0	0.0
140.625	0.0	0.0
140.75	0.0	0.0
140.875	0.0	0.0
141.0	0.0	0.0
141.125	0.0	0.0
141.25	0.0	0.0
141.375	0.0	0.0
141.5	0.0	0.0
141.625	0.0	0.0
141.75	0.0	0.0
141.875	0.0	0.0
142.0	0.0	0.0
142.125	0.0	0.0
142.25	0.0	0.0
142.375	0.0	0.0
142.5	0.0	0.0
142.625	0.0	0.0
142.75	0.0	0.0
142.875	0.0	0.0
143.0	0.0	0.0
143.125	0.0	0.0
143.25	0.0	0.0
143.375	0.0	0.0
143.5	0.0	0.0
143.625	0.0	0.0
143.75	0.0	0.0
143.875	0.0	0.0
144.0	0.0	0.0
144.125	0.0	0.0
144.25	0.0	0.0
144.375	0.0	0.0
144.5	0.0	0.0
144.625	0.0	0.0
144.75	0.0	0.0
144.875	0.0	0.0
145.0	0.0	0.0
145.125	0.0	0.0
145.25	0.0	0.0
145.375	0.0	0.0
145.5	0.0	0.0
145.625	0.0	0.0
145.75	0.0	0.0
145.875	0.0	0.0
146.0	0.0	0.0
146.125	0.0	0.0
146.25	0.0	0.0
146.375	0.0	0.0
146.5	0.0	0.0
146.625	0.0	0.0
146.75	0.0	0.0
146.875	0.0	0.0
147.0	0.0	0.0
147.125	0.0	0.0
147.25	0.0	0.0
147.375	0.0	0.0
147.5	0.0	0.0
147.625	0.0	0.0
147.75	0.0	0.0
147.875	0.0	0.0
148.0	0.0	0.0
148.125	0.0	0.0
148.25	0.0	0.0
148.375	0.0	0.0
148.5	0.0	0.0
148.625	0.0	0.0
148.75	0.0	0.0
148.875	0.0	0.0
149.0	0.0	0.0
149.125	0.0	0.0
149.25	0.0	0.0
149.375	0.0	0.0
149.5	0.0	0.0
149.625	0.0	0.0
149.75	0.0	0.0
149.875	0.0	0.0
150.0	0.0	0.0
150.125	0.0	0.0
150.25	0.0	0.0
150.375	0.0	0.0
150.5	0.0	0.0
150.625	0.0	0.0
150.75	0.0	0.0
150.875	0.0	0.0
151.0	0.0	0.0
151.125	0.0	0.0
151.25	0.0	0.0
151.375	0.0	0.0
151.5	0.0	0.0
151.625	0.0	0.0
151.75	0.0	0.0
151.875	0.0	0.0
152.0	0.0	0.0
152.125	0.0	0.0
152.25	0.0	0.0
152.375	0.0	0.0
152.5	0.0	0.0
152.625	0.0	0.0
152.75	0.0	0.0
152.875	0.0	0.0
153.0	0.0	0.0
153.125	0.0	0.0
153.25	0.0	0.0
153.375	0.0	0.0
153.5	0.0	0.0
153.625	0.0	0.0
153.75	0.0	0.0
153.875	0.0	0.0
154.0	0.0	0.0
154.125	0.0	0.0
154.25	0.0	0.0
154.375	0.0	0.0
154.5	0.0	0.0
154.625	0.0	0.0
154.75	0.0	0.0
154.875	0.0	0.0
155.0	0.0	0.0
155.125	0.0	0.0
155.25	0.0	0.0
155.375	0.0	0.0
155.5	0.0	0.0
155.625	0.0	0.0
155.75	0.0	0.0
155.875	0.0	0.0
156.0	0.0	0.0
156.125	0.0	0.0
156.25	0.0	0.0
156.375	0.0	0.0
156.5	0.0	0.0
156.625	0.0	0.0
156.75	0.0	0.0
156.875	0.0	0.0
157.0	0.0	0.0
157.125	0.0	0.0
157.25	0.0	0.0
157.375	0.0	0.0
157.5	0.0	0.0
157.625	0.0	0.0
157.75	0.0	0.0
157.875	0.0	0.0
158.0	0.0	0.0
158.125	0.0	0.0
158.25	0.0	0.0
158.375	0.0	0.0
158.5	0.0	0.0
158.625	0.0	0.0
158.75	0.0	0.0
158.875	0.0	0.0
159.0	0.0	0.0
159.125	0.0	0.0
159.25	0.0	0.0
159.375	0.0	0.0
159.5	0.0	0.0
159.625	0.0	0.0
159.75	0.0	0.0
159.875	0.0	0.0
160.0	0.0	0.0
160.125	0.0	0.0
160.25	0.0	0.0
160.375	0.0	0.0
160.5	0.0	0.0
160.625	0.0	0.0
160.75	0.0	0.0
160.875	0.0	0.0
161.0	0.0	0.0
161.125	0.0	0.0
161.25	0.0	0.0
161.375	0.0	0.0
161.5	0.0	0.0
161.625	0.0	0.0
161.75	0.0	0.0
161.875	0.0	0.0
162.0	0.0	0.0
162.125	0.0	0.0
162.25	0.0	0.0
162.375	0.0	0.0
162.5	0.0	0.0
162.625	0.0	0.0
162.75	0.0	0.0
162.875	0.0	0.0
163.0	0.0	0.0
163.125	0.0	0.0
163.25	0.0	0.0
163.375	0.0	0.0
163.5	0.0	0.0
163.625	0.0	0.0
163.75	0.0	0.0
163.875	0.0	0.0
164.0	0.0	0.0
164.125	0.0	0.0
164.25	0.0	0.0
164.375	0.0	0.0
164.5	0.0	0.0
164.625	0.0	0.0
164.75	0.0	0.0
164.875	0.0	0.0
165.0	0.0	0.0
165.125	0.0	0.0
165.25	0.0	0.0
165.375	0.0	0.0
165.5	0.0	0.0
165.625	0.0	0.0
165.75	0.0	0.0
165.875	0.0	0.0
166.0	0.0	0.0
166.125	0.0	0.0
166.25	0.0	0.0
166.375	0.0	0.0
166.5	0.0	0.0
166.625	0.0	0.0
166.75	0.0	0.0
166.875	0.0	0.0
167.0	0.0	0.0
167.125	0.0	0.0
167.25	0.0	0.0
167.375	0.0	0.0
167.5	0.0	0.0
167.625	0.0	0.0
167.75	0.0	0.0
167.875	0.0	0.0
168.0	0.0	0.0
168.125	0.0	0.0
168.25	0.0	0.0
168.375	0.0	0.0
168.5	0.0	0.0
168.625	0.0	0.0
168.75	0.0	0.0
168.875	0.0	0.0
169.0	0.0	0.0
169.125	0.0	0.0
169.25	0.0	0.0
169.375	0.0	0.0
169.5	0.0	0.0
169.625	0.0	0.0
169.75	0.0	0.0
169.875	0.0	0.0
170.0	0.0	0.0
170.125	0.0	0.0
170.25	0.0	0.0
170.375	0.0	0.0
170.5	0.0	0.0
170.625	0.0	0.0
170.75	0.0	0.0
170.875	0.0	0.0
171.0	0.0	0.0
171.125	0.0	0.0
171.25	0.0	0.0
171.375	0.0	0.0
171.5	0.0	0.0
171.625	0.0	0.0
171.75	0.0	0.0
171.875	0.0	0.0
172.0	0.0	0.0
172.125	0.0	0.0
172.25	0.0	0.0
172.375	0.0	0.0
172.5	0.0	0.0
172.625	0.0	0.0
172.75	0.0	0.0
172.875	0.0	0.0
173.0	0.0	0.0
173.125	0.0	0.0
173.25	0.0	0.0
173.375	0.0	0.0
173.5	0.0	0.0
173.625	0.0	0.0
173.75	0.0	0.0
173.875	0.0	0.0
174.0	0.0	0.0
174.125	0.0	0.0
174.25	0.0	0.0
174.375	0.0	0.0
174.5	0.0	0.0
174.625	0.0	0.0
174.75	0.0	0.0
174.875	0.0	0.0
175.0	0.0	0.0
175.125	0.0	0.0
175.25	0.0	0.0
175.375	0.0	0.0
175.5	0.0	0.0
175.625	0.0	0.0
175.75	0.0	0.0
175.875	0.0	0.0
176.0	0.0	0.0
176.125	0.0	0.0
176.25	0.0	0.0
176.375	0.0	0.0
176.5	0.0	0.0
176.625	0.0	0.0
176.75	0.0	0.0
176.875	0.0	0.0
177.0	0.0	0.0
177.125	0.0	0.0
177.25	0.0	0.0
177.375	0.0	0.0
177.5	0.0	0.0
177.625	0.0	0.0
177.75	0.0	0.0
177.875	0.0	0.0
178.0	0.0	0.0
178.125	0.0	0.0
178.25	0.0	0.0
178.375	0.0	0.0
178.5	0.0	0.0
178.625	0.0	0.0
178.75	0.0	0.0
178.875	0.0	0.0
179.0	0.0	0.0
179.125	0.0	0.0
179.25	0.0	0.0
179.375	0.0	0.0
179.5	0.0	0.0
179.625	0.0	0.0
179.75	0.0	0.0
179.875	0.0	0.0
180.0	0.0	0.0
180.125	0.0	0.0
180.25	0.0	0.0
180.375	0.0	0.0
180.5	0.0	0.0
180.625	0.0	0.0
180.75	0.0	0.0
180.875	0.0	0.0
181.0	0.0	0.0
181.125	0.0	0.0
181.25	0.0	0.0
181.375	0.0	0.0
181.5	0.0	0.0
181.625	0.0	0.0
181.75	0.0	0.0
181.875	0.0	0.0
182.0	0.0	0.0
182.125	0.0	0.0
182.25	0.0	0.0
182.375	0.0	0.0
182.5	0.0	0.0
182.625	0.0	0.0
182.75	0.0	0.0
182.875	0.0	0.0
183.0	0.0	0.0
183.125	0.0	0.0
183.25	0.0	0.0
183.375	0.0	0.0
183.5	0.0	0.0
183.625	0.0	0.0
183.75	0.0	0.0
183.875	0.0	0.0
184.0	0.0	0.0
184.125	0.0	0.0
184.25	0.0	0.0
184.375	0.0	0.0
184.5	0.0	0.0
184.625	0.0	0.0
184.75	0.0	0.0
184.875	0.0	0.0
185.0	0.0	0.0
185.125	0.0	0.0
185.25	0.0	0.0
185.375	0.0	0.0
185.5	0.0	0.0
185.625	0.0	0.0
185.75	0.0	0.0
185.875	0.0	0.0
186.0	0.0	0.0
186.125	0.0	0.0
186.25	0.0	0.0
186.375	0.0	0.0
186.5	0.0	0.0
186.625	0.0	0.0
186.75	0.0	0.0
186.875	0.0	0.0
187.0	0.0	0.0
187.125	0.0	0.0
187.25	0.0	0.0
187.375	0.0	0.0
187.5	0.0	0.0
187.625	0.0	0.0
187.75	0.0	0.0
187.875	0.0	0.0
188.0	0.0	0.0
188.125	0.0	0.0
188.25	0.0	0.0
188.375	0.0	0.0
188.5	0.0	0.0
188.625	0.0	0.0
188.75	0.0	0.0
188.875	0.0	0.0
189.0	0.0	0.0
189.125	0.0	0.0
189.25	0.0	0.0
189.375	0.0	0.0
189.5	0.0	0.0
189.625	0.0	0.0
189.75	0.0	0.0
189.875	0.0	0.0
190.0	0.0	0.0
190.125	0.0	0.0
190.25	0.0	0.0
190.375	0.0	0.0
190.5	0.0	0.0
190.625	0.0	0.0
190.75	0.0	0.0
190.875	0.0	0.0
191.0	0.0	0.0
191.125	0.0	0.0
191.25	0.0	0.0
191.375	0.0	0.0
191.5	0.0	0.0
191.625	0.0	0.0
191.75	0.0	0.0
191.875	0.0	0.0
192.0	0.0	0.0
192.125	0.0	0.0
192.25	0.0	0.0
192.375	0.0	0.0
192.5	0.0	0.0
192.625	0.0	0.0
192.75	0.0	0.0
192.875	0.0	0.0
193.0	0.0	0.0
193.125	0.0	0.0
193.25	0.0	0.0
193.375	0.0	0.0
193.5	0.0	0.0
193.625	0.0	0.0
193.75	0.0	0.0
193.875	0.0	0.0
194.0	0.0	0.0
194.125	0.0	0.0
194.25	0.0	0.0
194.375	0.0	0.0
194.5	0.0	0.0
194.625	0.0	0.0
194.75	0.0	0.0
194.875	0.0	0.0
195.0	0.0	0.0
195.125	0.0	0.0
195.25	0.0	0.0
195.375	0.0	0.0
195.5	0.0	0.0
195.625	0.0	0.0
195.75	0.0	0.0
195.875	0.0	0.0
196.0	0.0	0.0
196.125	0.0	0.0
196.25	0.0	0.0
196.375	0.0	0.0
196.5	0.0	0.0
196.625	0.0	0.0
196.75	0.0	0.0
196.875	0.0	0.0
197.0	0.0	0.0
197.125	0.0	0.0
197.25	0.0	0.0
197.375	0.0	0.0
197.5	0.0	0.0
197.625	0.0	0.0
197.75	0.0	0.0
197.875	0.0	0.0
198.0	0.0	0.0
198.125	0.0	0.0
198.25	0.0	0.0
198.375	0.0	0.0
198.5	0.0	0.0
198.625	0.0	0.0
198.75	0.0	0.0
198.875	0.0	0.0
199.0	0.0	0.0
199.125	0.0	0.0
199.25	0.0	0.0
199.375	0.0	0.0
199.5	0.0	0.0
199.625	0.0	0.0
199.75	0.0	0.0
199.875	0.0	0.0
200.0	0.0	0.0
200.125	0.0	0.0
200.25	0.0	0.0
200.375	0.0	0.0
200.5	0.0	0.0
200.625	0.0	0.0
200.75	0.0	0.0
200.875	0.0	0.0
201.0	0.0	0.0
201.125	0.0	0.0
201.25	0.0	0.0
201.375	0.0	0.0
201.5	0.0	0.0
201.625	0.0	0.0
201.75	0.0	0.0
201.875	0.0	0.0
202.0	0.0	0.0
202.125	0.0	0.0
202.25	0.0	0.0
202.375	0.0	0.0
202.5	0.0	0.0
202.625	0.0	0.0
202.75	0.0	0.0
202.875	0.0	0.0
203.0	0.0	0.0
203.125	0.0	0.0
203.25	0.0	0.0
203.375	0.0	0.0
203.5	0.0	0.0
203.625	0.0	0.0
203.75	0.0	0.0
203.875	0.0	0.0
204.0	0.0	0.0
204.125	0.0	0.0
204.25	0.0	0.0
204.375	0.0	0.0
204.5	0.0	0.0
204.625	0.0	0.0
204.75	0.0	0.0
204.875	0.0	0.0
205.0	0.0	0.0
205.125	0.0	0.0
205.25	0.0	0.0
205.375	0.0	0.0
205.5	0.0	0.0
205.625	0.0	0.0
205.75	0.0	0.0
205.875	0.0	0.0
206.0	0.0	0.0
206.125	0.0	0.0
206.25	0.0	0.0
206.375	0.0	0.0
206.5	0.0	0.0
206.625	0.0	0.0
206.75	0.0	0.0
206.875	0.0	0.0
207.0	0.0	0.0
207.125	0.0	0.0
207.25	0.0	0.0
207.375	0.0	0.0
207.5	0.0	0.0
207.625	0.0	0.0
207.75	0.0	0.0
207.875	0.0	0.0
208.0	0.0	0.0
208.125	0.0	0.0
208.25	0.0	0.0
208.375	0.0	0.0
208.5	0.0	0.0
208.625	0.0	0.0
208.75	0.0	0.0
208.875	0.0	0.0
209.0	0.0	0.0
209.125	0.0	0.0
209.25	0.0	0.0
209.375	0.0	0.0
209.5	0.0	0.0
209.625	0.0	0.0
209.75	0.0	0.0
209.875	0.0	0.0
210.0	0.0	0.0
210.125	0.0	0.0
210.25	0.0	0.0
210.375	0.0	0.0
210.5	0.0	0.0
210.625	0.0	0.0
210.75	0.0	0.0
210.875	0.0	0.0
211.0	0.0	0.0
211.125	0.0	0.0
211.25	0.0	0.0
211.375	0.0	0.0
211.5	0.0	0.0
211.625	0.0	0.0
211.75	0.0	0.0
211.875	0.0	0.0
212.0	0.0	0.0
212.125	0.0	0.0
212.25	0.0	0.0
212.375	0.0	0.0
212.5	0.0	0.0
212.625	0.0	0.0
212.75	0.0	0.0
212.875	0.0	0.0
213.0	0.0	0.0
213.125	0.0	0.0
213.25	0.0	0.0
213.375	0.0	0.0
213.5	0.0	0.0
213.625	0.0	0.0
213.75	0.0	0.0
213.875	0.0	0.0
214.0	0.0	0.0
214.125	0.0	0.0
214.25	0.0	0.0
214.375	0.0	0.0
214.5	0.0	0.0
214.625	0.0	0.0
214.75	0.0	0.0
214.875	0.0	0.0
215.0	0.0	0.0
215.125	0.0	0.0
215.25	0.0	0.0
215.375	0.0	0.0
215.5	0.0	0.0
215.625	0.0	0.0
215.75	0.0	0.0
215.875	0.0	0.0
216.0	0.0	0.0
216.125	0.0	0.0
216.25	0.0	0.0
216.375	0.0	0.0
216.5	0.0	0.0
216.625	0.0	0.0
216.75	0.0	0.0
216.875	0.0	0.0
217.0	0.0	0.0
217.125	0.0	0.0
217.25	0.0	0.0
217.375	0.0	0.0
217.5	0.0	0.0
217.625	0.0	0.0
217.75	0.0	0.0
217.875	0.0	0.0
218.0	0.0	0.0
218.125	0.0	0.0
218.25	0.0	0.0
218.375	0.0	0.0
218.5	0.0	0.0
218.625	0.0	0.0
218.75	0.0	0.0
218.875	0.0	0.0
219.0	0.0	0.0
219.125	0.0	0.0
219.25	0.0	0.0
219.375	0.0	0.0
219.5	0.0	0.0
219.625	0.0	0.0
219.75	0.0	0.0
219.875	0.0	0.0
220.0	0.0	0.0
220.125	0.0	0.0
220.25	0.0	0.0
220.375	0.0	0.0
220.5	0.0	0.0
220.625	0.0	0.0
220.75	0.0	0.0
220.875	0.0	0.0
221.0	0.0	0.0
221.125	0.0	0.0
221.25	0.0	0.0
221.375	0.0	0.0
221.5	0.0	0.0
221.625	0.0	0.0
221.75	0.0	0.0
221.875	0.0	0.0
222.0	0.0	0.0
222.125	0.0	0.0
222.25	0.0	0.0
222.375	0.0	0.0
222.5	0.0	0.0
222.625	0.0	0.0
222.75	0.0	0.0
222.875	0.0	0.0
223.0	0.0	0.0
223.125	0.0	0.0
223.25	0.0	0.0
223.375	0.0	0.0
223.5	0.0	0.0
223.625	0.0	0.0
223.75	0.0	0.0
223.875	0.0	0.0
224.0	0.0	0.0
224.125	0.0	0.0
224.25	0.0	0.0
224.375	0.0	0.0
224.5	0.0	0.0
224.625	0.0	0.0
224.75	0.0	0.0
224.875	0.0	0.0
225.0	0.0	0.0
225.125	0.0	0.0
225.25	0.0	0.0
225.375	0.0	0.0
225.5	0.0	0.0
225.625	0.0	0.0
225.75	0.0	0.0
225.875	0.0	0.0
226.0	0.0	0.0
226.125	0.0	0.0
226.25	0.0	0.0
226.375	0.0	0.0
226.5	0.0	0.0
226.625	0.0	0.0
226.75	0.0	0.0
226.875	0.0	0.0
227.0	0.0	0.0
227.125	0.0	0.0
227.25	0.0	0.0
227.375	0.0	0.0
227.5	0.0	0.0
227.625	0.0	0.0
227.75	0.0	0.0
227.875	0.0	0.0
228.0	0.0	0.0
228.125	0.0	0.0
228.25	0.0	0.0
228.375	0.0	0.0
228.5	0.0	0.0
228.625	0.0	0.0
228.75	0.0	0.0
228.875	0.0	0.0
229.0	0.0	0.0
229.125	0.0	0.0
229.25	0.0	0.0
229.375	0.0	0.0
229.5	0.0	0.0
229.625	0.0	0.0
229.75	0.0	0.0
229.875	0.0	0.0
230.0	0.0	0.0
230.125	0.0	0.0
230.25	0.0	0.0
230.375	0.0	0.0
230.5	0.0	0.0
230.625	0.0	0.0
230.75	0.0	0.0
230.875	0.0	0.0
231.0	0.0	0.0
231.125	0.0	0.0
231.25	0.0	0.0
231.375	0.0	0.0
231.5	0.0	0.0
231.625	0.0	0.0
231.75	0.0	0.0
231.875	0.0	0.0
232.0	0.0	0.0
232.125	0.0	0.0
232.25	0.0	0.0
232.375	0.0	0.0
232.5	0.0	0.0
232.625	0.0	0.0
232.75	0.0	0.0
232.875	0.0	0.0
233.0	0.0	0.0
233.125	0.0	0.0
233.25	0.0	0.0
233.375	0.0	0.0
233.5	0.0	0.0
233.625	0.0	0.0
233.75	0.0	0.0
233.875	0.0	0.0
234.0	0.0	0.0
234.125	0.0	0.0
234.25	0.0	0.0
234.375	0.0	0.0
234.5	0.0	0.0
234.625	0.0	0.0
234.75	0.0	0.0
234.875	0.0	0.0
235.0	0.0	0.0
235.125	0.0	0.0
235.25	0.0	0.0
235.375	0.0	0.0
235.5	0.0	0.0
235.625	0.0	0.0
235.75	0.0	0.0
235.875	0.0	0.0
236.0	0.0	0.0
236.125	0.0	0.0
236.25	0.0	0.0
236.375	0.0	0.0
236.5	0.0	0.0
236.625	0.0	0.0
236.75	0.0	0.0
236.875	0.0	0.0
237.0	0.0	0.0
237.125	0.0	0.0
237.25	0.0	0.0
237.375	0.0	0.0
237.5	0.0	0.0
237.625	0.0	0.0
237.75	0.0	0.0
237.875	0.0	0.0
238.0	0.0	0.0
238.125	0.0	0.0
238.25	0.0	0.0
238.375	0.0	0.0
238.5	0.0	0.0
238.625	0.0	0.0
238.75	0.0	0.0
238.875	0.0	0.0
239.0	0.0	0.0
239.125	0.0	0.0
239.25	0.0	0.0
239.375	0.0	0.0
239.5	0.0	0.0
239.625	0.0	0.0
239.75	0.0	0.0
239.875	0.0	0.0
240.0	0.0	0.0
240.125	0.0	0.0
240.25	0.0	0.0
240.375	0.0	0.0
240.5	0.0	0.0
240.625	0.0	0.0
240.75	0.0	0.0
240.875	0.0	0.0
241.0	0.0	0.0
241.125	0.0	0.0
241.25	0.0	0.0
241.375	0.0	0.0
241.5	0.0	0.0
241.625	0.0	0.0
241.75	0.0	0.0
241.875	0.0	0.0
242.0	0.0	0.0
242.125	0.0	0.0
242.25	0.0	0.0
242.375	0.0	0.0
242.5	0.0	0.0
242.625	0.0	0.0
242.75	0.0	0.0
242.875	0.0	0.0
243.0	0.0	0.0
243.125	0.0	0.0
243.25	0.0	0.0
243.375	0.0	0.0
243.5	0.0	0.0
243.625	0.0	0.0
243.75	0.0	0.0
243.875	0.0	0.0
244.0	0.0	0.0
244.125	0.0	0.0
244.25	0.0	0.0
244.375	0.0	0.0
244.5	0.0	0.0
244.625	0.0	0.0
244.75	0.0	0.0
244.875	0.0	0.0
245.0	0.0	0.0
245.125	0.0	0.0
245.25	0.0	0.0
245.375	0.0	0.0
245.5	0.0	0.0
245.625	0.0	0.0
245.75	0.0	0.0
245.875	0.0	0.0
246.0	0.0	0.0
246.125	0.0	0.0
246.25	0.0	0.0
246.375	0.0	0.0
246.5	0.0	0.0
246.625	0.0	0.0
246.75	0.0	0.0
246.875	0.0	0.0
247.0	0.0	0.0
247.125	0.0	0.0
247.25	0.0	0.0
247.375	0.0	0.0
247.5	0.0	0.0
