-264.375	0.0	0.0
-264.25	0.0	0.0
-264.125	0.0	0.0
-264.0	0.0	0.0
-263.875	0.0	0.0
-263.75	0.0	0.0
-263.625	0.0	0.0
-263.5	0.0	0.0
-263.375	0.0	0.0
-263.25	0.0	0.0
-263.125	0.0	0.0
-263.0	0.0	0.0
-262.875	0.0	0.0
-262.75	0.0	0.0
-262.625	0.0	0.0
-262.5	0.0	0.0
-262.375	0.0	0.0
-262.25	0.0	0.0
-262.125	0.0	0.0
-262.0	0.0	0.0
-261.875	0.0	0.0
-261.75	0.0	0.0
-261.625	0.0	0.0
-261.5	0.0	0.0
-261.375	0.0	0.0
-261.25	0.0	0.0
-261.125	0.0	0.0
-261.0	0.0	0.0
-260.875	0.0	0.0
-260.75	0.0	0.0
-260.625	0.0	0.0
-260.5	0.0	0.0
-260.375	0.0	0.0
-260.25	0.0	0.0
-260.125	0.0	0.0
-260.0	0.0	0.0
-259.875	0.0	0.0
-259.75	0.0	0.0
-259.625	0.0	0.0
-259.5	0.0	0.0
-259.375	0.0	0.0
-259.25	0.0	0.0
-259.125	0.0	0.0
-259.0	0.0	0.0
-258.875	0.0	0.0
-258.75	0.0	0.0
-258.625	0.0	0.0
-258.5	0.0	0.0
-258.375	0.0	0.0
-258.25	0.0	0.0
-258.125	0.0	0.0
-258.0	0.0	0.0
-257.875	0.0	0.0
-257.75	0.0	0.0
-257.625	0.0	0.0
-257.5	0.0	0.0
-257.375	0.0	0.0
-257.25	0.0	0.0
-257.125	0.0	0.0
-257.0	0.0	0.0
-256.875	0.0	0.0
-256.75	0.0	0.0
-256.625	0.0	0.0
-256.5	0.0	0.0
-256.375	0.0	0.0
-256.25	0.0	0.0
-256.125	0.0	0.0
-256.0	0.0	0.0
-255.875	0.0	0.0
-255.75	0.0	0.0
-255.625	0.0	0.0
-255.5	0.0	0.0
-255.375	0.0	0.0
-255.25	0.0	0.0
-255.125	0.0	0.0
-255.0	0.0	0.0
-254.875	0.0	0.0
-254.75	0.0	0.0
-254.625	0.0	0.0
-254.5	0.0	0.0
-254.375	0.0	0.0
-254.25	0.0	0.0
-254.125	0.0	0.0
-254.0	0.0	0.0
-253.875	0.0	0.0
-253.75	0.0	0.0
-253.625	0.0	0.0
-253.5	0.0	0.0
-253.375	0.0	0.0
-253.25	0.0	0.0
-253.125	0.0	0.0
-253.0	0.0	0.0
-252.875	0.0	0.0
-252.75	0.0	0.0
-252.625	0.0	0.0
-252.5	0.0	0.0
-252.375	0.0	0.0
-252.25	0.0	0.0
-252.125	0.0	0.0
-252.0	0.0	0.0
-251.875	0.0	0.0
-251.75	0.0	0.0
-251.625	0.0	0.0
-251.5	0.0	0.0
-251.375	0.0	0.0
-251.25	0.0	0.0
-251.125	0.0	0.0
-251.0	0.0	0.0
-250.875	0.0	0.0
-250.75	0.0	0.0
-250.625	0.0	0.0
-250.5	0.0	0.0
-250.375	0.0	0.0
-250.25	0.0	0.0
-250.125	0.0	0.0
-250.0	0.0	0.0
-249.875	0.0	0.0
-249.75	0.0	0.0
-249.625	0.0	0.0
-249.5	0.0	0.0
-249.375	0.0	0.0
-249.25	0.0	0.0
-249.125	0.0	0.0
-249.0	0.0	0.0
-248.875	0.0	0.0
-248.75	0.0	0.0
-248.625	0.0	0.0
-248.5	0.0	0.0
-248.375	0.0	0.0
-248.25	0.0	0.0
-248.125	0.0	0.0
-248.0	0.0	0.0
-247.875	0.0	0.0
-247.75	0.0	0.0
-247.625	0.0	0.0
-247.5	0.0	0.0
-247.375	0.0	0.0
-247.25	0.0	0.0
-247.125	0.0	0.0
-247.0	0.0	0.0
-246.875	0.0	0.0
-246.75	0.0	0.0
-246.625	0.0	0.0
-246.5	0.0	0.0
-246.375	0.0	0.0
-246.25	0.0	0.0
-246.125	0.0	0.0
-246.0	0.0	0.0
-245.875	0.0	0.0
-245.75	0.0	0.0
-245.625	0.0	0.0
-245.5	0.0	0.0
-245.375	0.0	0.0
-245.25	0.0	0.0
-245.125	0.0	0.0
-245.0	0.0	0.0
-244.875	0.0	0.0
-244.75	0.0	0.0
-244.625	0.0	0.0
-244.5	0.0	0.0
-244.375	0.0	0.0
-244.25	0.0	0.0
-244.125	0.0	0.0
-244.0	0.0	0.0
-243.875	0.0	0.0
-243.75	0.0	0.0
-243.625	0.0	0.0
-243.5	0.0	0.0
-243.375	0.0	0.0
-243.25	0.0	0.0
-243.125	0.0	0.0
-243.0	0.0	0.0
-242.875	0.0	0.0
-242.75	0.0	0.0
-242.625	0.0	0.0
-242.5	0.0	0.0
-242.375	0.0	0.0
-242.25	0.0	0.0
-242.125	0.0	0.0
-242.0	0.0	0.0
-241.875	0.0	0.0
-241.75	0.0	0.0
-241.625	0.0	0.0
-241.5	0.0	0.0
-241.375	0.0	0.0
-241.25	0.0	0.0
-241.125	0.0	0.0
-241.0	0.0	0.0
-240.875	0.0	0.0
-240.75	0.0	0.0
-240.625	0.0	0.0
-240.5	0.0	0.0
-240.375	0.0	0.0
-240.25	0.0	0.0
-240.125	0.0	0.0
-240.0	0.0	0.0
-239.875	0.0	0.0
-239.75	0.0	0.0
-239.625	0.0	0.0
-239.5	0.0	0.0
-239.375	0.0	0.0
-239.25	0.0	0.0
-239.125	0.0	0.0
-239.0	0.0	0.0
-238.875	0.0	0.0
-238.75	0.0	0.0
-238.625	0.0	0.0
-238.5	0.0	0.0
-238.375	0.0	0.0
-238.25	0.0	0.0
-238.125	0.0	0.0
-238.0	0.0	0.0
-237.875	0.0	0.0
-237.75	0.0	0.0
-237.625	0.0	0.0
-237.5	0.0	0.0
-237.375	0.0	0.0
-237.25	0.0	0.0
-237.125	0.0	0.0
-237.0	0.0	0.0
-236.875	0.0	0.0
-236.75	0.0	0.0
-236.625	0.0	0.0
-236.5	0.0	0.0
-236.375	0.0	0.0
-236.25	0.0	0.0
-236.125	0.0	0.0
-236.0	0.0	0.0
-235.875	0.0	0.0
-235.75	0.0	0.0
-235.625	0.0	0.0
-235.5	0.0	0.0
-235.375	0.0	0.0
-235.25	0.0	0.0
-235.125	0.0	0.0
-235.0	0.0	0.0
-234.875	0.0	0.0
-234.75	0.0	0.0
-234.625	0.0	0.0
-234.5	0.0	0.0
-234.375	0.0	0.0
-234.25	0.0	0.0
-234.125	0.0	0.0
-234.0	0.0	0.0
-233.875	0.0	0.0
-233.75	0.0	0.0
-233.625	0.0	0.0
-233.5	0.0	0.0
-233.375	0.0	0.0
-233.25	0.0	0.0
-233.125	0.0	0.0
-233.0	0.0	0.0
-232.875	0.0	0.0
-232.75	0.0	0.0
-232.625	0.0	0.0
-232.5	0.0	0.0
-232.375	0.0	0.0
-232.25	0.0	0.0
-232.125	0.0	0.0
-232.0	0.0	0.0
-231.875	0.0	0.0
-231.75	0.0	0.0
-231.625	0.0	0.0
-231.5	0.0	0.0
-231.375	0.0	0.0
-231.25	0.0	0.0
-231.125	0.0	0.0
-231.0	0.0	0.0
-230.875	0.0	0.0
-230.75	0.0	0.0
-230.625	0.0	0.0
-230.5	0.0	0.0
-230.375	0.0	0.0
-230.25	0.0	0.0
-230.125	0.0	0.0
-230.0	0.0	0.0
-229.875	0.0	0.0
-229.75	0.0	0.0
-229.625	0.0	0.0
-229.5	0.0	0.0
-229.375	0.0	0.0
-229.25	0.0	0.0
-229.125	0.0	0.0
-229.0	0.0	0.0
-228.875	0.0	0.0
-228.75	0.0	0.0
-228.625	0.0	0.0
-228.5	0.0	0.0
-228.375	0.0	0.0
-228.25	0.0	0.0
-228.125	0.0	0.0
-228.0	0.0	0.0
-227.875	0.0	0.0
-227.75	0.0	0.0
-227.625	0.0	0.0
-227.5	0.0	0.0
-227.375	0.0	0.0
-227.25	0.0	0.0
-227.125	0.0	0.0
-227.0	0.0	0.0
-226.875	0.0	0.0
-226.75	0.0	0.0
-226.625	0.0	0.0
-226.5	0.0	0.0
-226.375	0.0	0.0
-226.25	0.0	0.0
-226.125	0.0	0.0
-226.0	0.0	0.0
-225.875	0.0	0.0
-225.75	0.0	0.0
-225.625	0.0	0.0
-225.5	0.0	0.0
-225.375	0.0	0.0
-225.25	0.0	0.0
-225.125	0.0	0.0
-225.0	0.0	0.0
-224.875	0.0	0.0
-224.75	0.0	0.0
-224.625	0.0	0.0
-224.5	0.0	0.0
-224.375	0.0	0.0
-224.25	0.0	0.0
-224.125	0.0	0.0
-224.0	0.0	0.0
-223.875	0.0	0.0
-223.75	0.0	0.0
-223.625	0.0	0.0
-223.5	0.0	0.0
-223.375	0.0	0.0
-223.25	0.0	0.0
-223.125	0.0	0.0
-223.0	0.0	0.0
-222.875	0.0	0.0
-222.75	0.0	0.0
-222.625	0.0	0.0
-222.5	0.0	0.0
-222.375	0.0	0.0
-222.25	0.0	0.0
-222.125	0.0	0.0
-222.0	0.0	0.0
-221.875	0.0	0.0
-221.75	0.0	0.0
-221.625	0.0	0.0
-221.5	0.0	0.0
-221.375	0.0	0.0
-221.25	0.0	0.0
-221.125	0.0	0.0
-221.0	0.0	0.0
-220.875	0.0	0.0
-220.75	0.0	0.0
-220.625	0.0	0.0
-220.5	0.0	0.0
-220.375	0.0	0.0
-220.25	0.0	0.0
-220.125	0.0	0.0
-220.0	0.0	0.0
-219.875	0.0	0.0
-219.75	0.0	0.0
-219.625	0.0	0.0
-219.5	0.0	0.0
-219.375	0.0	0.0
-219.25	0.0	0.0
-219.125	0.0	0.0
-219.0	0.0	0.0
-218.875	0.0	0.0
-218.75	0.0	0.0
-218.625	0.0	0.0
-218.5	0.0	0.0
-218.375	0.0	0.0
-218.25	0.0	0.0
-218.125	0.0	0.0
-218.0	0.0	0.0
-217.875	0.0	0.0
-217.75	0.0	0.0
-217.625	0.0	0.0
-217.5	0.0	0.0
-217.375	0.0	0.0
-217.25	0.0	0.0
-217.125	0.0	0.0
-217.0	0.0	0.0
-216.875	0.0	0.0
-216.75	0.0	0.0
-216.625	0.0	0.0
-216.5	0.0	0.0
-216.375	0.0	0.0
-216.25	0.0	0.0
-216.125	0.0	0.0
-216.0	0.0	0.0
-215.875	0.0	0.0
-215.75	0.0	0.0
-215.625	0.0	0.0
-215.5	0.0	0.0
-215.375	0.0	0.0
-215.25	0.0	0.0
-215.125	0.0	0.0
-215.0	0.0	0.0
-214.875	0.0	0.0
-214.75	0.0	0.0
-214.625	0.0	0.0
-214.5	0.0	0.0
-214.375	0.0	0.0
-214.25	0.0	0.0
-214.125	0.0	0.0
-214.0	0.0	0.0
-213.875	0.0	0.0
-213.75	0.0	0.0
-213.625	0.0	0.0
-213.5	0.0	0.0
-213.375	0.0	0.0
-213.25	0.0	0.0
-213.125	0.0	0.0
-213.0	0.0	0.0
-212.875	0.0	0.0
-212.75	0.0	0.0
-212.625	0.0	0.0
-212.5	0.0	0.0
-212.375	0.0	0.0
-212.25	0.0	0.0
-212.125	0.0	0.0
-212.0	0.0	0.0
-211.875	0.0	0.0
-211.75	0.0	0.0
-211.625	0.0	0.0
-211.5	0.0	0.0
-211.375	0.0	0.0
-211.25	0.0	0.0
-211.125	0.0	0.0
-211.0	0.0	0.0
-210.875	0.0	0.0
-210.75	0.0	0.0
-210.625	0.0	0.0
-210.5	0.0	0.0
-210.375	0.0	0.0
-210.25	0.0	0.0
-210.125	0.0	0.0
-210.0	0.0	0.0
-209.875	0.0	0.0
-209.75	0.0	0.0
-209.625	0.0	0.0
-209.5	0.0	0.0
-209.375	0.0	0.0
-209.25	0.0	0.0
-209.125	0.0	0.0
-209.0	0.0	0.0
-208.875	0.0	0.0
-208.75	0.0	0.0
-208.625	0.0	0.0
-208.5	0.0	0.0
-208.375	0.0	0.0
-208.25	0.0	0.0
-208.125	0.0	0.0
-208.0	0.0	0.0
-207.875	0.0	0.0
-207.75	0.0	0.0
-207.625	0.0	0.0
-207.5	0.0	0.0
-207.375	0.0	0.0
-207.25	0.0	0.0
-207.125	0.0	0.0
-207.0	0.0	0.0
-206.875	0.0	0.0
-206.75	0.0	0.0
-206.625	0.0	0.0
-206.5	0.0	0.0
-206.375	0.0	0.0
-206.25	0.0	0.0
-206.125	0.0	0.0
-206.0	0.0	0.0
-205.875	0.0	0.0
-205.75	0.0	0.0
-205.625	0.0	0.0
-205.5	0.0	0.0
-205.375	0.0	0.0
-205.25	0.0	0.0
-205.125	0.0	0.0
-205.0	0.0	0.0
-204.875	0.0	0.0
-204.75	0.0	0.0
-204.625	0.0	0.0
-204.5	0.0	0.0
-204.375	0.0	0.0
-204.25	0.0	0.0
-204.125	0.0	0.0
-204.0	0.0	0.0
-203.875	0.0	0.0
-203.75	0.0	0.0
-203.625	0.0	0.0
-203.5	0.0	0.0
-203.375	0.0	0.0
-203.25	0.0	0.0
-203.125	0.0	0.0
-203.0	0.0	0.0
-202.875	0.0	0.0
-202.75	0.0	0.0
-202.625	0.0	0.0
-202.5	0.0	0.0
-202.375	0.0	0.0
-202.25	0.0	0.0
-202.125	0.0	0.0
-202.0	0.0	0.0
-201.875	0.0	0.0
-201.75	0.0	0.0
-201.625	0.0	0.0
-201.5	0.0	0.0
-201.375	0.0	0.0
-201.25	0.0	0.0
-201.125	0.0	0.0
-201.0	0.0	0.0
-200.875	0.0	0.0
-200.75	0.0	0.0
-200.625	0.0	0.0
-200.5	0.0	0.0
-200.375	0.0	0.0
-200.25	0.0	0.0
-200.125	0.0	0.0
-200.0	0.0	0.0
-199.875	0.0	0.0
-199.75	0.0	0.0
-199.625	0.0	0.0
-199.5	0.0	0.0
-199.375	0.0	0.0
-199.25	0.0	0.0
-199.125	0.0	0.0
-199.0	0.0	0.0
-198.875	0.0	0.0
-198.75	0.0	0.0
-198.625	0.0	0.0
-198.5	0.0	0.0
-198.375	0.0	0.0
-198.25	0.0	0.0
-198.125	0.0	0.0
-198.0	0.0	0.0
-197.875	0.0	0.0
-197.75	0.0	0.0
-197.625	0.0	0.0
-197.5	0.0	0.0
-197.375	0.0	0.0
-197.25	0.0	0.0
-197.125	0.0	0.0
-197.0	0.0	0.0
-196.875	0.0	0.0
-196.75	0.0	0.0
-196.625	0.0	0.0
-196.5	0.0	0.0
-196.375	0.0	0.0
-196.25	0.0	0.0
-196.125	0.0	0.0
-196.0	0.0	0.0
-195.875	0.0	0.0
-195.75	0.0	0.0
-195.625	0.0	0.0
-195.5	0.0	0.0
-195.375	0.0	0.0
-195.25	0.0	0.0
-195.125	0.0	0.0
-195.0	0.0	0.0
-194.875	0.0	0.0
-194.75	0.0	0.0
-194.625	0.0	0.0
-194.5	0.0	0.0
-194.375	0.0	0.0
-194.25	0.0	0.0
-194.125	0.0	0.0
-194.0	0.0	0.0
-193.875	0.0	0.0
-193.75	0.0	0.0
-193.625	0.0	0.0
-193.5	0.0	0.0
-193.375	0.0	0.0
-193.25	0.0	0.0
-193.125	0.0	0.0
-193.0	0.0	0.0
-192.875	0.0	0.0
-192.75	0.0	0.0
-192.625	0.0	0.0
-192.5	0.0	0.0
-192.375	0.0	0.0
-192.25	0.0	0.0
-192.125	0.0	0.0
-192.0	0.0	0.0
-191.875	0.0	0.0
-191.75	0.0	0.0
-191.625	0.0	0.0
-191.5	0.0	0.0
-191.375	0.0	0.0
-191.25	0.0	0.0
-191.125	0.0	0.0
-191.0	0.0	0.0
-190.875	0.0	0.0
-190.75	0.0	0.0
-190.625	0.0	0.0
-190.5	0.0	0.0
-190.375	0.0	0.0
-190.25	0.0	0.0
-190.125	0.0	0.0
-190.0	0.0	0.0
-189.875	0.0	0.0
-189.75	0.0	0.0
-189.625	0.0	0.0
-189.5	0.0	0.0
-189.375	0.0	0.0
-189.25	0.0	0.0
-189.125	0.0	0.0
-189.0	0.0	0.0
-188.875	0.0	0.0
-188.75	0.0	0.0
-188.625	0.0	0.0
-188.5	0.0	0.0
-188.375	0.0	0.0
-188.25	0.0	0.0
-188.125	0.0	0.0
-188.0	0.0	0.0
-187.875	0.0	0.0
-187.75	0.0	0.0
-187.625	0.0	0.0
-187.5	0.0	0.0
-187.375	0.0	0.0
-187.25	0.0	0.0
-187.125	0.0	0.0
-187.0	0.0	0.0
-186.875	0.0	0.0
-186.75	0.0	0.0
-186.625	0.0	0.0
-186.5	0.0	0.0
-186.375	0.0	0.0
-186.25	0.0	0.0
-186.125	0.0	0.0
-186.0	0.0	0.0
-185.875	0.0	0.0
-185.75	0.0	0.0
-185.625	0.0	0.0
-185.5	0.0	0.0
-185.375	0.0	0.0
-185.25	0.0	0.0
-185.125	0.0	0.0
-185.0	0.0	0.0
-184.875	0.0	0.0
-184.75	0.0	0.0
-184.625	0.0	0.0
-184.5	0.0	0.0
-184.375	0.0	0.0
-184.25	0.0	0.0
-184.125	0.0	0.0
-184.0	0.0	0.0
-183.875	0.0	0.0
-183.75	0.0	0.0
-183.625	0.0	0.0
-183.5	0.0	0.0
-183.375	0.0	0.0
-183.25	0.0	0.0
-183.125	0.0	0.0
-183.0	0.0	0.0
-182.875	0.0	0.0
-182.75	0.0	0.0
-182.625	0.0	0.0
-182.5	0.0	0.0
-182.375	0.0	0.0
-182.25	0.0	0.0
-182.125	0.0	0.0
-182.0	0.0	0.0
-181.875	0.0	0.0
-181.75	0.0	0.0
-181.625	0.0	0.0
-181.5	0.0	0.0
-181.375	0.0	0.0
-181.25	0.0	0.0
-181.125	0.0	0.0
-181.0	0.0	0.0
-180.875	0.0	0.0
-180.75	0.0	0.0
-180.625	0.0	0.0
-180.5	0.0	0.0
-180.375	0.0	0.0
-180.25	0.0	0.0
-180.125	0.0	0.0
-180.0	0.0	0.0
-179.875	0.0	0.0
-179.75	0.0	0.0
-179.625	0.0	0.0
-179.5	0.0	0.0
-179.375	0.0	0.0
-179.25	0.0	0.0
-179.125	0.0	0.0
-179.0	0.0	0.0
-178.875	0.0	0.0
-178.75	0.0	0.0
-178.625	0.0	0.0
-178.5	0.0	0.0
-178.375	0.0	0.0
-178.25	0.0	0.0
-178.125	0.0	0.0
-178.0	0.0	0.0
-177.875	0.0	0.0
-177.75	0.0	0.0
-177.625	0.0	0.0
-177.5	0.0	0.0
-177.375	0.0	0.0
-177.25	0.0	0.0
-177.125	0.0	0.0
-177.0	0.0	0.0
-176.875	0.0	0.0
-176.75	0.0	0.0
-176.625	0.0	0.0
-176.5	0.0	0.0
-176.375	0.0	0.0
-176.25	0.0	0.0
-176.125	0.0	0.0
-176.0	0.0	0.0
-175.875	0.0	0.0
-175.75	0.0	0.0
-175.625	0.0	0.0
-175.5	0.0	0.0
-175.375	0.0	0.0
-175.25	0.0	0.0
-175.125	0.0	0.0
-175.0	0.0	0.0
-174.875	0.0	0.0
-174.75	0.0	0.0
-174.625	0.0	0.0
-174.5	0.0	0.0
-174.375	0.0	0.0
-174.25	0.0	0.0
-174.125	0.0	0.0
-174.0	0.0	0.0
-173.875	0.0	0.0
-173.75	0.0	0.0
-173.625	0.0	0.0
-173.5	0.0	0.0
-173.375	0.0	0.0
-173.25	0.0	0.0
-173.125	0.0	0.0
-173.0	0.0	0.0
-172.875	0.0	0.0
-172.75	0.0	0.0
-172.625	0.0	0.0
-172.5	0.0	0.0
-172.375	0.0	0.0
-172.25	0.0	0.0
-172.125	0.0	0.0
-172.0	0.0	0.0
-171.875	0.0	0.0
-171.75	0.0	0.0
-171.625	0.0	0.0
-171.5	0.0	0.0
-171.375	0.0	0.0
-171.25	0.0	0.0
-171.125	0.0	0.0
-171.0	0.0	0.0
-170.875	0.0	0.0
-170.75	0.0	0.0
-170.625	0.0	0.0
-170.5	0.0	0.0
-170.375	0.0	0.0
-170.25	0.0	0.0
-170.125	0.0	0.0
-170.0	0.0	0.0
-169.875	0.0	0.0
-169.75	0.0	0.0
-169.625	0.0	0.0
-169.5	0.0	0.0
-169.375	0.0	0.0
-169.25	0.0	0.0
-169.125	0.0	0.0
-169.0	0.0	0.0
-168.875	0.0	0.0
-168.75	0.0	0.0
-168.625	0.0	0.0
-168.5	0.0	0.0
-168.375	0.0	0.0
-168.25	0.0	0.0
-168.125	0.0	0.0
-168.0	0.0	0.0
-167.875	0.0	0.0
-167.75	0.0	0.0
-167.625	0.0	0.0
-167.5	0.0	0.0
-167.375	0.0	0.0
-167.25	0.0	0.0
-167.125	0.0	0.0
-167.0	0.0	0.0
-166.875	0.0	0.0
-166.75	0.0	0.0
-166.625	0.0	0.0
-166.5	0.0	0.0
-166.375	0.0	0.0
-166.25	0.0	0.0
-166.125	0.0	0.0
-166.0	0.0	0.0
-165.875	0.0	0.0
-165.75	0.0	0.0
-165.625	0.0	0.0
-165.5	0.0	0.0
-165.375	0.0	0.0
-165.25	0.0	0.0
-165.125	0.0	0.0
-165.0	0.0	0.0
-164.875	0.0	0.0
-164.75	0.0	0.0
-164.625	0.0	0.0
-164.5	0.0	0.0
-164.375	0.0	0.0
-164.25	0.0	0.0
-164.125	0.0	0.0
-164.0	0.0	0.0
-163.875	0.0	0.0
-163.75	0.0	0.0
-163.625	0.0	0.0
-163.5	0.0	0.0
-163.375	0.0	0.0
-163.25	0.0	0.0
-163.125	0.0	0.0
-163.0	0.0	0.0
-162.875	0.0	0.0
-162.75	0.0	0.0
-162.625	0.0	0.0
-162.5	0.0	0.0
-162.375	0.0	0.0
-162.25	0.0	0.0
-162.125	0.0	0.0
-162.0	0.0	0.0
-161.875	0.0	0.0
-161.75	0.0	0.0
-161.625	0.0	0.0
-161.5	0.0	0.0
-161.375	0.0	0.0
-161.25	0.0	0.0
-161.125	0.0	0.0
-161.0	0.0	0.0
-160.875	0.0	0.0
-160.75	0.0	0.0
-160.625	0.0	0.0
-160.5	0.0	0.0
-160.375	0.0	0.0
-160.25	0.0	0.0
-160.125	0.0	0.0
-160.0	0.0	0.0
-159.875	0.0	0.0
-159.75	0.0	0.0
-159.625	0.0	0.0
-159.5	0.0	0.0
-159.375	0.0	0.0
-159.25	0.0	0.0
-159.125	0.0	0.0
-159.0	0.0	0.0
-158.875	0.0	0.0
-158.75	0.0	0.0
-158.625	0.0	0.0
-158.5	0.0	0.0
-158.375	0.0	0.0
-158.25	0.0	0.0
-158.125	0.0	0.0
-158.0	0.0	0.0
-157.875	0.0	0.0
-157.75	0.0	0.0
-157.625	0.0	0.0
-157.5	0.0	0.0
-157.375	0.0	0.0
-157.25	0.0	0.0
-157.125	0.0	0.0
-157.0	0.0	0.0
-156.875	0.0	0.0
-156.75	0.0	0.0
-156.625	0.0	0.0
-156.5	0.0	0.0
-156.375	0.0	0.0
-156.25	0.0	0.0
-156.125	0.0	0.0
-156.0	0.0	0.0
-155.875	0.0	0.0
-155.75	0.0	0.0
-155.625	0.0	0.0
-155.5	0.0	0.0
-155.375	0.0	0.0
-155.25	0.0	0.0
-155.125	0.0	0.0
-155.0	0.0	0.0
-154.875	0.0	0.0
-154.75	0.0	0.0
-154.625	0.0	0.0
-154.5	0.0	0.0
-154.375	0.0	0.0
-154.25	0.0	0.0
-154.125	0.0	0.0
-154.0	0.0	0.0
-153.875	0.0	0.0
-153.75	0.0	0.0
-153.625	0.0	0.0
-153.5	0.0	0.0
-153.375	0.0	0.0
-153.25	0.0	0.0
-153.125	0.0	0.0
-153.0	0.0	0.0
-152.875	0.0	0.0
-152.75	0.0	0.0
-152.625	0.0	0.0
-152.5	0.0	0.0
-152.375	0.0	0.0
-152.25	0.0	0.0
-152.125	0.0	0.0
-152.0	0.0	0.0
-151.875	0.0	0.0
-151.75	0.0	0.0
-151.625	0.0	0.0
-151.5	0.0	0.0
-151.375	0.0	0.0
-151.25	0.0	0.0
-151.125	0.0	0.0
-151.0	0.0	0.0
-150.875	0.0	0.0
-150.75	0.0	0.0
-150.625	0.0	0.0
-150.5	0.0	0.0
-150.375	0.0	0.0
-150.25	0.0	0.0
-150.125	0.0	0.0
-150.0	0.0	0.0
-149.875	0.0	0.0
-149.75	0.0	0.0
-149.625	0.0	0.0
-149.5	0.0	0.0
-149.375	0.0	0.0
-149.25	0.0	0.0
-149.125	0.0	0.0
-149.0	0.0	0.0
-148.875	0.0	0.0
-148.75	0.0	0.0
-148.625	0.0	0.0
-148.5	0.0	0.0
-148.375	0.0	0.0
-148.25	0.0	0.0
-148.125	0.0	0.0
-148.0	0.0	0.0
-147.875	0.0	0.0
-147.75	0.0	0.0
-147.625	0.0	0.0
-147.5	0.0	0.0
-147.375	0.0	0.0
-147.25	0.0	0.0
-147.125	0.0	0.0
-147.0	0.0	0.0
-146.875	0.0	0.0
-146.75	0.0	0.0
-146.625	0.0	0.0
-146.5	0.0	0.0
-146.375	0.0	0.0
-146.25	0.0	0.0
-146.125	0.0	0.0
-146.0	0.0	0.0
-145.875	0.0	0.0
-145.75	0.0	0.0
-145.625	0.0	0.0
-145.5	0.0	0.0
-145.375	0.0	0.0
-145.25	0.0	0.0
-145.125	0.0	0.0
-145.0	0.0	0.0
-144.875	0.0	0.0
-144.75	0.0	0.0
-144.625	0.0	0.0
-144.5	0.0	0.0
-144.375	0.0	0.0
-144.25	0.0	0.0
-144.125	0.0	0.0
-144.0	0.0	0.0
-143.875	0.0	0.0
-143.75	0.0	0.0
-143.625	0.0	0.0
-143.5	0.0	0.0
-143.375	0.0	0.0
-143.25	0.0	0.0
-143.125	0.0	0.0
-143.0	0.0	0.0
-142.875	0.0	0.0
-142.75	0.0	0.0
-142.625	0.0	0.0
-142.5	0.0	0.0
-142.375	0.0	0.0
-142.25	0.0	0.0
-142.125	0.0	0.0
-142.0	0.0	0.0
-141.875	0.0	0.0
-141.75	0.0	0.0
-141.625	0.0	0.0
-141.5	0.0	0.0
-141.375	0.0	0.0
-141.25	0.0	0.0
-141.125	0.0	0.0
-141.0	0.0	0.0
-140.875	0.0	0.0
-140.75	0.0	0.0
-140.625	0.0	0.0
-140.5	0.0	0.0
-140.375	0.0	0.0
-140.25	0.0	0.0
-140.125	0.0	0.0
-140.0	0.0	0.0
-139.875	0.0	0.0
-139.75	0.0	0.0
-139.625	0.0	0.0
-139.5	0.0	0.0
-139.375	0.0	0.0
-139.25	0.0	0.0
-139.125	0.0	0.0
-139.0	0.0	0.0
-138.875	0.0	0.0
-138.75	0.0	0.0
-138.625	0.0	0.0
-138.5	0.0	0.0
-138.375	0.0	0.0
-138.25	0.0	0.0
-138.125	0.0	0.0
-138.0	0.0	0.0
-137.875	0.0	0.0
-137.75	0.0	0.0
-137.625	0.0	0.0
-137.5	0.0	0.0
-137.375	0.0	0.0
-137.25	0.0	0.0
-137.125	0.0	0.0
-137.0	0.0	0.0
-136.875	0.0	0.0
-136.75	0.0	0.0
-136.625	0.0	0.0
-136.5	0.0	0.0
-136.375	0.0	0.0
-136.25	0.0	0.0
-136.125	0.0	0.0
-136.0	0.0	0.0
-135.875	0.0	0.0
-135.75	0.0	0.0
-135.625	0.0	0.0
-135.5	0.0	0.0
-135.375	0.0	0.0
-135.25	0.0	0.0
-135.125	0.0	0.0
-135.0	0.0	0.0
-134.875	0.0	0.0
-134.75	0.0	0.0
-134.625	0.0	0.0
-134.5	0.0	0.0
-134.375	0.0	0.0
-134.25	0.0	0.0
-134.125	0.0	0.0
-134.0	0.0	0.0
-133.875	0.0	0.0
-133.75	0.0	0.0
-133.625	0.0	0.0
-133.5	0.0	0.0
-133.375	0.0	1.0e-6
-133.25	0.0	1.0e-6
-133.125	0.0	2.0e-6
-133.0	0.0	2.0e-6
-132.875	0.0	2.0e-6
-132.75	0.0	2.0e-6
-132.625	0.0	2.0e-6
-132.5	0.0	3.0e-6
-132.375	0.0	3.0e-6
-132.25	0.0	3.0e-6
-132.125	0.0	3.0e-6
-132.0	0.0	4.0e-6
-131.875	0.0	4.0e-6
-131.75	0.0	4.0e-6
-131.625	0.0	4.0e-6
-131.5	0.0	4.0e-6
-131.375	0.0	4.0e-6
-131.25	0.0	4.0e-6
-131.125	0.0	4.0e-6
-131.0	0.0	4.0e-6
-130.875	0.0	4.0e-6
-130.75	0.0	4.0e-6
-130.625	0.0	4.0e-6
-130.5	0.0	4.0e-6
-130.375	0.0	3.0e-6
-130.25	0.0	3.0e-6
-130.125	0.0	3.0e-6
-130.0	0.0	2.0e-6
-129.875	0.0	2.0e-6
-129.75	0.0	0.0
-129.625	0.0	0.0
-129.5	0.0	0.0
-129.375	0.0	-1.0e-6
-129.25	0.0	-2.0e-6
-129.125	0.0	-3.0e-6
-129.0	0.0	-4.0e-6
-128.875	0.0	-5.0e-6
-128.75	0.0	-6.0e-6
-128.625	0.0	-7.0e-6
-128.5	0.0	-8.0e-6
-128.375	0.0	-9.0e-6
-128.25	0.0	-1.0e-5
-128.125	0.0	-1.1e-5
-128.0	0.0	-1.2e-5
-127.875	0.0	-1.3e-5
-127.75	0.0	-1.4e-5
-127.625	0.0	-1.5e-5
-127.5	0.0	-1.5e-5
-127.375	0.0	-1.6e-5
-127.25	0.0	-1.7e-5
-127.125	0.0	-1.7e-5
-127.0	0.0	-1.8e-5
-126.875	0.0	-1.8e-5
-126.75	0.0	-1.8e-5
-126.625	0.0	-1.8e-5
-126.5	0.0	-1.8e-5
-126.375	0.0	-1.7e-5
-126.25	0.0	-1.7e-5
-126.125	0.0	-1.6e-5
-126.0	0.0	-1.5e-5
-125.875	0.0	-1.4e-5
-125.75	0.0	-1.2e-5
-125.625	0.0	-1.1e-5
-125.5	0.0	-9.0e-6
-125.375	0.0	-7.0e-6
-125.25	0.0	-4.0e-6
-125.125	0.0	-1.0e-6
-125.0	0.0	1.0e-6
-124.875	0.0	4.0e-6
-124.75	0.0	8.0e-6
-124.625	0.0	1.1e-5
-124.5	0.0	1.5e-5
-124.375	0.0	1.9e-5
-124.25	0.0	2.3e-5
-124.125	0.0	2.6e-5
-124.0	0.0	3.1e-5
-123.875	0.0	3.5e-5
-123.75	0.0	3.9e-5
-123.625	0.0	4.3e-5
-123.5	0.0	4.7e-5
-123.375	0.0	5.0e-5
-123.25	0.0	5.4e-5
-123.125	0.0	5.7e-5
-123.0	0.0	6.1e-5
-122.875	0.0	6.3e-5
-122.75	0.0	6.6e-5
-122.625	0.0	6.8e-5
-122.5	0.0	6.9e-5
-122.375	0.0	7.0e-5
-122.25	0.0	7.1e-5
-122.125	0.0	7.0e-5
-122.0	0.0	6.9e-5
-121.875	0.0	6.8e-5
-121.75	0.0	6.5e-5
-121.625	0.0	6.2e-5
-121.5	0.0	5.8e-5
-121.375	0.0	5.3e-5
-121.25	0.0	4.8e-5
-121.125	0.0	4.1e-5
-121.0	0.0	3.4e-5
-120.875	0.0	2.5e-5
-120.75	0.0	1.6e-5
-120.625	0.0	6.0e-6
-120.5	0.0	-5.0e-6
-120.375	0.0	-1.6e-5
-120.25	0.0	-2.9e-5
-120.125	0.0	-4.2e-5
-120.0	0.0	-5.5e-5
-119.875	0.0	-6.9e-5
-119.75	0.0	-8.4e-5
-119.625	0.0	-9.8e-5
-119.5	0.0	-0.000113
-119.375	0.0	-0.000128
-119.25	0.0	-0.000143
-119.125	0.0	-0.000157
-119.0	0.0	-0.000172
-118.875	0.0	-0.000185
-118.75	0.0	-0.000198
-118.625	0.0	-0.00021
-118.5	0.0	-0.000221
-118.375	0.0	-0.000231
-118.25	0.0	-0.000239
-118.125	0.0	-0.000246
-118.0	0.0	-0.000251
-117.875	0.0	-0.000254
-117.75	0.0	-0.000255
-117.625	0.0	-0.000253
-117.5	0.0	-0.00025
-117.375	0.0	-0.000243
-117.25	0.0	-0.000234
-117.125	0.0	-0.000222
-117.0	0.0	-0.000208
-116.875	0.0	-0.00019
-116.75	0.0	-0.00017
-116.625	0.0	-0.000146
-116.5	0.0	-0.000119
-116.375	0.0	-9.0e-5
-116.25	0.0	-5.7e-5
-116.125	0.0	-2.2e-5
-116.0	0.0	1.6e-5
-115.875	0.0	5.6e-5
-115.75	0.0	9.9e-5
-115.625	0.0	0.000144
-115.5	0.0	0.00019
-115.375	0.0	0.000238
-115.25	0.0	0.000288
-115.125	0.0	0.000338
-115.0	0.0	0.000388
-114.875	0.0	0.000438
-114.75	0.0	0.000488
-114.625	0.0	0.000537
-114.5	0.0	0.000584
-114.375	0.0	0.00063
-114.25	0.0	0.000672
-114.125	0.0	0.000712
-114.0	0.0	0.000748
-113.875	0.0	0.000779
-113.75	0.0	0.000805
-113.625	0.0	0.000827
-113.5	0.0	0.000842
-113.375	0.0	0.00085
-113.25	0.0	0.000851
-113.125	0.0	0.000845
-113.0	0.0	0.000831
-112.875	0.0	0.000809
-112.75	0.0	0.000777
-112.625	0.0	0.000737
-112.5	0.0	0.000687
-112.375	0.0	0.000628
-112.25	0.0	0.000559
-112.125	0.0	0.000481
-112.0	0.0	0.000393
-111.875	0.0	0.000297
-111.75	0.0	0.000191
-111.625	0.0	7.6e-5
-111.5	0.0	-4.7e-5
-111.375	0.0	-0.000177
-111.25	0.0	-0.000314
-111.125	0.0	-0.000457
-111.0	0.0	-0.000606
-110.875	1.0e-6	-0.000759
-110.75	1.0e-6	-0.000914
-110.625	1.0e-6	-0.001072
-110.5	1.0e-6	-0.00123
-110.375	1.0e-6	-0.001388
-110.25	1.0e-6	-0.001543
-110.125	1.0e-6	-0.001694
-110.0	1.0e-6	-0.00184
-109.875	1.0e-6	-0.001979
-109.75	1.0e-6	-0.00211
-109.625	1.0e-6	-0.002229
-109.5	1.0e-6	-0.002337
-109.375	1.0e-6	-0.002431
-109.25	1.0e-6	-0.002509
-109.125	1.0e-6	-0.002569
-109.0	1.0e-6	-0.002611
-108.875	1.0e-6	-0.002632
-108.75	1.0e-6	-0.002632
-108.625	2.0e-6	-0.002608
-108.5	2.0e-6	-0.00256
-108.375	2.0e-6	-0.002486
-108.25	2.0e-6	-0.002385
-108.125	2.0e-6	-0.002258
-108.0	2.0e-6	-0.002102
-107.875	2.0e-6	-0.001919
-107.75	2.0e-6	-0.001707
-107.625	2.0e-6	-0.001467
-107.5	3.0e-6	-0.0012
-107.375	3.0e-6	-0.000906
-107.25	3.0e-6	-0.000586
-107.125	3.0e-6	-0.000241
-107.0	3.0e-6	0.000127
-106.875	3.0e-6	0.000516
-106.75	4.0e-6	0.000923
-106.625	4.0e-6	0.001348
-106.5	4.0e-6	0.001786
-106.375	4.0e-6	0.002234
-106.25	5.0e-6	0.00269
-106.125	5.0e-6	0.00315
-106.0	5.0e-6	0.00361
-105.875	6.0e-6	0.004065
-105.75	6.0e-6	0.004512
-105.625	6.0e-6	0.004946
-105.5	7.0e-6	0.005363
-105.375	7.0e-6	0.005757
-105.25	7.0e-6	0.006124
-105.125	8.0e-6	0.00646
-105.0	8.0e-6	0.006759
-104.875	9.0e-6	0.007016
-104.75	9.0e-6	0.007228
-104.625	1.0e-5	0.007389
-104.5	1.0e-5	0.007495
-104.375	1.1e-5	0.007542
-104.25	1.2e-5	0.007527
-104.125	1.2e-5	0.007445
-104.0	1.3e-5	0.007293
-103.875	1.4e-5	0.00707
-103.75	1.4e-5	0.006773
-103.625	1.5e-5	0.006399
-103.5	1.6e-5	0.005949
-103.375	1.7e-5	0.005422
-103.25	1.8e-5	0.004818
-103.125	1.9e-5	0.004138
-103.0	2.0e-5	0.003384
-102.875	2.1e-5	0.002558
-102.75	2.2e-5	0.001663
-102.625	2.4e-5	0.000704
-102.5	2.5e-5	-0.000315
-102.375	2.6e-5	-0.001389
-102.25	2.8e-5	-0.002511
-102.125	3.0e-5	-0.003673
-102.0	3.1e-5	-0.004869
-101.875	3.3e-5	-0.006089
-101.75	3.5e-5	-0.007324
-101.625	3.7e-5	-0.008564
-101.5	3.9e-5	-0.009799
-101.375	4.1e-5	-0.011017
-101.25	4.3e-5	-0.012208
-101.125	4.5e-5	-0.013358
-101.0	4.8e-5	-0.014457
-100.875	5.0e-5	-0.015492
-100.75	5.3e-5	-0.01645
-100.625	5.6e-5	-0.017319
-100.5	5.9e-5	-0.018086
-100.375	6.2e-5	-0.01874
-100.25	6.5e-5	-0.019268
-100.125	6.9e-5	-0.01966
-100.0	7.3e-5	-0.019905
-99.875	7.7e-5	-0.019993
-99.75	8.1e-5	-0.019914
-99.625	8.5e-5	-0.019661
-99.5	8.9e-5	-0.019226
-99.375	9.4e-5	-0.018604
-99.25	9.9e-5	-0.017791
-99.125	0.000104	-0.016783
-99.0	0.00011	-0.015579
-98.875	0.000115	-0.014179
-98.75	0.000121	-0.012585
-98.625	0.000128	-0.010801
-98.5	0.000134	-0.008831
-98.375	0.000141	-0.006685
-98.25	0.000149	-0.00437
-98.125	0.000156	-0.001898
-98.0	0.000164	0.000717
-97.875	0.000173	0.00346
-97.75	0.000182	0.006315
-97.625	0.000191	0.009262
-97.5	0.000201	0.012281
-97.375	0.000211	0.01535
-97.25	0.000222	0.018445
-97.125	0.000233	0.02154
-97.0	0.000244	0.024609
-96.875	0.000257	0.027624
-96.75	0.00027	0.030558
-96.625	0.000283	0.03338
-96.5	0.000297	0.036061
-96.375	0.000312	0.03857
-96.25	0.000328	0.04088
-96.125	0.000344	0.042958
-96.0	0.000361	0.044777
-95.875	0.000379	0.046308
-95.75	0.000397	0.047523
-95.625	0.000417	0.048398
-95.5	0.000437	0.048908
-95.375	0.000458	0.049031
-95.25	0.000481	0.048746
-95.125	0.000504	0.048038
-95.0	0.000528	0.046891
-94.875	0.000554	0.045294
-94.75	0.00058	0.043239
-94.625	0.000608	0.040722
-94.5	0.000637	0.037742
-94.375	0.000668	0.034302
-94.25	0.0007	0.03041
-94.125	0.000733	0.026077
-94.0	0.000768	0.02132
-93.875	0.000804	0.016158
-93.75	0.000842	0.010618
-93.625	0.000882	0.004726
-93.5	0.000923	-0.001481
-93.375	0.000966	-0.007968
-93.25	0.001011	-0.014691
-93.125	0.001058	-0.021605
-93.0	0.001107	-0.02866
-92.875	0.001158	-0.035803
-92.75	0.001212	-0.042977
-92.625	0.001268	-0.050123
-92.5	0.001326	-0.057179
-92.375	0.001386	-0.064083
-92.25	0.00145	-0.070768
-92.125	0.001516	-0.077168
-92.0	0.001584	-0.083216
-91.875	0.001656	-0.088845
-91.75	0.001731	-0.093989
-91.625	0.001809	-0.098583
-91.5	0.00189	-0.102563
-91.375	0.001975	-0.105869
-91.25	0.002063	-0.108443
-91.125	0.002155	-0.11023
-91.0	0.00225	-0.11118
-90.875	0.00235	-0.11125
-90.75	0.002453	-0.110398
-90.625	0.002561	-0.108593
-90.5	0.002674	-0.105808
-90.375	0.002791	-0.102023
-90.25	0.002913	-0.097226
-90.125	0.003039	-0.091415
-90.0	0.003171	-0.084593
-89.875	0.003308	-0.076775
-89.75	0.003451	-0.067983
-89.625	0.003599	-0.05825
-89.5	0.003754	-0.047616
-89.375	0.003914	-0.036132
-89.25	0.004081	-0.023858
-89.125	0.004255	-0.010865
-89.0	0.004435	0.002771
-88.875	0.004622	0.016962
-88.75	0.004817	0.031613
-88.625	0.00502	0.04662
-88.5	0.00523	0.061874
-88.375	0.005448	0.077256
-88.25	0.005675	0.092643
-88.125	0.005911	0.107908
-88.0	0.006155	0.122919
-87.875	0.006409	0.137538
-87.75	0.006673	0.151629
-87.625	0.006947	0.165052
-87.5	0.007231	0.177668
-87.375	0.007525	0.18934
-87.25	0.007831	0.199931
-87.125	0.008148	0.209311
-87.0	0.008477	0.217352
-86.875	0.008819	0.223933
-86.75	0.009173	0.228942
-86.625	0.00954	0.232274
-86.5	0.00992	0.233835
-86.375	0.010315	0.233541
-86.25	0.010724	0.231322
-86.125	0.011147	0.22712
-86.0	0.011587	0.220892
-85.875	0.012041	0.212611
-85.75	0.012513	0.202265
-85.625	0.013001	0.18986
-85.5	0.013507	0.175418
-85.375	0.01403	0.158981
-85.25	0.014572	0.140607
-85.125	0.015134	0.120375
-85.0	0.015715	0.098381
-84.875	0.016316	0.074739
-84.75	0.016939	0.049583
-84.625	0.017583	0.023063
-84.5	0.018249	-0.004653
-84.375	0.018938	-0.033382
-84.25	0.019651	-0.062924
-84.125	0.020389	-0.093065
-84.0	0.021151	-0.123579
-83.875	0.02194	-0.154228
-83.75	0.022755	-0.184764
-83.625	0.023598	-0.214932
-83.5	0.024468	-0.244468
-83.375	0.025368	-0.273107
-83.25	0.026298	-0.300579
-83.125	0.027259	-0.326615
-83.0	0.028251	-0.35095
-82.875	0.029276	-0.373322
-82.75	0.030335	-0.393475
-82.625	0.031428	-0.411163
-82.5	0.032557	-0.426154
-82.375	0.033722	-0.438228
-82.25	0.034924	-0.447181
-82.125	0.036165	-0.45283
-82.0	0.037446	-0.455012
-81.875	0.038768	-0.453586
-81.75	0.040131	-0.448437
-81.625	0.041537	-0.439479
-81.5	0.042987	-0.426651
-81.375	0.044483	-0.409925
-81.25	0.046025	-0.389303
-81.125	0.047615	-0.364819
-81.0	0.049254	-0.336542
-80.875	0.050944	-0.304574
-80.75	0.052685	-0.26905
-80.625	0.054479	-0.230141
-80.5	0.056327	-0.18805
-80.375	0.058231	-0.143014
-80.25	0.060192	-0.095304
-80.125	0.062212	-0.045218
-80.0	0.064292	0.006911
-79.875	0.066433	0.060728
-79.75	0.068638	0.115847
-79.625	0.070907	0.171861
-79.5	0.073242	0.228343
-79.375	0.075645	0.284847
-79.25	0.078118	0.340913
-79.125	0.080662	0.396069
-79.0	0.083279	0.449836
-78.875	0.08597	0.501731
-78.75	0.088738	0.55127
-78.625	0.091584	0.597976
-78.5	0.094509	0.641377
-78.375	0.097517	0.681015
-78.25	0.100608	0.716448
-78.125	0.103785	0.747256
-78.0	0.107049	0.773042
-77.875	0.110403	0.793441
-77.75	0.113848	0.808118
-77.625	0.117387	0.816776
-77.5	0.121021	0.819161
-77.375	0.124752	0.815058
-77.25	0.128584	0.804303
-77.125	0.132517	0.78678
-77.0	0.136554	0.762425
-76.875	0.140697	0.731229
-76.75	0.144948	0.69324
-76.625	0.149311	0.648561
-76.5	0.153785	0.597354
-76.375	0.158375	0.53984
-76.25	0.163083	0.476298
-76.125	0.16791	0.407064
-76.0	0.17286	0.332533
-75.875	0.177934	0.253152
-75.75	0.183135	0.169422
-75.625	0.188466	0.081895
-75.5	0.193928	-0.008831
-75.375	0.199525	-0.102115
-75.25	0.205259	-0.197276
-75.125	0.211132	-0.293597
-75.0	0.217147	-0.390334
-74.875	0.223307	-0.486716
-74.75	0.229615	-0.581956
-74.625	0.236072	-0.675252
-74.5	0.242681	-0.765796
-74.375	0.249446	-0.852782
-74.25	0.256369	-0.935409
-74.125	0.263452	-1.012889
-74.0	0.270698	-1.084458
-73.875	0.278111	-1.149376
-73.75	0.285692	-1.206939
-73.625	0.293444	-1.256484
-73.5	0.301371	-1.297395
-73.375	0.309475	-1.329112
-73.25	0.317759	-1.351134
-73.125	0.326226	-1.363024
-73.0	0.334878	-1.36442
-72.875	0.343718	-1.355033
-72.75	0.352749	-1.334657
-72.625	0.361975	-1.303167
-72.5	0.371397	-1.260528
-72.375	0.381018	-1.206796
-72.25	0.390842	-1.142115
-72.125	0.400872	-1.066725
-72.0	0.411109	-0.980959
-71.875	0.421558	-0.885241
-71.75	0.43222	-0.78009
-71.625	0.443099	-0.666111
-71.5	0.454197	-0.543999
-71.375	0.465517	-0.414531
-71.25	0.477063	-0.278563
-71.125	0.488836	-0.137025
-71.0	0.50084	0.009085
-70.875	0.513077	0.158707
-70.75	0.52555	0.310728
-70.625	0.538262	0.463988
-70.5	0.551215	0.61729
-70.375	0.564412	0.769406
-70.25	0.577856	0.919091
-70.125	0.591549	1.06509
-70.0	0.605495	1.206147
-69.875	0.619695	1.341018
-69.75	0.634152	1.468481
-69.625	0.648868	1.587344
-69.5	0.663846	1.696459
-69.375	0.679089	1.794731
-69.25	0.694599	1.881126
-69.125	0.710377	1.954685
-69.0	0.726427	2.014532
-68.875	0.742751	2.059879
-68.75	0.759351	2.090041
-68.625	0.776228	2.104441
-68.5	0.793386	2.102616
-68.375	0.810826	2.084222
-68.25	0.82855	2.049046
-68.125	0.846559	1.997003
-68.0	0.864857	1.928145
-67.875	0.883445	1.842657
-67.75	0.902323	1.740868
-67.625	0.921495	1.623241
-67.5	0.940961	1.490379
-67.375	0.960724	1.343021
-67.25	0.980784	1.182038
-67.125	1.001143	1.008427
-67.0	1.021802	0.823311
-66.875	1.042763	0.627926
-66.75	1.064026	0.423618
-66.625	1.085592	0.21183
-66.5	1.107463	-0.005903
-66.375	1.129639	-0.227969
-66.25	1.152122	-0.45269
-66.125	1.174911	-0.678332
-66.0	1.198007	-0.903121
-65.875	1.221411	-1.125253
-65.75	1.245123	-1.342913
-65.625	1.269143	-1.554287
-65.5	1.293472	-1.757576
-65.375	1.318109	-1.951012
-65.25	1.343054	-2.132873
-65.125	1.368308	-2.3015
-65.0	1.39387	-2.455306
-64.875	1.419739	-2.592797
-64.75	1.445914	-2.712582
-64.625	1.472396	-2.813387
-64.5	1.499184	-2.894066
-64.375	1.526276	-2.953619
-64.25	1.553671	-2.991191
-64.125	1.581369	-3.006095
-64.0	1.609367	-2.997811
-63.875	1.637666	-2.965996
-63.75	1.666262	-2.910491
-63.625	1.695154	-2.831324
-63.5	1.724341	-2.728714
-63.375	1.75382	-2.603073
-63.25	1.783589	-2.455002
-63.125	1.813647	-2.285296
-63.0	1.84399	-2.094933
-62.875	1.874616	-1.885076
-62.75	1.905522	-1.657062
-62.625	1.936706	-1.412396
-62.5	1.968165	-1.15274
-62.375	1.999895	-0.879905
-62.25	2.031893	-0.595835
-62.125	2.064156	-0.302595
-62.0	2.09668	-0.002356
-61.875	2.129461	0.30262
-61.75	2.162495	0.61
-61.625	2.195779	0.917395
-61.5	2.229308	1.222379
-61.375	2.263078	1.522508
-61.25	2.297085	1.815342
-61.125	2.331323	2.098463
-61.0	2.365788	2.369493
-60.875	2.400475	2.626117
-60.75	2.435379	2.866104
-60.625	2.470494	3.08732
-60.5	2.505815	3.287753
-60.375	2.541337	3.46553
-60.25	2.577054	3.618929
-60.125	2.61296	3.746402
-60.0	2.649048	3.846587
-59.875	2.685313	3.91832
-59.75	2.721749	3.960648
-59.625	2.758349	3.972843
-59.5	2.795105	3.954406
-59.375	2.832013	3.905076
-59.25	2.869064	3.824837
-59.125	2.906251	3.713917
-59.0	2.943568	3.572794
-58.875	2.981007	3.402192
-58.75	3.01856	3.203081
-58.625	3.056221	2.976669
-58.5	3.09398	2.724398
-58.375	3.131831	2.447932
-58.25	3.169765	2.149151
-58.125	3.207775	1.830134
-58.0	3.245851	1.493146
-57.875	3.283986	1.140621
-57.75	3.322171	0.775148
-57.625	3.360397	0.399447
-57.5	3.398656	0.016351
-57.375	3.436938	-0.371216
-57.25	3.475236	-0.760263
-57.125	3.513539	-1.147752
-57.0	3.551839	-1.530624
-56.875	3.590127	-1.905827
-56.75	3.628392	-2.270335
-56.625	3.666626	-2.621174
-56.5	3.704819	-2.955451
-56.375	3.742961	-3.270372
-56.25	3.781044	-3.56327
-56.125	3.819056	-3.831627
-56.0	3.856988	-4.073093
-55.875	3.89483	-4.285512
-55.75	3.932572	-4.466934
-55.625	3.970205	-4.61564
-55.5	4.007717	-4.730154
-55.375	4.0451	-4.809258
-55.25	4.082341	-4.852004
-55.125	4.119433	-4.857724
-55.0	4.156363	-4.826041
-54.875	4.193122	-4.756867
-54.75	4.229699	-4.650417
-54.625	4.266085	-4.507199
-54.5	4.302267	-4.32802
-54.375	4.338237	-4.113981
-54.25	4.373984	-3.866464
-54.125	4.409497	-3.587134
-54.0	4.444766	-3.277919
-53.875	4.47978	-2.940999
-53.75	4.514529	-2.578793
-53.625	4.549003	-2.193939
-53.5	4.583191	-1.789273
-53.375	4.617083	-1.367812
-53.25	4.650668	-0.932726
-53.125	4.683936	-0.487319
-53.0	4.716877	-0.034998
-52.875	4.749481	0.420751
-52.75	4.781737	0.87639
-52.625	4.813636	1.328359
-52.5	4.845167	1.773102
-52.375	4.87632	2.207098
-52.25	4.907086	2.62689
-52.125	4.937454	3.02911
-52.0	4.967415	3.410508
-51.875	4.99696	3.767983
-51.75	5.026078	4.0986
-51.625	5.054759	4.399624
-51.5	5.082996	4.668538
-51.375	5.110778	4.903065
-51.25	5.138096	5.101187
-51.125	5.164942	5.261165
-51.0	5.191306	5.381553
-50.875	5.217179	5.461212
-50.75	5.242554	5.499317
-50.625	5.26742	5.495371
-50.5	5.291771	5.449207
-50.375	5.315597	5.360991
-50.25	5.338891	5.231222
-50.125	5.361645	5.060731
-50.0	5.383851	4.850675
-49.875	5.405501	4.602529
-49.75	5.426588	4.318075
-49.625	5.447104	3.999388
-49.5	5.467044	3.648826
-49.375	5.486399	3.269002
-49.25	5.505163	2.862775
-49.125	5.523329	2.433219
-49.0	5.540891	1.983604
-48.875	5.557844	1.517371
-48.75	5.57418	1.038099
-48.625	5.589895	0.549484
-48.5	5.604983	0.055306
-48.375	5.619438	-0.440603
-48.25	5.633255	-0.934384
-48.125	5.64643	-1.422189
-48.0	5.658958	-1.900204
-47.875	5.670835	-2.364688
-47.75	5.682055	-2.811995
-47.625	5.692616	-3.23861
-47.5	5.702513	-3.641175
-47.375	5.711743	-4.016515
-47.25	5.720302	-4.361664
-47.125	5.728188	-4.673893
-47.0	5.735398	-4.950726
-46.875	5.741929	-5.189965
-46.75	5.747779	-5.389707
-46.625	5.752946	-5.548357
-46.5	5.757428	-5.664644
-46.375	5.761222	-5.737632
-46.25	5.764329	-5.766724
-46.125	5.766746	-5.75167
-46.0	5.768474	-5.692569
-45.875	5.769511	-5.589868
-45.75	5.769856	-5.444357
-45.625	5.769511	-5.257166
-45.5	5.768474	-5.029752
-45.375	5.766747	-4.76389
-45.25	5.764329	-4.461659
-45.125	5.761222	-4.125423
-45.0	5.757428	-3.757815
-44.875	5.752946	-3.361713
-44.75	5.74778	-2.940216
-44.625	5.74193	-2.496625
-44.5	5.735399	-2.034408
-44.375	5.728189	-1.557179
-44.25	5.720303	-1.068666
-44.125	5.711743	-0.572679
-44.0	5.702513	-0.073083
-43.875	5.692616	0.426233
-43.75	5.682056	0.92139
-43.625	5.670835	1.40855
-43.5	5.658959	1.883944
-43.375	5.646431	2.343902
-43.25	5.633256	2.784886
-43.125	5.619439	3.203514
-43.0	5.604984	3.59659
-42.875	5.589896	3.961124
-42.75	5.574181	4.294363
-42.625	5.557845	4.593806
-42.5	5.540892	4.857225
-42.375	5.52333	5.082684
-42.25	5.505164	5.268552
-42.125	5.4864	5.413514
-42.0	5.467045	5.516585
-41.875	5.447106	5.577109
-41.75	5.426589	5.594771
-41.625	5.405502	5.569595
-41.5	5.383852	5.501942
-41.375	5.361646	5.392506
-41.25	5.338893	5.242307
-41.125	5.315599	5.052684
-41.0	5.291772	4.825279
-40.875	5.267422	4.562027
-40.75	5.242555	4.265134
-40.625	5.217181	3.937064
-40.5	5.191308	3.580512
-40.375	5.164944	3.198388
-40.25	5.138098	2.793785
-40.125	5.11078	2.369961
-40.0	5.082998	1.930307
-39.875	5.054761	1.47832
-39.75	5.026079	1.017578
-39.625	4.996961	0.551705
-39.5	4.967417	0.084346
-39.375	4.937456	-0.380862
-39.25	4.907088	-0.840322
-39.125	4.876322	-1.290503
-39.0	4.845169	-1.727969
-38.875	4.813638	-2.149406
-38.75	4.781739	-2.551646
-38.625	4.749483	-2.931696
-38.5	4.716879	-3.286753
-38.375	4.683938	-3.614233
-38.25	4.65067	-3.911787
-38.125	4.617085	-4.177315
-38.0	4.583193	-4.408988
-37.875	4.549005	-4.605255
-37.75	4.514531	-4.764854
-37.625	4.479782	-4.886824
-37.5	4.444768	-4.970505
-37.375	4.409499	-5.015547
-37.25	4.373986	-5.021903
-37.125	4.33824	-4.989834
-37.0	4.30227	-4.919901
-36.875	4.266087	-4.812959
-36.75	4.229701	-4.670147
-36.625	4.193124	-4.492877
-36.5	4.156365	-4.282821
-36.375	4.119435	-4.041894
-36.25	4.082344	-3.772239
-36.125	4.045102	-3.476206
-36.0	4.00772	-3.15633
-35.875	3.970207	-2.815314
-35.75	3.932575	-2.456
-35.625	3.894832	-2.08135
-35.5	3.85699	-1.694417
-35.375	3.819058	-1.298322
-35.25	3.781046	-0.89623
-35.125	3.742964	-0.49132
-35.0	3.704821	-0.086764
-34.875	3.666628	0.314304
-34.75	3.628394	0.708804
-34.625	3.590129	1.093744
-34.5	3.551841	1.466235
-34.375	3.513541	1.823519
-34.25	3.475238	2.162985
-34.125	3.436941	2.482191
-34.0	3.398658	2.778882
-33.875	3.360399	3.051002
-33.75	3.322173	3.296715
-33.625	3.283988	3.514411
-33.5	3.245853	3.702721
-33.375	3.207777	3.860522
-33.25	3.169768	3.986944
-33.125	3.131833	4.081375
-33.0	3.093983	4.143463
-32.875	3.056223	4.173113
-32.75	3.018563	4.170489
-32.625	2.981009	4.136007
-32.5	2.94357	4.070328
-32.375	2.906253	3.974351
-32.25	2.869066	3.849204
-32.125	2.832015	3.696229
-32.0	2.795108	3.516972
-31.875	2.758351	3.313164
-31.75	2.721751	3.08671
-31.625	2.685315	2.839668
-31.5	2.64905	2.574229
-31.375	2.612962	2.292703
-31.25	2.577056	1.997495
-31.125	2.541339	1.691084
-31.0	2.505817	1.376006
-30.875	2.470496	1.054828
-30.75	2.435381	0.730131
-30.625	2.400477	0.404488
-30.5	2.36579	0.080443
-30.375	2.331325	-0.239509
-30.25	2.297087	-0.552941
-30.125	2.26308	-0.857513
-30.0	2.22931	-1.150987
-29.875	2.195781	-1.431248
-29.75	2.162497	-1.696315
-29.625	2.129463	-1.944356
-29.5	2.096681	-2.173701
-29.375	2.064158	-2.382853
-29.25	2.031895	-2.570498
-29.125	1.999897	-2.735512
-29.0	1.968167	-2.876964
-28.875	1.936708	-2.994127
-28.75	1.905524	-3.086476
-28.625	1.874618	-3.153688
-28.5	1.843992	-3.195648
-28.375	1.813649	-3.212438
-28.25	1.783591	-3.204339
-28.125	1.753822	-3.171825
-28.0	1.724342	-3.115553
-27.875	1.695156	-3.036357
-27.75	1.666263	-2.93524
-27.625	1.637667	-2.81336
-27.5	1.609369	-2.672019
-27.375	1.58137	-2.51265
-27.25	1.553673	-2.336807
-27.125	1.526277	-2.146144
-27.0	1.499185	-1.942404
-26.875	1.472398	-1.727406
-26.75	1.445916	-1.503021
-26.625	1.41974	-1.271165
-26.5	1.393871	-1.033777
-26.375	1.36831	-0.792806
-26.25	1.343056	-0.550193
-26.125	1.31811	-0.307858
-26.0	1.293473	-0.067683
-25.875	1.269145	0.168502
-25.75	1.245124	0.39893
-25.625	1.221412	0.621917
-25.5	1.198008	0.835864
-25.375	1.174912	1.039279
-25.25	1.152123	1.230776
-25.125	1.129641	1.409094
-25.0	1.107464	1.573099
-24.875	1.085593	1.721791
-24.75	1.064027	1.854313
-24.625	1.042764	1.96995
-24.5	1.021803	2.068136
-24.375	1.001144	2.148455
-24.25	0.980785	2.210639
-24.125	0.960725	2.254569
-24.0	0.940962	2.280274
-23.875	0.921496	2.287927
-23.75	0.902324	2.277838
-23.625	0.883446	2.250453
-23.5	0.864858	2.206345
-23.375	0.846561	2.146209
-23.25	0.828551	2.07085
-23.125	0.810827	1.981179
-23.0	0.793387	1.878199
-22.875	0.776229	1.762999
-22.75	0.759352	1.636741
-22.625	0.742752	1.500649
-22.5	0.726428	1.356
-22.375	0.710378	1.20411
-22.25	0.6946	1.046325
-22.125	0.67909	0.884006
-22.0	0.663847	0.718523
-21.875	0.648869	0.551238
-21.75	0.634152	0.383499
-21.625	0.619695	0.216628
-21.5	0.605496	0.051908
-21.375	0.59155	-0.109422
-21.25	0.577857	-0.266179
-21.125	0.564413	-0.417243
-21.0	0.551215	-0.561563
-20.875	0.538262	-0.69817
-20.75	0.52555	-0.826173
-20.625	0.513077	-0.944774
-20.5	0.50084	-1.053268
-20.375	0.488837	-1.151045
-20.25	0.477064	-1.237595
-20.125	0.465518	-1.312509
-20.0	0.454198	-1.375483
-19.875	0.443099	-1.42631
-19.75	0.432221	-1.464889
-19.625	0.421558	-1.491216
-19.5	0.41111	-1.505386
-19.375	0.400872	-1.507586
-19.25	0.390843	-1.498097
-19.125	0.381019	-1.477282
-19.0	0.371397	-1.445588
-18.875	0.361975	-1.403537
-18.75	0.35275	-1.351718
-18.625	0.343718	-1.290786
-18.5	0.334878	-1.221449
-18.375	0.326226	-1.144467
-18.25	0.31776	-1.060639
-18.125	0.309476	-0.970798
-18.0	0.301372	-0.875805
-17.875	0.293445	-0.77654
-17.75	0.285692	-0.673892
-17.625	0.278111	-0.568755
-17.5	0.270699	-0.462021
-17.375	0.263452	-0.354568
-17.25	0.256369	-0.24726
-17.125	0.249446	-0.140934
-17.0	0.242682	-0.036399
-16.875	0.236072	0.065572
-16.75	0.229615	0.164249
-16.625	0.223308	0.258946
-16.5	0.217148	0.349027
-16.375	0.211132	0.433912
-16.25	0.205259	0.513076
-16.125	0.199525	0.586057
-16.0	0.193928	0.652451
-15.875	0.188466	0.711922
-15.75	0.183135	0.764194
-15.625	0.177934	0.809059
-15.5	0.17286	0.846374
-15.375	0.167911	0.87606
-15.25	0.163083	0.898099
-15.125	0.158376	0.912536
-15.0	0.153786	0.919478
-14.875	0.149311	0.919083
-14.75	0.144949	0.911569
-14.625	0.140697	0.897201
-14.5	0.136554	0.876291
-14.375	0.132517	0.849196
-14.25	0.128584	0.816311
-14.125	0.124753	0.778066
-14.0	0.121021	0.734921
-13.875	0.117387	0.687362
-13.75	0.113848	0.635895
-13.625	0.110403	0.581042
-13.5	0.10705	0.523339
-13.375	0.103785	0.463326
-13.25	0.100608	0.401547
-13.125	0.097517	0.338542
-13.0	0.09451	0.274847
-12.875	0.091584	0.210984
-12.75	0.088738	0.147463
-12.625	0.08597	0.084775
-12.5	0.083279	0.023389
-12.375	0.080662	-0.036251
-12.25	0.078118	-0.093729
-12.125	0.075645	-0.148658
-12.0	0.073242	-0.200685
-11.875	0.070907	-0.24949
-11.75	0.068638	-0.29479
-11.625	0.066433	-0.336337
-11.5	0.064292	-0.373924
-11.375	0.062212	-0.407381
-11.25	0.060192	-0.436574
-11.125	0.058231	-0.461412
-11.0	0.056327	-0.481838
-10.875	0.054479	-0.497834
-10.75	0.052685	-0.509419
-10.625	0.050944	-0.516645
-10.5	0.049255	-0.519598
-10.375	0.047616	-0.518395
-10.25	0.046026	-0.513183
-10.125	0.044483	-0.504137
-10.0	0.042988	-0.491456
-9.875	0.041537	-0.475362
-9.75	0.040131	-0.456098
-9.625	0.038768	-0.433922
-9.5	0.037446	-0.409108
-9.375	0.036165	-0.381943
-9.25	0.034924	-0.352723
-9.125	0.033722	-0.321748
-9.0	0.032557	-0.289326
-8.875	0.031428	-0.255762
-8.75	0.030335	-0.221363
-8.625	0.029276	-0.186431
-8.5	0.028251	-0.151261
-8.375	0.027259	-0.116142
-8.25	0.026298	-0.08135
-8.125	0.025368	-0.047151
-8.0	0.024468	-0.013794
-7.875	0.023598	0.018483
-7.75	0.022755	0.049463
-7.625	0.02194	0.078946
-7.5	0.021151	0.10675
-7.375	0.020389	0.132714
-7.25	0.019651	0.156697
-7.125	0.018938	0.17858
-7.0	0.018249	0.198265
-6.875	0.017583	0.215674
-6.75	0.016939	0.23075
-6.625	0.016316	0.24346
-6.5	0.015715	0.253788
-6.375	0.015134	0.261739
-6.25	0.014573	0.267337
-6.125	0.01403	0.270624
-6.0	0.013507	0.27166
-5.875	0.013001	0.27052
-5.75	0.012513	0.267293
-5.625	0.012041	0.262084
-5.5	0.011587	0.255008
-5.375	0.011147	0.246192
-5.25	0.010724	0.235772
-5.125	0.010315	0.223892
-5.0	0.00992	0.210701
-4.875	0.00954	0.196356
-4.75	0.009173	0.181014
-4.625	0.008819	0.164837
-4.5	0.008477	0.147985
-4.375	0.008148	0.13062
-4.25	0.007831	0.112901
-4.125	0.007525	0.094982
-4.0	0.007231	0.077015
-3.875	0.006947	0.059145
-3.75	0.006673	0.041513
-3.625	0.006409	0.024248
-3.5	0.006155	0.007477
-3.375	0.005911	-0.008687
-3.25	0.005675	-0.024139
-3.125	0.005448	-0.038782
-3.0	0.00523	-0.052531
-2.875	0.00502	-0.065311
-2.75	0.004817	-0.07706
-2.625	0.004622	-0.087723
-2.5	0.004435	-0.09726
-2.375	0.004255	-0.105638
-2.25	0.004081	-0.112838
-2.125	0.003914	-0.118849
-2.0	0.003754	-0.123672
-1.875	0.0036	-0.127316
-1.75	0.003451	-0.1298
-1.625	0.003308	-0.131152
-1.5	0.003171	-0.131406
-1.375	0.003039	-0.130608
-1.25	0.002913	-0.128806
-1.125	0.002791	-0.126056
-1.0	0.002674	-0.122421
-0.875	0.002561	-0.117966
-0.75	0.002453	-0.112761
-0.625	0.00235	-0.10688
-0.5	0.00225	-0.100398
-0.375	0.002155	-0.093394
-0.25	0.002063	-0.085945
-0.125	0.001975	-0.078131
0.0	0.00189	-0.070029
0.125	0.001809	-0.061718
0.25	0.001731	-0.053274
0.375	0.001656	-0.044769
0.5	0.001584	-0.036277
0.625	0.001516	-0.027864
0.75	0.00145	-0.019595
0.875	0.001386	-0.011531
1.0	0.001326	-0.003728
1.125	0.001268	0.003763
1.25	0.001212	0.010893
1.375	0.001158	0.017623
1.5	0.001107	0.023914
1.625	0.001058	0.029735
1.75	0.001011	0.03506
1.875	0.000966	0.039868
2.0	0.000923	0.044142
2.125	0.000882	0.047871
2.25	0.000842	0.05105
2.375	0.000804	0.053678
2.5	0.000768	0.055758
2.625	0.000733	0.057297
2.75	0.0007	0.058307
2.875	0.000668	0.058805
3.0	0.000637	0.058809
3.125	0.000608	0.058341
3.25	0.00058	0.057427
3.375	0.000554	0.056095
3.5	0.000528	0.054374
3.625	0.000504	0.052296
3.75	0.000481	0.049895
3.875	0.000458	0.047205
4.0	0.000437	0.044261
4.125	0.000417	0.041098
4.25	0.000397	0.037754
4.375	0.000379	0.034262
4.5	0.000361	0.03066
4.625	0.000344	0.02698
4.75	0.000328	0.023257
4.875	0.000312	0.019523
5.0	0.000297	0.015809
5.125	0.000283	0.012144
5.25	0.00027	0.008556
5.375	0.000257	0.005071
5.5	0.000244	0.001711
5.625	0.000233	-0.001501
5.75	0.000222	-0.004546
5.875	0.000211	-0.007408
6.0	0.000201	-0.010071
6.125	0.000191	-0.012525
6.25	0.000182	-0.014758
6.375	0.000173	-0.016763
6.5	0.000164	-0.018535
6.625	0.000156	-0.02007
6.75	0.000149	-0.021368
6.875	0.000141	-0.02243
7.0	0.000134	-0.023258
7.125	0.000128	-0.023857
7.25	0.000121	-0.024233
7.375	0.000115	-0.024394
7.5	0.00011	-0.02435
7.625	0.000104	-0.024111
7.75	9.9e-5	-0.023688
7.875	9.4e-5	-0.023095
8.0	8.9e-5	-0.022344
8.125	8.5e-5	-0.02145
8.25	8.1e-5	-0.020426
8.375	7.7e-5	-0.019289
8.5	7.3e-5	-0.018053
8.625	6.9e-5	-0.016733
8.75	6.5e-5	-0.015344
8.875	6.2e-5	-0.013901
9.0	5.9e-5	-0.012419
9.125	5.6e-5	-0.010912
9.25	5.3e-5	-0.009393
9.375	5.0e-5	-0.007876
9.5	4.8e-5	-0.006373
9.625	4.5e-5	-0.004896
9.75	4.3e-5	-0.003456
9.875	4.1e-5	-0.002062
10.0	3.9e-5	-0.000724
10.125	3.7e-5	0.000551
10.25	3.5e-5	0.001754
10.375	3.3e-5	0.00288
10.5	3.1e-5	0.003924
10.625	3.0e-5	0.004881
10.75	2.8e-5	0.005747
10.875	2.6e-5	0.006521
11.0	2.5e-5	0.0072
11.125	2.4e-5	0.007785
11.25	2.2e-5	0.008275
11.375	2.1e-5	0.008671
11.5	2.0e-5	0.008976
11.625	1.9e-5	0.00919
11.75	1.8e-5	0.009318
11.875	1.7e-5	0.009362
12.0	1.6e-5	0.009328
12.125	1.5e-5	0.009219
12.25	1.4e-5	0.00904
12.375	1.4e-5	0.008797
12.5	1.3e-5	0.008495
12.625	1.2e-5	0.008139
12.75	1.2e-5	0.007737
12.875	1.1e-5	0.007292
13.0	1.0e-5	0.006812
13.125	1.0e-5	0.006303
13.25	9.0e-6	0.005769
13.375	9.0e-6	0.005218
13.5	8.0e-6	0.004654
13.625	8.0e-6	0.004083
13.75	7.0e-6	0.00351
13.875	7.0e-6	0.00294
14.0	7.0e-6	0.002377
14.125	6.0e-6	0.001826
14.25	6.0e-6	0.001291
14.375	6.0e-6	0.000775
14.5	5.0e-6	0.000282
14.625	5.0e-6	-0.000186
14.75	5.0e-6	-0.000626
14.875	4.0e-6	-0.001036
15.0	4.0e-6	-0.001414
15.125	4.0e-6	-0.001759
15.25	4.0e-6	-0.002071
15.375	3.0e-6	-0.002347
15.5	3.0e-6	-0.002588
15.625	3.0e-6	-0.002794
15.75	3.0e-6	-0.002965
15.875	3.0e-6	-0.003102
16.0	3.0e-6	-0.003205
16.125	2.0e-6	-0.003275
16.25	2.0e-6	-0.003315
16.375	2.0e-6	-0.003324
16.5	2.0e-6	-0.003306
16.625	2.0e-6	-0.003261
16.75	2.0e-6	-0.003192
16.875	2.0e-6	-0.0031
17.0	2.0e-6	-0.002988
17.125	2.0e-6	-0.002858
17.25	1.0e-6	-0.002711
17.375	1.0e-6	-0.002551
17.5	1.0e-6	-0.002378
17.625	1.0e-6	-0.002197
17.75	1.0e-6	-0.002007
17.875	1.0e-6	-0.001812
18.0	1.0e-6	-0.001614
18.125	1.0e-6	-0.001413
18.25	1.0e-6	-0.001213
18.375	1.0e-6	-0.001015
18.5	1.0e-6	-0.00082
18.625	1.0e-6	-0.00063
18.75	1.0e-6	-0.000446
18.875	1.0e-6	-0.00027
19.0	1.0e-6	-0.000101
19.125	1.0e-6	5.8e-5
19.25	1.0e-6	0.000207
19.375	1.0e-6	0.000345
19.5	0.0	0.000472
19.625	0.0	0.000587
19.75	0.0	0.00069
19.875	0.0	0.000781
20.0	0.0	0.000861
20.125	0.0	0.000928
20.25	0.0	0.000983
20.375	0.0	0.001026
20.5	0.0	0.001059
20.625	0.0	0.00108
20.75	0.0	0.001091
20.875	0.0	0.001092
21.0	0.0	0.001084
21.125	0.0	0.001067
21.25	0.0	0.001043
21.375	0.0	0.001011
21.5	0.0	0.000972
21.625	0.0	0.000928
21.75	0.0	0.000879
21.875	0.0	0.000825
22.0	0.0	0.000768
22.125	0.0	0.000708
22.25	0.0	0.000646
22.375	0.0	0.000582
22.5	0.0	0.000518
22.625	0.0	0.000453
22.75	0.0	0.000388
22.875	0.0	0.000324
23.0	0.0	0.000262
23.125	0.0	0.000201
23.25	0.0	0.000143
23.375	0.0	8.7e-5
23.5	0.0	3.4e-5
23.625	0.0	-1.6e-5
23.75	0.0	-6.3e-5
23.875	0.0	-0.000106
24.0	0.0	-0.000145
24.125	0.0	-0.000181
24.25	0.0	-0.000213
24.375	0.0	-0.000241
24.5	0.0	-0.000265
24.625	0.0	-0.000285
24.75	0.0	-0.000301
24.875	0.0	-0.000314
25.0	0.0	-0.000324
25.125	0.0	-0.000329
25.25	0.0	-0.000332
25.375	0.0	-0.000332
25.5	0.0	-0.000329
25.625	0.0	-0.000323
25.75	0.0	-0.000315
25.875	0.0	-0.000305
26.0	0.0	-0.000293
26.125	0.0	-0.000279
26.25	0.0	-0.000264
26.375	0.0	-0.000247
26.5	0.0	-0.00023
26.625	0.0	-0.000211
26.75	0.0	-0.000192
26.875	0.0	-0.000173
27.0	0.0	-0.000154
27.125	0.0	-0.000134
27.25	0.0	-0.000115
27.375	0.0	-9.6e-5
27.5	0.0	-7.7e-5
27.625	0.0	-5.9e-5
27.75	0.0	-4.2e-5
27.875	0.0	-2.6e-5
28.0	0.0	-1.0e-5
28.125	0.0	4.0e-6
28.25	0.0	1.8e-5
28.375	0.0	3.0e-5
28.5	0.0	4.2e-5
28.625	0.0	5.2e-5
28.75	0.0	6.1e-5
28.875	0.0	6.9e-5
29.0	0.0	7.5e-5
29.125	0.0	8.1e-5
29.25	0.0	8.6e-5
29.375	0.0	8.9e-5
29.5	0.0	9.1e-5
29.625	0.0	9.3e-5
29.75	0.0	9.4e-5
29.875	0.0	9.3e-5
30.0	0.0	9.2e-5
30.125	0.0	9.1e-5
30.25	0.0	8.8e-5
30.375	0.0	8.5e-5
30.5	0.0	8.2e-5
30.625	0.0	7.8e-5
30.75	0.0	7.3e-5
30.875	0.0	6.8e-5
31.0	0.0	6.3e-5
31.125	0.0	5.8e-5
31.25	0.0	5.3e-5
31.375	0.0	4.8e-5
31.5	0.0	4.2e-5
31.625	0.0	3.7e-5
31.75	0.0	3.1e-5
31.875	0.0	2.6e-5
32.0	0.0	2.1e-5
32.125	0.0	1.6e-5
32.25	0.0	1.2e-5
32.375	0.0	7.0e-6
32.5	0.0	3.0e-6
32.625	0.0	-1.0e-6
32.75	0.0	-5.0e-6
32.875	0.0	-8.0e-6
33.0	0.0	-1.1e-5
33.125	0.0	-1.4e-5
33.25	0.0	-1.6e-5
33.375	0.0	-1.8e-5
33.5	0.0	-2.0e-5
33.625	0.0	-2.1e-5
33.75	0.0	-2.2e-5
33.875	0.0	-2.3e-5
34.0	0.0	-2.4e-5
34.125	0.0	-2.4e-5
34.25	0.0	-2.4e-5
34.375	0.0	-2.4e-5
34.5	0.0	-2.4e-5
34.625	0.0	-2.3e-5
34.75	0.0	-2.3e-5
34.875	0.0	-2.2e-5
35.0	0.0	-2.1e-5
35.125	0.0	-2.0e-5
35.25	0.0	-1.9e-5
35.375	0.0	-1.8e-5
35.5	0.0	-1.6e-5
35.625	0.0	-1.5e-5
35.75	0.0	-1.4e-5
35.875	0.0	-1.2e-5
36.0	0.0	-1.1e-5
36.125	0.0	-9.0e-6
36.25	0.0	-8.0e-6
36.375	0.0	-7.0e-6
36.5	0.0	-5.0e-6
36.625	0.0	-4.0e-6
36.75	0.0	-3.0e-6
36.875	0.0	-2.0e-6
37.0	0.0	0.0
37.125	0.0	0.0
37.25	0.0	1.0e-6
37.375	0.0	2.0e-6
37.5	0.0	3.0e-6
37.625	0.0	3.0e-6
37.75	0.0	4.0e-6
37.875	0.0	4.0e-6
38.0	0.0	5.0e-6
38.125	0.0	5.0e-6
38.25	0.0	5.0e-6
38.375	0.0	6.0e-6
38.5	0.0	6.0e-6
38.625	0.0	6.0e-6
38.75	0.0	6.0e-6
38.875	0.0	6.0e-6
39.0	0.0	6.0e-6
39.125	0.0	6.0e-6
39.25	0.0	5.0e-6
39.375	0.0	5.0e-6
39.5	0.0	5.0e-6
39.625	0.0	5.0e-6
39.75	0.0	4.0e-6
39.875	0.0	4.0e-6
40.0	0.0	4.0e-6
40.125	0.0	4.0e-6
40.25	0.0	3.0e-6
40.375	0.0	3.0e-6
40.5	0.0	3.0e-6
40.625	0.0	2.0e-6
40.75	0.0	2.0e-6
40.875	0.0	2.0e-6
41.0	0.0	1.0e-6
41.125	0.0	0.0
41.25	0.0	0.0
41.375	0.0	0.0
41.5	0.0	0.0
41.625	0.0	0.0
41.75	0.0	0.0
41.875	0.0	0.0
42.0	0.0	0.0
42.125	0.0	0.0
42.25	0.0	0.0
42.375	0.0	0.0
42.5	0.0	-1.0e-6
42.625	0.0	-1.0e-6
42.75	0.0	-1.0e-6
42.875	0.0	-1.0e-6
43.0	0.0	-1.0e-6
43.125	0.0	-1.0e-6
43.25	0.0	-1.0e-6
43.375	0.0	-1.0e-6
43.5	0.0	-1.0e-6
43.625	0.0	-1.0e-6
43.75	0.0	-1.0e-6
43.875	0.0	-1.0e-6
44.0	0.0	-1.0e-6
44.125	0.0	-1.0e-6
44.25	0.0	0.0
44.375	0.0	0.0
44.5	0.0	0.0
44.625	0.0	0.0
44.75	0.0	0.0
44.875	0.0	0.0
45.0	0.0	0.0
45.125	0.0	0.0
45.25	0.0	0.0
45.375	0.0	0.0
45.5	0.0	0.0
45.625	0.0	0.0
45.75	0.0	0.0
45.875	0.0	0.0
46.0	0.0	0.0
46.125	0.0	0.0
46.25	0.0	0.0
46.375	0.0	0.0
46.5	0.0	0.0
46.625	0.0	0.0
46.75	0.0	0.0
46.875	0.0	0.0
47.0	0.0	0.0
47.125	0.0	0.0
47.25	0.0	0.0
47.375	0.0	0.0
47.5	0.0	0.0
47.625	0.0	0.0
47.75	0.0	0.0
47.875	0.0	0.0
48.0	0.0	0.0
48.125	0.0	0.0
48.25	0.0	0.0
48.375	0.0	0.0
48.5	0.0	0.0
48.625	0.0	0.0
48.75	0.0	0.0
48.875	0.0	0.0
49.0	0.0	0.0
49.125	0.0	0.0
49.25	0.0	0.0
49.375	0.0	0.0
49.5	0.0	0.0
49.625	0.0	0.0
49.75	0.0	0.0
49.875	0.0	0.0
50.0	0.0	0.0
50.125	0.0	0.0
50.25	0.0	0.0
50.375	0.0	0.0
50.5	0.0	0.0
50.625	0.0	0.0
50.75	0.0	0.0
50.875	0.0	0.0
51.0	0.0	0.0
51.125	0.0	0.0
51.25	0.0	0.0
51.375	0.0	0.0
51.5	0.0	0.0
51.625	0.0	0.0
51.75	0.0	0.0
51.875	0.0	0.0
52.0	0.0	0.0
52.125	0.0	0.0
52.25	0.0	0.0
52.375	0.0	0.0
52.5	0.0	0.0
52.625	0.0	0.0
52.75	0.0	0.0
52.875	0.0	0.0
53.0	0.0	0.0
53.125	0.0	0.0
53.25	0.0	0.0
53.375	0.0	0.0
53.5	0.0	0.0
53.625	0.0	0.0
53.75	0.0	0.0
53.875	0.0	0.0
54.0	0.0	0.0
54.125	0.0	0.0
54.25	0.0	0.0
54.375	0.0	0.0
54.5	0.0	0.0
54.625	0.0	0.0
54.75	0.0	0.0
54.875	0.0	0.0
55.0	0.0	0.0
55.125	0.0	0.0
55.25	0.0	0.0
55.375	0.0	0.0
55.5	0.0	0.0
55.625	0.0	0.0
55.75	0.0	0.0
55.875	0.0	0.0
56.0	0.0	0.0
56.125	0.0	0.0
56.25	0.0	0.0
56.375	0.0	0.0
56.5	0.0	0.0
56.625	0.0	0.0
56.75	0.0	0.0
56.875	0.0	0.0
57.0	0.0	0.0
57.125	0.0	0.0
57.25	0.0	0.0
57.375	0.0	0.0
57.5	0.0	0.0
57.625	0.0	0.0
57.75	0.0	0.0
57.875	0.0	0.0
58.0	0.0	0.0
58.125	0.0	0.0
58.25	0.0	0.0
58.375	0.0	0.0
58.5	0.0	0.0
58.625	0.0	0.0
58.75	0.0	0.0
58.875	0.0	0.0
59.0	0.0	0.0
59.125	0.0	0.0
59.25	0.0	0.0
59.375	0.0	0.0
59.5	0.0	0.0
59.625	0.0	0.0
59.75	0.0	0.0
59.875	0.0	0.0
60.0	0.0	0.0
60.125	0.0	0.0
60.25	0.0	0.0
60.375	0.0	0.0
60.5	0.0	0.0
60.625	0.0	0.0
60.75	0.0	0.0
60.875	0.0	0.0
61.0	0.0	0.0
61.125	0.0	0.0
61.25	0.0	0.0
61.375	0.0	0.0
61.5	0.0	0.0
61.625	0.0	0.0
61.75	0.0	0.0
61.875	0.0	0.0
62.0	0.0	0.0
62.125	0.0	0.0
62.25	0.0	0.0
62.375	0.0	0.0
62.5	0.0	0.0
62.625	0.0	0.0
62.75	0.0	0.0
62.875	0.0	0.0
63.0	0.0	0.0
63.125	0.0	0.0
63.25	0.0	0.0
63.375	0.0	0.0
63.5	0.0	0.0
63.625	0.0	0.0
63.75	0.0	0.0
63.875	0.0	0.0
64.0	0.0	0.0
64.125	0.0	0.0
64.25	0.0	0.0
64.375	0.0	0.0
64.5	0.0	0.0
64.625	0.0	0.0
64.75	0.0	0.0
64.875	0.0	0.0
65.0	0.0	0.0
65.125	0.0	0.0
65.25	0.0	0.0
65.375	0.0	0.0
65.5	0.0	0.0
65.625	0.0	0.0
65.75	0.0	0.0
65.875	0.0	0.0
66.0	0.0	0.0
66.125	0.0	0.0
66.25	0.0	0.0
66.375	0.0	0.0
66.5	0.0	0.0
66.625	0.0	0.0
66.75	0.0	0.0
66.875	0.0	0.0
67.0	0.0	0.0
67.125	0.0	0.0
67.25	0.0	0.0
67.375	0.0	0.0
67.5	0.0	0.0
67.625	0.0	0.0
67.75	0.0	0.0
67.875	0.0	0.0
68.0	0.0	0.0
68.125	0.0	0.0
68.25	0.0	0.0
68.375	0.0	0.0
68.5	0.0	0.0
68.625	0.0	0.0
68.75	0.0	0.0
68.875	0.0	0.0
69.0	0.0	0.0
69.125	0.0	0.0
69.25	0.0	0.0
69.375	0.0	0.0
69.5	0.0	0.0
69.625	0.0	0.0
69.75	0.0	0.0
69.875	0.0	0.0
70.0	0.0	0.0
70.125	0.0	0.0
70.25	0.0	0.0
70.375	0.0	0.0
70.5	0.0	0.0
70.625	0.0	0.0
70.75	0.0	0.0
70.875	0.0	0.0
71.0	0.0	0.0
71.125	0.0	0.0
71.25	0.0	0.0
71.375	0.0	0.0
71.5	0.0	0.0
71.625	0.0	0.0
71.75	0.0	0.0
71.875	0.0	0.0
72.0	0.0	0.0
72.125	0.0	0.0
72.25	0.0	0.0
72.375	0.0	0.0
72.5	0.0	0.0
72.625	0.0	0.0
72.75	0.0	0.0
72.875	0.0	0.0
73.0	0.0	0.0
73.125	0.0	0.0
73.25	0.0	0.0
73.375	0.0	0.0
73.5	0.0	0.0
73.625	0.0	0.0
73.75	0.0	0.0
73.875	0.0	0.0
74.0	0.0	0.0
74.125	0.0	0.0
74.25	0.0	0.0
74.375	0.0	0.0
74.5	0.0	0.0
74.625	0.0	0.0
74.75	0.0	0.0
74.875	0.0	0.0
75.0	0.0	0.0
75.125	0.0	0.0
75.25	0.0	0.0
75.375	0.0	0.0
75.5	0.0	0.0
75.625	0.0	0.0
75.75	0.0	0.0
75.875	0.0	0.0
76.0	0.0	0.0
76.125	0.0	0.0
76.25	0.0	0.0
76.375	0.0	0.0
76.5	0.0	0.0
76.625	0.0	0.0
76.75	0.0	0.0
76.875	0.0	0.0
77.0	0.0	0.0
77.125	0.0	0.0
77.25	0.0	0.0
77.375	0.0	0.0
77.5	0.0	0.0
77.625	0.0	0.0
77.75	0.0	0.0
77.875	0.0	0.0
78.0	0.0	0.0
78.125	0.0	0.0
78.25	0.0	0.0
78.375	0.0	0.0
78.5	0.0	0.0
78.625	0.0	0.0
78.75	0.0	0.0
78.875	0.0	0.0
79.0	0.0	0.0
79.125	0.0	0.0
79.25	0.0	0.0
79.375	0.0	0.0
79.5	0.0	0.0
79.625	0.0	0.0
79.75	0.0	0.0
79.875	0.0	0.0
80.0	0.0	0.0
80.125	0.0	0.0
80.25	0.0	0.0
80.375	0.0	0.0
80.5	0.0	0.0
80.625	0.0	0.0
80.75	0.0	0.0
80.875	0.0	0.0
81.0	0.0	0.0
81.125	0.0	0.0
81.25	0.0	0.0
81.375	0.0	0.0
81.5	0.0	0.0
81.625	0.0	0.0
81.75	0.0	0.0
81.875	0.0	0.0
82.0	0.0	0.0
82.125	0.0	0.0
82.25	0.0	0.0
82.375	0.0	0.0
82.5	0.0	0.0
82.625	0.0	0.0
82.75	0.0	0.0
82.875	0.0	0.0
83.0	0.0	0.0
83.125	0.0	0.0
83.25	0.0	0.0
83.375	0.0	0.0
83.5	0.0	0.0
83.625	0.0	0.0
83.75	0.0	0.0
83.875	0.0	0.0
84.0	0.0	0.0
84.125	0.0	0.0
84.25	0.0	0.0
84.375	0.0	0.0
84.5	0.0	0.0
84.625	0.0	0.0
84.75	0.0	0.0
84.875	0.0	0.0
85.0	0.0	0.0
85.125	0.0	0.0
85.25	0.0	0.0
85.375	0.0	0.0
85.5	0.0	0.0
85.625	0.0	0.0
85.75	0.0	0.0
85.875	0.0	0.0
86.0	0.0	0.0
86.125	0.0	0.0
86.25	0.0	0.0
86.375	0.0	0.0
86.5	0.0	0.0
86.625	0.0	0.0
86.75	0.0	0.0
86.875	0.0	0.0
87.0	0.0	0.0
87.125	0.0	0.0
87.25	0.0	0.0
87.375	0.0	0.0
87.5	0.0	0.0
87.625	0.0	0.0
87.75	0.0	0.0
87.875	0.0	0.0
88.0	0.0	0.0
88.125	0.0	0.0
88.25	0.0	0.0
88.375	0.0	0.0
88.5	0.0	0.0
88.625	0.0	0.0
88.75	0.0	0.0
88.875	0.0	0.0
89.0	0.0	0.0
89.125	0.0	0.0
89.25	0.0	0.0
89.375	0.0	0.0
89.5	0.0	0.0
89.625	0.0	0.0
89.75	0.0	0.0
89.875	0.0	0.0
90.0	0.0	0.0
90.125	0.0	0.0
90.25	0.0	0.0
90.375	0.0	0.0
90.5	0.0	0.0
90.625	0.0	0.0
90.75	0.0	0.0
90.875	0.0	0.0
91.0	0.0	0.0
91.125	0.0	0.0
91.25	0.0	0.0
91.375	0.0	0.0
91.5	0.0	0.0
91.625	0.0	0.0
91.75	0.0	0.0
91.875	0.0	0.0
92.0	0.0	0.0
92.125	0.0	0.0
92.25	0.0	0.0
92.375	0.0	0.0
92.5	0.0	0.0
92.625	0.0	0.0
92.75	0.0	0.0
92.875	0.0	0.0
93.0	0.0	0.0
93.125	0.0	0.0
93.25	0.0	0.0
93.375	0.0	0.0
93.5	0.0	0.0
93.625	0.0	0.0
93.75	0.0	0.0
93.875	0.0	0.0
94.0	0.0	0.0
94.125	0.0	0.0
94.25	0.0	0.0
94.375	0.0	0.0
94.5	0.0	0.0
94.625	0.0	0.0
94.75	0.0	0.0
94.875	0.0	0.0
95.0	0.0	0.0
95.125	0.0	0.0
95.25	0.0	0.0
95.375	0.0	0.0
95.5	0.0	0.0
95.625	0.0	0.0
95.75	0.0	0.0
95.875	0.0	0.0
96.0	0.0	0.0
96.125	0.0	0.0
96.25	0.0	0.0
96.375	0.0	0.0
96.5	0.0	0.0
96.625	0.0	0.0
96.75	0.0	0.0
96.875	0.0	0.0
97.0	0.0	0.0
97.125	0.0	0.0
97.25	0.0	0.0
97.375	0.0	0.0
97.5	0.0	0.0
97.625	0.0	0.0
97.75	0.0	0.0
97.875	0.0	0.0
98.0	0.0	0.0
98.125	0.0	0.0
98.25	0.0	0.0
98.375	0.0	0.0
98.5	0.0	0.0
98.625	0.0	0.0
98.75	0.0	0.0
98.875	0.0	0.0
99.0	0.0	0.0
99.125	0.0	0.0
99.25	0.0	0.0
99.375	0.0	0.0
99.5	0.0	0.0
99.625	0.0	0.0
99.75	0.0	0.0
99.875	0.0	0.0
100.0	0.0	0.0
100.125	0.0	0.0
100.25	0.0	0.0
100.375	0.0	0.0
100.5	0.0	0.0
100.625	0.0	0.0
100.75	0.0	0.0
100.875	0.0	0.0
101.0	0.0	0.0
101.125	0.0	0.0
101.25	0.0	0.0
101.375	0.0	0.0
101.5	0.0	0.0
101.625	0.0	0.0
101.75	0.0	0.0
101.875	0.0	0.0
102.0	0.0	0.0
102.125	0.0	0.0
102.25	0.0	0.0
102.375	0.0	0.0
102.5	0.0	0.0
102.625	0.0	0.0
102.75	0.0	0.0
102.875	0.0	0.0
103.0	0.0	0.0
103.125	0.0	0.0
103.25	0.0	0.0
103.375	0.0	0.0
103.5	0.0	0.0
103.625	0.0	0.0
103.75	0.0	0.0
103.875	0.0	0.0
104.0	0.0	0.0
104.125	0.0	0.0
104.25	0.0	0.0
104.375	0.0	0.0
104.5	0.0	0.0
104.625	0.0	0.0
104.75	0.0	0.0
104.875	0.0	0.0
105.0	0.0	0.0
105.125	0.0	0.0
105.25	0.0	0.0
105.375	0.0	0.0
105.5	0.0	0.0
105.625	0.0	0.0
105.75	0.0	0.0
105.875	0.0	0.0
106.0	0.0	0.0
106.125	0.0	0.0
106.25	0.0	0.0
106.375	0.0	0.0
106.5	0.0	0.0
106.625	0.0	0.0
106.75	0.0	0.0
106.875	0.0	0.0
107.0	0.0	0.0
107.125	0.0	0.0
107.25	0.0	0.0
107.375	0.0	0.0
107.5	0.0	0.0
107.625	0.0	0.0
107.75	0.0	0.0
107.875	0.0	0.0
108.0	0.0	0.0
108.125	0.0	0.0
108.25	0.0	0.0
108.375	0.0	0.0
108.5	0.0	0.0
108.625	0.0	0.0
108.75	0.0	0.0
108.875	0.0	0.0
109.0	0.0	0.0
109.125	0.0	0.0
109.25	0.0	0.0
109.375	0.0	0.0
109.5	0.0	0.0
109.625	0.0	0.0
109.75	0.0	0.0
109.875	0.0	0.0
110.0	0.0	0.0
110.125	0.0	0.0
110.25	0.0	0.0
110.375	0.0	0.0
110.5	0.0	0.0
110.625	0.0	0.0
110.75	0.0	0.0
110.875	0.0	0.0
111.0	0.0	0.0
111.125	0.0	0.0
111.25	0.0	0.0
111.375	0.0	0.0
111.5	0.0	0.0
111.625	0.0	0.0
111.75	0.0	0.0
111.875	0.0	0.0
112.0	0.0	0.0
112.125	0.0	0.0
112.25	0.0	0.0
112.375	0.0	0.0
112.5	0.0	0.0
112.625	0.0	0.0
112.75	0.0	0.0
112.875	0.0	0.0
113.0	0.0	0.0
113.125	0.0	0.0
113.25	0.0	0.0
113.375	0.0	0.0
113.5	0.0	0.0
113.625	0.0	0.0
113.75	0.0	0.0
113.875	0.0	0.0
114.0	0.0	0.0
114.125	0.0	0.0
114.25	0.0	0.0
114.375	0.0	0.0
114.5	0.0	0.0
114.625	0.0	0.0
114.75	0.0	0.0
114.875	0.0	0.0
115.0	0.0	0.0
115.125	0.0	0.0
115.25	0.0	0.0
115.375	0.0	0.0
115.5	0.0	0.0
115.625	0.0	0.0
115.75	0.0	0.0
115.875	0.0	0.0
116.0	0.0	0.0
116.125	0.0	0.0
116.25	0.0	0.0
116.375	0.0	0.0
116.5	0.0	0.0
116.625	0.0	0.0
116.75	0.0	0.0
116.875	0.0	0.0
117.0	0.0	0.0
117.125	0.0	0.0
117.25	0.0	0.0
117.375	0.0	0.0
117.5	0.0	0.0
117.625	0.0	0.0
117.75	0.0	0.0
117.875	0.0	0.0
118.0	0.0	0.0
118.125	0.0	0.0
118.25	0.0	0.0
118.375	0.0	0.0
118.5	0.0	0.0
118.625	0.0	0.0
118.75	0.0	0.0
118.875	0.0	0.0
119.0	0.0	0.0
119.125	0.0	0.0
119.25	0.0	0.0
119.375	0.0	0.0
119.5	0.0	0.0
119.625	0.0	0.0
119.75	0.0	0.0
119.875	0.0	0.0
120.0	0.0	0.0
120.125	0.0	0.0
120.25	0.0	0.0
120.375	0.0	0.0
120.5	0.0	0.0
120.625	0.0	0.0
120.75	0.0	0.0
120.875	0.0	0.0
121.0	0.0	0.0
121.125	0.0	0.0
121.25	0.0	0.0
121.375	0.0	0.0
121.5	0.0	0.0
121.625	0.0	0.0
121.75	0.0	0.0
121.875	0.0	0.0
122.0	0.0	0.0
122.125	0.0	0.0
122.25	0.0	0.0
122.375	0.0	0.0
122.5	0.0	0.0
122.625	0.0	0.0
122.75	0.0	0.0
122.875	0.0	0.0
123.0	0.0	0.0
123.125	0.0	0.0
123.25	0.0	0.0
123.375	0.0	0.0
123.5	0.0	0.0
123.625	0.0	0.0
123.75	0.0	0.0
123.875	0.0	0.0
124.0	0.0	0.0
124.125	0.0	0.0
124.25	0.0	0.0
124.375	0.0	0.0
124.5	0.0	0.0
124.625	0.0	0.0
124.75	0.0	0.0
124.875	0.0	0.0
125.0	0.0	0.0
125.125	0.0	0.0
125.25	0.0	0.0
125.375	0.0	0.0
125.5	0.0	0.0
125.625	0.0	0.0
125.75	0.0	0.0
125.875	0.0	0.0
126.0	0.0	0.0
126.125	0.0	0.0
126.25	0.0	0.0
126.375	0.0	0.0
126.5	0.0	0.0
126.625	0.0	0.0
126.75	0.0	0.0
126.875	0.0	0.0
127.0	0.0	0.0
127.125	0.0	0.0
127.25	0.0	0.0
127.375	0.0	0.0
127.5	0.0	0.0
127.625	0.0	0.0
127.75	0.0	0.0
127.875	0.0	0.0
128.0	0.0	0.0
128.125	0.0	0.0
128.25	0.0	0.0
128.375	0.0	0.0
128.5	0.0	0.0
128.625	0.0	0.0
128.75	0.0	0.0
128.875	0.0	0.0
129.0	0.0	0.0
129.125	0.0	0.0
129.25	0.0	0.0
129.375	0.0	0.0
129.5	0.0	0.0
129.625	0.0	0.0
129.75	0.0	0.0
129.875	0.0	0.0
130.0	0.0	0.0
130.125	0.0	0.0
130.25	0.0	0.0
130.375	0.0	0.0
130.5	0.0	0.0
130.625	0.0	0.0
130.75	0.0	0.0
130.875	0.0	0.0
131.0	0.0	0.0
131.125	0.0	0.0
131.25	0.0	0.0
131.375	0.0	0.0
131.5	0.0	0.0
131.625	0.0	0.0
131.75	0.0	0.0
131.875	0.0	0.0
132.0	0.0	0.0
132.125	0.0	0.0
132.25	0.0	0.0
132.375	0.0	0.0
132.5	0.0	0.0
132.625	0.0	0.0
132.75	0.0	0.0
132.875	0.0	0.0
133.0	0.0	0.0
133.125	0.0	0.0
133.25	0.0	0.0
133.375	0.0	0.0
133.5	0.0	0.0
133.625	0.0	0.0
133.75	0.0	0.0
133.875	0.0	0.0
134.0	0.0	0.0
134.125	0.0	0.0
134.25	0.0	0.0
134.375	0.0	0.0
134.5	0.0	0.0
134.625	0.0	0.0
134.75	0.0	0.0
134.875	0.0	0.0
135.0	0.0	0.0
135.125	0.0	0.0
135.25	0.0	0.0
135.375	0.0	0.0
135.5	0.0	0.0
135.625	0.0	0.0
135.75	0.0	0.0
135.875	0.0	0.0
136.0	0.0	0.0
136.125	0.0	0.0
136.25	0.0	0.0
136.375	0.0	0.0
136.5	0.0	0.0
136.625	0.0	0.0
136.75	0.0	0.0
136.875	0.0	0.0
137.0	0.0	0.0
137.125	0.0	0.0
137.25	0.0	0.0
137.375	0.0	0.0
137.5	0.0	0.0
137.625	0.0	0.0
137.75	0.0	0.0
137.875	0.0	0.0
138.0	0.0	0.0
138.125	0.0	0.0
138.25	0.0	0.0
138.375	0.0	0.0
138.5	0.0	0.0
138.625	0.0	0.0
138.75	0.0	0.0
138.875	0.0	0.0
139.0	0.0	0.0
139.125	0.0	0.0
139.25	0.0	0.0
139.375	0.0	0.0
139.5	0.0	0.0
139.625	0.0	0.0
139.75	0.0	0.0
139.875	0.0	0.0
140.0	0.0	0.0
140.125	0.0	0.0
140.25	0.0	0.0
140.375	0.0	0.0
140.5	0.0	0.0
140.625	0.0	0.0
140.75	0.0	0.0
140.875	0.0	0.0
141.0	0.0	0.0
141.125	0.0	0.0
141.25	0.0	0.0
141.375	0.0	0.0
141.5	0.0	0.0
141.625	0.0	0.0
141.75	0.0	0.0
141.875	0.0	0.0
142.0	0.0	0.0
142.125	0.0	0.0
142.25	0.0	0.0
142.375	0.0	0.0
142.5	0.0	0.0
142.625	0.0	0.0
142.75	0.0	0.0
142.875	0.0	0.0
143.0	0.0	0.0
143.125	0.0	0.0
143.25	0.0	0.0
143.375	0.0	0.0
143.5	0.0	0.0
143.625	0.0	0.0
143.75	0.0	0.0
143.875	0.0	0.0
144.0	0.0	0.0
144.125	0.0	0.0
144.25	0.0	0.0
144.375	0.0	0.0
144.5	0.0	0.0
144.625	0.0	0.0
144.75	0.0	0.0
144.875	0.0	0.0
145.0	0.0	0.0
145.125	0.0	0.0
145.25	0.0	0.0
145.375	0.0	0.0
145.5	0.0	0.0
145.625	0.0	0.0
145.75	0.0	0.0
145.875	0.0	0.0
146.0	0.0	0.0
146.125	0.0	0.0
146.25	0.0	0.0
146.375	0.0	0.0
146.5	0.0	0.0
146.625	0.0	0.0
146.75	0.0	0.0
146.875	0.0	0.0
147.0	0.0	0.0
147.125	0.0	0.0
147.25	0.0	0.0
147.375	0.0	0.0
147.5	0.0	0.0
147.625	0.0	0.0
147.75	0.0	0.0
147.875	0.0	0.0
148.0	0.0	0.0
148.125	0.0	0.0
148.25	0.0	0.0
148.375	0.0	0.0
148.5	0.0	0.0
148.625	0.0	0.0
148.75	0.0	0.0
148.875	0.0	0.0
149.0	0.0	0.0
149.125	0.0	0.0
149.25	0.0	0.0
149.375	0.0	0.0
149.5	0.0	0.0
149.625	0.0	0.0
149.75	0.0	0.0
149.875	0.0	0.0
150.0	0.0	0.0
150.125	0.0	0.0
150.25	0.0	0.0
150.375	0.0	0.0
150.5	0.0	0.0
150.625	0.0	0.0
150.75	0.0	0.0
150.875	0.0	0.0
151.0	0.0	0.0
151.125	0.0	0.0
151.25	0.0	0.0
151.375	0.0	0.0
151.5	0.0	0.0
151.625	0.0	0.0
151.75	0.0	0.0
151.875	0.0	0.0
152.0	0.0	0.0
152.125	0.0	0.0
152.25	0.0	0.0
152.375	0.0	0.0
152.5	0.0	0.0
152.625	0.0	0.0
152.75	0.0	0.0
152.875	0.0	0.0
153.0	0.0	0.0
153.125	0.0	0.0
153.25	0.0	0.0
153.375	0.0	0.0
153.5	0.0	0.0
153.625	0.0	0.0
153.75	0.0	0.0
153.875	0.0	0.0
154.0	0.0	0.0
154.125	0.0	0.0
154.25	0.0	0.0
154.375	0.0	0.0
154.5	0.0	0.0
154.625	0.0	0.0
154.75	0.0	0.0
154.875	0.0	0.0
155.0	0.0	0.0
155.125	0.0	0.0
155.25	0.0	0.0
155.375	0.0	0.0
155.5	0.0	0.0
155.625	0.0	0.0
155.75	0.0	0.0
155.875	0.0	0.0
156.0	0.0	0.0
156.125	0.0	0.0
156.25	0.0	0.0
156.375	0.0	0.0
156.5	0.0	0.0
156.625	0.0	0.0
156.75	0.0	0.0
156.875	0.0	0.0
157.0	0.0	0.0
157.125	0.0	0.0
157.25	0.0	0.0
157.375	0.0	0.0
157.5	0.0	0.0
157.625	0.0	0.0
157.75	0.0	0.0
157.875	0.0	0.0
158.0	0.0	0.0
158.125	0.0	0.0
158.25	0.0	0.0
158.375	0.0	0.0
158.5	0.0	0.0
158.625	0.0	0.0
158.75	0.0	0.0
158.875	0.0	0.0
159.0	0.0	0.0
159.125	0.0	0.0
159.25	0.0	0.0
159.375	0.0	0.0
159.5	0.0	0.0
159.625	0.0	0.0
159.75	0.0	0.0
159.875	0.0	0.0
160.0	0.0	0.0
160.125	0.0	0.0
160.25	0.0	0.0
160.375	0.0	0.0
160.5	0.0	0.0
160.625	0.0	0.0
160.75	0.0	0.0
160.875	0.0	0.0
161.0	0.0	0.0
161.125	0.0	0.0
161.25	0.0	0.0
161.375	0.0	0.0
161.5	0.0	0.0
161.625	0.0	0.0
161.75	0.0	0.0
161.875	0.0	0.0
162.0	0.0	0.0
162.125	0.0	0.0
162.25	0.0	0.0
162.375	0.0	0.0
162.5	0.0	0.0
162.625	0.0	0.0
162.75	0.0	0.0
162.875	0.0	0.0
163.0	0.0	0.0
163.125	0.0	0.0
163.25	0.0	0.0
163.375	0.0	0.0
163.5	0.0	0.0
163.625	0.0	0.0
163.75	0.0	0.0
163.875	0.0	0.0
164.0	0.0	0.0
164.125	0.0	0.0
164.25	0.0	0.0
164.375	0.0	0.0
164.5	0.0	0.0
164.625	0.0	0.0
164.75	0.0	0.0
164.875	0.0	0.0
165.0	0.0	0.0
165.125	0.0	0.0
165.25	0.0	0.0
165.375	0.0	0.0
165.5	0.0	0.0
165.625	0.0	0.0
165.75	0.0	0.0
165.875	0.0	0.0
166.0	0.0	0.0
166.125	0.0	0.0
166.25	0.0	0.0
166.375	0.0	0.0
166.5	0.0	0.0
166.625	0.0	0.0
166.75	0.0	0.0
166.875	0.0	0.0
167.0	0.0	0.0
167.125	0.0	0.0
167.25	0.0	0.0
167.375	0.0	0.0
167.5	0.0	0.0
167.625	0.0	0.0
167.75	0.0	0.0
167.875	0.0	0.0
168.0	0.0	0.0
168.125	0.0	0.0
168.25	0.0	0.0
168.375	0.0	0.0
168.5	0.0	0.0
168.625	0.0	0.0
168.75	0.0	0.0
168.875	0.0	0.0
169.0	0.0	0.0
169.125	0.0	0.0
169.25	0.0	0.0
169.375	0.0	0.0
169.5	0.0	0.0
169.625	0.0	0.0
169.75	0.0	0.0
169.875	0.0	0.0
170.0	0.0	0.0
170.125	0.0	0.0
170.25	0.0	0.0
170.375	0.0	0.0
170.5	0.0	0.0
170.625	0.0	0.0
170.75	0.0	0.0
170.875	0.0	0.0
171.0	0.0	0.0
171.125	0.0	0.0
171.25	0.0	0.0
171.375	0.0	0.0
171.5	0.0	0.0
171.625	0.0	0.0
171.75	0.0	0.0
171.875	0.0	0.0
172.0	0.0	0.0
172.125	0.0	0.0
172.25	0.0	0.0
172.375	0.0	0.0
172.5	0.0	0.0
172.625	0.0	0.0
172.75	0.0	0.0
172.875	0.0	0.0
173.0	0.0	0.0
173.125	0.0	0.0
173.25	0.0	0.0
173.375	0.0	0.0
173.5	0.0	0.0
173.625	0.0	0.0
173.75	0.0	0.0
173.875	0.0	0.0
174.0	0.0	0.0
174.125	0.0	0.0
174.25	0.0	0.0
174.375	0.0	0.0
174.5	0.0	0.0
174.625	0.0	0.0
174.75	0.0	0.0
174.875	0.0	0.0
175.0	0.0	0.0
175.125	0.0	0.0
175.25	0.0	0.0
175.375	0.0	0.0
175.5	0.0	0.0
175.625	0.0	0.0
175.75	0.0	0.0
175.875	0.0	0.0
176.0	0.0	0.0
176.125	0.0	0.0
176.25	0.0	0.0
176.375	0.0	0.0
176.5	0.0	0.0
176.625	0.0	0.0
176.75	0.0	0.0
176.875	0.0	0.0
177.0	0.0	0.0
177.125	0.0	0.0
177.25	0.0	0.0
177.375	0.0	0.0
177.5	0.0	0.0
177.625	0.0	0.0
177.75	0.0	0.0
177.875	0.0	0.0
178.0	0.0	0.0
178.125	0.0	0.0
178.25	0.0	0.0
178.375	0.0	0.0
178.5	0.0	0.0
178.625	0.0	0.0
178.75	0.0	0.0
178.875	0.0	0.0
179.0	0.0	0.0
179.125	0.0	0.0
179.25	0.0	0.0
179.375	0.0	0.0
179.5	0.0	0.0
179.625	0.0	0.0
179.75	0.0	0.0
179.875	0.0	0.0
180.0	0.0	0.0
180.125	0.0	0.0
180.25	0.0	0.0
180.375	0.0	0.0
180.5	0.0	0.0
180.625	0.0	0.0
180.75	0.0	0.0
180.875	0.0	0.0
181.0	0.0	0.0
181.125	0.0	0.0
181.25	0.0	0.0
181.375	0.0	0.0
181.5	0.0	0.0
181.625	0.0	0.0
181.75	0.0	0.0
181.875	0.0	0.0
182.0	0.0	0.0
182.125	0.0	0.0
182.25	0.0	0.0
182.375	0.0	0.0
182.5	0.0	0.0
182.625	0.0	0.0
182.75	0.0	0.0
182.875	0.0	0.0
183.0	0.0	0.0
183.125	0.0	0.0
183.25	0.0	0.0
183.375	0.0	0.0
183.5	0.0	0.0
183.625	0.0	0.0
183.75	0.0	0.0
183.875	0.0	0.0
184.0	0.0	0.0
184.125	0.0	0.0
184.25	0.0	0.0
184.375	0.0	0.0
184.5	0.0	0.0
184.625	0.0	0.0
184.75	0.0	0.0
184.875	0.0	0.0
185.0	0.0	0.0
185.125	0.0	0.0
185.25	0.0	0.0
185.375	0.0	0.0
185.5	0.0	0.0
185.625	0.0	0.0
185.75	0.0	0.0
185.875	0.0	0.0
186.0	0.0	0.0
186.125	0.0	0.0
186.25	0.0	0.0
186.375	0.0	0.0
186.5	0.0	0.0
186.625	0.0	0.0
186.75	0.0	0.0
186.875	0.0	0.0
187.0	0.0	0.0
187.125	0.0	0.0
187.25	0.0	0.0
187.375	0.0	0.0
187.5	0.0	0.0
187.625	0.0	0.0
187.75	0.0	0.0
187.875	0.0	0.0
188.0	0.0	0.0
188.125	0.0	0.0
188.25	0.0	0.0
188.375	0.0	0.0
188.5	0.0	0.0
188.625	0.0	0.0
188.75	0.0	0.0
188.875	0.0	0.0
189.0	0.0	0.0
189.125	0.0	0.0
189.25	0.0	0.0
189.375	0.0	0.0
189.5	0.0	0.0
189.625	0.0	0.0
189.75	0.0	0.0
189.875	0.0	0.0
190.0	0.0	0.0
190.125	0.0	0.0
190.25	0.0	0.0
190.375	0.0	0.0
190.5	0.0	0.0
190.625	0.0	0.0
190.75	0.0	0.0
190.875	0.0	0.0
191.0	0.0	0.0
191.125	0.0	0.0
191.25	0.0	0.0
191.375	0.0	0.0
191.5	0.0	0.0
191.625	0.0	0.0
191.75	0.0	0.0
191.875	0.0	0.0
192.0	0.0	0.0
192.125	0.0	0.0
192.25	0.0	0.0
192.375	0.0	0.0
192.5	0.0	0.0
192.625	0.0	0.0
192.75	0.0	0.0
192.875	0.0	0.0
193.0	0.0	0.0
193.125	0.0	0.0
193.25	0.0	0.0
193.375	0.0	0.0
193.5	0.0	0.0
193.625	0.0	0.0
193.75	0.0	0.0
193.875	0.0	0.0
194.0	0.0	0.0
194.125	0.0	0.0
194.25	0.0	0.0
194.375	0.0	0.0
194.5	0.0	0.0
194.625	0.0	0.0
194.75	0.0	0.0
194.875	0.0	0.0
195.0	0.0	0.0
195.125	0.0	0.0
195.25	0.0	0.0
195.375	0.0	0.0
195.5	0.0	0.0
195.625	0.0	0.0
195.75	0.0	0.0
195.875	0.0	0.0
196.0	0.0	0.0
196.125	0.0	0.0
196.25	0.0	0.0
196.375	0.0	0.0
196.5	0.0	0.0
196.625	0.0	0.0
196.75	0.0	0.0
196.875	0.0	0.0
197.0	0.0	0.0
197.125	0.0	0.0
197.25	0.0	0.0
197.375	0.0	0.0
197.5	0.0	0.0
197.625	0.0	0.0
197.75	0.0	0.0
197.875	0.0	0.0
198.0	0.0	0.0
198.125	0.0	0.0
198.25	0.0	0.0
198.375	0.0	0.0
198.5	0.0	0.0
198.625	0.0	0.0
198.75	0.0	0.0
198.875	0.0	0.0
199.0	0.0	0.0
199.125	0.0	0.0
199.25	0.0	0.0
199.375	0.0	0.0
199.5	0.0	0.0
199.625	0.0	0.0
199.75	0.0	0.0
199.875	0.0	0.0
200.0	0.0	0.0
200.125	0.0	0.0
200.25	0.0	0.0
200.375	0.0	0.0
200.5	0.0	0.0
200.625	0.0	0.0
200.75	0.0	0.0
200.875	0.0	0.0
201.0	0.0	0.0
201.125	0.0	0.0
201.25	0.0	0.0
201.375	0.0	0.0
201.5	0.0	0.0
201.625	0.0	0.0
201.75	0.0	0.0
201.875	0.0	0.0
202.0	0.0	0.0
202.125	0.0	0.0
202.25	0.0	0.0
202.375	0.0	0.0
202.5	0.0	0.0
202.625	0.0	0.0
202.75	0.0	0.0
202.875	0.0	0.0
203.0	0.0	0.0
203.125	0.0	0.0
203.25	0.0	0.0
203.375	0.0	0.0
203.5	0.0	0.0
203.625	0.0	0.0
203.75	0.0	0.0
203.875	0.0	0.0
204.0	0.0	0.0
204.125	0.0	0.0
204.25	0.0	0.0
204.375	0.0	0.0
204.5	0.0	0.0
204.625	0.0	0.0
204.75	0.0	0.0
204.875	0.0	0.0
205.0	0.0	0.0
205.125	0.0	0.0
205.25	0.0	0.0
205.375	0.0	0.0
205.5	0.0	0.0
205.625	0.0	0.0
205.75	0.0	0.0
205.875	0.0	0.0
206.0	0.0	0.0
206.125	0.0	0.0
206.25	0.0	0.0
206.375	0.0	0.0
206.5	0.0	0.0
206.625	0.0	0.0
206.75	0.0	0.0
206.875	0.0	0.0
207.0	0.0	0.0
207.125	0.0	0.0
207.25	0.0	0.0
207.375	0.0	0.0
207.5	0.0	0.0
207.625	0.0	0.0
207.75	0.0	0.0
207.875	0.0	0.0
208.0	0.0	0.0
208.125	0.0	0.0
208.25	0.0	0.0
208.375	0.0	0.0
208.5	0.0	0.0
208.625	0.0	0.0
208.75	0.0	0.0
208.875	0.0	0.0
209.0	0.0	0.0
209.125	0.0	0.0
209.25	0.0	0.0
209.375	0.0	0.0
209.5	0.0	0.0
209.625	0.0	0.0
209.75	0.0	0.0
209.875	0.0	0.0
210.0	0.0	0.0
210.125	0.0	0.0
210.25	0.0	0.0
210.375	0.0	0.0
210.5	0.0	0.0
210.625	0.0	0.0
210.75	0.0	0.0
210.875	0.0	0.0
211.0	0.0	0.0
211.125	0.0	0.0
211.25	0.0	0.0
211.375	0.0	0.0
211.5	0.0	0.0
211.625	0.0	0.0
211.75	0.0	0.0
211.875	0.0	0.0
212.0	0.0	0.0
212.125	0.0	0.0
212.25	0.0	0.0
212.375	0.0	0.0
212.5	0.0	0.0
212.625	0.0	0.0
212.75	0.0	0.0
212.875	0.0	0.0
213.0	0.0	0.0
213.125	0.0	0.0
213.25	0.0	0.0
213.375	0.0	0.0
213.5	0.0	0.0
213.625	0.0	0.0
213.75	0.0	0.0
213.875	0.0	0.0
214.0	0.0	0.0
214.125	0.0	0.0
214.25	0.0	0.0
214.375	0.0	0.0
214.5	0.0	0.0
214.625	0.0	0.0
214.75	0.0	0.0
214.875	0.0	0.0
215.0	0.0	0.0
215.125	0.0	0.0
215.25	0.0	0.0
215.375	0.0	0.0
215.5	0.0	0.0
215.625	0.0	0.0
215.75	0.0	0.0
215.875	0.0	0.0
216.0	0.0	0.0
216.125	0.0	0.0
216.25	0.0	0.0
216.375	0.0	0.0
216.5	0.0	0.0
216.625	0.0	0.0
216.75	0.0	0.0
216.875	0.0	0.0
217.0	0.0	0.0
217.125	0.0	0.0
217.25	0.0	0.0
217.375	0.0	0.0
217.5	0.0	0.0
217.625	0.0	0.0
217.75	0.0	0.0
217.875	0.0	0.0
218.0	0.0	0.0
218.125	0.0	0.0
218.25	0.0	0.0
218.375	0.0	0.0
218.5	0.0	0.0
218.625	0.0	0.0
218.75	0.0	0.0
218.875	0.0	0.0
219.0	0.0	0.0
219.125	0.0	0.0
219.25	0.0	0.0
219.375	0.0	0.0
219.5	0.0	0.0
219.625	0.0	0.0
219.75	0.0	0.0
219.875	0.0	0.0
220.0	0.0	0.0
220.125	0.0	0.0
220.25	0.0	0.0
220.375	0.0	0.0
220.5	0.0	0.0
220.625	0.0	0.0
220.75	0.0	0.0
220.875	0.0	0.0
221.0	0.0	0.0
221.125	0.0	0.0
221.25	0.0	0.0
221.375	0.0	0.0
221.5	0.0	0.0
221.625	0.0	0.0
221.75	0.0	0.0
221.875	0.0	0.0
222.0	0.0	0.0
222.125	0.0	0.0
222.25	0.0	0.0
222.375	0.0	0.0
222.5	0.0	0.0
222.625	0.0	0.0
222.75	0.0	0.0
222.875	0.0	0.0
223.0	0.0	0.0
223.125	0.0	0.0
223.25	0.0	0.0
223.375	0.0	0.0
223.5	0.0	0.0
223.625	0.0	0.0
223.75	0.0	0.0
223.875	0.0	0.0
224.0	0.0	0.0
224.125	0.0	0.0
224.25	0.0	0.0
224.375	0.0	0.0
224.5	0.0	0.0
224.625	0.0	0.0
224.75	0.0	0.0
224.875	0.0	0.0
225.0	0.0	0.0
225.125	0.0	0.0
225.25	0.0	0.0
225.375	0.0	0.0
225.5	0.0	0.0
225.625	0.0	0.0
225.75	0.0	0.0
225.875	0.0	0.0
226.0	0.0	0.0
226.125	0.0	0.0
226.25	0.0	0.0
226.375	0.0	0.0
226.5	0.0	0.0
226.625	0.0	0.0
226.75	0.0	0.0
226.875	0.0	0.0
227.0	0.0	0.0
227.125	0.0	0.0
227.25	0.0	0.0
227.375	0.0	0.0
227.5	0.0	0.0
227.625	0.0	0.0
227.75	0.0	0.0
227.875	0.0	0.0
228.0	0.0	0.0
228.125	0.0	0.0
228.25	0.0	0.0
228.375	0.0	0.0
228.5	0.0	0.0
228.625	0.0	0.0
228.75	0.0	0.0
228.875	0.0	0.0
229.0	0.0	0.0
229.125	0.0	0.0
229.25	0.0	0.0
229.375	0.0	0.0
229.5	0.0	0.0
229.625	0.0	0.0
229.75	0.0	0.0
229.875	0.0	0.0
230.0	0.0	0.0
230.125	0.0	0.0
230.25	0.0	0.0
230.375	0.0	0.0
230.5	0.0	0.0
230.625	0.0	0.0
230.75	0.0	0.0
230.875	0.0	0.0
231.0	0.0	0.0
231.125	0.0	0.0
231.25	0.0	0.0
231.375	0.0	0.0
231.5	0.0	0.0
231.625	0.0	0.0
231.75	0.0	0.0
231.875	0.0	0.0
232.0	0.0	0.0
232.125	0.0	0.0
232.25	0.0	0.0
232.375	0.0	0.0
232.5	0.0	0.0
232.625	0.0	0.0
232.75	0.0	0.0
232.875	0.0	0.0
233.0	0.0	0.0
233.125	0.0	0.0
233.25	0.0	0.0
233.375	0.0	0.0
233.5	0.0	0.0
233.625	0.0	0.0
233.75	0.0	0.0
233.875	0.0	0.0
234.0	0.0	0.0
234.125	0.0	0.0
234.25	0.0	0.0
234.375	0.0	0.0
234.5	0.0	0.0
234.625	0.0	0.0
234.75	0.0	0.0
234.875	0.0	0.0
235.0	0.0	0.0
235.125	0.0	0.0
235.25	0.0	0.0
235.375	0.0	0.0
235.5	0.0	0.0
235.625	0.0	0.0
235.75	0.0	0.0
235.875	0.0	0.0
236.0	0.0	0.0
236.125	0.0	0.0
236.25	0.0	0.0
236.375	0.0	0.0
236.5	0.0	0.0
236.625	0.0	0.0
236.75	0.0	0.0
236.875	0.0	0.0
237.0	0.0	0.0
237.125	0.0	0.0
237.25	0.0	0.0
237.375	0.0	0.0
237.5	0.0	0.0
237.625	0.0	0.0
237.75	0.0	0.0
237.875	0.0	0.0
238.0	0.0	0.0
238.125	0.0	0.0
238.25	0.0	0.0
238.375	0.0	0.0
238.5	0.0	0.0
238.625	0.0	0.0
238.75	0.0	0.0
238.875	0.0	0.0
239.0	0.0	0.0
239.125	0.0	0.0
239.25	0.0	0.0
239.375	0.0	0.0
239.5	0.0	0.0
239.625	0.0	0.0
239.75	0.0	0.0
239.875	0.0	0.0
240.0	0.0	0.0
240.125	0.0	0.0
240.25	0.0	0.0
240.375	0.0	0.0
240.5	0.0	0.0
240.625	0.0	0.0
240.75	0.0	0.0
240.875	0.0	0.0
241.0	0.0	0.0
241.125	0.0	0.0
241.25	0.0	0.0
241.375	0.0	0.0
241.5	0.0	0.0
241.625	0.0	0.0
241.75	0.0	0.0
241.875	0.0	0.0
242.0	0.0	0.0
242.125	0.0	0.0
242.25	0.0	0.0
242.375	0.0	0.0
242.5	0.0	0.0
242.625	0.0	0.0
242.75	0.0	0.0
242.875	0.0	0.0
243.0	0.0	0.0
243.125	0.0	0.0
243.25	0.0	0.0
243.375	0.0	0.0
243.5	0.0	0.0
243.625	0.0	0.0
243.75	0.0	0.0
243.875	0.0	0.0
244.0	0.0	0.0
244.125	0.0	0.0
244.25	0.0	0.0
244.375	0.0	0.0
244.5	0.0	0.0
244.625	0.0	0.0
244.75	0.0	0.0
244.875	0.0	0.0
245.0	0.0	0.0
245.125	0.0	0.0
245.25	0.0	0.0
245.375	0.0	0.0
245.5	0.0	0.0
245.625	0.0	0.0
245.75	0.0	0.0
245.875	0.0	0.0
246.0	0.0	0.0
246.125	0.0	0.0
246.25	0.0	0.0
246.375	0.0	0.0
246.5	0.0	0.0
246.625	0.0	0.0
246.75	0.0	0.0
246.875	0.0	0.0
247.0	0.0	0.0
247.125	0.0	0.0
247.25	0.0	0.0
247.375	0.0	0.0
247.5	0.0	0.0
