-264.375	0.0	0.0
-264.25	0.0	0.0
-264.125	0.0	0.0
-264.0	0.0	0.0
-263.875	0.0	0.0
-263.75	0.0	0.0
-263.625	0.0	0.0
-263.5	0.0	0.0
-263.375	0.0	0.0
-263.25	0.0	0.0
-263.125	0.0	0.0
-263.0	0.0	0.0
-262.875	0.0	0.0
-262.75	0.0	0.0
-262.625	0.0	0.0
-262.5	0.0	0.0
-262.375	0.0	0.0
-262.25	0.0	0.0
-262.125	0.0	0.0
-262.0	0.0	0.0
-261.875	0.0	0.0
-261.75	0.0	0.0
-261.625	0.0	0.0
-261.5	0.0	0.0
-261.375	0.0	0.0
-261.25	0.0	0.0
-261.125	0.0	0.0
-261.0	0.0	0.0
-260.875	0.0	0.0
-260.75	0.0	0.0
-260.625	0.0	0.0
-260.5	0.0	0.0
-260.375	0.0	0.0
-260.25	0.0	0.0
-260.125	0.0	0.0
-260.0	0.0	0.0
-259.875	0.0	0.0
-259.75	0.0	0.0
-259.625	0.0	0.0
-259.5	0.0	0.0
-259.375	0.0	0.0
-259.25	0.0	0.0
-259.125	0.0	0.0
-259.0	0.0	0.0
-258.875	0.0	0.0
-258.75	0.0	0.0
-258.625	0.0	0.0
-258.5	0.0	0.0
-258.375	0.0	0.0
-258.25	0.0	0.0
-258.125	0.0	0.0
-258.0	0.0	0.0
-257.875	0.0	0.0
-257.75	0.0	0.0
-257.625	0.0	0.0
-257.5	0.0	0.0
-257.375	0.0	0.0
-257.25	0.0	0.0
-257.125	0.0	0.0
-257.0	0.0	0.0
-256.875	0.0	0.0
-256.75	0.0	0.0
-256.625	0.0	0.0
-256.5	0.0	0.0
-256.375	0.0	0.0
-256.25	0.0	0.0
-256.125	0.0	0.0
-256.0	0.0	0.0
-255.875	0.0	0.0
-255.75	0.0	0.0
-255.625	0.0	0.0
-255.5	0.0	0.0
-255.375	0.0	0.0
-255.25	0.0	0.0
-255.125	0.0	0.0
-255.0	0.0	0.0
-254.875	0.0	0.0
-254.75	0.0	0.0
-254.625	0.0	0.0
-254.5	0.0	0.0
-254.375	0.0	0.0
-254.25	0.0	0.0
-254.125	0.0	0.0
-254.0	0.0	0.0
-253.875	0.0	0.0
-253.75	0.0	0.0
-253.625	0.0	0.0
-253.5	0.0	0.0
-253.375	0.0	0.0
-253.25	0.0	0.0
-253.125	0.0	0.0
-253.0	0.0	0.0
-252.875	0.0	0.0
-252.75	0.0	0.0
-252.625	0.0	0.0
-252.5	0.0	0.0
-252.375	0.0	0.0
-252.25	0.0	0.0
-252.125	0.0	0.0
-252.0	0.0	0.0
-251.875	0.0	0.0
-251.75	0.0	0.0
-251.625	0.0	0.0
-251.5	0.0	0.0
-251.375	0.0	0.0
-251.25	0.0	0.0
-251.125	0.0	0.0
-251.0	0.0	0.0
-250.875	0.0	0.0
-250.75	0.0	0.0
-250.625	0.0	0.0
-250.5	0.0	0.0
-250.375	0.0	0.0
-250.25	0.0	0.0
-250.125	0.0	0.0
-250.0	0.0	0.0
-249.875	0.0	0.0
-249.75	0.0	0.0
-249.625	0.0	0.0
-249.5	0.0	0.0
-249.375	0.0	0.0
-249.25	0.0	0.0
-249.125	0.0	0.0
-249.0	0.0	0.0
-248.875	0.0	0.0
-248.75	0.0	0.0
-248.625	0.0	0.0
-248.5	0.0	0.0
-248.375	0.0	0.0
-248.25	0.0	0.0
-248.125	0.0	0.0
-248.0	0.0	0.0
-247.875	0.0	0.0
-247.75	0.0	0.0
-247.625	0.0	0.0
-247.5	0.0	0.0
-247.375	0.0	0.0
-247.25	0.0	0.0
-247.125	0.0	0.0
-247.0	0.0	0.0
-246.875	0.0	0.0
-246.75	0.0	0.0
-246.625	0.0	0.0
-246.5	0.0	0.0
-246.375	0.0	0.0
-246.25	0.0	0.0
-246.125	0.0	0.0
-246.0	0.0	0.0
-245.875	0.0	0.0
-245.75	0.0	0.0
-245.625	0.0	0.0
-245.5	0.0	0.0
-245.375	0.0	0.0
-245.25	0.0	0.0
-245.125	0.0	0.0
-245.0	0.0	0.0
-244.875	0.0	0.0
-244.75	0.0	0.0
-244.625	0.0	0.0
-244.5	0.0	0.0
-244.375	0.0	0.0
-244.25	0.0	0.0
-244.125	0.0	0.0
-244.0	0.0	0.0
-243.875	0.0	0.0
-243.75	0.0	0.0
-243.625	0.0	0.0
-243.5	0.0	0.0
-243.375	0.0	0.0
-243.25	0.0	0.0
-243.125	0.0	0.0
-243.0	0.0	0.0
-242.875	0.0	0.0
-242.75	0.0	0.0
-242.625	0.0	0.0
-242.5	0.0	0.0
-242.375	0.0	0.0
-242.25	0.0	0.0
-242.125	0.0	0.0
-242.0	0.0	0.0
-241.875	0.0	0.0
-241.75	0.0	0.0
-241.625	0.0	0.0
-241.5	0.0	0.0
-241.375	0.0	0.0
-241.25	0.0	0.0
-241.125	0.0	0.0
-241.0	0.0	0.0
-240.875	0.0	0.0
-240.75	0.0	0.0
-240.625	0.0	0.0
-240.5	0.0	0.0
-240.375	0.0	0.0
-240.25	0.0	0.0
-240.125	0.0	0.0
-240.0	0.0	0.0
-239.875	0.0	0.0
-239.75	0.0	0.0
-239.625	0.0	0.0
-239.5	0.0	0.0
-239.375	0.0	0.0
-239.25	0.0	0.0
-239.125	0.0	0.0
-239.0	0.0	0.0
-238.875	0.0	0.0
-238.75	0.0	0.0
-238.625	0.0	0.0
-238.5	0.0	0.0
-238.375	0.0	0.0
-238.25	0.0	0.0
-238.125	0.0	0.0
-238.0	0.0	0.0
-237.875	0.0	0.0
-237.75	0.0	0.0
-237.625	0.0	0.0
-237.5	0.0	0.0
-237.375	0.0	0.0
-237.25	0.0	0.0
-237.125	0.0	0.0
-237.0	0.0	0.0
-236.875	0.0	0.0
-236.75	0.0	0.0
-236.625	0.0	0.0
-236.5	0.0	0.0
-236.375	0.0	0.0
-236.25	0.0	0.0
-236.125	0.0	0.0
-236.0	0.0	0.0
-235.875	0.0	0.0
-235.75	0.0	0.0
-235.625	0.0	0.0
-235.5	0.0	0.0
-235.375	0.0	0.0
-235.25	0.0	0.0
-235.125	0.0	0.0
-235.0	0.0	0.0
-234.875	0.0	0.0
-234.75	0.0	0.0
-234.625	0.0	0.0
-234.5	0.0	0.0
-234.375	0.0	0.0
-234.25	0.0	0.0
-234.125	0.0	0.0
-234.0	0.0	0.0
-233.875	0.0	0.0
-233.75	0.0	0.0
-233.625	0.0	0.0
-233.5	0.0	0.0
-233.375	0.0	0.0
-233.25	0.0	0.0
-233.125	0.0	0.0
-233.0	0.0	0.0
-232.875	0.0	0.0
-232.75	0.0	0.0
-232.625	0.0	0.0
-232.5	0.0	0.0
-232.375	0.0	0.0
-232.25	0.0	0.0
-232.125	0.0	0.0
-232.0	0.0	0.0
-231.875	0.0	0.0
-231.75	0.0	0.0
-231.625	0.0	0.0
-231.5	0.0	0.0
-231.375	0.0	0.0
-231.25	0.0	0.0
-231.125	0.0	0.0
-231.0	0.0	0.0
-230.875	0.0	0.0
-230.75	0.0	0.0
-230.625	0.0	0.0
-230.5	0.0	0.0
-230.375	0.0	0.0
-230.25	0.0	0.0
-230.125	0.0	0.0
-230.0	0.0	0.0
-229.875	0.0	0.0
-229.75	0.0	0.0
-229.625	0.0	0.0
-229.5	0.0	0.0
-229.375	0.0	0.0
-229.25	0.0	0.0
-229.125	0.0	0.0
-229.0	0.0	0.0
-228.875	0.0	0.0
-228.75	0.0	0.0
-228.625	0.0	0.0
-228.5	0.0	0.0
-228.375	0.0	0.0
-228.25	0.0	0.0
-228.125	0.0	0.0
-228.0	0.0	0.0
-227.875	0.0	0.0
-227.75	0.0	0.0
-227.625	0.0	0.0
-227.5	0.0	0.0
-227.375	0.0	0.0
-227.25	0.0	0.0
-227.125	0.0	0.0
-227.0	0.0	0.0
-226.875	0.0	0.0
-226.75	0.0	0.0
-226.625	0.0	0.0
-226.5	0.0	0.0
-226.375	0.0	0.0
-226.25	0.0	0.0
-226.125	0.0	0.0
-226.0	0.0	0.0
-225.875	0.0	0.0
-225.75	0.0	0.0
-225.625	0.0	0.0
-225.5	0.0	0.0
-225.375	0.0	0.0
-225.25	0.0	0.0
-225.125	0.0	0.0
-225.0	0.0	0.0
-224.875	0.0	0.0
-224.75	0.0	0.0
-224.625	0.0	0.0
-224.5	0.0	0.0
-224.375	0.0	0.0
-224.25	0.0	0.0
-224.125	0.0	0.0
-224.0	0.0	0.0
-223.875	0.0	0.0
-223.75	0.0	0.0
-223.625	0.0	0.0
-223.5	0.0	0.0
-223.375	0.0	0.0
-223.25	0.0	0.0
-223.125	0.0	0.0
-223.0	0.0	0.0
-222.875	0.0	0.0
-222.75	0.0	0.0
-222.625	0.0	0.0
-222.5	0.0	0.0
-222.375	0.0	0.0
-222.25	0.0	0.0
-222.125	0.0	0.0
-222.0	0.0	0.0
-221.875	0.0	0.0
-221.75	0.0	0.0
-221.625	0.0	0.0
-221.5	0.0	0.0
-221.375	0.0	0.0
-221.25	0.0	0.0
-221.125	0.0	0.0
-221.0	0.0	0.0
-220.875	0.0	0.0
-220.75	0.0	0.0
-220.625	0.0	0.0
-220.5	0.0	0.0
-220.375	0.0	0.0
-220.25	0.0	0.0
-220.125	0.0	0.0
-220.0	0.0	0.0
-219.875	0.0	0.0
-219.75	0.0	0.0
-219.625	0.0	0.0
-219.5	0.0	0.0
-219.375	0.0	0.0
-219.25	0.0	0.0
-219.125	0.0	0.0
-219.0	0.0	0.0
-218.875	0.0	0.0
-218.75	0.0	0.0
-218.625	0.0	0.0
-218.5	0.0	0.0
-218.375	0.0	0.0
-218.25	0.0	0.0
-218.125	0.0	0.0
-218.0	0.0	0.0
-217.875	0.0	0.0
-217.75	0.0	0.0
-217.625	0.0	0.0
-217.5	0.0	0.0
-217.375	0.0	0.0
-217.25	0.0	0.0
-217.125	0.0	0.0
-217.0	0.0	0.0
-216.875	0.0	0.0
-216.75	0.0	0.0
-216.625	0.0	0.0
-216.5	0.0	0.0
-216.375	0.0	0.0
-216.25	0.0	0.0
-216.125	0.0	0.0
-216.0	0.0	0.0
-215.875	0.0	0.0
-215.75	0.0	0.0
-215.625	0.0	0.0
-215.5	0.0	0.0
-215.375	0.0	0.0
-215.25	0.0	0.0
-215.125	0.0	0.0
-215.0	0.0	0.0
-214.875	0.0	0.0
-214.75	0.0	0.0
-214.625	0.0	0.0
-214.5	0.0	0.0
-214.375	0.0	0.0
-214.25	0.0	0.0
-214.125	0.0	0.0
-214.0	0.0	0.0
-213.875	0.0	0.0
-213.75	0.0	0.0
-213.625	0.0	0.0
-213.5	0.0	0.0
-213.375	0.0	0.0
-213.25	0.0	0.0
-213.125	0.0	0.0
-213.0	0.0	0.0
-212.875	0.0	0.0
-212.75	0.0	0.0
-212.625	0.0	0.0
-212.5	0.0	0.0
-212.375	0.0	0.0
-212.25	0.0	0.0
-212.125	0.0	0.0
-212.0	0.0	0.0
-211.875	0.0	0.0
-211.75	0.0	0.0
-211.625	0.0	0.0
-211.5	0.0	0.0
-211.375	0.0	0.0
-211.25	0.0	0.0
-211.125	0.0	0.0
-211.0	0.0	0.0
-210.875	0.0	0.0
-210.75	0.0	0.0
-210.625	0.0	0.0
-210.5	0.0	0.0
-210.375	0.0	0.0
-210.25	0.0	0.0
-210.125	0.0	0.0
-210.0	0.0	0.0
-209.875	0.0	0.0
-209.75	0.0	0.0
-209.625	0.0	0.0
-209.5	0.0	0.0
-209.375	0.0	0.0
-209.25	0.0	0.0
-209.125	0.0	0.0
-209.0	0.0	0.0
-208.875	0.0	0.0
-208.75	0.0	0.0
-208.625	0.0	0.0
-208.5	0.0	0.0
-208.375	0.0	0.0
-208.25	0.0	0.0
-208.125	0.0	0.0
-208.0	0.0	0.0
-207.875	0.0	0.0
-207.75	0.0	0.0
-207.625	0.0	0.0
-207.5	0.0	0.0
-207.375	0.0	0.0
-207.25	0.0	0.0
-207.125	0.0	0.0
-207.0	0.0	0.0
-206.875	0.0	0.0
-206.75	0.0	0.0
-206.625	0.0	0.0
-206.5	0.0	0.0
-206.375	0.0	0.0
-206.25	0.0	0.0
-206.125	0.0	0.0
-206.0	0.0	0.0
-205.875	0.0	0.0
-205.75	0.0	0.0
-205.625	0.0	0.0
-205.5	0.0	0.0
-205.375	0.0	0.0
-205.25	0.0	0.0
-205.125	0.0	0.0
-205.0	0.0	0.0
-204.875	0.0	0.0
-204.75	0.0	0.0
-204.625	0.0	0.0
-204.5	0.0	0.0
-204.375	0.0	0.0
-204.25	0.0	0.0
-204.125	0.0	0.0
-204.0	0.0	0.0
-203.875	0.0	0.0
-203.75	0.0	0.0
-203.625	0.0	0.0
-203.5	0.0	0.0
-203.375	0.0	0.0
-203.25	0.0	0.0
-203.125	0.0	0.0
-203.0	0.0	0.0
-202.875	0.0	0.0
-202.75	0.0	0.0
-202.625	0.0	0.0
-202.5	0.0	0.0
-202.375	0.0	0.0
-202.25	0.0	0.0
-202.125	0.0	0.0
-202.0	0.0	0.0
-201.875	0.0	0.0
-201.75	0.0	0.0
-201.625	0.0	0.0
-201.5	0.0	0.0
-201.375	0.0	0.0
-201.25	0.0	0.0
-201.125	0.0	0.0
-201.0	0.0	0.0
-200.875	0.0	0.0
-200.75	0.0	0.0
-200.625	0.0	0.0
-200.5	0.0	0.0
-200.375	0.0	0.0
-200.25	0.0	0.0
-200.125	0.0	0.0
-200.0	0.0	0.0
-199.875	0.0	0.0
-199.75	0.0	0.0
-199.625	0.0	0.0
-199.5	0.0	0.0
-199.375	0.0	0.0
-199.25	0.0	0.0
-199.125	0.0	0.0
-199.0	0.0	0.0
-198.875	0.0	0.0
-198.75	0.0	0.0
-198.625	0.0	0.0
-198.5	0.0	0.0
-198.375	0.0	0.0
-198.25	0.0	0.0
-198.125	0.0	0.0
-198.0	0.0	0.0
-197.875	0.0	0.0
-197.75	0.0	0.0
-197.625	0.0	0.0
-197.5	0.0	0.0
-197.375	0.0	0.0
-197.25	0.0	0.0
-197.125	0.0	0.0
-197.0	0.0	0.0
-196.875	0.0	0.0
-196.75	0.0	0.0
-196.625	0.0	0.0
-196.5	0.0	0.0
-196.375	0.0	0.0
-196.25	0.0	0.0
-196.125	0.0	0.0
-196.0	0.0	0.0
-195.875	0.0	0.0
-195.75	0.0	0.0
-195.625	0.0	0.0
-195.5	0.0	0.0
-195.375	0.0	0.0
-195.25	0.0	0.0
-195.125	0.0	0.0
-195.0	0.0	0.0
-194.875	0.0	0.0
-194.75	0.0	0.0
-194.625	0.0	0.0
-194.5	0.0	0.0
-194.375	0.0	0.0
-194.25	0.0	0.0
-194.125	0.0	0.0
-194.0	0.0	0.0
-193.875	0.0	0.0
-193.75	0.0	0.0
-193.625	0.0	0.0
-193.5	0.0	0.0
-193.375	0.0	0.0
-193.25	0.0	0.0
-193.125	0.0	0.0
-193.0	0.0	0.0
-192.875	0.0	0.0
-192.75	0.0	0.0
-192.625	0.0	0.0
-192.5	0.0	0.0
-192.375	0.0	0.0
-192.25	0.0	0.0
-192.125	0.0	0.0
-192.0	0.0	0.0
-191.875	0.0	0.0
-191.75	0.0	0.0
-191.625	0.0	0.0
-191.5	0.0	0.0
-191.375	0.0	0.0
-191.25	0.0	0.0
-191.125	0.0	0.0
-191.0	0.0	0.0
-190.875	0.0	0.0
-190.75	0.0	0.0
-190.625	0.0	0.0
-190.5	0.0	0.0
-190.375	0.0	0.0
-190.25	0.0	0.0
-190.125	0.0	0.0
-190.0	0.0	0.0
-189.875	0.0	0.0
-189.75	0.0	0.0
-189.625	0.0	0.0
-189.5	0.0	0.0
-189.375	0.0	0.0
-189.25	0.0	0.0
-189.125	0.0	0.0
-189.0	0.0	0.0
-188.875	0.0	0.0
-188.75	0.0	0.0
-188.625	0.0	0.0
-188.5	0.0	0.0
-188.375	0.0	0.0
-188.25	0.0	0.0
-188.125	0.0	0.0
-188.0	0.0	0.0
-187.875	0.0	0.0
-187.75	0.0	0.0
-187.625	0.0	0.0
-187.5	0.0	0.0
-187.375	0.0	0.0
-187.25	0.0	0.0
-187.125	0.0	0.0
-187.0	0.0	0.0
-186.875	0.0	0.0
-186.75	0.0	0.0
-186.625	0.0	0.0
-186.5	0.0	0.0
-186.375	0.0	0.0
-186.25	0.0	0.0
-186.125	0.0	0.0
-186.0	0.0	0.0
-185.875	0.0	0.0
-185.75	0.0	0.0
-185.625	0.0	0.0
-185.5	0.0	0.0
-185.375	0.0	0.0
-185.25	0.0	0.0
-185.125	0.0	0.0
-185.0	0.0	0.0
-184.875	0.0	0.0
-184.75	0.0	0.0
-184.625	0.0	0.0
-184.5	0.0	0.0
-184.375	0.0	0.0
-184.25	0.0	0.0
-184.125	0.0	0.0
-184.0	0.0	0.0
-183.875	0.0	0.0
-183.75	0.0	0.0
-183.625	0.0	0.0
-183.5	0.0	0.0
-183.375	0.0	0.0
-183.25	0.0	0.0
-183.125	0.0	0.0
-183.0	0.0	0.0
-182.875	0.0	0.0
-182.75	0.0	0.0
-182.625	0.0	0.0
-182.5	0.0	0.0
-182.375	0.0	0.0
-182.25	0.0	0.0
-182.125	0.0	0.0
-182.0	0.0	0.0
-181.875	0.0	0.0
-181.75	0.0	0.0
-181.625	0.0	0.0
-181.5	0.0	0.0
-181.375	0.0	0.0
-181.25	0.0	0.0
-181.125	0.0	0.0
-181.0	0.0	0.0
-180.875	0.0	0.0
-180.75	0.0	0.0
-180.625	0.0	0.0
-180.5	0.0	0.0
-180.375	0.0	0.0
-180.25	0.0	0.0
-180.125	0.0	0.0
-180.0	0.0	0.0
-179.875	0.0	0.0
-179.75	0.0	0.0
-179.625	0.0	0.0
-179.5	0.0	0.0
-179.375	0.0	0.0
-179.25	0.0	0.0
-179.125	0.0	0.0
-179.0	0.0	0.0
-178.875	0.0	0.0
-178.75	0.0	0.0
-178.625	0.0	0.0
-178.5	0.0	0.0
-178.375	0.0	0.0
-178.25	0.0	0.0
-178.125	0.0	0.0
-178.0	0.0	0.0
-177.875	0.0	0.0
-177.75	0.0	0.0
-177.625	0.0	0.0
-177.5	0.0	0.0
-177.375	0.0	0.0
-177.25	0.0	0.0
-177.125	0.0	0.0
-177.0	0.0	0.0
-176.875	0.0	0.0
-176.75	0.0	0.0
-176.625	0.0	0.0
-176.5	0.0	0.0
-176.375	0.0	0.0
-176.25	0.0	0.0
-176.125	0.0	0.0
-176.0	0.0	0.0
-175.875	0.0	0.0
-175.75	0.0	0.0
-175.625	0.0	0.0
-175.5	0.0	0.0
-175.375	0.0	0.0
-175.25	0.0	0.0
-175.125	0.0	0.0
-175.0	0.0	0.0
-174.875	0.0	0.0
-174.75	0.0	0.0
-174.625	0.0	0.0
-174.5	0.0	0.0
-174.375	0.0	0.0
-174.25	0.0	0.0
-174.125	0.0	0.0
-174.0	0.0	0.0
-173.875	0.0	0.0
-173.75	0.0	0.0
-173.625	0.0	0.0
-173.5	0.0	0.0
-173.375	0.0	0.0
-173.25	0.0	0.0
-173.125	0.0	0.0
-173.0	0.0	0.0
-172.875	0.0	0.0
-172.75	0.0	0.0
-172.625	0.0	0.0
-172.5	0.0	0.0
-172.375	0.0	0.0
-172.25	0.0	0.0
-172.125	0.0	0.0
-172.0	0.0	0.0
-171.875	0.0	0.0
-171.75	0.0	0.0
-171.625	0.0	0.0
-171.5	0.0	0.0
-171.375	0.0	0.0
-171.25	0.0	0.0
-171.125	0.0	0.0
-171.0	0.0	1.0e-6
-170.875	0.0	1.0e-6
-170.75	0.0	2.0e-6
-170.625	0.0	2.0e-6
-170.5	0.0	2.0e-6
-170.375	0.0	3.0e-6
-170.25	0.0	3.0e-6
-170.125	0.0	3.0e-6
-170.0	0.0	4.0e-6
-169.875	0.0	4.0e-6
-169.75	0.0	4.0e-6
-169.625	0.0	5.0e-6
-169.5	0.0	5.0e-6
-169.375	0.0	5.0e-6
-169.25	0.0	6.0e-6
-169.125	0.0	6.0e-6
-169.0	0.0	6.0e-6
-168.875	0.0	6.0e-6
-168.75	0.0	6.0e-6
-168.625	0.0	6.0e-6
-168.5	0.0	6.0e-6
-168.375	0.0	6.0e-6
-168.25	0.0	6.0e-6
-168.125	0.0	6.0e-6
-168.0	0.0	5.0e-6
-167.875	0.0	5.0e-6
-167.75	0.0	4.0e-6
-167.625	0.0	4.0e-6
-167.5	0.0	3.0e-6
-167.375	0.0	2.0e-6
-167.25	0.0	0.0
-167.125	0.0	0.0
-167.0	0.0	-2.0e-6
-166.875	0.0	-4.0e-6
-166.75	0.0	-6.0e-6
-166.625	0.0	-8.0e-6
-166.5	0.0	-1.0e-5
-166.375	0.0	-1.2e-5
-166.25	0.0	-1.4e-5
-166.125	0.0	-1.7e-5
-166.0	0.0	-1.9e-5
-165.875	0.0	-2.2e-5
-165.75	0.0	-2.5e-5
-165.625	0.0	-2.8e-5
-165.5	0.0	-3.0e-5
-165.375	0.0	-3.3e-5
-165.25	0.0	-3.6e-5
-165.125	0.0	-3.9e-5
-165.0	0.0	-4.1e-5
-164.875	0.0	-4.4e-5
-164.75	0.0	-4.6e-5
-164.625	0.0	-4.8e-5
-164.5	0.0	-4.9e-5
-164.375	0.0	-5.0e-5
-164.25	0.0	-5.1e-5
-164.125	0.0	-5.1e-5
-164.0	0.0	-5.1e-5
-163.875	0.0	-5.0e-5
-163.75	0.0	-4.8e-5
-163.625	0.0	-4.6e-5
-163.5	0.0	-4.3e-5
-163.375	0.0	-3.9e-5
-163.25	0.0	-3.4e-5
-163.125	0.0	-2.8e-5
-163.0	0.0	-2.1e-5
-162.875	0.0	-1.3e-5
-162.75	0.0	-5.0e-6
-162.625	0.0	5.0e-6
-162.5	0.0	1.6e-5
-162.375	0.0	2.9e-5
-162.25	0.0	4.2e-5
-162.125	0.0	5.6e-5
-162.0	0.0	7.1e-5
-161.875	0.0	8.7e-5
-161.75	0.0	0.000104
-161.625	0.0	0.000122
-161.5	0.0	0.00014
-161.375	0.0	0.000159
-161.25	0.0	0.000178
-161.125	0.0	0.000197
-161.0	0.0	0.000216
-160.875	0.0	0.000235
-160.75	0.0	0.000253
-160.625	0.0	0.00027
-160.5	0.0	0.000287
-160.375	0.0	0.000302
-160.25	0.0	0.000315
-160.125	0.0	0.000327
-160.0	0.0	0.000336
-159.875	0.0	0.000342
-159.75	0.0	0.000346
-159.625	0.0	0.000346
-159.5	0.0	0.000342
-159.375	0.0	0.000334
-159.25	0.0	0.000322
-159.125	0.0	0.000305
-159.0	0.0	0.000283
-158.875	0.0	0.000256
-158.75	0.0	0.000223
-158.625	0.0	0.000184
-158.5	0.0	0.000139
-158.375	0.0	8.8e-5
-158.25	0.0	3.1e-5
-158.125	0.0	-3.2e-5
-158.0	0.0	-0.000102
-157.875	0.0	-0.000177
-157.75	0.0	-0.000258
-157.625	0.0	-0.000345
-157.5	0.0	-0.000437
-157.375	0.0	-0.000534
-157.25	0.0	-0.000634
-157.125	0.0	-0.000739
-157.0	0.0	-0.000846
-156.875	0.0	-0.000954
-156.75	0.0	-0.001064
-156.625	0.0	-0.001173
-156.5	0.0	-0.001281
-156.375	1.0e-6	-0.001386
-156.25	1.0e-6	-0.001487
-156.125	1.0e-6	-0.001582
-156.0	1.0e-6	-0.00167
-155.875	1.0e-6	-0.00175
-155.75	1.0e-6	-0.001819
-155.625	1.0e-6	-0.001876
-155.5	1.0e-6	-0.00192
-155.375	1.0e-6	-0.001947
-155.25	1.0e-6	-0.001957
-155.125	1.0e-6	-0.001949
-155.0	1.0e-6	-0.001919
-154.875	2.0e-6	-0.001867
-154.75	2.0e-6	-0.00179
-154.625	2.0e-6	-0.001689
-154.5	2.0e-6	-0.00156
-154.375	2.0e-6	-0.001404
-154.25	3.0e-6	-0.001218
-154.125	3.0e-6	-0.001003
-154.0	3.0e-6	-0.000758
-153.875	3.0e-6	-0.000483
-153.75	4.0e-6	-0.000177
-153.625	4.0e-6	0.000158
-153.5	4.0e-6	0.000523
-153.375	5.0e-6	0.000916
-153.25	5.0e-6	0.001335
-153.125	6.0e-6	0.001779
-153.0	6.0e-6	0.002245
-152.875	7.0e-6	0.002731
-152.75	7.0e-6	0.003232
-152.625	8.0e-6	0.003747
-152.5	9.0e-6	0.00427
-152.375	9.0e-6	0.004797
-152.25	1.0e-5	0.005323
-152.125	1.1e-5	0.005842
-152.0	1.2e-5	0.006349
-151.875	1.3e-5	0.006838
-151.75	1.4e-5	0.007302
-151.625	1.6e-5	0.007734
-151.5	1.7e-5	0.008127
-151.375	1.8e-5	0.008474
-151.25	2.0e-5	0.008767
-151.125	2.2e-5	0.009
-151.0	2.3e-5	0.009164
-150.875	2.5e-5	0.009252
-150.75	2.8e-5	0.009258
-150.625	3.0e-5	0.009173
-150.5	3.2e-5	0.008991
-150.375	3.5e-5	0.008707
-150.25	3.8e-5	0.008314
-150.125	4.1e-5	0.007808
-150.0	4.5e-5	0.007183
-149.875	4.8e-5	0.006438
-149.75	5.2e-5	0.005568
-149.625	5.7e-5	0.004573
-149.5	6.1e-5	0.003452
-149.375	6.6e-5	0.002207
-149.25	7.2e-5	0.000839
-149.125	7.7e-5	-0.000648
-149.0	8.4e-5	-0.002249
-148.875	9.0e-5	-0.003957
-148.75	9.7e-5	-0.005764
-148.625	0.000105	-0.00766
-148.5	0.000114	-0.009634
-148.375	0.000122	-0.011672
-148.25	0.000132	-0.013759
-148.125	0.000142	-0.01588
-148.0	0.000154	-0.018016
-147.875	0.000166	-0.020148
-147.75	0.000178	-0.022254
-147.625	0.000192	-0.024312
-147.5	0.000207	-0.0263
-147.375	0.000223	-0.028191
-147.25	0.00024	-0.029962
-147.125	0.000258	-0.031585
-147.0	0.000277	-0.033034
-146.875	0.000298	-0.034282
-146.75	0.000321	-0.035302
-146.625	0.000345	-0.036068
-146.5	0.00037	-0.036553
-146.375	0.000398	-0.036733
-146.25	0.000427	-0.036582
-146.125	0.000459	-0.036079
-146.0	0.000492	-0.035203
-145.875	0.000528	-0.033936
-145.75	0.000567	-0.03226
-145.625	0.000608	-0.030163
-145.5	0.000652	-0.027634
-145.375	0.000699	-0.024667
-145.25	0.000748	-0.021259
-145.125	0.000802	-0.017411
-145.0	0.000859	-0.013129
-144.875	0.000919	-0.008421
-144.75	0.000984	-0.003304
-144.625	0.001053	0.002203
-144.5	0.001126	0.008075
-144.375	0.001205	0.014283
-144.25	0.001288	0.020791
-144.125	0.001377	0.027558
-144.0	0.001471	0.034539
-143.875	0.001571	0.041683
-143.75	0.001678	0.048934
-143.625	0.001792	0.056232
-143.5	0.001912	0.063512
-143.375	0.002041	0.070705
-143.25	0.002177	0.077738
-143.125	0.002322	0.084536
-143.0	0.002475	0.091021
-142.875	0.002639	0.09711
-142.75	0.002812	0.102724
-142.625	0.002995	0.107779
-142.5	0.00319	0.112192
-142.375	0.003397	0.115881
-142.25	0.003615	0.118767
-142.125	0.003847	0.120772
-142.0	0.004093	0.121822
-141.875	0.004353	0.121847
-141.75	0.004628	0.120782
-141.625	0.00492	0.11857
-141.5	0.005228	0.11516
-141.375	0.005554	0.110509
-141.25	0.005899	0.104582
-141.125	0.006263	0.097358
-141.0	0.006648	0.088821
-140.875	0.007055	0.078971
-140.75	0.007485	0.067818
-140.625	0.007938	0.055385
-140.5	0.008417	0.041709
-140.375	0.008922	0.02684
-140.25	0.009455	0.010843
-140.125	0.010017	-0.006205
-140.0	0.010609	-0.02421
-139.875	0.011234	-0.043066
-139.75	0.011891	-0.062651
-139.625	0.012584	-0.082831
-139.5	0.013313	-0.103459
-139.375	0.014081	-0.124374
-139.25	0.014889	-0.145403
-139.125	0.015739	-0.166366
-139.0	0.016633	-0.18707
-138.875	0.017573	-0.207315
-138.75	0.01856	-0.226893
-138.625	0.019598	-0.245594
-138.5	0.020688	-0.263201
-138.375	0.021833	-0.279497
-138.25	0.023035	-0.294265
-138.125	0.024296	-0.307291
-138.0	0.025619	-0.318365
-137.875	0.027006	-0.327284
-137.75	0.028461	-0.333854
-137.625	0.029986	-0.33789
-137.5	0.031584	-0.339225
-137.375	0.033258	-0.337705
-137.25	0.03501	-0.333193
-137.125	0.036845	-0.325575
-137.0	0.038766	-0.314758
-136.875	0.040775	-0.300673
-136.75	0.042876	-0.283278
-136.625	0.045074	-0.262558
-136.5	0.04737	-0.238527
-136.375	0.049771	-0.211233
-136.25	0.052278	-0.180751
-136.125	0.054896	-0.147191
-136.0	0.057629	-0.110696
-135.875	0.060482	-0.071443
-135.75	0.063459	-0.029641
-135.625	0.066563	0.014467
-135.5	0.0698	0.060607
-135.375	0.073174	0.108473
-135.25	0.07669	0.157728
-135.125	0.080353	0.208009
-135.0	0.084167	0.258926
-134.875	0.088138	0.310064
-134.75	0.092271	0.36099
-134.625	0.096571	0.411249
-134.5	0.101043	0.460376
-134.375	0.105694	0.507891
-134.25	0.110527	0.55331
-134.125	0.11555	0.596145
-134.0	0.120767	0.635909
-133.875	0.126185	0.672122
-133.75	0.131809	0.704313
-133.625	0.137647	0.732029
-133.5	0.143702	0.754834
-133.375	0.149983	0.77232
-133.25	0.156495	0.784107
-133.125	0.163245	0.789851
-133.0	0.170238	0.789244
-132.875	0.177482	0.782025
-132.75	0.184983	0.767978
-132.625	0.192747	0.746941
-132.5	0.200782	0.718804
-132.375	0.209094	0.683519
-132.25	0.217689	0.641095
-132.125	0.226576	0.591608
-132.0	0.235759	0.535196
-131.875	0.245247	0.472066
-131.75	0.255046	0.40249
-131.625	0.265164	0.326809
-131.5	0.275606	0.245429
-131.375	0.28638	0.158824
-131.25	0.297494	0.067529
-131.125	0.308952	-0.027859
-131.0	0.320764	-0.126682
-130.875	0.332934	-0.228231
-130.75	0.345471	-0.331746
-130.625	0.358381	-0.436422
-130.5	0.37167	-0.541413
-130.375	0.385345	-0.645842
-130.25	0.399413	-0.748805
-130.125	0.41388	-0.849377
-130.0	0.428752	-0.946625
-129.875	0.444035	-1.039607
-129.75	0.459736	-1.127391
-129.625	0.47586	-1.209055
-129.5	0.492414	-1.283699
-129.375	0.509402	-1.350453
-129.25	0.52683	-1.408489
-129.125	0.544704	-1.457024
-129.0	0.563029	-1.495334
-128.875	0.581808	-1.522757
-128.75	0.601048	-1.538707
-128.625	0.620752	-1.542676
-128.5	0.640924	-1.534244
-128.375	0.661569	-1.513087
-128.25	0.68269	-1.478977
-128.125	0.70429	-1.431793
-128.0	0.726372	-1.371523
-127.875	0.748939	-1.298268
-127.75	0.771994	-1.212242
-127.625	0.795538	-1.113776
-127.5	0.819573	-1.00332
-127.375	0.8441	-0.881438
-127.25	0.869121	-0.748808
-127.125	0.894636	-0.606223
-127.0	0.920644	-0.454582
-126.875	0.947147	-0.294887
-126.75	0.974143	-0.128237
-126.625	1.001631	0.044176
-126.5	1.029609	0.221083
-126.375	1.058076	0.401137
-126.25	1.087029	0.582931
-126.125	1.116465	0.765005
-126.0	1.146381	0.945858
-125.875	1.176772	1.123959
-125.75	1.207635	1.297764
-125.625	1.238964	1.465723
-125.5	1.270754	1.626298
-125.375	1.302998	1.777977
-125.25	1.335691	1.919285
-125.125	1.368825	2.0488
-125.0	1.402393	2.165165
-124.875	1.436387	2.267103
-124.75	1.470797	2.353431
-124.625	1.505614	2.42307
-124.5	1.540829	2.475057
-124.375	1.576431	2.508559
-124.25	1.612409	2.522881
-124.125	1.648751	2.517473
-124.0	1.685446	2.491944
-123.875	1.722481	2.446061
-123.75	1.759842	2.379762
-123.625	1.797516	2.293156
-123.5	1.835488	2.186524
-123.375	1.873743	2.060325
-123.25	1.912266	1.915191
-123.125	1.951041	1.751929
-123.0	1.99005	1.571512
-122.875	2.029278	1.37508
-122.75	2.068707	1.163928
-122.625	2.108317	0.939502
-122.5	2.148091	0.703384
-122.375	2.18801	0.457286
-122.25	2.228053	0.203036
-122.125	2.268201	-0.05744
-122.0	2.308433	-0.322127
-121.875	2.348729	-0.588941
-121.75	2.389066	-0.855743
-121.625	2.429423	-1.120359
-121.5	2.469778	-1.3806
-121.375	2.510109	-1.634275
-121.25	2.550391	-1.879214
-121.125	2.590603	-2.113287
-121.0	2.63072	-2.334424
-120.875	2.670719	-2.540629
-120.75	2.710576	-2.730004
-120.625	2.750265	-2.900765
-120.5	2.789763	-3.051256
-120.375	2.829046	-3.179971
-120.25	2.868087	-3.285564
-120.125	2.906861	-3.366865
-120.0	2.945345	-3.422891
-119.875	2.983511	-3.452859
-119.75	3.021336	-3.456195
-119.625	3.058793	-3.43254
-119.5	3.095857	-3.381756
-119.375	3.132503	-3.303931
-119.25	3.168705	-3.199378
-119.125	3.204438	-3.068641
-119.0	3.239676	-2.912486
-118.875	3.274396	-2.7319
-118.75	3.308572	-2.528084
-118.625	3.342178	-2.302446
-118.5	3.375192	-2.056591
-118.375	3.407587	-1.792305
-118.25	3.439342	-1.511549
-118.125	3.470431	-1.216437
-118.0	3.500832	-0.90922
-117.875	3.530521	-0.592271
-117.75	3.559477	-0.268065
-117.625	3.587676	0.060844
-117.5	3.615098	0.391844
-117.375	3.641721	0.722284
-117.25	3.667524	1.049499
-117.125	3.692488	1.370832
-117.0	3.716593	1.683658
-116.875	3.739819	1.985406
-116.75	3.762148	2.273578
-116.625	3.783563	2.545779
-116.5	3.804047	2.799731
-116.375	3.823582	3.033293
-116.25	3.842154	3.244487
-116.125	3.859747	3.431508
-116.0	3.876348	3.592745
-115.875	3.891942	3.726794
-115.75	3.906517	3.832471
-115.625	3.920061	3.908823
-115.5	3.932563	3.955137
-115.375	3.944012	3.970947
-115.25	3.9544	3.956039
-115.125	3.963718	3.910452
-115.0	3.971958	3.834482
-114.875	3.979113	3.728676
-114.75	3.985177	3.593829
-114.625	3.990145	3.430979
-114.5	3.994014	3.241396
-114.375	3.99678	3.026576
-114.25	3.99844	2.788222
-114.125	3.998994	2.528234
-114.0	3.99844	2.248692
-113.875	3.99678	1.951839
-113.75	3.994014	1.640059
-113.625	3.990145	1.315858
-113.5	3.985177	0.981845
-113.375	3.979113	0.640706
-113.25	3.971958	0.295182
-113.125	3.963718	-0.051952
-113.0	3.9544	-0.397917
-112.875	3.944012	-0.739944
-112.75	3.932563	-1.075308
-112.625	3.920061	-1.401344
-112.5	3.906517	-1.715474
-112.375	3.891942	-2.015223
-112.25	3.876348	-2.298248
-112.125	3.859747	-2.56235
-112.0	3.842154	-2.805497
-111.875	3.823582	-3.025838
-111.75	3.804047	-3.221719
-111.625	3.783563	-3.391697
-111.5	3.762148	-3.53455
-111.375	3.739819	-3.649286
-111.25	3.716593	-3.735152
-111.125	3.692488	-3.791639
-111.0	3.667524	-3.818482
-110.875	3.641721	-3.815663
-110.75	3.615098	-3.78341
-110.625	3.587676	-3.722193
-110.5	3.559477	-3.632717
-110.375	3.530521	-3.515916
-110.25	3.500832	-3.372943
-110.125	3.470431	-3.205156
-110.0	3.439342	-3.01411
-109.875	3.407587	-2.801536
-109.75	3.375192	-2.569329
-109.625	3.342178	-2.319529
-109.5	3.308572	-2.054303
-109.375	3.274396	-1.775923
-109.25	3.239676	-1.486749
-109.125	3.204438	-1.189205
-109.0	3.168705	-0.885761
-108.875	3.132503	-0.578906
-108.75	3.095857	-0.271134
-108.625	3.058793	0.035085
-108.5	3.021336	0.337319
-108.375	2.983511	0.633199
-108.25	2.945345	0.920438
-108.125	2.906861	1.196847
-108.0	2.868087	1.460353
-107.875	2.829046	1.709018
-107.75	2.789764	1.941051
-107.625	2.750265	2.154822
-107.5	2.710576	2.348877
-107.375	2.670719	2.521941
-107.25	2.63072	2.672933
-107.125	2.590603	2.80097
-107.0	2.550391	2.905371
-106.875	2.510109	2.985661
-106.75	2.469778	3.041573
-106.625	2.429423	3.073042
-106.5	2.389066	3.080212
-106.375	2.348729	3.06342
-106.25	2.308433	3.023201
-106.125	2.268201	2.96027
-106.0	2.228053	2.875523
-105.875	2.18801	2.770018
-105.75	2.148091	2.644968
-105.625	2.108317	2.501726
-105.5	2.068707	2.341772
-105.375	2.029278	2.166699
-105.25	1.99005	1.978193
-105.125	1.951041	1.778022
-105.0	1.912266	1.568018
-104.875	1.873743	1.350058
-104.75	1.835488	1.126049
-104.625	1.797516	0.897911
-104.5	1.759842	0.667561
-104.375	1.722481	0.436893
-104.25	1.685446	0.207767
-104.125	1.648751	-0.018008
-104.0	1.612409	-0.23869
-103.875	1.576431	-0.452616
-103.75	1.540829	-0.658213
-103.625	1.505614	-0.854014
-103.5	1.470797	-1.038664
-103.375	1.436387	-1.210931
-103.25	1.402393	-1.369714
-103.125	1.368825	-1.514049
-103.0	1.335691	-1.643114
-102.875	1.302998	-1.756234
-102.75	1.270754	-1.852881
-102.625	1.238964	-1.932677
-102.5	1.207635	-1.995396
-102.375	1.176772	-2.040955
-102.25	1.146381	-2.069419
-102.125	1.116465	-2.080994
-102.0	1.087029	-2.076018
-101.875	1.058076	-2.054963
-101.75	1.029609	-2.018418
-101.625	1.001631	-1.967091
-101.5	0.974143	-1.90179
-101.375	0.947147	-1.82342
-101.25	0.920644	-1.732972
-101.125	0.894636	-1.63151
-101.0	0.869121	-1.520159
-100.875	0.8441	-1.400099
-100.75	0.819573	-1.272548
-100.625	0.795538	-1.138753
-100.5	0.771994	-0.999977
-100.375	0.748939	-0.85749
-100.25	0.726372	-0.712556
-100.125	0.70429	-0.566421
-100.0	0.68269	-0.420308
-99.875	0.661569	-0.2754
-99.75	0.640924	-0.132837
-99.625	0.620752	0.006297
-99.5	0.601048	0.140976
-99.375	0.581808	0.270247
-99.25	0.563029	0.39323
-99.125	0.544704	0.509124
-99.0	0.52683	0.617213
-98.875	0.509402	0.716871
-98.75	0.492414	0.807562
-98.625	0.47586	0.88884
-98.5	0.459736	0.960355
-98.375	0.444035	1.021851
-98.25	0.428752	1.073163
-98.125	0.41388	1.114217
-98.0	0.399413	1.145029
-97.875	0.385345	1.165699
-97.75	0.37167	1.176411
-97.625	0.358381	1.177426
-97.5	0.345471	1.169075
-97.375	0.332934	1.15176
-97.25	0.320764	1.125942
-97.125	0.308952	1.092139
-97.0	0.297494	1.050917
-96.875	0.28638	1.002885
-96.75	0.275606	0.948686
-96.625	0.265164	0.888994
-96.5	0.255047	0.824503
-96.375	0.245247	0.755922
-96.25	0.235759	0.683969
-96.125	0.226576	0.609364
-96.0	0.217689	0.532821
-95.875	0.209094	0.455045
-95.75	0.200782	0.376723
-95.625	0.192747	0.298522
-95.5	0.184983	0.221079
-95.375	0.177482	0.145004
-95.25	0.170238	0.070868
-95.125	0.163245	-0.000795
-95.0	0.156495	-0.069494
-94.875	0.149983	-0.134782
-94.75	0.143702	-0.196261
-94.625	0.137647	-0.253579
-94.5	0.131809	-0.306435
-94.375	0.126185	-0.354578
-94.25	0.120767	-0.397809
-94.125	0.11555	-0.435976
-94.0	0.110527	-0.468979
-93.875	0.105694	-0.496765
-93.75	0.101043	-0.519329
-93.625	0.096571	-0.53671
-93.5	0.092271	-0.548989
-93.375	0.088138	-0.556288
-93.25	0.084167	-0.558767
-93.125	0.080353	-0.556617
-93.0	0.07669	-0.550065
-92.875	0.073174	-0.539362
-92.75	0.0698	-0.524785
-92.625	0.066563	-0.506632
-92.5	0.063459	-0.485216
-92.375	0.060482	-0.460867
-92.25	0.057629	-0.433924
-92.125	0.054896	-0.404732
-92.0	0.052278	-0.37364
-91.875	0.049771	-0.340999
-91.75	0.04737	-0.307154
-91.625	0.045074	-0.272445
-91.5	0.042876	-0.237206
-91.375	0.040775	-0.201757
-91.25	0.038766	-0.166406
-91.125	0.036845	-0.131445
-91.0	0.03501	-0.097148
-90.875	0.033258	-0.063772
-90.75	0.031584	-0.031551
-90.625	0.029986	-0.0007
-90.5	0.028461	0.028589
-90.375	0.027006	0.056149
-90.25	0.025619	0.081833
-90.125	0.024296	0.10552
-90.0	0.023035	0.127111
-89.875	0.021833	0.146532
-89.75	0.020688	0.163729
-89.625	0.019598	0.178672
-89.5	0.01856	0.191351
-89.375	0.017573	0.201777
-89.25	0.016633	0.20998
-89.125	0.015739	0.216007
-89.0	0.014889	0.219923
-88.875	0.014081	0.221806
-88.75	0.013313	0.221749
-88.625	0.012584	0.219857
-88.5	0.011891	0.216245
-88.375	0.011234	0.211038
-88.25	0.010609	0.204366
-88.125	0.010017	0.196366
-88.0	0.009455	0.187181
-87.875	0.008922	0.176954
-87.75	0.008417	0.16583
-87.625	0.007938	0.153956
-87.5	0.007485	0.141473
-87.375	0.007055	0.128525
-87.25	0.006648	0.115247
-87.125	0.006263	0.101774
-87.0	0.005899	0.088231
-86.875	0.005554	0.07474
-86.75	0.005228	0.061413
-86.625	0.00492	0.048355
-86.5	0.004628	0.035664
-86.375	0.004353	0.023427
-86.25	0.004093	0.011723
-86.125	0.003847	0.000623
-86.0	0.003615	-0.009815
-85.875	0.003397	-0.019538
-85.75	0.00319	-0.028505
-85.625	0.002995	-0.036685
-85.5	0.002812	-0.044053
-85.375	0.002639	-0.050594
-85.25	0.002475	-0.056303
-85.125	0.002322	-0.061179
-85.0	0.002177	-0.065233
-84.875	0.002041	-0.068478
-84.75	0.001912	-0.070937
-84.625	0.001792	-0.072637
-84.5	0.001678	-0.07361
-84.375	0.001571	-0.073894
-84.25	0.001471	-0.073528
-84.125	0.001377	-0.072558
-84.0	0.001288	-0.07103
-83.875	0.001205	-0.068992
-83.75	0.001126	-0.066496
-83.625	0.001053	-0.063592
-83.5	0.000984	-0.060332
-83.375	0.000919	-0.056768
-83.25	0.000859	-0.052951
-83.125	0.000802	-0.048931
-83.0	0.000748	-0.044756
-82.875	0.000699	-0.040474
-82.75	0.000652	-0.03613
-82.625	0.000608	-0.031765
-82.5	0.000567	-0.02742
-82.375	0.000528	-0.023133
-82.25	0.000492	-0.018936
-82.125	0.000459	-0.014862
-82.0	0.000427	-0.010938
-81.875	0.000398	-0.007188
-81.75	0.00037	-0.003636
-81.625	0.000345	-0.000297
-81.5	0.000321	0.002811
-81.375	0.000298	0.005679
-81.25	0.000277	0.008295
-81.125	0.000258	0.010655
-81.0	0.00024	0.012756
-80.875	0.000223	0.014595
-80.75	0.000207	0.016177
-80.625	0.000192	0.017503
-80.5	0.000178	0.01858
-80.375	0.000166	0.019417
-80.25	0.000154	0.020023
-80.125	0.000142	0.020408
-80.0	0.000132	0.020586
-79.875	0.000122	0.020568
-79.75	0.000114	0.020371
-79.625	0.000105	0.020007
-79.5	9.7e-5	0.019494
-79.375	9.0e-5	0.018845
-79.25	8.4e-5	0.018078
-79.125	7.7e-5	0.017207
-79.0	7.2e-5	0.016248
-78.875	6.6e-5	0.015216
-78.75	6.1e-5	0.014127
-78.625	5.7e-5	0.012994
-78.5	5.2e-5	0.01183
-78.375	4.8e-5	0.010649
-78.25	4.5e-5	0.009464
-78.125	4.1e-5	0.008284
-78.0	3.8e-5	0.00712
-77.875	3.5e-5	0.005982
-77.75	3.2e-5	0.004878
-77.625	3.0e-5	0.003816
-77.5	2.8e-5	0.002802
-77.375	2.5e-5	0.001842
-77.25	2.3e-5	0.000941
-77.125	2.2e-5	0.000102
-77.0	2.0e-5	-0.000672
-76.875	1.8e-5	-0.001379
-76.75	1.7e-5	-0.002017
-76.625	1.6e-5	-0.002586
-76.5	1.4e-5	-0.003086
-76.375	1.3e-5	-0.003518
-76.25	1.2e-5	-0.003883
-76.125	1.1e-5	-0.004184
-76.0	1.0e-5	-0.004422
-75.875	9.0e-6	-0.0046
-75.75	9.0e-6	-0.004722
-75.625	8.0e-6	-0.004791
-75.5	7.0e-6	-0.00481
-75.375	7.0e-6	-0.004784
-75.25	6.0e-6	-0.004715
-75.125	6.0e-6	-0.00461
-75.0	5.0e-6	-0.00447
-74.875	5.0e-6	-0.004301
-74.75	4.0e-6	-0.004106
-74.625	4.0e-6	-0.00389
-74.5	4.0e-6	-0.003656
-74.375	3.0e-6	-0.003408
-74.25	3.0e-6	-0.003149
-74.125	3.0e-6	-0.002883
-74.0	3.0e-6	-0.002613
-73.875	2.0e-6	-0.002341
-73.75	2.0e-6	-0.002071
-73.625	2.0e-6	-0.001805
-73.5	2.0e-6	-0.001545
-73.375	2.0e-6	-0.001292
-73.25	1.0e-6	-0.00105
-73.125	1.0e-6	-0.000819
-73.0	1.0e-6	-0.0006
-72.875	1.0e-6	-0.000394
-72.75	1.0e-6	-0.000203
-72.625	1.0e-6	-2.7e-5
-72.5	1.0e-6	0.000134
-72.375	1.0e-6	0.00028
-72.25	1.0e-6	0.00041
-72.125	1.0e-6	0.000524
-72.0	1.0e-6	0.000624
-71.875	1.0e-6	0.000708
-71.75	0.0	0.000779
-71.625	0.0	0.000836
-71.5	0.0	0.000879
-71.375	0.0	0.000911
-71.25	0.0	0.00093
-71.125	0.0	0.00094
-71.0	0.0	0.000939
-70.875	0.0	0.00093
-70.75	0.0	0.000912
-70.625	0.0	0.000887
-70.5	0.0	0.000856
-70.375	0.0	0.00082
-70.25	0.0	0.000779
-70.125	0.0	0.000735
-70.0	0.0	0.000687
-69.875	0.0	0.000638
-69.75	0.0	0.000586
-69.625	0.0	0.000534
-69.5	0.0	0.000482
-69.375	0.0	0.00043
-69.25	0.0	0.000379
-69.125	0.0	0.000329
-69.0	0.0	0.00028
-68.875	0.0	0.000233
-68.75	0.0	0.000189
-68.625	0.0	0.000147
-68.5	0.0	0.000107
-68.375	0.0	7.1e-5
-68.25	0.0	3.7e-5
-68.125	0.0	6.0e-6
-68.0	0.0	-2.2e-5
-67.875	0.0	-4.7e-5
-67.75	0.0	-6.9e-5
-67.625	0.0	-8.9e-5
-67.5	0.0	-0.000105
-67.375	0.0	-0.000119
-67.25	0.0	-0.000131
-67.125	0.0	-0.000139
-67.0	0.0	-0.000146
-66.875	0.0	-0.000151
-66.75	0.0	-0.000153
-66.625	0.0	-0.000154
-66.5	0.0	-0.000153
-66.375	0.0	-0.000151
-66.25	0.0	-0.000147
-66.125	0.0	-0.000143
-66.0	0.0	-0.000137
-65.875	0.0	-0.000131
-65.75	0.0	-0.000124
-65.625	0.0	-0.000116
-65.5	0.0	-0.000108
-65.375	0.0	-0.0001
-65.25	0.0	-9.1e-5
-65.125	0.0	-8.3e-5
-65.0	0.0	-7.4e-5
-64.875	0.0	-6.6e-5
-64.75	0.0	-5.8e-5
-64.625	0.0	-5.0e-5
-64.5	0.0	-4.2e-5
-64.375	0.0	-3.5e-5
-64.25	0.0	-2.8e-5
-64.125	0.0	-2.2e-5
-64.0	0.0	-1.6e-5
-63.875	0.0	-1.1e-5
-63.75	0.0	-6.0e-6
-63.625	0.0	0.0
-63.5	0.0	3.0e-6
-63.375	0.0	7.0e-6
-63.25	0.0	1.0e-5
-63.125	0.0	1.3e-5
-63.0	0.0	1.5e-5
-62.875	0.0	1.7e-5
-62.75	0.0	1.8e-5
-62.625	0.0	1.9e-5
-62.5	0.0	2.0e-5
-62.375	0.0	2.1e-5
-62.25	0.0	2.1e-5
-62.125	0.0	2.1e-5
-62.0	0.0	2.1e-5
-61.875	0.0	2.0e-5
-61.75	0.0	2.0e-5
-61.625	0.0	1.9e-5
-61.5	0.0	1.8e-5
-61.375	0.0	1.7e-5
-61.25	0.0	1.6e-5
-61.125	0.0	1.5e-5
-61.0	0.0	1.4e-5
-60.875	0.0	1.3e-5
-60.75	0.0	1.2e-5
-60.625	0.0	1.1e-5
-60.5	0.0	1.0e-5
-60.375	0.0	8.0e-6
-60.25	0.0	7.0e-6
-60.125	0.0	6.0e-6
-60.0	0.0	5.0e-6
-59.875	0.0	4.0e-6
-59.75	0.0	4.0e-6
-59.625	0.0	3.0e-6
-59.5	0.0	2.0e-6
-59.375	0.0	1.0e-6
-59.25	0.0	0.0
-59.125	0.0	0.0
-59.0	0.0	0.0
-58.875	0.0	0.0
-58.75	0.0	-1.0e-6
-58.625	0.0	-1.0e-6
-58.5	0.0	-2.0e-6
-58.375	0.0	-2.0e-6
-58.25	0.0	-2.0e-6
-58.125	0.0	-2.0e-6
-58.0	0.0	-2.0e-6
-57.875	0.0	-2.0e-6
-57.75	0.0	-2.0e-6
-57.625	0.0	-2.0e-6
-57.5	0.0	-2.0e-6
-57.375	0.0	-2.0e-6
-57.25	0.0	-2.0e-6
-57.125	0.0	-2.0e-6
-57.0	0.0	-2.0e-6
-56.875	0.0	-2.0e-6
-56.75	0.0	-2.0e-6
-56.625	0.0	-2.0e-6
-56.5	0.0	-2.0e-6
-56.375	0.0	-1.0e-6
-56.25	0.0	-1.0e-6
-56.125	0.0	-1.0e-6
-56.0	0.0	-1.0e-6
-55.875	0.0	0.0
-55.75	0.0	0.0
-55.625	0.0	0.0
-55.5	0.0	0.0
-55.375	0.0	0.0
-55.25	0.0	0.0
-55.125	0.0	0.0
-55.0	0.0	0.0
-54.875	0.0	0.0
-54.75	0.0	0.0
-54.625	0.0	0.0
-54.5	0.0	0.0
-54.375	0.0	0.0
-54.25	0.0	0.0
-54.125	0.0	0.0
-54.0	0.0	0.0
-53.875	0.0	0.0
-53.75	0.0	0.0
-53.625	0.0	0.0
-53.5	0.0	0.0
-53.375	0.0	0.0
-53.25	0.0	0.0
-53.125	0.0	0.0
-53.0	0.0	0.0
-52.875	0.0	0.0
-52.75	0.0	0.0
-52.625	0.0	0.0
-52.5	0.0	0.0
-52.375	0.0	0.0
-52.25	0.0	0.0
-52.125	0.0	0.0
-52.0	0.0	0.0
-51.875	0.0	0.0
-51.75	0.0	0.0
-51.625	0.0	0.0
-51.5	0.0	0.0
-51.375	0.0	0.0
-51.25	0.0	0.0
-51.125	0.0	0.0
-51.0	0.0	0.0
-50.875	0.0	0.0
-50.75	0.0	0.0
-50.625	0.0	0.0
-50.5	0.0	0.0
-50.375	0.0	0.0
-50.25	0.0	0.0
-50.125	0.0	0.0
-50.0	0.0	0.0
-49.875	0.0	0.0
-49.75	0.0	0.0
-49.625	0.0	0.0
-49.5	0.0	0.0
-49.375	0.0	0.0
-49.25	0.0	0.0
-49.125	0.0	0.0
-49.0	0.0	0.0
-48.875	0.0	0.0
-48.75	0.0	0.0
-48.625	0.0	0.0
-48.5	0.0	0.0
-48.375	0.0	0.0
-48.25	0.0	0.0
-48.125	0.0	0.0
-48.0	0.0	0.0
-47.875	0.0	0.0
-47.75	0.0	0.0
-47.625	0.0	0.0
-47.5	0.0	0.0
-47.375	0.0	0.0
-47.25	0.0	0.0
-47.125	0.0	0.0
-47.0	0.0	0.0
-46.875	0.0	0.0
-46.75	0.0	0.0
-46.625	0.0	0.0
-46.5	0.0	0.0
-46.375	0.0	0.0
-46.25	0.0	0.0
-46.125	0.0	0.0
-46.0	0.0	0.0
-45.875	0.0	0.0
-45.75	0.0	0.0
-45.625	0.0	0.0
-45.5	0.0	0.0
-45.375	0.0	0.0
-45.25	0.0	0.0
-45.125	0.0	0.0
-45.0	0.0	0.0
-44.875	0.0	0.0
-44.75	0.0	0.0
-44.625	0.0	0.0
-44.5	0.0	0.0
-44.375	0.0	0.0
-44.25	0.0	0.0
-44.125	0.0	0.0
-44.0	0.0	0.0
-43.875	0.0	0.0
-43.75	0.0	0.0
-43.625	0.0	0.0
-43.5	0.0	0.0
-43.375	0.0	0.0
-43.25	0.0	0.0
-43.125	0.0	0.0
-43.0	0.0	0.0
-42.875	0.0	0.0
-42.75	0.0	0.0
-42.625	0.0	0.0
-42.5	0.0	0.0
-42.375	0.0	0.0
-42.25	0.0	0.0
-42.125	0.0	0.0
-42.0	0.0	0.0
-41.875	0.0	0.0
-41.75	0.0	0.0
-41.625	0.0	0.0
-41.5	0.0	0.0
-41.375	0.0	0.0
-41.25	0.0	0.0
-41.125	0.0	0.0
-41.0	0.0	0.0
-40.875	0.0	0.0
-40.75	0.0	0.0
-40.625	0.0	0.0
-40.5	0.0	0.0
-40.375	0.0	0.0
-40.25	0.0	0.0
-40.125	0.0	0.0
-40.0	0.0	0.0
-39.875	0.0	0.0
-39.75	0.0	0.0
-39.625	0.0	0.0
-39.5	0.0	0.0
-39.375	0.0	0.0
-39.25	0.0	0.0
-39.125	0.0	0.0
-39.0	0.0	0.0
-38.875	0.0	0.0
-38.75	0.0	0.0
-38.625	0.0	0.0
-38.5	0.0	0.0
-38.375	0.0	0.0
-38.25	0.0	0.0
-38.125	0.0	0.0
-38.0	0.0	0.0
-37.875	0.0	0.0
-37.75	0.0	0.0
-37.625	0.0	0.0
-37.5	0.0	0.0
-37.375	0.0	0.0
-37.25	0.0	0.0
-37.125	0.0	0.0
-37.0	0.0	0.0
-36.875	0.0	0.0
-36.75	0.0	0.0
-36.625	0.0	0.0
-36.5	0.0	0.0
-36.375	0.0	0.0
-36.25	0.0	0.0
-36.125	0.0	0.0
-36.0	0.0	0.0
-35.875	0.0	0.0
-35.75	0.0	0.0
-35.625	0.0	0.0
-35.5	0.0	0.0
-35.375	0.0	0.0
-35.25	0.0	0.0
-35.125	0.0	0.0
-35.0	0.0	0.0
-34.875	0.0	0.0
-34.75	0.0	0.0
-34.625	0.0	0.0
-34.5	0.0	0.0
-34.375	0.0	0.0
-34.25	0.0	0.0
-34.125	0.0	0.0
-34.0	0.0	0.0
-33.875	0.0	0.0
-33.75	0.0	0.0
-33.625	0.0	0.0
-33.5	0.0	0.0
-33.375	0.0	0.0
-33.25	0.0	0.0
-33.125	0.0	0.0
-33.0	0.0	0.0
-32.875	0.0	0.0
-32.75	0.0	0.0
-32.625	0.0	0.0
-32.5	0.0	0.0
-32.375	0.0	0.0
-32.25	0.0	0.0
-32.125	0.0	0.0
-32.0	0.0	0.0
-31.875	0.0	0.0
-31.75	0.0	0.0
-31.625	0.0	0.0
-31.5	0.0	0.0
-31.375	0.0	0.0
-31.25	0.0	0.0
-31.125	0.0	0.0
-31.0	0.0	0.0
-30.875	0.0	0.0
-30.75	0.0	0.0
-30.625	0.0	0.0
-30.5	0.0	0.0
-30.375	0.0	0.0
-30.25	0.0	0.0
-30.125	0.0	0.0
-30.0	0.0	0.0
-29.875	0.0	0.0
-29.75	0.0	0.0
-29.625	0.0	0.0
-29.5	0.0	0.0
-29.375	0.0	0.0
-29.25	0.0	0.0
-29.125	0.0	0.0
-29.0	0.0	0.0
-28.875	0.0	0.0
-28.75	0.0	0.0
-28.625	0.0	0.0
-28.5	0.0	0.0
-28.375	0.0	0.0
-28.25	0.0	0.0
-28.125	0.0	0.0
-28.0	0.0	0.0
-27.875	0.0	0.0
-27.75	0.0	0.0
-27.625	0.0	0.0
-27.5	0.0	0.0
-27.375	0.0	0.0
-27.25	0.0	0.0
-27.125	0.0	0.0
-27.0	0.0	0.0
-26.875	0.0	0.0
-26.75	0.0	0.0
-26.625	0.0	0.0
-26.5	0.0	0.0
-26.375	0.0	0.0
-26.25	0.0	0.0
-26.125	0.0	0.0
-26.0	0.0	0.0
-25.875	0.0	0.0
-25.75	0.0	0.0
-25.625	0.0	0.0
-25.5	0.0	0.0
-25.375	0.0	0.0
-25.25	0.0	0.0
-25.125	0.0	0.0
-25.0	0.0	0.0
-24.875	0.0	0.0
-24.75	0.0	0.0
-24.625	0.0	0.0
-24.5	0.0	0.0
-24.375	0.0	0.0
-24.25	0.0	0.0
-24.125	0.0	0.0
-24.0	0.0	0.0
-23.875	0.0	0.0
-23.75	0.0	0.0
-23.625	0.0	0.0
-23.5	0.0	0.0
-23.375	0.0	0.0
-23.25	0.0	0.0
-23.125	0.0	0.0
-23.0	0.0	0.0
-22.875	0.0	0.0
-22.75	0.0	0.0
-22.625	0.0	0.0
-22.5	0.0	0.0
-22.375	0.0	0.0
-22.25	0.0	0.0
-22.125	0.0	0.0
-22.0	0.0	0.0
-21.875	0.0	0.0
-21.75	0.0	0.0
-21.625	0.0	0.0
-21.5	0.0	0.0
-21.375	0.0	0.0
-21.25	0.0	0.0
-21.125	0.0	0.0
-21.0	0.0	0.0
-20.875	0.0	0.0
-20.75	0.0	0.0
-20.625	0.0	0.0
-20.5	0.0	0.0
-20.375	0.0	0.0
-20.25	0.0	0.0
-20.125	0.0	0.0
-20.0	0.0	0.0
-19.875	0.0	0.0
-19.75	0.0	0.0
-19.625	0.0	0.0
-19.5	0.0	0.0
-19.375	0.0	0.0
-19.25	0.0	0.0
-19.125	0.0	0.0
-19.0	0.0	0.0
-18.875	0.0	0.0
-18.75	0.0	0.0
-18.625	0.0	0.0
-18.5	0.0	0.0
-18.375	0.0	0.0
-18.25	0.0	0.0
-18.125	0.0	0.0
-18.0	0.0	0.0
-17.875	0.0	0.0
-17.75	0.0	0.0
-17.625	0.0	0.0
-17.5	0.0	0.0
-17.375	0.0	0.0
-17.25	0.0	0.0
-17.125	0.0	0.0
-17.0	0.0	0.0
-16.875	0.0	0.0
-16.75	0.0	0.0
-16.625	0.0	0.0
-16.5	0.0	0.0
-16.375	0.0	0.0
-16.25	0.0	0.0
-16.125	0.0	0.0
-16.0	0.0	0.0
-15.875	0.0	0.0
-15.75	0.0	0.0
-15.625	0.0	0.0
-15.5	0.0	0.0
-15.375	0.0	0.0
-15.25	0.0	0.0
-15.125	0.0	0.0
-15.0	0.0	0.0
-14.875	0.0	0.0
-14.75	0.0	0.0
-14.625	0.0	0.0
-14.5	0.0	0.0
-14.375	0.0	0.0
-14.25	0.0	0.0
-14.125	0.0	0.0
-14.0	0.0	0.0
-13.875	0.0	0.0
-13.75	0.0	0.0
-13.625	0.0	0.0
-13.5	0.0	0.0
-13.375	0.0	0.0
-13.25	0.0	0.0
-13.125	0.0	0.0
-13.0	0.0	0.0
-12.875	0.0	0.0
-12.75	0.0	0.0
-12.625	0.0	0.0
-12.5	0.0	0.0
-12.375	0.0	0.0
-12.25	0.0	0.0
-12.125	0.0	0.0
-12.0	0.0	0.0
-11.875	0.0	0.0
-11.75	0.0	0.0
-11.625	0.0	0.0
-11.5	0.0	0.0
-11.375	0.0	0.0
-11.25	0.0	0.0
-11.125	0.0	0.0
-11.0	0.0	0.0
-10.875	0.0	0.0
-10.75	0.0	0.0
-10.625	0.0	0.0
-10.5	0.0	0.0
-10.375	0.0	0.0
-10.25	0.0	0.0
-10.125	0.0	0.0
-10.0	0.0	0.0
-9.875	0.0	0.0
-9.75	0.0	0.0
-9.625	0.0	0.0
-9.5	0.0	0.0
-9.375	0.0	0.0
-9.25	0.0	0.0
-9.125	0.0	0.0
-9.0	0.0	0.0
-8.875	0.0	0.0
-8.75	0.0	0.0
-8.625	0.0	0.0
-8.5	0.0	0.0
-8.375	0.0	0.0
-8.25	0.0	0.0
-8.125	0.0	0.0
-8.0	0.0	0.0
-7.875	0.0	0.0
-7.75	0.0	0.0
-7.625	0.0	0.0
-7.5	0.0	0.0
-7.375	0.0	0.0
-7.25	0.0	0.0
-7.125	0.0	0.0
-7.0	0.0	0.0
-6.875	0.0	0.0
-6.75	0.0	0.0
-6.625	0.0	0.0
-6.5	0.0	0.0
-6.375	0.0	0.0
-6.25	0.0	0.0
-6.125	0.0	0.0
-6.0	0.0	0.0
-5.875	0.0	0.0
-5.75	0.0	0.0
-5.625	0.0	0.0
-5.5	0.0	0.0
-5.375	0.0	0.0
-5.25	0.0	0.0
-5.125	0.0	0.0
-5.0	0.0	0.0
-4.875	0.0	0.0
-4.75	0.0	0.0
-4.625	0.0	0.0
-4.5	0.0	0.0
-4.375	0.0	0.0
-4.25	0.0	0.0
-4.125	0.0	0.0
-4.0	0.0	0.0
-3.875	0.0	0.0
-3.75	0.0	0.0
-3.625	0.0	0.0
-3.5	0.0	0.0
-3.375	0.0	0.0
-3.25	0.0	0.0
-3.125	0.0	0.0
-3.0	0.0	0.0
-2.875	0.0	0.0
-2.75	0.0	0.0
-2.625	0.0	0.0
-2.5	0.0	0.0
-2.375	0.0	0.0
-2.25	0.0	0.0
-2.125	0.0	0.0
-2.0	0.0	0.0
-1.875	0.0	0.0
-1.75	0.0	0.0
-1.625	0.0	0.0
-1.5	0.0	0.0
-1.375	0.0	0.0
-1.25	0.0	0.0
-1.125	0.0	0.0
-1.0	0.0	0.0
-0.875	0.0	0.0
-0.75	0.0	0.0
-0.625	0.0	0.0
-0.5	0.0	0.0
-0.375	0.0	0.0
-0.25	0.0	0.0
-0.125	0.0	0.0
0.0	0.0	0.0
0.125	0.0	0.0
0.25	0.0	0.0
0.375	0.0	0.0
0.5	0.0	0.0
0.625	0.0	0.0
0.75	0.0	0.0
0.875	0.0	0.0
1.0	0.0	0.0
1.125	0.0	0.0
1.25	0.0	0.0
1.375	0.0	0.0
1.5	0.0	0.0
1.625	0.0	0.0
1.75	0.0	0.0
1.875	0.0	0.0
2.0	0.0	0.0
2.125	0.0	0.0
2.25	0.0	0.0
2.375	0.0	0.0
2.5	0.0	0.0
2.625	0.0	0.0
2.75	0.0	0.0
2.875	0.0	0.0
3.0	0.0	0.0
3.125	0.0	0.0
3.25	0.0	0.0
3.375	0.0	0.0
3.5	0.0	0.0
3.625	0.0	0.0
3.75	0.0	0.0
3.875	0.0	0.0
4.0	0.0	0.0
4.125	0.0	0.0
4.25	0.0	0.0
4.375	0.0	0.0
4.5	0.0	0.0
4.625	0.0	0.0
4.75	0.0	0.0
4.875	0.0	0.0
5.0	0.0	0.0
5.125	0.0	0.0
5.25	0.0	0.0
5.375	0.0	0.0
5.5	0.0	0.0
5.625	0.0	0.0
5.75	0.0	0.0
5.875	0.0	0.0
6.0	0.0	0.0
6.125	0.0	0.0
6.25	0.0	0.0
6.375	0.0	0.0
6.5	0.0	0.0
6.625	0.0	0.0
6.75	0.0	0.0
6.875	0.0	0.0
7.0	0.0	0.0
7.125	0.0	0.0
7.25	0.0	0.0
7.375	0.0	0.0
7.5	0.0	0.0
7.625	0.0	0.0
7.75	0.0	0.0
7.875	0.0	0.0
8.0	0.0	0.0
8.125	0.0	0.0
8.25	0.0	0.0
8.375	0.0	0.0
8.5	0.0	0.0
8.625	0.0	0.0
8.75	0.0	0.0
8.875	0.0	0.0
9.0	0.0	0.0
9.125	0.0	0.0
9.25	0.0	0.0
9.375	0.0	0.0
9.5	0.0	0.0
9.625	0.0	0.0
9.75	0.0	0.0
9.875	0.0	0.0
10.0	0.0	0.0
10.125	0.0	0.0
10.25	0.0	0.0
10.375	0.0	0.0
10.5	0.0	0.0
10.625	0.0	0.0
10.75	0.0	0.0
10.875	0.0	0.0
11.0	0.0	0.0
11.125	0.0	0.0
11.25	0.0	0.0
11.375	0.0	0.0
11.5	0.0	0.0
11.625	0.0	0.0
11.75	0.0	0.0
11.875	0.0	0.0
12.0	0.0	0.0
12.125	0.0	0.0
12.25	0.0	0.0
12.375	0.0	0.0
12.5	0.0	0.0
12.625	0.0	0.0
12.75	0.0	0.0
12.875	0.0	0.0
13.0	0.0	0.0
13.125	0.0	0.0
13.25	0.0	0.0
13.375	0.0	0.0
13.5	0.0	0.0
13.625	0.0	0.0
13.75	0.0	0.0
13.875	0.0	0.0
14.0	0.0	0.0
14.125	0.0	0.0
14.25	0.0	0.0
14.375	0.0	0.0
14.5	0.0	0.0
14.625	0.0	0.0
14.75	0.0	0.0
14.875	0.0	0.0
15.0	0.0	0.0
15.125	0.0	0.0
15.25	0.0	0.0
15.375	0.0	0.0
15.5	0.0	0.0
15.625	0.0	0.0
15.75	0.0	0.0
15.875	0.0	0.0
16.0	0.0	0.0
16.125	0.0	0.0
16.25	0.0	0.0
16.375	0.0	0.0
16.5	0.0	0.0
16.625	0.0	0.0
16.75	0.0	0.0
16.875	0.0	0.0
17.0	0.0	0.0
17.125	0.0	0.0
17.25	0.0	0.0
17.375	0.0	0.0
17.5	0.0	0.0
17.625	0.0	0.0
17.75	0.0	0.0
17.875	0.0	0.0
18.0	0.0	0.0
18.125	0.0	0.0
18.25	0.0	0.0
18.375	0.0	0.0
18.5	0.0	0.0
18.625	0.0	0.0
18.75	0.0	0.0
18.875	0.0	0.0
19.0	0.0	0.0
19.125	0.0	0.0
19.25	0.0	0.0
19.375	0.0	0.0
19.5	0.0	0.0
19.625	0.0	0.0
19.75	0.0	0.0
19.875	0.0	0.0
20.0	0.0	0.0
20.125	0.0	0.0
20.25	0.0	0.0
20.375	0.0	0.0
20.5	0.0	0.0
20.625	0.0	0.0
20.75	0.0	0.0
20.875	0.0	0.0
21.0	0.0	0.0
21.125	0.0	0.0
21.25	0.0	0.0
21.375	0.0	0.0
21.5	0.0	0.0
21.625	0.0	0.0
21.75	0.0	0.0
21.875	0.0	0.0
22.0	0.0	0.0
22.125	0.0	0.0
22.25	0.0	0.0
22.375	0.0	0.0
22.5	0.0	0.0
22.625	0.0	0.0
22.75	0.0	0.0
22.875	0.0	0.0
23.0	0.0	0.0
23.125	0.0	0.0
23.25	0.0	0.0
23.375	0.0	0.0
23.5	0.0	0.0
23.625	0.0	0.0
23.75	0.0	0.0
23.875	0.0	0.0
24.0	0.0	0.0
24.125	0.0	0.0
24.25	0.0	0.0
24.375	0.0	0.0
24.5	0.0	0.0
24.625	0.0	0.0
24.75	0.0	0.0
24.875	0.0	0.0
25.0	0.0	0.0
25.125	0.0	0.0
25.25	0.0	0.0
25.375	0.0	0.0
25.5	0.0	0.0
25.625	0.0	0.0
25.75	0.0	0.0
25.875	0.0	0.0
26.0	0.0	0.0
26.125	0.0	0.0
26.25	0.0	0.0
26.375	0.0	0.0
26.5	0.0	0.0
26.625	0.0	0.0
26.75	0.0	0.0
26.875	0.0	0.0
27.0	0.0	0.0
27.125	0.0	0.0
27.25	0.0	0.0
27.375	0.0	0.0
27.5	0.0	0.0
27.625	0.0	0.0
27.75	0.0	0.0
27.875	0.0	0.0
28.0	0.0	0.0
28.125	0.0	0.0
28.25	0.0	0.0
28.375	0.0	0.0
28.5	0.0	0.0
28.625	0.0	0.0
28.75	0.0	0.0
28.875	0.0	0.0
29.0	0.0	0.0
29.125	0.0	0.0
29.25	0.0	0.0
29.375	0.0	0.0
29.5	0.0	0.0
29.625	0.0	0.0
29.75	0.0	0.0
29.875	0.0	0.0
30.0	0.0	0.0
30.125	0.0	0.0
30.25	0.0	0.0
30.375	0.0	0.0
30.5	0.0	0.0
30.625	0.0	0.0
30.75	0.0	0.0
30.875	0.0	0.0
31.0	0.0	0.0
31.125	0.0	0.0
31.25	0.0	0.0
31.375	0.0	0.0
31.5	0.0	0.0
31.625	0.0	0.0
31.75	0.0	0.0
31.875	0.0	0.0
32.0	0.0	0.0
32.125	0.0	0.0
32.25	0.0	0.0
32.375	0.0	0.0
32.5	0.0	0.0
32.625	0.0	0.0
32.75	0.0	0.0
32.875	0.0	0.0
33.0	0.0	0.0
33.125	0.0	0.0
33.25	0.0	0.0
33.375	0.0	0.0
33.5	0.0	0.0
33.625	0.0	0.0
33.75	0.0	0.0
33.875	0.0	0.0
34.0	0.0	0.0
34.125	0.0	0.0
34.25	0.0	0.0
34.375	0.0	0.0
34.5	0.0	0.0
34.625	0.0	0.0
34.75	0.0	0.0
34.875	0.0	0.0
35.0	0.0	0.0
35.125	0.0	0.0
35.25	0.0	0.0
35.375	0.0	0.0
35.5	0.0	0.0
35.625	0.0	0.0
35.75	0.0	0.0
35.875	0.0	0.0
36.0	0.0	0.0
36.125	0.0	0.0
36.25	0.0	0.0
36.375	0.0	0.0
36.5	0.0	0.0
36.625	0.0	0.0
36.75	0.0	0.0
36.875	0.0	0.0
37.0	0.0	0.0
37.125	0.0	0.0
37.25	0.0	0.0
37.375	0.0	0.0
37.5	0.0	0.0
37.625	0.0	0.0
37.75	0.0	0.0
37.875	0.0	0.0
38.0	0.0	0.0
38.125	0.0	0.0
38.25	0.0	0.0
38.375	0.0	0.0
38.5	0.0	0.0
38.625	0.0	0.0
38.75	0.0	0.0
38.875	0.0	0.0
39.0	0.0	0.0
39.125	0.0	0.0
39.25	0.0	0.0
39.375	0.0	0.0
39.5	0.0	0.0
39.625	0.0	0.0
39.75	0.0	0.0
39.875	0.0	0.0
40.0	0.0	0.0
40.125	0.0	0.0
40.25	0.0	0.0
40.375	0.0	0.0
40.5	0.0	0.0
40.625	0.0	0.0
40.75	0.0	0.0
40.875	0.0	0.0
41.0	0.0	0.0
41.125	0.0	0.0
41.25	0.0	0.0
41.375	0.0	0.0
41.5	0.0	0.0
41.625	0.0	0.0
41.75	0.0	0.0
41.875	0.0	0.0
42.0	0.0	0.0
42.125	0.0	0.0
42.25	0.0	0.0
42.375	0.0	0.0
42.5	0.0	0.0
42.625	0.0	0.0
42.75	0.0	0.0
42.875	0.0	0.0
43.0	0.0	0.0
43.125	0.0	0.0
43.25	0.0	0.0
43.375	0.0	0.0
43.5	0.0	0.0
43.625	0.0	0.0
43.75	0.0	0.0
43.875	0.0	0.0
44.0	0.0	0.0
44.125	0.0	0.0
44.25	0.0	0.0
44.375	0.0	0.0
44.5	0.0	0.0
44.625	0.0	0.0
44.75	0.0	0.0
44.875	0.0	0.0
45.0	0.0	0.0
45.125	0.0	0.0
45.25	0.0	0.0
45.375	0.0	0.0
45.5	0.0	0.0
45.625	0.0	0.0
45.75	0.0	0.0
45.875	0.0	0.0
46.0	0.0	0.0
46.125	0.0	0.0
46.25	0.0	0.0
46.375	0.0	0.0
46.5	0.0	0.0
46.625	0.0	0.0
46.75	0.0	0.0
46.875	0.0	0.0
47.0	0.0	0.0
47.125	0.0	0.0
47.25	0.0	0.0
47.375	0.0	0.0
47.5	0.0	0.0
47.625	0.0	0.0
47.75	0.0	0.0
47.875	0.0	0.0
48.0	0.0	0.0
48.125	0.0	0.0
48.25	0.0	0.0
48.375	0.0	0.0
48.5	0.0	0.0
48.625	0.0	0.0
48.75	0.0	0.0
48.875	0.0	0.0
49.0	0.0	0.0
49.125	0.0	0.0
49.25	0.0	0.0
49.375	0.0	0.0
49.5	0.0	0.0
49.625	0.0	0.0
49.75	0.0	0.0
49.875	0.0	0.0
50.0	0.0	0.0
50.125	0.0	0.0
50.25	0.0	0.0
50.375	0.0	0.0
50.5	0.0	0.0
50.625	0.0	0.0
50.75	0.0	0.0
50.875	0.0	0.0
51.0	0.0	0.0
51.125	0.0	0.0
51.25	0.0	0.0
51.375	0.0	0.0
51.5	0.0	0.0
51.625	0.0	0.0
51.75	0.0	0.0
51.875	0.0	0.0
52.0	0.0	0.0
52.125	0.0	0.0
52.25	0.0	0.0
52.375	0.0	0.0
52.5	0.0	0.0
52.625	0.0	0.0
52.75	0.0	0.0
52.875	0.0	0.0
53.0	0.0	0.0
53.125	0.0	0.0
53.25	0.0	0.0
53.375	0.0	0.0
53.5	0.0	0.0
53.625	0.0	0.0
53.75	0.0	0.0
53.875	0.0	0.0
54.0	0.0	0.0
54.125	0.0	0.0
54.25	0.0	0.0
54.375	0.0	0.0
54.5	0.0	0.0
54.625	0.0	0.0
54.75	0.0	0.0
54.875	0.0	0.0
55.0	0.0	0.0
55.125	0.0	0.0
55.25	0.0	0.0
55.375	0.0	0.0
55.5	0.0	0.0
55.625	0.0	0.0
55.75	0.0	0.0
55.875	0.0	0.0
56.0	0.0	0.0
56.125	0.0	0.0
56.25	0.0	0.0
56.375	0.0	0.0
56.5	0.0	0.0
56.625	0.0	0.0
56.75	0.0	0.0
56.875	0.0	0.0
57.0	0.0	0.0
57.125	0.0	0.0
57.25	0.0	0.0
57.375	0.0	0.0
57.5	0.0	0.0
57.625	0.0	0.0
57.75	0.0	0.0
57.875	0.0	0.0
58.0	0.0	0.0
58.125	0.0	0.0
58.25	0.0	0.0
58.375	0.0	0.0
58.5	0.0	0.0
58.625	0.0	0.0
58.75	0.0	0.0
58.875	0.0	0.0
59.0	0.0	0.0
59.125	0.0	0.0
59.25	0.0	0.0
59.375	0.0	0.0
59.5	0.0	0.0
59.625	0.0	0.0
59.75	0.0	0.0
59.875	0.0	0.0
60.0	0.0	0.0
60.125	0.0	0.0
60.25	0.0	0.0
60.375	0.0	0.0
60.5	0.0	0.0
60.625	0.0	0.0
60.75	0.0	0.0
60.875	0.0	0.0
61.0	0.0	0.0
61.125	0.0	0.0
61.25	0.0	0.0
61.375	0.0	0.0
61.5	0.0	0.0
61.625	0.0	0.0
61.75	0.0	0.0
61.875	0.0	0.0
62.0	0.0	0.0
62.125	0.0	0.0
62.25	0.0	0.0
62.375	0.0	0.0
62.5	0.0	0.0
62.625	0.0	0.0
62.75	0.0	0.0
62.875	0.0	0.0
63.0	0.0	0.0
63.125	0.0	0.0
63.25	0.0	0.0
63.375	0.0	0.0
63.5	0.0	0.0
63.625	0.0	0.0
63.75	0.0	0.0
63.875	0.0	0.0
64.0	0.0	0.0
64.125	0.0	0.0
64.25	0.0	0.0
64.375	0.0	0.0
64.5	0.0	0.0
64.625	0.0	0.0
64.75	0.0	0.0
64.875	0.0	0.0
65.0	0.0	0.0
65.125	0.0	0.0
65.25	0.0	0.0
65.375	0.0	0.0
65.5	0.0	0.0
65.625	0.0	0.0
65.75	0.0	0.0
65.875	0.0	0.0
66.0	0.0	0.0
66.125	0.0	0.0
66.25	0.0	0.0
66.375	0.0	0.0
66.5	0.0	0.0
66.625	0.0	0.0
66.75	0.0	0.0
66.875	0.0	0.0
67.0	0.0	0.0
67.125	0.0	0.0
67.25	0.0	0.0
67.375	0.0	0.0
67.5	0.0	0.0
67.625	0.0	0.0
67.75	0.0	0.0
67.875	0.0	0.0
68.0	0.0	0.0
68.125	0.0	0.0
68.25	0.0	0.0
68.375	0.0	0.0
68.5	0.0	0.0
68.625	0.0	0.0
68.75	0.0	0.0
68.875	0.0	0.0
69.0	0.0	0.0
69.125	0.0	0.0
69.25	0.0	0.0
69.375	0.0	0.0
69.5	0.0	0.0
69.625	0.0	0.0
69.75	0.0	0.0
69.875	0.0	0.0
70.0	0.0	0.0
70.125	0.0	0.0
70.25	0.0	0.0
70.375	0.0	0.0
70.5	0.0	0.0
70.625	0.0	0.0
70.75	0.0	0.0
70.875	0.0	0.0
71.0	0.0	0.0
71.125	0.0	0.0
71.25	0.0	0.0
71.375	0.0	0.0
71.5	0.0	0.0
71.625	0.0	0.0
71.75	0.0	0.0
71.875	0.0	0.0
72.0	0.0	0.0
72.125	0.0	0.0
72.25	0.0	0.0
72.375	0.0	0.0
72.5	0.0	0.0
72.625	0.0	0.0
72.75	0.0	0.0
72.875	0.0	0.0
73.0	0.0	0.0
73.125	0.0	0.0
73.25	0.0	0.0
73.375	0.0	0.0
73.5	0.0	0.0
73.625	0.0	0.0
73.75	0.0	0.0
73.875	0.0	0.0
74.0	0.0	0.0
74.125	0.0	0.0
74.25	0.0	0.0
74.375	0.0	0.0
74.5	0.0	0.0
74.625	0.0	0.0
74.75	0.0	0.0
74.875	0.0	0.0
75.0	0.0	0.0
75.125	0.0	0.0
75.25	0.0	0.0
75.375	0.0	0.0
75.5	0.0	0.0
75.625	0.0	0.0
75.75	0.0	0.0
75.875	0.0	0.0
76.0	0.0	0.0
76.125	0.0	0.0
76.25	0.0	0.0
76.375	0.0	0.0
76.5	0.0	0.0
76.625	0.0	0.0
76.75	0.0	0.0
76.875	0.0	0.0
77.0	0.0	0.0
77.125	0.0	0.0
77.25	0.0	0.0
77.375	0.0	0.0
77.5	0.0	0.0
77.625	0.0	0.0
77.75	0.0	0.0
77.875	0.0	0.0
78.0	0.0	0.0
78.125	0.0	0.0
78.25	0.0	0.0
78.375	0.0	0.0
78.5	0.0	0.0
78.625	0.0	0.0
78.75	0.0	0.0
78.875	0.0	0.0
79.0	0.0	0.0
79.125	0.0	0.0
79.25	0.0	0.0
79.375	0.0	0.0
79.5	0.0	0.0
79.625	0.0	0.0
79.75	0.0	0.0
79.875	0.0	0.0
80.0	0.0	0.0
80.125	0.0	0.0
80.25	0.0	0.0
80.375	0.0	0.0
80.5	0.0	0.0
80.625	0.0	0.0
80.75	0.0	0.0
80.875	0.0	0.0
81.0	0.0	0.0
81.125	0.0	0.0
81.25	0.0	0.0
81.375	0.0	0.0
81.5	0.0	0.0
81.625	0.0	0.0
81.75	0.0	0.0
81.875	0.0	0.0
82.0	0.0	0.0
82.125	0.0	0.0
82.25	0.0	0.0
82.375	0.0	0.0
82.5	0.0	0.0
82.625	0.0	0.0
82.75	0.0	0.0
82.875	0.0	0.0
83.0	0.0	0.0
83.125	0.0	0.0
83.25	0.0	0.0
83.375	0.0	0.0
83.5	0.0	0.0
83.625	0.0	0.0
83.75	0.0	0.0
83.875	0.0	0.0
84.0	0.0	0.0
84.125	0.0	0.0
84.25	0.0	0.0
84.375	0.0	0.0
84.5	0.0	0.0
84.625	0.0	0.0
84.75	0.0	0.0
84.875	0.0	0.0
85.0	0.0	0.0
85.125	0.0	0.0
85.25	0.0	0.0
85.375	0.0	0.0
85.5	0.0	0.0
85.625	0.0	0.0
85.75	0.0	0.0
85.875	0.0	0.0
86.0	0.0	0.0
86.125	0.0	0.0
86.25	0.0	0.0
86.375	0.0	0.0
86.5	0.0	0.0
86.625	0.0	0.0
86.75	0.0	0.0
86.875	0.0	0.0
87.0	0.0	0.0
87.125	0.0	0.0
87.25	0.0	0.0
87.375	0.0	0.0
87.5	0.0	0.0
87.625	0.0	0.0
87.75	0.0	0.0
87.875	0.0	0.0
88.0	0.0	0.0
88.125	0.0	0.0
88.25	0.0	0.0
88.375	0.0	0.0
88.5	0.0	0.0
88.625	0.0	0.0
88.75	0.0	0.0
88.875	0.0	0.0
89.0	0.0	0.0
89.125	0.0	0.0
89.25	0.0	0.0
89.375	0.0	0.0
89.5	0.0	0.0
89.625	0.0	0.0
89.75	0.0	0.0
89.875	0.0	0.0
90.0	0.0	0.0
90.125	0.0	0.0
90.25	0.0	0.0
90.375	0.0	0.0
90.5	0.0	0.0
90.625	0.0	0.0
90.75	0.0	0.0
90.875	0.0	0.0
91.0	0.0	0.0
91.125	0.0	0.0
91.25	0.0	0.0
91.375	0.0	0.0
91.5	0.0	0.0
91.625	0.0	0.0
91.75	0.0	0.0
91.875	0.0	0.0
92.0	0.0	0.0
92.125	0.0	0.0
92.25	0.0	0.0
92.375	0.0	0.0
92.5	0.0	0.0
92.625	0.0	0.0
92.75	0.0	0.0
92.875	0.0	0.0
93.0	0.0	0.0
93.125	0.0	0.0
93.25	0.0	0.0
93.375	0.0	0.0
93.5	0.0	0.0
93.625	0.0	0.0
93.75	0.0	0.0
93.875	0.0	0.0
94.0	0.0	0.0
94.125	0.0	0.0
94.25	0.0	0.0
94.375	0.0	0.0
94.5	0.0	0.0
94.625	0.0	0.0
94.75	0.0	0.0
94.875	0.0	0.0
95.0	0.0	0.0
95.125	0.0	0.0
95.25	0.0	0.0
95.375	0.0	0.0
95.5	0.0	0.0
95.625	0.0	0.0
95.75	0.0	0.0
95.875	0.0	0.0
96.0	0.0	0.0
96.125	0.0	0.0
96.25	0.0	0.0
96.375	0.0	0.0
96.5	0.0	0.0
96.625	0.0	0.0
96.75	0.0	0.0
96.875	0.0	0.0
97.0	0.0	0.0
97.125	0.0	0.0
97.25	0.0	0.0
97.375	0.0	0.0
97.5	0.0	0.0
97.625	0.0	0.0
97.75	0.0	0.0
97.875	0.0	0.0
98.0	0.0	0.0
98.125	0.0	0.0
98.25	0.0	0.0
98.375	0.0	0.0
98.5	0.0	0.0
98.625	0.0	0.0
98.75	0.0	0.0
98.875	0.0	0.0
99.0	0.0	0.0
99.125	0.0	0.0
99.25	0.0	0.0
99.375	0.0	0.0
99.5	0.0	0.0
99.625	0.0	0.0
99.75	0.0	0.0
99.875	0.0	0.0
100.0	0.0	0.0
100.125	0.0	0.0
100.25	0.0	0.0
100.375	0.0	0.0
100.5	0.0	0.0
100.625	0.0	0.0
100.75	0.0	0.0
100.875	0.0	0.0
101.0	0.0	0.0
101.125	0.0	0.0
101.25	0.0	0.0
101.375	0.0	0.0
101.5	0.0	0.0
101.625	0.0	0.0
101.75	0.0	0.0
101.875	0.0	0.0
102.0	0.0	0.0
102.125	0.0	0.0
102.25	0.0	0.0
102.375	0.0	0.0
102.5	0.0	0.0
102.625	0.0	0.0
102.75	0.0	0.0
102.875	0.0	0.0
103.0	0.0	0.0
103.125	0.0	0.0
103.25	0.0	0.0
103.375	0.0	0.0
103.5	0.0	0.0
103.625	0.0	0.0
103.75	0.0	0.0
103.875	0.0	0.0
104.0	0.0	0.0
104.125	0.0	0.0
104.25	0.0	0.0
104.375	0.0	0.0
104.5	0.0	0.0
104.625	0.0	0.0
104.75	0.0	0.0
104.875	0.0	0.0
105.0	0.0	0.0
105.125	0.0	0.0
105.25	0.0	0.0
105.375	0.0	0.0
105.5	0.0	0.0
105.625	0.0	0.0
105.75	0.0	0.0
105.875	0.0	0.0
106.0	0.0	0.0
106.125	0.0	0.0
106.25	0.0	0.0
106.375	0.0	0.0
106.5	0.0	0.0
106.625	0.0	0.0
106.75	0.0	0.0
106.875	0.0	0.0
107.0	0.0	0.0
107.125	0.0	0.0
107.25	0.0	0.0
107.375	0.0	0.0
107.5	0.0	0.0
107.625	0.0	0.0
107.75	0.0	0.0
107.875	0.0	0.0
108.0	0.0	0.0
108.125	0.0	0.0
108.25	0.0	0.0
108.375	0.0	0.0
108.5	0.0	0.0
108.625	0.0	0.0
108.75	0.0	0.0
108.875	0.0	0.0
109.0	0.0	0.0
109.125	0.0	0.0
109.25	0.0	0.0
109.375	0.0	0.0
109.5	0.0	0.0
109.625	0.0	0.0
109.75	0.0	0.0
109.875	0.0	0.0
110.0	0.0	0.0
110.125	0.0	0.0
110.25	0.0	0.0
110.375	0.0	0.0
110.5	0.0	0.0
110.625	0.0	0.0
110.75	0.0	0.0
110.875	0.0	0.0
111.0	0.0	0.0
111.125	0.0	0.0
111.25	0.0	0.0
111.375	0.0	0.0
111.5	0.0	0.0
111.625	0.0	0.0
111.75	0.0	0.0
111.875	0.0	0.0
112.0	0.0	0.0
112.125	0.0	0.0
112.25	0.0	0.0
112.375	0.0	0.0
112.5	0.0	0.0
112.625	0.0	0.0
112.75	0.0	0.0
112.875	0.0	0.0
113.0	0.0	0.0
113.125	0.0	0.0
113.25	0.0	0.0
113.375	0.0	0.0
113.5	0.0	0.0
113.625	0.0	0.0
113.75	0.0	0.0
113.875	0.0	0.0
114.0	0.0	0.0
114.125	0.0	0.0
114.25	0.0	0.0
114.375	0.0	0.0
114.5	0.0	0.0
114.625	0.0	0.0
114.75	0.0	0.0
114.875	0.0	0.0
115.0	0.0	0.0
115.125	0.0	0.0
115.25	0.0	0.0
115.375	0.0	0.0
115.5	0.0	0.0
115.625	0.0	0.0
115.75	0.0	0.0
115.875	0.0	0.0
116.0	0.0	0.0
116.125	0.0	0.0
116.25	0.0	0.0
116.375	0.0	0.0
116.5	0.0	0.0
116.625	0.0	0.0
116.75	0.0	0.0
116.875	0.0	0.0
117.0	0.0	0.0
117.125	0.0	0.0
117.25	0.0	0.0
117.375	0.0	0.0
117.5	0.0	0.0
117.625	0.0	0.0
117.75	0.0	0.0
117.875	0.0	0.0
118.0	0.0	0.0
118.125	0.0	0.0
118.25	0.0	0.0
118.375	0.0	0.0
118.5	0.0	0.0
118.625	0.0	0.0
118.75	0.0	0.0
118.875	0.0	0.0
119.0	0.0	0.0
119.125	0.0	0.0
119.25	0.0	0.0
119.375	0.0	0.0
119.5	0.0	0.0
119.625	0.0	0.0
119.75	0.0	0.0
119.875	0.0	0.0
120.0	0.0	0.0
120.125	0.0	0.0
120.25	0.0	0.0
120.375	0.0	0.0
120.5	0.0	0.0
120.625	0.0	0.0
120.75	0.0	0.0
120.875	0.0	0.0
121.0	0.0	0.0
121.125	0.0	0.0
121.25	0.0	0.0
121.375	0.0	0.0
121.5	0.0	0.0
121.625	0.0	0.0
121.75	0.0	0.0
121.875	0.0	0.0
122.0	0.0	0.0
122.125	0.0	0.0
122.25	0.0	0.0
122.375	0.0	0.0
122.5	0.0	0.0
122.625	0.0	0.0
122.75	0.0	0.0
122.875	0.0	0.0
123.0	0.0	0.0
123.125	0.0	0.0
123.25	0.0	0.0
123.375	0.0	0.0
123.5	0.0	0.0
123.625	0.0	0.0
123.75	0.0	0.0
123.875	0.0	0.0
124.0	0.0	0.0
124.125	0.0	0.0
124.25	0.0	0.0
124.375	0.0	0.0
124.5	0.0	0.0
124.625	0.0	0.0
124.75	0.0	0.0
124.875	0.0	0.0
125.0	0.0	0.0
125.125	0.0	0.0
125.25	0.0	0.0
125.375	0.0	0.0
125.5	0.0	0.0
125.625	0.0	0.0
125.75	0.0	0.0
125.875	0.0	0.0
126.0	0.0	0.0
126.125	0.0	0.0
126.25	0.0	0.0
126.375	0.0	0.0
126.5	0.0	0.0
126.625	0.0	0.0
126.75	0.0	0.0
126.875	0.0	0.0
127.0	0.0	0.0
127.125	0.0	0.0
127.25	0.0	0.0
127.375	0.0	0.0
127.5	0.0	0.0
127.625	0.0	0.0
127.75	0.0	0.0
127.875	0.0	0.0
128.0	0.0	0.0
128.125	0.0	0.0
128.25	0.0	0.0
128.375	0.0	0.0
128.5	0.0	0.0
128.625	0.0	0.0
128.75	0.0	0.0
128.875	0.0	0.0
129.0	0.0	0.0
129.125	0.0	0.0
129.25	0.0	0.0
129.375	0.0	0.0
129.5	0.0	0.0
129.625	0.0	0.0
129.75	0.0	0.0
129.875	0.0	0.0
130.0	0.0	0.0
130.125	0.0	0.0
130.25	0.0	0.0
130.375	0.0	0.0
130.5	0.0	0.0
130.625	0.0	0.0
130.75	0.0	0.0
130.875	0.0	0.0
131.0	0.0	0.0
131.125	0.0	0.0
131.25	0.0	0.0
131.375	0.0	0.0
131.5	0.0	0.0
131.625	0.0	0.0
131.75	0.0	0.0
131.875	0.0	0.0
132.0	0.0	0.0
132.125	0.0	0.0
132.25	0.0	0.0
132.375	0.0	0.0
132.5	0.0	0.0
132.625	0.0	0.0
132.75	0.0	0.0
132.875	0.0	0.0
133.0	0.0	0.0
133.125	0.0	0.0
133.25	0.0	0.0
133.375	0.0	0.0
133.5	0.0	0.0
133.625	0.0	0.0
133.75	0.0	0.0
133.875	0.0	0.0
134.0	0.0	0.0
134.125	0.0	0.0
134.25	0.0	0.0
134.375	0.0	0.0
134.5	0.0	0.0
134.625	0.0	0.0
134.75	0.0	0.0
134.875	0.0	0.0
135.0	0.0	0.0
135.125	0.0	0.0
135.25	0.0	0.0
135.375	0.0	0.0
135.5	0.0	0.0
135.625	0.0	0.0
135.75	0.0	0.0
135.875	0.0	0.0
136.0	0.0	0.0
136.125	0.0	0.0
136.25	0.0	0.0
136.375	0.0	0.0
136.5	0.0	0.0
136.625	0.0	0.0
136.75	0.0	0.0
136.875	0.0	0.0
137.0	0.0	0.0
137.125	0.0	0.0
137.25	0.0	0.0
137.375	0.0	0.0
137.5	0.0	0.0
137.625	0.0	0.0
137.75	0.0	0.0
137.875	0.0	0.0
138.0	0.0	0.0
138.125	0.0	0.0
138.25	0.0	0.0
138.375	0.0	0.0
138.5	0.0	0.0
138.625	0.0	0.0
138.75	0.0	0.0
138.875	0.0	0.0
139.0	0.0	0.0
139.125	0.0	0.0
139.25	0.0	0.0
139.375	0.0	0.0
139.5	0.0	0.0
139.625	0.0	0.0
139.75	0.0	0.0
139.875	0.0	0.0
140.0	0.0	0.0
140.125	0.0	0.0
140.25	0.0	0.0
140.375	0.0	0.0
140.5	0.0	0.0
140.625	0.0	0.0
140.75	0.0	0.0
140.875	0.0	0.0
141.0	0.0	0.0
141.125	0.0	0.0
141.25	0.0	0.0
141.375	0.0	0.0
141.5	0.0	0.0
141.625	0.0	0.0
141.75	0.0	0.0
141.875	0.0	0.0
142.0	0.0	0.0
142.125	0.0	0.0
142.25	0.0	0.0
142.375	0.0	0.0
142.5	0.0	0.0
142.625	0.0	0.0
142.75	0.0	0.0
142.875	0.0	0.0
143.0	0.0	0.0
143.125	0.0	0.0
143.25	0.0	0.0
143.375	0.0	0.0
143.5	0.0	0.0
143.625	0.0	0.0
143.75	0.0	0.0
143.875	0.0	0.0
144.0	0.0	0.0
144.125	0.0	0.0
144.25	0.0	0.0
144.375	0.0	0.0
144.5	0.0	0.0
144.625	0.0	0.0
144.75	0.0	0.0
144.875	0.0	0.0
145.0	0.0	0.0
145.125	0.0	0.0
145.25	0.0	0.0
145.375	0.0	0.0
145.5	0.0	0.0
145.625	0.0	0.0
145.75	0.0	0.0
145.875	0.0	0.0
146.0	0.0	0.0
146.125	0.0	0.0
146.25	0.0	0.0
146.375	0.0	0.0
146.5	0.0	0.0
146.625	0.0	0.0
146.75	0.0	0.0
146.875	0.0	0.0
147.0	0.0	0.0
147.125	0.0	0.0
147.25	0.0	0.0
147.375	0.0	0.0
147.5	0.0	0.0
147.625	0.0	0.0
147.75	0.0	0.0
147.875	0.0	0.0
148.0	0.0	0.0
148.125	0.0	0.0
148.25	0.0	0.0
148.375	0.0	0.0
148.5	0.0	0.0
148.625	0.0	0.0
148.75	0.0	0.0
148.875	0.0	0.0
149.0	0.0	0.0
149.125	0.0	0.0
149.25	0.0	0.0
149.375	0.0	0.0
149.5	0.0	0.0
149.625	0.0	0.0
149.75	0.0	0.0
149.875	0.0	0.0
150.0	0.0	0.0
150.125	0.0	0.0
150.25	0.0	0.0
150.375	0.0	0.0
150.5	0.0	0.0
150.625	0.0	0.0
150.75	0.0	0.0
150.875	0.0	0.0
151.0	0.0	0.0
151.125	0.0	0.0
151.25	0.0	0.0
151.375	0.0	0.0
151.5	0.0	0.0
151.625	0.0	0.0
151.75	0.0	0.0
151.875	0.0	0.0
152.0	0.0	0.0
152.125	0.0	0.0
152.25	0.0	0.0
152.375	0.0	0.0
152.5	0.0	0.0
152.625	0.0	0.0
152.75	0.0	0.0
152.875	0.0	0.0
153.0	0.0	0.0
153.125	0.0	0.0
153.25	0.0	0.0
153.375	0.0	0.0
153.5	0.0	0.0
153.625	0.0	0.0
153.75	0.0	0.0
153.875	0.0	0.0
154.0	0.0	0.0
154.125	0.0	0.0
154.25	0.0	0.0
154.375	0.0	0.0
154.5	0.0	0.0
154.625	0.0	0.0
154.75	0.0	0.0
154.875	0.0	0.0
155.0	0.0	0.0
155.125	0.0	0.0
155.25	0.0	0.0
155.375	0.0	0.0
155.5	0.0	0.0
155.625	0.0	0.0
155.75	0.0	0.0
155.875	0.0	0.0
156.0	0.0	0.0
156.125	0.0	0.0
156.25	0.0	0.0
156.375	0.0	0.0
156.5	0.0	0.0
156.625	0.0	0.0
156.75	0.0	0.0
156.875	0.0	0.0
157.0	0.0	0.0
157.125	0.0	0.0
157.25	0.0	0.0
157.375	0.0	0.0
157.5	0.0	0.0
157.625	0.0	0.0
157.75	0.0	0.0
157.875	0.0	0.0
158.0	0.0	0.0
158.125	0.0	0.0
158.25	0.0	0.0
158.375	0.0	0.0
158.5	0.0	0.0
158.625	0.0	0.0
158.75	0.0	0.0
158.875	0.0	0.0
159.0	0.0	0.0
159.125	0.0	0.0
159.25	0.0	0.0
159.375	0.0	0.0
159.5	0.0	0.0
159.625	0.0	0.0
159.75	0.0	0.0
159.875	0.0	0.0
160.0	0.0	0.0
160.125	0.0	0.0
160.25	0.0	0.0
160.375	0.0	0.0
160.5	0.0	0.0
160.625	0.0	0.0
160.75	0.0	0.0
160.875	0.0	0.0
161.0	0.0	0.0
161.125	0.0	0.0
161.25	0.0	0.0
161.375	0.0	0.0
161.5	0.0	0.0
161.625	0.0	0.0
161.75	0.0	0.0
161.875	0.0	0.0
162.0	0.0	0.0
162.125	0.0	0.0
162.25	0.0	0.0
162.375	0.0	0.0
162.5	0.0	0.0
162.625	0.0	0.0
162.75	0.0	0.0
162.875	0.0	0.0
163.0	0.0	0.0
163.125	0.0	0.0
163.25	0.0	0.0
163.375	0.0	0.0
163.5	0.0	0.0
163.625	0.0	0.0
163.75	0.0	0.0
163.875	0.0	0.0
164.0	0.0	0.0
164.125	0.0	0.0
164.25	0.0	0.0
164.375	0.0	0.0
164.5	0.0	0.0
164.625	0.0	0.0
164.75	0.0	0.0
164.875	0.0	0.0
165.0	0.0	0.0
165.125	0.0	0.0
165.25	0.0	0.0
165.375	0.0	0.0
165.5	0.0	0.0
165.625	0.0	0.0
165.75	0.0	0.0
165.875	0.0	0.0
166.0	0.0	0.0
166.125	0.0	0.0
166.25	0.0	0.0
166.375	0.0	0.0
166.5	0.0	0.0
166.625	0.0	0.0
166.75	0.0	0.0
166.875	0.0	0.0
167.0	0.0	0.0
167.125	0.0	0.0
167.25	0.0	0.0
167.375	0.0	0.0
167.5	0.0	0.0
167.625	0.0	0.0
167.75	0.0	0.0
167.875	0.0	0.0
168.0	0.0	0.0
168.125	0.0	0.0
168.25	0.0	0.0
168.375	0.0	0.0
168.5	0.0	0.0
168.625	0.0	0.0
168.75	0.0	0.0
168.875	0.0	0.0
169.0	0.0	0.0
169.125	0.0	0.0
169.25	0.0	0.0
169.375	0.0	0.0
169.5	0.0	0.0
169.625	0.0	0.0
169.75	0.0	0.0
169.875	0.0	0.0
170.0	0.0	0.0
170.125	0.0	0.0
170.25	0.0	0.0
170.375	0.0	0.0
170.5	0.0	0.0
170.625	0.0	0.0
170.75	0.0	0.0
170.875	0.0	0.0
171.0	0.0	0.0
171.125	0.0	0.0
171.25	0.0	0.0
171.375	0.0	0.0
171.5	0.0	0.0
171.625	0.0	0.0
171.75	0.0	0.0
171.875	0.0	0.0
172.0	0.0	0.0
172.125	0.0	0.0
172.25	0.0	0.0
172.375	0.0	0.0
172.5	0.0	0.0
172.625	0.0	0.0
172.75	0.0	0.0
172.875	0.0	0.0
173.0	0.0	0.0
173.125	0.0	0.0
173.25	0.0	0.0
173.375	0.0	0.0
173.5	0.0	0.0
173.625	0.0	0.0
173.75	0.0	0.0
173.875	0.0	0.0
174.0	0.0	0.0
174.125	0.0	0.0
174.25	0.0	0.0
174.375	0.0	0.0
174.5	0.0	0.0
174.625	0.0	0.0
174.75	0.0	0.0
174.875	0.0	0.0
175.0	0.0	0.0
175.125	0.0	0.0
175.25	0.0	0.0
175.375	0.0	0.0
175.5	0.0	0.0
175.625	0.0	0.0
175.75	0.0	0.0
175.875	0.0	0.0
176.0	0.0	0.0
176.125	0.0	0.0
176.25	0.0	0.0
176.375	0.0	0.0
176.5	0.0	0.0
176.625	0.0	0.0
176.75	0.0	0.0
176.875	0.0	0.0
177.0	0.0	0.0
177.125	0.0	0.0
177.25	0.0	0.0
177.375	0.0	0.0
177.5	0.0	0.0
177.625	0.0	0.0
177.75	0.0	0.0
177.875	0.0	0.0
178.0	0.0	0.0
178.125	0.0	0.0
178.25	0.0	0.0
178.375	0.0	0.0
178.5	0.0	0.0
178.625	0.0	0.0
178.75	0.0	0.0
178.875	0.0	0.0
179.0	0.0	0.0
179.125	0.0	0.0
179.25	0.0	0.0
179.375	0.0	0.0
179.5	0.0	0.0
179.625	0.0	0.0
179.75	0.0	0.0
179.875	0.0	0.0
180.0	0.0	0.0
180.125	0.0	0.0
180.25	0.0	0.0
180.375	0.0	0.0
180.5	0.0	0.0
180.625	0.0	0.0
180.75	0.0	0.0
180.875	0.0	0.0
181.0	0.0	0.0
181.125	0.0	0.0
181.25	0.0	0.0
181.375	0.0	0.0
181.5	0.0	0.0
181.625	0.0	0.0
181.75	0.0	0.0
181.875	0.0	0.0
182.0	0.0	0.0
182.125	0.0	0.0
182.25	0.0	0.0
182.375	0.0	0.0
182.5	0.0	0.0
182.625	0.0	0.0
182.75	0.0	0.0
182.875	0.0	0.0
183.0	0.0	0.0
183.125	0.0	0.0
183.25	0.0	0.0
183.375	0.0	0.0
183.5	0.0	0.0
183.625	0.0	0.0
183.75	0.0	0.0
183.875	0.0	0.0
184.0	0.0	0.0
184.125	0.0	0.0
184.25	0.0	0.0
184.375	0.0	0.0
184.5	0.0	0.0
184.625	0.0	0.0
184.75	0.0	0.0
184.875	0.0	0.0
185.0	0.0	0.0
185.125	0.0	0.0
185.25	0.0	0.0
185.375	0.0	0.0
185.5	0.0	0.0
185.625	0.0	0.0
185.75	0.0	0.0
185.875	0.0	0.0
186.0	0.0	0.0
186.125	0.0	0.0
186.25	0.0	0.0
186.375	0.0	0.0
186.5	0.0	0.0
186.625	0.0	0.0
186.75	0.0	0.0
186.875	0.0	0.0
187.0	0.0	0.0
187.125	0.0	0.0
187.25	0.0	0.0
187.375	0.0	0.0
187.5	0.0	0.0
187.625	0.0	0.0
187.75	0.0	0.0
187.875	0.0	0.0
188.0	0.0	0.0
188.125	0.0	0.0
188.25	0.0	0.0
188.375	0.0	0.0
188.5	0.0	0.0
188.625	0.0	0.0
188.75	0.0	0.0
188.875	0.0	0.0
189.0	0.0	0.0
189.125	0.0	0.0
189.25	0.0	0.0
189.375	0.0	0.0
189.5	0.0	0.0
189.625	0.0	0.0
189.75	0.0	0.0
189.875	0.0	0.0
190.0	0.0	0.0
190.125	0.0	0.0
190.25	0.0	0.0
190.375	0.0	0.0
190.5	0.0	0.0
190.625	0.0	0.0
190.75	0.0	0.0
190.875	0.0	0.0
191.0	0.0	0.0
191.125	0.0	0.0
191.25	0.0	0.0
191.375	0.0	0.0
191.5	0.0	0.0
191.625	0.0	0.0
191.75	0.0	0.0
191.875	0.0	0.0
192.0	0.0	0.0
192.125	0.0	0.0
192.25	0.0	0.0
192.375	0.0	0.0
192.5	0.0	0.0
192.625	0.0	0.0
192.75	0.0	0.0
192.875	0.0	0.0
193.0	0.0	0.0
193.125	0.0	0.0
193.25	0.0	0.0
193.375	0.0	0.0
193.5	0.0	0.0
193.625	0.0	0.0
193.75	0.0	0.0
193.875	0.0	0.0
194.0	0.0	0.0
194.125	0.0	0.0
194.25	0.0	0.0
194.375	0.0	0.0
194.5	0.0	0.0
194.625	0.0	0.0
194.75	0.0	0.0
194.875	0.0	0.0
195.0	0.0	0.0
195.125	0.0	0.0
195.25	0.0	0.0
195.375	0.0	0.0
195.5	0.0	0.0
195.625	0.0	0.0
195.75	0.0	0.0
195.875	0.0	0.0
196.0	0.0	0.0
196.125	0.0	0.0
196.25	0.0	0.0
196.375	0.0	0.0
196.5	0.0	0.0
196.625	0.0	0.0
196.75	0.0	0.0
196.875	0.0	0.0
197.0	0.0	0.0
197.125	0.0	0.0
197.25	0.0	0.0
197.375	0.0	0.0
197.5	0.0	0.0
197.625	0.0	0.0
197.75	0.0	0.0
197.875	0.0	0.0
198.0	0.0	0.0
198.125	0.0	0.0
198.25	0.0	0.0
198.375	0.0	0.0
198.5	0.0	0.0
198.625	0.0	0.0
198.75	0.0	0.0
198.875	0.0	0.0
199.0	0.0	0.0
199.125	0.0	0.0
199.25	0.0	0.0
199.375	0.0	0.0
199.5	0.0	0.0
199.625	0.0	0.0
199.75	0.0	0.0
199.875	0.0	0.0
200.0	0.0	0.0
200.125	0.0	0.0
200.25	0.0	0.0
200.375	0.0	0.0
200.5	0.0	0.0
200.625	0.0	0.0
200.75	0.0	0.0
200.875	0.0	0.0
201.0	0.0	0.0
201.125	0.0	0.0
201.25	0.0	0.0
201.375	0.0	0.0
201.5	0.0	0.0
201.625	0.0	0.0
201.75	0.0	0.0
201.875	0.0	0.0
202.0	0.0	0.0
202.125	0.0	0.0
202.25	0.0	0.0
202.375	0.0	0.0
202.5	0.0	0.0
202.625	0.0	0.0
202.75	0.0	0.0
202.875	0.0	0.0
203.0	0.0	0.0
203.125	0.0	0.0
203.25	0.0	0.0
203.375	0.0	0.0
203.5	0.0	0.0
203.625	0.0	0.0
203.75	0.0	0.0
203.875	0.0	0.0
204.0	0.0	0.0
204.125	0.0	0.0
204.25	0.0	0.0
204.375	0.0	0.0
204.5	0.0	0.0
204.625	0.0	0.0
204.75	0.0	0.0
204.875	0.0	0.0
205.0	0.0	0.0
205.125	0.0	0.0
205.25	0.0	0.0
205.375	0.0	0.0
205.5	0.0	0.0
205.625	0.0	0.0
205.75	0.0	0.0
205.875	0.0	0.0
206.0	0.0	0.0
206.125	0.0	0.0
206.25	0.0	0.0
206.375	0.0	0.0
206.5	0.0	0.0
206.625	0.0	0.0
206.75	0.0	0.0
206.875	0.0	0.0
207.0	0.0	0.0
207.125	0.0	0.0
207.25	0.0	0.0
207.375	0.0	0.0
207.5	0.0	0.0
207.625	0.0	0.0
207.75	0.0	0.0
207.875	0.0	0.0
208.0	0.0	0.0
208.125	0.0	0.0
208.25	0.0	0.0
208.375	0.0	0.0
208.5	0.0	0.0
208.625	0.0	0.0
208.75	0.0	0.0
208.875	0.0	0.0
209.0	0.0	0.0
209.125	0.0	0.0
209.25	0.0	0.0
209.375	0.0	0.0
209.5	0.0	0.0
209.625	0.0	0.0
209.75	0.0	0.0
209.875	0.0	0.0
210.0	0.0	0.0
210.125	0.0	0.0
210.25	0.0	0.0
210.375	0.0	0.0
210.5	0.0	0.0
210.625	0.0	0.0
210.75	0.0	0.0
210.875	0.0	0.0
211.0	0.0	0.0
211.125	0.0	0.0
211.25	0.0	0.0
211.375	0.0	0.0
211.5	0.0	0.0
211.625	0.0	0.0
211.75	0.0	0.0
211.875	0.0	0.0
212.0	0.0	0.0
212.125	0.0	0.0
212.25	0.0	0.0
212.375	0.0	0.0
212.5	0.0	0.0
212.625	0.0	0.0
212.75	0.0	0.0
212.875	0.0	0.0
213.0	0.0	0.0
213.125	0.0	0.0
213.25	0.0	0.0
213.375	0.0	0.0
213.5	0.0	0.0
213.625	0.0	0.0
213.75	0.0	0.0
213.875	0.0	0.0
214.0	0.0	0.0
214.125	0.0	0.0
214.25	0.0	0.0
214.375	0.0	0.0
214.5	0.0	0.0
214.625	0.0	0.0
214.75	0.0	0.0
214.875	0.0	0.0
215.0	0.0	0.0
215.125	0.0	0.0
215.25	0.0	0.0
215.375	0.0	0.0
215.5	0.0	0.0
215.625	0.0	0.0
215.75	0.0	0.0
215.875	0.0	0.0
216.0	0.0	0.0
216.125	0.0	0.0
216.25	0.0	0.0
216.375	0.0	0.0
216.5	0.0	0.0
216.625	0.0	0.0
216.75	0.0	0.0
216.875	0.0	0.0
217.0	0.0	0.0
217.125	0.0	0.0
217.25	0.0	0.0
217.375	0.0	0.0
217.5	0.0	0.0
217.625	0.0	0.0
217.75	0.0	0.0
217.875	0.0	0.0
218.0	0.0	0.0
218.125	0.0	0.0
218.25	0.0	0.0
218.375	0.0	0.0
218.5	0.0	0.0
218.625	0.0	0.0
218.75	0.0	0.0
218.875	0.0	0.0
219.0	0.0	0.0
219.125	0.0	0.0
219.25	0.0	0.0
219.375	0.0	0.0
219.5	0.0	0.0
219.625	0.0	0.0
219.75	0.0	0.0
219.875	0.0	0.0
220.0	0.0	0.0
220.125	0.0	0.0
220.25	0.0	0.0
220.375	0.0	0.0
220.5	0.0	0.0
220.625	0.0	0.0
220.75	0.0	0.0
220.875	0.0	0.0
221.0	0.0	0.0
221.125	0.0	0.0
221.25	0.0	0.0
221.375	0.0	0.0
221.5	0.0	0.0
221.625	0.0	0.0
221.75	0.0	0.0
221.875	0.0	0.0
222.0	0.0	0.0
222.125	0.0	0.0
222.25	0.0	0.0
222.375	0.0	0.0
222.5	0.0	0.0
222.625	0.0	0.0
222.75	0.0	0.0
222.875	0.0	0.0
223.0	0.0	0.0
223.125	0.0	0.0
223.25	0.0	0.0
223.375	0.0	0.0
223.5	0.0	0.0
223.625	0.0	0.0
223.75	0.0	0.0
223.875	0.0	0.0
224.0	0.0	0.0
224.125	0.0	0.0
224.25	0.0	0.0
224.375	0.0	0.0
224.5	0.0	0.0
224.625	0.0	0.0
224.75	0.0	0.0
224.875	0.0	0.0
225.0	0.0	0.0
225.125	0.0	0.0
225.25	0.0	0.0
225.375	0.0	0.0
225.5	0.0	0.0
225.625	0.0	0.0
225.75	0.0	0.0
225.875	0.0	0.0
226.0	0.0	0.0
226.125	0.0	0.0
226.25	0.0	0.0
226.375	0.0	0.0
226.5	0.0	0.0
226.625	0.0	0.0
226.75	0.0	0.0
226.875	0.0	0.0
227.0	0.0	0.0
227.125	0.0	0.0
227.25	0.0	0.0
227.375	0.0	0.0
227.5	0.0	0.0
227.625	0.0	0.0
227.75	0.0	0.0
227.875	0.0	0.0
228.0	0.0	0.0
228.125	0.0	0.0
228.25	0.0	0.0
228.375	0.0	0.0
228.5	0.0	0.0
228.625	0.0	0.0
228.75	0.0	0.0
228.875	0.0	0.0
229.0	0.0	0.0
229.125	0.0	0.0
229.25	0.0	0.0
229.375	0.0	0.0
229.5	0.0	0.0
229.625	0.0	0.0
229.75	0.0	0.0
229.875	0.0	0.0
230.0	0.0	0.0
230.125	0.0	0.0
230.25	0.0	0.0
230.375	0.0	0.0
230.5	0.0	0.0
230.625	0.0	0.0
230.75	0.0	0.0
230.875	0.0	0.0
231.0	0.0	0.0
231.125	0.0	0.0
231.25	0.0	0.0
231.375	0.0	0.0
231.5	0.0	0.0
231.625	0.0	0.0
231.75	0.0	0.0
231.875	0.0	0.0
232.0	0.0	0.0
232.125	0.0	0.0
232.25	0.0	0.0
232.375	0.0	0.0
232.5	0.0	0.0
232.625	0.0	0.0
232.75	0.0	0.0
232.875	0.0	0.0
233.0	0.0	0.0
233.125	0.0	0.0
233.25	0.0	0.0
233.375	0.0	0.0
233.5	0.0	0.0
233.625	0.0	0.0
233.75	0.0	0.0
233.875	0.0	0.0
234.0	0.0	0.0
234.125	0.0	0.0
234.25	0.0	0.0
234.375	0.0	0.0
234.5	0.0	0.0
234.625	0.0	0.0
234.75	0.0	0.0
234.875	0.0	0.0
235.0	0.0	0.0
235.125	0.0	0.0
235.25	0.0	0.0
235.375	0.0	0.0
235.5	0.0	0.0
235.625	0.0	0.0
235.75	0.0	0.0
235.875	0.0	0.0
236.0	0.0	0.0
236.125	0.0	0.0
236.25	0.0	0.0
236.375	0.0	0.0
236.5	0.0	0.0
236.625	0.0	0.0
236.75	0.0	0.0
236.875	0.0	0.0
237.0	0.0	0.0
237.125	0.0	0.0
237.25	0.0	0.0
237.375	0.0	0.0
237.5	0.0	0.0
237.625	0.0	0.0
237.75	0.0	0.0
237.875	0.0	0.0
238.0	0.0	0.0
238.125	0.0	0.0
238.25	0.0	0.0
238.375	0.0	0.0
238.5	0.0	0.0
238.625	0.0	0.0
238.75	0.0	0.0
238.875	0.0	0.0
239.0	0.0	0.0
239.125	0.0	0.0
239.25	0.0	0.0
239.375	0.0	0.0
239.5	0.0	0.0
239.625	0.0	0.0
239.75	0.0	0.0
239.875	0.0	0.0
240.0	0.0	0.0
240.125	0.0	0.0
240.25	0.0	0.0
240.375	0.0	0.0
240.5	0.0	0.0
240.625	0.0	0.0
240.75	0.0	0.0
240.875	0.0	0.0
241.0	0.0	0.0
241.125	0.0	0.0
241.25	0.0	0.0
241.375	0.0	0.0
241.5	0.0	0.0
241.625	0.0	0.0
241.75	0.0	0.0
241.875	0.0	0.0
242.0	0.0	0.0
242.125	0.0	0.0
242.25	0.0	0.0
242.375	0.0	0.0
242.5	0.0	0.0
242.625	0.0	0.0
242.75	0.0	0.0
242.875	0.0	0.0
243.0	0.0	0.0
243.125	0.0	0.0
243.25	0.0	0.0
243.375	0.0	0.0
243.5	0.0	0.0
243.625	0.0	0.0
243.75	0.0	0.0
243.875	0.0	0.0
244.0	0.0	0.0
244.125	0.0	0.0
244.25	0.0	0.0
244.375	0.0	0.0
244.5	0.0	0.0
244.625	0.0	0.0
244.75	0.0	0.0
244.875	0.0	0.0
245.0	0.0	0.0
245.125	0.0	0.0
245.25	0.0	0.0
245.375	0.0	0.0
245.5	0.0	0.0
245.625	0.0	0.0
245.75	0.0	0.0
245.875	0.0	0.0
246.0	0.0	0.0
246.125	0.0	0.0
246.25	0.0	0.0
246.375	0.0	0.0
246.5	0.0	0.0
246.625	0.0	0.0
246.75	0.0	0.0
246.875	0.0	0.0
247.0	0.0	0.0
247.125	0.0	0.0
247.25	0.0	0.0
247.375	0.0	0.0
247.5	0.0	0.0
