-264.375	0.0	-4.0e-6
-264.25	0.0	-4.0e-6
-264.125	0.0	-4.0e-6
-264.0	0.0	-4.0e-6
-263.875	0.0	-4.0e-6
-263.75	0.0	-4.0e-6
-263.625	0.0	-4.0e-6
-263.5	0.0	-4.0e-6
-263.375	0.0	-4.0e-6
-263.25	0.0	-4.0e-6
-263.125	0.0	-4.0e-6
-263.0	0.0	-4.0e-6
-262.875	0.0	-4.0e-6
-262.75	0.0	-4.0e-6
-262.625	0.0	-4.0e-6
-262.5	0.0	-4.0e-6
-262.375	0.0	-4.0e-6
-262.25	0.0	-4.0e-6
-262.125	0.0	-4.0e-6
-262.0	0.0	-4.0e-6
-261.875	0.0	-4.0e-6
-261.75	0.0	-4.0e-6
-261.625	0.0	-4.0e-6
-261.5	0.0	-4.0e-6
-261.375	0.0	-4.0e-6
-261.25	0.0	-4.0e-6
-261.125	0.0	-4.0e-6
-261.0	0.0	-4.0e-6
-260.875	0.0	-4.0e-6
-260.75	0.0	-4.0e-6
-260.625	0.0	-4.0e-6
-260.5	0.0	-4.0e-6
-260.375	0.0	-4.0e-6
-260.25	0.0	-4.0e-6
-260.125	0.0	-4.0e-6
-260.0	0.0	-4.0e-6
-259.875	0.0	-4.0e-6
-259.75	0.0	-4.0e-6
-259.625	0.0	-4.0e-6
-259.5	0.0	-4.0e-6
-259.375	0.0	-4.0e-6
-259.25	0.0	-4.0e-6
-259.125	0.0	-4.0e-6
-259.0	0.0	-4.0e-6
-258.875	0.0	-4.0e-6
-258.75	0.0	-4.0e-6
-258.625	0.0	-4.0e-6
-258.5	0.0	-4.0e-6
-258.375	0.0	-4.0e-6
-258.25	0.0	-4.0e-6
-258.125	0.0	-4.0e-6
-258.0	0.0	-4.0e-6
-257.875	0.0	-4.0e-6
-257.75	0.0	-4.0e-6
-257.625	0.0	-4.0e-6
-257.5	0.0	-4.0e-6
-257.375	0.0	-4.0e-6
-257.25	0.0	-4.0e-6
-257.125	0.0	-4.0e-6
-257.0	0.0	-4.0e-6
-256.875	0.0	-4.0e-6
-256.75	0.0	-4.0e-6
-256.625	0.0	-4.0e-6
-256.5	0.0	-4.0e-6
-256.375	0.0	-4.0e-6
-256.25	0.0	-4.0e-6
-256.125	0.0	-4.0e-6
-256.0	0.0	-4.0e-6
-255.875	0.0	-4.0e-6
-255.75	0.0	-4.0e-6
-255.625	0.0	-4.0e-6
-255.5	0.0	-4.0e-6
-255.375	0.0	-4.0e-6
-255.25	0.0	-4.0e-6
-255.125	0.0	-4.0e-6
-255.0	0.0	-4.0e-6
-254.875	0.0	-4.0e-6
-254.75	0.0	-4.0e-6
-254.625	0.0	-4.0e-6
-254.5	0.0	-4.0e-6
-254.375	0.0	-4.0e-6
-254.25	0.0	-4.0e-6
-254.125	0.0	-4.0e-6
-254.0	0.0	-4.0e-6
-253.875	0.0	-4.0e-6
-253.75	0.0	-4.0e-6
-253.625	0.0	-4.0e-6
-253.5	0.0	-4.0e-6
-253.375	0.0	-4.0e-6
-253.25	0.0	-4.0e-6
-253.125	0.0	-4.0e-6
-253.0	0.0	-4.0e-6
-252.875	0.0	-4.0e-6
-252.75	0.0	-4.0e-6
-252.625	0.0	-4.0e-6
-252.5	0.0	-4.0e-6
-252.375	0.0	-4.0e-6
-252.25	0.0	-4.0e-6
-252.125	0.0	-4.0e-6
-252.0	0.0	-4.0e-6
-251.875	0.0	-4.0e-6
-251.75	0.0	-4.0e-6
-251.625	0.0	-4.0e-6
-251.5	0.0	-4.0e-6
-251.375	0.0	-4.0e-6
-251.25	0.0	-4.0e-6
-251.125	0.0	-4.0e-6
-251.0	0.0	-4.0e-6
-250.875	0.0	-4.0e-6
-250.75	0.0	-4.0e-6
-250.625	0.0	-4.0e-6
-250.5	0.0	-4.0e-6
-250.375	0.0	-4.0e-6
-250.25	0.0	-4.0e-6
-250.125	0.0	-5.0e-6
-250.0	0.0	-5.0e-6
-249.875	0.0	-5.0e-6
-249.75	0.0	-5.0e-6
-249.625	0.0	-5.0e-6
-249.5	0.0	-5.0e-6
-249.375	0.0	-5.0e-6
-249.25	0.0	-5.0e-6
-249.125	0.0	-5.0e-6
-249.0	0.0	-5.0e-6
-248.875	0.0	-5.0e-6
-248.75	0.0	-5.0e-6
-248.625	0.0	-5.0e-6
-248.5	0.0	-5.0e-6
-248.375	0.0	-5.0e-6
-248.25	0.0	-5.0e-6
-248.125	0.0	-5.0e-6
-248.0	0.0	-5.0e-6
-247.875	0.0	-5.0e-6
-247.75	0.0	-5.0e-6
-247.625	0.0	-5.0e-6
-247.5	0.0	-5.0e-6
-247.375	0.0	-5.0e-6
-247.25	0.0	-5.0e-6
-247.125	0.0	-5.0e-6
-247.0	0.0	-5.0e-6
-246.875	0.0	-5.0e-6
-246.75	0.0	-5.0e-6
-246.625	0.0	-5.0e-6
-246.5	0.0	-5.0e-6
-246.375	0.0	-5.0e-6
-246.25	0.0	-5.0e-6
-246.125	0.0	-5.0e-6
-246.0	0.0	-5.0e-6
-245.875	0.0	-5.0e-6
-245.75	0.0	-5.0e-6
-245.625	0.0	-5.0e-6
-245.5	0.0	-5.0e-6
-245.375	0.0	-5.0e-6
-245.25	0.0	-5.0e-6
-245.125	0.0	-5.0e-6
-245.0	0.0	-5.0e-6
-244.875	0.0	-5.0e-6
-244.75	0.0	-5.0e-6
-244.625	0.0	-5.0e-6
-244.5	0.0	-5.0e-6
-244.375	0.0	-5.0e-6
-244.25	0.0	-5.0e-6
-244.125	0.0	-5.0e-6
-244.0	0.0	-5.0e-6
-243.875	0.0	-5.0e-6
-243.75	0.0	-5.0e-6
-243.625	0.0	-5.0e-6
-243.5	0.0	-5.0e-6
-243.375	0.0	-5.0e-6
-243.25	0.0	-5.0e-6
-243.125	0.0	-5.0e-6
-243.0	0.0	-5.0e-6
-242.875	0.0	-5.0e-6
-242.75	0.0	-5.0e-6
-242.625	0.0	-5.0e-6
-242.5	0.0	-5.0e-6
-242.375	0.0	-5.0e-6
-242.25	0.0	-5.0e-6
-242.125	0.0	-5.0e-6
-242.0	0.0	-5.0e-6
-241.875	0.0	-5.0e-6
-241.75	0.0	-5.0e-6
-241.625	0.0	-5.0e-6
-241.5	0.0	-5.0e-6
-241.375	0.0	-5.0e-6
-241.25	0.0	-5.0e-6
-241.125	0.0	-5.0e-6
-241.0	0.0	-5.0e-6
-240.875	0.0	-5.0e-6
-240.75	0.0	-5.0e-6
-240.625	0.0	-5.0e-6
-240.5	0.0	-5.0e-6
-240.375	0.0	-5.0e-6
-240.25	0.0	-5.0e-6
-240.125	0.0	-5.0e-6
-240.0	0.0	-5.0e-6
-239.875	0.0	-5.0e-6
-239.75	0.0	-5.0e-6
-239.625	0.0	-5.0e-6
-239.5	0.0	-5.0e-6
-239.375	0.0	-5.0e-6
-239.25	0.0	-5.0e-6
-239.125	0.0	-5.0e-6
-239.0	0.0	-5.0e-6
-238.875	0.0	-5.0e-6
-238.75	0.0	-5.0e-6
-238.625	0.0	-5.0e-6
-238.5	0.0	-5.0e-6
-238.375	0.0	-5.0e-6
-238.25	0.0	-5.0e-6
-238.125	0.0	-5.0e-6
-238.0	0.0	-5.0e-6
-237.875	0.0	-5.0e-6
-237.75	0.0	-5.0e-6
-237.625	0.0	-5.0e-6
-237.5	0.0	-5.0e-6
-237.375	0.0	-5.0e-6
-237.25	0.0	-5.0e-6
-237.125	0.0	-5.0e-6
-237.0	0.0	-5.0e-6
-236.875	0.0	-5.0e-6
-236.75	0.0	-5.0e-6
-236.625	0.0	-5.0e-6
-236.5	0.0	-5.0e-6
-236.375	0.0	-5.0e-6
-236.25	0.0	-5.0e-6
-236.125	0.0	-5.0e-6
-236.0	0.0	-5.0e-6
-235.875	0.0	-5.0e-6
-235.75	0.0	-5.0e-6
-235.625	0.0	-5.0e-6
-235.5	0.0	-5.0e-6
-235.375	0.0	-5.0e-6
-235.25	0.0	-5.0e-6
-235.125	0.0	-5.0e-6
-235.0	0.0	-5.0e-6
-234.875	0.0	-5.0e-6
-234.75	0.0	-5.0e-6
-234.625	0.0	-5.0e-6
-234.5	0.0	-5.0e-6
-234.375	0.0	-5.0e-6
-234.25	0.0	-5.0e-6
-234.125	0.0	-5.0e-6
-234.0	0.0	-5.0e-6
-233.875	0.0	-5.0e-6
-233.75	0.0	-5.0e-6
-233.625	0.0	-5.0e-6
-233.5	0.0	-5.0e-6
-233.375	0.0	-5.0e-6
-233.25	0.0	-5.0e-6
-233.125	0.0	-5.0e-6
-233.0	0.0	-5.0e-6
-232.875	0.0	-5.0e-6
-232.75	0.0	-5.0e-6
-232.625	0.0	-5.0e-6
-232.5	0.0	-5.0e-6
-232.375	0.0	-5.0e-6
-232.25	0.0	-5.0e-6
-232.125	0.0	-5.0e-6
-232.0	0.0	-5.0e-6
-231.875	0.0	-5.0e-6
-231.75	0.0	-5.0e-6
-231.625	0.0	-5.0e-6
-231.5	0.0	-5.0e-6
-231.375	0.0	-5.0e-6
-231.25	0.0	-5.0e-6
-231.125	0.0	-5.0e-6
-231.0	0.0	-5.0e-6
-230.875	0.0	-5.0e-6
-230.75	0.0	-5.0e-6
-230.625	0.0	-5.0e-6
-230.5	0.0	-5.0e-6
-230.375	0.0	-5.0e-6
-230.25	0.0	-5.0e-6
-230.125	0.0	-5.0e-6
-230.0	0.0	-5.0e-6
-229.875	0.0	-5.0e-6
-229.75	0.0	-5.0e-6
-229.625	0.0	-5.0e-6
-229.5	0.0	-6.0e-6
-229.375	0.0	-6.0e-6
-229.25	0.0	-6.0e-6
-229.125	0.0	-6.0e-6
-229.0	0.0	-6.0e-6
-228.875	0.0	-6.0e-6
-228.75	0.0	-6.0e-6
-228.625	0.0	-6.0e-6
-228.5	0.0	-6.0e-6
-228.375	0.0	-6.0e-6
-228.25	0.0	-6.0e-6
-228.125	0.0	-6.0e-6
-228.0	0.0	-6.0e-6
-227.875	0.0	-6.0e-6
-227.75	0.0	-6.0e-6
-227.625	0.0	-6.0e-6
-227.5	0.0	-6.0e-6
-227.375	0.0	-6.0e-6
-227.25	0.0	-6.0e-6
-227.125	0.0	-6.0e-6
-227.0	0.0	-6.0e-6
-226.875	0.0	-6.0e-6
-226.75	0.0	-6.0e-6
-226.625	0.0	-6.0e-6
-226.5	0.0	-6.0e-6
-226.375	0.0	-6.0e-6
-226.25	0.0	-6.0e-6
-226.125	0.0	-6.0e-6
-226.0	0.0	-6.0e-6
-225.875	0.0	-6.0e-6
-225.75	0.0	-6.0e-6
-225.625	0.0	-6.0e-6
-225.5	0.0	-6.0e-6
-225.375	0.0	-6.0e-6
-225.25	0.0	-6.0e-6
-225.125	0.0	-6.0e-6
-225.0	0.0	-6.0e-6
-224.875	0.0	-6.0e-6
-224.75	0.0	-6.0e-6
-224.625	0.0	-6.0e-6
-224.5	0.0	-6.0e-6
-224.375	0.0	-6.0e-6
-224.25	0.0	-6.0e-6
-224.125	0.0	-6.0e-6
-224.0	0.0	-6.0e-6
-223.875	0.0	-6.0e-6
-223.75	0.0	-6.0e-6
-223.625	0.0	-6.0e-6
-223.5	0.0	-6.0e-6
-223.375	0.0	-6.0e-6
-223.25	0.0	-6.0e-6
-223.125	0.0	-6.0e-6
-223.0	0.0	-6.0e-6
-222.875	0.0	-6.0e-6
-222.75	0.0	-6.0e-6
-222.625	0.0	-6.0e-6
-222.5	0.0	-6.0e-6
-222.375	0.0	-6.0e-6
-222.25	0.0	-6.0e-6
-222.125	0.0	-6.0e-6
-222.0	0.0	-6.0e-6
-221.875	0.0	-6.0e-6
-221.75	0.0	-6.0e-6
-221.625	0.0	-6.0e-6
-221.5	0.0	-6.0e-6
-221.375	0.0	-6.0e-6
-221.25	0.0	-6.0e-6
-221.125	0.0	-6.0e-6
-221.0	0.0	-6.0e-6
-220.875	0.0	-6.0e-6
-220.75	0.0	-6.0e-6
-220.625	0.0	-6.0e-6
-220.5	0.0	-6.0e-6
-220.375	0.0	-6.0e-6
-220.25	0.0	-6.0e-6
-220.125	0.0	-6.0e-6
-220.0	0.0	-6.0e-6
-219.875	0.0	-6.0e-6
-219.75	0.0	-6.0e-6
-219.625	0.0	-6.0e-6
-219.5	0.0	-6.0e-6
-219.375	0.0	-6.0e-6
-219.25	0.0	-6.0e-6
-219.125	0.0	-6.0e-6
-219.0	0.0	-6.0e-6
-218.875	0.0	-6.0e-6
-218.75	0.0	-6.0e-6
-218.625	0.0	-6.0e-6
-218.5	0.0	-6.0e-6
-218.375	0.0	-6.0e-6
-218.25	0.0	-6.0e-6
-218.125	0.0	-6.0e-6
-218.0	0.0	-6.0e-6
-217.875	0.0	-6.0e-6
-217.75	0.0	-6.0e-6
-217.625	0.0	-6.0e-6
-217.5	0.0	-6.0e-6
-217.375	0.0	-6.0e-6
-217.25	0.0	-6.0e-6
-217.125	0.0	-6.0e-6
-217.0	0.0	-6.0e-6
-216.875	0.0	-6.0e-6
-216.75	0.0	-6.0e-6
-216.625	0.0	-6.0e-6
-216.5	0.0	-6.0e-6
-216.375	0.0	-6.0e-6
-216.25	0.0	-6.0e-6
-216.125	0.0	-6.0e-6
-216.0	0.0	-6.0e-6
-215.875	0.0	-6.0e-6
-215.75	0.0	-6.0e-6
-215.625	0.0	-6.0e-6
-215.5	0.0	-6.0e-6
-215.375	0.0	-6.0e-6
-215.25	0.0	-6.0e-6
-215.125	0.0	-6.0e-6
-215.0	0.0	-6.0e-6
-214.875	0.0	-6.0e-6
-214.75	0.0	-6.0e-6
-214.625	0.0	-6.0e-6
-214.5	0.0	-6.0e-6
-214.375	0.0	-6.0e-6
-214.25	0.0	-6.0e-6
-214.125	0.0	-6.0e-6
-214.0	0.0	-6.0e-6
-213.875	0.0	-6.0e-6
-213.75	0.0	-6.0e-6
-213.625	0.0	-6.0e-6
-213.5	0.0	-6.0e-6
-213.375	0.0	-6.0e-6
-213.25	0.0	-6.0e-6
-213.125	0.0	-6.0e-6
-213.0	0.0	-6.0e-6
-212.875	0.0	-6.0e-6
-212.75	0.0	-6.0e-6
-212.625	0.0	-6.0e-6
-212.5	0.0	-6.0e-6
-212.375	0.0	-6.0e-6
-212.25	0.0	-6.0e-6
-212.125	0.0	-6.0e-6
-212.0	0.0	-6.0e-6
-211.875	0.0	-6.0e-6
-211.75	0.0	-6.0e-6
-211.625	0.0	-6.0e-6
-211.5	0.0	-6.0e-6
-211.375	0.0	-6.0e-6
-211.25	0.0	-6.0e-6
-211.125	0.0	-6.0e-6
-211.0	0.0	-6.0e-6
-210.875	0.0	-6.0e-6
-210.75	0.0	-6.0e-6
-210.625	0.0	-6.0e-6
-210.5	0.0	-6.0e-6
-210.375	0.0	-6.0e-6
-210.25	0.0	-6.0e-6
-210.125	0.0	-6.0e-6
-210.0	0.0	-6.0e-6
-209.875	0.0	-6.0e-6
-209.75	0.0	-6.0e-6
-209.625	0.0	-6.0e-6
-209.5	0.0	-6.0e-6
-209.375	0.0	-6.0e-6
-209.25	0.0	-6.0e-6
-209.125	0.0	-6.0e-6
-209.0	0.0	-6.0e-6
-208.875	0.0	-6.0e-6
-208.75	0.0	-6.0e-6
-208.625	0.0	-6.0e-6
-208.5	0.0	-6.0e-6
-208.375	0.0	-6.0e-6
-208.25	0.0	-7.0e-6
-208.125	0.0	-7.0e-6
-208.0	0.0	-7.0e-6
-207.875	0.0	-7.0e-6
-207.75	0.0	-7.0e-6
-207.625	0.0	-7.0e-6
-207.5	0.0	-7.0e-6
-207.375	0.0	-7.0e-6
-207.25	0.0	-7.0e-6
-207.125	0.0	-7.0e-6
-207.0	0.0	-7.0e-6
-206.875	0.0	-7.0e-6
-206.75	0.0	-7.0e-6
-206.625	0.0	-7.0e-6
-206.5	0.0	-7.0e-6
-206.375	0.0	-7.0e-6
-206.25	0.0	-7.0e-6
-206.125	0.0	-7.0e-6
-206.0	0.0	-7.0e-6
-205.875	0.0	-7.0e-6
-205.75	0.0	-7.0e-6
-205.625	0.0	-7.0e-6
-205.5	0.0	-7.0e-6
-205.375	0.0	-7.0e-6
-205.25	0.0	-7.0e-6
-205.125	0.0	-7.0e-6
-205.0	0.0	-7.0e-6
-204.875	0.0	-7.0e-6
-204.75	0.0	-7.0e-6
-204.625	0.0	-7.0e-6
-204.5	0.0	-7.0e-6
-204.375	0.0	-7.0e-6
-204.25	0.0	-7.0e-6
-204.125	0.0	-7.0e-6
-204.0	0.0	-7.0e-6
-203.875	0.0	-7.0e-6
-203.75	0.0	-7.0e-6
-203.625	0.0	-7.0e-6
-203.5	0.0	-7.0e-6
-203.375	0.0	-7.0e-6
-203.25	0.0	-7.0e-6
-203.125	0.0	-7.0e-6
-203.0	0.0	-7.0e-6
-202.875	0.0	-7.0e-6
-202.75	0.0	-7.0e-6
-202.625	0.0	-7.0e-6
-202.5	0.0	-7.0e-6
-202.375	0.0	-7.0e-6
-202.25	0.0	-7.0e-6
-202.125	0.0	-7.0e-6
-202.0	0.0	-7.0e-6
-201.875	0.0	-7.0e-6
-201.75	0.0	-7.0e-6
-201.625	0.0	-7.0e-6
-201.5	0.0	-7.0e-6
-201.375	0.0	-7.0e-6
-201.25	0.0	-7.0e-6
-201.125	0.0	-7.0e-6
-201.0	0.0	-7.0e-6
-200.875	0.0	-7.0e-6
-200.75	0.0	-7.0e-6
-200.625	0.0	-7.0e-6
-200.5	0.0	-7.0e-6
-200.375	0.0	-7.0e-6
-200.25	0.0	-7.0e-6
-200.125	0.0	-7.0e-6
-200.0	0.0	-7.0e-6
-199.875	0.0	-7.0e-6
-199.75	0.0	-7.0e-6
-199.625	0.0	-7.0e-6
-199.5	0.0	-7.0e-6
-199.375	0.0	-7.0e-6
-199.25	0.0	-7.0e-6
-199.125	0.0	-7.0e-6
-199.0	0.0	-7.0e-6
-198.875	0.0	-7.0e-6
-198.75	0.0	-7.0e-6
-198.625	0.0	-7.0e-6
-198.5	0.0	-7.0e-6
-198.375	0.0	-7.0e-6
-198.25	0.0	-7.0e-6
-198.125	0.0	-7.0e-6
-198.0	0.0	-7.0e-6
-197.875	0.0	-7.0e-6
-197.75	0.0	-7.0e-6
-197.625	0.0	-7.0e-6
-197.5	0.0	-7.0e-6
-197.375	0.0	-7.0e-6
-197.25	0.0	-7.0e-6
-197.125	0.0	-7.0e-6
-197.0	0.0	-7.0e-6
-196.875	0.0	-7.0e-6
-196.75	0.0	-7.0e-6
-196.625	0.0	-7.0e-6
-196.5	0.0	-7.0e-6
-196.375	0.0	-7.0e-6
-196.25	0.0	-7.0e-6
-196.125	0.0	-7.0e-6
-196.0	0.0	-7.0e-6
-195.875	0.0	-7.0e-6
-195.75	0.0	-7.0e-6
-195.625	0.0	-7.0e-6
-195.5	0.0	-7.0e-6
-195.375	0.0	-7.0e-6
-195.25	0.0	-7.0e-6
-195.125	0.0	-7.0e-6
-195.0	0.0	-7.0e-6
-194.875	0.0	-7.0e-6
-194.75	0.0	-7.0e-6
-194.625	0.0	-7.0e-6
-194.5	0.0	-7.0e-6
-194.375	0.0	-7.0e-6
-194.25	0.0	-7.0e-6
-194.125	0.0	-7.0e-6
-194.0	0.0	-7.0e-6
-193.875	0.0	-7.0e-6
-193.75	0.0	-7.0e-6
-193.625	0.0	-7.0e-6
-193.5	0.0	-7.0e-6
-193.375	0.0	-7.0e-6
-193.25	0.0	-7.0e-6
-193.125	0.0	-7.0e-6
-193.0	0.0	-7.0e-6
-192.875	0.0	-7.0e-6
-192.75	0.0	-7.0e-6
-192.625	0.0	-7.0e-6
-192.5	0.0	-7.0e-6
-192.375	0.0	-7.0e-6
-192.25	0.0	-7.0e-6
-192.125	0.0	-7.0e-6
-192.0	0.0	-7.0e-6
-191.875	0.0	-7.0e-6
-191.75	0.0	-7.0e-6
-191.625	0.0	-7.0e-6
-191.5	0.0	-7.0e-6
-191.375	0.0	-7.0e-6
-191.25	0.0	-7.0e-6
-191.125	0.0	-7.0e-6
-191.0	0.0	-7.0e-6
-190.875	0.0	-7.0e-6
-190.75	0.0	-7.0e-6
-190.625	0.0	-7.0e-6
-190.5	0.0	-7.0e-6
-190.375	0.0	-7.0e-6
-190.25	0.0	-7.0e-6
-190.125	0.0	-7.0e-6
-190.0	0.0	-7.0e-6
-189.875	0.0	-7.0e-6
-189.75	0.0	-7.0e-6
-189.625	0.0	-7.0e-6
-189.5	0.0	-7.0e-6
-189.375	0.0	-7.0e-6
-189.25	0.0	-7.0e-6
-189.125	0.0	-7.0e-6
-189.0	0.0	-7.0e-6
-188.875	0.0	-7.0e-6
-188.75	0.0	-7.0e-6
-188.625	0.0	-7.0e-6
-188.5	0.0	-7.0e-6
-188.375	0.0	-7.0e-6
-188.25	0.0	-7.0e-6
-188.125	0.0	-7.0e-6
-188.0	0.0	-7.0e-6
-187.875	0.0	-7.0e-6
-187.75	0.0	-7.0e-6
-187.625	0.0	-7.0e-6
-187.5	0.0	-7.0e-6
-187.375	0.0	-7.0e-6
-187.25	0.0	-7.0e-6
-187.125	0.0	-7.0e-6
-187.0	0.0	-7.0e-6
-186.875	0.0	-7.0e-6
-186.75	0.0	-7.0e-6
-186.625	0.0	-7.0e-6
-186.5	0.0	-7.0e-6
-186.375	0.0	-7.0e-6
-186.25	0.0	-7.0e-6
-186.125	0.0	-7.0e-6
-186.0	0.0	-7.0e-6
-185.875	0.0	-7.0e-6
-185.75	0.0	-7.0e-6
-185.625	0.0	-7.0e-6
-185.5	0.0	-7.0e-6
-185.375	0.0	-7.0e-6
-185.25	0.0	-7.0e-6
-185.125	0.0	-7.0e-6
-185.0	0.0	-7.0e-6
-184.875	0.0	-7.0e-6
-184.75	0.0	-7.0e-6
-184.625	0.0	-7.0e-6
-184.5	0.0	-7.0e-6
-184.375	0.0	-7.0e-6
-184.25	0.0	-8.0e-6
-184.125	0.0	-8.0e-6
-184.0	0.0	-8.0e-6
-183.875	0.0	-8.0e-6
-183.75	0.0	-8.0e-6
-183.625	0.0	-8.0e-6
-183.5	0.0	-8.0e-6
-183.375	0.0	-8.0e-6
-183.25	0.0	-8.0e-6
-183.125	0.0	-8.0e-6
-183.0	0.0	-8.0e-6
-182.875	0.0	-8.0e-6
-182.75	0.0	-8.0e-6
-182.625	0.0	-8.0e-6
-182.5	0.0	-8.0e-6
-182.375	0.0	-8.0e-6
-182.25	0.0	-8.0e-6
-182.125	0.0	-8.0e-6
-182.0	0.0	-8.0e-6
-181.875	0.0	-8.0e-6
-181.75	0.0	-8.0e-6
-181.625	0.0	-8.0e-6
-181.5	0.0	-8.0e-6
-181.375	0.0	-8.0e-6
-181.25	0.0	-8.0e-6
-181.125	0.0	-8.0e-6
-181.0	0.0	-8.0e-6
-180.875	0.0	-8.0e-6
-180.75	0.0	-8.0e-6
-180.625	0.0	-8.0e-6
-180.5	0.0	-8.0e-6
-180.375	0.0	-8.0e-6
-180.25	0.0	-8.0e-6
-180.125	0.0	-8.0e-6
-180.0	0.0	-8.0e-6
-179.875	0.0	-8.0e-6
-179.75	0.0	-8.0e-6
-179.625	0.0	-8.0e-6
-179.5	0.0	-8.0e-6
-179.375	0.0	-8.0e-6
-179.25	0.0	-8.0e-6
-179.125	0.0	-8.0e-6
-179.0	0.0	-8.0e-6
-178.875	0.0	-8.0e-6
-178.75	0.0	-8.0e-6
-178.625	0.0	-8.0e-6
-178.5	0.0	-8.0e-6
-178.375	0.0	-8.0e-6
-178.25	0.0	-8.0e-6
-178.125	0.0	-8.0e-6
-178.0	0.0	-8.0e-6
-177.875	0.0	-8.0e-6
-177.75	0.0	-8.0e-6
-177.625	0.0	-8.0e-6
-177.5	0.0	-8.0e-6
-177.375	0.0	-8.0e-6
-177.25	0.0	-8.0e-6
-177.125	0.0	-8.0e-6
-177.0	0.0	-8.0e-6
-176.875	0.0	-8.0e-6
-176.75	0.0	-8.0e-6
-176.625	0.0	-8.0e-6
-176.5	0.0	-8.0e-6
-176.375	0.0	-8.0e-6
-176.25	0.0	-8.0e-6
-176.125	0.0	-8.0e-6
-176.0	0.0	-8.0e-6
-175.875	0.0	-8.0e-6
-175.75	0.0	-8.0e-6
-175.625	0.0	-8.0e-6
-175.5	0.0	-8.0e-6
-175.375	0.0	-8.0e-6
-175.25	0.0	-8.0e-6
-175.125	0.0	-8.0e-6
-175.0	0.0	-8.0e-6
-174.875	0.0	-8.0e-6
-174.75	0.0	-8.0e-6
-174.625	0.0	-8.0e-6
-174.5	0.0	-8.0e-6
-174.375	0.0	-8.0e-6
-174.25	0.0	-8.0e-6
-174.125	0.0	-8.0e-6
-174.0	0.0	-8.0e-6
-173.875	0.0	-8.0e-6
-173.75	0.0	-8.0e-6
-173.625	0.0	-8.0e-6
-173.5	0.0	-8.0e-6
-173.375	0.0	-8.0e-6
-173.25	0.0	-8.0e-6
-173.125	0.0	-8.0e-6
-173.0	0.0	-8.0e-6
-172.875	0.0	-8.0e-6
-172.75	0.0	-8.0e-6
-172.625	0.0	-8.0e-6
-172.5	0.0	-8.0e-6
-172.375	0.0	-8.0e-6
-172.25	0.0	-8.0e-6
-172.125	0.0	-8.0e-6
-172.0	0.0	-8.0e-6
-171.875	0.0	-8.0e-6
-171.75	0.0	-8.0e-6
-171.625	0.0	-8.0e-6
-171.5	0.0	-8.0e-6
-171.375	0.0	-8.0e-6
-171.25	0.0	-8.0e-6
-171.125	0.0	-8.0e-6
-171.0	0.0	-8.0e-6
-170.875	0.0	-8.0e-6
-170.75	0.0	-8.0e-6
-170.625	0.0	-8.0e-6
-170.5	0.0	-8.0e-6
-170.375	0.0	-8.0e-6
-170.25	0.0	-8.0e-6
-170.125	0.0	-8.0e-6
-170.0	0.0	-8.0e-6
-169.875	0.0	-8.0e-6
-169.75	0.0	-8.0e-6
-169.625	0.0	-8.0e-6
-169.5	0.0	-8.0e-6
-169.375	0.0	-8.0e-6
-169.25	0.0	-8.0e-6
-169.125	0.0	-8.0e-6
-169.0	0.0	-8.0e-6
-168.875	0.0	-8.0e-6
-168.75	0.0	-8.0e-6
-168.625	0.0	-8.0e-6
-168.5	0.0	-8.0e-6
-168.375	0.0	-8.0e-6
-168.25	0.0	-8.0e-6
-168.125	0.0	-8.0e-6
-168.0	0.0	-8.0e-6
-167.875	0.0	-8.0e-6
-167.75	0.0	-8.0e-6
-167.625	0.0	-8.0e-6
-167.5	0.0	-8.0e-6
-167.375	0.0	-8.0e-6
-167.25	0.0	-8.0e-6
-167.125	0.0	-8.0e-6
-167.0	0.0	-8.0e-6
-166.875	0.0	-8.0e-6
-166.75	0.0	-8.0e-6
-166.625	0.0	-8.0e-6
-166.5	0.0	-8.0e-6
-166.375	0.0	-8.0e-6
-166.25	0.0	-8.0e-6
-166.125	0.0	-8.0e-6
-166.0	0.0	-8.0e-6
-165.875	0.0	-8.0e-6
-165.75	0.0	-8.0e-6
-165.625	0.0	-8.0e-6
-165.5	0.0	-8.0e-6
-165.375	0.0	-8.0e-6
-165.25	0.0	-8.0e-6
-165.125	0.0	-8.0e-6
-165.0	0.0	-8.0e-6
-164.875	0.0	-8.0e-6
-164.75	0.0	-8.0e-6
-164.625	0.0	-8.0e-6
-164.5	0.0	-8.0e-6
-164.375	0.0	-8.0e-6
-164.25	0.0	-8.0e-6
-164.125	0.0	-8.0e-6
-164.0	0.0	-8.0e-6
-163.875	0.0	-8.0e-6
-163.75	0.0	-8.0e-6
-163.625	0.0	-8.0e-6
-163.5	0.0	-8.0e-6
-163.375	0.0	-8.0e-6
-163.25	0.0	-8.0e-6
-163.125	0.0	-8.0e-6
-163.0	0.0	-8.0e-6
-162.875	0.0	-8.0e-6
-162.75	0.0	-8.0e-6
-162.625	0.0	-8.0e-6
-162.5	0.0	-8.0e-6
-162.375	0.0	-8.0e-6
-162.25	0.0	-8.0e-6
-162.125	0.0	-8.0e-6
-162.0	0.0	-8.0e-6
-161.875	0.0	-8.0e-6
-161.75	0.0	-8.0e-6
-161.625	0.0	-8.0e-6
-161.5	0.0	-8.0e-6
-161.375	0.0	-8.0e-6
-161.25	0.0	-8.0e-6
-161.125	0.0	-8.0e-6
-161.0	0.0	-8.0e-6
-160.875	0.0	-8.0e-6
-160.75	0.0	-8.0e-6
-160.625	0.0	-8.0e-6
-160.5	0.0	-8.0e-6
-160.375	0.0	-8.0e-6
-160.25	0.0	-8.0e-6
-160.125	0.0	-8.0e-6
-160.0	0.0	-8.0e-6
-159.875	0.0	-8.0e-6
-159.75	0.0	-8.0e-6
-159.625	0.0	-8.0e-6
-159.5	0.0	-8.0e-6
-159.375	0.0	-8.0e-6
-159.25	0.0	-8.0e-6
-159.125	0.0	-8.0e-6
-159.0	0.0	-8.0e-6
-158.875	0.0	-8.0e-6
-158.75	0.0	-8.0e-6
-158.625	0.0	-8.0e-6
-158.5	0.0	-8.0e-6
-158.375	0.0	-8.0e-6
-158.25	0.0	-8.0e-6
-158.125	0.0	-8.0e-6
-158.0	0.0	-8.0e-6
-157.875	0.0	-8.0e-6
-157.75	0.0	-8.0e-6
-157.625	0.0	-8.0e-6
-157.5	0.0	-8.0e-6
-157.375	0.0	-8.0e-6
-157.25	0.0	-8.0e-6
-157.125	0.0	-8.0e-6
-157.0	0.0	-8.0e-6
-156.875	0.0	-8.0e-6
-156.75	0.0	-8.0e-6
-156.625	0.0	-8.0e-6
-156.5	0.0	-8.0e-6
-156.375	0.0	-8.0e-6
-156.25	0.0	-8.0e-6
-156.125	0.0	-8.0e-6
-156.0	0.0	-8.0e-6
-155.875	0.0	-8.0e-6
-155.75	0.0	-8.0e-6
-155.625	0.0	-8.0e-6
-155.5	0.0	-8.0e-6
-155.375	0.0	-8.0e-6
-155.25	0.0	-8.0e-6
-155.125	0.0	-8.0e-6
-155.0	0.0	-8.0e-6
-154.875	0.0	-8.0e-6
-154.75	0.0	-8.0e-6
-154.625	0.0	-8.0e-6
-154.5	0.0	-8.0e-6
-154.375	0.0	-8.0e-6
-154.25	0.0	-8.0e-6
-154.125	0.0	-8.0e-6
-154.0	0.0	-8.0e-6
-153.875	0.0	-8.0e-6
-153.75	0.0	-8.0e-6
-153.625	0.0	-8.0e-6
-153.5	0.0	-8.0e-6
-153.375	0.0	-8.0e-6
-153.25	0.0	-8.0e-6
-153.125	0.0	-8.0e-6
-153.0	0.0	-8.0e-6
-152.875	0.0	-8.0e-6
-152.75	0.0	-8.0e-6
-152.625	0.0	-8.0e-6
-152.5	0.0	-8.0e-6
-152.375	0.0	-8.0e-6
-152.25	0.0	-8.0e-6
-152.125	0.0	-8.0e-6
-152.0	0.0	-8.0e-6
-151.875	0.0	-8.0e-6
-151.75	0.0	-8.0e-6
-151.625	0.0	-8.0e-6
-151.5	0.0	-8.0e-6
-151.375	0.0	-8.0e-6
-151.25	0.0	-8.0e-6
-151.125	0.0	-8.0e-6
-151.0	0.0	-8.0e-6
-150.875	0.0	-8.0e-6
-150.75	0.0	-8.0e-6
-150.625	0.0	-8.0e-6
-150.5	0.0	-8.0e-6
-150.375	0.0	-8.0e-6
-150.25	0.0	-8.0e-6
-150.125	0.0	-8.0e-6
-150.0	0.0	-8.0e-6
-149.875	0.0	-8.0e-6
-149.75	0.0	-8.0e-6
-149.625	0.0	-8.0e-6
-149.5	0.0	-8.0e-6
-149.375	0.0	-8.0e-6
-149.25	0.0	-8.0e-6
-149.125	0.0	-8.0e-6
-149.0	0.0	-8.0e-6
-148.875	0.0	-8.0e-6
-148.75	0.0	-8.0e-6
-148.625	0.0	-8.0e-6
-148.5	0.0	-8.0e-6
-148.375	0.0	-8.0e-6
-148.25	0.0	-8.0e-6
-148.125	0.0	-8.0e-6
-148.0	0.0	-8.0e-6
-147.875	0.0	-8.0e-6
-147.75	0.0	-8.0e-6
-147.625	0.0	-8.0e-6
-147.5	0.0	-8.0e-6
-147.375	0.0	-8.0e-6
-147.25	0.0	-8.0e-6
-147.125	0.0	-8.0e-6
-147.0	0.0	-8.0e-6
-146.875	0.0	-8.0e-6
-146.75	0.0	-8.0e-6
-146.625	0.0	-8.0e-6
-146.5	0.0	-8.0e-6
-146.375	0.0	-8.0e-6
-146.25	0.0	-8.0e-6
-146.125	0.0	-8.0e-6
-146.0	0.0	-8.0e-6
-145.875	0.0	-8.0e-6
-145.75	0.0	-8.0e-6
-145.625	0.0	-8.0e-6
-145.5	0.0	-8.0e-6
-145.375	0.0	-8.0e-6
-145.25	0.0	-8.0e-6
-145.125	0.0	-8.0e-6
-145.0	0.0	-8.0e-6
-144.875	0.0	-8.0e-6
-144.75	0.0	-8.0e-6
-144.625	0.0	-8.0e-6
-144.5	0.0	-8.0e-6
-144.375	0.0	-8.0e-6
-144.25	0.0	-8.0e-6
-144.125	0.0	-8.0e-6
-144.0	0.0	-8.0e-6
-143.875	0.0	-8.0e-6
-143.75	0.0	-8.0e-6
-143.625	0.0	-8.0e-6
-143.5	0.0	-8.0e-6
-143.375	0.0	-8.0e-6
-143.25	0.0	-8.0e-6
-143.125	0.0	-8.0e-6
-143.0	0.0	-8.0e-6
-142.875	0.0	-8.0e-6
-142.75	0.0	-8.0e-6
-142.625	0.0	-8.0e-6
-142.5	0.0	-8.0e-6
-142.375	0.0	-8.0e-6
-142.25	0.0	-8.0e-6
-142.125	0.0	-8.0e-6
-142.0	0.0	-8.0e-6
-141.875	0.0	-8.0e-6
-141.75	0.0	-8.0e-6
-141.625	0.0	-8.0e-6
-141.5	0.0	-8.0e-6
-141.375	0.0	-8.0e-6
-141.25	0.0	-8.0e-6
-141.125	0.0	-8.0e-6
-141.0	0.0	-8.0e-6
-140.875	0.0	-8.0e-6
-140.75	0.0	-8.0e-6
-140.625	0.0	-8.0e-6
-140.5	0.0	-8.0e-6
-140.375	0.0	-8.0e-6
-140.25	0.0	-8.0e-6
-140.125	0.0	-8.0e-6
-140.0	0.0	-8.0e-6
-139.875	0.0	-8.0e-6
-139.75	0.0	-8.0e-6
-139.625	0.0	-8.0e-6
-139.5	0.0	-8.0e-6
-139.375	0.0	-8.0e-6
-139.25	0.0	-8.0e-6
-139.125	0.0	-8.0e-6
-139.0	0.0	-8.0e-6
-138.875	0.0	-8.0e-6
-138.75	0.0	-8.0e-6
-138.625	0.0	-8.0e-6
-138.5	0.0	-8.0e-6
-138.375	0.0	-8.0e-6
-138.25	0.0	-8.0e-6
-138.125	0.0	-8.0e-6
-138.0	0.0	-8.0e-6
-137.875	0.0	-8.0e-6
-137.75	0.0	-8.0e-6
-137.625	0.0	-8.0e-6
-137.5	0.0	-8.0e-6
-137.375	0.0	-8.0e-6
-137.25	0.0	-8.0e-6
-137.125	0.0	-8.0e-6
-137.0	0.0	-8.0e-6
-136.875	0.0	-8.0e-6
-136.75	0.0	-8.0e-6
-136.625	0.0	-8.0e-6
-136.5	0.0	-8.0e-6
-136.375	0.0	-8.0e-6
-136.25	0.0	-8.0e-6
-136.125	0.0	-8.0e-6
-136.0	0.0	-8.0e-6
-135.875	0.0	-8.0e-6
-135.75	0.0	-8.0e-6
-135.625	0.0	-8.0e-6
-135.5	0.0	-8.0e-6
-135.375	0.0	-8.0e-6
-135.25	0.0	-8.0e-6
-135.125	0.0	-8.0e-6
-135.0	0.0	-8.0e-6
-134.875	0.0	-8.0e-6
-134.75	0.0	-8.0e-6
-134.625	0.0	-8.0e-6
-134.5	0.0	-8.0e-6
-134.375	0.0	-8.0e-6
-134.25	0.0	-8.0e-6
-134.125	0.0	-8.0e-6
-134.0	0.0	-8.0e-6
-133.875	0.0	-8.0e-6
-133.75	0.0	-8.0e-6
-133.625	0.0	-8.0e-6
-133.5	0.0	-8.0e-6
-133.375	0.0	-8.0e-6
-133.25	0.0	-8.0e-6
-133.125	0.0	-8.0e-6
-133.0	0.0	-8.0e-6
-132.875	0.0	-8.0e-6
-132.75	0.0	-8.0e-6
-132.625	0.0	-8.0e-6
-132.5	0.0	-8.0e-6
-132.375	0.0	-8.0e-6
-132.25	0.0	-8.0e-6
-132.125	0.0	-8.0e-6
-132.0	0.0	-8.0e-6
-131.875	0.0	-8.0e-6
-131.75	0.0	-8.0e-6
-131.625	0.0	-8.0e-6
-131.5	0.0	-8.0e-6
-131.375	0.0	-8.0e-6
-131.25	0.0	-8.0e-6
-131.125	0.0	-8.0e-6
-131.0	0.0	-8.0e-6
-130.875	0.0	-8.0e-6
-130.75	0.0	-7.0e-6
-130.625	0.0	-7.0e-6
-130.5	0.0	-7.0e-6
-130.375	0.0	-7.0e-6
-130.25	0.0	-7.0e-6
-130.125	0.0	-7.0e-6
-130.0	0.0	-7.0e-6
-129.875	0.0	-7.0e-6
-129.75	0.0	-7.0e-6
-129.625	0.0	-7.0e-6
-129.5	0.0	-7.0e-6
-129.375	0.0	-7.0e-6
-129.25	0.0	-7.0e-6
-129.125	0.0	-7.0e-6
-129.0	0.0	-7.0e-6
-128.875	0.0	-7.0e-6
-128.75	0.0	-7.0e-6
-128.625	0.0	-7.0e-6
-128.5	0.0	-7.0e-6
-128.375	0.0	-7.0e-6
-128.25	0.0	-7.0e-6
-128.125	0.0	-7.0e-6
-128.0	0.0	-7.0e-6
-127.875	0.0	-7.0e-6
-127.75	0.0	-7.0e-6
-127.625	0.0	-7.0e-6
-127.5	0.0	-7.0e-6
-127.375	0.0	-7.0e-6
-127.25	0.0	-7.0e-6
-127.125	0.0	-7.0e-6
-127.0	0.0	-7.0e-6
-126.875	0.0	-7.0e-6
-126.75	0.0	-7.0e-6
-126.625	0.0	-7.0e-6
-126.5	0.0	-7.0e-6
-126.375	0.0	-7.0e-6
-126.25	0.0	-7.0e-6
-126.125	0.0	-7.0e-6
-126.0	0.0	-7.0e-6
-125.875	0.0	-7.0e-6
-125.75	0.0	-7.0e-6
-125.625	0.0	-7.0e-6
-125.5	0.0	-7.0e-6
-125.375	0.0	-7.0e-6
-125.25	0.0	-7.0e-6
-125.125	0.0	-7.0e-6
-125.0	0.0	-7.0e-6
-124.875	0.0	-7.0e-6
-124.75	0.0	-7.0e-6
-124.625	0.0	-7.0e-6
-124.5	0.0	-7.0e-6
-124.375	0.0	-7.0e-6
-124.25	0.0	-7.0e-6
-124.125	0.0	-7.0e-6
-124.0	0.0	-7.0e-6
-123.875	0.0	-7.0e-6
-123.75	0.0	-7.0e-6
-123.625	0.0	-7.0e-6
-123.5	0.0	-7.0e-6
-123.375	0.0	-7.0e-6
-123.25	0.0	-7.0e-6
-123.125	0.0	-7.0e-6
-123.0	0.0	-7.0e-6
-122.875	0.0	-7.0e-6
-122.75	0.0	-7.0e-6
-122.625	0.0	-7.0e-6
-122.5	0.0	-7.0e-6
-122.375	0.0	-7.0e-6
-122.25	0.0	-7.0e-6
-122.125	0.0	-7.0e-6
-122.0	0.0	-7.0e-6
-121.875	0.0	-7.0e-6
-121.75	0.0	-7.0e-6
-121.625	0.0	-7.0e-6
-121.5	0.0	-6.0e-6
-121.375	0.0	-6.0e-6
-121.25	0.0	-6.0e-6
-121.125	0.0	-6.0e-6
-121.0	0.0	-6.0e-6
-120.875	0.0	-6.0e-6
-120.75	0.0	-6.0e-6
-120.625	0.0	-6.0e-6
-120.5	0.0	-6.0e-6
-120.375	0.0	-6.0e-6
-120.25	0.0	-6.0e-6
-120.125	0.0	-6.0e-6
-120.0	0.0	-6.0e-6
-119.875	0.0	-6.0e-6
-119.75	0.0	-6.0e-6
-119.625	0.0	-6.0e-6
-119.5	0.0	-6.0e-6
-119.375	0.0	-6.0e-6
-119.25	0.0	-6.0e-6
-119.125	0.0	-6.0e-6
-119.0	0.0	-6.0e-6
-118.875	0.0	-6.0e-6
-118.75	0.0	-6.0e-6
-118.625	0.0	-6.0e-6
-118.5	0.0	-6.0e-6
-118.375	0.0	-6.0e-6
-118.25	0.0	-6.0e-6
-118.125	0.0	-6.0e-6
-118.0	0.0	-6.0e-6
-117.875	0.0	-6.0e-6
-117.75	0.0	-6.0e-6
-117.625	0.0	-6.0e-6
-117.5	0.0	-6.0e-6
-117.375	0.0	-6.0e-6
-117.25	0.0	-6.0e-6
-117.125	0.0	-6.0e-6
-117.0	0.0	-6.0e-6
-116.875	0.0	-6.0e-6
-116.75	0.0	-6.0e-6
-116.625	0.0	-6.0e-6
-116.5	0.0	-6.0e-6
-116.375	0.0	-6.0e-6
-116.25	0.0	-6.0e-6
-116.125	0.0	-6.0e-6
-116.0	0.0	-6.0e-6
-115.875	0.0	-6.0e-6
-115.75	0.0	-5.0e-6
-115.625	0.0	-5.0e-6
-115.5	0.0	-5.0e-6
-115.375	0.0	-5.0e-6
-115.25	0.0	-5.0e-6
-115.125	0.0	-5.0e-6
-115.0	0.0	-5.0e-6
-114.875	0.0	-5.0e-6
-114.75	0.0	-5.0e-6
-114.625	0.0	-5.0e-6
-114.5	0.0	-5.0e-6
-114.375	0.0	-5.0e-6
-114.25	0.0	-5.0e-6
-114.125	0.0	-5.0e-6
-114.0	0.0	-5.0e-6
-113.875	0.0	-5.0e-6
-113.75	0.0	-5.0e-6
-113.625	0.0	-5.0e-6
-113.5	0.0	-5.0e-6
-113.375	0.0	-5.0e-6
-113.25	0.0	-5.0e-6
-113.125	0.0	-5.0e-6
-113.0	0.0	-5.0e-6
-112.875	0.0	-5.0e-6
-112.75	0.0	-5.0e-6
-112.625	0.0	-5.0e-6
-112.5	0.0	-5.0e-6
-112.375	0.0	-5.0e-6
-112.25	0.0	-5.0e-6
-112.125	0.0	-5.0e-6
-112.0	0.0	-5.0e-6
-111.875	0.0	-5.0e-6
-111.75	0.0	-5.0e-6
-111.625	0.0	-5.0e-6
-111.5	0.0	-4.0e-6
-111.375	0.0	-4.0e-6
-111.25	0.0	-4.0e-6
-111.125	0.0	-4.0e-6
-111.0	0.0	-4.0e-6
-110.875	0.0	-4.0e-6
-110.75	0.0	-4.0e-6
-110.625	0.0	-4.0e-6
-110.5	0.0	-4.0e-6
-110.375	0.0	-4.0e-6
-110.25	0.0	-4.0e-6
-110.125	0.0	-4.0e-6
-110.0	0.0	-4.0e-6
-109.875	0.0	-4.0e-6
-109.75	0.0	-4.0e-6
-109.625	0.0	-4.0e-6
-109.5	0.0	-4.0e-6
-109.375	0.0	-4.0e-6
-109.25	0.0	-4.0e-6
-109.125	0.0	-4.0e-6
-109.0	0.0	-4.0e-6
-108.875	0.0	-4.0e-6
-108.75	0.0	-4.0e-6
-108.625	0.0	-4.0e-6
-108.5	0.0	-4.0e-6
-108.375	0.0	-4.0e-6
-108.25	0.0	-4.0e-6
-108.125	0.0	-4.0e-6
-108.0	0.0	-3.0e-6
-107.875	0.0	-3.0e-6
-107.75	0.0	-3.0e-6
-107.625	0.0	-3.0e-6
-107.5	0.0	-3.0e-6
-107.375	0.0	-3.0e-6
-107.25	0.0	-3.0e-6
-107.125	0.0	-3.0e-6
-107.0	0.0	-3.0e-6
-106.875	0.0	-3.0e-6
-106.75	0.0	-3.0e-6
-106.625	0.0	-3.0e-6
-106.5	0.0	-3.0e-6
-106.375	0.0	-3.0e-6
-106.25	0.0	-3.0e-6
-106.125	0.0	-3.0e-6
-106.0	0.0	-3.0e-6
-105.875	0.0	-3.0e-6
-105.75	0.0	-3.0e-6
-105.625	0.0	-3.0e-6
-105.5	0.0	-3.0e-6
-105.375	0.0	-3.0e-6
-105.25	0.0	-3.0e-6
-105.125	0.0	-2.0e-6
-105.0	0.0	-2.0e-6
-104.875	0.0	-2.0e-6
-104.75	0.0	-2.0e-6
-104.625	0.0	-2.0e-6
-104.5	0.0	-2.0e-6
-104.375	0.0	-2.0e-6
-104.25	0.0	-2.0e-6
-104.125	0.0	-2.0e-6
-104.0	0.0	-2.0e-6
-103.875	0.0	-2.0e-6
-103.75	0.0	-2.0e-6
-103.625	0.0	-2.0e-6
-103.5	0.0	-2.0e-6
-103.375	0.0	-2.0e-6
-103.25	0.0	-2.0e-6
-103.125	0.0	-2.0e-6
-103.0	0.0	-2.0e-6
-102.875	0.0	-2.0e-6
-102.75	0.0	-1.0e-6
-102.625	0.0	-1.0e-6
-102.5	0.0	-1.0e-6
-102.375	0.0	-1.0e-6
-102.25	0.0	-1.0e-6
-102.125	0.0	-1.0e-6
-102.0	0.0	-1.0e-6
-101.875	0.0	-1.0e-6
-101.75	0.0	-1.0e-6
-101.625	0.0	0.0
-101.5	0.0	0.0
-101.375	0.0	0.0
-101.25	0.0	0.0
-101.125	0.0	0.0
-101.0	0.0	0.0
-100.875	0.0	0.0
-100.75	0.0	0.0
-100.625	0.0	0.0
-100.5	0.0	0.0
-100.375	0.0	0.0
-100.25	0.0	0.0
-100.125	0.0	0.0
-100.0	0.0	0.0
-99.875	0.0	0.0
-99.75	0.0	0.0
-99.625	0.0	0.0
-99.5	0.0	0.0
-99.375	0.0	0.0
-99.25	0.0	0.0
-99.125	0.0	0.0
-99.0	0.0	0.0
-98.875	0.0	0.0
-98.75	0.0	0.0
-98.625	0.0	0.0
-98.5	0.0	0.0
-98.375	0.0	0.0
-98.25	0.0	0.0
-98.125	0.0	0.0
-98.0	0.0	0.0
-97.875	0.0	0.0
-97.75	0.0	1.0e-6
-97.625	0.0	1.0e-6
-97.5	0.0	1.0e-6
-97.375	0.0	1.0e-6
-97.25	0.0	1.0e-6
-97.125	0.0	1.0e-6
-97.0	0.0	1.0e-6
-96.875	0.0	2.0e-6
-96.75	0.0	2.0e-6
-96.625	0.0	2.0e-6
-96.5	0.0	2.0e-6
-96.375	0.0	2.0e-6
-96.25	0.0	2.0e-6
-96.125	0.0	2.0e-6
-96.0	0.0	2.0e-6
-95.875	0.0	2.0e-6
-95.75	0.0	2.0e-6
-95.625	0.0	2.0e-6
-95.5	0.0	2.0e-6
-95.375	0.0	3.0e-6
-95.25	0.0	3.0e-6
-95.125	0.0	3.0e-6
-95.0	0.0	3.0e-6
-94.875	0.0	3.0e-6
-94.75	0.0	3.0e-6
-94.625	0.0	3.0e-6
-94.5	0.0	3.0e-6
-94.375	0.0	3.0e-6
-94.25	0.0	3.0e-6
-94.125	0.0	3.0e-6
-94.0	0.0	3.0e-6
-93.875	0.0	4.0e-6
-93.75	0.0	4.0e-6
-93.625	0.0	4.0e-6
-93.5	0.0	4.0e-6
-93.375	0.0	4.0e-6
-93.25	0.0	4.0e-6
-93.125	0.0	4.0e-6
-93.0	0.0	4.0e-6
-92.875	0.0	4.0e-6
-92.75	0.0	4.0e-6
-92.625	0.0	5.0e-6
-92.5	0.0	5.0e-6
-92.375	0.0	5.0e-6
-92.25	0.0	5.0e-6
-92.125	0.0	5.0e-6
-92.0	0.0	5.0e-6
-91.875	0.0	5.0e-6
-91.75	0.0	5.0e-6
-91.625	0.0	5.0e-6
-91.5	0.0	5.0e-6
-91.375	0.0	6.0e-6
-91.25	0.0	6.0e-6
-91.125	0.0	6.0e-6
-91.0	0.0	6.0e-6
-90.875	0.0	6.0e-6
-90.75	0.0	6.0e-6
-90.625	0.0	6.0e-6
-90.5	0.0	6.0e-6
-90.375	0.0	6.0e-6
-90.25	0.0	7.0e-6
-90.125	0.0	7.0e-6
-90.0	0.0	7.0e-6
-89.875	0.0	7.0e-6
-89.75	0.0	7.0e-6
-89.625	0.0	7.0e-6
-89.5	0.0	7.0e-6
-89.375	0.0	7.0e-6
-89.25	0.0	7.0e-6
-89.125	0.0	8.0e-6
-89.0	0.0	8.0e-6
-88.875	0.0	8.0e-6
-88.75	0.0	8.0e-6
-88.625	0.0	8.0e-6
-88.5	0.0	8.0e-6
-88.375	0.0	8.0e-6
-88.25	0.0	8.0e-6
-88.125	0.0	9.0e-6
-88.0	0.0	9.0e-6
-87.875	0.0	9.0e-6
-87.75	0.0	9.0e-6
-87.625	0.0	9.0e-6
-87.5	0.0	9.0e-6
-87.375	0.0	9.0e-6
-87.25	0.0	1.0e-5
-87.125	0.0	1.0e-5
-87.0	0.0	1.0e-5
-86.875	0.0	1.0e-5
-86.75	0.0	1.0e-5
-86.625	0.0	1.0e-5
-86.5	0.0	1.0e-5
-86.375	0.0	1.1e-5
-86.25	0.0	1.1e-5
-86.125	0.0	1.1e-5
-86.0	0.0	1.1e-5
-85.875	0.0	1.1e-5
-85.75	0.0	1.1e-5
-85.625	0.0	1.1e-5
-85.5	0.0	1.2e-5
-85.375	0.0	1.2e-5
-85.25	0.0	1.2e-5
-85.125	0.0	1.2e-5
-85.0	0.0	1.2e-5
-84.875	0.0	1.2e-5
-84.75	0.0	1.2e-5
-84.625	0.0	1.3e-5
-84.5	0.0	1.3e-5
-84.375	0.0	1.3e-5
-84.25	0.0	1.3e-5
-84.125	0.0	1.3e-5
-84.0	0.0	1.3e-5
-83.875	0.0	1.4e-5
-83.75	0.0	1.4e-5
-83.625	0.0	1.4e-5
-83.5	0.0	1.4e-5
-83.375	0.0	1.4e-5
-83.25	0.0	1.4e-5
-83.125	0.0	1.5e-5
-83.0	0.0	1.5e-5
-82.875	0.0	1.5e-5
-82.75	0.0	1.5e-5
-82.625	0.0	1.5e-5
-82.5	0.0	1.6e-5
-82.375	0.0	1.6e-5
-82.25	0.0	1.6e-5
-82.125	0.0	1.6e-5
-82.0	0.0	1.6e-5
-81.875	0.0	1.7e-5
-81.75	0.0	1.7e-5
-81.625	0.0	1.7e-5
-81.5	0.0	1.7e-5
-81.375	0.0	1.7e-5
-81.25	0.0	1.7e-5
-81.125	0.0	1.8e-5
-81.0	0.0	1.8e-5
-80.875	0.0	1.8e-5
-80.75	0.0	1.8e-5
-80.625	0.0	1.9e-5
-80.5	0.0	1.9e-5
-80.375	0.0	1.9e-5
-80.25	0.0	1.9e-5
-80.125	0.0	1.9e-5
-80.0	0.0	2.0e-5
-79.875	0.0	2.0e-5
-79.75	0.0	2.0e-5
-79.625	0.0	2.0e-5
-79.5	0.0	2.0e-5
-79.375	0.0	2.1e-5
-79.25	0.0	2.1e-5
-79.125	0.0	2.1e-5
-79.0	0.0	2.1e-5
-78.875	0.0	2.2e-5
-78.75	0.0	2.2e-5
-78.625	0.0	2.2e-5
-78.5	0.0	2.2e-5
-78.375	0.0	2.3e-5
-78.25	0.0	2.3e-5
-78.125	0.0	2.3e-5
-78.0	0.0	2.3e-5
-77.875	0.0	2.4e-5
-77.75	0.0	2.4e-5
-77.625	0.0	2.4e-5
-77.5	0.0	2.4e-5
-77.375	0.0	2.5e-5
-77.25	0.0	2.5e-5
-77.125	0.0	2.5e-5
-77.0	0.0	2.5e-5
-76.875	0.0	2.6e-5
-76.75	0.0	2.6e-5
-76.625	0.0	2.6e-5
-76.5	0.0	2.6e-5
-76.375	0.0	2.7e-5
-76.25	0.0	2.7e-5
-76.125	0.0	2.7e-5
-76.0	0.0	2.8e-5
-75.875	0.0	2.8e-5
-75.75	0.0	2.8e-5
-75.625	0.0	2.8e-5
-75.5	0.0	2.9e-5
-75.375	0.0	2.9e-5
-75.25	0.0	2.9e-5
-75.125	0.0	3.0e-5
-75.0	0.0	3.0e-5
-74.875	0.0	3.0e-5
-74.75	0.0	3.0e-5
-74.625	0.0	3.1e-5
-74.5	0.0	3.1e-5
-74.375	0.0	3.1e-5
-74.25	0.0	3.2e-5
-74.125	0.0	3.2e-5
-74.0	0.0	3.2e-5
-73.875	0.0	3.3e-5
-73.75	0.0	3.3e-5
-73.625	0.0	3.3e-5
-73.5	0.0	3.4e-5
-73.375	0.0	3.4e-5
-73.25	0.0	3.4e-5
-73.125	0.0	3.5e-5
-73.0	0.0	3.5e-5
-72.875	0.0	3.5e-5
-72.75	0.0	3.6e-5
-72.625	0.0	3.6e-5
-72.5	0.0	3.7e-5
-72.375	0.0	3.7e-5
-72.25	0.0	3.7e-5
-72.125	0.0	3.8e-5
-72.0	0.0	3.8e-5
-71.875	0.0	3.8e-5
-71.75	0.0	3.9e-5
-71.625	0.0	3.9e-5
-71.5	0.0	4.0e-5
-71.375	0.0	4.0e-5
-71.25	0.0	4.0e-5
-71.125	0.0	4.1e-5
-71.0	0.0	4.1e-5
-70.875	0.0	4.2e-5
-70.75	0.0	4.2e-5
-70.625	0.0	4.2e-5
-70.5	0.0	4.3e-5
-70.375	0.0	4.3e-5
-70.25	0.0	4.4e-5
-70.125	0.0	4.4e-5
-70.0	0.0	4.4e-5
-69.875	0.0	4.5e-5
-69.75	0.0	4.5e-5
-69.625	0.0	4.6e-5
-69.5	0.0	4.6e-5
-69.375	0.0	4.7e-5
-69.25	0.0	4.7e-5
-69.125	0.0	4.8e-5
-69.0	0.0	4.8e-5
-68.875	0.0	4.9e-5
-68.75	0.0	4.9e-5
-68.625	0.0	4.9e-5
-68.5	0.0	5.0e-5
-68.375	0.0	5.0e-5
-68.25	0.0	5.1e-5
-68.125	0.0	5.1e-5
-68.0	0.0	5.2e-5
-67.875	0.0	5.2e-5
-67.75	0.0	5.3e-5
-67.625	0.0	5.3e-5
-67.5	0.0	5.4e-5
-67.375	0.0	5.5e-5
-67.25	0.0	5.5e-5
-67.125	0.0	5.6e-5
-67.0	0.0	5.6e-5
-66.875	0.0	5.7e-5
-66.75	0.0	5.7e-5
-66.625	0.0	5.8e-5
-66.5	0.0	5.8e-5
-66.375	0.0	5.9e-5
-66.25	0.0	6.0e-5
-66.125	0.0	6.0e-5
-66.0	0.0	6.1e-5
-65.875	0.0	6.1e-5
-65.75	0.0	6.2e-5
-65.625	0.0	6.2e-5
-65.5	0.0	6.3e-5
-65.375	0.0	6.4e-5
-65.25	0.0	6.4e-5
-65.125	0.0	6.5e-5
-65.0	0.0	6.6e-5
-64.875	0.0	6.6e-5
-64.75	0.0	6.7e-5
-64.625	0.0	6.8e-5
-64.5	0.0	6.8e-5
-64.375	0.0	6.9e-5
-64.25	0.0	7.0e-5
-64.125	0.0	7.0e-5
-64.0	0.0	7.1e-5
-63.875	0.0	7.2e-5
-63.75	0.0	7.2e-5
-63.625	0.0	7.3e-5
-63.5	0.0	7.4e-5
-63.375	0.0	7.4e-5
-63.25	0.0	7.5e-5
-63.125	0.0	7.6e-5
-63.0	0.0	7.7e-5
-62.875	0.0	7.7e-5
-62.75	0.0	7.8e-5
-62.625	0.0	7.9e-5
-62.5	0.0	8.0e-5
-62.375	0.0	8.1e-5
-62.25	0.0	8.1e-5
-62.125	0.0	8.2e-5
-62.0	0.0	8.3e-5
-61.875	0.0	8.4e-5
-61.75	0.0	8.5e-5
-61.625	0.0	8.5e-5
-61.5	0.0	8.6e-5
-61.375	0.0	8.7e-5
-61.25	0.0	8.8e-5
-61.125	0.0	8.9e-5
-61.0	0.0	9.0e-5
-60.875	0.0	9.1e-5
-60.75	0.0	9.1e-5
-60.625	0.0	9.2e-5
-60.5	0.0	9.3e-5
-60.375	0.0	9.4e-5
-60.25	0.0	9.5e-5
-60.125	0.0	9.6e-5
-60.0	0.0	9.7e-5
-59.875	0.0	9.8e-5
-59.75	0.0	9.9e-5
-59.625	0.0	0.0001
-59.5	0.0	0.000101
-59.375	0.0	0.000102
-59.25	0.0	0.000103
-59.125	0.0	0.000104
-59.0	0.0	0.000105
-58.875	0.0	0.000106
-58.75	0.0	0.000107
-58.625	0.0	0.000108
-58.5	0.0	0.000109
-58.375	0.0	0.000111
-58.25	0.0	0.000112
-58.125	0.0	0.000113
-58.0	0.0	0.000114
-57.875	0.0	0.000115
-57.75	0.0	0.000116
-57.625	0.0	0.000117
-57.5	0.0	0.000119
-57.375	0.0	0.00012
-57.25	0.0	0.000121
-57.125	0.0	0.000122
-57.0	0.0	0.000124
-56.875	0.0	0.000125
-56.75	0.0	0.000126
-56.625	0.0	0.000127
-56.5	0.0	0.000129
-56.375	0.0	0.00013
-56.25	0.0	0.000131
-56.125	0.0	0.000133
-56.0	0.0	0.000134
-55.875	0.0	0.000136
-55.75	0.0	0.000137
-55.625	0.0	0.000138
-55.5	0.0	0.00014
-55.375	0.0	0.000141
-55.25	0.0	0.000143
-55.125	0.0	0.000144
-55.0	0.0	0.000146
-54.875	0.0	0.000147
-54.75	0.0	0.000149
-54.625	0.0	0.00015
-54.5	0.0	0.000152
-54.375	0.0	0.000154
-54.25	0.0	0.000155
-54.125	0.0	0.000157
-54.0	0.0	0.000158
-53.875	0.0	0.00016
-53.75	0.0	0.000162
-53.625	0.0	0.000164
-53.5	0.0	0.000165
-53.375	0.0	0.000167
-53.25	0.0	0.000169
-53.125	0.0	0.000171
-53.0	0.0	0.000173
-52.875	0.0	0.000174
-52.75	0.0	0.000176
-52.625	0.0	0.000178
-52.5	0.0	0.00018
-52.375	0.0	0.000182
-52.25	0.0	0.000184
-52.125	0.0	0.000186
-52.0	0.0	0.000188
-51.875	0.0	0.00019
-51.75	0.0	0.000192
-51.625	0.0	0.000194
-51.5	0.0	0.000196
-51.375	0.0	0.000199
-51.25	0.0	0.000201
-51.125	0.0	0.000203
-51.0	0.0	0.000205
-50.875	0.0	0.000207
-50.75	0.0	0.00021
-50.625	0.0	0.000212
-50.5	0.0	0.000214
-50.375	0.0	0.000217
-50.25	0.0	0.000219
-50.125	0.0	0.000222
-50.0	0.0	0.000224
-49.875	0.0	0.000227
-49.75	0.0	0.000229
-49.625	0.0	0.000232
-49.5	0.0	0.000235
-49.375	0.0	0.000237
-49.25	0.0	0.00024
-49.125	0.0	0.000243
-49.0	0.0	0.000245
-48.875	0.0	0.000248
-48.75	0.0	0.000251
-48.625	0.0	0.000254
-48.5	0.0	0.000257
-48.375	0.0	0.00026
-48.25	0.0	0.000263
-48.125	0.0	0.000266
-48.0	0.0	0.000269
-47.875	0.0	0.000272
-47.75	0.0	0.000275
-47.625	0.0	0.000279
-47.5	0.0	0.000282
-47.375	0.0	0.000285
-47.25	0.0	0.000289
-47.125	0.0	0.000292
-47.0	0.0	0.000295
-46.875	0.0	0.000299
-46.75	0.0	0.000302
-46.625	0.0	0.000306
-46.5	0.0	0.00031
-46.375	0.0	0.000313
-46.25	0.0	0.000317
-46.125	0.0	0.000321
-46.0	0.0	0.000325
-45.875	0.0	0.000329
-45.75	0.0	0.000333
-45.625	0.0	0.000337
-45.5	0.0	0.000341
-45.375	0.0	0.000345
-45.25	0.0	0.00035
-45.125	0.0	0.000354
-45.0	0.0	0.000358
-44.875	0.0	0.000363
-44.75	0.0	0.000367
-44.625	0.0	0.000372
-44.5	0.0	0.000376
-44.375	0.0	0.000381
-44.25	0.0	0.000386
-44.125	0.0	0.000391
-44.0	0.0	0.000396
-43.875	0.0	0.000401
-43.75	0.0	0.000406
-43.625	0.0	0.000411
-43.5	0.0	0.000416
-43.375	0.0	0.000422
-43.25	0.0	0.000427
-43.125	0.0	0.000433
-43.0	0.0	0.000438
-42.875	0.0	0.000444
-42.75	0.0	0.00045
-42.625	0.0	0.000456
-42.5	0.0	0.000462
-42.375	0.0	0.000468
-42.25	0.0	0.000474
-42.125	0.0	0.00048
-42.0	0.0	0.000487
-41.875	0.0	0.000493
-41.75	0.0	0.0005
-41.625	0.0	0.000506
-41.5	0.0	0.000513
-41.375	0.0	0.00052
-41.25	0.0	0.000527
-41.125	0.0	0.000534
-41.0	0.0	0.000542
-40.875	0.0	0.000549
-40.75	0.0	0.000557
-40.625	0.0	0.000564
-40.5	0.0	0.000572
-40.375	0.0	0.00058
-40.25	0.0	0.000588
-40.125	0.0	0.000596
-40.0	0.0	0.000605
-39.875	0.0	0.000613
-39.75	0.0	0.000622
-39.625	0.0	0.000631
-39.5	0.0	0.00064
-39.375	0.0	0.000649
-39.25	0.0	0.000658
-39.125	0.0	0.000667
-39.0	0.0	0.000677
-38.875	0.0	0.000687
-38.75	0.0	0.000697
-38.625	0.0	0.000707
-38.5	0.0	0.000717
-38.375	0.0	0.000728
-38.25	0.0	0.000739
-38.125	0.0	0.00075
-38.0	0.0	0.000761
-37.875	0.0	0.000772
-37.75	0.0	0.000784
-37.625	0.0	0.000796
-37.5	0.0	0.000808
-37.375	0.0	0.00082
-37.25	0.0	0.000832
-37.125	0.0	0.000845
-37.0	0.0	0.000858
-36.875	0.0	0.000871
-36.75	0.0	0.000885
-36.625	0.0	0.000899
-36.5	0.0	0.000913
-36.375	0.0	0.000927
-36.25	0.0	0.000942
-36.125	0.0	0.000956
-36.0	0.0	0.000972
-35.875	0.0	0.000987
-35.75	0.0	0.001003
-35.625	0.0	0.001019
-35.5	0.0	0.001036
-35.375	0.0	0.001052
-35.25	0.0	0.00107
-35.125	0.0	0.001087
-35.0	0.0	0.001105
-34.875	0.0	0.001123
-34.75	0.0	0.001142
-34.625	0.0	0.001161
-34.5	0.0	0.00118
-34.375	0.0	0.0012
-34.25	0.0	0.00122
-34.125	0.0	0.001241
-34.0	0.0	0.001262
-33.875	0.0	0.001284
-33.75	0.0	0.001306
-33.625	0.0	0.001329
-33.5	0.0	0.001352
-33.375	0.0	0.001375
-33.25	0.0	0.001399
-33.125	0.0	0.001424
-33.0	0.0	0.001449
-32.875	0.0	0.001475
-32.75	0.0	0.001501
-32.625	0.0	0.001528
-32.5	0.0	0.001556
-32.375	0.0	0.001584
-32.25	0.0	0.001613
-32.125	0.0	0.001643
-32.0	0.0	0.001673
-31.875	0.0	0.001704
-31.75	0.0	0.001736
-31.625	0.0	0.001768
-31.5	0.0	0.001801
-31.375	0.0	0.001835
-31.25	0.0	0.00187
-31.125	0.0	0.001906
-31.0	0.0	0.001942
-30.875	0.0	0.00198
-30.75	0.0	0.002019
-30.625	0.0	0.002058
-30.5	0.0	0.002099
-30.375	0.0	0.00214
-30.25	0.0	0.002183
-30.125	0.0	0.002227
-30.0	0.0	0.002273
-29.875	0.0	0.002319
-29.75	0.0	0.002368
-29.625	0.0	0.002417
-29.5	0.0	0.002469
-29.375	0.0	0.002522
-29.25	0.0	0.002577
-29.125	0.0	0.002634
-29.0	0.0	0.002693
-28.875	0.0	0.002754
-28.75	0.0	0.002818
-28.625	0.0	0.002884
-28.5	0.0	0.002953
-28.375	0.0	0.003024
-28.25	0.0	0.003099
-28.125	0.0	0.003177
-28.0	0.0	0.003258
-27.875	0.0	0.003342
-27.75	0.0	0.003429
-27.625	0.0	0.00352
-27.5	0.0	0.003613
-27.375	0.0	0.00371
-27.25	0.0	0.003809
-27.125	0.0	0.003911
-27.0	0.0	0.004014
-26.875	0.0	0.004118
-26.75	0.0	0.004222
-26.625	0.0	0.004325
-26.5	0.0	0.004426
-26.375	0.0	0.004523
-26.25	0.0	0.004614
-26.125	0.0	0.004697
-26.0	0.0	0.004769
-25.875	0.0	0.004828
-25.75	1.0e-6	0.004871
-25.625	1.0e-6	0.004894
-25.5	1.0e-6	0.004892
-25.375	1.0e-6	0.004863
-25.25	2.0e-6	0.004802
-25.125	2.0e-6	0.004704
-25.0	3.0e-6	0.004565
-24.875	3.0e-6	0.00438
-24.75	4.0e-6	0.004144
-24.625	5.0e-6	0.003853
-24.5	7.0e-6	0.003504
-24.375	9.0e-6	0.003092
-24.25	1.1e-5	0.002616
-24.125	1.4e-5	0.002073
-24.0	1.7e-5	0.001465
-23.875	2.2e-5	0.000792
-23.75	2.7e-5	5.8e-5
-23.625	3.4e-5	-0.00073
-23.5	4.2e-5	-0.001565
-23.375	5.3e-5	-0.002435
-23.25	6.6e-5	-0.003323
-23.125	8.1e-5	-0.004212
-23.0	0.000101	-0.005078
-22.875	0.000124	-0.005893
-22.75	0.000153	-0.006625
-22.625	0.000188	-0.007237
-22.5	0.000231	-0.007686
-22.375	0.000282	-0.007925
-22.25	0.000344	-0.0079
-22.125	0.000419	-0.007555
-22.0	0.000509	-0.006827
-21.875	0.000617	-0.005649
-21.75	0.000747	-0.003951
-21.625	0.000901	-0.001662
-21.5	0.001085	0.001293
-21.375	0.001303	0.004988
-21.25	0.001561	0.009497
-21.125	0.001867	0.01489
-21.0	0.002227	0.021233
-20.875	0.00265	0.028587
-20.75	0.003147	0.037002
-20.625	0.003729	0.046516
-20.5	0.004408	0.057157
-20.375	0.005199	0.068934
-20.25	0.006118	0.081838
-20.125	0.007183	0.095839
-20.0	0.008415	0.110883
-19.875	0.009834	0.126889
-19.75	0.011468	0.143749
-19.625	0.013342	0.161325
-19.5	0.015487	0.179445
-19.375	0.017936	0.197908
-19.25	0.020726	0.216476
-19.125	0.023894	0.23488
-19.0	0.027485	0.252818
-18.875	0.031543	0.269957
-18.75	0.036118	0.285933
-18.625	0.041263	0.300359
-18.5	0.047033	0.312822
-18.375	0.053488	0.322894
-18.25	0.060691	0.330134
-18.125	0.068707	0.334094
-18.0	0.077605	0.334327
-17.875	0.087457	0.330396
-17.75	0.098334	0.32188
-17.625	0.110314	0.308382
-17.5	0.123471	0.289544
-17.375	0.137883	0.26505
-17.25	0.153628	0.234636
-17.125	0.170781	0.198104
-17.0	0.189417	0.155328
-16.875	0.20961	0.106261
-16.75	0.231428	0.050945
-16.625	0.254935	-0.010483
-16.5	0.280193	-0.077785
-16.375	0.307252	-0.150618
-16.25	0.336158	-0.228533
-16.125	0.366948	-0.310972
-16.0	0.399647	-0.39727
-15.875	0.43427	-0.486657
-15.75	0.47082	-0.578265
-15.625	0.509285	-0.671132
-15.5	0.549641	-0.764214
-15.375	0.591845	-0.856397
-15.25	0.635841	-0.946505
-15.125	0.681555	-1.033321
-15.0	0.728893	-1.1156
-14.875	0.777748	-1.192088
-14.75	0.82799	-1.261541
-14.625	0.879473	-1.322746
-14.5	0.932034	-1.37454
-14.375	0.98549	-1.41583
-14.25	1.039642	-1.445615
-14.125	1.094277	-1.463004
-14.0	1.149164	-1.467237
-13.875	1.20406	-1.457697
-13.75	1.258709	-1.433932
-13.625	1.312848	-1.395661
-13.5	1.366201	-1.342789
-13.375	1.41849	-1.275415
-13.25	1.469432	-1.193832
-13.125	1.518742	-1.098534
-13.0	1.566138	-0.990209
-12.875	1.611341	-0.869738
-12.75	1.654079	-0.738184
-12.625	1.69409	-0.596781
-12.5	1.731123	-0.446917
-12.375	1.764945	-0.29012
-12.25	1.795335	-0.128032
-12.125	1.822096	0.037608
-12.0	1.845052	0.204995
-11.875	1.864049	0.372277
-11.75	1.878959	0.537589
-11.625	1.889682	0.699078
-11.5	1.896146	0.854929
-11.375	1.898305	1.003395
-11.25	1.896146	1.142822
-11.125	1.889683	1.271673
-11.0	1.87896	1.388552
-10.875	1.864049	1.492225
-10.75	1.845053	1.581633
-10.625	1.822097	1.655915
-10.5	1.795336	1.714409
-10.375	1.764946	1.756668
-10.25	1.731125	1.782461
-10.125	1.694091	1.791774
-10.0	1.65408	1.784805
-9.875	1.611343	1.761961
-9.75	1.56614	1.723846
-9.625	1.518744	1.671247
-9.5	1.469434	1.605122
-9.375	1.418492	1.526578
-9.25	1.366203	1.436852
-9.125	1.31285	1.337292
-9.0	1.258711	1.22933
-8.875	1.204062	1.114459
-8.75	1.149166	0.994212
-8.625	1.094279	0.870133
-8.5	1.039644	0.74376
-8.375	0.985492	0.616596
-8.25	0.932036	0.490094
-8.125	0.879475	0.365633
-8.0	0.827992	0.244503
-7.875	0.77775	0.127891
-7.75	0.728895	0.016865
-7.625	0.681556	-0.087633
-7.5	0.635843	-0.184796
-7.375	0.591847	-0.273958
-7.25	0.549642	-0.354595
-7.125	0.509287	-0.426325
-7.0	0.470821	-0.488904
-6.875	0.434271	-0.542228
-6.75	0.399648	-0.586318
-6.625	0.366949	-0.621317
-6.5	0.336159	-0.647478
-6.375	0.307253	-0.665154
-6.25	0.280194	-0.674787
-6.125	0.254936	-0.676891
-6.0	0.231428	-0.672046
-5.875	0.209611	-0.660878
-5.75	0.189418	-0.644048
-5.625	0.170781	-0.622245
-5.5	0.153628	-0.596163
-5.375	0.137884	-0.566499
-5.25	0.123471	-0.533939
-5.125	0.110314	-0.499147
-5.0	0.098335	-0.46276
-4.875	0.087457	-0.425376
-4.75	0.077606	-0.387554
-4.625	0.068708	-0.349805
-4.5	0.060691	-0.31259
-4.375	0.053488	-0.276315
-4.25	0.047033	-0.241335
-4.125	0.041263	-0.207949
-4.0	0.036118	-0.176401
-3.875	0.031543	-0.146887
-3.75	0.027485	-0.11955
-3.625	0.023895	-0.094486
-3.5	0.020726	-0.071749
-3.375	0.017937	-0.051352
-3.25	0.015487	-0.033275
-3.125	0.013342	-0.017464
-3.0	0.011468	-0.003839
-2.875	0.009834	0.007703
-2.75	0.008415	0.01728
-2.625	0.007183	0.025029
-2.5	0.006118	0.031095
-2.375	0.005199	0.035628
-2.25	0.004408	0.038785
-2.125	0.003729	0.04072
-2.0	0.003147	0.041586
-1.875	0.00265	0.041533
-1.75	0.002227	0.040703
-1.625	0.001867	0.039231
-1.5	0.001561	0.037241
-1.375	0.001303	0.034849
-1.25	0.001085	0.032161
-1.125	0.000901	0.02927
-1.0	0.000747	0.026259
-0.875	0.000617	0.023201
-0.75	0.000509	0.020158
-0.625	0.000419	0.017181
-0.5	0.000344	0.014313
-0.375	0.000282	0.011588
-0.25	0.000231	0.009031
-0.125	0.000188	0.00666
0.0	0.000153	0.004488
0.125	0.000124	0.00252
0.25	0.000101	0.00076
0.375	8.1e-5	-0.000797
0.5	6.6e-5	-0.002156
0.625	5.3e-5	-0.003326
0.75	4.2e-5	-0.004317
0.875	3.4e-5	-0.005141
1.0	2.7e-5	-0.005812
1.125	2.2e-5	-0.006343
1.25	1.7e-5	-0.006749
1.375	1.4e-5	-0.007044
1.5	1.1e-5	-0.00724
1.625	9.0e-6	-0.007352
1.75	7.0e-6	-0.007391
1.875	5.0e-6	-0.007368
2.0	4.0e-6	-0.007295
2.125	3.0e-6	-0.007181
2.25	3.0e-6	-0.007034
2.375	2.0e-6	-0.006862
2.5	2.0e-6	-0.006672
2.625	1.0e-6	-0.006469
2.75	1.0e-6	-0.006259
2.875	1.0e-6	-0.006045
3.0	1.0e-6	-0.005832
3.125	0.0	-0.005621
3.25	0.0	-0.005414
3.375	0.0	-0.005215
3.5	0.0	-0.005022
3.625	0.0	-0.004839
3.75	0.0	-0.004664
3.875	0.0	-0.004499
4.0	0.0	-0.004343
4.125	0.0	-0.004197
4.25	0.0	-0.004059
4.375	0.0	-0.003929
4.5	0.0	-0.003808
4.625	0.0	-0.003694
4.75	0.0	-0.003587
4.875	0.0	-0.003486
5.0	0.0	-0.003392
5.125	0.0	-0.003303
5.25	0.0	-0.003219
5.375	0.0	-0.003139
5.5	0.0	-0.003064
5.625	0.0	-0.002992
5.75	0.0	-0.002923
5.875	0.0	-0.002858
6.0	0.0	-0.002795
6.125	0.0	-0.002735
6.25	0.0	-0.002677
6.375	0.0	-0.002621
6.5	0.0	-0.002567
6.625	0.0	-0.002514
6.75	0.0	-0.002463
6.875	0.0	-0.002414
7.0	0.0	-0.002366
7.125	0.0	-0.00232
7.25	0.0	-0.002274
7.375	0.0	-0.00223
7.5	0.0	-0.002187
7.625	0.0	-0.002145
7.75	0.0	-0.002104
7.875	0.0	-0.002064
8.0	0.0	-0.002025
8.125	0.0	-0.001986
8.25	0.0	-0.001949
8.375	0.0	-0.001913
8.5	0.0	-0.001877
8.625	0.0	-0.001842
8.75	0.0	-0.001808
8.875	0.0	-0.001775
9.0	0.0	-0.001743
9.125	0.0	-0.001711
9.25	0.0	-0.00168
9.375	0.0	-0.00165
9.5	0.0	-0.001621
9.625	0.0	-0.001592
9.75	0.0	-0.001563
9.875	0.0	-0.001536
10.0	0.0	-0.001509
10.125	0.0	-0.001482
10.25	0.0	-0.001457
10.375	0.0	-0.001431
10.5	0.0	-0.001407
10.625	0.0	-0.001383
10.75	0.0	-0.001359
10.875	0.0	-0.001336
11.0	0.0	-0.001313
11.125	0.0	-0.001291
11.25	0.0	-0.00127
11.375	0.0	-0.001248
11.5	0.0	-0.001228
11.625	0.0	-0.001207
11.75	0.0	-0.001188
11.875	0.0	-0.001168
12.0	0.0	-0.001149
12.125	0.0	-0.00113
12.25	0.0	-0.001112
12.375	0.0	-0.001094
12.5	0.0	-0.001077
12.625	0.0	-0.00106
12.75	0.0	-0.001043
12.875	0.0	-0.001026
13.0	0.0	-0.00101
13.125	0.0	-0.000994
13.25	0.0	-0.000979
13.375	0.0	-0.000964
13.5	0.0	-0.000949
13.625	0.0	-0.000934
13.75	0.0	-0.00092
13.875	0.0	-0.000906
14.0	0.0	-0.000892
14.125	0.0	-0.000879
14.25	0.0	-0.000865
14.375	0.0	-0.000852
14.5	0.0	-0.00084
14.625	0.0	-0.000827
14.75	0.0	-0.000815
14.875	0.0	-0.000803
15.0	0.0	-0.000791
15.125	0.0	-0.00078
15.25	0.0	-0.000768
15.375	0.0	-0.000757
15.5	0.0	-0.000746
15.625	0.0	-0.000735
15.75	0.0	-0.000725
15.875	0.0	-0.000714
16.0	0.0	-0.000704
16.125	0.0	-0.000694
16.25	0.0	-0.000684
16.375	0.0	-0.000675
16.5	0.0	-0.000665
16.625	0.0	-0.000656
16.75	0.0	-0.000647
16.875	0.0	-0.000638
17.0	0.0	-0.000629
17.125	0.0	-0.00062
17.25	0.0	-0.000612
17.375	0.0	-0.000604
17.5	0.0	-0.000595
17.625	0.0	-0.000587
17.75	0.0	-0.000579
17.875	0.0	-0.000572
18.0	0.0	-0.000564
18.125	0.0	-0.000556
18.25	0.0	-0.000549
18.375	0.0	-0.000542
18.5	0.0	-0.000534
18.625	0.0	-0.000527
18.75	0.0	-0.00052
18.875	0.0	-0.000514
19.0	0.0	-0.000507
19.125	0.0	-0.0005
19.25	0.0	-0.000494
19.375	0.0	-0.000487
19.5	0.0	-0.000481
19.625	0.0	-0.000475
19.75	0.0	-0.000469
19.875	0.0	-0.000463
20.0	0.0	-0.000457
20.125	0.0	-0.000451
20.25	0.0	-0.000446
20.375	0.0	-0.00044
20.5	0.0	-0.000434
20.625	0.0	-0.000429
20.75	0.0	-0.000424
20.875	0.0	-0.000418
21.0	0.0	-0.000413
21.125	0.0	-0.000408
21.25	0.0	-0.000403
21.375	0.0	-0.000398
21.5	0.0	-0.000393
21.625	0.0	-0.000388
21.75	0.0	-0.000384
21.875	0.0	-0.000379
22.0	0.0	-0.000375
22.125	0.0	-0.00037
22.25	0.0	-0.000366
22.375	0.0	-0.000361
22.5	0.0	-0.000357
22.625	0.0	-0.000353
22.75	0.0	-0.000348
22.875	0.0	-0.000344
23.0	0.0	-0.00034
23.125	0.0	-0.000336
23.25	0.0	-0.000332
23.375	0.0	-0.000328
23.5	0.0	-0.000325
23.625	0.0	-0.000321
23.75	0.0	-0.000317
23.875	0.0	-0.000313
24.0	0.0	-0.00031
24.125	0.0	-0.000306
24.25	0.0	-0.000303
24.375	0.0	-0.000299
24.5	0.0	-0.000296
24.625	0.0	-0.000292
24.75	0.0	-0.000289
24.875	0.0	-0.000286
25.0	0.0	-0.000283
25.125	0.0	-0.000279
25.25	0.0	-0.000276
25.375	0.0	-0.000273
25.5	0.0	-0.00027
25.625	0.0	-0.000267
25.75	0.0	-0.000264
25.875	0.0	-0.000261
26.0	0.0	-0.000258
26.125	0.0	-0.000256
26.25	0.0	-0.000253
26.375	0.0	-0.00025
26.5	0.0	-0.000247
26.625	0.0	-0.000245
26.75	0.0	-0.000242
26.875	0.0	-0.000239
27.0	0.0	-0.000237
27.125	0.0	-0.000234
27.25	0.0	-0.000232
27.375	0.0	-0.000229
27.5	0.0	-0.000227
27.625	0.0	-0.000224
27.75	0.0	-0.000222
27.875	0.0	-0.000219
28.0	0.0	-0.000217
28.125	0.0	-0.000215
28.25	0.0	-0.000213
28.375	0.0	-0.00021
28.5	0.0	-0.000208
28.625	0.0	-0.000206
28.75	0.0	-0.000204
28.875	0.0	-0.000202
29.0	0.0	-0.000199
29.125	0.0	-0.000197
29.25	0.0	-0.000195
29.375	0.0	-0.000193
29.5	0.0	-0.000191
29.625	0.0	-0.000189
29.75	0.0	-0.000187
29.875	0.0	-0.000185
30.0	0.0	-0.000184
30.125	0.0	-0.000182
30.25	0.0	-0.00018
30.375	0.0	-0.000178
30.5	0.0	-0.000176
30.625	0.0	-0.000174
30.75	0.0	-0.000173
30.875	0.0	-0.000171
31.0	0.0	-0.000169
31.125	0.0	-0.000167
31.25	0.0	-0.000166
31.375	0.0	-0.000164
31.5	0.0	-0.000162
31.625	0.0	-0.000161
31.75	0.0	-0.000159
31.875	0.0	-0.000158
32.0	0.0	-0.000156
32.125	0.0	-0.000155
32.25	0.0	-0.000153
32.375	0.0	-0.000152
32.5	0.0	-0.00015
32.625	0.0	-0.000149
32.75	0.0	-0.000147
32.875	0.0	-0.000146
33.0	0.0	-0.000144
33.125	0.0	-0.000143
33.25	0.0	-0.000141
33.375	0.0	-0.00014
33.5	0.0	-0.000139
33.625	0.0	-0.000137
33.75	0.0	-0.000136
33.875	0.0	-0.000135
34.0	0.0	-0.000133
34.125	0.0	-0.000132
34.25	0.0	-0.000131
34.375	0.0	-0.00013
34.5	0.0	-0.000128
34.625	0.0	-0.000127
34.75	0.0	-0.000126
34.875	0.0	-0.000125
35.0	0.0	-0.000124
35.125	0.0	-0.000122
35.25	0.0	-0.000121
35.375	0.0	-0.00012
35.5	0.0	-0.000119
35.625	0.0	-0.000118
35.75	0.0	-0.000117
35.875	0.0	-0.000116
36.0	0.0	-0.000115
36.125	0.0	-0.000114
36.25	0.0	-0.000112
36.375	0.0	-0.000111
36.5	0.0	-0.00011
36.625	0.0	-0.000109
36.75	0.0	-0.000108
36.875	0.0	-0.000107
37.0	0.0	-0.000106
37.125	0.0	-0.000105
37.25	0.0	-0.000104
37.375	0.0	-0.000103
37.5	0.0	-0.000103
37.625	0.0	-0.000102
37.75	0.0	-0.000101
37.875	0.0	-0.0001
38.0	0.0	-9.9e-5
38.125	0.0	-9.8e-5
38.25	0.0	-9.7e-5
38.375	0.0	-9.6e-5
38.5	0.0	-9.5e-5
38.625	0.0	-9.4e-5
38.75	0.0	-9.4e-5
38.875	0.0	-9.3e-5
39.0	0.0	-9.2e-5
39.125	0.0	-9.1e-5
39.25	0.0	-9.0e-5
39.375	0.0	-8.9e-5
39.5	0.0	-8.9e-5
39.625	0.0	-8.8e-5
39.75	0.0	-8.7e-5
39.875	0.0	-8.6e-5
40.0	0.0	-8.5e-5
40.125	0.0	-8.5e-5
40.25	0.0	-8.4e-5
40.375	0.0	-8.3e-5
40.5	0.0	-8.2e-5
40.625	0.0	-8.2e-5
40.75	0.0	-8.1e-5
40.875	0.0	-8.0e-5
41.0	0.0	-8.0e-5
41.125	0.0	-7.9e-5
41.25	0.0	-7.8e-5
41.375	0.0	-7.8e-5
41.5	0.0	-7.7e-5
41.625	0.0	-7.6e-5
41.75	0.0	-7.6e-5
41.875	0.0	-7.5e-5
42.0	0.0	-7.4e-5
42.125	0.0	-7.4e-5
42.25	0.0	-7.3e-5
42.375	0.0	-7.2e-5
42.5	0.0	-7.2e-5
42.625	0.0	-7.1e-5
42.75	0.0	-7.0e-5
42.875	0.0	-7.0e-5
43.0	0.0	-6.9e-5
43.125	0.0	-6.9e-5
43.25	0.0	-6.8e-5
43.375	0.0	-6.7e-5
43.5	0.0	-6.7e-5
43.625	0.0	-6.6e-5
43.75	0.0	-6.6e-5
43.875	0.0	-6.5e-5
44.0	0.0	-6.5e-5
44.125	0.0	-6.4e-5
44.25	0.0	-6.3e-5
44.375	0.0	-6.3e-5
44.5	0.0	-6.2e-5
44.625	0.0	-6.2e-5
44.75	0.0	-6.1e-5
44.875	0.0	-6.1e-5
45.0	0.0	-6.0e-5
45.125	0.0	-6.0e-5
45.25	0.0	-5.9e-5
45.375	0.0	-5.9e-5
45.5	0.0	-5.8e-5
45.625	0.0	-5.8e-5
45.75	0.0	-5.7e-5
45.875	0.0	-5.7e-5
46.0	0.0	-5.6e-5
46.125	0.0	-5.6e-5
46.25	0.0	-5.5e-5
46.375	0.0	-5.5e-5
46.5	0.0	-5.4e-5
46.625	0.0	-5.4e-5
46.75	0.0	-5.4e-5
46.875	0.0	-5.3e-5
47.0	0.0	-5.3e-5
47.125	0.0	-5.2e-5
47.25	0.0	-5.2e-5
47.375	0.0	-5.1e-5
47.5	0.0	-5.1e-5
47.625	0.0	-5.0e-5
47.75	0.0	-5.0e-5
47.875	0.0	-5.0e-5
48.0	0.0	-4.9e-5
48.125	0.0	-4.9e-5
48.25	0.0	-4.8e-5
48.375	0.0	-4.8e-5
48.5	0.0	-4.8e-5
48.625	0.0	-4.7e-5
48.75	0.0	-4.7e-5
48.875	0.0	-4.6e-5
49.0	0.0	-4.6e-5
49.125	0.0	-4.6e-5
49.25	0.0	-4.5e-5
49.375	0.0	-4.5e-5
49.5	0.0	-4.5e-5
49.625	0.0	-4.4e-5
49.75	0.0	-4.4e-5
49.875	0.0	-4.3e-5
50.0	0.0	-4.3e-5
50.125	0.0	-4.3e-5
50.25	0.0	-4.2e-5
50.375	0.0	-4.2e-5
50.5	0.0	-4.2e-5
50.625	0.0	-4.1e-5
50.75	0.0	-4.1e-5
50.875	0.0	-4.1e-5
51.0	0.0	-4.0e-5
51.125	0.0	-4.0e-5
51.25	0.0	-4.0e-5
51.375	0.0	-3.9e-5
51.5	0.0	-3.9e-5
51.625	0.0	-3.9e-5
51.75	0.0	-3.8e-5
51.875	0.0	-3.8e-5
52.0	0.0	-3.8e-5
52.125	0.0	-3.7e-5
52.25	0.0	-3.7e-5
52.375	0.0	-3.7e-5
52.5	0.0	-3.7e-5
52.625	0.0	-3.6e-5
52.75	0.0	-3.6e-5
52.875	0.0	-3.6e-5
53.0	0.0	-3.5e-5
53.125	0.0	-3.5e-5
53.25	0.0	-3.5e-5
53.375	0.0	-3.5e-5
53.5	0.0	-3.4e-5
53.625	0.0	-3.4e-5
53.75	0.0	-3.4e-5
53.875	0.0	-3.3e-5
54.0	0.0	-3.3e-5
54.125	0.0	-3.3e-5
54.25	0.0	-3.3e-5
54.375	0.0	-3.2e-5
54.5	0.0	-3.2e-5
54.625	0.0	-3.2e-5
54.75	0.0	-3.2e-5
54.875	0.0	-3.1e-5
55.0	0.0	-3.1e-5
55.125	0.0	-3.1e-5
55.25	0.0	-3.1e-5
55.375	0.0	-3.0e-5
55.5	0.0	-3.0e-5
55.625	0.0	-3.0e-5
55.75	0.0	-3.0e-5
55.875	0.0	-2.9e-5
56.0	0.0	-2.9e-5
56.125	0.0	-2.9e-5
56.25	0.0	-2.9e-5
56.375	0.0	-2.8e-5
56.5	0.0	-2.8e-5
56.625	0.0	-2.8e-5
56.75	0.0	-2.8e-5
56.875	0.0	-2.8e-5
57.0	0.0	-2.7e-5
57.125	0.0	-2.7e-5
57.25	0.0	-2.7e-5
57.375	0.0	-2.7e-5
57.5	0.0	-2.6e-5
57.625	0.0	-2.6e-5
57.75	0.0	-2.6e-5
57.875	0.0	-2.6e-5
58.0	0.0	-2.6e-5
58.125	0.0	-2.5e-5
58.25	0.0	-2.5e-5
58.375	0.0	-2.5e-5
58.5	0.0	-2.5e-5
58.625	0.0	-2.5e-5
58.75	0.0	-2.4e-5
58.875	0.0	-2.4e-5
59.0	0.0	-2.4e-5
59.125	0.0	-2.4e-5
59.25	0.0	-2.4e-5
59.375	0.0	-2.3e-5
59.5	0.0	-2.3e-5
59.625	0.0	-2.3e-5
59.75	0.0	-2.3e-5
59.875	0.0	-2.3e-5
60.0	0.0	-2.3e-5
60.125	0.0	-2.2e-5
60.25	0.0	-2.2e-5
60.375	0.0	-2.2e-5
60.5	0.0	-2.2e-5
60.625	0.0	-2.2e-5
60.75	0.0	-2.1e-5
60.875	0.0	-2.1e-5
61.0	0.0	-2.1e-5
61.125	0.0	-2.1e-5
61.25	0.0	-2.1e-5
61.375	0.0	-2.1e-5
61.5	0.0	-2.0e-5
61.625	0.0	-2.0e-5
61.75	0.0	-2.0e-5
61.875	0.0	-2.0e-5
62.0	0.0	-2.0e-5
62.125	0.0	-2.0e-5
62.25	0.0	-1.9e-5
62.375	0.0	-1.9e-5
62.5	0.0	-1.9e-5
62.625	0.0	-1.9e-5
62.75	0.0	-1.9e-5
62.875	0.0	-1.9e-5
63.0	0.0	-1.9e-5
63.125	0.0	-1.8e-5
63.25	0.0	-1.8e-5
63.375	0.0	-1.8e-5
63.5	0.0	-1.8e-5
63.625	0.0	-1.8e-5
63.75	0.0	-1.8e-5
63.875	0.0	-1.8e-5
64.0	0.0	-1.7e-5
64.125	0.0	-1.7e-5
64.25	0.0	-1.7e-5
64.375	0.0	-1.7e-5
64.5	0.0	-1.7e-5
64.625	0.0	-1.7e-5
64.75	0.0	-1.7e-5
64.875	0.0	-1.6e-5
65.0	0.0	-1.6e-5
65.125	0.0	-1.6e-5
65.25	0.0	-1.6e-5
65.375	0.0	-1.6e-5
65.5	0.0	-1.6e-5
65.625	0.0	-1.6e-5
65.75	0.0	-1.6e-5
65.875	0.0	-1.5e-5
66.0	0.0	-1.5e-5
66.125	0.0	-1.5e-5
66.25	0.0	-1.5e-5
66.375	0.0	-1.5e-5
66.5	0.0	-1.5e-5
66.625	0.0	-1.5e-5
66.75	0.0	-1.5e-5
66.875	0.0	-1.4e-5
67.0	0.0	-1.4e-5
67.125	0.0	-1.4e-5
67.25	0.0	-1.4e-5
67.375	0.0	-1.4e-5
67.5	0.0	-1.4e-5
67.625	0.0	-1.4e-5
67.75	0.0	-1.4e-5
67.875	0.0	-1.4e-5
68.0	0.0	-1.3e-5
68.125	0.0	-1.3e-5
68.25	0.0	-1.3e-5
68.375	0.0	-1.3e-5
68.5	0.0	-1.3e-5
68.625	0.0	-1.3e-5
68.75	0.0	-1.3e-5
68.875	0.0	-1.3e-5
69.0	0.0	-1.3e-5
69.125	0.0	-1.2e-5
69.25	0.0	-1.2e-5
69.375	0.0	-1.2e-5
69.5	0.0	-1.2e-5
69.625	0.0	-1.2e-5
69.75	0.0	-1.2e-5
69.875	0.0	-1.2e-5
70.0	0.0	-1.2e-5
70.125	0.0	-1.2e-5
70.25	0.0	-1.2e-5
70.375	0.0	-1.1e-5
70.5	0.0	-1.1e-5
70.625	0.0	-1.1e-5
70.75	0.0	-1.1e-5
70.875	0.0	-1.1e-5
71.0	0.0	-1.1e-5
71.125	0.0	-1.1e-5
71.25	0.0	-1.1e-5
71.375	0.0	-1.1e-5
71.5	0.0	-1.1e-5
71.625	0.0	-1.1e-5
71.75	0.0	-1.0e-5
71.875	0.0	-1.0e-5
72.0	0.0	-1.0e-5
72.125	0.0	-1.0e-5
72.25	0.0	-1.0e-5
72.375	0.0	-1.0e-5
72.5	0.0	-1.0e-5
72.625	0.0	-1.0e-5
72.75	0.0	-1.0e-5
72.875	0.0	-1.0e-5
73.0	0.0	-1.0e-5
73.125	0.0	-1.0e-5
73.25	0.0	-9.0e-6
73.375	0.0	-9.0e-6
73.5	0.0	-9.0e-6
73.625	0.0	-9.0e-6
73.75	0.0	-9.0e-6
73.875	0.0	-9.0e-6
74.0	0.0	-9.0e-6
74.125	0.0	-9.0e-6
74.25	0.0	-9.0e-6
74.375	0.0	-9.0e-6
74.5	0.0	-9.0e-6
74.625	0.0	-9.0e-6
74.75	0.0	-8.0e-6
74.875	0.0	-8.0e-6
75.0	0.0	-8.0e-6
75.125	0.0	-8.0e-6
75.25	0.0	-8.0e-6
75.375	0.0	-8.0e-6
75.5	0.0	-8.0e-6
75.625	0.0	-8.0e-6
75.75	0.0	-8.0e-6
75.875	0.0	-8.0e-6
76.0	0.0	-8.0e-6
76.125	0.0	-8.0e-6
76.25	0.0	-8.0e-6
76.375	0.0	-8.0e-6
76.5	0.0	-8.0e-6
76.625	0.0	-7.0e-6
76.75	0.0	-7.0e-6
76.875	0.0	-7.0e-6
77.0	0.0	-7.0e-6
77.125	0.0	-7.0e-6
77.25	0.0	-7.0e-6
77.375	0.0	-7.0e-6
77.5	0.0	-7.0e-6
77.625	0.0	-7.0e-6
77.75	0.0	-7.0e-6
77.875	0.0	-7.0e-6
78.0	0.0	-7.0e-6
78.125	0.0	-7.0e-6
78.25	0.0	-7.0e-6
78.375	0.0	-7.0e-6
78.5	0.0	-7.0e-6
78.625	0.0	-6.0e-6
78.75	0.0	-6.0e-6
78.875	0.0	-6.0e-6
79.0	0.0	-6.0e-6
79.125	0.0	-6.0e-6
79.25	0.0	-6.0e-6
79.375	0.0	-6.0e-6
79.5	0.0	-6.0e-6
79.625	0.0	-6.0e-6
79.75	0.0	-6.0e-6
79.875	0.0	-6.0e-6
80.0	0.0	-6.0e-6
80.125	0.0	-6.0e-6
80.25	0.0	-6.0e-6
80.375	0.0	-6.0e-6
80.5	0.0	-6.0e-6
80.625	0.0	-6.0e-6
80.75	0.0	-5.0e-6
80.875	0.0	-5.0e-6
81.0	0.0	-5.0e-6
81.125	0.0	-5.0e-6
81.25	0.0	-5.0e-6
81.375	0.0	-5.0e-6
81.5	0.0	-5.0e-6
81.625	0.0	-5.0e-6
81.75	0.0	-5.0e-6
81.875	0.0	-5.0e-6
82.0	0.0	-5.0e-6
82.125	0.0	-5.0e-6
82.25	0.0	-5.0e-6
82.375	0.0	-5.0e-6
82.5	0.0	-5.0e-6
82.625	0.0	-5.0e-6
82.75	0.0	-5.0e-6
82.875	0.0	-5.0e-6
83.0	0.0	-5.0e-6
83.125	0.0	-5.0e-6
83.25	0.0	-5.0e-6
83.375	0.0	-4.0e-6
83.5	0.0	-4.0e-6
83.625	0.0	-4.0e-6
83.75	0.0	-4.0e-6
83.875	0.0	-4.0e-6
84.0	0.0	-4.0e-6
84.125	0.0	-4.0e-6
84.25	0.0	-4.0e-6
84.375	0.0	-4.0e-6
84.5	0.0	-4.0e-6
84.625	0.0	-4.0e-6
84.75	0.0	-4.0e-6
84.875	0.0	-4.0e-6
85.0	0.0	-4.0e-6
85.125	0.0	-4.0e-6
85.25	0.0	-4.0e-6
85.375	0.0	-4.0e-6
85.5	0.0	-4.0e-6
85.625	0.0	-4.0e-6
85.75	0.0	-4.0e-6
85.875	0.0	-4.0e-6
86.0	0.0	-4.0e-6
86.125	0.0	-4.0e-6
86.25	0.0	-4.0e-6
86.375	0.0	-3.0e-6
86.5	0.0	-3.0e-6
86.625	0.0	-3.0e-6
86.75	0.0	-3.0e-6
86.875	0.0	-3.0e-6
87.0	0.0	-3.0e-6
87.125	0.0	-3.0e-6
87.25	0.0	-3.0e-6
87.375	0.0	-3.0e-6
87.5	0.0	-3.0e-6
87.625	0.0	-3.0e-6
87.75	0.0	-3.0e-6
87.875	0.0	-3.0e-6
88.0	0.0	-3.0e-6
88.125	0.0	-3.0e-6
88.25	0.0	-3.0e-6
88.375	0.0	-3.0e-6
88.5	0.0	-3.0e-6
88.625	0.0	-3.0e-6
88.75	0.0	-3.0e-6
88.875	0.0	-3.0e-6
89.0	0.0	-3.0e-6
89.125	0.0	-3.0e-6
89.25	0.0	-3.0e-6
89.375	0.0	-3.0e-6
89.5	0.0	-3.0e-6
89.625	0.0	-3.0e-6
89.75	0.0	-3.0e-6
89.875	0.0	-3.0e-6
90.0	0.0	-2.0e-6
90.125	0.0	-2.0e-6
90.25	0.0	-2.0e-6
90.375	0.0	-2.0e-6
90.5	0.0	-2.0e-6
90.625	0.0	-2.0e-6
90.75	0.0	-2.0e-6
90.875	0.0	-2.0e-6
91.0	0.0	-2.0e-6
91.125	0.0	-2.0e-6
91.25	0.0	-2.0e-6
91.375	0.0	-2.0e-6
91.5	0.0	-2.0e-6
91.625	0.0	-2.0e-6
91.75	0.0	-2.0e-6
91.875	0.0	-2.0e-6
92.0	0.0	-2.0e-6
92.125	0.0	-2.0e-6
92.25	0.0	-2.0e-6
92.375	0.0	-2.0e-6
92.5	0.0	-2.0e-6
92.625	0.0	-2.0e-6
92.75	0.0	-2.0e-6
92.875	0.0	-2.0e-6
93.0	0.0	-2.0e-6
93.125	0.0	-2.0e-6
93.25	0.0	-2.0e-6
93.375	0.0	-2.0e-6
93.5	0.0	-2.0e-6
93.625	0.0	-2.0e-6
93.75	0.0	-2.0e-6
93.875	0.0	-2.0e-6
94.0	0.0	-2.0e-6
94.125	0.0	-2.0e-6
94.25	0.0	-2.0e-6
94.375	0.0	-2.0e-6
94.5	0.0	-2.0e-6
94.625	0.0	-2.0e-6
94.75	0.0	-1.0e-6
94.875	0.0	-1.0e-6
95.0	0.0	-1.0e-6
95.125	0.0	-1.0e-6
95.25	0.0	-1.0e-6
95.375	0.0	-1.0e-6
95.5	0.0	-1.0e-6
95.625	0.0	-1.0e-6
95.75	0.0	-1.0e-6
95.875	0.0	-1.0e-6
96.0	0.0	-1.0e-6
96.125	0.0	-1.0e-6
96.25	0.0	-1.0e-6
96.375	0.0	-1.0e-6
96.5	0.0	-1.0e-6
96.625	0.0	-1.0e-6
96.75	0.0	-1.0e-6
96.875	0.0	-1.0e-6
97.0	0.0	-1.0e-6
97.125	0.0	-1.0e-6
97.25	0.0	-1.0e-6
97.375	0.0	-1.0e-6
97.5	0.0	-1.0e-6
97.625	0.0	0.0
97.75	0.0	0.0
97.875	0.0	0.0
98.0	0.0	0.0
98.125	0.0	0.0
98.25	0.0	0.0
98.375	0.0	0.0
98.5	0.0	0.0
98.625	0.0	0.0
98.75	0.0	0.0
98.875	0.0	0.0
99.0	0.0	0.0
99.125	0.0	0.0
99.25	0.0	0.0
99.375	0.0	0.0
99.5	0.0	0.0
99.625	0.0	0.0
99.75	0.0	0.0
99.875	0.0	0.0
100.0	0.0	0.0
100.125	0.0	0.0
100.25	0.0	0.0
100.375	0.0	0.0
100.5	0.0	0.0
100.625	0.0	0.0
100.75	0.0	0.0
100.875	0.0	0.0
101.0	0.0	0.0
101.125	0.0	0.0
101.25	0.0	0.0
101.375	0.0	0.0
101.5	0.0	0.0
101.625	0.0	0.0
101.75	0.0	0.0
101.875	0.0	0.0
102.0	0.0	0.0
102.125	0.0	0.0
102.25	0.0	0.0
102.375	0.0	0.0
102.5	0.0	0.0
102.625	0.0	0.0
102.75	0.0	0.0
102.875	0.0	0.0
103.0	0.0	0.0
103.125	0.0	0.0
103.25	0.0	0.0
103.375	0.0	0.0
103.5	0.0	0.0
103.625	0.0	0.0
103.75	0.0	0.0
103.875	0.0	0.0
104.0	0.0	0.0
104.125	0.0	0.0
104.25	0.0	0.0
104.375	0.0	0.0
104.5	0.0	0.0
104.625	0.0	0.0
104.75	0.0	0.0
104.875	0.0	0.0
105.0	0.0	0.0
105.125	0.0	0.0
105.25	0.0	0.0
105.375	0.0	0.0
105.5	0.0	0.0
105.625	0.0	0.0
105.75	0.0	0.0
105.875	0.0	0.0
106.0	0.0	0.0
106.125	0.0	0.0
106.25	0.0	0.0
106.375	0.0	0.0
106.5	0.0	0.0
106.625	0.0	0.0
106.75	0.0	0.0
106.875	0.0	0.0
107.0	0.0	0.0
107.125	0.0	0.0
107.25	0.0	0.0
107.375	0.0	0.0
107.5	0.0	0.0
107.625	0.0	0.0
107.75	0.0	0.0
107.875	0.0	0.0
108.0	0.0	0.0
108.125	0.0	0.0
108.25	0.0	0.0
108.375	0.0	0.0
108.5	0.0	0.0
108.625	0.0	0.0
108.75	0.0	0.0
108.875	0.0	0.0
109.0	0.0	0.0
109.125	0.0	0.0
109.25	0.0	0.0
109.375	0.0	0.0
109.5	0.0	0.0
109.625	0.0	0.0
109.75	0.0	0.0
109.875	0.0	0.0
110.0	0.0	0.0
110.125	0.0	0.0
110.25	0.0	0.0
110.375	0.0	0.0
110.5	0.0	0.0
110.625	0.0	0.0
110.75	0.0	0.0
110.875	0.0	0.0
111.0	0.0	0.0
111.125	0.0	0.0
111.25	0.0	0.0
111.375	0.0	0.0
111.5	0.0	0.0
111.625	0.0	0.0
111.75	0.0	0.0
111.875	0.0	0.0
112.0	0.0	0.0
112.125	0.0	0.0
112.25	0.0	0.0
112.375	0.0	0.0
112.5	0.0	0.0
112.625	0.0	0.0
112.75	0.0	0.0
112.875	0.0	0.0
113.0	0.0	0.0
113.125	0.0	0.0
113.25	0.0	0.0
113.375	0.0	0.0
113.5	0.0	0.0
113.625	0.0	0.0
113.75	0.0	0.0
113.875	0.0	0.0
114.0	0.0	0.0
114.125	0.0	0.0
114.25	0.0	0.0
114.375	0.0	0.0
114.5	0.0	0.0
114.625	0.0	0.0
114.75	0.0	0.0
114.875	0.0	0.0
115.0	0.0	0.0
115.125	0.0	0.0
115.25	0.0	0.0
115.375	0.0	0.0
115.5	0.0	0.0
115.625	0.0	0.0
115.75	0.0	0.0
115.875	0.0	0.0
116.0	0.0	0.0
116.125	0.0	0.0
116.25	0.0	0.0
116.375	0.0	0.0
116.5	0.0	0.0
116.625	0.0	0.0
116.75	0.0	0.0
116.875	0.0	0.0
117.0	0.0	0.0
117.125	0.0	0.0
117.25	0.0	0.0
117.375	0.0	0.0
117.5	0.0	0.0
117.625	0.0	0.0
117.75	0.0	0.0
117.875	0.0	0.0
118.0	0.0	0.0
118.125	0.0	0.0
118.25	0.0	0.0
118.375	0.0	0.0
118.5	0.0	0.0
118.625	0.0	0.0
118.75	0.0	0.0
118.875	0.0	0.0
119.0	0.0	0.0
119.125	0.0	0.0
119.25	0.0	0.0
119.375	0.0	0.0
119.5	0.0	0.0
119.625	0.0	0.0
119.75	0.0	0.0
119.875	0.0	0.0
120.0	0.0	0.0
120.125	0.0	0.0
120.25	0.0	0.0
120.375	0.0	0.0
120.5	0.0	0.0
120.625	0.0	0.0
120.75	0.0	0.0
120.875	0.0	0.0
121.0	0.0	0.0
121.125	0.0	0.0
121.25	0.0	0.0
121.375	0.0	0.0
121.5	0.0	0.0
121.625	0.0	0.0
121.75	0.0	0.0
121.875	0.0	0.0
122.0	0.0	0.0
122.125	0.0	0.0
122.25	0.0	0.0
122.375	0.0	0.0
122.5	0.0	0.0
122.625	0.0	0.0
122.75	0.0	0.0
122.875	0.0	0.0
123.0	0.0	0.0
123.125	0.0	0.0
123.25	0.0	0.0
123.375	0.0	0.0
123.5	0.0	0.0
123.625	0.0	0.0
123.75	0.0	0.0
123.875	0.0	0.0
124.0	0.0	0.0
124.125	0.0	0.0
124.25	0.0	0.0
124.375	0.0	0.0
124.5	0.0	0.0
124.625	0.0	0.0
124.75	0.0	0.0
124.875	0.0	0.0
125.0	0.0	0.0
125.125	0.0	0.0
125.25	0.0	0.0
125.375	0.0	0.0
125.5	0.0	0.0
125.625	0.0	0.0
125.75	0.0	0.0
125.875	0.0	0.0
126.0	0.0	0.0
126.125	0.0	0.0
126.25	0.0	0.0
126.375	0.0	0.0
126.5	0.0	0.0
126.625	0.0	0.0
126.75	0.0	0.0
126.875	0.0	0.0
127.0	0.0	0.0
127.125	0.0	0.0
127.25	0.0	0.0
127.375	0.0	0.0
127.5	0.0	0.0
127.625	0.0	0.0
127.75	0.0	0.0
127.875	0.0	0.0
128.0	0.0	0.0
128.125	0.0	0.0
128.25	0.0	0.0
128.375	0.0	0.0
128.5	0.0	0.0
128.625	0.0	0.0
128.75	0.0	0.0
128.875	0.0	0.0
129.0	0.0	0.0
129.125	0.0	0.0
129.25	0.0	0.0
129.375	0.0	0.0
129.5	0.0	0.0
129.625	0.0	0.0
129.75	0.0	0.0
129.875	0.0	0.0
130.0	0.0	0.0
130.125	0.0	0.0
130.25	0.0	0.0
130.375	0.0	0.0
130.5	0.0	0.0
130.625	0.0	0.0
130.75	0.0	0.0
130.875	0.0	0.0
131.0	0.0	0.0
131.125	0.0	0.0
131.25	0.0	0.0
131.375	0.0	0.0
131.5	0.0	0.0
131.625	0.0	0.0
131.75	0.0	0.0
131.875	0.0	0.0
132.0	0.0	0.0
132.125	0.0	0.0
132.25	0.0	0.0
132.375	0.0	0.0
132.5	0.0	0.0
132.625	0.0	0.0
132.75	0.0	0.0
132.875	0.0	0.0
133.0	0.0	0.0
133.125	0.0	0.0
133.25	0.0	0.0
133.375	0.0	0.0
133.5	0.0	0.0
133.625	0.0	0.0
133.75	0.0	0.0
133.875	0.0	0.0
134.0	0.0	0.0
134.125	0.0	0.0
134.25	0.0	0.0
134.375	0.0	0.0
134.5	0.0	0.0
134.625	0.0	0.0
134.75	0.0	0.0
134.875	0.0	0.0
135.0	0.0	0.0
135.125	0.0	0.0
135.25	0.0	0.0
135.375	0.0	0.0
135.5	0.0	0.0
135.625	0.0	0.0
135.75	0.0	0.0
135.875	0.0	0.0
136.0	0.0	0.0
136.125	0.0	0.0
136.25	0.0	0.0
136.375	0.0	0.0
136.5	0.0	0.0
136.625	0.0	0.0
136.75	0.0	0.0
136.875	0.0	0.0
137.0	0.0	0.0
137.125	0.0	0.0
137.25	0.0	0.0
137.375	0.0	0.0
137.5	0.0	0.0
137.625	0.0	0.0
137.75	0.0	0.0
137.875	0.0	0.0
138.0	0.0	0.0
138.125	0.0	0.0
138.25	0.0	0.0
138.375	0.0	0.0
138.5	0.0	0.0
138.625	0.0	0.0
138.75	0.0	0.0
138.875	0.0	0.0
139.0	0.0	0.0
139.125	0.0	0.0
139.25	0.0	0.0
139.375	0.0	0.0
139.5	0.0	0.0
139.625	0.0	0.0
139.75	0.0	0.0
139.875	0.0	0.0
140.0	0.0	0.0
140.125	0.0	0.0
140.25	0.0	0.0
140.375	0.0	0.0
140.5	0.0	0.0
140.625	0.0	0.0
140.75	0.0	0.0
140.875	0.0	0.0
141.0	0.0	0.0
141.125	0.0	0.0
141.25	0.0	0.0
141.375	0.0	0.0
141.5	0.0	0.0
141.625	0.0	0.0
141.75	0.0	0.0
141.875	0.0	0.0
142.0	0.0	0.0
142.125	0.0	0.0
142.25	0.0	0.0
142.375	0.0	0.0
142.5	0.0	0.0
142.625	0.0	0.0
142.75	0.0	0.0
142.875	0.0	0.0
143.0	0.0	0.0
143.125	0.0	0.0
143.25	0.0	0.0
143.375	0.0	0.0
143.5	0.0	0.0
143.625	0.0	0.0
143.75	0.0	0.0
143.875	0.0	0.0
144.0	0.0	0.0
144.125	0.0	0.0
144.25	0.0	0.0
144.375	0.0	0.0
144.5	0.0	0.0
144.625	0.0	0.0
144.75	0.0	0.0
144.875	0.0	0.0
145.0	0.0	0.0
145.125	0.0	0.0
145.25	0.0	0.0
145.375	0.0	0.0
145.5	0.0	0.0
145.625	0.0	0.0
145.75	0.0	0.0
145.875	0.0	0.0
146.0	0.0	0.0
146.125	0.0	0.0
146.25	0.0	0.0
146.375	0.0	0.0
146.5	0.0	0.0
146.625	0.0	0.0
146.75	0.0	0.0
146.875	0.0	0.0
147.0	0.0	0.0
147.125	0.0	0.0
147.25	0.0	0.0
147.375	0.0	0.0
147.5	0.0	0.0
147.625	0.0	0.0
147.75	0.0	0.0
147.875	0.0	0.0
148.0	0.0	0.0
148.125	0.0	0.0
148.25	0.0	0.0
148.375	0.0	0.0
148.5	0.0	0.0
148.625	0.0	0.0
148.75	0.0	0.0
148.875	0.0	0.0
149.0	0.0	0.0
149.125	0.0	0.0
149.25	0.0	0.0
149.375	0.0	0.0
149.5	0.0	0.0
149.625	0.0	0.0
149.75	0.0	0.0
149.875	0.0	0.0
150.0	0.0	0.0
150.125	0.0	0.0
150.25	0.0	0.0
150.375	0.0	0.0
150.5	0.0	0.0
150.625	0.0	0.0
150.75	0.0	0.0
150.875	0.0	0.0
151.0	0.0	0.0
151.125	0.0	0.0
151.25	0.0	0.0
151.375	0.0	0.0
151.5	0.0	0.0
151.625	0.0	0.0
151.75	0.0	0.0
151.875	0.0	0.0
152.0	0.0	0.0
152.125	0.0	0.0
152.25	0.0	0.0
152.375	0.0	0.0
152.5	0.0	0.0
152.625	0.0	0.0
152.75	0.0	0.0
152.875	0.0	0.0
153.0	0.0	0.0
153.125	0.0	0.0
153.25	0.0	0.0
153.375	0.0	0.0
153.5	0.0	0.0
153.625	0.0	0.0
153.75	0.0	0.0
153.875	0.0	0.0
154.0	0.0	0.0
154.125	0.0	0.0
154.25	0.0	0.0
154.375	0.0	0.0
154.5	0.0	0.0
154.625	0.0	0.0
154.75	0.0	0.0
154.875	0.0	0.0
155.0	0.0	0.0
155.125	0.0	0.0
155.25	0.0	0.0
155.375	0.0	0.0
155.5	0.0	0.0
155.625	0.0	0.0
155.75	0.0	0.0
155.875	0.0	0.0
156.0	0.0	0.0
156.125	0.0	0.0
156.25	0.0	0.0
156.375	0.0	0.0
156.5	0.0	0.0
156.625	0.0	0.0
156.75	0.0	0.0
156.875	0.0	0.0
157.0	0.0	0.0
157.125	0.0	0.0
157.25	0.0	0.0
157.375	0.0	0.0
157.5	0.0	0.0
157.625	0.0	0.0
157.75	0.0	0.0
157.875	0.0	0.0
158.0	0.0	0.0
158.125	0.0	0.0
158.25	0.0	0.0
158.375	0.0	0.0
158.5	0.0	0.0
158.625	0.0	0.0
158.75	0.0	0.0
158.875	0.0	0.0
159.0	0.0	0.0
159.125	0.0	0.0
159.25	0.0	0.0
159.375	0.0	0.0
159.5	0.0	0.0
159.625	0.0	0.0
159.75	0.0	0.0
159.875	0.0	0.0
160.0	0.0	0.0
160.125	0.0	0.0
160.25	0.0	0.0
160.375	0.0	0.0
160.5	0.0	0.0
160.625	0.0	0.0
160.75	0.0	0.0
160.875	0.0	0.0
161.0	0.0	0.0
161.125	0.0	0.0
161.25	0.0	0.0
161.375	0.0	0.0
161.5	0.0	0.0
161.625	0.0	0.0
161.75	0.0	0.0
161.875	0.0	0.0
162.0	0.0	0.0
162.125	0.0	0.0
162.25	0.0	0.0
162.375	0.0	0.0
162.5	0.0	0.0
162.625	0.0	0.0
162.75	0.0	0.0
162.875	0.0	0.0
163.0	0.0	0.0
163.125	0.0	0.0
163.25	0.0	0.0
163.375	0.0	0.0
163.5	0.0	0.0
163.625	0.0	0.0
163.75	0.0	0.0
163.875	0.0	0.0
164.0	0.0	0.0
164.125	0.0	0.0
164.25	0.0	0.0
164.375	0.0	0.0
164.5	0.0	0.0
164.625	0.0	0.0
164.75	0.0	0.0
164.875	0.0	0.0
165.0	0.0	0.0
165.125	0.0	0.0
165.25	0.0	0.0
165.375	0.0	0.0
165.5	0.0	0.0
165.625	0.0	0.0
165.75	0.0	0.0
165.875	0.0	0.0
166.0	0.0	0.0
166.125	0.0	0.0
166.25	0.0	0.0
166.375	0.0	0.0
166.5	0.0	0.0
166.625	0.0	0.0
166.75	0.0	0.0
166.875	0.0	0.0
167.0	0.0	0.0
167.125	0.0	0.0
167.25	0.0	0.0
167.375	0.0	0.0
167.5	0.0	0.0
167.625	0.0	0.0
167.75	0.0	0.0
167.875	0.0	0.0
168.0	0.0	0.0
168.125	0.0	0.0
168.25	0.0	0.0
168.375	0.0	0.0
168.5	0.0	0.0
168.625	0.0	0.0
168.75	0.0	0.0
168.875	0.0	0.0
169.0	0.0	0.0
169.125	0.0	0.0
169.25	0.0	0.0
169.375	0.0	0.0
169.5	0.0	0.0
169.625	0.0	0.0
169.75	0.0	0.0
169.875	0.0	0.0
170.0	0.0	0.0
170.125	0.0	0.0
170.25	0.0	0.0
170.375	0.0	0.0
170.5	0.0	0.0
170.625	0.0	0.0
170.75	0.0	0.0
170.875	0.0	0.0
171.0	0.0	0.0
171.125	0.0	0.0
171.25	0.0	0.0
171.375	0.0	0.0
171.5	0.0	0.0
171.625	0.0	0.0
171.75	0.0	0.0
171.875	0.0	0.0
172.0	0.0	0.0
172.125	0.0	0.0
172.25	0.0	0.0
172.375	0.0	0.0
172.5	0.0	0.0
172.625	0.0	0.0
172.75	0.0	0.0
172.875	0.0	0.0
173.0	0.0	0.0
173.125	0.0	0.0
173.25	0.0	0.0
173.375	0.0	0.0
173.5	0.0	0.0
173.625	0.0	0.0
173.75	0.0	0.0
173.875	0.0	0.0
174.0	0.0	0.0
174.125	0.0	0.0
174.25	0.0	0.0
174.375	0.0	0.0
174.5	0.0	0.0
174.625	0.0	0.0
174.75	0.0	0.0
174.875	0.0	0.0
175.0	0.0	0.0
175.125	0.0	0.0
175.25	0.0	0.0
175.375	0.0	0.0
175.5	0.0	0.0
175.625	0.0	0.0
175.75	0.0	0.0
175.875	0.0	0.0
176.0	0.0	0.0
176.125	0.0	0.0
176.25	0.0	0.0
176.375	0.0	0.0
176.5	0.0	0.0
176.625	0.0	0.0
176.75	0.0	0.0
176.875	0.0	0.0
177.0	0.0	0.0
177.125	0.0	0.0
177.25	0.0	0.0
177.375	0.0	0.0
177.5	0.0	0.0
177.625	0.0	0.0
177.75	0.0	0.0
177.875	0.0	0.0
178.0	0.0	0.0
178.125	0.0	0.0
178.25	0.0	0.0
178.375	0.0	0.0
178.5	0.0	0.0
178.625	0.0	0.0
178.75	0.0	0.0
178.875	0.0	0.0
179.0	0.0	0.0
179.125	0.0	0.0
179.25	0.0	0.0
179.375	0.0	0.0
179.5	0.0	0.0
179.625	0.0	0.0
179.75	0.0	0.0
179.875	0.0	0.0
180.0	0.0	0.0
180.125	0.0	0.0
180.25	0.0	0.0
180.375	0.0	0.0
180.5	0.0	0.0
180.625	0.0	0.0
180.75	0.0	0.0
180.875	0.0	0.0
181.0	0.0	0.0
181.125	0.0	0.0
181.25	0.0	0.0
181.375	0.0	0.0
181.5	0.0	0.0
181.625	0.0	0.0
181.75	0.0	0.0
181.875	0.0	0.0
182.0	0.0	0.0
182.125	0.0	0.0
182.25	0.0	0.0
182.375	0.0	0.0
182.5	0.0	0.0
182.625	0.0	0.0
182.75	0.0	0.0
182.875	0.0	0.0
183.0	0.0	0.0
183.125	0.0	0.0
183.25	0.0	0.0
183.375	0.0	0.0
183.5	0.0	0.0
183.625	0.0	0.0
183.75	0.0	0.0
183.875	0.0	0.0
184.0	0.0	0.0
184.125	0.0	0.0
184.25	0.0	0.0
184.375	0.0	0.0
184.5	0.0	0.0
184.625	0.0	0.0
184.75	0.0	0.0
184.875	0.0	0.0
185.0	0.0	0.0
185.125	0.0	0.0
185.25	0.0	0.0
185.375	0.0	0.0
185.5	0.0	0.0
185.625	0.0	0.0
185.75	0.0	0.0
185.875	0.0	0.0
186.0	0.0	0.0
186.125	0.0	0.0
186.25	0.0	0.0
186.375	0.0	0.0
186.5	0.0	0.0
186.625	0.0	0.0
186.75	0.0	0.0
186.875	0.0	0.0
187.0	0.0	0.0
187.125	0.0	0.0
187.25	0.0	0.0
187.375	0.0	0.0
187.5	0.0	0.0
187.625	0.0	0.0
187.75	0.0	0.0
187.875	0.0	0.0
188.0	0.0	0.0
188.125	0.0	0.0
188.25	0.0	0.0
188.375	0.0	0.0
188.5	0.0	0.0
188.625	0.0	0.0
188.75	0.0	0.0
188.875	0.0	0.0
189.0	0.0	0.0
189.125	0.0	0.0
189.25	0.0	0.0
189.375	0.0	0.0
189.5	0.0	0.0
189.625	0.0	-1.0e-6
189.75	0.0	-1.0e-6
189.875	0.0	-1.0e-6
190.0	0.0	-1.0e-6
190.125	0.0	-1.0e-6
190.25	0.0	-1.0e-6
190.375	0.0	-1.0e-6
190.5	0.0	-1.0e-6
190.625	0.0	-1.0e-6
190.75	0.0	-1.0e-6
190.875	0.0	-1.0e-6
191.0	0.0	-1.0e-6
191.125	0.0	-1.0e-6
191.25	0.0	-1.0e-6
191.375	0.0	-1.0e-6
191.5	0.0	-1.0e-6
191.625	0.0	-1.0e-6
191.75	0.0	-1.0e-6
191.875	0.0	-1.0e-6
192.0	0.0	-1.0e-6
192.125	0.0	-1.0e-6
192.25	0.0	-1.0e-6
192.375	0.0	-1.0e-6
192.5	0.0	-1.0e-6
192.625	0.0	-1.0e-6
192.75	0.0	-1.0e-6
192.875	0.0	-1.0e-6
193.0	0.0	-1.0e-6
193.125	0.0	-1.0e-6
193.25	0.0	-1.0e-6
193.375	0.0	-1.0e-6
193.5	0.0	-1.0e-6
193.625	0.0	-1.0e-6
193.75	0.0	-1.0e-6
193.875	0.0	-1.0e-6
194.0	0.0	-1.0e-6
194.125	0.0	-1.0e-6
194.25	0.0	-1.0e-6
194.375	0.0	-1.0e-6
194.5	0.0	-1.0e-6
194.625	0.0	-1.0e-6
194.75	0.0	-1.0e-6
194.875	0.0	-1.0e-6
195.0	0.0	-1.0e-6
195.125	0.0	-1.0e-6
195.25	0.0	-1.0e-6
195.375	0.0	-1.0e-6
195.5	0.0	-1.0e-6
195.625	0.0	-1.0e-6
195.75	0.0	-1.0e-6
195.875	0.0	-1.0e-6
196.0	0.0	-1.0e-6
196.125	0.0	-1.0e-6
196.25	0.0	-1.0e-6
196.375	0.0	-1.0e-6
196.5	0.0	-1.0e-6
196.625	0.0	-1.0e-6
196.75	0.0	-1.0e-6
196.875	0.0	-1.0e-6
197.0	0.0	-1.0e-6
197.125	0.0	-1.0e-6
197.25	0.0	-1.0e-6
197.375	0.0	-1.0e-6
197.5	0.0	-1.0e-6
197.625	0.0	-1.0e-6
197.75	0.0	-1.0e-6
197.875	0.0	-1.0e-6
198.0	0.0	-1.0e-6
198.125	0.0	-1.0e-6
198.25	0.0	-1.0e-6
198.375	0.0	-1.0e-6
198.5	0.0	-1.0e-6
198.625	0.0	-1.0e-6
198.75	0.0	-1.0e-6
198.875	0.0	-1.0e-6
199.0	0.0	-1.0e-6
199.125	0.0	-1.0e-6
199.25	0.0	-1.0e-6
199.375	0.0	-1.0e-6
199.5	0.0	-1.0e-6
199.625	0.0	-1.0e-6
199.75	0.0	-1.0e-6
199.875	0.0	-1.0e-6
200.0	0.0	-1.0e-6
200.125	0.0	-1.0e-6
200.25	0.0	-1.0e-6
200.375	0.0	-2.0e-6
200.5	0.0	-2.0e-6
200.625	0.0	-2.0e-6
200.75	0.0	-2.0e-6
200.875	0.0	-2.0e-6
201.0	0.0	-2.0e-6
201.125	0.0	-2.0e-6
201.25	0.0	-2.0e-6
201.375	0.0	-2.0e-6
201.5	0.0	-2.0e-6
201.625	0.0	-2.0e-6
201.75	0.0	-2.0e-6
201.875	0.0	-2.0e-6
202.0	0.0	-2.0e-6
202.125	0.0	-2.0e-6
202.25	0.0	-2.0e-6
202.375	0.0	-2.0e-6
202.5	0.0	-2.0e-6
202.625	0.0	-2.0e-6
202.75	0.0	-2.0e-6
202.875	0.0	-2.0e-6
203.0	0.0	-2.0e-6
203.125	0.0	-2.0e-6
203.25	0.0	-2.0e-6
203.375	0.0	-2.0e-6
203.5	0.0	-2.0e-6
203.625	0.0	-2.0e-6
203.75	0.0	-2.0e-6
203.875	0.0	-2.0e-6
204.0	0.0	-2.0e-6
204.125	0.0	-2.0e-6
204.25	0.0	-2.0e-6
204.375	0.0	-2.0e-6
204.5	0.0	-2.0e-6
204.625	0.0	-2.0e-6
204.75	0.0	-2.0e-6
204.875	0.0	-2.0e-6
205.0	0.0	-2.0e-6
205.125	0.0	-2.0e-6
205.25	0.0	-2.0e-6
205.375	0.0	-2.0e-6
205.5	0.0	-2.0e-6
205.625	0.0	-2.0e-6
205.75	0.0	-2.0e-6
205.875	0.0	-2.0e-6
206.0	0.0	-2.0e-6
206.125	0.0	-2.0e-6
206.25	0.0	-2.0e-6
206.375	0.0	-2.0e-6
206.5	0.0	-2.0e-6
206.625	0.0	-2.0e-6
206.75	0.0	-2.0e-6
206.875	0.0	-2.0e-6
207.0	0.0	-2.0e-6
207.125	0.0	-2.0e-6
207.25	0.0	-2.0e-6
207.375	0.0	-2.0e-6
207.5	0.0	-2.0e-6
207.625	0.0	-2.0e-6
207.75	0.0	-2.0e-6
207.875	0.0	-2.0e-6
208.0	0.0	-2.0e-6
208.125	0.0	-2.0e-6
208.25	0.0	-2.0e-6
208.375	0.0	-2.0e-6
208.5	0.0	-2.0e-6
208.625	0.0	-2.0e-6
208.75	0.0	-2.0e-6
208.875	0.0	-2.0e-6
209.0	0.0	-2.0e-6
209.125	0.0	-2.0e-6
209.25	0.0	-2.0e-6
209.375	0.0	-2.0e-6
209.5	0.0	-2.0e-6
209.625	0.0	-2.0e-6
209.75	0.0	-2.0e-6
209.875	0.0	-2.0e-6
210.0	0.0	-2.0e-6
210.125	0.0	-2.0e-6
210.25	0.0	-2.0e-6
210.375	0.0	-2.0e-6
210.5	0.0	-2.0e-6
210.625	0.0	-2.0e-6
210.75	0.0	-2.0e-6
210.875	0.0	-2.0e-6
211.0	0.0	-2.0e-6
211.125	0.0	-2.0e-6
211.25	0.0	-2.0e-6
211.375	0.0	-2.0e-6
211.5	0.0	-2.0e-6
211.625	0.0	-2.0e-6
211.75	0.0	-2.0e-6
211.875	0.0	-2.0e-6
212.0	0.0	-2.0e-6
212.125	0.0	-2.0e-6
212.25	0.0	-2.0e-6
212.375	0.0	-2.0e-6
212.5	0.0	-2.0e-6
212.625	0.0	-2.0e-6
212.75	0.0	-2.0e-6
212.875	0.0	-2.0e-6
213.0	0.0	-2.0e-6
213.125	0.0	-2.0e-6
213.25	0.0	-2.0e-6
213.375	0.0	-2.0e-6
213.5	0.0	-2.0e-6
213.625	0.0	-2.0e-6
213.75	0.0	-2.0e-6
213.875	0.0	-2.0e-6
214.0	0.0	-2.0e-6
214.125	0.0	-2.0e-6
214.25	0.0	-2.0e-6
214.375	0.0	-2.0e-6
214.5	0.0	-2.0e-6
214.625	0.0	-2.0e-6
214.75	0.0	-2.0e-6
214.875	0.0	-2.0e-6
215.0	0.0	-2.0e-6
215.125	0.0	-2.0e-6
215.25	0.0	-2.0e-6
215.375	0.0	-2.0e-6
215.5	0.0	-2.0e-6
215.625	0.0	-2.0e-6
215.75	0.0	-2.0e-6
215.875	0.0	-2.0e-6
216.0	0.0	-2.0e-6
216.125	0.0	-2.0e-6
216.25	0.0	-2.0e-6
216.375	0.0	-2.0e-6
216.5	0.0	-2.0e-6
216.625	0.0	-2.0e-6
216.75	0.0	-2.0e-6
216.875	0.0	-2.0e-6
217.0	0.0	-2.0e-6
217.125	0.0	-2.0e-6
217.25	0.0	-2.0e-6
217.375	0.0	-2.0e-6
217.5	0.0	-2.0e-6
217.625	0.0	-2.0e-6
217.75	0.0	-2.0e-6
217.875	0.0	-2.0e-6
218.0	0.0	-2.0e-6
218.125	0.0	-2.0e-6
218.25	0.0	-2.0e-6
218.375	0.0	-2.0e-6
218.5	0.0	-2.0e-6
218.625	0.0	-2.0e-6
218.75	0.0	-2.0e-6
218.875	0.0	-2.0e-6
219.0	0.0	-2.0e-6
219.125	0.0	-2.0e-6
219.25	0.0	-2.0e-6
219.375	0.0	-2.0e-6
219.5	0.0	-2.0e-6
219.625	0.0	-2.0e-6
219.75	0.0	-2.0e-6
219.875	0.0	-2.0e-6
220.0	0.0	-2.0e-6
220.125	0.0	-2.0e-6
220.25	0.0	-2.0e-6
220.375	0.0	-2.0e-6
220.5	0.0	-2.0e-6
220.625	0.0	-2.0e-6
220.75	0.0	-2.0e-6
220.875	0.0	-2.0e-6
221.0	0.0	-3.0e-6
221.125	0.0	-3.0e-6
221.25	0.0	-3.0e-6
221.375	0.0	-3.0e-6
221.5	0.0	-3.0e-6
221.625	0.0	-3.0e-6
221.75	0.0	-3.0e-6
221.875	0.0	-3.0e-6
222.0	0.0	-3.0e-6
222.125	0.0	-3.0e-6
222.25	0.0	-3.0e-6
222.375	0.0	-3.0e-6
222.5	0.0	-3.0e-6
222.625	0.0	-3.0e-6
222.75	0.0	-3.0e-6
222.875	0.0	-3.0e-6
223.0	0.0	-3.0e-6
223.125	0.0	-3.0e-6
223.25	0.0	-3.0e-6
223.375	0.0	-3.0e-6
223.5	0.0	-3.0e-6
223.625	0.0	-3.0e-6
223.75	0.0	-3.0e-6
223.875	0.0	-3.0e-6
224.0	0.0	-3.0e-6
224.125	0.0	-3.0e-6
224.25	0.0	-3.0e-6
224.375	0.0	-3.0e-6
224.5	0.0	-3.0e-6
224.625	0.0	-3.0e-6
224.75	0.0	-3.0e-6
224.875	0.0	-3.0e-6
225.0	0.0	-3.0e-6
225.125	0.0	-3.0e-6
225.25	0.0	-3.0e-6
225.375	0.0	-3.0e-6
225.5	0.0	-3.0e-6
225.625	0.0	-3.0e-6
225.75	0.0	-3.0e-6
225.875	0.0	-3.0e-6
226.0	0.0	-3.0e-6
226.125	0.0	-3.0e-6
226.25	0.0	-3.0e-6
226.375	0.0	-3.0e-6
226.5	0.0	-3.0e-6
226.625	0.0	-3.0e-6
226.75	0.0	-3.0e-6
226.875	0.0	-3.0e-6
227.0	0.0	-3.0e-6
227.125	0.0	-3.0e-6
227.25	0.0	-3.0e-6
227.375	0.0	-3.0e-6
227.5	0.0	-3.0e-6
227.625	0.0	-3.0e-6
227.75	0.0	-3.0e-6
227.875	0.0	-3.0e-6
228.0	0.0	-3.0e-6
228.125	0.0	-3.0e-6
228.25	0.0	-3.0e-6
228.375	0.0	-3.0e-6
228.5	0.0	-3.0e-6
228.625	0.0	-3.0e-6
228.75	0.0	-3.0e-6
228.875	0.0	-3.0e-6
229.0	0.0	-3.0e-6
229.125	0.0	-3.0e-6
229.25	0.0	-3.0e-6
229.375	0.0	-3.0e-6
229.5	0.0	-3.0e-6
229.625	0.0	-3.0e-6
229.75	0.0	-3.0e-6
229.875	0.0	-3.0e-6
230.0	0.0	-3.0e-6
230.125	0.0	-3.0e-6
230.25	0.0	-3.0e-6
230.375	0.0	-3.0e-6
230.5	0.0	-3.0e-6
230.625	0.0	-3.0e-6
230.75	0.0	-3.0e-6
230.875	0.0	-3.0e-6
231.0	0.0	-3.0e-6
231.125	0.0	-3.0e-6
231.25	0.0	-3.0e-6
231.375	0.0	-3.0e-6
231.5	0.0	-3.0e-6
231.625	0.0	-3.0e-6
231.75	0.0	-3.0e-6
231.875	0.0	-3.0e-6
232.0	0.0	-3.0e-6
232.125	0.0	-3.0e-6
232.25	0.0	-3.0e-6
232.375	0.0	-3.0e-6
232.5	0.0	-3.0e-6
232.625	0.0	-3.0e-6
232.75	0.0	-3.0e-6
232.875	0.0	-3.0e-6
233.0	0.0	-3.0e-6
233.125	0.0	-3.0e-6
233.25	0.0	-3.0e-6
233.375	0.0	-3.0e-6
233.5	0.0	-3.0e-6
233.625	0.0	-3.0e-6
233.75	0.0	-3.0e-6
233.875	0.0	-3.0e-6
234.0	0.0	-3.0e-6
234.125	0.0	-3.0e-6
234.25	0.0	-3.0e-6
234.375	0.0	-3.0e-6
234.5	0.0	-3.0e-6
234.625	0.0	-3.0e-6
234.75	0.0	-3.0e-6
234.875	0.0	-3.0e-6
235.0	0.0	-3.0e-6
235.125	0.0	-3.0e-6
235.25	0.0	-3.0e-6
235.375	0.0	-3.0e-6
235.5	0.0	-3.0e-6
235.625	0.0	-3.0e-6
235.75	0.0	-3.0e-6
235.875	0.0	-3.0e-6
236.0	0.0	-3.0e-6
236.125	0.0	-3.0e-6
236.25	0.0	-3.0e-6
236.375	0.0	-3.0e-6
236.5	0.0	-3.0e-6
236.625	0.0	-3.0e-6
236.75	0.0	-3.0e-6
236.875	0.0	-3.0e-6
237.0	0.0	-3.0e-6
237.125	0.0	-3.0e-6
237.25	0.0	-3.0e-6
237.375	0.0	-3.0e-6
237.5	0.0	-3.0e-6
237.625	0.0	-3.0e-6
237.75	0.0	-3.0e-6
237.875	0.0	-3.0e-6
238.0	0.0	-3.0e-6
238.125	0.0	-3.0e-6
238.25	0.0	-3.0e-6
238.375	0.0	-3.0e-6
238.5	0.0	-3.0e-6
238.625	0.0	-3.0e-6
238.75	0.0	-3.0e-6
238.875	0.0	-3.0e-6
239.0	0.0	-3.0e-6
239.125	0.0	-3.0e-6
239.25	0.0	-3.0e-6
239.375	0.0	-3.0e-6
239.5	0.0	-3.0e-6
239.625	0.0	-3.0e-6
239.75	0.0	-3.0e-6
239.875	0.0	-3.0e-6
240.0	0.0	-3.0e-6
240.125	0.0	-3.0e-6
240.25	0.0	-3.0e-6
240.375	0.0	-3.0e-6
240.5	0.0	-3.0e-6
240.625	0.0	-3.0e-6
240.75	0.0	-3.0e-6
240.875	0.0	-3.0e-6
241.0	0.0	-3.0e-6
241.125	0.0	-3.0e-6
241.25	0.0	-3.0e-6
241.375	0.0	-4.0e-6
241.5	0.0	-4.0e-6
241.625	0.0	-4.0e-6
241.75	0.0	-4.0e-6
241.875	0.0	-4.0e-6
242.0	0.0	-4.0e-6
242.125	0.0	-4.0e-6
242.25	0.0	-4.0e-6
242.375	0.0	-4.0e-6
242.5	0.0	-4.0e-6
242.625	0.0	-4.0e-6
242.75	0.0	-4.0e-6
242.875	0.0	-4.0e-6
243.0	0.0	-4.0e-6
243.125	0.0	-4.0e-6
243.25	0.0	-4.0e-6
243.375	0.0	-4.0e-6
243.5	0.0	-4.0e-6
243.625	0.0	-4.0e-6
243.75	0.0	-4.0e-6
243.875	0.0	-4.0e-6
244.0	0.0	-4.0e-6
244.125	0.0	-4.0e-6
244.25	0.0	-4.0e-6
244.375	0.0	-4.0e-6
244.5	0.0	-4.0e-6
244.625	0.0	-4.0e-6
244.75	0.0	-4.0e-6
244.875	0.0	-4.0e-6
245.0	0.0	-4.0e-6
245.125	0.0	-4.0e-6
245.25	0.0	-4.0e-6
245.375	0.0	-4.0e-6
245.5	0.0	-4.0e-6
245.625	0.0	-4.0e-6
245.75	0.0	-4.0e-6
245.875	0.0	-4.0e-6
246.0	0.0	-4.0e-6
246.125	0.0	-4.0e-6
246.25	0.0	-4.0e-6
246.375	0.0	-4.0e-6
246.5	0.0	-4.0e-6
246.625	0.0	-4.0e-6
246.75	0.0	-4.0e-6
246.875	0.0	-4.0e-6
247.0	0.0	-4.0e-6
247.125	0.0	-4.0e-6
247.25	0.0	-4.0e-6
247.375	0.0	-4.0e-6
247.5	0.0	-4.0e-6
