-264.375	0.0	0.00027
-264.25	0.0	0.00027
-264.125	0.0	0.00027
-264.0	0.0	0.000271
-263.875	0.0	0.000271
-263.75	0.0	0.000271
-263.625	0.0	0.000271
-263.5	0.0	0.000271
-263.375	0.0	0.000271
-263.25	0.0	0.000271
-263.125	0.0	0.000271
-263.0	0.0	0.000271
-262.875	0.0	0.000271
-262.75	0.0	0.000271
-262.625	0.0	0.000271
-262.5	0.0	0.000272
-262.375	0.0	0.000272
-262.25	0.0	0.000272
-262.125	0.0	0.000272
-262.0	0.0	0.000272
-261.875	0.0	0.000272
-261.75	0.0	0.000272
-261.625	0.0	0.000272
-261.5	0.0	0.000272
-261.375	0.0	0.000272
-261.25	0.0	0.000272
-261.125	0.0	0.000272
-261.0	0.0	0.000273
-260.875	0.0	0.000273
-260.75	0.0	0.000273
-260.625	0.0	0.000273
-260.5	0.0	0.000273
-260.375	0.0	0.000273
-260.25	0.0	0.000273
-260.125	0.0	0.000273
-260.0	0.0	0.000273
-259.875	0.0	0.000273
-259.75	0.0	0.000273
-259.625	0.0	0.000274
-259.5	0.0	0.000274
-259.375	0.0	0.000274
-259.25	0.0	0.000274
-259.125	0.0	0.000274
-259.0	0.0	0.000274
-258.875	0.0	0.000274
-258.75	0.0	0.000274
-258.625	0.0	0.000274
-258.5	0.0	0.000274
-258.375	0.0	0.000274
-258.25	0.0	0.000275
-258.125	0.0	0.000275
-258.0	0.0	0.000275
-257.875	0.0	0.000275
-257.75	0.0	0.000275
-257.625	0.0	0.000275
-257.5	0.0	0.000275
-257.375	0.0	0.000275
-257.25	0.0	0.000275
-257.125	0.0	0.000275
-257.0	0.0	0.000275
-256.875	0.0	0.000276
-256.75	0.0	0.000276
-256.625	0.0	0.000276
-256.5	0.0	0.000276
-256.375	0.0	0.000276
-256.25	0.0	0.000276
-256.125	0.0	0.000276
-256.0	0.0	0.000276
-255.875	0.0	0.000276
-255.75	0.0	0.000276
-255.625	0.0	0.000276
-255.5	0.0	0.000277
-255.375	0.0	0.000277
-255.25	0.0	0.000277
-255.125	0.0	0.000277
-255.0	0.0	0.000277
-254.875	0.0	0.000277
-254.75	0.0	0.000277
-254.625	0.0	0.000277
-254.5	0.0	0.000277
-254.375	0.0	0.000277
-254.25	0.0	0.000278
-254.125	0.0	0.000278
-254.0	0.0	0.000278
-253.875	0.0	0.000278
-253.75	0.0	0.000278
-253.625	0.0	0.000278
-253.5	0.0	0.000278
-253.375	0.0	0.000278
-253.25	0.0	0.000278
-253.125	0.0	0.000278
-253.0	0.0	0.000279
-252.875	0.0	0.000279
-252.75	0.0	0.000279
-252.625	0.0	0.000279
-252.5	0.0	0.000279
-252.375	0.0	0.000279
-252.25	0.0	0.000279
-252.125	0.0	0.000279
-252.0	0.0	0.000279
-251.875	0.0	0.000279
-251.75	0.0	0.00028
-251.625	0.0	0.00028
-251.5	0.0	0.00028
-251.375	0.0	0.00028
-251.25	0.0	0.00028
-251.125	0.0	0.00028
-251.0	0.0	0.00028
-250.875	0.0	0.00028
-250.75	0.0	0.00028
-250.625	0.0	0.00028
-250.5	0.0	0.000281
-250.375	0.0	0.000281
-250.25	0.0	0.000281
-250.125	0.0	0.000281
-250.0	0.0	0.000281
-249.875	0.0	0.000281
-249.75	0.0	0.000281
-249.625	0.0	0.000281
-249.5	0.0	0.000281
-249.375	0.0	0.000282
-249.25	0.0	0.000282
-249.125	0.0	0.000282
-249.0	0.0	0.000282
-248.875	0.0	0.000282
-248.75	0.0	0.000282
-248.625	0.0	0.000282
-248.5	0.0	0.000282
-248.375	0.0	0.000282
-248.25	0.0	0.000282
-248.125	0.0	0.000283
-248.0	0.0	0.000283
-247.875	0.0	0.000283
-247.75	0.0	0.000283
-247.625	0.0	0.000283
-247.5	0.0	0.000283
-247.375	0.0	0.000283
-247.25	0.0	0.000283
-247.125	0.0	0.000283
-247.0	0.0	0.000284
-246.875	0.0	0.000284
-246.75	0.0	0.000284
-246.625	0.0	0.000284
-246.5	0.0	0.000284
-246.375	0.0	0.000284
-246.25	0.0	0.000284
-246.125	0.0	0.000284
-246.0	0.0	0.000284
-245.875	0.0	0.000285
-245.75	0.0	0.000285
-245.625	0.0	0.000285
-245.5	0.0	0.000285
-245.375	0.0	0.000285
-245.25	0.0	0.000285
-245.125	0.0	0.000285
-245.0	0.0	0.000285
-244.875	0.0	0.000286
-244.75	0.0	0.000286
-244.625	0.0	0.000286
-244.5	0.0	0.000286
-244.375	0.0	0.000286
-244.25	0.0	0.000286
-244.125	0.0	0.000286
-244.0	0.0	0.000286
-243.875	0.0	0.000286
-243.75	0.0	0.000287
-243.625	0.0	0.000287
-243.5	0.0	0.000287
-243.375	0.0	0.000287
-243.25	0.0	0.000287
-243.125	0.0	0.000287
-243.0	0.0	0.000287
-242.875	0.0	0.000287
-242.75	0.0	0.000288
-242.625	0.0	0.000288
-242.5	0.0	0.000288
-242.375	0.0	0.000288
-242.25	0.0	0.000288
-242.125	0.0	0.000288
-242.0	0.0	0.000288
-241.875	0.0	0.000288
-241.75	0.0	0.000289
-241.625	0.0	0.000289
-241.5	0.0	0.000289
-241.375	0.0	0.000289
-241.25	0.0	0.000289
-241.125	0.0	0.000289
-241.0	0.0	0.000289
-240.875	0.0	0.000289
-240.75	0.0	0.00029
-240.625	0.0	0.00029
-240.5	0.0	0.00029
-240.375	0.0	0.00029
-240.25	0.0	0.00029
-240.125	0.0	0.00029
-240.0	0.0	0.00029
-239.875	0.0	0.00029
-239.75	0.0	0.000291
-239.625	0.0	0.000291
-239.5	0.0	0.000291
-239.375	0.0	0.000291
-239.25	0.0	0.000291
-239.125	0.0	0.000291
-239.0	0.0	0.000291
-238.875	0.0	0.000292
-238.75	0.0	0.000292
-238.625	0.0	0.000292
-238.5	0.0	0.000292
-238.375	0.0	0.000292
-238.25	0.0	0.000292
-238.125	0.0	0.000292
-238.0	0.0	0.000292
-237.875	0.0	0.000293
-237.75	0.0	0.000293
-237.625	0.0	0.000293
-237.5	0.0	0.000293
-237.375	0.0	0.000293
-237.25	0.0	0.000293
-237.125	0.0	0.000293
-237.0	0.0	0.000294
-236.875	0.0	0.000294
-236.75	0.0	0.000294
-236.625	0.0	0.000294
-236.5	0.0	0.000294
-236.375	0.0	0.000294
-236.25	0.0	0.000294
-236.125	0.0	0.000295
-236.0	0.0	0.000295
-235.875	0.0	0.000295
-235.75	0.0	0.000295
-235.625	0.0	0.000295
-235.5	0.0	0.000295
-235.375	0.0	0.000295
-235.25	0.0	0.000296
-235.125	0.0	0.000296
-235.0	0.0	0.000296
-234.875	0.0	0.000296
-234.75	0.0	0.000296
-234.625	0.0	0.000296
-234.5	0.0	0.000296
-234.375	0.0	0.000297
-234.25	0.0	0.000297
-234.125	0.0	0.000297
-234.0	0.0	0.000297
-233.875	0.0	0.000297
-233.75	0.0	0.000297
-233.625	0.0	0.000297
-233.5	0.0	0.000298
-233.375	0.0	0.000298
-233.25	0.0	0.000298
-233.125	0.0	0.000298
-233.0	0.0	0.000298
-232.875	0.0	0.000298
-232.75	0.0	0.000299
-232.625	0.0	0.000299
-232.5	0.0	0.000299
-232.375	0.0	0.000299
-232.25	0.0	0.000299
-232.125	0.0	0.000299
-232.0	0.0	0.000299
-231.875	0.0	0.0003
-231.75	0.0	0.0003
-231.625	0.0	0.0003
-231.5	0.0	0.0003
-231.375	0.0	0.0003
-231.25	0.0	0.0003
-231.125	0.0	0.000301
-231.0	0.0	0.000301
-230.875	0.0	0.000301
-230.75	0.0	0.000301
-230.625	0.0	0.000301
-230.5	0.0	0.000301
-230.375	0.0	0.000302
-230.25	0.0	0.000302
-230.125	0.0	0.000302
-230.0	0.0	0.000302
-229.875	0.0	0.000302
-229.75	0.0	0.000302
-229.625	0.0	0.000303
-229.5	0.0	0.000303
-229.375	0.0	0.000303
-229.25	0.0	0.000303
-229.125	0.0	0.000303
-229.0	0.0	0.000303
-228.875	0.0	0.000304
-228.75	0.0	0.000304
-228.625	0.0	0.000304
-228.5	0.0	0.000304
-228.375	0.0	0.000304
-228.25	0.0	0.000304
-228.125	0.0	0.000305
-228.0	0.0	0.000305
-227.875	0.0	0.000305
-227.75	0.0	0.000305
-227.625	0.0	0.000305
-227.5	0.0	0.000305
-227.375	0.0	0.000306
-227.25	0.0	0.000306
-227.125	0.0	0.000306
-227.0	0.0	0.000306
-226.875	0.0	0.000306
-226.75	0.0	0.000307
-226.625	0.0	0.000307
-226.5	0.0	0.000307
-226.375	0.0	0.000307
-226.25	0.0	0.000307
-226.125	0.0	0.000307
-226.0	0.0	0.000308
-225.875	0.0	0.000308
-225.75	0.0	0.000308
-225.625	0.0	0.000308
-225.5	0.0	0.000308
-225.375	0.0	0.000309
-225.25	0.0	0.000309
-225.125	0.0	0.000309
-225.0	0.0	0.000309
-224.875	0.0	0.000309
-224.75	0.0	0.000309
-224.625	0.0	0.00031
-224.5	0.0	0.00031
-224.375	0.0	0.00031
-224.25	0.0	0.00031
-224.125	0.0	0.00031
-224.0	0.0	0.000311
-223.875	0.0	0.000311
-223.75	0.0	0.000311
-223.625	0.0	0.000311
-223.5	0.0	0.000311
-223.375	0.0	0.000312
-223.25	0.0	0.000312
-223.125	0.0	0.000312
-223.0	0.0	0.000312
-222.875	0.0	0.000312
-222.75	0.0	0.000313
-222.625	0.0	0.000313
-222.5	0.0	0.000313
-222.375	0.0	0.000313
-222.25	0.0	0.000313
-222.125	0.0	0.000314
-222.0	0.0	0.000314
-221.875	0.0	0.000314
-221.75	0.0	0.000314
-221.625	0.0	0.000314
-221.5	0.0	0.000315
-221.375	0.0	0.000315
-221.25	0.0	0.000315
-221.125	0.0	0.000315
-221.0	0.0	0.000315
-220.875	0.0	0.000316
-220.75	0.0	0.000316
-220.625	0.0	0.000316
-220.5	0.0	0.000316
-220.375	0.0	0.000316
-220.25	0.0	0.000317
-220.125	0.0	0.000317
-220.0	0.0	0.000317
-219.875	0.0	0.000317
-219.75	0.0	0.000318
-219.625	0.0	0.000318
-219.5	0.0	0.000318
-219.375	0.0	0.000318
-219.25	0.0	0.000318
-219.125	0.0	0.000319
-219.0	0.0	0.000319
-218.875	0.0	0.000319
-218.75	0.0	0.000319
-218.625	0.0	0.00032
-218.5	0.0	0.00032
-218.375	0.0	0.00032
-218.25	0.0	0.00032
-218.125	0.0	0.00032
-218.0	0.0	0.000321
-217.875	0.0	0.000321
-217.75	0.0	0.000321
-217.625	0.0	0.000321
-217.5	0.0	0.000322
-217.375	0.0	0.000322
-217.25	0.0	0.000322
-217.125	0.0	0.000322
-217.0	0.0	0.000323
-216.875	0.0	0.000323
-216.75	0.0	0.000323
-216.625	0.0	0.000323
-216.5	0.0	0.000323
-216.375	0.0	0.000324
-216.25	0.0	0.000324
-216.125	0.0	0.000324
-216.0	0.0	0.000324
-215.875	0.0	0.000325
-215.75	0.0	0.000325
-215.625	0.0	0.000325
-215.5	0.0	0.000325
-215.375	0.0	0.000326
-215.25	0.0	0.000326
-215.125	0.0	0.000326
-215.0	0.0	0.000326
-214.875	0.0	0.000327
-214.75	0.0	0.000327
-214.625	0.0	0.000327
-214.5	0.0	0.000327
-214.375	0.0	0.000328
-214.25	0.0	0.000328
-214.125	0.0	0.000328
-214.0	0.0	0.000328
-213.875	0.0	0.000329
-213.75	0.0	0.000329
-213.625	0.0	0.000329
-213.5	0.0	0.00033
-213.375	0.0	0.00033
-213.25	0.0	0.00033
-213.125	0.0	0.00033
-213.0	0.0	0.000331
-212.875	0.0	0.000331
-212.75	0.0	0.000331
-212.625	0.0	0.000331
-212.5	0.0	0.000332
-212.375	0.0	0.000332
-212.25	0.0	0.000332
-212.125	0.0	0.000333
-212.0	0.0	0.000333
-211.875	0.0	0.000333
-211.75	0.0	0.000333
-211.625	0.0	0.000334
-211.5	0.0	0.000334
-211.375	0.0	0.000334
-211.25	0.0	0.000334
-211.125	0.0	0.000335
-211.0	0.0	0.000335
-210.875	0.0	0.000335
-210.75	0.0	0.000336
-210.625	0.0	0.000336
-210.5	0.0	0.000336
-210.375	0.0	0.000336
-210.25	0.0	0.000337
-210.125	0.0	0.000337
-210.0	0.0	0.000337
-209.875	0.0	0.000338
-209.75	0.0	0.000338
-209.625	0.0	0.000338
-209.5	0.0	0.000339
-209.375	0.0	0.000339
-209.25	0.0	0.000339
-209.125	0.0	0.000339
-209.0	0.0	0.00034
-208.875	0.0	0.00034
-208.75	0.0	0.00034
-208.625	0.0	0.000341
-208.5	0.0	0.000341
-208.375	0.0	0.000341
-208.25	0.0	0.000342
-208.125	0.0	0.000342
-208.0	0.0	0.000342
-207.875	0.0	0.000343
-207.75	0.0	0.000343
-207.625	0.0	0.000343
-207.5	0.0	0.000344
-207.375	0.0	0.000344
-207.25	0.0	0.000344
-207.125	0.0	0.000345
-207.0	0.0	0.000345
-206.875	0.0	0.000345
-206.75	0.0	0.000346
-206.625	0.0	0.000346
-206.5	0.0	0.000346
-206.375	0.0	0.000347
-206.25	0.0	0.000347
-206.125	0.0	0.000347
-206.0	0.0	0.000348
-205.875	0.0	0.000348
-205.75	0.0	0.000348
-205.625	0.0	0.000349
-205.5	0.0	0.000349
-205.375	0.0	0.000349
-205.25	0.0	0.00035
-205.125	0.0	0.00035
-205.0	0.0	0.00035
-204.875	0.0	0.000351
-204.75	0.0	0.000351
-204.625	0.0	0.000351
-204.5	0.0	0.000352
-204.375	0.0	0.000352
-204.25	0.0	0.000353
-204.125	0.0	0.000353
-204.0	0.0	0.000353
-203.875	0.0	0.000354
-203.75	0.0	0.000354
-203.625	0.0	0.000354
-203.5	0.0	0.000355
-203.375	0.0	0.000355
-203.25	0.0	0.000355
-203.125	0.0	0.000356
-203.0	0.0	0.000356
-202.875	0.0	0.000357
-202.75	0.0	0.000357
-202.625	0.0	0.000357
-202.5	0.0	0.000358
-202.375	0.0	0.000358
-202.25	0.0	0.000359
-202.125	0.0	0.000359
-202.0	0.0	0.000359
-201.875	0.0	0.00036
-201.75	0.0	0.00036
-201.625	0.0	0.000361
-201.5	0.0	0.000361
-201.375	0.0	0.000361
-201.25	0.0	0.000362
-201.125	0.0	0.000362
-201.0	0.0	0.000363
-200.875	0.0	0.000363
-200.75	0.0	0.000363
-200.625	0.0	0.000364
-200.5	0.0	0.000364
-200.375	0.0	0.000365
-200.25	0.0	0.000365
-200.125	0.0	0.000366
-200.0	0.0	0.000366
-199.875	0.0	0.000366
-199.75	0.0	0.000367
-199.625	0.0	0.000367
-199.5	0.0	0.000368
-199.375	0.0	0.000368
-199.25	0.0	0.000369
-199.125	0.0	0.000369
-199.0	0.0	0.00037
-198.875	0.0	0.00037
-198.75	0.0	0.00037
-198.625	0.0	0.000371
-198.5	0.0	0.000371
-198.375	0.0	0.000372
-198.25	0.0	0.000372
-198.125	0.0	0.000373
-198.0	0.0	0.000373
-197.875	0.0	0.000374
-197.75	0.0	0.000374
-197.625	0.0	0.000375
-197.5	0.0	0.000375
-197.375	0.0	0.000376
-197.25	0.0	0.000376
-197.125	0.0	0.000377
-197.0	0.0	0.000377
-196.875	0.0	0.000378
-196.75	0.0	0.000378
-196.625	0.0	0.000379
-196.5	0.0	0.000379
-196.375	0.0	0.00038
-196.25	0.0	0.00038
-196.125	0.0	0.000381
-196.0	0.0	0.000381
-195.875	0.0	0.000382
-195.75	0.0	0.000382
-195.625	0.0	0.000383
-195.5	0.0	0.000383
-195.375	0.0	0.000384
-195.25	0.0	0.000384
-195.125	0.0	0.000385
-195.0	0.0	0.000385
-194.875	0.0	0.000386
-194.75	0.0	0.000386
-194.625	0.0	0.000387
-194.5	0.0	0.000387
-194.375	0.0	0.000388
-194.25	0.0	0.000389
-194.125	0.0	0.000389
-194.0	0.0	0.00039
-193.875	0.0	0.00039
-193.75	0.0	0.000391
-193.625	0.0	0.000391
-193.5	0.0	0.000392
-193.375	0.0	0.000393
-193.25	0.0	0.000393
-193.125	0.0	0.000394
-193.0	0.0	0.000394
-192.875	0.0	0.000395
-192.75	0.0	0.000396
-192.625	0.0	0.000396
-192.5	0.0	0.000397
-192.375	0.0	0.000397
-192.25	0.0	0.000398
-192.125	0.0	0.000399
-192.0	0.0	0.000399
-191.875	0.0	0.0004
-191.75	0.0	0.0004
-191.625	0.0	0.000401
-191.5	0.0	0.000402
-191.375	0.0	0.000402
-191.25	0.0	0.000403
-191.125	0.0	0.000403
-191.0	0.0	0.000404
-190.875	0.0	0.000405
-190.75	0.0	0.000405
-190.625	0.0	0.000406
-190.5	0.0	0.000406
-190.375	0.0	0.000407
-190.25	0.0	0.000407
-190.125	0.0	0.000407
-190.0	0.0	0.000408
-189.875	0.0	0.000408
-189.75	0.0	0.000408
-189.625	0.0	0.000409
-189.5	0.0	0.000409
-189.375	0.0	0.000409
-189.25	0.0	0.000409
-189.125	0.0	0.000409
-189.0	0.0	0.000409
-188.875	0.0	0.000409
-188.75	0.0	0.000409
-188.625	0.0	0.000409
-188.5	0.0	0.000409
-188.375	0.0	0.000409
-188.25	0.0	0.000409
-188.125	0.0	0.000409
-188.0	0.0	0.00041
-187.875	0.0	0.00041
-187.75	0.0	0.000411
-187.625	0.0	0.000412
-187.5	0.0	0.000413
-187.375	0.0	0.000415
-187.25	0.0	0.000418
-187.125	0.0	0.000421
-187.0	0.0	0.000425
-186.875	0.0	0.00043
-186.75	0.0	0.000435
-186.625	0.0	0.000442
-186.5	0.0	0.000451
-186.375	0.0	0.00046
-186.25	0.0	0.000472
-186.125	0.0	0.000485
-186.0	0.0	0.0005
-185.875	0.0	0.000517
-185.75	0.0	0.000537
-185.625	0.0	0.000558
-185.5	0.0	0.000583
-185.375	0.0	0.000609
-185.25	0.0	0.000638
-185.125	0.0	0.00067
-185.0	0.0	0.000704
-184.875	0.0	0.00074
-184.75	0.0	0.000778
-184.625	0.0	0.000818
-184.5	0.0	0.000858
-184.375	0.0	0.000899
-184.25	0.0	0.00094
-184.125	0.0	0.00098
-184.0	0.0	0.001017
-183.875	0.0	0.001051
-183.75	0.0	0.00108
-183.625	0.0	0.001102
-183.5	0.0	0.001115
-183.375	0.0	0.001118
-183.25	0.0	0.001108
-183.125	0.0	0.001082
-183.0	0.0	0.001038
-182.875	0.0	0.000972
-182.75	1.0e-6	0.000882
-182.625	1.0e-6	0.000764
-182.5	1.0e-6	0.000614
-182.375	1.0e-6	0.00043
-182.25	1.0e-6	0.000207
-182.125	2.0e-6	-5.9e-5
-182.0	2.0e-6	-0.00037
-181.875	2.0e-6	-0.000729
-181.75	3.0e-6	-0.001141
-181.625	3.0e-6	-0.001608
-181.5	4.0e-6	-0.002131
-181.375	5.0e-6	-0.002712
-181.25	6.0e-6	-0.003353
-181.125	7.0e-6	-0.004051
-181.0	8.0e-6	-0.004808
-180.875	1.0e-5	-0.005619
-180.75	1.1e-5	-0.00648
-180.625	1.4e-5	-0.007387
-180.5	1.6e-5	-0.008332
-180.375	1.9e-5	-0.009304
-180.25	2.3e-5	-0.010293
-180.125	2.7e-5	-0.011285
-180.0	3.2e-5	-0.012264
-179.875	3.8e-5	-0.013211
-179.75	4.5e-5	-0.014103
-179.625	5.3e-5	-0.014918
-179.5	6.3e-5	-0.015629
-179.375	7.4e-5	-0.016204
-179.25	8.7e-5	-0.016614
-179.125	0.000102	-0.016822
-179.0	0.00012	-0.016792
-178.875	0.000141	-0.016485
-178.75	0.000164	-0.01586
-178.625	0.000192	-0.014874
-178.5	0.000225	-0.013485
-178.375	0.000262	-0.011651
-178.25	0.000305	-0.009327
-178.125	0.000355	-0.006472
-178.0	0.000413	-0.003048
-177.875	0.000479	0.000983
-177.75	0.000556	0.005654
-177.625	0.000644	0.010991
-177.5	0.000745	0.017016
-177.375	0.00086	0.023743
-177.25	0.000993	0.031178
-177.125	0.001144	0.039317
-177.0	0.001318	0.048142
-176.875	0.001515	0.057628
-176.75	0.00174	0.067731
-176.625	0.001996	0.078397
-176.5	0.002288	0.089553
-176.375	0.002618	0.101109
-176.25	0.002993	0.112961
-176.125	0.003417	0.124983
-176.0	0.003897	0.137032
-175.875	0.004439	0.148947
-175.75	0.00505	0.160547
-175.625	0.005739	0.171634
-175.5	0.006513	0.181992
-175.375	0.007384	0.191389
-175.25	0.00836	0.199576
-175.125	0.009455	0.206294
-175.0	0.010681	0.211272
-174.875	0.012051	0.214229
-174.75	0.01358	0.214883
-174.625	0.015286	0.212946
-174.5	0.017185	0.208136
-174.375	0.019297	0.200175
-174.25	0.021643	0.188799
-174.125	0.024246	0.173757
-174.0	0.027129	0.154821
-173.875	0.030319	0.131792
-173.75	0.033844	0.104499
-173.625	0.037733	0.072814
-173.5	0.04202	0.036647
-173.375	0.046738	-0.004037
-173.25	0.051924	-0.049222
-173.125	0.057617	-0.098831
-173.0	0.063858	-0.152724
-172.875	0.070691	-0.210691
-172.75	0.078162	-0.27245
-172.625	0.086321	-0.337645
-172.5	0.095217	-0.405844
-172.375	0.104906	-0.476533
-172.25	0.115443	-0.549125
-172.125	0.126887	-0.622953
-172.0	0.1393	-0.697274
-171.875	0.152746	-0.771276
-171.75	0.167291	-0.844079
-171.625	0.183003	-0.914743
-171.5	0.199953	-0.982273
-171.375	0.218213	-1.045631
-171.25	0.237858	-1.103744
-171.125	0.258963	-1.155514
-171.0	0.281606	-1.199835
-170.875	0.305864	-1.235601
-170.75	0.331818	-1.261724
-170.625	0.359546	-1.277148
-170.5	0.389128	-1.280864
-170.375	0.420644	-1.27193
-170.25	0.454172	-1.249482
-170.125	0.48979	-1.212756
-170.0	0.527573	-1.1611
-169.875	0.567596	-1.093995
-169.75	0.609929	-1.011063
-169.625	0.654641	-0.912088
-169.5	0.701795	-0.797025
-169.375	0.751452	-0.666014
-169.25	0.803667	-0.519385
-169.125	0.858489	-0.357672
-169.0	0.91596	-0.181611
-168.875	0.976117	0.007849
-168.75	1.03899	0.209554
-168.625	1.104598	0.422141
-168.5	1.172953	0.644049
-168.375	1.244058	0.873522
-168.25	1.317906	1.108625
-168.125	1.394479	1.347256
-168.0	1.473747	1.587162
-167.875	1.55567	1.825963
-167.75	1.640196	2.061174
-167.625	1.72726	2.290225
-167.5	1.816784	2.510495
-167.375	1.908677	2.719338
-167.25	2.002836	2.914116
-167.125	2.099142	3.092228
-167.0	2.197465	3.251145
-166.875	2.297659	3.388445
-166.75	2.399568	3.501843
-166.625	2.503018	3.589227
-166.5	2.607826	3.648685
-166.375	2.713794	3.678541
-166.25	2.820712	3.677382
-166.125	2.928359	3.644079
-166.0	3.036501	3.577818
-165.875	3.144896	3.478111
-165.75	3.253289	3.344821
-165.625	3.36142	3.178168
-165.5	3.469017	2.978739
-165.375	3.575804	2.74749
-165.25	3.681499	2.485749
-165.125	3.785814	2.195205
-165.0	3.888459	1.877899
-164.875	3.989141	1.536211
-164.75	4.087567	1.172835
-164.625	4.183445	0.790759
-164.5	4.276483	0.393233
-164.375	4.366397	-0.016262
-164.25	4.452903	-0.434051
-164.125	4.535727	-0.856307
-164.0	4.614601	-1.279086
-163.875	4.689269	-1.69838
-163.75	4.759482	-2.110157
-163.625	4.825006	-2.510406
-163.5	4.88562	-2.895193
-163.375	4.941117	-3.260697
-163.25	4.991307	-3.603261
-163.125	5.036015	-3.919436
-163.0	5.075086	-4.206021
-162.875	5.108382	-4.460104
-162.75	5.135787	-4.679095
-162.625	5.157204	-4.86076
-162.5	5.172556	-5.003248
-162.375	5.181789	-5.105111
-162.25	5.18487	-5.165328
-162.125	5.181788	-5.18331
-162.0	5.172555	-5.158912
-161.875	5.157202	-5.092434
-161.75	5.135786	-4.984612
-161.625	5.10838	-4.836618
-161.5	5.075083	-4.650034
-161.375	5.036012	-4.42684
-161.25	4.991304	-4.169385
-161.125	4.941114	-3.88036
-161.0	4.885617	-3.562761
-160.875	4.825002	-3.219858
-160.75	4.759478	-2.855147
-160.625	4.689264	-2.472314
-160.5	4.614597	-2.075186
-160.375	4.535722	-1.66769
-160.25	4.452898	-1.253802
-160.125	4.366391	-0.837502
-160.0	4.276478	-0.422731
-159.875	4.183439	-0.013342
-159.75	4.087561	0.38694
-159.625	3.989135	0.774557
-159.5	3.888453	1.146161
-159.375	3.785808	1.498642
-159.25	3.681493	1.829161
-159.125	3.575798	2.135178
-159.0	3.469011	2.414472
-158.875	3.361413	2.665159
-158.75	3.253283	2.885707
-158.625	3.144889	3.07494
-158.5	3.036495	3.232049
-158.375	2.928352	3.356581
-158.25	2.820706	3.448443
-158.125	2.713788	3.507887
-158.0	2.60782	3.535497
-157.875	2.503012	3.532172
-157.75	2.399561	3.499105
-157.625	2.297653	3.43776
-157.5	2.197459	3.349843
-157.375	2.099136	3.237277
-157.25	2.00283	3.10217
-157.125	1.908672	2.94678
-157.0	1.816779	2.77349
-156.875	1.727255	2.58477
-156.75	1.640191	2.383147
-156.625	1.555665	2.171174
-156.5	1.473742	1.951394
-156.375	1.394474	1.726321
-156.25	1.317902	1.4984
-156.125	1.244054	1.269992
-156.0	1.172949	1.043345
-155.875	1.104594	0.820574
-155.75	1.038986	0.603644
-155.625	0.976114	0.394354
-155.5	0.915956	0.194323
-155.375	0.858485	0.004986
-155.25	0.803664	-0.172423
-155.125	0.751449	-0.336864
-155.0	0.701792	-0.4875
-154.875	0.654638	-0.623691
-154.75	0.609926	-0.744993
-154.625	0.567593	-0.851152
-154.5	0.527571	-0.942093
-154.375	0.489788	-1.017912
-154.25	0.45417	-1.078865
-154.125	0.420642	-1.125354
-154.0	0.389126	-1.157914
-153.875	0.359544	-1.177197
-153.75	0.331816	-1.183957
-153.625	0.305863	-1.179035
-153.5	0.281604	-1.163343
-153.375	0.258961	-1.137846
-153.25	0.237856	-1.103551
-153.125	0.218212	-1.061489
-153.0	0.199952	-1.012701
-152.875	0.183002	-0.958225
-152.75	0.16729	-0.899086
-152.625	0.152745	-0.836281
-152.5	0.1393	-0.77077
-152.375	0.126886	-0.703469
-152.25	0.115442	-0.635242
-152.125	0.104905	-0.566891
-152.0	0.095217	-0.499154
-151.875	0.08632	-0.432704
-151.75	0.078162	-0.368138
-151.625	0.070691	-0.305984
-151.5	0.063858	-0.246694
-151.375	0.057617	-0.190651
-151.25	0.051924	-0.138162
-151.125	0.046738	-0.08947
-151.0	0.04202	-0.044748
-150.875	0.037733	-0.004109
-150.75	0.033843	0.032392
-150.625	0.030319	0.064757
-150.5	0.027129	0.093033
-150.375	0.024246	0.117312
-150.25	0.021643	0.137727
-150.125	0.019297	0.15444
-150.0	0.017185	0.167645
-149.875	0.015286	0.177557
-149.75	0.01358	0.184409
-149.625	0.012051	0.188449
-149.5	0.010681	0.189931
-149.375	0.009455	0.189117
-149.25	0.00836	0.186267
-149.125	0.007384	0.18164
-149.0	0.006513	0.175488
-148.875	0.005738	0.168057
-148.75	0.00505	0.15958
-148.625	0.004439	0.150279
-148.5	0.003897	0.14036
-148.375	0.003417	0.130015
-148.25	0.002993	0.11942
-148.125	0.002618	0.108734
-148.0	0.002288	0.098097
-147.875	0.001996	0.087635
-147.75	0.00174	0.077456
-147.625	0.001515	0.067651
-147.5	0.001318	0.058296
-147.375	0.001144	0.049452
-147.25	0.000993	0.041166
-147.125	0.00086	0.033471
-147.0	0.000745	0.026391
-146.875	0.000644	0.019936
-146.75	0.000556	0.014107
-146.625	0.000479	0.008898
-146.5	0.000413	0.004295
-146.375	0.000355	0.000277
-146.25	0.000305	-0.003183
-146.125	0.000262	-0.006113
-146.0	0.000225	-0.008548
-145.875	0.000192	-0.010522
-145.75	0.000164	-0.012073
-145.625	0.000141	-0.01324
-145.5	0.00012	-0.01406
-145.375	0.000102	-0.014571
-145.25	8.7e-5	-0.01481
-145.125	7.4e-5	-0.014812
-145.0	6.3e-5	-0.014613
-144.875	5.3e-5	-0.014243
-144.75	4.5e-5	-0.013734
-144.625	3.8e-5	-0.013112
-144.5	3.2e-5	-0.012403
-144.375	2.7e-5	-0.01163
-144.25	2.3e-5	-0.010815
-144.125	1.9e-5	-0.009974
-144.0	1.6e-5	-0.009123
-143.875	1.4e-5	-0.008278
-143.75	1.1e-5	-0.007448
-143.625	1.0e-5	-0.006645
-143.5	8.0e-6	-0.005874
-143.375	7.0e-6	-0.005144
-143.25	6.0e-6	-0.004457
-143.125	5.0e-6	-0.003818
-143.0	4.0e-6	-0.003228
-142.875	3.0e-6	-0.002689
-142.75	3.0e-6	-0.0022
-142.625	2.0e-6	-0.001761
-142.5	2.0e-6	-0.001369
-142.375	2.0e-6	-0.001024
-142.25	1.0e-6	-0.000723
-142.125	1.0e-6	-0.000463
-142.0	1.0e-6	-0.000241
-141.875	1.0e-6	-5.5e-5
-141.75	1.0e-6	0.0001
-141.625	0.0	0.000225
-141.5	0.0	0.000324
-141.375	0.0	0.000399
-141.25	0.0	0.000455
-141.125	0.0	0.000492
-141.0	0.0	0.000515
-140.875	0.0	0.000524
-140.75	0.0	0.000523
-140.625	0.0	0.000514
-140.5	0.0	0.000497
-140.375	0.0	0.000475
-140.25	0.0	0.000449
-140.125	0.0	0.00042
-140.0	0.0	0.000389
-139.875	0.0	0.000357
-139.75	0.0	0.000326
-139.625	0.0	0.000294
-139.5	0.0	0.000264
-139.375	0.0	0.000235
-139.25	0.0	0.000207
-139.125	0.0	0.000181
-139.0	0.0	0.000157
-138.875	0.0	0.000135
-138.75	0.0	0.000116
-138.625	0.0	9.8e-5
-138.5	0.0	8.2e-5
-138.375	0.0	6.8e-5
-138.25	0.0	5.6e-5
-138.125	0.0	4.5e-5
-138.0	0.0	3.6e-5
-137.875	0.0	2.9e-5
-137.75	0.0	2.3e-5
-137.625	0.0	1.8e-5
-137.5	0.0	1.4e-5
-137.375	0.0	1.1e-5
-137.25	0.0	8.0e-6
-137.125	0.0	7.0e-6
-137.0	0.0	6.0e-6
-136.875	0.0	5.0e-6
-136.75	0.0	5.0e-6
-136.625	0.0	6.0e-6
-136.5	0.0	6.0e-6
-136.375	0.0	7.0e-6
-136.25	0.0	8.0e-6
-136.125	0.0	9.0e-6
-136.0	0.0	1.0e-5
-135.875	0.0	1.2e-5
-135.75	0.0	1.3e-5
-135.625	0.0	1.4e-5
-135.5	0.0	1.6e-5
-135.375	0.0	1.7e-5
-135.25	0.0	1.8e-5
-135.125	0.0	2.0e-5
-135.0	0.0	2.1e-5
-134.875	0.0	2.2e-5
-134.75	0.0	2.3e-5
-134.625	0.0	2.4e-5
-134.5	0.0	2.5e-5
-134.375	0.0	2.6e-5
-134.25	0.0	2.7e-5
-134.125	0.0	2.8e-5
-134.0	0.0	2.9e-5
-133.875	0.0	3.0e-5
-133.75	0.0	3.1e-5
-133.625	0.0	3.2e-5
-133.5	0.0	3.3e-5
-133.375	0.0	3.3e-5
-133.25	0.0	3.4e-5
-133.125	0.0	3.5e-5
-133.0	0.0	3.5e-5
-132.875	0.0	3.6e-5
-132.75	0.0	3.7e-5
-132.625	0.0	3.7e-5
-132.5	0.0	3.8e-5
-132.375	0.0	3.9e-5
-132.25	0.0	3.9e-5
-132.125	0.0	4.0e-5
-132.0	0.0	4.1e-5
-131.875	0.0	4.1e-5
-131.75	0.0	4.2e-5
-131.625	0.0	4.2e-5
-131.5	0.0	4.3e-5
-131.375	0.0	4.3e-5
-131.25	0.0	4.4e-5
-131.125	0.0	4.5e-5
-131.0	0.0	4.5e-5
-130.875	0.0	4.6e-5
-130.75	0.0	4.6e-5
-130.625	0.0	4.7e-5
-130.5	0.0	4.7e-5
-130.375	0.0	4.8e-5
-130.25	0.0	4.9e-5
-130.125	0.0	4.9e-5
-130.0	0.0	5.0e-5
-129.875	0.0	5.0e-5
-129.75	0.0	5.1e-5
-129.625	0.0	5.1e-5
-129.5	0.0	5.2e-5
-129.375	0.0	5.2e-5
-129.25	0.0	5.3e-5
-129.125	0.0	5.3e-5
-129.0	0.0	5.4e-5
-128.875	0.0	5.4e-5
-128.75	0.0	5.5e-5
-128.625	0.0	5.6e-5
-128.5	0.0	5.6e-5
-128.375	0.0	5.7e-5
-128.25	0.0	5.7e-5
-128.125	0.0	5.8e-5
-128.0	0.0	5.8e-5
-127.875	0.0	5.9e-5
-127.75	0.0	5.9e-5
-127.625	0.0	6.0e-5
-127.5	0.0	6.0e-5
-127.375	0.0	6.1e-5
-127.25	0.0	6.1e-5
-127.125	0.0	6.2e-5
-127.0	0.0	6.2e-5
-126.875	0.0	6.2e-5
-126.75	0.0	6.3e-5
-126.625	0.0	6.3e-5
-126.5	0.0	6.4e-5
-126.375	0.0	6.4e-5
-126.25	0.0	6.5e-5
-126.125	0.0	6.5e-5
-126.0	0.0	6.6e-5
-125.875	0.0	6.6e-5
-125.75	0.0	6.7e-5
-125.625	0.0	6.7e-5
-125.5	0.0	6.8e-5
-125.375	0.0	6.8e-5
-125.25	0.0	6.8e-5
-125.125	0.0	6.9e-5
-125.0	0.0	6.9e-5
-124.875	0.0	7.0e-5
-124.75	0.0	7.0e-5
-124.625	0.0	7.1e-5
-124.5	0.0	7.1e-5
-124.375	0.0	7.2e-5
-124.25	0.0	7.2e-5
-124.125	0.0	7.2e-5
-124.0	0.0	7.3e-5
-123.875	0.0	7.3e-5
-123.75	0.0	7.4e-5
-123.625	0.0	7.4e-5
-123.5	0.0	7.4e-5
-123.375	0.0	7.5e-5
-123.25	0.0	7.5e-5
-123.125	0.0	7.6e-5
-123.0	0.0	7.6e-5
-122.875	0.0	7.7e-5
-122.75	0.0	7.7e-5
-122.625	0.0	7.7e-5
-122.5	0.0	7.8e-5
-122.375	0.0	7.8e-5
-122.25	0.0	7.9e-5
-122.125	0.0	7.9e-5
-122.0	0.0	7.9e-5
-121.875	0.0	8.0e-5
-121.75	0.0	8.0e-5
-121.625	0.0	8.0e-5
-121.5	0.0	8.1e-5
-121.375	0.0	8.1e-5
-121.25	0.0	8.2e-5
-121.125	0.0	8.2e-5
-121.0	0.0	8.2e-5
-120.875	0.0	8.3e-5
-120.75	0.0	8.3e-5
-120.625	0.0	8.3e-5
-120.5	0.0	8.4e-5
-120.375	0.0	8.4e-5
-120.25	0.0	8.5e-5
-120.125	0.0	8.5e-5
-120.0	0.0	8.5e-5
-119.875	0.0	8.6e-5
-119.75	0.0	8.6e-5
-119.625	0.0	8.6e-5
-119.5	0.0	8.7e-5
-119.375	0.0	8.7e-5
-119.25	0.0	8.7e-5
-119.125	0.0	8.8e-5
-119.0	0.0	8.8e-5
-118.875	0.0	8.9e-5
-118.75	0.0	8.9e-5
-118.625	0.0	8.9e-5
-118.5	0.0	9.0e-5
-118.375	0.0	9.0e-5
-118.25	0.0	9.0e-5
-118.125	0.0	9.1e-5
-118.0	0.0	9.1e-5
-117.875	0.0	9.1e-5
-117.75	0.0	9.2e-5
-117.625	0.0	9.2e-5
-117.5	0.0	9.2e-5
-117.375	0.0	9.3e-5
-117.25	0.0	9.3e-5
-117.125	0.0	9.3e-5
-117.0	0.0	9.4e-5
-116.875	0.0	9.4e-5
-116.75	0.0	9.4e-5
-116.625	0.0	9.4e-5
-116.5	0.0	9.5e-5
-116.375	0.0	9.5e-5
-116.25	0.0	9.5e-5
-116.125	0.0	9.6e-5
-116.0	0.0	9.6e-5
-115.875	0.0	9.6e-5
-115.75	0.0	9.7e-5
-115.625	0.0	9.7e-5
-115.5	0.0	9.7e-5
-115.375	0.0	9.8e-5
-115.25	0.0	9.8e-5
-115.125	0.0	9.8e-5
-115.0	0.0	9.9e-5
-114.875	0.0	9.9e-5
-114.75	0.0	9.9e-5
-114.625	0.0	9.9e-5
-114.5	0.0	0.0001
-114.375	0.0	0.0001
-114.25	0.0	0.0001
-114.125	0.0	0.000101
-114.0	0.0	0.000101
-113.875	0.0	0.000101
-113.75	0.0	0.000101
-113.625	0.0	0.000102
-113.5	0.0	0.000102
-113.375	0.0	0.000102
-113.25	0.0	0.000103
-113.125	0.0	0.000103
-113.0	0.0	0.000103
-112.875	0.0	0.000103
-112.75	0.0	0.000104
-112.625	0.0	0.000104
-112.5	0.0	0.000104
-112.375	0.0	0.000105
-112.25	0.0	0.000105
-112.125	0.0	0.000105
-112.0	0.0	0.000105
-111.875	0.0	0.000106
-111.75	0.0	0.000106
-111.625	0.0	0.000106
-111.5	0.0	0.000106
-111.375	0.0	0.000107
-111.25	0.0	0.000107
-111.125	0.0	0.000107
-111.0	0.0	0.000108
-110.875	0.0	0.000108
-110.75	0.0	0.000108
-110.625	0.0	0.000108
-110.5	0.0	0.000109
-110.375	0.0	0.000109
-110.25	0.0	0.000109
-110.125	0.0	0.000109
-110.0	0.0	0.00011
-109.875	0.0	0.00011
-109.75	0.0	0.00011
-109.625	0.0	0.00011
-109.5	0.0	0.000111
-109.375	0.0	0.000111
-109.25	0.0	0.000111
-109.125	0.0	0.000111
-109.0	0.0	0.000112
-108.875	0.0	0.000112
-108.75	0.0	0.000112
-108.625	0.0	0.000112
-108.5	0.0	0.000113
-108.375	0.0	0.000113
-108.25	0.0	0.000113
-108.125	0.0	0.000113
-108.0	0.0	0.000114
-107.875	0.0	0.000114
-107.75	0.0	0.000114
-107.625	0.0	0.000114
-107.5	0.0	0.000115
-107.375	0.0	0.000115
-107.25	0.0	0.000115
-107.125	0.0	0.000115
-107.0	0.0	0.000115
-106.875	0.0	0.000116
-106.75	0.0	0.000116
-106.625	0.0	0.000116
-106.5	0.0	0.000116
-106.375	0.0	0.000117
-106.25	0.0	0.000117
-106.125	0.0	0.000117
-106.0	0.0	0.000117
-105.875	0.0	0.000118
-105.75	0.0	0.000118
-105.625	0.0	0.000118
-105.5	0.0	0.000118
-105.375	0.0	0.000118
-105.25	0.0	0.000119
-105.125	0.0	0.000119
-105.0	0.0	0.000119
-104.875	0.0	0.000119
-104.75	0.0	0.00012
-104.625	0.0	0.00012
-104.5	0.0	0.00012
-104.375	0.0	0.00012
-104.25	0.0	0.00012
-104.125	0.0	0.000121
-104.0	0.0	0.000121
-103.875	0.0	0.000121
-103.75	0.0	0.000121
-103.625	0.0	0.000121
-103.5	0.0	0.000122
-103.375	0.0	0.000122
-103.25	0.0	0.000122
-103.125	0.0	0.000122
-103.0	0.0	0.000123
-102.875	0.0	0.000123
-102.75	0.0	0.000123
-102.625	0.0	0.000123
-102.5	0.0	0.000123
-102.375	0.0	0.000124
-102.25	0.0	0.000124
-102.125	0.0	0.000124
-102.0	0.0	0.000124
-101.875	0.0	0.000124
-101.75	0.0	0.000125
-101.625	0.0	0.000125
-101.5	0.0	0.000125
-101.375	0.0	0.000125
-101.25	0.0	0.000125
-101.125	0.0	0.000126
-101.0	0.0	0.000126
-100.875	0.0	0.000126
-100.75	0.0	0.000126
-100.625	0.0	0.000126
-100.5	0.0	0.000127
-100.375	0.0	0.000127
-100.25	0.0	0.000127
-100.125	0.0	0.000127
-100.0	0.0	0.000127
-99.875	0.0	0.000127
-99.75	0.0	0.000128
-99.625	0.0	0.000128
-99.5	0.0	0.000128
-99.375	0.0	0.000128
-99.25	0.0	0.000128
-99.125	0.0	0.000129
-99.0	0.0	0.000129
-98.875	0.0	0.000129
-98.75	0.0	0.000129
-98.625	0.0	0.000129
-98.5	0.0	0.00013
-98.375	0.0	0.00013
-98.25	0.0	0.00013
-98.125	0.0	0.00013
-98.0	0.0	0.00013
-97.875	0.0	0.00013
-97.75	0.0	0.000131
-97.625	0.0	0.000131
-97.5	0.0	0.000131
-97.375	0.0	0.000131
-97.25	0.0	0.000131
-97.125	0.0	0.000131
-97.0	0.0	0.000132
-96.875	0.0	0.000132
-96.75	0.0	0.000132
-96.625	0.0	0.000132
-96.5	0.0	0.000132
-96.375	0.0	0.000133
-96.25	0.0	0.000133
-96.125	0.0	0.000133
-96.0	0.0	0.000133
-95.875	0.0	0.000133
-95.75	0.0	0.000133
-95.625	0.0	0.000134
-95.5	0.0	0.000134
-95.375	0.0	0.000134
-95.25	0.0	0.000134
-95.125	0.0	0.000134
-95.0	0.0	0.000134
-94.875	0.0	0.000135
-94.75	0.0	0.000135
-94.625	0.0	0.000135
-94.5	0.0	0.000135
-94.375	0.0	0.000135
-94.25	0.0	0.000135
-94.125	0.0	0.000136
-94.0	0.0	0.000136
-93.875	0.0	0.000136
-93.75	0.0	0.000136
-93.625	0.0	0.000136
-93.5	0.0	0.000136
-93.375	0.0	0.000137
-93.25	0.0	0.000137
-93.125	0.0	0.000137
-93.0	0.0	0.000137
-92.875	0.0	0.000137
-92.75	0.0	0.000137
-92.625	0.0	0.000137
-92.5	0.0	0.000138
-92.375	0.0	0.000138
-92.25	0.0	0.000138
-92.125	0.0	0.000138
-92.0	0.0	0.000138
-91.875	0.0	0.000138
-91.75	0.0	0.000139
-91.625	0.0	0.000139
-91.5	0.0	0.000139
-91.375	0.0	0.000139
-91.25	0.0	0.000139
-91.125	0.0	0.000139
-91.0	0.0	0.000139
-90.875	0.0	0.00014
-90.75	0.0	0.00014
-90.625	0.0	0.00014
-90.5	0.0	0.00014
-90.375	0.0	0.00014
-90.25	0.0	0.00014
-90.125	0.0	0.000141
-90.0	0.0	0.000141
-89.875	0.0	0.000141
-89.75	0.0	0.000141
-89.625	0.0	0.000141
-89.5	0.0	0.000141
-89.375	0.0	0.000141
-89.25	0.0	0.000142
-89.125	0.0	0.000142
-89.0	0.0	0.000142
-88.875	0.0	0.000142
-88.75	0.0	0.000142
-88.625	0.0	0.000142
-88.5	0.0	0.000142
-88.375	0.0	0.000143
-88.25	0.0	0.000143
-88.125	0.0	0.000143
-88.0	0.0	0.000143
-87.875	0.0	0.000143
-87.75	0.0	0.000143
-87.625	0.0	0.000143
-87.5	0.0	0.000144
-87.375	0.0	0.000144
-87.25	0.0	0.000144
-87.125	0.0	0.000144
-87.0	0.0	0.000144
-86.875	0.0	0.000144
-86.75	0.0	0.000144
-86.625	0.0	0.000144
-86.5	0.0	0.000145
-86.375	0.0	0.000145
-86.25	0.0	0.000145
-86.125	0.0	0.000145
-86.0	0.0	0.000145
-85.875	0.0	0.000145
-85.75	0.0	0.000145
-85.625	0.0	0.000146
-85.5	0.0	0.000146
-85.375	0.0	0.000146
-85.25	0.0	0.000146
-85.125	0.0	0.000146
-85.0	0.0	0.000146
-84.875	0.0	0.000146
-84.75	0.0	0.000146
-84.625	0.0	0.000147
-84.5	0.0	0.000147
-84.375	0.0	0.000147
-84.25	0.0	0.000147
-84.125	0.0	0.000147
-84.0	0.0	0.000147
-83.875	0.0	0.000147
-83.75	0.0	0.000148
-83.625	0.0	0.000148
-83.5	0.0	0.000148
-83.375	0.0	0.000148
-83.25	0.0	0.000148
-83.125	0.0	0.000148
-83.0	0.0	0.000148
-82.875	0.0	0.000148
-82.75	0.0	0.000149
-82.625	0.0	0.000149
-82.5	0.0	0.000149
-82.375	0.0	0.000149
-82.25	0.0	0.000149
-82.125	0.0	0.000149
-82.0	0.0	0.000149
-81.875	0.0	0.000149
-81.75	0.0	0.00015
-81.625	0.0	0.00015
-81.5	0.0	0.00015
-81.375	0.0	0.00015
-81.25	0.0	0.00015
-81.125	0.0	0.00015
-81.0	0.0	0.00015
-80.875	0.0	0.00015
-80.75	0.0	0.00015
-80.625	0.0	0.000151
-80.5	0.0	0.000151
-80.375	0.0	0.000151
-80.25	0.0	0.000151
-80.125	0.0	0.000151
-80.0	0.0	0.000151
-79.875	0.0	0.000151
-79.75	0.0	0.000151
-79.625	0.0	0.000152
-79.5	0.0	0.000152
-79.375	0.0	0.000152
-79.25	0.0	0.000152
-79.125	0.0	0.000152
-79.0	0.0	0.000152
-78.875	0.0	0.000152
-78.75	0.0	0.000152
-78.625	0.0	0.000152
-78.5	0.0	0.000153
-78.375	0.0	0.000153
-78.25	0.0	0.000153
-78.125	0.0	0.000153
-78.0	0.0	0.000153
-77.875	0.0	0.000153
-77.75	0.0	0.000153
-77.625	0.0	0.000153
-77.5	0.0	0.000154
-77.375	0.0	0.000154
-77.25	0.0	0.000154
-77.125	0.0	0.000154
-77.0	0.0	0.000154
-76.875	0.0	0.000154
-76.75	0.0	0.000154
-76.625	0.0	0.000154
-76.5	0.0	0.000154
-76.375	0.0	0.000155
-76.25	0.0	0.000155
-76.125	0.0	0.000155
-76.0	0.0	0.000155
-75.875	0.0	0.000155
-75.75	0.0	0.000155
-75.625	0.0	0.000155
-75.5	0.0	0.000155
-75.375	0.0	0.000155
-75.25	0.0	0.000155
-75.125	0.0	0.000156
-75.0	0.0	0.000156
-74.875	0.0	0.000156
-74.75	0.0	0.000156
-74.625	0.0	0.000156
-74.5	0.0	0.000156
-74.375	0.0	0.000156
-74.25	0.0	0.000156
-74.125	0.0	0.000156
-74.0	0.0	0.000157
-73.875	0.0	0.000157
-73.75	0.0	0.000157
-73.625	0.0	0.000157
-73.5	0.0	0.000157
-73.375	0.0	0.000157
-73.25	0.0	0.000157
-73.125	0.0	0.000157
-73.0	0.0	0.000157
-72.875	0.0	0.000157
-72.75	0.0	0.000158
-72.625	0.0	0.000158
-72.5	0.0	0.000158
-72.375	0.0	0.000158
-72.25	0.0	0.000158
-72.125	0.0	0.000158
-72.0	0.0	0.000158
-71.875	0.0	0.000158
-71.75	0.0	0.000158
-71.625	0.0	0.000158
-71.5	0.0	0.000159
-71.375	0.0	0.000159
-71.25	0.0	0.000159
-71.125	0.0	0.000159
-71.0	0.0	0.000159
-70.875	0.0	0.000159
-70.75	0.0	0.000159
-70.625	0.0	0.000159
-70.5	0.0	0.000159
-70.375	0.0	0.000159
-70.25	0.0	0.00016
-70.125	0.0	0.00016
-70.0	0.0	0.00016
-69.875	0.0	0.00016
-69.75	0.0	0.00016
-69.625	0.0	0.00016
-69.5	0.0	0.00016
-69.375	0.0	0.00016
-69.25	0.0	0.00016
-69.125	0.0	0.00016
-69.0	0.0	0.000161
-68.875	0.0	0.000161
-68.75	0.0	0.000161
-68.625	0.0	0.000161
-68.5	0.0	0.000161
-68.375	0.0	0.000161
-68.25	0.0	0.000161
-68.125	0.0	0.000161
-68.0	0.0	0.000161
-67.875	0.0	0.000161
-67.75	0.0	0.000161
-67.625	0.0	0.000162
-67.5	0.0	0.000162
-67.375	0.0	0.000162
-67.25	0.0	0.000162
-67.125	0.0	0.000162
-67.0	0.0	0.000162
-66.875	0.0	0.000162
-66.75	0.0	0.000162
-66.625	0.0	0.000162
-66.5	0.0	0.000162
-66.375	0.0	0.000162
-66.25	0.0	0.000163
-66.125	0.0	0.000163
-66.0	0.0	0.000163
-65.875	0.0	0.000163
-65.75	0.0	0.000163
-65.625	0.0	0.000163
-65.5	0.0	0.000163
-65.375	0.0	0.000163
-65.25	0.0	0.000163
-65.125	0.0	0.000163
-65.0	0.0	0.000163
-64.875	0.0	0.000164
-64.75	0.0	0.000164
-64.625	0.0	0.000164
-64.5	0.0	0.000164
-64.375	0.0	0.000164
-64.25	0.0	0.000164
-64.125	0.0	0.000164
-64.0	0.0	0.000164
-63.875	0.0	0.000164
-63.75	0.0	0.000164
-63.625	0.0	0.000164
-63.5	0.0	0.000165
-63.375	0.0	0.000165
-63.25	0.0	0.000165
-63.125	0.0	0.000165
-63.0	0.0	0.000165
-62.875	0.0	0.000165
-62.75	0.0	0.000165
-62.625	0.0	0.000165
-62.5	0.0	0.000165
-62.375	0.0	0.000165
-62.25	0.0	0.000165
-62.125	0.0	0.000165
-62.0	0.0	0.000166
-61.875	0.0	0.000166
-61.75	0.0	0.000166
-61.625	0.0	0.000166
-61.5	0.0	0.000166
-61.375	0.0	0.000166
-61.25	0.0	0.000166
-61.125	0.0	0.000166
-61.0	0.0	0.000166
-60.875	0.0	0.000166
-60.75	0.0	0.000166
-60.625	0.0	0.000166
-60.5	0.0	0.000167
-60.375	0.0	0.000167
-60.25	0.0	0.000167
-60.125	0.0	0.000167
-60.0	0.0	0.000167
-59.875	0.0	0.000167
-59.75	0.0	0.000167
-59.625	0.0	0.000167
-59.5	0.0	0.000167
-59.375	0.0	0.000167
-59.25	0.0	0.000167
-59.125	0.0	0.000167
-59.0	0.0	0.000168
-58.875	0.0	0.000168
-58.75	0.0	0.000168
-58.625	0.0	0.000168
-58.5	0.0	0.000168
-58.375	0.0	0.000168
-58.25	0.0	0.000168
-58.125	0.0	0.000168
-58.0	0.0	0.000168
-57.875	0.0	0.000168
-57.75	0.0	0.000168
-57.625	0.0	0.000168
-57.5	0.0	0.000168
-57.375	0.0	0.000169
-57.25	0.0	0.000169
-57.125	0.0	0.000169
-57.0	0.0	0.000169
-56.875	0.0	0.000169
-56.75	0.0	0.000169
-56.625	0.0	0.000169
-56.5	0.0	0.000169
-56.375	0.0	0.000169
-56.25	0.0	0.000169
-56.125	0.0	0.000169
-56.0	0.0	0.000169
-55.875	0.0	0.000169
-55.75	0.0	0.00017
-55.625	0.0	0.00017
-55.5	0.0	0.00017
-55.375	0.0	0.00017
-55.25	0.0	0.00017
-55.125	0.0	0.00017
-55.0	0.0	0.00017
-54.875	0.0	0.00017
-54.75	0.0	0.00017
-54.625	0.0	0.00017
-54.5	0.0	0.00017
-54.375	0.0	0.00017
-54.25	0.0	0.00017
-54.125	0.0	0.000171
-54.0	0.0	0.000171
-53.875	0.0	0.000171
-53.75	0.0	0.000171
-53.625	0.0	0.000171
-53.5	0.0	0.000171
-53.375	0.0	0.000171
-53.25	0.0	0.000171
-53.125	0.0	0.000171
-53.0	0.0	0.000171
-52.875	0.0	0.000171
-52.75	0.0	0.000171
-52.625	0.0	0.000171
-52.5	0.0	0.000172
-52.375	0.0	0.000172
-52.25	0.0	0.000172
-52.125	0.0	0.000172
-52.0	0.0	0.000172
-51.875	0.0	0.000172
-51.75	0.0	0.000172
-51.625	0.0	0.000172
-51.5	0.0	0.000172
-51.375	0.0	0.000172
-51.25	0.0	0.000172
-51.125	0.0	0.000172
-51.0	0.0	0.000172
-50.875	0.0	0.000172
-50.75	0.0	0.000173
-50.625	0.0	0.000173
-50.5	0.0	0.000173
-50.375	0.0	0.000173
-50.25	0.0	0.000173
-50.125	0.0	0.000173
-50.0	0.0	0.000173
-49.875	0.0	0.000173
-49.75	0.0	0.000173
-49.625	0.0	0.000173
-49.5	0.0	0.000173
-49.375	0.0	0.000173
-49.25	0.0	0.000173
-49.125	0.0	0.000173
-49.0	0.0	0.000174
-48.875	0.0	0.000174
-48.75	0.0	0.000174
-48.625	0.0	0.000174
-48.5	0.0	0.000174
-48.375	0.0	0.000174
-48.25	0.0	0.000174
-48.125	0.0	0.000174
-48.0	0.0	0.000174
-47.875	0.0	0.000174
-47.75	0.0	0.000174
-47.625	0.0	0.000174
-47.5	0.0	0.000174
-47.375	0.0	0.000174
-47.25	0.0	0.000174
-47.125	0.0	0.000175
-47.0	0.0	0.000175
-46.875	0.0	0.000175
-46.75	0.0	0.000175
-46.625	0.0	0.000175
-46.5	0.0	0.000175
-46.375	0.0	0.000175
-46.25	0.0	0.000175
-46.125	0.0	0.000175
-46.0	0.0	0.000175
-45.875	0.0	0.000175
-45.75	0.0	0.000175
-45.625	0.0	0.000175
-45.5	0.0	0.000175
-45.375	0.0	0.000175
-45.25	0.0	0.000176
-45.125	0.0	0.000176
-45.0	0.0	0.000176
-44.875	0.0	0.000176
-44.75	0.0	0.000176
-44.625	0.0	0.000176
-44.5	0.0	0.000176
-44.375	0.0	0.000176
-44.25	0.0	0.000176
-44.125	0.0	0.000176
-44.0	0.0	0.000176
-43.875	0.0	0.000176
-43.75	0.0	0.000176
-43.625	0.0	0.000176
-43.5	0.0	0.000176
-43.375	0.0	0.000177
-43.25	0.0	0.000177
-43.125	0.0	0.000177
-43.0	0.0	0.000177
-42.875	0.0	0.000177
-42.75	0.0	0.000177
-42.625	0.0	0.000177
-42.5	0.0	0.000177
-42.375	0.0	0.000177
-42.25	0.0	0.000177
-42.125	0.0	0.000177
-42.0	0.0	0.000177
-41.875	0.0	0.000177
-41.75	0.0	0.000177
-41.625	0.0	0.000177
-41.5	0.0	0.000177
-41.375	0.0	0.000178
-41.25	0.0	0.000178
-41.125	0.0	0.000178
-41.0	0.0	0.000178
-40.875	0.0	0.000178
-40.75	0.0	0.000178
-40.625	0.0	0.000178
-40.5	0.0	0.000178
-40.375	0.0	0.000178
-40.25	0.0	0.000178
-40.125	0.0	0.000178
-40.0	0.0	0.000178
-39.875	0.0	0.000178
-39.75	0.0	0.000178
-39.625	0.0	0.000178
-39.5	0.0	0.000178
-39.375	0.0	0.000178
-39.25	0.0	0.000179
-39.125	0.0	0.000179
-39.0	0.0	0.000179
-38.875	0.0	0.000179
-38.75	0.0	0.000179
-38.625	0.0	0.000179
-38.5	0.0	0.000179
-38.375	0.0	0.000179
-38.25	0.0	0.000179
-38.125	0.0	0.000179
-38.0	0.0	0.000179
-37.875	0.0	0.000179
-37.75	0.0	0.000179
-37.625	0.0	0.000179
-37.5	0.0	0.000179
-37.375	0.0	0.000179
-37.25	0.0	0.00018
-37.125	0.0	0.00018
-37.0	0.0	0.00018
-36.875	0.0	0.00018
-36.75	0.0	0.00018
-36.625	0.0	0.00018
-36.5	0.0	0.00018
-36.375	0.0	0.00018
-36.25	0.0	0.00018
-36.125	0.0	0.00018
-36.0	0.0	0.00018
-35.875	0.0	0.00018
-35.75	0.0	0.00018
-35.625	0.0	0.00018
-35.5	0.0	0.00018
-35.375	0.0	0.00018
-35.25	0.0	0.00018
-35.125	0.0	0.000181
-35.0	0.0	0.000181
-34.875	0.0	0.000181
-34.75	0.0	0.000181
-34.625	0.0	0.000181
-34.5	0.0	0.000181
-34.375	0.0	0.000181
-34.25	0.0	0.000181
-34.125	0.0	0.000181
-34.0	0.0	0.000181
-33.875	0.0	0.000181
-33.75	0.0	0.000181
-33.625	0.0	0.000181
-33.5	0.0	0.000181
-33.375	0.0	0.000181
-33.25	0.0	0.000181
-33.125	0.0	0.000181
-33.0	0.0	0.000181
-32.875	0.0	0.000182
-32.75	0.0	0.000182
-32.625	0.0	0.000182
-32.5	0.0	0.000182
-32.375	0.0	0.000182
-32.25	0.0	0.000182
-32.125	0.0	0.000182
-32.0	0.0	0.000182
-31.875	0.0	0.000182
-31.75	0.0	0.000182
-31.625	0.0	0.000182
-31.5	0.0	0.000182
-31.375	0.0	0.000182
-31.25	0.0	0.000182
-31.125	0.0	0.000182
-31.0	0.0	0.000182
-30.875	0.0	0.000182
-30.75	0.0	0.000182
-30.625	0.0	0.000183
-30.5	0.0	0.000183
-30.375	0.0	0.000183
-30.25	0.0	0.000183
-30.125	0.0	0.000183
-30.0	0.0	0.000183
-29.875	0.0	0.000183
-29.75	0.0	0.000183
-29.625	0.0	0.000183
-29.5	0.0	0.000183
-29.375	0.0	0.000183
-29.25	0.0	0.000183
-29.125	0.0	0.000183
-29.0	0.0	0.000183
-28.875	0.0	0.000183
-28.75	0.0	0.000183
-28.625	0.0	0.000183
-28.5	0.0	0.000183
-28.375	0.0	0.000184
-28.25	0.0	0.000184
-28.125	0.0	0.000184
-28.0	0.0	0.000184
-27.875	0.0	0.000184
-27.75	0.0	0.000184
-27.625	0.0	0.000184
-27.5	0.0	0.000184
-27.375	0.0	0.000184
-27.25	0.0	0.000184
-27.125	0.0	0.000184
-27.0	0.0	0.000184
-26.875	0.0	0.000184
-26.75	0.0	0.000184
-26.625	0.0	0.000184
-26.5	0.0	0.000184
-26.375	0.0	0.000184
-26.25	0.0	0.000184
-26.125	0.0	0.000184
-26.0	0.0	0.000185
-25.875	0.0	0.000185
-25.75	0.0	0.000185
-25.625	0.0	0.000185
-25.5	0.0	0.000185
-25.375	0.0	0.000185
-25.25	0.0	0.000185
-25.125	0.0	0.000185
-25.0	0.0	0.000185
-24.875	0.0	0.000185
-24.75	0.0	0.000185
-24.625	0.0	0.000185
-24.5	0.0	0.000185
-24.375	0.0	0.000185
-24.25	0.0	0.000185
-24.125	0.0	0.000185
-24.0	0.0	0.000185
-23.875	0.0	0.000185
-23.75	0.0	0.000185
-23.625	0.0	0.000185
-23.5	0.0	0.000186
-23.375	0.0	0.000186
-23.25	0.0	0.000186
-23.125	0.0	0.000186
-23.0	0.0	0.000186
-22.875	0.0	0.000186
-22.75	0.0	0.000186
-22.625	0.0	0.000186
-22.5	0.0	0.000186
-22.375	0.0	0.000186
-22.25	0.0	0.000186
-22.125	0.0	0.000186
-22.0	0.0	0.000186
-21.875	0.0	0.000186
-21.75	0.0	0.000186
-21.625	0.0	0.000186
-21.5	0.0	0.000186
-21.375	0.0	0.000186
-21.25	0.0	0.000186
-21.125	0.0	0.000186
-21.0	0.0	0.000187
-20.875	0.0	0.000187
-20.75	0.0	0.000187
-20.625	0.0	0.000187
-20.5	0.0	0.000187
-20.375	0.0	0.000187
-20.25	0.0	0.000187
-20.125	0.0	0.000187
-20.0	0.0	0.000187
-19.875	0.0	0.000187
-19.75	0.0	0.000187
-19.625	0.0	0.000187
-19.5	0.0	0.000187
-19.375	0.0	0.000187
-19.25	0.0	0.000187
-19.125	0.0	0.000187
-19.0	0.0	0.000187
-18.875	0.0	0.000187
-18.75	0.0	0.000187
-18.625	0.0	0.000187
-18.5	0.0	0.000188
-18.375	0.0	0.000188
-18.25	0.0	0.000188
-18.125	0.0	0.000188
-18.0	0.0	0.000188
-17.875	0.0	0.000188
-17.75	0.0	0.000188
-17.625	0.0	0.000188
-17.5	0.0	0.000188
-17.375	0.0	0.000188
-17.25	0.0	0.000188
-17.125	0.0	0.000188
-17.0	0.0	0.000188
-16.875	0.0	0.000188
-16.75	0.0	0.000188
-16.625	0.0	0.000188
-16.5	0.0	0.000188
-16.375	0.0	0.000188
-16.25	0.0	0.000188
-16.125	0.0	0.000188
-16.0	0.0	0.000188
-15.875	0.0	0.000189
-15.75	0.0	0.000189
-15.625	0.0	0.000189
-15.5	0.0	0.000189
-15.375	0.0	0.000189
-15.25	0.0	0.000189
-15.125	0.0	0.000189
-15.0	0.0	0.000189
-14.875	0.0	0.000189
-14.75	0.0	0.000189
-14.625	0.0	0.000189
-14.5	0.0	0.000189
-14.375	0.0	0.000189
-14.25	0.0	0.000189
-14.125	0.0	0.000189
-14.0	0.0	0.000189
-13.875	0.0	0.000189
-13.75	0.0	0.000189
-13.625	0.0	0.000189
-13.5	0.0	0.000189
-13.375	0.0	0.000189
-13.25	0.0	0.000189
-13.125	0.0	0.00019
-13.0	0.0	0.00019
-12.875	0.0	0.00019
-12.75	0.0	0.00019
-12.625	0.0	0.00019
-12.5	0.0	0.00019
-12.375	0.0	0.00019
-12.25	0.0	0.00019
-12.125	0.0	0.00019
-12.0	0.0	0.00019
-11.875	0.0	0.00019
-11.75	0.0	0.00019
-11.625	0.0	0.00019
-11.5	0.0	0.00019
-11.375	0.0	0.00019
-11.25	0.0	0.00019
-11.125	0.0	0.00019
-11.0	0.0	0.00019
-10.875	0.0	0.00019
-10.75	0.0	0.00019
-10.625	0.0	0.00019
-10.5	0.0	0.00019
-10.375	0.0	0.000191
-10.25	0.0	0.000191
-10.125	0.0	0.000191
-10.0	0.0	0.000191
-9.875	0.0	0.000191
-9.75	0.0	0.000191
-9.625	0.0	0.000191
-9.5	0.0	0.000191
-9.375	0.0	0.000191
-9.25	0.0	0.000191
-9.125	0.0	0.000191
-9.0	0.0	0.000191
-8.875	0.0	0.000191
-8.75	0.0	0.000191
-8.625	0.0	0.000191
-8.5	0.0	0.000191
-8.375	0.0	0.000191
-8.25	0.0	0.000191
-8.125	0.0	0.000191
-8.0	0.0	0.000191
-7.875	0.0	0.000191
-7.75	0.0	0.000191
-7.625	0.0	0.000192
-7.5	0.0	0.000192
-7.375	0.0	0.000192
-7.25	0.0	0.000192
-7.125	0.0	0.000192
-7.0	0.0	0.000192
-6.875	0.0	0.000192
-6.75	0.0	0.000192
-6.625	0.0	0.000192
-6.5	0.0	0.000192
-6.375	0.0	0.000192
-6.25	0.0	0.000192
-6.125	0.0	0.000192
-6.0	0.0	0.000192
-5.875	0.0	0.000192
-5.75	0.0	0.000192
-5.625	0.0	0.000192
-5.5	0.0	0.000192
-5.375	0.0	0.000192
-5.25	0.0	0.000192
-5.125	0.0	0.000192
-5.0	0.0	0.000192
-4.875	0.0	0.000192
-4.75	0.0	0.000192
-4.625	0.0	0.000193
-4.5	0.0	0.000193
-4.375	0.0	0.000193
-4.25	0.0	0.000193
-4.125	0.0	0.000193
-4.0	0.0	0.000193
-3.875	0.0	0.000193
-3.75	0.0	0.000193
-3.625	0.0	0.000193
-3.5	0.0	0.000193
-3.375	0.0	0.000193
-3.25	0.0	0.000193
-3.125	0.0	0.000193
-3.0	0.0	0.000193
-2.875	0.0	0.000193
-2.75	0.0	0.000193
-2.625	0.0	0.000193
-2.5	0.0	0.000193
-2.375	0.0	0.000193
-2.25	0.0	0.000193
-2.125	0.0	0.000193
-2.0	0.0	0.000193
-1.875	0.0	0.000193
-1.75	0.0	0.000194
-1.625	0.0	0.000194
-1.5	0.0	0.000194
-1.375	0.0	0.000194
-1.25	0.0	0.000194
-1.125	0.0	0.000194
-1.0	0.0	0.000194
-0.875	0.0	0.000194
-0.75	0.0	0.000194
-0.625	0.0	0.000194
-0.5	0.0	0.000194
-0.375	0.0	0.000194
-0.25	0.0	0.000194
-0.125	0.0	0.000194
0.0	0.0	0.000194
0.125	0.0	0.000194
0.25	0.0	0.000194
0.375	0.0	0.000194
0.5	0.0	0.000194
0.625	0.0	0.000194
0.75	0.0	0.000194
0.875	0.0	0.000194
1.0	0.0	0.000194
1.125	0.0	0.000194
1.25	0.0	0.000194
1.375	0.0	0.000195
1.5	0.0	0.000195
1.625	0.0	0.000195
1.75	0.0	0.000195
1.875	0.0	0.000195
2.0	0.0	0.000195
2.125	0.0	0.000195
2.25	0.0	0.000195
2.375	0.0	0.000195
2.5	0.0	0.000195
2.625	0.0	0.000195
2.75	0.0	0.000195
2.875	0.0	0.000195
3.0	0.0	0.000195
3.125	0.0	0.000195
3.25	0.0	0.000195
3.375	0.0	0.000195
3.5	0.0	0.000195
3.625	0.0	0.000195
3.75	0.0	0.000195
3.875	0.0	0.000195
4.0	0.0	0.000195
4.125	0.0	0.000195
4.25	0.0	0.000195
4.375	0.0	0.000195
4.5	0.0	0.000196
4.625	0.0	0.000196
4.75	0.0	0.000196
4.875	0.0	0.000196
5.0	0.0	0.000196
5.125	0.0	0.000196
5.25	0.0	0.000196
5.375	0.0	0.000196
5.5	0.0	0.000196
5.625	0.0	0.000196
5.75	0.0	0.000196
5.875	0.0	0.000196
6.0	0.0	0.000196
6.125	0.0	0.000196
6.25	0.0	0.000196
6.375	0.0	0.000196
6.5	0.0	0.000196
6.625	0.0	0.000196
6.75	0.0	0.000196
6.875	0.0	0.000196
7.0	0.0	0.000196
7.125	0.0	0.000196
7.25	0.0	0.000196
7.375	0.0	0.000196
7.5	0.0	0.000196
7.625	0.0	0.000197
7.75	0.0	0.000197
7.875	0.0	0.000197
8.0	0.0	0.000197
8.125	0.0	0.000197
8.25	0.0	0.000197
8.375	0.0	0.000197
8.5	0.0	0.000197
8.625	0.0	0.000197
8.75	0.0	0.000197
8.875	0.0	0.000197
9.0	0.0	0.000197
9.125	0.0	0.000197
9.25	0.0	0.000197
9.375	0.0	0.000197
9.5	0.0	0.000197
9.625	0.0	0.000197
9.75	0.0	0.000197
9.875	0.0	0.000197
10.0	0.0	0.000197
10.125	0.0	0.000197
10.25	0.0	0.000197
10.375	0.0	0.000197
10.5	0.0	0.000197
10.625	0.0	0.000197
10.75	0.0	0.000197
10.875	0.0	0.000198
11.0	0.0	0.000198
11.125	0.0	0.000198
11.25	0.0	0.000198
11.375	0.0	0.000198
11.5	0.0	0.000198
11.625	0.0	0.000198
11.75	0.0	0.000198
11.875	0.0	0.000198
12.0	0.0	0.000198
12.125	0.0	0.000198
12.25	0.0	0.000198
12.375	0.0	0.000198
12.5	0.0	0.000198
12.625	0.0	0.000198
12.75	0.0	0.000198
12.875	0.0	0.000198
13.0	0.0	0.000198
13.125	0.0	0.000198
13.25	0.0	0.000198
13.375	0.0	0.000198
13.5	0.0	0.000198
13.625	0.0	0.000198
13.75	0.0	0.000198
13.875	0.0	0.000198
14.0	0.0	0.000198
14.125	0.0	0.000198
14.25	0.0	0.000199
14.375	0.0	0.000199
14.5	0.0	0.000199
14.625	0.0	0.000199
14.75	0.0	0.000199
14.875	0.0	0.000199
15.0	0.0	0.000199
15.125	0.0	0.000199
15.25	0.0	0.000199
15.375	0.0	0.000199
15.5	0.0	0.000199
15.625	0.0	0.000199
15.75	0.0	0.000199
15.875	0.0	0.000199
16.0	0.0	0.000199
16.125	0.0	0.000199
16.25	0.0	0.000199
16.375	0.0	0.000199
16.5	0.0	0.000199
16.625	0.0	0.000199
16.75	0.0	0.000199
16.875	0.0	0.000199
17.0	0.0	0.000199
17.125	0.0	0.000199
17.25	0.0	0.000199
17.375	0.0	0.000199
17.5	0.0	0.000199
17.625	0.0	0.0002
17.75	0.0	0.0002
17.875	0.0	0.0002
18.0	0.0	0.0002
18.125	0.0	0.0002
18.25	0.0	0.0002
18.375	0.0	0.0002
18.5	0.0	0.0002
18.625	0.0	0.0002
18.75	0.0	0.0002
18.875	0.0	0.0002
19.0	0.0	0.0002
19.125	0.0	0.0002
19.25	0.0	0.0002
19.375	0.0	0.0002
19.5	0.0	0.0002
19.625	0.0	0.0002
19.75	0.0	0.0002
19.875	0.0	0.0002
20.0	0.0	0.0002
20.125	0.0	0.0002
20.25	0.0	0.0002
20.375	0.0	0.0002
20.5	0.0	0.0002
20.625	0.0	0.0002
20.75	0.0	0.0002
20.875	0.0	0.0002
21.0	0.0	0.0002
21.125	0.0	0.000201
21.25	0.0	0.000201
21.375	0.0	0.000201
21.5	0.0	0.000201
21.625	0.0	0.000201
21.75	0.0	0.000201
21.875	0.0	0.000201
22.0	0.0	0.000201
22.125	0.0	0.000201
22.25	0.0	0.000201
22.375	0.0	0.000201
22.5	0.0	0.000201
22.625	0.0	0.000201
22.75	0.0	0.000201
22.875	0.0	0.000201
23.0	0.0	0.000201
23.125	0.0	0.000201
23.25	0.0	0.000201
23.375	0.0	0.000201
23.5	0.0	0.000201
23.625	0.0	0.000201
23.75	0.0	0.000201
23.875	0.0	0.000201
24.0	0.0	0.000201
24.125	0.0	0.000201
24.25	0.0	0.000201
24.375	0.0	0.000201
24.5	0.0	0.000201
24.625	0.0	0.000201
24.75	0.0	0.000202
24.875	0.0	0.000202
25.0	0.0	0.000202
25.125	0.0	0.000202
25.25	0.0	0.000202
25.375	0.0	0.000202
25.5	0.0	0.000202
25.625	0.0	0.000202
25.75	0.0	0.000202
25.875	0.0	0.000202
26.0	0.0	0.000202
26.125	0.0	0.000202
26.25	0.0	0.000202
26.375	0.0	0.000202
26.5	0.0	0.000202
26.625	0.0	0.000202
26.75	0.0	0.000202
26.875	0.0	0.000202
27.0	0.0	0.000202
27.125	0.0	0.000202
27.25	0.0	0.000202
27.375	0.0	0.000202
27.5	0.0	0.000202
27.625	0.0	0.000202
27.75	0.0	0.000202
27.875	0.0	0.000202
28.0	0.0	0.000202
28.125	0.0	0.000202
28.25	0.0	0.000202
28.375	0.0	0.000203
28.5	0.0	0.000203
28.625	0.0	0.000203
28.75	0.0	0.000203
28.875	0.0	0.000203
29.0	0.0	0.000203
29.125	0.0	0.000203
29.25	0.0	0.000203
29.375	0.0	0.000203
29.5	0.0	0.000203
29.625	0.0	0.000203
29.75	0.0	0.000203
29.875	0.0	0.000203
30.0	0.0	0.000203
30.125	0.0	0.000203
30.25	0.0	0.000203
30.375	0.0	0.000203
30.5	0.0	0.000203
30.625	0.0	0.000203
30.75	0.0	0.000203
30.875	0.0	0.000203
31.0	0.0	0.000203
31.125	0.0	0.000203
31.25	0.0	0.000203
31.375	0.0	0.000203
31.5	0.0	0.000203
31.625	0.0	0.000203
31.75	0.0	0.000203
31.875	0.0	0.000203
32.0	0.0	0.000204
32.125	0.0	0.000204
32.25	0.0	0.000204
32.375	0.0	0.000204
32.5	0.0	0.000204
32.625	0.0	0.000204
32.75	0.0	0.000204
32.875	0.0	0.000204
33.0	0.0	0.000204
33.125	0.0	0.000204
33.25	0.0	0.000204
33.375	0.0	0.000204
33.5	0.0	0.000204
33.625	0.0	0.000204
33.75	0.0	0.000204
33.875	0.0	0.000204
34.0	0.0	0.000204
34.125	0.0	0.000204
34.25	0.0	0.000204
34.375	0.0	0.000204
34.5	0.0	0.000204
34.625	0.0	0.000204
34.75	0.0	0.000204
34.875	0.0	0.000204
35.0	0.0	0.000204
35.125	0.0	0.000204
35.25	0.0	0.000204
35.375	0.0	0.000204
35.5	0.0	0.000204
35.625	0.0	0.000204
35.75	0.0	0.000205
35.875	0.0	0.000205
36.0	0.0	0.000205
36.125	0.0	0.000205
36.25	0.0	0.000205
36.375	0.0	0.000205
36.5	0.0	0.000205
36.625	0.0	0.000205
36.75	0.0	0.000205
36.875	0.0	0.000205
37.0	0.0	0.000205
37.125	0.0	0.000205
37.25	0.0	0.000205
37.375	0.0	0.000205
37.5	0.0	0.000205
37.625	0.0	0.000205
37.75	0.0	0.000205
37.875	0.0	0.000205
38.0	0.0	0.000205
38.125	0.0	0.000205
38.25	0.0	0.000205
38.375	0.0	0.000205
38.5	0.0	0.000205
38.625	0.0	0.000205
38.75	0.0	0.000205
38.875	0.0	0.000205
39.0	0.0	0.000205
39.125	0.0	0.000205
39.25	0.0	0.000205
39.375	0.0	0.000205
39.5	0.0	0.000205
39.625	0.0	0.000206
39.75	0.0	0.000206
39.875	0.0	0.000206
40.0	0.0	0.000206
40.125	0.0	0.000206
40.25	0.0	0.000206
40.375	0.0	0.000206
40.5	0.0	0.000206
40.625	0.0	0.000206
40.75	0.0	0.000206
40.875	0.0	0.000206
41.0	0.0	0.000206
41.125	0.0	0.000206
41.25	0.0	0.000206
41.375	0.0	0.000206
41.5	0.0	0.000206
41.625	0.0	0.000206
41.75	0.0	0.000206
41.875	0.0	0.000206
42.0	0.0	0.000206
42.125	0.0	0.000206
42.25	0.0	0.000206
42.375	0.0	0.000206
42.5	0.0	0.000206
42.625	0.0	0.000206
42.75	0.0	0.000206
42.875	0.0	0.000206
43.0	0.0	0.000206
43.125	0.0	0.000206
43.25	0.0	0.000206
43.375	0.0	0.000206
43.5	0.0	0.000207
43.625	0.0	0.000207
43.75	0.0	0.000207
43.875	0.0	0.000207
44.0	0.0	0.000207
44.125	0.0	0.000207
44.25	0.0	0.000207
44.375	0.0	0.000207
44.5	0.0	0.000207
44.625	0.0	0.000207
44.75	0.0	0.000207
44.875	0.0	0.000207
45.0	0.0	0.000207
45.125	0.0	0.000207
45.25	0.0	0.000207
45.375	0.0	0.000207
45.5	0.0	0.000207
45.625	0.0	0.000207
45.75	0.0	0.000207
45.875	0.0	0.000207
46.0	0.0	0.000207
46.125	0.0	0.000207
46.25	0.0	0.000207
46.375	0.0	0.000207
46.5	0.0	0.000207
46.625	0.0	0.000207
46.75	0.0	0.000207
46.875	0.0	0.000207
47.0	0.0	0.000207
47.125	0.0	0.000207
47.25	0.0	0.000207
47.375	0.0	0.000208
47.5	0.0	0.000208
47.625	0.0	0.000208
47.75	0.0	0.000208
47.875	0.0	0.000208
48.0	0.0	0.000208
48.125	0.0	0.000208
48.25	0.0	0.000208
48.375	0.0	0.000208
48.5	0.0	0.000208
48.625	0.0	0.000208
48.75	0.0	0.000208
48.875	0.0	0.000208
49.0	0.0	0.000208
49.125	0.0	0.000208
49.25	0.0	0.000208
49.375	0.0	0.000208
49.5	0.0	0.000208
49.625	0.0	0.000208
49.75	0.0	0.000208
49.875	0.0	0.000208
50.0	0.0	0.000208
50.125	0.0	0.000208
50.25	0.0	0.000208
50.375	0.0	0.000208
50.5	0.0	0.000208
50.625	0.0	0.000208
50.75	0.0	0.000208
50.875	0.0	0.000208
51.0	0.0	0.000208
51.125	0.0	0.000208
51.25	0.0	0.000208
51.375	0.0	0.000209
51.5	0.0	0.000209
51.625	0.0	0.000209
51.75	0.0	0.000209
51.875	0.0	0.000209
52.0	0.0	0.000209
52.125	0.0	0.000209
52.25	0.0	0.000209
52.375	0.0	0.000209
52.5	0.0	0.000209
52.625	0.0	0.000209
52.75	0.0	0.000209
52.875	0.0	0.000209
53.0	0.0	0.000209
53.125	0.0	0.000209
53.25	0.0	0.000209
53.375	0.0	0.000209
53.5	0.0	0.000209
53.625	0.0	0.000209
53.75	0.0	0.000209
53.875	0.0	0.000209
54.0	0.0	0.000209
54.125	0.0	0.000209
54.25	0.0	0.000209
54.375	0.0	0.000209
54.5	0.0	0.000209
54.625	0.0	0.000209
54.75	0.0	0.000209
54.875	0.0	0.000209
55.0	0.0	0.000209
55.125	0.0	0.000209
55.25	0.0	0.000209
55.375	0.0	0.000209
55.5	0.0	0.00021
55.625	0.0	0.00021
55.75	0.0	0.00021
55.875	0.0	0.00021
56.0	0.0	0.00021
56.125	0.0	0.00021
56.25	0.0	0.00021
56.375	0.0	0.00021
56.5	0.0	0.00021
56.625	0.0	0.00021
56.75	0.0	0.00021
56.875	0.0	0.00021
57.0	0.0	0.00021
57.125	0.0	0.00021
57.25	0.0	0.00021
57.375	0.0	0.00021
57.5	0.0	0.00021
57.625	0.0	0.00021
57.75	0.0	0.00021
57.875	0.0	0.00021
58.0	0.0	0.00021
58.125	0.0	0.00021
58.25	0.0	0.00021
58.375	0.0	0.00021
58.5	0.0	0.00021
58.625	0.0	0.00021
58.75	0.0	0.00021
58.875	0.0	0.00021
59.0	0.0	0.00021
59.125	0.0	0.00021
59.25	0.0	0.00021
59.375	0.0	0.00021
59.5	0.0	0.00021
59.625	0.0	0.000211
59.75	0.0	0.000211
59.875	0.0	0.000211
60.0	0.0	0.000211
60.125	0.0	0.000211
60.25	0.0	0.000211
60.375	0.0	0.000211
60.5	0.0	0.000211
60.625	0.0	0.000211
60.75	0.0	0.000211
60.875	0.0	0.000211
61.0	0.0	0.000211
61.125	0.0	0.000211
61.25	0.0	0.000211
61.375	0.0	0.000211
61.5	0.0	0.000211
61.625	0.0	0.000211
61.75	0.0	0.000211
61.875	0.0	0.000211
62.0	0.0	0.000211
62.125	0.0	0.000211
62.25	0.0	0.000211
62.375	0.0	0.000211
62.5	0.0	0.000211
62.625	0.0	0.000211
62.75	0.0	0.000211
62.875	0.0	0.000211
63.0	0.0	0.000211
63.125	0.0	0.000211
63.25	0.0	0.000211
63.375	0.0	0.000211
63.5	0.0	0.000211
63.625	0.0	0.000211
63.75	0.0	0.000212
63.875	0.0	0.000212
64.0	0.0	0.000212
64.125	0.0	0.000212
64.25	0.0	0.000212
64.375	0.0	0.000212
64.5	0.0	0.000212
64.625	0.0	0.000212
64.75	0.0	0.000212
64.875	0.0	0.000212
65.0	0.0	0.000212
65.125	0.0	0.000212
65.25	0.0	0.000212
65.375	0.0	0.000212
65.5	0.0	0.000212
65.625	0.0	0.000212
65.75	0.0	0.000212
65.875	0.0	0.000212
66.0	0.0	0.000212
66.125	0.0	0.000212
66.25	0.0	0.000212
66.375	0.0	0.000212
66.5	0.0	0.000212
66.625	0.0	0.000212
66.75	0.0	0.000212
66.875	0.0	0.000212
67.0	0.0	0.000212
67.125	0.0	0.000212
67.25	0.0	0.000212
67.375	0.0	0.000212
67.5	0.0	0.000212
67.625	0.0	0.000212
67.75	0.0	0.000212
67.875	0.0	0.000213
68.0	0.0	0.000213
68.125	0.0	0.000213
68.25	0.0	0.000213
68.375	0.0	0.000213
68.5	0.0	0.000213
68.625	0.0	0.000213
68.75	0.0	0.000213
68.875	0.0	0.000213
69.0	0.0	0.000213
69.125	0.0	0.000213
69.25	0.0	0.000213
69.375	0.0	0.000213
69.5	0.0	0.000213
69.625	0.0	0.000213
69.75	0.0	0.000213
69.875	0.0	0.000213
70.0	0.0	0.000213
70.125	0.0	0.000213
70.25	0.0	0.000213
70.375	0.0	0.000213
70.5	0.0	0.000213
70.625	0.0	0.000213
70.75	0.0	0.000213
70.875	0.0	0.000213
71.0	0.0	0.000213
71.125	0.0	0.000213
71.25	0.0	0.000213
71.375	0.0	0.000213
71.5	0.0	0.000213
71.625	0.0	0.000213
71.75	0.0	0.000213
71.875	0.0	0.000213
72.0	0.0	0.000213
72.125	0.0	0.000214
72.25	0.0	0.000214
72.375	0.0	0.000214
72.5	0.0	0.000214
72.625	0.0	0.000214
72.75	0.0	0.000214
72.875	0.0	0.000214
73.0	0.0	0.000214
73.125	0.0	0.000214
73.25	0.0	0.000214
73.375	0.0	0.000214
73.5	0.0	0.000214
73.625	0.0	0.000214
73.75	0.0	0.000214
73.875	0.0	0.000214
74.0	0.0	0.000214
74.125	0.0	0.000214
74.25	0.0	0.000214
74.375	0.0	0.000214
74.5	0.0	0.000214
74.625	0.0	0.000214
74.75	0.0	0.000214
74.875	0.0	0.000214
75.0	0.0	0.000214
75.125	0.0	0.000214
75.25	0.0	0.000214
75.375	0.0	0.000214
75.5	0.0	0.000214
75.625	0.0	0.000214
75.75	0.0	0.000214
75.875	0.0	0.000214
76.0	0.0	0.000214
76.125	0.0	0.000214
76.25	0.0	0.000214
76.375	0.0	0.000215
76.5	0.0	0.000215
76.625	0.0	0.000215
76.75	0.0	0.000215
76.875	0.0	0.000215
77.0	0.0	0.000215
77.125	0.0	0.000215
77.25	0.0	0.000215
77.375	0.0	0.000215
77.5	0.0	0.000215
77.625	0.0	0.000215
77.75	0.0	0.000215
77.875	0.0	0.000215
78.0	0.0	0.000215
78.125	0.0	0.000215
78.25	0.0	0.000215
78.375	0.0	0.000215
78.5	0.0	0.000215
78.625	0.0	0.000215
78.75	0.0	0.000215
78.875	0.0	0.000215
79.0	0.0	0.000215
79.125	0.0	0.000215
79.25	0.0	0.000215
79.375	0.0	0.000215
79.5	0.0	0.000215
79.625	0.0	0.000215
79.75	0.0	0.000215
79.875	0.0	0.000215
80.0	0.0	0.000215
80.125	0.0	0.000215
80.25	0.0	0.000215
80.375	0.0	0.000215
80.5	0.0	0.000215
80.625	0.0	0.000216
80.75	0.0	0.000216
80.875	0.0	0.000216
81.0	0.0	0.000216
81.125	0.0	0.000216
81.25	0.0	0.000216
81.375	0.0	0.000216
81.5	0.0	0.000216
81.625	0.0	0.000216
81.75	0.0	0.000216
81.875	0.0	0.000216
82.0	0.0	0.000216
82.125	0.0	0.000216
82.25	0.0	0.000216
82.375	0.0	0.000216
82.5	0.0	0.000216
82.625	0.0	0.000216
82.75	0.0	0.000216
82.875	0.0	0.000216
83.0	0.0	0.000216
83.125	0.0	0.000216
83.25	0.0	0.000216
83.375	0.0	0.000216
83.5	0.0	0.000216
83.625	0.0	0.000216
83.75	0.0	0.000216
83.875	0.0	0.000216
84.0	0.0	0.000216
84.125	0.0	0.000216
84.25	0.0	0.000216
84.375	0.0	0.000216
84.5	0.0	0.000216
84.625	0.0	0.000216
84.75	0.0	0.000216
84.875	0.0	0.000217
85.0	0.0	0.000217
85.125	0.0	0.000217
85.25	0.0	0.000217
85.375	0.0	0.000217
85.5	0.0	0.000217
85.625	0.0	0.000217
85.75	0.0	0.000217
85.875	0.0	0.000217
86.0	0.0	0.000217
86.125	0.0	0.000217
86.25	0.0	0.000217
86.375	0.0	0.000217
86.5	0.0	0.000217
86.625	0.0	0.000217
86.75	0.0	0.000217
86.875	0.0	0.000217
87.0	0.0	0.000217
87.125	0.0	0.000217
87.25	0.0	0.000217
87.375	0.0	0.000217
87.5	0.0	0.000217
87.625	0.0	0.000217
87.75	0.0	0.000217
87.875	0.0	0.000217
88.0	0.0	0.000217
88.125	0.0	0.000217
88.25	0.0	0.000217
88.375	0.0	0.000217
88.5	0.0	0.000217
88.625	0.0	0.000217
88.75	0.0	0.000217
88.875	0.0	0.000217
89.0	0.0	0.000217
89.125	0.0	0.000218
89.25	0.0	0.000218
89.375	0.0	0.000218
89.5	0.0	0.000218
89.625	0.0	0.000218
89.75	0.0	0.000218
89.875	0.0	0.000218
90.0	0.0	0.000218
90.125	0.0	0.000218
90.25	0.0	0.000218
90.375	0.0	0.000218
90.5	0.0	0.000218
90.625	0.0	0.000218
90.75	0.0	0.000218
90.875	0.0	0.000218
91.0	0.0	0.000218
91.125	0.0	0.000218
91.25	0.0	0.000218
91.375	0.0	0.000218
91.5	0.0	0.000218
91.625	0.0	0.000218
91.75	0.0	0.000218
91.875	0.0	0.000218
92.0	0.0	0.000218
92.125	0.0	0.000218
92.25	0.0	0.000218
92.375	0.0	0.000218
92.5	0.0	0.000218
92.625	0.0	0.000218
92.75	0.0	0.000218
92.875	0.0	0.000218
93.0	0.0	0.000218
93.125	0.0	0.000218
93.25	0.0	0.000218
93.375	0.0	0.000218
93.5	0.0	0.000219
93.625	0.0	0.000219
93.75	0.0	0.000219
93.875	0.0	0.000219
94.0	0.0	0.000219
94.125	0.0	0.000219
94.25	0.0	0.000219
94.375	0.0	0.000219
94.5	0.0	0.000219
94.625	0.0	0.000219
94.75	0.0	0.000219
94.875	0.0	0.000219
95.0	0.0	0.000219
95.125	0.0	0.000219
95.25	0.0	0.000219
95.375	0.0	0.000219
95.5	0.0	0.000219
95.625	0.0	0.000219
95.75	0.0	0.000219
95.875	0.0	0.000219
96.0	0.0	0.000219
96.125	0.0	0.000219
96.25	0.0	0.000219
96.375	0.0	0.000219
96.5	0.0	0.000219
96.625	0.0	0.000219
96.75	0.0	0.000219
96.875	0.0	0.000219
97.0	0.0	0.000219
97.125	0.0	0.000219
97.25	0.0	0.000219
97.375	0.0	0.000219
97.5	0.0	0.000219
97.625	0.0	0.000219
97.75	0.0	0.00022
97.875	0.0	0.00022
98.0	0.0	0.00022
98.125	0.0	0.00022
98.25	0.0	0.00022
98.375	0.0	0.00022
98.5	0.0	0.00022
98.625	0.0	0.00022
98.75	0.0	0.00022
98.875	0.0	0.00022
99.0	0.0	0.00022
99.125	0.0	0.00022
99.25	0.0	0.00022
99.375	0.0	0.00022
99.5	0.0	0.00022
99.625	0.0	0.00022
99.75	0.0	0.00022
99.875	0.0	0.00022
100.0	0.0	0.00022
100.125	0.0	0.00022
100.25	0.0	0.00022
100.375	0.0	0.00022
100.5	0.0	0.00022
100.625	0.0	0.00022
100.75	0.0	0.00022
100.875	0.0	0.00022
101.0	0.0	0.00022
101.125	0.0	0.00022
101.25	0.0	0.00022
101.375	0.0	0.00022
101.5	0.0	0.00022
101.625	0.0	0.00022
101.75	0.0	0.00022
101.875	0.0	0.00022
102.0	0.0	0.00022
102.125	0.0	0.000221
102.25	0.0	0.000221
102.375	0.0	0.000221
102.5	0.0	0.000221
102.625	0.0	0.000221
102.75	0.0	0.000221
102.875	0.0	0.000221
103.0	0.0	0.000221
103.125	0.0	0.000221
103.25	0.0	0.000221
103.375	0.0	0.000221
103.5	0.0	0.000221
103.625	0.0	0.000221
103.75	0.0	0.000221
103.875	0.0	0.000221
104.0	0.0	0.000221
104.125	0.0	0.000221
104.25	0.0	0.000221
104.375	0.0	0.000221
104.5	0.0	0.000221
104.625	0.0	0.000221
104.75	0.0	0.000221
104.875	0.0	0.000221
105.0	0.0	0.000221
105.125	0.0	0.000221
105.25	0.0	0.000221
105.375	0.0	0.000221
105.5	0.0	0.000221
105.625	0.0	0.000221
105.75	0.0	0.000221
105.875	0.0	0.000221
106.0	0.0	0.000221
106.125	0.0	0.000221
106.25	0.0	0.000221
106.375	0.0	0.000222
106.5	0.0	0.000222
106.625	0.0	0.000222
106.75	0.0	0.000222
106.875	0.0	0.000222
107.0	0.0	0.000222
107.125	0.0	0.000222
107.25	0.0	0.000222
107.375	0.0	0.000222
107.5	0.0	0.000222
107.625	0.0	0.000222
107.75	0.0	0.000222
107.875	0.0	0.000222
108.0	0.0	0.000222
108.125	0.0	0.000222
108.25	0.0	0.000222
108.375	0.0	0.000222
108.5	0.0	0.000222
108.625	0.0	0.000222
108.75	0.0	0.000222
108.875	0.0	0.000222
109.0	0.0	0.000222
109.125	0.0	0.000222
109.25	0.0	0.000222
109.375	0.0	0.000222
109.5	0.0	0.000222
109.625	0.0	0.000222
109.75	0.0	0.000222
109.875	0.0	0.000222
110.0	0.0	0.000222
110.125	0.0	0.000222
110.25	0.0	0.000222
110.375	0.0	0.000222
110.5	0.0	0.000222
110.625	0.0	0.000223
110.75	0.0	0.000223
110.875	0.0	0.000223
111.0	0.0	0.000223
111.125	0.0	0.000223
111.25	0.0	0.000223
111.375	0.0	0.000223
111.5	0.0	0.000223
111.625	0.0	0.000223
111.75	0.0	0.000223
111.875	0.0	0.000223
112.0	0.0	0.000223
112.125	0.0	0.000223
112.25	0.0	0.000223
112.375	0.0	0.000223
112.5	0.0	0.000223
112.625	0.0	0.000223
112.75	0.0	0.000223
112.875	0.0	0.000223
113.0	0.0	0.000223
113.125	0.0	0.000223
113.25	0.0	0.000223
113.375	0.0	0.000223
113.5	0.0	0.000223
113.625	0.0	0.000223
113.75	0.0	0.000223
113.875	0.0	0.000223
114.0	0.0	0.000223
114.125	0.0	0.000223
114.25	0.0	0.000223
114.375	0.0	0.000223
114.5	0.0	0.000223
114.625	0.0	0.000223
114.75	0.0	0.000223
114.875	0.0	0.000224
115.0	0.0	0.000224
115.125	0.0	0.000224
115.25	0.0	0.000224
115.375	0.0	0.000224
115.5	0.0	0.000224
115.625	0.0	0.000224
115.75	0.0	0.000224
115.875	0.0	0.000224
116.0	0.0	0.000224
116.125	0.0	0.000224
116.25	0.0	0.000224
116.375	0.0	0.000224
116.5	0.0	0.000224
116.625	0.0	0.000224
116.75	0.0	0.000224
116.875	0.0	0.000224
117.0	0.0	0.000224
117.125	0.0	0.000224
117.25	0.0	0.000224
117.375	0.0	0.000224
117.5	0.0	0.000224
117.625	0.0	0.000224
117.75	0.0	0.000224
117.875	0.0	0.000224
118.0	0.0	0.000224
118.125	0.0	0.000224
118.25	0.0	0.000224
118.375	0.0	0.000224
118.5	0.0	0.000224
118.625	0.0	0.000224
118.75	0.0	0.000224
118.875	0.0	0.000224
119.0	0.0	0.000224
119.125	0.0	0.000225
119.25	0.0	0.000225
119.375	0.0	0.000225
119.5	0.0	0.000225
119.625	0.0	0.000225
119.75	0.0	0.000225
119.875	0.0	0.000225
120.0	0.0	0.000225
120.125	0.0	0.000225
120.25	0.0	0.000225
120.375	0.0	0.000225
120.5	0.0	0.000225
120.625	0.0	0.000225
120.75	0.0	0.000225
120.875	0.0	0.000225
121.0	0.0	0.000225
121.125	0.0	0.000225
121.25	0.0	0.000225
121.375	0.0	0.000225
121.5	0.0	0.000225
121.625	0.0	0.000225
121.75	0.0	0.000225
121.875	0.0	0.000225
122.0	0.0	0.000225
122.125	0.0	0.000225
122.25	0.0	0.000225
122.375	0.0	0.000225
122.5	0.0	0.000225
122.625	0.0	0.000225
122.75	0.0	0.000225
122.875	0.0	0.000225
123.0	0.0	0.000225
123.125	0.0	0.000225
123.25	0.0	0.000226
123.375	0.0	0.000226
123.5	0.0	0.000226
123.625	0.0	0.000226
123.75	0.0	0.000226
123.875	0.0	0.000226
124.0	0.0	0.000226
124.125	0.0	0.000226
124.25	0.0	0.000226
124.375	0.0	0.000226
124.5	0.0	0.000226
124.625	0.0	0.000226
124.75	0.0	0.000226
124.875	0.0	0.000226
125.0	0.0	0.000226
125.125	0.0	0.000226
125.25	0.0	0.000226
125.375	0.0	0.000226
125.5	0.0	0.000226
125.625	0.0	0.000226
125.75	0.0	0.000226
125.875	0.0	0.000226
126.0	0.0	0.000226
126.125	0.0	0.000226
126.25	0.0	0.000226
126.375	0.0	0.000226
126.5	0.0	0.000226
126.625	0.0	0.000226
126.75	0.0	0.000226
126.875	0.0	0.000226
127.0	0.0	0.000226
127.125	0.0	0.000226
127.25	0.0	0.000226
127.375	0.0	0.000227
127.5	0.0	0.000227
127.625	0.0	0.000227
127.75	0.0	0.000227
127.875	0.0	0.000227
128.0	0.0	0.000227
128.125	0.0	0.000227
128.25	0.0	0.000227
128.375	0.0	0.000227
128.5	0.0	0.000227
128.625	0.0	0.000227
128.75	0.0	0.000227
128.875	0.0	0.000227
129.0	0.0	0.000227
129.125	0.0	0.000227
129.25	0.0	0.000227
129.375	0.0	0.000227
129.5	0.0	0.000227
129.625	0.0	0.000227
129.75	0.0	0.000227
129.875	0.0	0.000227
130.0	0.0	0.000227
130.125	0.0	0.000227
130.25	0.0	0.000227
130.375	0.0	0.000227
130.5	0.0	0.000227
130.625	0.0	0.000227
130.75	0.0	0.000227
130.875	0.0	0.000227
131.0	0.0	0.000227
131.125	0.0	0.000227
131.25	0.0	0.000227
131.375	0.0	0.000227
131.5	0.0	0.000228
131.625	0.0	0.000228
131.75	0.0	0.000228
131.875	0.0	0.000228
132.0	0.0	0.000228
132.125	0.0	0.000228
132.25	0.0	0.000228
132.375	0.0	0.000228
132.5	0.0	0.000228
132.625	0.0	0.000228
132.75	0.0	0.000228
132.875	0.0	0.000228
133.0	0.0	0.000228
133.125	0.0	0.000228
133.25	0.0	0.000228
133.375	0.0	0.000228
133.5	0.0	0.000228
133.625	0.0	0.000228
133.75	0.0	0.000228
133.875	0.0	0.000228
134.0	0.0	0.000228
134.125	0.0	0.000228
134.25	0.0	0.000228
134.375	0.0	0.000228
134.5	0.0	0.000228
134.625	0.0	0.000228
134.75	0.0	0.000228
134.875	0.0	0.000228
135.0	0.0	0.000228
135.125	0.0	0.000228
135.25	0.0	0.000228
135.375	0.0	0.000228
135.5	0.0	0.000228
135.625	0.0	0.000229
135.75	0.0	0.000229
135.875	0.0	0.000229
136.0	0.0	0.000229
136.125	0.0	0.000229
136.25	0.0	0.000229
136.375	0.0	0.000229
136.5	0.0	0.000229
136.625	0.0	0.000229
136.75	0.0	0.000229
136.875	0.0	0.000229
137.0	0.0	0.000229
137.125	0.0	0.000229
137.25	0.0	0.000229
137.375	0.0	0.000229
137.5	0.0	0.000229
137.625	0.0	0.000229
137.75	0.0	0.000229
137.875	0.0	0.000229
138.0	0.0	0.000229
138.125	0.0	0.000229
138.25	0.0	0.000229
138.375	0.0	0.000229
138.5	0.0	0.000229
138.625	0.0	0.000229
138.75	0.0	0.000229
138.875	0.0	0.000229
139.0	0.0	0.000229
139.125	0.0	0.000229
139.25	0.0	0.000229
139.375	0.0	0.000229
139.5	0.0	0.000229
139.625	0.0	0.00023
139.75	0.0	0.00023
139.875	0.0	0.00023
140.0	0.0	0.00023
140.125	0.0	0.00023
140.25	0.0	0.00023
140.375	0.0	0.00023
140.5	0.0	0.00023
140.625	0.0	0.00023
140.75	0.0	0.00023
140.875	0.0	0.00023
141.0	0.0	0.00023
141.125	0.0	0.00023
141.25	0.0	0.00023
141.375	0.0	0.00023
141.5	0.0	0.00023
141.625	0.0	0.00023
141.75	0.0	0.00023
141.875	0.0	0.00023
142.0	0.0	0.00023
142.125	0.0	0.00023
142.25	0.0	0.00023
142.375	0.0	0.00023
142.5	0.0	0.00023
142.625	0.0	0.00023
142.75	0.0	0.00023
142.875	0.0	0.00023
143.0	0.0	0.00023
143.125	0.0	0.00023
143.25	0.0	0.00023
143.375	0.0	0.00023
143.5	0.0	0.000231
143.625	0.0	0.000231
143.75	0.0	0.000231
143.875	0.0	0.000231
144.0	0.0	0.000231
144.125	0.0	0.000231
144.25	0.0	0.000231
144.375	0.0	0.000231
144.5	0.0	0.000231
144.625	0.0	0.000231
144.75	0.0	0.000231
144.875	0.0	0.000231
145.0	0.0	0.000231
145.125	0.0	0.000231
145.25	0.0	0.000231
145.375	0.0	0.000231
145.5	0.0	0.000231
145.625	0.0	0.000231
145.75	0.0	0.000231
145.875	0.0	0.000231
146.0	0.0	0.000231
146.125	0.0	0.000231
146.25	0.0	0.000231
146.375	0.0	0.000231
146.5	0.0	0.000231
146.625	0.0	0.000231
146.75	0.0	0.000231
146.875	0.0	0.000231
147.0	0.0	0.000231
147.125	0.0	0.000231
147.25	0.0	0.000231
147.375	0.0	0.000232
147.5	0.0	0.000232
147.625	0.0	0.000232
147.75	0.0	0.000232
147.875	0.0	0.000232
148.0	0.0	0.000232
148.125	0.0	0.000232
148.25	0.0	0.000232
148.375	0.0	0.000232
148.5	0.0	0.000232
148.625	0.0	0.000232
148.75	0.0	0.000232
148.875	0.0	0.000232
149.0	0.0	0.000232
149.125	0.0	0.000232
149.25	0.0	0.000232
149.375	0.0	0.000232
149.5	0.0	0.000232
149.625	0.0	0.000232
149.75	0.0	0.000232
149.875	0.0	0.000232
150.0	0.0	0.000232
150.125	0.0	0.000232
150.25	0.0	0.000232
150.375	0.0	0.000232
150.5	0.0	0.000232
150.625	0.0	0.000232
150.75	0.0	0.000232
150.875	0.0	0.000232
151.0	0.0	0.000232
151.125	0.0	0.000232
151.25	0.0	0.000233
151.375	0.0	0.000233
151.5	0.0	0.000233
151.625	0.0	0.000233
151.75	0.0	0.000233
151.875	0.0	0.000233
152.0	0.0	0.000233
152.125	0.0	0.000233
152.25	0.0	0.000233
152.375	0.0	0.000233
152.5	0.0	0.000233
152.625	0.0	0.000233
152.75	0.0	0.000233
152.875	0.0	0.000233
153.0	0.0	0.000233
153.125	0.0	0.000233
153.25	0.0	0.000233
153.375	0.0	0.000233
153.5	0.0	0.000233
153.625	0.0	0.000233
153.75	0.0	0.000233
153.875	0.0	0.000233
154.0	0.0	0.000233
154.125	0.0	0.000233
154.25	0.0	0.000233
154.375	0.0	0.000233
154.5	0.0	0.000233
154.625	0.0	0.000233
154.75	0.0	0.000233
154.875	0.0	0.000233
155.0	0.0	0.000234
155.125	0.0	0.000234
155.25	0.0	0.000234
155.375	0.0	0.000234
155.5	0.0	0.000234
155.625	0.0	0.000234
155.75	0.0	0.000234
155.875	0.0	0.000234
156.0	0.0	0.000234
156.125	0.0	0.000234
156.25	0.0	0.000234
156.375	0.0	0.000234
156.5	0.0	0.000234
156.625	0.0	0.000234
156.75	0.0	0.000234
156.875	0.0	0.000234
157.0	0.0	0.000234
157.125	0.0	0.000234
157.25	0.0	0.000234
157.375	0.0	0.000234
157.5	0.0	0.000234
157.625	0.0	0.000234
157.75	0.0	0.000234
157.875	0.0	0.000234
158.0	0.0	0.000234
158.125	0.0	0.000234
158.25	0.0	0.000234
158.375	0.0	0.000234
158.5	0.0	0.000234
158.625	0.0	0.000234
158.75	0.0	0.000235
158.875	0.0	0.000235
159.0	0.0	0.000235
159.125	0.0	0.000235
159.25	0.0	0.000235
159.375	0.0	0.000235
159.5	0.0	0.000235
159.625	0.0	0.000235
159.75	0.0	0.000235
159.875	0.0	0.000235
160.0	0.0	0.000235
160.125	0.0	0.000235
160.25	0.0	0.000235
160.375	0.0	0.000235
160.5	0.0	0.000235
160.625	0.0	0.000235
160.75	0.0	0.000235
160.875	0.0	0.000235
161.0	0.0	0.000235
161.125	0.0	0.000235
161.25	0.0	0.000235
161.375	0.0	0.000235
161.5	0.0	0.000235
161.625	0.0	0.000235
161.75	0.0	0.000235
161.875	0.0	0.000235
162.0	0.0	0.000235
162.125	0.0	0.000235
162.25	0.0	0.000235
162.375	0.0	0.000236
162.5	0.0	0.000236
162.625	0.0	0.000236
162.75	0.0	0.000236
162.875	0.0	0.000236
163.0	0.0	0.000236
163.125	0.0	0.000236
163.25	0.0	0.000236
163.375	0.0	0.000236
163.5	0.0	0.000236
163.625	0.0	0.000236
163.75	0.0	0.000236
163.875	0.0	0.000236
164.0	0.0	0.000236
164.125	0.0	0.000236
164.25	0.0	0.000236
164.375	0.0	0.000236
164.5	0.0	0.000236
164.625	0.0	0.000236
164.75	0.0	0.000236
164.875	0.0	0.000236
165.0	0.0	0.000236
165.125	0.0	0.000236
165.25	0.0	0.000236
165.375	0.0	0.000236
165.5	0.0	0.000236
165.625	0.0	0.000236
165.75	0.0	0.000236
165.875	0.0	0.000237
166.0	0.0	0.000237
166.125	0.0	0.000237
166.25	0.0	0.000237
166.375	0.0	0.000237
166.5	0.0	0.000237
166.625	0.0	0.000237
166.75	0.0	0.000237
166.875	0.0	0.000237
167.0	0.0	0.000237
167.125	0.0	0.000237
167.25	0.0	0.000237
167.375	0.0	0.000237
167.5	0.0	0.000237
167.625	0.0	0.000237
167.75	0.0	0.000237
167.875	0.0	0.000237
168.0	0.0	0.000237
168.125	0.0	0.000237
168.25	0.0	0.000237
168.375	0.0	0.000237
168.5	0.0	0.000237
168.625	0.0	0.000237
168.75	0.0	0.000237
168.875	0.0	0.000237
169.0	0.0	0.000237
169.125	0.0	0.000237
169.25	0.0	0.000237
169.375	0.0	0.000238
169.5	0.0	0.000238
169.625	0.0	0.000238
169.75	0.0	0.000238
169.875	0.0	0.000238
170.0	0.0	0.000238
170.125	0.0	0.000238
170.25	0.0	0.000238
170.375	0.0	0.000238
170.5	0.0	0.000238
170.625	0.0	0.000238
170.75	0.0	0.000238
170.875	0.0	0.000238
171.0	0.0	0.000238
171.125	0.0	0.000238
171.25	0.0	0.000238
171.375	0.0	0.000238
171.5	0.0	0.000238
171.625	0.0	0.000238
171.75	0.0	0.000238
171.875	0.0	0.000238
172.0	0.0	0.000238
172.125	0.0	0.000238
172.25	0.0	0.000238
172.375	0.0	0.000238
172.5	0.0	0.000238
172.625	0.0	0.000238
172.75	0.0	0.000239
172.875	0.0	0.000239
173.0	0.0	0.000239
173.125	0.0	0.000239
173.25	0.0	0.000239
173.375	0.0	0.000239
173.5	0.0	0.000239
173.625	0.0	0.000239
173.75	0.0	0.000239
173.875	0.0	0.000239
174.0	0.0	0.000239
174.125	0.0	0.000239
174.25	0.0	0.000239
174.375	0.0	0.000239
174.5	0.0	0.000239
174.625	0.0	0.000239
174.75	0.0	0.000239
174.875	0.0	0.000239
175.0	0.0	0.000239
175.125	0.0	0.000239
175.25	0.0	0.000239
175.375	0.0	0.000239
175.5	0.0	0.000239
175.625	0.0	0.000239
175.75	0.0	0.000239
175.875	0.0	0.000239
176.0	0.0	0.000239
176.125	0.0	0.00024
176.25	0.0	0.00024
176.375	0.0	0.00024
176.5	0.0	0.00024
176.625	0.0	0.00024
176.75	0.0	0.00024
176.875	0.0	0.00024
177.0	0.0	0.00024
177.125	0.0	0.00024
177.25	0.0	0.00024
177.375	0.0	0.00024
177.5	0.0	0.00024
177.625	0.0	0.00024
177.75	0.0	0.00024
177.875	0.0	0.00024
178.0	0.0	0.00024
178.125	0.0	0.00024
178.25	0.0	0.00024
178.375	0.0	0.00024
178.5	0.0	0.00024
178.625	0.0	0.00024
178.75	0.0	0.00024
178.875	0.0	0.00024
179.0	0.0	0.00024
179.125	0.0	0.00024
179.25	0.0	0.00024
179.375	0.0	0.000241
179.5	0.0	0.000241
179.625	0.0	0.000241
179.75	0.0	0.000241
179.875	0.0	0.000241
180.0	0.0	0.000241
180.125	0.0	0.000241
180.25	0.0	0.000241
180.375	0.0	0.000241
180.5	0.0	0.000241
180.625	0.0	0.000241
180.75	0.0	0.000241
180.875	0.0	0.000241
181.0	0.0	0.000241
181.125	0.0	0.000241
181.25	0.0	0.000241
181.375	0.0	0.000241
181.5	0.0	0.000241
181.625	0.0	0.000241
181.75	0.0	0.000241
181.875	0.0	0.000241
182.0	0.0	0.000241
182.125	0.0	0.000241
182.25	0.0	0.000241
182.375	0.0	0.000241
182.5	0.0	0.000241
182.625	0.0	0.000242
182.75	0.0	0.000242
182.875	0.0	0.000242
183.0	0.0	0.000242
183.125	0.0	0.000242
183.25	0.0	0.000242
183.375	0.0	0.000242
183.5	0.0	0.000242
183.625	0.0	0.000242
183.75	0.0	0.000242
183.875	0.0	0.000242
184.0	0.0	0.000242
184.125	0.0	0.000242
184.25	0.0	0.000242
184.375	0.0	0.000242
184.5	0.0	0.000242
184.625	0.0	0.000242
184.75	0.0	0.000242
184.875	0.0	0.000242
185.0	0.0	0.000242
185.125	0.0	0.000242
185.25	0.0	0.000242
185.375	0.0	0.000242
185.5	0.0	0.000242
185.625	0.0	0.000242
185.75	0.0	0.000243
185.875	0.0	0.000243
186.0	0.0	0.000243
186.125	0.0	0.000243
186.25	0.0	0.000243
186.375	0.0	0.000243
186.5	0.0	0.000243
186.625	0.0	0.000243
186.75	0.0	0.000243
186.875	0.0	0.000243
187.0	0.0	0.000243
187.125	0.0	0.000243
187.25	0.0	0.000243
187.375	0.0	0.000243
187.5	0.0	0.000243
187.625	0.0	0.000243
187.75	0.0	0.000243
187.875	0.0	0.000243
188.0	0.0	0.000243
188.125	0.0	0.000243
188.25	0.0	0.000243
188.375	0.0	0.000243
188.5	0.0	0.000243
188.625	0.0	0.000243
188.75	0.0	0.000244
188.875	0.0	0.000244
189.0	0.0	0.000244
189.125	0.0	0.000244
189.25	0.0	0.000244
189.375	0.0	0.000244
189.5	0.0	0.000244
189.625	0.0	0.000244
189.75	0.0	0.000244
189.875	0.0	0.000244
190.0	0.0	0.000244
190.125	0.0	0.000244
190.25	0.0	0.000244
190.375	0.0	0.000244
190.5	0.0	0.000244
190.625	0.0	0.000244
190.75	0.0	0.000244
190.875	0.0	0.000244
191.0	0.0	0.000244
191.125	0.0	0.000244
191.25	0.0	0.000244
191.375	0.0	0.000244
191.5	0.0	0.000244
191.625	0.0	0.000244
191.75	0.0	0.000245
191.875	0.0	0.000245
192.0	0.0	0.000245
192.125	0.0	0.000245
192.25	0.0	0.000245
192.375	0.0	0.000245
192.5	0.0	0.000245
192.625	0.0	0.000245
192.75	0.0	0.000245
192.875	0.0	0.000245
193.0	0.0	0.000245
193.125	0.0	0.000245
193.25	0.0	0.000245
193.375	0.0	0.000245
193.5	0.0	0.000245
193.625	0.0	0.000245
193.75	0.0	0.000245
193.875	0.0	0.000245
194.0	0.0	0.000245
194.125	0.0	0.000245
194.25	0.0	0.000245
194.375	0.0	0.000245
194.5	0.0	0.000245
194.625	0.0	0.000246
194.75	0.0	0.000246
194.875	0.0	0.000246
195.0	0.0	0.000246
195.125	0.0	0.000246
195.25	0.0	0.000246
195.375	0.0	0.000246
195.5	0.0	0.000246
195.625	0.0	0.000246
195.75	0.0	0.000246
195.875	0.0	0.000246
196.0	0.0	0.000246
196.125	0.0	0.000246
196.25	0.0	0.000246
196.375	0.0	0.000246
196.5	0.0	0.000246
196.625	0.0	0.000246
196.75	0.0	0.000246
196.875	0.0	0.000246
197.0	0.0	0.000246
197.125	0.0	0.000246
197.25	0.0	0.000246
197.375	0.0	0.000246
197.5	0.0	0.000247
197.625	0.0	0.000247
197.75	0.0	0.000247
197.875	0.0	0.000247
198.0	0.0	0.000247
198.125	0.0	0.000247
198.25	0.0	0.000247
198.375	0.0	0.000247
198.5	0.0	0.000247
198.625	0.0	0.000247
198.75	0.0	0.000247
198.875	0.0	0.000247
199.0	0.0	0.000247
199.125	0.0	0.000247
199.25	0.0	0.000247
199.375	0.0	0.000247
199.5	0.0	0.000247
199.625	0.0	0.000247
199.75	0.0	0.000247
199.875	0.0	0.000247
200.0	0.0	0.000247
200.125	0.0	0.000247
200.25	0.0	0.000248
200.375	0.0	0.000248
200.5	0.0	0.000248
200.625	0.0	0.000248
200.75	0.0	0.000248
200.875	0.0	0.000248
201.0	0.0	0.000248
201.125	0.0	0.000248
201.25	0.0	0.000248
201.375	0.0	0.000248
201.5	0.0	0.000248
201.625	0.0	0.000248
201.75	0.0	0.000248
201.875	0.0	0.000248
202.0	0.0	0.000248
202.125	0.0	0.000248
202.25	0.0	0.000248
202.375	0.0	0.000248
202.5	0.0	0.000248
202.625	0.0	0.000248
202.75	0.0	0.000248
202.875	0.0	0.000248
203.0	0.0	0.000249
203.125	0.0	0.000249
203.25	0.0	0.000249
203.375	0.0	0.000249
203.5	0.0	0.000249
203.625	0.0	0.000249
203.75	0.0	0.000249
203.875	0.0	0.000249
204.0	0.0	0.000249
204.125	0.0	0.000249
204.25	0.0	0.000249
204.375	0.0	0.000249
204.5	0.0	0.000249
204.625	0.0	0.000249
204.75	0.0	0.000249
204.875	0.0	0.000249
205.0	0.0	0.000249
205.125	0.0	0.000249
205.25	0.0	0.000249
205.375	0.0	0.000249
205.5	0.0	0.000249
205.625	0.0	0.00025
205.75	0.0	0.00025
205.875	0.0	0.00025
206.0	0.0	0.00025
206.125	0.0	0.00025
206.25	0.0	0.00025
206.375	0.0	0.00025
206.5	0.0	0.00025
206.625	0.0	0.00025
206.75	0.0	0.00025
206.875	0.0	0.00025
207.0	0.0	0.00025
207.125	0.0	0.00025
207.25	0.0	0.00025
207.375	0.0	0.00025
207.5	0.0	0.00025
207.625	0.0	0.00025
207.75	0.0	0.00025
207.875	0.0	0.00025
208.0	0.0	0.00025
208.125	0.0	0.000251
208.25	0.0	0.000251
208.375	0.0	0.000251
208.5	0.0	0.000251
208.625	0.0	0.000251
208.75	0.0	0.000251
208.875	0.0	0.000251
209.0	0.0	0.000251
209.125	0.0	0.000251
209.25	0.0	0.000251
209.375	0.0	0.000251
209.5	0.0	0.000251
209.625	0.0	0.000251
209.75	0.0	0.000251
209.875	0.0	0.000251
210.0	0.0	0.000251
210.125	0.0	0.000251
210.25	0.0	0.000251
210.375	0.0	0.000251
210.5	0.0	0.000251
210.625	0.0	0.000251
210.75	0.0	0.000252
210.875	0.0	0.000252
211.0	0.0	0.000252
211.125	0.0	0.000252
211.25	0.0	0.000252
211.375	0.0	0.000252
211.5	0.0	0.000252
211.625	0.0	0.000252
211.75	0.0	0.000252
211.875	0.0	0.000252
212.0	0.0	0.000252
212.125	0.0	0.000252
212.25	0.0	0.000252
212.375	0.0	0.000252
212.5	0.0	0.000252
212.625	0.0	0.000252
212.75	0.0	0.000252
212.875	0.0	0.000252
213.0	0.0	0.000252
213.125	0.0	0.000253
213.25	0.0	0.000253
213.375	0.0	0.000253
213.5	0.0	0.000253
213.625	0.0	0.000253
213.75	0.0	0.000253
213.875	0.0	0.000253
214.0	0.0	0.000253
214.125	0.0	0.000253
214.25	0.0	0.000253
214.375	0.0	0.000253
214.5	0.0	0.000253
214.625	0.0	0.000253
214.75	0.0	0.000253
214.875	0.0	0.000253
215.0	0.0	0.000253
215.125	0.0	0.000253
215.25	0.0	0.000253
215.375	0.0	0.000253
215.5	0.0	0.000254
215.625	0.0	0.000254
215.75	0.0	0.000254
215.875	0.0	0.000254
216.0	0.0	0.000254
216.125	0.0	0.000254
216.25	0.0	0.000254
216.375	0.0	0.000254
216.5	0.0	0.000254
216.625	0.0	0.000254
216.75	0.0	0.000254
216.875	0.0	0.000254
217.0	0.0	0.000254
217.125	0.0	0.000254
217.25	0.0	0.000254
217.375	0.0	0.000254
217.5	0.0	0.000254
217.625	0.0	0.000254
217.75	0.0	0.000254
217.875	0.0	0.000255
218.0	0.0	0.000255
218.125	0.0	0.000255
218.25	0.0	0.000255
218.375	0.0	0.000255
218.5	0.0	0.000255
218.625	0.0	0.000255
218.75	0.0	0.000255
218.875	0.0	0.000255
219.0	0.0	0.000255
219.125	0.0	0.000255
219.25	0.0	0.000255
219.375	0.0	0.000255
219.5	0.0	0.000255
219.625	0.0	0.000255
219.75	0.0	0.000255
219.875	0.0	0.000255
220.0	0.0	0.000255
220.125	0.0	0.000256
220.25	0.0	0.000256
220.375	0.0	0.000256
220.5	0.0	0.000256
220.625	0.0	0.000256
220.75	0.0	0.000256
220.875	0.0	0.000256
221.0	0.0	0.000256
221.125	0.0	0.000256
221.25	0.0	0.000256
221.375	0.0	0.000256
221.5	0.0	0.000256
221.625	0.0	0.000256
221.75	0.0	0.000256
221.875	0.0	0.000256
222.0	0.0	0.000256
222.125	0.0	0.000256
222.25	0.0	0.000257
222.375	0.0	0.000257
222.5	0.0	0.000257
222.625	0.0	0.000257
222.75	0.0	0.000257
222.875	0.0	0.000257
223.0	0.0	0.000257
223.125	0.0	0.000257
223.25	0.0	0.000257
223.375	0.0	0.000257
223.5	0.0	0.000257
223.625	0.0	0.000257
223.75	0.0	0.000257
223.875	0.0	0.000257
224.0	0.0	0.000257
224.125	0.0	0.000257
224.25	0.0	0.000257
224.375	0.0	0.000258
224.5	0.0	0.000258
224.625	0.0	0.000258
224.75	0.0	0.000258
224.875	0.0	0.000258
225.0	0.0	0.000258
225.125	0.0	0.000258
225.25	0.0	0.000258
225.375	0.0	0.000258
225.5	0.0	0.000258
225.625	0.0	0.000258
225.75	0.0	0.000258
225.875	0.0	0.000258
226.0	0.0	0.000258
226.125	0.0	0.000258
226.25	0.0	0.000258
226.375	0.0	0.000258
226.5	0.0	0.000259
226.625	0.0	0.000259
226.75	0.0	0.000259
226.875	0.0	0.000259
227.0	0.0	0.000259
227.125	0.0	0.000259
227.25	0.0	0.000259
227.375	0.0	0.000259
227.5	0.0	0.000259
227.625	0.0	0.000259
227.75	0.0	0.000259
227.875	0.0	0.000259
228.0	0.0	0.000259
228.125	0.0	0.000259
228.25	0.0	0.000259
228.375	0.0	0.000259
228.5	0.0	0.00026
228.625	0.0	0.00026
228.75	0.0	0.00026
228.875	0.0	0.00026
229.0	0.0	0.00026
229.125	0.0	0.00026
229.25	0.0	0.00026
229.375	0.0	0.00026
229.5	0.0	0.00026
229.625	0.0	0.00026
229.75	0.0	0.00026
229.875	0.0	0.00026
230.0	0.0	0.00026
230.125	0.0	0.00026
230.25	0.0	0.00026
230.375	0.0	0.00026
230.5	0.0	0.000261
230.625	0.0	0.000261
230.75	0.0	0.000261
230.875	0.0	0.000261
231.0	0.0	0.000261
231.125	0.0	0.000261
231.25	0.0	0.000261
231.375	0.0	0.000261
231.5	0.0	0.000261
231.625	0.0	0.000261
231.75	0.0	0.000261
231.875	0.0	0.000261
232.0	0.0	0.000261
232.125	0.0	0.000261
232.25	0.0	0.000261
232.375	0.0	0.000261
232.5	0.0	0.000262
232.625	0.0	0.000262
232.75	0.0	0.000262
232.875	0.0	0.000262
233.0	0.0	0.000262
233.125	0.0	0.000262
233.25	0.0	0.000262
233.375	0.0	0.000262
233.5	0.0	0.000262
233.625	0.0	0.000262
233.75	0.0	0.000262
233.875	0.0	0.000262
234.0	0.0	0.000262
234.125	0.0	0.000262
234.25	0.0	0.000262
234.375	0.0	0.000263
234.5	0.0	0.000263
234.625	0.0	0.000263
234.75	0.0	0.000263
234.875	0.0	0.000263
235.0	0.0	0.000263
235.125	0.0	0.000263
235.25	0.0	0.000263
235.375	0.0	0.000263
235.5	0.0	0.000263
235.625	0.0	0.000263
235.75	0.0	0.000263
235.875	0.0	0.000263
236.0	0.0	0.000263
236.125	0.0	0.000264
236.25	0.0	0.000264
236.375	0.0	0.000264
236.5	0.0	0.000264
236.625	0.0	0.000264
236.75	0.0	0.000264
236.875	0.0	0.000264
237.0	0.0	0.000264
237.125	0.0	0.000264
237.25	0.0	0.000264
237.375	0.0	0.000264
237.5	0.0	0.000264
237.625	0.0	0.000264
237.75	0.0	0.000264
237.875	0.0	0.000264
238.0	0.0	0.000265
238.125	0.0	0.000265
238.25	0.0	0.000265
238.375	0.0	0.000265
238.5	0.0	0.000265
238.625	0.0	0.000265
238.75	0.0	0.000265
238.875	0.0	0.000265
239.0	0.0	0.000265
239.125	0.0	0.000265
239.25	0.0	0.000265
239.375	0.0	0.000265
239.5	0.0	0.000265
239.625	0.0	0.000266
239.75	0.0	0.000266
239.875	0.0	0.000266
240.0	0.0	0.000266
240.125	0.0	0.000266
240.25	0.0	0.000266
240.375	0.0	0.000266
240.5	0.0	0.000266
240.625	0.0	0.000266
240.75	0.0	0.000266
240.875	0.0	0.000266
241.0	0.0	0.000266
241.125	0.0	0.000266
241.25	0.0	0.000266
241.375	0.0	0.000267
241.5	0.0	0.000267
241.625	0.0	0.000267
241.75	0.0	0.000267
241.875	0.0	0.000267
242.0	0.0	0.000267
242.125	0.0	0.000267
242.25	0.0	0.000267
242.375	0.0	0.000267
242.5	0.0	0.000267
242.625	0.0	0.000267
242.75	0.0	0.000267
242.875	0.0	0.000267
243.0	0.0	0.000268
243.125	0.0	0.000268
243.25	0.0	0.000268
243.375	0.0	0.000268
243.5	0.0	0.000268
243.625	0.0	0.000268
243.75	0.0	0.000268
243.875	0.0	0.000268
244.0	0.0	0.000268
244.125	0.0	0.000268
244.25	0.0	0.000268
244.375	0.0	0.000268
244.5	0.0	0.000268
244.625	0.0	0.000269
244.75	0.0	0.000269
244.875	0.0	0.000269
245.0	0.0	0.000269
245.125	0.0	0.000269
245.25	0.0	0.000269
245.375	0.0	0.000269
245.5	0.0	0.000269
245.625	0.0	0.000269
245.75	0.0	0.000269
245.875	0.0	0.000269
246.0	0.0	0.000269
246.125	0.0	0.000269
246.25	0.0	0.00027
246.375	0.0	0.00027
246.5	0.0	0.00027
246.625	0.0	0.00027
246.75	0.0	0.00027
246.875	0.0	0.00027
247.0	0.0	0.00027
247.125	0.0	0.00027
247.25	0.0	0.00027
247.375	0.0	0.00027
247.5	0.0	0.00027
