-264.375	0.0	5.7e-5
-264.25	0.0	5.7e-5
-264.125	0.0	5.7e-5
-264.0	0.0	5.7e-5
-263.875	0.0	5.7e-5
-263.75	0.0	5.7e-5
-263.625	0.0	5.7e-5
-263.5	0.0	5.7e-5
-263.375	0.0	5.8e-5
-263.25	0.0	5.8e-5
-263.125	0.0	5.8e-5
-263.0	0.0	5.8e-5
-262.875	0.0	5.8e-5
-262.75	0.0	5.8e-5
-262.625	0.0	5.8e-5
-262.5	0.0	5.8e-5
-262.375	0.0	5.9e-5
-262.25	0.0	5.9e-5
-262.125	0.0	5.9e-5
-262.0	0.0	5.9e-5
-261.875	0.0	5.9e-5
-261.75	0.0	5.9e-5
-261.625	0.0	5.9e-5
-261.5	0.0	5.9e-5
-261.375	0.0	5.9e-5
-261.25	0.0	6.0e-5
-261.125	0.0	6.0e-5
-261.0	0.0	6.0e-5
-260.875	0.0	6.0e-5
-260.75	0.0	6.0e-5
-260.625	0.0	6.0e-5
-260.5	0.0	6.0e-5
-260.375	0.0	6.0e-5
-260.25	0.0	6.0e-5
-260.125	0.0	6.1e-5
-260.0	0.0	6.1e-5
-259.875	0.0	6.1e-5
-259.75	0.0	6.1e-5
-259.625	0.0	6.1e-5
-259.5	0.0	6.1e-5
-259.375	0.0	6.1e-5
-259.25	0.0	6.1e-5
-259.125	0.0	6.2e-5
-259.0	0.0	6.2e-5
-258.875	0.0	6.2e-5
-258.75	0.0	6.2e-5
-258.625	0.0	6.2e-5
-258.5	0.0	6.2e-5
-258.375	0.0	6.2e-5
-258.25	0.0	6.2e-5
-258.125	0.0	6.2e-5
-258.0	0.0	6.3e-5
-257.875	0.0	6.3e-5
-257.75	0.0	6.3e-5
-257.625	0.0	6.3e-5
-257.5	0.0	6.3e-5
-257.375	0.0	6.3e-5
-257.25	0.0	6.3e-5
-257.125	0.0	6.3e-5
-257.0	0.0	6.4e-5
-256.875	0.0	6.4e-5
-256.75	0.0	6.4e-5
-256.625	0.0	6.4e-5
-256.5	0.0	6.4e-5
-256.375	0.0	6.4e-5
-256.25	0.0	6.4e-5
-256.125	0.0	6.4e-5
-256.0	0.0	6.5e-5
-255.875	0.0	6.5e-5
-255.75	0.0	6.5e-5
-255.625	0.0	6.5e-5
-255.5	0.0	6.5e-5
-255.375	0.0	6.5e-5
-255.25	0.0	6.5e-5
-255.125	0.0	6.5e-5
-255.0	0.0	6.5e-5
-254.875	0.0	6.6e-5
-254.75	0.0	6.6e-5
-254.625	0.0	6.6e-5
-254.5	0.0	6.6e-5
-254.375	0.0	6.6e-5
-254.25	0.0	6.6e-5
-254.125	0.0	6.6e-5
-254.0	0.0	6.6e-5
-253.875	0.0	6.7e-5
-253.75	0.0	6.7e-5
-253.625	0.0	6.7e-5
-253.5	0.0	6.7e-5
-253.375	0.0	6.7e-5
-253.25	0.0	6.7e-5
-253.125	0.0	6.7e-5
-253.0	0.0	6.7e-5
-252.875	0.0	6.8e-5
-252.75	0.0	6.8e-5
-252.625	0.0	6.8e-5
-252.5	0.0	6.8e-5
-252.375	0.0	6.8e-5
-252.25	0.0	6.8e-5
-252.125	0.0	6.8e-5
-252.0	0.0	6.9e-5
-251.875	0.0	6.9e-5
-251.75	0.0	6.9e-5
-251.625	0.0	6.9e-5
-251.5	0.0	6.9e-5
-251.375	0.0	6.9e-5
-251.25	0.0	6.9e-5
-251.125	0.0	6.9e-5
-251.0	0.0	7.0e-5
-250.875	0.0	7.0e-5
-250.75	0.0	7.0e-5
-250.625	0.0	7.0e-5
-250.5	0.0	7.0e-5
-250.375	0.0	7.0e-5
-250.25	0.0	7.0e-5
-250.125	0.0	7.0e-5
-250.0	0.0	7.1e-5
-249.875	0.0	7.1e-5
-249.75	0.0	7.1e-5
-249.625	0.0	7.1e-5
-249.5	0.0	7.1e-5
-249.375	0.0	7.1e-5
-249.25	0.0	7.1e-5
-249.125	0.0	7.1e-5
-249.0	0.0	7.2e-5
-248.875	0.0	7.2e-5
-248.75	0.0	7.2e-5
-248.625	0.0	7.2e-5
-248.5	0.0	7.2e-5
-248.375	0.0	7.2e-5
-248.25	0.0	7.2e-5
-248.125	0.0	7.3e-5
-248.0	0.0	7.3e-5
-247.875	0.0	7.3e-5
-247.75	0.0	7.3e-5
-247.625	0.0	7.3e-5
-247.5	0.0	7.3e-5
-247.375	0.0	7.3e-5
-247.25	0.0	7.3e-5
-247.125	0.0	7.4e-5
-247.0	0.0	7.4e-5
-246.875	0.0	7.4e-5
-246.75	0.0	7.4e-5
-246.625	0.0	7.4e-5
-246.5	0.0	7.4e-5
-246.375	0.0	7.4e-5
-246.25	0.0	7.5e-5
-246.125	0.0	7.5e-5
-246.0	0.0	7.5e-5
-245.875	0.0	7.5e-5
-245.75	0.0	7.5e-5
-245.625	0.0	7.5e-5
-245.5	0.0	7.5e-5
-245.375	0.0	7.6e-5
-245.25	0.0	7.6e-5
-245.125	0.0	7.6e-5
-245.0	0.0	7.6e-5
-244.875	0.0	7.6e-5
-244.75	0.0	7.6e-5
-244.625	0.0	7.6e-5
-244.5	0.0	7.7e-5
-244.375	0.0	7.7e-5
-244.25	0.0	7.7e-5
-244.125	0.0	7.7e-5
-244.0	0.0	7.7e-5
-243.875	0.0	7.7e-5
-243.75	0.0	7.7e-5
-243.625	0.0	7.7e-5
-243.5	0.0	7.8e-5
-243.375	0.0	7.8e-5
-243.25	0.0	7.8e-5
-243.125	0.0	7.8e-5
-243.0	0.0	7.8e-5
-242.875	0.0	7.8e-5
-242.75	0.0	7.8e-5
-242.625	0.0	7.9e-5
-242.5	0.0	7.9e-5
-242.375	0.0	7.9e-5
-242.25	0.0	7.9e-5
-242.125	0.0	7.9e-5
-242.0	0.0	7.9e-5
-241.875	0.0	7.9e-5
-241.75	0.0	8.0e-5
-241.625	0.0	8.0e-5
-241.5	0.0	8.0e-5
-241.375	0.0	8.0e-5
-241.25	0.0	8.0e-5
-241.125	0.0	8.0e-5
-241.0	0.0	8.1e-5
-240.875	0.0	8.1e-5
-240.75	0.0	8.1e-5
-240.625	0.0	8.1e-5
-240.5	0.0	8.1e-5
-240.375	0.0	8.1e-5
-240.25	0.0	8.1e-5
-240.125	0.0	8.2e-5
-240.0	0.0	8.2e-5
-239.875	0.0	8.2e-5
-239.75	0.0	8.2e-5
-239.625	0.0	8.2e-5
-239.5	0.0	8.2e-5
-239.375	0.0	8.2e-5
-239.25	0.0	8.3e-5
-239.125	0.0	8.3e-5
-239.0	0.0	8.3e-5
-238.875	0.0	8.3e-5
-238.75	0.0	8.3e-5
-238.625	0.0	8.3e-5
-238.5	0.0	8.3e-5
-238.375	0.0	8.4e-5
-238.25	0.0	8.4e-5
-238.125	0.0	8.4e-5
-238.0	0.0	8.4e-5
-237.875	0.0	8.4e-5
-237.75	0.0	8.4e-5
-237.625	0.0	8.5e-5
-237.5	0.0	8.5e-5
-237.375	0.0	8.5e-5
-237.25	0.0	8.5e-5
-237.125	0.0	8.5e-5
-237.0	0.0	8.5e-5
-236.875	0.0	8.5e-5
-236.75	0.0	8.6e-5
-236.625	0.0	8.6e-5
-236.5	0.0	8.6e-5
-236.375	0.0	8.6e-5
-236.25	0.0	8.6e-5
-236.125	0.0	8.6e-5
-236.0	0.0	8.7e-5
-235.875	0.0	8.7e-5
-235.75	0.0	8.7e-5
-235.625	0.0	8.7e-5
-235.5	0.0	8.7e-5
-235.375	0.0	8.7e-5
-235.25	0.0	8.7e-5
-235.125	0.0	8.8e-5
-235.0	0.0	8.8e-5
-234.875	0.0	8.8e-5
-234.75	0.0	8.8e-5
-234.625	0.0	8.8e-5
-234.5	0.0	8.8e-5
-234.375	0.0	8.9e-5
-234.25	0.0	8.9e-5
-234.125	0.0	8.9e-5
-234.0	0.0	8.9e-5
-233.875	0.0	8.9e-5
-233.75	0.0	8.9e-5
-233.625	0.0	9.0e-5
-233.5	0.0	9.0e-5
-233.375	0.0	9.0e-5
-233.25	0.0	9.0e-5
-233.125	0.0	9.0e-5
-233.0	0.0	9.0e-5
-232.875	0.0	9.1e-5
-232.75	0.0	9.1e-5
-232.625	0.0	9.1e-5
-232.5	0.0	9.1e-5
-232.375	0.0	9.1e-5
-232.25	0.0	9.1e-5
-232.125	0.0	9.1e-5
-232.0	0.0	9.2e-5
-231.875	0.0	9.2e-5
-231.75	0.0	9.2e-5
-231.625	0.0	9.2e-5
-231.5	0.0	9.2e-5
-231.375	0.0	9.2e-5
-231.25	0.0	9.3e-5
-231.125	0.0	9.3e-5
-231.0	0.0	9.3e-5
-230.875	0.0	9.3e-5
-230.75	0.0	9.3e-5
-230.625	0.0	9.3e-5
-230.5	0.0	9.4e-5
-230.375	0.0	9.4e-5
-230.25	0.0	9.4e-5
-230.125	0.0	9.4e-5
-230.0	0.0	9.4e-5
-229.875	0.0	9.4e-5
-229.75	0.0	9.5e-5
-229.625	0.0	9.5e-5
-229.5	0.0	9.5e-5
-229.375	0.0	9.5e-5
-229.25	0.0	9.5e-5
-229.125	0.0	9.5e-5
-229.0	0.0	9.6e-5
-228.875	0.0	9.6e-5
-228.75	0.0	9.6e-5
-228.625	0.0	9.6e-5
-228.5	0.0	9.6e-5
-228.375	0.0	9.7e-5
-228.25	0.0	9.7e-5
-228.125	0.0	9.7e-5
-228.0	0.0	9.7e-5
-227.875	0.0	9.7e-5
-227.75	0.0	9.7e-5
-227.625	0.0	9.8e-5
-227.5	0.0	9.8e-5
-227.375	0.0	9.8e-5
-227.25	0.0	9.8e-5
-227.125	0.0	9.8e-5
-227.0	0.0	9.8e-5
-226.875	0.0	9.9e-5
-226.75	0.0	9.9e-5
-226.625	0.0	9.9e-5
-226.5	0.0	9.9e-5
-226.375	0.0	9.9e-5
-226.25	0.0	0.0001
-226.125	0.0	0.0001
-226.0	0.0	0.0001
-225.875	0.0	0.0001
-225.75	0.0	0.0001
-225.625	0.0	0.0001
-225.5	0.0	0.000101
-225.375	0.0	0.000101
-225.25	0.0	0.000101
-225.125	0.0	0.000101
-225.0	0.0	0.000101
-224.875	0.0	0.000101
-224.75	0.0	0.000102
-224.625	0.0	0.000102
-224.5	0.0	0.000102
-224.375	0.0	0.000102
-224.25	0.0	0.000102
-224.125	0.0	0.000103
-224.0	0.0	0.000103
-223.875	0.0	0.000103
-223.75	0.0	0.000103
-223.625	0.0	0.000103
-223.5	0.0	0.000104
-223.375	0.0	0.000104
-223.25	0.0	0.000104
-223.125	0.0	0.000104
-223.0	0.0	0.000104
-222.875	0.0	0.000104
-222.75	0.0	0.000105
-222.625	0.0	0.000105
-222.5	0.0	0.000105
-222.375	0.0	0.000105
-222.25	0.0	0.000105
-222.125	0.0	0.000106
-222.0	0.0	0.000106
-221.875	0.0	0.000106
-221.75	0.0	0.000106
-221.625	0.0	0.000106
-221.5	0.0	0.000107
-221.375	0.0	0.000107
-221.25	0.0	0.000107
-221.125	0.0	0.000107
-221.0	0.0	0.000107
-220.875	0.0	0.000107
-220.75	0.0	0.000108
-220.625	0.0	0.000108
-220.5	0.0	0.000108
-220.375	0.0	0.000108
-220.25	0.0	0.000108
-220.125	0.0	0.000109
-220.0	0.0	0.000109
-219.875	0.0	0.000109
-219.75	0.0	0.000109
-219.625	0.0	0.000109
-219.5	0.0	0.00011
-219.375	0.0	0.00011
-219.25	0.0	0.00011
-219.125	0.0	0.00011
-219.0	0.0	0.00011
-218.875	0.0	0.000111
-218.75	0.0	0.000111
-218.625	0.0	0.000111
-218.5	0.0	0.000111
-218.375	0.0	0.000111
-218.25	0.0	0.000112
-218.125	0.0	0.000112
-218.0	0.0	0.000112
-217.875	0.0	0.000112
-217.75	0.0	0.000112
-217.625	0.0	0.000113
-217.5	0.0	0.000113
-217.375	0.0	0.000113
-217.25	0.0	0.000113
-217.125	0.0	0.000113
-217.0	0.0	0.000114
-216.875	0.0	0.000114
-216.75	0.0	0.000114
-216.625	0.0	0.000114
-216.5	0.0	0.000114
-216.375	0.0	0.000115
-216.25	0.0	0.000115
-216.125	0.0	0.000115
-216.0	0.0	0.000115
-215.875	0.0	0.000115
-215.75	0.0	0.000116
-215.625	0.0	0.000116
-215.5	0.0	0.000116
-215.375	0.0	0.000116
-215.25	0.0	0.000116
-215.125	0.0	0.000117
-215.0	0.0	0.000117
-214.875	0.0	0.000117
-214.75	0.0	0.000117
-214.625	0.0	0.000118
-214.5	0.0	0.000118
-214.375	0.0	0.000118
-214.25	0.0	0.000118
-214.125	0.0	0.000118
-214.0	0.0	0.000119
-213.875	0.0	0.000119
-213.75	0.0	0.000119
-213.625	0.0	0.000119
-213.5	0.0	0.000119
-213.375	0.0	0.00012
-213.25	0.0	0.00012
-213.125	0.0	0.00012
-213.0	0.0	0.00012
-212.875	0.0	0.000121
-212.75	0.0	0.000121
-212.625	0.0	0.000121
-212.5	0.0	0.000121
-212.375	0.0	0.000121
-212.25	0.0	0.000122
-212.125	0.0	0.000122
-212.0	0.0	0.000122
-211.875	0.0	0.000122
-211.75	0.0	0.000123
-211.625	0.0	0.000123
-211.5	0.0	0.000123
-211.375	0.0	0.000123
-211.25	0.0	0.000123
-211.125	0.0	0.000124
-211.0	0.0	0.000124
-210.875	0.0	0.000124
-210.75	0.0	0.000124
-210.625	0.0	0.000125
-210.5	0.0	0.000125
-210.375	0.0	0.000125
-210.25	0.0	0.000125
-210.125	0.0	0.000125
-210.0	0.0	0.000126
-209.875	0.0	0.000126
-209.75	0.0	0.000126
-209.625	0.0	0.000126
-209.5	0.0	0.000127
-209.375	0.0	0.000127
-209.25	0.0	0.000127
-209.125	0.0	0.000127
-209.0	0.0	0.000127
-208.875	0.0	0.000128
-208.75	0.0	0.000128
-208.625	0.0	0.000128
-208.5	0.0	0.000128
-208.375	0.0	0.000129
-208.25	0.0	0.000129
-208.125	0.0	0.000129
-208.0	0.0	0.000129
-207.875	0.0	0.00013
-207.75	0.0	0.00013
-207.625	0.0	0.00013
-207.5	0.0	0.00013
-207.375	0.0	0.00013
-207.25	0.0	0.000131
-207.125	0.0	0.000131
-207.0	0.0	0.000131
-206.875	0.0	0.000131
-206.75	0.0	0.000132
-206.625	0.0	0.000132
-206.5	0.0	0.000132
-206.375	0.0	0.000132
-206.25	0.0	0.000133
-206.125	0.0	0.000133
-206.0	0.0	0.000133
-205.875	0.0	0.000133
-205.75	0.0	0.000134
-205.625	0.0	0.000134
-205.5	0.0	0.000134
-205.375	0.0	0.000134
-205.25	0.0	0.000135
-205.125	0.0	0.000135
-205.0	0.0	0.000135
-204.875	0.0	0.000135
-204.75	0.0	0.000136
-204.625	0.0	0.000136
-204.5	0.0	0.000136
-204.375	0.0	0.000136
-204.25	0.0	0.000137
-204.125	0.0	0.000137
-204.0	0.0	0.000137
-203.875	0.0	0.000137
-203.75	0.0	0.000138
-203.625	0.0	0.000138
-203.5	0.0	0.000138
-203.375	0.0	0.000138
-203.25	0.0	0.000139
-203.125	0.0	0.000139
-203.0	0.0	0.000139
-202.875	0.0	0.000139
-202.75	0.0	0.00014
-202.625	0.0	0.00014
-202.5	0.0	0.00014
-202.375	0.0	0.00014
-202.25	0.0	0.000141
-202.125	0.0	0.000141
-202.0	0.0	0.000141
-201.875	0.0	0.000141
-201.75	0.0	0.000142
-201.625	0.0	0.000142
-201.5	0.0	0.000142
-201.375	0.0	0.000142
-201.25	0.0	0.000143
-201.125	0.0	0.000143
-201.0	0.0	0.000143
-200.875	0.0	0.000143
-200.75	0.0	0.000144
-200.625	0.0	0.000144
-200.5	0.0	0.000144
-200.375	0.0	0.000144
-200.25	0.0	0.000145
-200.125	0.0	0.000145
-200.0	0.0	0.000145
-199.875	0.0	0.000145
-199.75	0.0	0.000146
-199.625	0.0	0.000146
-199.5	0.0	0.000146
-199.375	0.0	0.000146
-199.25	0.0	0.000147
-199.125	0.0	0.000147
-199.0	0.0	0.000147
-198.875	0.0	0.000148
-198.75	0.0	0.000148
-198.625	0.0	0.000148
-198.5	0.0	0.000148
-198.375	0.0	0.000149
-198.25	0.0	0.000149
-198.125	0.0	0.000149
-198.0	0.0	0.000149
-197.875	0.0	0.00015
-197.75	0.0	0.00015
-197.625	0.0	0.00015
-197.5	0.0	0.00015
-197.375	0.0	0.000151
-197.25	0.0	0.000151
-197.125	0.0	0.000151
-197.0	0.0	0.000152
-196.875	0.0	0.000152
-196.75	0.0	0.000152
-196.625	0.0	0.000152
-196.5	0.0	0.000153
-196.375	0.0	0.000153
-196.25	0.0	0.000153
-196.125	0.0	0.000154
-196.0	0.0	0.000154
-195.875	0.0	0.000154
-195.75	0.0	0.000154
-195.625	0.0	0.000155
-195.5	0.0	0.000155
-195.375	0.0	0.000155
-195.25	0.0	0.000155
-195.125	0.0	0.000156
-195.0	0.0	0.000156
-194.875	0.0	0.000156
-194.75	0.0	0.000157
-194.625	0.0	0.000157
-194.5	0.0	0.000157
-194.375	0.0	0.000157
-194.25	0.0	0.000158
-194.125	0.0	0.000158
-194.0	0.0	0.000158
-193.875	0.0	0.000159
-193.75	0.0	0.000159
-193.625	0.0	0.000159
-193.5	0.0	0.000159
-193.375	0.0	0.00016
-193.25	0.0	0.00016
-193.125	0.0	0.00016
-193.0	0.0	0.000161
-192.875	0.0	0.000161
-192.75	0.0	0.000161
-192.625	0.0	0.000161
-192.5	0.0	0.000162
-192.375	0.0	0.000162
-192.25	0.0	0.000162
-192.125	0.0	0.000163
-192.0	0.0	0.000163
-191.875	0.0	0.000163
-191.75	0.0	0.000163
-191.625	0.0	0.000164
-191.5	0.0	0.000164
-191.375	0.0	0.000164
-191.25	0.0	0.000165
-191.125	0.0	0.000165
-191.0	0.0	0.000165
-190.875	0.0	0.000165
-190.75	0.0	0.000166
-190.625	0.0	0.000166
-190.5	0.0	0.000166
-190.375	0.0	0.000167
-190.25	0.0	0.000167
-190.125	0.0	0.000167
-190.0	0.0	0.000167
-189.875	0.0	0.000168
-189.75	0.0	0.000168
-189.625	0.0	0.000168
-189.5	0.0	0.000169
-189.375	0.0	0.000169
-189.25	0.0	0.000169
-189.125	0.0	0.00017
-189.0	0.0	0.00017
-188.875	0.0	0.00017
-188.75	0.0	0.00017
-188.625	0.0	0.000171
-188.5	0.0	0.000171
-188.375	0.0	0.000171
-188.25	0.0	0.000172
-188.125	0.0	0.000172
-188.0	0.0	0.000172
-187.875	0.0	0.000173
-187.75	0.0	0.000173
-187.625	0.0	0.000173
-187.5	0.0	0.000173
-187.375	0.0	0.000174
-187.25	0.0	0.000174
-187.125	0.0	0.000174
-187.0	0.0	0.000175
-186.875	0.0	0.000175
-186.75	0.0	0.000175
-186.625	0.0	0.000176
-186.5	0.0	0.000176
-186.375	0.0	0.000176
-186.25	0.0	0.000176
-186.125	0.0	0.000177
-186.0	0.0	0.000177
-185.875	0.0	0.000177
-185.75	0.0	0.000178
-185.625	0.0	0.000178
-185.5	0.0	0.000178
-185.375	0.0	0.000179
-185.25	0.0	0.000179
-185.125	0.0	0.000179
-185.0	0.0	0.000179
-184.875	0.0	0.00018
-184.75	0.0	0.00018
-184.625	0.0	0.00018
-184.5	0.0	0.000181
-184.375	0.0	0.000181
-184.25	0.0	0.000181
-184.125	0.0	0.000182
-184.0	0.0	0.000182
-183.875	0.0	0.000182
-183.75	0.0	0.000182
-183.625	0.0	0.000183
-183.5	0.0	0.000183
-183.375	0.0	0.000183
-183.25	0.0	0.000184
-183.125	0.0	0.000184
-183.0	0.0	0.000184
-182.875	0.0	0.000184
-182.75	0.0	0.000185
-182.625	0.0	0.000185
-182.5	0.0	0.000185
-182.375	0.0	0.000186
-182.25	0.0	0.000186
-182.125	0.0	0.000186
-182.0	0.0	0.000187
-181.875	0.0	0.000187
-181.75	0.0	0.000187
-181.625	0.0	0.000187
-181.5	0.0	0.000188
-181.375	0.0	0.000188
-181.25	0.0	0.000188
-181.125	0.0	0.000189
-181.0	0.0	0.000189
-180.875	0.0	0.000189
-180.75	0.0	0.00019
-180.625	0.0	0.00019
-180.5	0.0	0.00019
-180.375	0.0	0.00019
-180.25	0.0	0.000191
-180.125	0.0	0.000191
-180.0	0.0	0.000191
-179.875	0.0	0.000192
-179.75	0.0	0.000192
-179.625	0.0	0.000192
-179.5	0.0	0.000192
-179.375	0.0	0.000193
-179.25	0.0	0.000193
-179.125	0.0	0.000193
-179.0	0.0	0.000194
-178.875	0.0	0.000194
-178.75	0.0	0.000194
-178.625	0.0	0.000194
-178.5	0.0	0.000195
-178.375	0.0	0.000195
-178.25	0.0	0.000195
-178.125	0.0	0.000195
-178.0	0.0	0.000196
-177.875	0.0	0.000196
-177.75	0.0	0.000196
-177.625	0.0	0.000197
-177.5	0.0	0.000197
-177.375	0.0	0.000197
-177.25	0.0	0.000197
-177.125	0.0	0.000198
-177.0	0.0	0.000198
-176.875	0.0	0.000198
-176.75	0.0	0.000198
-176.625	0.0	0.000199
-176.5	0.0	0.000199
-176.375	0.0	0.000199
-176.25	0.0	0.000199
-176.125	0.0	0.0002
-176.0	0.0	0.0002
-175.875	0.0	0.0002
-175.75	0.0	0.0002
-175.625	0.0	0.000201
-175.5	0.0	0.000201
-175.375	0.0	0.000201
-175.25	0.0	0.000201
-175.125	0.0	0.000202
-175.0	0.0	0.000202
-174.875	0.0	0.000202
-174.75	0.0	0.000202
-174.625	0.0	0.000203
-174.5	0.0	0.000203
-174.375	0.0	0.000203
-174.25	0.0	0.000203
-174.125	0.0	0.000204
-174.0	0.0	0.000204
-173.875	0.0	0.000204
-173.75	0.0	0.000204
-173.625	0.0	0.000204
-173.5	0.0	0.000205
-173.375	0.0	0.000205
-173.25	0.0	0.000205
-173.125	0.0	0.000205
-173.0	0.0	0.000205
-172.875	0.0	0.000206
-172.75	0.0	0.000206
-172.625	0.0	0.000206
-172.5	0.0	0.000206
-172.375	0.0	0.000206
-172.25	0.0	0.000207
-172.125	0.0	0.000207
-172.0	0.0	0.000207
-171.875	0.0	0.000207
-171.75	0.0	0.000207
-171.625	0.0	0.000207
-171.5	0.0	0.000208
-171.375	0.0	0.000208
-171.25	0.0	0.000208
-171.125	0.0	0.000208
-171.0	0.0	0.000208
-170.875	0.0	0.000208
-170.75	0.0	0.000208
-170.625	0.0	0.000209
-170.5	0.0	0.000209
-170.375	0.0	0.000209
-170.25	0.0	0.000209
-170.125	0.0	0.000209
-170.0	0.0	0.000209
-169.875	0.0	0.000209
-169.75	0.0	0.000209
-169.625	0.0	0.00021
-169.5	0.0	0.00021
-169.375	0.0	0.00021
-169.25	0.0	0.00021
-169.125	0.0	0.00021
-169.0	0.0	0.00021
-168.875	0.0	0.00021
-168.75	0.0	0.00021
-168.625	0.0	0.00021
-168.5	0.0	0.00021
-168.375	0.0	0.00021
-168.25	0.0	0.00021
-168.125	0.0	0.00021
-168.0	0.0	0.00021
-167.875	0.0	0.00021
-167.75	0.0	0.00021
-167.625	0.0	0.00021
-167.5	0.0	0.00021
-167.375	0.0	0.00021
-167.25	0.0	0.00021
-167.125	0.0	0.00021
-167.0	0.0	0.00021
-166.875	0.0	0.00021
-166.75	0.0	0.00021
-166.625	0.0	0.00021
-166.5	0.0	0.00021
-166.375	0.0	0.00021
-166.25	0.0	0.00021
-166.125	0.0	0.00021
-166.0	0.0	0.00021
-165.875	0.0	0.00021
-165.75	0.0	0.000209
-165.625	0.0	0.000209
-165.5	0.0	0.000209
-165.375	0.0	0.000209
-165.25	0.0	0.000209
-165.125	0.0	0.000209
-165.0	0.0	0.000209
-164.875	0.0	0.000208
-164.75	0.0	0.000208
-164.625	0.0	0.000208
-164.5	0.0	0.000208
-164.375	0.0	0.000208
-164.25	0.0	0.000207
-164.125	0.0	0.000207
-164.0	0.0	0.000207
-163.875	0.0	0.000207
-163.75	0.0	0.000206
-163.625	0.0	0.000206
-163.5	0.0	0.000206
-163.375	0.0	0.000205
-163.25	0.0	0.000205
-163.125	0.0	0.000205
-163.0	0.0	0.000204
-162.875	0.0	0.000204
-162.75	0.0	0.000204
-162.625	0.0	0.000203
-162.5	0.0	0.000203
-162.375	0.0	0.000202
-162.25	0.0	0.000202
-162.125	0.0	0.000202
-162.0	0.0	0.000201
-161.875	0.0	0.000201
-161.75	0.0	0.0002
-161.625	0.0	0.0002
-161.5	0.0	0.0002
-161.375	0.0	0.000199
-161.25	0.0	0.000199
-161.125	0.0	0.000198
-161.0	0.0	0.000198
-160.875	0.0	0.000197
-160.75	0.0	0.000197
-160.625	0.0	0.000197
-160.5	0.0	0.000196
-160.375	0.0	0.000196
-160.25	0.0	0.000195
-160.125	0.0	0.000195
-160.0	0.0	0.000194
-159.875	0.0	0.000194
-159.75	0.0	0.000193
-159.625	0.0	0.000192
-159.5	0.0	0.000192
-159.375	0.0	0.000191
-159.25	0.0	0.00019
-159.125	0.0	0.000188
-159.0	0.0	0.000187
-158.875	0.0	0.000185
-158.75	0.0	0.000184
-158.625	0.0	0.000181
-158.5	0.0	0.000179
-158.375	0.0	0.000176
-158.25	0.0	0.000172
-158.125	0.0	0.000168
-158.0	0.0	0.000164
-157.875	0.0	0.000158
-157.75	0.0	0.000152
-157.625	0.0	0.000146
-157.5	0.0	0.000138
-157.375	0.0	0.00013
-157.25	0.0	0.00012
-157.125	0.0	0.00011
-157.0	0.0	9.9e-5
-156.875	0.0	8.6e-5
-156.75	0.0	7.3e-5
-156.625	0.0	5.9e-5
-156.5	0.0	4.4e-5
-156.375	0.0	2.8e-5
-156.25	0.0	1.1e-5
-156.125	0.0	-6.0e-6
-156.0	0.0	-2.4e-5
-155.875	0.0	-4.1e-5
-155.75	0.0	-5.8e-5
-155.625	0.0	-7.4e-5
-155.5	0.0	-8.9e-5
-155.375	0.0	-0.000102
-155.25	0.0	-0.000112
-155.125	0.0	-0.000119
-155.0	0.0	-0.000122
-154.875	0.0	-0.00012
-154.75	0.0	-0.000111
-154.625	0.0	-9.6e-5
-154.5	0.0	-7.2e-5
-154.375	0.0	-3.8e-5
-154.25	0.0	7.0e-6
-154.125	0.0	6.5e-5
-154.0	0.0	0.000137
-153.875	0.0	0.000225
-153.75	0.0	0.000329
-153.625	0.0	0.000453
-153.5	0.0	0.000597
-153.375	0.0	0.000762
-153.25	1.0e-6	0.00095
-153.125	1.0e-6	0.001162
-153.0	1.0e-6	0.001398
-152.875	1.0e-6	0.001659
-152.75	1.0e-6	0.001946
-152.625	1.0e-6	0.002257
-152.5	2.0e-6	0.002592
-152.375	2.0e-6	0.002949
-152.25	2.0e-6	0.003326
-152.125	3.0e-6	0.003721
-152.0	3.0e-6	0.004129
-151.875	4.0e-6	0.004546
-151.75	5.0e-6	0.004965
-151.625	6.0e-6	0.005381
-151.5	7.0e-6	0.005786
-151.375	8.0e-6	0.006169
-151.25	1.0e-5	0.00652
-151.125	1.2e-5	0.006829
-151.0	1.4e-5	0.007082
-150.875	1.7e-5	0.007264
-150.75	2.0e-5	0.007361
-150.625	2.3e-5	0.007355
-150.5	2.7e-5	0.007228
-150.375	3.2e-5	0.006962
-150.25	3.8e-5	0.006538
-150.125	4.5e-5	0.005934
-150.0	5.2e-5	0.005131
-149.875	6.1e-5	0.004107
-149.75	7.2e-5	0.002843
-149.625	8.4e-5	0.001318
-149.5	9.8e-5	-0.000487
-149.375	0.000115	-0.002588
-149.25	0.000134	-0.005001
-149.125	0.000156	-0.00774
-149.0	0.000182	-0.010813
-148.875	0.000211	-0.014227
-148.75	0.000245	-0.017983
-148.625	0.000285	-0.022078
-148.5	0.00033	-0.026502
-148.375	0.000382	-0.031241
-148.25	0.000441	-0.036272
-148.125	0.00051	-0.041564
-148.0	0.000588	-0.04708
-147.875	0.000678	-0.052773
-147.75	0.00078	-0.058586
-147.625	0.000897	-0.064453
-147.5	0.00103	-0.070299
-147.375	0.001182	-0.076039
-147.25	0.001354	-0.081576
-147.125	0.00155	-0.086805
-147.0	0.001772	-0.091611
-146.875	0.002024	-0.095869
-146.75	0.002308	-0.099447
-146.625	0.00263	-0.102206
-146.5	0.002994	-0.103997
-146.375	0.003404	-0.104671
-146.25	0.003865	-0.104072
-146.125	0.004385	-0.102043
-146.0	0.004968	-0.09843
-145.875	0.005623	-0.093079
-145.75	0.006358	-0.085842
-145.625	0.00718	-0.07658
-145.5	0.008099	-0.065166
-145.375	0.009125	-0.051483
-145.25	0.010271	-0.035437
-145.125	0.011547	-0.016949
-145.0	0.012967	0.004032
-144.875	0.014545	0.027532
-144.75	0.016298	0.053545
-144.625	0.018241	0.082033
-144.5	0.020392	0.112919
-144.375	0.022772	0.14609
-144.25	0.025402	0.181387
-144.125	0.028303	0.21861
-144.0	0.0315	0.257513
-143.875	0.035019	0.2978
-143.75	0.038887	0.339132
-143.625	0.043135	0.38112
-143.5	0.047793	0.423327
-143.375	0.052894	0.465272
-143.25	0.058475	0.506431
-143.125	0.064572	0.546239
-143.0	0.071225	0.584093
-142.875	0.078475	0.619361
-142.75	0.086366	0.651382
-142.625	0.094945	0.679477
-142.5	0.104258	0.702951
-142.375	0.114357	0.721106
-142.25	0.125294	0.733249
-142.125	0.137123	0.738697
-142.0	0.149901	0.736793
-141.875	0.163685	0.72691
-141.75	0.178538	0.708468
-141.625	0.194519	0.680939
-141.5	0.211694	0.643865
-141.375	0.230128	0.59686
-141.25	0.249886	0.539631
-141.125	0.271037	0.47198
-141.0	0.293648	0.393816
-140.875	0.31779	0.305169
-140.75	0.343531	0.206189
-140.625	0.370942	0.097162
-140.5	0.400091	-0.02149
-140.375	0.431047	-0.149204
-140.25	0.463878	-0.285271
-140.125	0.49865	-0.428838
-140.0	0.535429	-0.578907
-139.875	0.574277	-0.73434
-139.75	0.615253	-0.893863
-139.625	0.658415	-1.056072
-139.5	0.703815	-1.219445
-139.375	0.751503	-1.382351
-139.25	0.801524	-1.543065
-139.125	0.853916	-1.699784
-139.0	0.908715	-1.850643
-138.875	0.965946	-1.993735
-138.75	1.025632	-2.127131
-138.625	1.087787	-2.248905
-138.5	1.152416	-2.357153
-138.375	1.219517	-2.450022
-138.25	1.28908	-2.52573
-138.125	1.361085	-2.582594
-138.0	1.435502	-2.619057
-137.875	1.512292	-2.633706
-137.75	1.591405	-2.625302
-137.625	1.672781	-2.5928
-137.5	1.756349	-2.535372
-137.375	1.842026	-2.452422
-137.25	1.929719	-2.343609
-137.125	2.019323	-2.208858
-137.0	2.11072	-2.04837
-136.875	2.203783	-1.862637
-136.75	2.298372	-1.652441
-136.625	2.394336	-1.418858
-136.5	2.491513	-1.163259
-136.375	2.589731	-0.887299
-136.25	2.688805	-0.592912
-136.125	2.788542	-0.282297
-136.0	2.88874	0.042101
-135.875	2.989186	0.37761
-135.75	3.089661	0.721356
-135.625	3.189936	1.070289
-135.5	3.289777	1.421216
-135.375	3.388942	1.770829
-135.25	3.487186	2.115747
-135.125	3.584259	2.452549
-135.0	3.679909	2.777813
-134.875	3.773879	3.088155
-134.75	3.865913	3.38027
-134.625	3.955757	3.650974
-134.5	4.043155	3.897238
-134.375	4.127855	4.116228
-134.25	4.209609	4.305344
-134.125	4.288175	4.46225
-134.0	4.363313	4.584909
-133.875	4.434796	4.671607
-133.75	4.502401	4.720979
-133.625	4.565917	4.732034
-133.5	4.625143	4.704162
-133.375	4.679889	4.637155
-133.25	4.72998	4.531207
-133.125	4.775252	4.386919
-133.0	4.815558	4.205297
-132.875	4.850764	3.987739
-132.75	4.880756	3.736028
-132.625	4.905432	3.45231
-132.5	4.924711	3.139073
-132.375	4.938527	2.799122
-132.25	4.946836	2.435543
-132.125	4.949609	2.051675
-132.0	4.946836	1.651069
-131.875	4.938528	1.237449
-131.75	4.924711	0.814668
-131.625	4.905432	0.386667
-131.5	4.880756	-0.042571
-131.375	4.850764	-0.469066
-131.25	4.815558	-0.888886
-131.125	4.775252	-1.298192
-131.0	4.72998	-1.693279
-130.875	4.679889	-2.070617
-130.75	4.625143	-2.426893
-130.625	4.565917	-2.75904
-130.5	4.502401	-3.064274
-130.375	4.434796	-3.340121
-130.25	4.363314	-3.584441
-130.125	4.288175	-3.795447
-130.0	4.20961	-3.971723
-129.875	4.127855	-4.11223
-129.75	4.043155	-4.216315
-129.625	3.955757	-4.283713
-129.5	3.865914	-4.314539
-129.375	3.773879	-4.309284
-129.25	3.679909	-4.268799
-129.125	3.58426	-4.194279
-129.0	3.487186	-4.087242
-128.875	3.388942	-3.949508
-128.75	3.289777	-3.783164
-128.625	3.189936	-3.590542
-128.5	3.089661	-3.374183
-128.375	2.989187	-3.1368
-128.25	2.88874	-2.881248
-128.125	2.788542	-2.610486
-128.0	2.688805	-2.327538
-127.875	2.589731	-2.03546
-127.75	2.491514	-1.737303
-127.625	2.394337	-1.436081
-127.5	2.298373	-1.134734
-127.375	2.203784	-0.836099
-127.25	2.110721	-0.542884
-127.125	2.019323	-0.257638
-127.0	1.92972	0.017269
-126.875	1.842027	0.279669
-126.75	1.756349	0.527611
-126.625	1.672781	0.759374
-126.5	1.591405	0.973479
-126.375	1.512292	1.168697
-126.25	1.435502	1.344049
-126.125	1.361085	1.498808
-126.0	1.28908	1.632497
-125.875	1.219517	1.744884
-125.75	1.152416	1.83597
-125.625	1.087787	1.905981
-125.5	1.025633	1.955354
-125.375	0.965946	1.984722
-125.25	0.908715	1.994897
-125.125	0.853916	1.98685
-125.0	0.801524	1.961694
-124.875	0.751503	1.920663
-124.75	0.703815	1.865091
-124.625	0.658415	1.796391
-124.5	0.615253	1.716036
-124.375	0.574277	1.625536
-124.25	0.535429	1.526419
-124.125	0.498651	1.420216
-124.0	0.463878	1.308437
-123.875	0.431047	1.192559
-123.75	0.400091	1.074011
-123.625	0.370942	0.954157
-123.5	0.343531	0.834286
-123.375	0.31779	0.715603
-123.25	0.293648	0.599219
-123.125	0.271037	0.486144
-123.0	0.249886	0.37728
-122.875	0.230128	0.273423
-122.75	0.211694	0.175256
-122.625	0.194519	0.08335
-122.5	0.178538	-0.001835
-122.375	0.163686	-0.079946
-122.25	0.149901	-0.150735
-122.125	0.137123	-0.214055
-122.0	0.125294	-0.269852
-121.875	0.114357	-0.318162
-121.75	0.104258	-0.359098
-121.625	0.094945	-0.392851
-121.5	0.086366	-0.419676
-121.375	0.078475	-0.439882
-121.25	0.071225	-0.453831
-121.125	0.064572	-0.461925
-121.0	0.058475	-0.464596
-120.875	0.052894	-0.462303
-120.75	0.047793	-0.455522
-120.625	0.043135	-0.444738
-120.5	0.038887	-0.430438
-120.375	0.035019	-0.413109
-120.25	0.0315	-0.393225
-120.125	0.028303	-0.371249
-120.0	0.025402	-0.347626
-119.875	0.022772	-0.322777
-119.75	0.020392	-0.297098
-119.625	0.018241	-0.270957
-119.5	0.016298	-0.244694
-119.375	0.014545	-0.218614
-119.25	0.012967	-0.192993
-119.125	0.011547	-0.168074
-119.0	0.010271	-0.144064
-118.875	0.009125	-0.121143
-118.75	0.008099	-0.099456
-118.625	0.00718	-0.07912
-118.5	0.006358	-0.060222
-118.375	0.005623	-0.042826
-118.25	0.004968	-0.026967
-118.125	0.004385	-0.012659
-118.0	0.003865	0.000104
-117.875	0.003404	0.011347
-117.75	0.002994	0.02111
-117.625	0.00263	0.029448
-117.5	0.002308	0.036427
-117.375	0.002024	0.042123
-117.25	0.001772	0.046618
-117.125	0.00155	0.050002
-117.0	0.001354	0.052367
-116.875	0.001182	0.053807
-116.75	0.00103	0.054418
-116.625	0.000897	0.054294
-116.5	0.00078	0.053529
-116.375	0.000678	0.052211
-116.25	0.000588	0.050427
-116.125	0.00051	0.048258
-116.0	0.000442	0.045781
-115.875	0.000382	0.043068
-115.75	0.00033	0.040183
-115.625	0.000285	0.037186
-115.5	0.000245	0.03413
-115.375	0.000211	0.031062
-115.25	0.000182	0.028024
-115.125	0.000156	0.025052
-115.0	0.000134	0.022176
-114.875	0.000115	0.019419
-114.75	9.8e-5	0.016803
-114.625	8.4e-5	0.014343
-114.5	7.2e-5	0.01205
-114.375	6.1e-5	0.00993
-114.25	5.2e-5	0.007989
-114.125	4.5e-5	0.006227
-114.0	3.8e-5	0.004642
-113.875	3.2e-5	0.003231
-113.75	2.7e-5	0.001988
-113.625	2.3e-5	0.000905
-113.5	2.0e-5	-2.7e-5
-113.375	1.7e-5	-0.000816
-113.25	1.4e-5	-0.001472
-113.125	1.2e-5	-0.002008
-113.0	1.0e-5	-0.002432
-112.875	8.0e-6	-0.002757
-112.75	7.0e-6	-0.002992
-112.625	6.0e-6	-0.003149
-112.5	5.0e-6	-0.003236
-112.375	4.0e-6	-0.003264
-112.25	3.0e-6	-0.003242
-112.125	3.0e-6	-0.003178
-112.0	2.0e-6	-0.003079
-111.875	2.0e-6	-0.002953
-111.75	2.0e-6	-0.002805
-111.625	1.0e-6	-0.002643
-111.5	1.0e-6	-0.00247
-111.375	1.0e-6	-0.00229
-111.25	1.0e-6	-0.002109
-111.125	1.0e-6	-0.001929
-111.0	1.0e-6	-0.001752
-110.875	0.0	-0.001581
-110.75	0.0	-0.001417
-110.625	0.0	-0.001263
-110.5	0.0	-0.001118
-110.375	0.0	-0.000984
-110.25	0.0	-0.00086
-110.125	0.0	-0.000748
-110.0	0.0	-0.000646
-109.875	0.0	-0.000556
-109.75	0.0	-0.000475
-109.625	0.0	-0.000405
-109.5	0.0	-0.000344
-109.375	0.0	-0.000291
-109.25	0.0	-0.000247
-109.125	0.0	-0.000209
-109.0	0.0	-0.000179
-108.875	0.0	-0.000155
-108.75	0.0	-0.000136
-108.625	0.0	-0.000121
-108.5	0.0	-0.000111
-108.375	0.0	-0.000104
-108.25	0.0	-0.000101
-108.125	0.0	-0.0001
-108.0	0.0	-0.000101
-107.875	0.0	-0.000104
-107.75	0.0	-0.000108
-107.625	0.0	-0.000113
-107.5	0.0	-0.000119
-107.375	0.0	-0.000125
-107.25	0.0	-0.000132
-107.125	0.0	-0.000139
-107.0	0.0	-0.000146
-106.875	0.0	-0.000153
-106.75	0.0	-0.00016
-106.625	0.0	-0.000167
-106.5	0.0	-0.000173
-106.375	0.0	-0.000179
-106.25	0.0	-0.000184
-106.125	0.0	-0.00019
-106.0	0.0	-0.000194
-105.875	0.0	-0.000199
-105.75	0.0	-0.000203
-105.625	0.0	-0.000206
-105.5	0.0	-0.00021
-105.375	0.0	-0.000213
-105.25	0.0	-0.000215
-105.125	0.0	-0.000218
-105.0	0.0	-0.00022
-104.875	0.0	-0.000222
-104.75	0.0	-0.000224
-104.625	0.0	-0.000225
-104.5	0.0	-0.000227
-104.375	0.0	-0.000228
-104.25	0.0	-0.000229
-104.125	0.0	-0.00023
-104.0	0.0	-0.000231
-103.875	0.0	-0.000232
-103.75	0.0	-0.000233
-103.625	0.0	-0.000233
-103.5	0.0	-0.000234
-103.375	0.0	-0.000235
-103.25	0.0	-0.000235
-103.125	0.0	-0.000236
-103.0	0.0	-0.000236
-102.875	0.0	-0.000237
-102.75	0.0	-0.000237
-102.625	0.0	-0.000238
-102.5	0.0	-0.000238
-102.375	0.0	-0.000239
-102.25	0.0	-0.000239
-102.125	0.0	-0.00024
-102.0	0.0	-0.00024
-101.875	0.0	-0.00024
-101.75	0.0	-0.000241
-101.625	0.0	-0.000241
-101.5	0.0	-0.000242
-101.375	0.0	-0.000242
-101.25	0.0	-0.000242
-101.125	0.0	-0.000243
-101.0	0.0	-0.000243
-100.875	0.0	-0.000243
-100.75	0.0	-0.000244
-100.625	0.0	-0.000244
-100.5	0.0	-0.000244
-100.375	0.0	-0.000244
-100.25	0.0	-0.000245
-100.125	0.0	-0.000245
-100.0	0.0	-0.000245
-99.875	0.0	-0.000245
-99.75	0.0	-0.000246
-99.625	0.0	-0.000246
-99.5	0.0	-0.000246
-99.375	0.0	-0.000246
-99.25	0.0	-0.000246
-99.125	0.0	-0.000247
-99.0	0.0	-0.000247
-98.875	0.0	-0.000247
-98.75	0.0	-0.000247
-98.625	0.0	-0.000247
-98.5	0.0	-0.000247
-98.375	0.0	-0.000247
-98.25	0.0	-0.000248
-98.125	0.0	-0.000248
-98.0	0.0	-0.000248
-97.875	0.0	-0.000248
-97.75	0.0	-0.000248
-97.625	0.0	-0.000248
-97.5	0.0	-0.000248
-97.375	0.0	-0.000248
-97.25	0.0	-0.000248
-97.125	0.0	-0.000248
-97.0	0.0	-0.000248
-96.875	0.0	-0.000248
-96.75	0.0	-0.000248
-96.625	0.0	-0.000248
-96.5	0.0	-0.000248
-96.375	0.0	-0.000248
-96.25	0.0	-0.000248
-96.125	0.0	-0.000248
-96.0	0.0	-0.000248
-95.875	0.0	-0.000248
-95.75	0.0	-0.000248
-95.625	0.0	-0.000248
-95.5	0.0	-0.000248
-95.375	0.0	-0.000248
-95.25	0.0	-0.000248
-95.125	0.0	-0.000248
-95.0	0.0	-0.000248
-94.875	0.0	-0.000248
-94.75	0.0	-0.000247
-94.625	0.0	-0.000247
-94.5	0.0	-0.000247
-94.375	0.0	-0.000247
-94.25	0.0	-0.000247
-94.125	0.0	-0.000247
-94.0	0.0	-0.000247
-93.875	0.0	-0.000247
-93.75	0.0	-0.000247
-93.625	0.0	-0.000246
-93.5	0.0	-0.000246
-93.375	0.0	-0.000246
-93.25	0.0	-0.000246
-93.125	0.0	-0.000246
-93.0	0.0	-0.000246
-92.875	0.0	-0.000246
-92.75	0.0	-0.000245
-92.625	0.0	-0.000245
-92.5	0.0	-0.000245
-92.375	0.0	-0.000245
-92.25	0.0	-0.000245
-92.125	0.0	-0.000245
-92.0	0.0	-0.000244
-91.875	0.0	-0.000244
-91.75	0.0	-0.000244
-91.625	0.0	-0.000244
-91.5	0.0	-0.000244
-91.375	0.0	-0.000243
-91.25	0.0	-0.000243
-91.125	0.0	-0.000243
-91.0	0.0	-0.000243
-90.875	0.0	-0.000243
-90.75	0.0	-0.000242
-90.625	0.0	-0.000242
-90.5	0.0	-0.000242
-90.375	0.0	-0.000242
-90.25	0.0	-0.000242
-90.125	0.0	-0.000241
-90.0	0.0	-0.000241
-89.875	0.0	-0.000241
-89.75	0.0	-0.000241
-89.625	0.0	-0.00024
-89.5	0.0	-0.00024
-89.375	0.0	-0.00024
-89.25	0.0	-0.00024
-89.125	0.0	-0.00024
-89.0	0.0	-0.000239
-88.875	0.0	-0.000239
-88.75	0.0	-0.000239
-88.625	0.0	-0.000239
-88.5	0.0	-0.000238
-88.375	0.0	-0.000238
-88.25	0.0	-0.000238
-88.125	0.0	-0.000238
-88.0	0.0	-0.000237
-87.875	0.0	-0.000237
-87.75	0.0	-0.000237
-87.625	0.0	-0.000237
-87.5	0.0	-0.000236
-87.375	0.0	-0.000236
-87.25	0.0	-0.000236
-87.125	0.0	-0.000235
-87.0	0.0	-0.000235
-86.875	0.0	-0.000235
-86.75	0.0	-0.000235
-86.625	0.0	-0.000234
-86.5	0.0	-0.000234
-86.375	0.0	-0.000234
-86.25	0.0	-0.000234
-86.125	0.0	-0.000233
-86.0	0.0	-0.000233
-85.875	0.0	-0.000233
-85.75	0.0	-0.000233
-85.625	0.0	-0.000232
-85.5	0.0	-0.000232
-85.375	0.0	-0.000232
-85.25	0.0	-0.000231
-85.125	0.0	-0.000231
-85.0	0.0	-0.000231
-84.875	0.0	-0.000231
-84.75	0.0	-0.00023
-84.625	0.0	-0.00023
-84.5	0.0	-0.00023
-84.375	0.0	-0.000229
-84.25	0.0	-0.000229
-84.125	0.0	-0.000229
-84.0	0.0	-0.000229
-83.875	0.0	-0.000228
-83.75	0.0	-0.000228
-83.625	0.0	-0.000228
-83.5	0.0	-0.000227
-83.375	0.0	-0.000227
-83.25	0.0	-0.000227
-83.125	0.0	-0.000226
-83.0	0.0	-0.000226
-82.875	0.0	-0.000226
-82.75	0.0	-0.000226
-82.625	0.0	-0.000225
-82.5	0.0	-0.000225
-82.375	0.0	-0.000225
-82.25	0.0	-0.000224
-82.125	0.0	-0.000224
-82.0	0.0	-0.000224
-81.875	0.0	-0.000224
-81.75	0.0	-0.000223
-81.625	0.0	-0.000223
-81.5	0.0	-0.000223
-81.375	0.0	-0.000222
-81.25	0.0	-0.000222
-81.125	0.0	-0.000222
-81.0	0.0	-0.000221
-80.875	0.0	-0.000221
-80.75	0.0	-0.000221
-80.625	0.0	-0.000221
-80.5	0.0	-0.00022
-80.375	0.0	-0.00022
-80.25	0.0	-0.00022
-80.125	0.0	-0.000219
-80.0	0.0	-0.000219
-79.875	0.0	-0.000219
-79.75	0.0	-0.000218
-79.625	0.0	-0.000218
-79.5	0.0	-0.000218
-79.375	0.0	-0.000218
-79.25	0.0	-0.000217
-79.125	0.0	-0.000217
-79.0	0.0	-0.000217
-78.875	0.0	-0.000216
-78.75	0.0	-0.000216
-78.625	0.0	-0.000216
-78.5	0.0	-0.000215
-78.375	0.0	-0.000215
-78.25	0.0	-0.000215
-78.125	0.0	-0.000215
-78.0	0.0	-0.000214
-77.875	0.0	-0.000214
-77.75	0.0	-0.000214
-77.625	0.0	-0.000213
-77.5	0.0	-0.000213
-77.375	0.0	-0.000213
-77.25	0.0	-0.000212
-77.125	0.0	-0.000212
-77.0	0.0	-0.000212
-76.875	0.0	-0.000212
-76.75	0.0	-0.000211
-76.625	0.0	-0.000211
-76.5	0.0	-0.000211
-76.375	0.0	-0.00021
-76.25	0.0	-0.00021
-76.125	0.0	-0.00021
-76.0	0.0	-0.000209
-75.875	0.0	-0.000209
-75.75	0.0	-0.000209
-75.625	0.0	-0.000209
-75.5	0.0	-0.000208
-75.375	0.0	-0.000208
-75.25	0.0	-0.000208
-75.125	0.0	-0.000207
-75.0	0.0	-0.000207
-74.875	0.0	-0.000207
-74.75	0.0	-0.000207
-74.625	0.0	-0.000206
-74.5	0.0	-0.000206
-74.375	0.0	-0.000206
-74.25	0.0	-0.000205
-74.125	0.0	-0.000205
-74.0	0.0	-0.000205
-73.875	0.0	-0.000204
-73.75	0.0	-0.000204
-73.625	0.0	-0.000204
-73.5	0.0	-0.000204
-73.375	0.0	-0.000203
-73.25	0.0	-0.000203
-73.125	0.0	-0.000203
-73.0	0.0	-0.000202
-72.875	0.0	-0.000202
-72.75	0.0	-0.000202
-72.625	0.0	-0.000202
-72.5	0.0	-0.000201
-72.375	0.0	-0.000201
-72.25	0.0	-0.000201
-72.125	0.0	-0.0002
-72.0	0.0	-0.0002
-71.875	0.0	-0.0002
-71.75	0.0	-0.0002
-71.625	0.0	-0.000199
-71.5	0.0	-0.000199
-71.375	0.0	-0.000199
-71.25	0.0	-0.000198
-71.125	0.0	-0.000198
-71.0	0.0	-0.000198
-70.875	0.0	-0.000198
-70.75	0.0	-0.000197
-70.625	0.0	-0.000197
-70.5	0.0	-0.000197
-70.375	0.0	-0.000196
-70.25	0.0	-0.000196
-70.125	0.0	-0.000196
-70.0	0.0	-0.000196
-69.875	0.0	-0.000195
-69.75	0.0	-0.000195
-69.625	0.0	-0.000195
-69.5	0.0	-0.000194
-69.375	0.0	-0.000194
-69.25	0.0	-0.000194
-69.125	0.0	-0.000194
-69.0	0.0	-0.000193
-68.875	0.0	-0.000193
-68.75	0.0	-0.000193
-68.625	0.0	-0.000192
-68.5	0.0	-0.000192
-68.375	0.0	-0.000192
-68.25	0.0	-0.000192
-68.125	0.0	-0.000191
-68.0	0.0	-0.000191
-67.875	0.0	-0.000191
-67.75	0.0	-0.000191
-67.625	0.0	-0.00019
-67.5	0.0	-0.00019
-67.375	0.0	-0.00019
-67.25	0.0	-0.000189
-67.125	0.0	-0.000189
-67.0	0.0	-0.000189
-66.875	0.0	-0.000189
-66.75	0.0	-0.000188
-66.625	0.0	-0.000188
-66.5	0.0	-0.000188
-66.375	0.0	-0.000188
-66.25	0.0	-0.000187
-66.125	0.0	-0.000187
-66.0	0.0	-0.000187
-65.875	0.0	-0.000186
-65.75	0.0	-0.000186
-65.625	0.0	-0.000186
-65.5	0.0	-0.000186
-65.375	0.0	-0.000185
-65.25	0.0	-0.000185
-65.125	0.0	-0.000185
-65.0	0.0	-0.000185
-64.875	0.0	-0.000184
-64.75	0.0	-0.000184
-64.625	0.0	-0.000184
-64.5	0.0	-0.000184
-64.375	0.0	-0.000183
-64.25	0.0	-0.000183
-64.125	0.0	-0.000183
-64.0	0.0	-0.000183
-63.875	0.0	-0.000182
-63.75	0.0	-0.000182
-63.625	0.0	-0.000182
-63.5	0.0	-0.000181
-63.375	0.0	-0.000181
-63.25	0.0	-0.000181
-63.125	0.0	-0.000181
-63.0	0.0	-0.00018
-62.875	0.0	-0.00018
-62.75	0.0	-0.00018
-62.625	0.0	-0.00018
-62.5	0.0	-0.000179
-62.375	0.0	-0.000179
-62.25	0.0	-0.000179
-62.125	0.0	-0.000179
-62.0	0.0	-0.000178
-61.875	0.0	-0.000178
-61.75	0.0	-0.000178
-61.625	0.0	-0.000178
-61.5	0.0	-0.000177
-61.375	0.0	-0.000177
-61.25	0.0	-0.000177
-61.125	0.0	-0.000177
-61.0	0.0	-0.000176
-60.875	0.0	-0.000176
-60.75	0.0	-0.000176
-60.625	0.0	-0.000176
-60.5	0.0	-0.000175
-60.375	0.0	-0.000175
-60.25	0.0	-0.000175
-60.125	0.0	-0.000175
-60.0	0.0	-0.000174
-59.875	0.0	-0.000174
-59.75	0.0	-0.000174
-59.625	0.0	-0.000174
-59.5	0.0	-0.000173
-59.375	0.0	-0.000173
-59.25	0.0	-0.000173
-59.125	0.0	-0.000173
-59.0	0.0	-0.000172
-58.875	0.0	-0.000172
-58.75	0.0	-0.000172
-58.625	0.0	-0.000172
-58.5	0.0	-0.000171
-58.375	0.0	-0.000171
-58.25	0.0	-0.000171
-58.125	0.0	-0.000171
-58.0	0.0	-0.00017
-57.875	0.0	-0.00017
-57.75	0.0	-0.00017
-57.625	0.0	-0.00017
-57.5	0.0	-0.00017
-57.375	0.0	-0.000169
-57.25	0.0	-0.000169
-57.125	0.0	-0.000169
-57.0	0.0	-0.000169
-56.875	0.0	-0.000168
-56.75	0.0	-0.000168
-56.625	0.0	-0.000168
-56.5	0.0	-0.000168
-56.375	0.0	-0.000167
-56.25	0.0	-0.000167
-56.125	0.0	-0.000167
-56.0	0.0	-0.000167
-55.875	0.0	-0.000166
-55.75	0.0	-0.000166
-55.625	0.0	-0.000166
-55.5	0.0	-0.000166
-55.375	0.0	-0.000166
-55.25	0.0	-0.000165
-55.125	0.0	-0.000165
-55.0	0.0	-0.000165
-54.875	0.0	-0.000165
-54.75	0.0	-0.000164
-54.625	0.0	-0.000164
-54.5	0.0	-0.000164
-54.375	0.0	-0.000164
-54.25	0.0	-0.000164
-54.125	0.0	-0.000163
-54.0	0.0	-0.000163
-53.875	0.0	-0.000163
-53.75	0.0	-0.000163
-53.625	0.0	-0.000162
-53.5	0.0	-0.000162
-53.375	0.0	-0.000162
-53.25	0.0	-0.000162
-53.125	0.0	-0.000161
-53.0	0.0	-0.000161
-52.875	0.0	-0.000161
-52.75	0.0	-0.000161
-52.625	0.0	-0.000161
-52.5	0.0	-0.00016
-52.375	0.0	-0.00016
-52.25	0.0	-0.00016
-52.125	0.0	-0.00016
-52.0	0.0	-0.000159
-51.875	0.0	-0.000159
-51.75	0.0	-0.000159
-51.625	0.0	-0.000159
-51.5	0.0	-0.000159
-51.375	0.0	-0.000158
-51.25	0.0	-0.000158
-51.125	0.0	-0.000158
-51.0	0.0	-0.000158
-50.875	0.0	-0.000158
-50.75	0.0	-0.000157
-50.625	0.0	-0.000157
-50.5	0.0	-0.000157
-50.375	0.0	-0.000157
-50.25	0.0	-0.000156
-50.125	0.0	-0.000156
-50.0	0.0	-0.000156
-49.875	0.0	-0.000156
-49.75	0.0	-0.000156
-49.625	0.0	-0.000155
-49.5	0.0	-0.000155
-49.375	0.0	-0.000155
-49.25	0.0	-0.000155
-49.125	0.0	-0.000155
-49.0	0.0	-0.000154
-48.875	0.0	-0.000154
-48.75	0.0	-0.000154
-48.625	0.0	-0.000154
-48.5	0.0	-0.000154
-48.375	0.0	-0.000153
-48.25	0.0	-0.000153
-48.125	0.0	-0.000153
-48.0	0.0	-0.000153
-47.875	0.0	-0.000152
-47.75	0.0	-0.000152
-47.625	0.0	-0.000152
-47.5	0.0	-0.000152
-47.375	0.0	-0.000152
-47.25	0.0	-0.000151
-47.125	0.0	-0.000151
-47.0	0.0	-0.000151
-46.875	0.0	-0.000151
-46.75	0.0	-0.000151
-46.625	0.0	-0.00015
-46.5	0.0	-0.00015
-46.375	0.0	-0.00015
-46.25	0.0	-0.00015
-46.125	0.0	-0.00015
-46.0	0.0	-0.000149
-45.875	0.0	-0.000149
-45.75	0.0	-0.000149
-45.625	0.0	-0.000149
-45.5	0.0	-0.000149
-45.375	0.0	-0.000148
-45.25	0.0	-0.000148
-45.125	0.0	-0.000148
-45.0	0.0	-0.000148
-44.875	0.0	-0.000148
-44.75	0.0	-0.000147
-44.625	0.0	-0.000147
-44.5	0.0	-0.000147
-44.375	0.0	-0.000147
-44.25	0.0	-0.000147
-44.125	0.0	-0.000146
-44.0	0.0	-0.000146
-43.875	0.0	-0.000146
-43.75	0.0	-0.000146
-43.625	0.0	-0.000146
-43.5	0.0	-0.000146
-43.375	0.0	-0.000145
-43.25	0.0	-0.000145
-43.125	0.0	-0.000145
-43.0	0.0	-0.000145
-42.875	0.0	-0.000145
-42.75	0.0	-0.000144
-42.625	0.0	-0.000144
-42.5	0.0	-0.000144
-42.375	0.0	-0.000144
-42.25	0.0	-0.000144
-42.125	0.0	-0.000143
-42.0	0.0	-0.000143
-41.875	0.0	-0.000143
-41.75	0.0	-0.000143
-41.625	0.0	-0.000143
-41.5	0.0	-0.000142
-41.375	0.0	-0.000142
-41.25	0.0	-0.000142
-41.125	0.0	-0.000142
-41.0	0.0	-0.000142
-40.875	0.0	-0.000142
-40.75	0.0	-0.000141
-40.625	0.0	-0.000141
-40.5	0.0	-0.000141
-40.375	0.0	-0.000141
-40.25	0.0	-0.000141
-40.125	0.0	-0.00014
-40.0	0.0	-0.00014
-39.875	0.0	-0.00014
-39.75	0.0	-0.00014
-39.625	0.0	-0.00014
-39.5	0.0	-0.00014
-39.375	0.0	-0.000139
-39.25	0.0	-0.000139
-39.125	0.0	-0.000139
-39.0	0.0	-0.000139
-38.875	0.0	-0.000139
-38.75	0.0	-0.000138
-38.625	0.0	-0.000138
-38.5	0.0	-0.000138
-38.375	0.0	-0.000138
-38.25	0.0	-0.000138
-38.125	0.0	-0.000138
-38.0	0.0	-0.000137
-37.875	0.0	-0.000137
-37.75	0.0	-0.000137
-37.625	0.0	-0.000137
-37.5	0.0	-0.000137
-37.375	0.0	-0.000136
-37.25	0.0	-0.000136
-37.125	0.0	-0.000136
-37.0	0.0	-0.000136
-36.875	0.0	-0.000136
-36.75	0.0	-0.000136
-36.625	0.0	-0.000135
-36.5	0.0	-0.000135
-36.375	0.0	-0.000135
-36.25	0.0	-0.000135
-36.125	0.0	-0.000135
-36.0	0.0	-0.000135
-35.875	0.0	-0.000134
-35.75	0.0	-0.000134
-35.625	0.0	-0.000134
-35.5	0.0	-0.000134
-35.375	0.0	-0.000134
-35.25	0.0	-0.000134
-35.125	0.0	-0.000133
-35.0	0.0	-0.000133
-34.875	0.0	-0.000133
-34.75	0.0	-0.000133
-34.625	0.0	-0.000133
-34.5	0.0	-0.000133
-34.375	0.0	-0.000132
-34.25	0.0	-0.000132
-34.125	0.0	-0.000132
-34.0	0.0	-0.000132
-33.875	0.0	-0.000132
-33.75	0.0	-0.000132
-33.625	0.0	-0.000131
-33.5	0.0	-0.000131
-33.375	0.0	-0.000131
-33.25	0.0	-0.000131
-33.125	0.0	-0.000131
-33.0	0.0	-0.000131
-32.875	0.0	-0.00013
-32.75	0.0	-0.00013
-32.625	0.0	-0.00013
-32.5	0.0	-0.00013
-32.375	0.0	-0.00013
-32.25	0.0	-0.00013
-32.125	0.0	-0.000129
-32.0	0.0	-0.000129
-31.875	0.0	-0.000129
-31.75	0.0	-0.000129
-31.625	0.0	-0.000129
-31.5	0.0	-0.000129
-31.375	0.0	-0.000128
-31.25	0.0	-0.000128
-31.125	0.0	-0.000128
-31.0	0.0	-0.000128
-30.875	0.0	-0.000128
-30.75	0.0	-0.000128
-30.625	0.0	-0.000127
-30.5	0.0	-0.000127
-30.375	0.0	-0.000127
-30.25	0.0	-0.000127
-30.125	0.0	-0.000127
-30.0	0.0	-0.000127
-29.875	0.0	-0.000126
-29.75	0.0	-0.000126
-29.625	0.0	-0.000126
-29.5	0.0	-0.000126
-29.375	0.0	-0.000126
-29.25	0.0	-0.000126
-29.125	0.0	-0.000125
-29.0	0.0	-0.000125
-28.875	0.0	-0.000125
-28.75	0.0	-0.000125
-28.625	0.0	-0.000125
-28.5	0.0	-0.000125
-28.375	0.0	-0.000125
-28.25	0.0	-0.000124
-28.125	0.0	-0.000124
-28.0	0.0	-0.000124
-27.875	0.0	-0.000124
-27.75	0.0	-0.000124
-27.625	0.0	-0.000124
-27.5	0.0	-0.000123
-27.375	0.0	-0.000123
-27.25	0.0	-0.000123
-27.125	0.0	-0.000123
-27.0	0.0	-0.000123
-26.875	0.0	-0.000123
-26.75	0.0	-0.000123
-26.625	0.0	-0.000122
-26.5	0.0	-0.000122
-26.375	0.0	-0.000122
-26.25	0.0	-0.000122
-26.125	0.0	-0.000122
-26.0	0.0	-0.000122
-25.875	0.0	-0.000121
-25.75	0.0	-0.000121
-25.625	0.0	-0.000121
-25.5	0.0	-0.000121
-25.375	0.0	-0.000121
-25.25	0.0	-0.000121
-25.125	0.0	-0.000121
-25.0	0.0	-0.00012
-24.875	0.0	-0.00012
-24.75	0.0	-0.00012
-24.625	0.0	-0.00012
-24.5	0.0	-0.00012
-24.375	0.0	-0.00012
-24.25	0.0	-0.00012
-24.125	0.0	-0.000119
-24.0	0.0	-0.000119
-23.875	0.0	-0.000119
-23.75	0.0	-0.000119
-23.625	0.0	-0.000119
-23.5	0.0	-0.000119
-23.375	0.0	-0.000119
-23.25	0.0	-0.000118
-23.125	0.0	-0.000118
-23.0	0.0	-0.000118
-22.875	0.0	-0.000118
-22.75	0.0	-0.000118
-22.625	0.0	-0.000118
-22.5	0.0	-0.000118
-22.375	0.0	-0.000117
-22.25	0.0	-0.000117
-22.125	0.0	-0.000117
-22.0	0.0	-0.000117
-21.875	0.0	-0.000117
-21.75	0.0	-0.000117
-21.625	0.0	-0.000117
-21.5	0.0	-0.000116
-21.375	0.0	-0.000116
-21.25	0.0	-0.000116
-21.125	0.0	-0.000116
-21.0	0.0	-0.000116
-20.875	0.0	-0.000116
-20.75	0.0	-0.000116
-20.625	0.0	-0.000115
-20.5	0.0	-0.000115
-20.375	0.0	-0.000115
-20.25	0.0	-0.000115
-20.125	0.0	-0.000115
-20.0	0.0	-0.000115
-19.875	0.0	-0.000115
-19.75	0.0	-0.000114
-19.625	0.0	-0.000114
-19.5	0.0	-0.000114
-19.375	0.0	-0.000114
-19.25	0.0	-0.000114
-19.125	0.0	-0.000114
-19.0	0.0	-0.000114
-18.875	0.0	-0.000113
-18.75	0.0	-0.000113
-18.625	0.0	-0.000113
-18.5	0.0	-0.000113
-18.375	0.0	-0.000113
-18.25	0.0	-0.000113
-18.125	0.0	-0.000113
-18.0	0.0	-0.000112
-17.875	0.0	-0.000112
-17.75	0.0	-0.000112
-17.625	0.0	-0.000112
-17.5	0.0	-0.000112
-17.375	0.0	-0.000112
-17.25	0.0	-0.000112
-17.125	0.0	-0.000112
-17.0	0.0	-0.000111
-16.875	0.0	-0.000111
-16.75	0.0	-0.000111
-16.625	0.0	-0.000111
-16.5	0.0	-0.000111
-16.375	0.0	-0.000111
-16.25	0.0	-0.000111
-16.125	0.0	-0.00011
-16.0	0.0	-0.00011
-15.875	0.0	-0.00011
-15.75	0.0	-0.00011
-15.625	0.0	-0.00011
-15.5	0.0	-0.00011
-15.375	0.0	-0.00011
-15.25	0.0	-0.000109
-15.125	0.0	-0.000109
-15.0	0.0	-0.000109
-14.875	0.0	-0.000109
-14.75	0.0	-0.000109
-14.625	0.0	-0.000109
-14.5	0.0	-0.000109
-14.375	0.0	-0.000109
-14.25	0.0	-0.000108
-14.125	0.0	-0.000108
-14.0	0.0	-0.000108
-13.875	0.0	-0.000108
-13.75	0.0	-0.000108
-13.625	0.0	-0.000108
-13.5	0.0	-0.000108
-13.375	0.0	-0.000108
-13.25	0.0	-0.000107
-13.125	0.0	-0.000107
-13.0	0.0	-0.000107
-12.875	0.0	-0.000107
-12.75	0.0	-0.000107
-12.625	0.0	-0.000107
-12.5	0.0	-0.000107
-12.375	0.0	-0.000107
-12.25	0.0	-0.000106
-12.125	0.0	-0.000106
-12.0	0.0	-0.000106
-11.875	0.0	-0.000106
-11.75	0.0	-0.000106
-11.625	0.0	-0.000106
-11.5	0.0	-0.000106
-11.375	0.0	-0.000105
-11.25	0.0	-0.000105
-11.125	0.0	-0.000105
-11.0	0.0	-0.000105
-10.875	0.0	-0.000105
-10.75	0.0	-0.000105
-10.625	0.0	-0.000105
-10.5	0.0	-0.000105
-10.375	0.0	-0.000104
-10.25	0.0	-0.000104
-10.125	0.0	-0.000104
-10.0	0.0	-0.000104
-9.875	0.0	-0.000104
-9.75	0.0	-0.000104
-9.625	0.0	-0.000104
-9.5	0.0	-0.000104
-9.375	0.0	-0.000103
-9.25	0.0	-0.000103
-9.125	0.0	-0.000103
-9.0	0.0	-0.000103
-8.875	0.0	-0.000103
-8.75	0.0	-0.000103
-8.625	0.0	-0.000103
-8.5	0.0	-0.000103
-8.375	0.0	-0.000103
-8.25	0.0	-0.000102
-8.125	0.0	-0.000102
-8.0	0.0	-0.000102
-7.875	0.0	-0.000102
-7.75	0.0	-0.000102
-7.625	0.0	-0.000102
-7.5	0.0	-0.000102
-7.375	0.0	-0.000102
-7.25	0.0	-0.000101
-7.125	0.0	-0.000101
-7.0	0.0	-0.000101
-6.875	0.0	-0.000101
-6.75	0.0	-0.000101
-6.625	0.0	-0.000101
-6.5	0.0	-0.000101
-6.375	0.0	-0.000101
-6.25	0.0	-0.0001
-6.125	0.0	-0.0001
-6.0	0.0	-0.0001
-5.875	0.0	-0.0001
-5.75	0.0	-0.0001
-5.625	0.0	-0.0001
-5.5	0.0	-0.0001
-5.375	0.0	-0.0001
-5.25	0.0	-0.0001
-5.125	0.0	-9.9e-5
-5.0	0.0	-9.9e-5
-4.875	0.0	-9.9e-5
-4.75	0.0	-9.9e-5
-4.625	0.0	-9.9e-5
-4.5	0.0	-9.9e-5
-4.375	0.0	-9.9e-5
-4.25	0.0	-9.9e-5
-4.125	0.0	-9.8e-5
-4.0	0.0	-9.8e-5
-3.875	0.0	-9.8e-5
-3.75	0.0	-9.8e-5
-3.625	0.0	-9.8e-5
-3.5	0.0	-9.8e-5
-3.375	0.0	-9.8e-5
-3.25	0.0	-9.8e-5
-3.125	0.0	-9.8e-5
-3.0	0.0	-9.7e-5
-2.875	0.0	-9.7e-5
-2.75	0.0	-9.7e-5
-2.625	0.0	-9.7e-5
-2.5	0.0	-9.7e-5
-2.375	0.0	-9.7e-5
-2.25	0.0	-9.7e-5
-2.125	0.0	-9.7e-5
-2.0	0.0	-9.6e-5
-1.875	0.0	-9.6e-5
-1.75	0.0	-9.6e-5
-1.625	0.0	-9.6e-5
-1.5	0.0	-9.6e-5
-1.375	0.0	-9.6e-5
-1.25	0.0	-9.6e-5
-1.125	0.0	-9.6e-5
-1.0	0.0	-9.6e-5
-0.875	0.0	-9.5e-5
-0.75	0.0	-9.5e-5
-0.625	0.0	-9.5e-5
-0.5	0.0	-9.5e-5
-0.375	0.0	-9.5e-5
-0.25	0.0	-9.5e-5
-0.125	0.0	-9.5e-5
0.0	0.0	-9.5e-5
0.125	0.0	-9.5e-5
0.25	0.0	-9.4e-5
0.375	0.0	-9.4e-5
0.5	0.0	-9.4e-5
0.625	0.0	-9.4e-5
0.75	0.0	-9.4e-5
0.875	0.0	-9.4e-5
1.0	0.0	-9.4e-5
1.125	0.0	-9.4e-5
1.25	0.0	-9.4e-5
1.375	0.0	-9.3e-5
1.5	0.0	-9.3e-5
1.625	0.0	-9.3e-5
1.75	0.0	-9.3e-5
1.875	0.0	-9.3e-5
2.0	0.0	-9.3e-5
2.125	0.0	-9.3e-5
2.25	0.0	-9.3e-5
2.375	0.0	-9.3e-5
2.5	0.0	-9.2e-5
2.625	0.0	-9.2e-5
2.75	0.0	-9.2e-5
2.875	0.0	-9.2e-5
3.0	0.0	-9.2e-5
3.125	0.0	-9.2e-5
3.25	0.0	-9.2e-5
3.375	0.0	-9.2e-5
3.5	0.0	-9.2e-5
3.625	0.0	-9.1e-5
3.75	0.0	-9.1e-5
3.875	0.0	-9.1e-5
4.0	0.0	-9.1e-5
4.125	0.0	-9.1e-5
4.25	0.0	-9.1e-5
4.375	0.0	-9.1e-5
4.5	0.0	-9.1e-5
4.625	0.0	-9.1e-5
4.75	0.0	-9.1e-5
4.875	0.0	-9.0e-5
5.0	0.0	-9.0e-5
5.125	0.0	-9.0e-5
5.25	0.0	-9.0e-5
5.375	0.0	-9.0e-5
5.5	0.0	-9.0e-5
5.625	0.0	-9.0e-5
5.75	0.0	-9.0e-5
5.875	0.0	-9.0e-5
6.0	0.0	-8.9e-5
6.125	0.0	-8.9e-5
6.25	0.0	-8.9e-5
6.375	0.0	-8.9e-5
6.5	0.0	-8.9e-5
6.625	0.0	-8.9e-5
6.75	0.0	-8.9e-5
6.875	0.0	-8.9e-5
7.0	0.0	-8.9e-5
7.125	0.0	-8.9e-5
7.25	0.0	-8.8e-5
7.375	0.0	-8.8e-5
7.5	0.0	-8.8e-5
7.625	0.0	-8.8e-5
7.75	0.0	-8.8e-5
7.875	0.0	-8.8e-5
8.0	0.0	-8.8e-5
8.125	0.0	-8.8e-5
8.25	0.0	-8.8e-5
8.375	0.0	-8.7e-5
8.5	0.0	-8.7e-5
8.625	0.0	-8.7e-5
8.75	0.0	-8.7e-5
8.875	0.0	-8.7e-5
9.0	0.0	-8.7e-5
9.125	0.0	-8.7e-5
9.25	0.0	-8.7e-5
9.375	0.0	-8.7e-5
9.5	0.0	-8.7e-5
9.625	0.0	-8.6e-5
9.75	0.0	-8.6e-5
9.875	0.0	-8.6e-5
10.0	0.0	-8.6e-5
10.125	0.0	-8.6e-5
10.25	0.0	-8.6e-5
10.375	0.0	-8.6e-5
10.5	0.0	-8.6e-5
10.625	0.0	-8.6e-5
10.75	0.0	-8.6e-5
10.875	0.0	-8.5e-5
11.0	0.0	-8.5e-5
11.125	0.0	-8.5e-5
11.25	0.0	-8.5e-5
11.375	0.0	-8.5e-5
11.5	0.0	-8.5e-5
11.625	0.0	-8.5e-5
11.75	0.0	-8.5e-5
11.875	0.0	-8.5e-5
12.0	0.0	-8.5e-5
12.125	0.0	-8.4e-5
12.25	0.0	-8.4e-5
12.375	0.0	-8.4e-5
12.5	0.0	-8.4e-5
12.625	0.0	-8.4e-5
12.75	0.0	-8.4e-5
12.875	0.0	-8.4e-5
13.0	0.0	-8.4e-5
13.125	0.0	-8.4e-5
13.25	0.0	-8.4e-5
13.375	0.0	-8.3e-5
13.5	0.0	-8.3e-5
13.625	0.0	-8.3e-5
13.75	0.0	-8.3e-5
13.875	0.0	-8.3e-5
14.0	0.0	-8.3e-5
14.125	0.0	-8.3e-5
14.25	0.0	-8.3e-5
14.375	0.0	-8.3e-5
14.5	0.0	-8.3e-5
14.625	0.0	-8.2e-5
14.75	0.0	-8.2e-5
14.875	0.0	-8.2e-5
15.0	0.0	-8.2e-5
15.125	0.0	-8.2e-5
15.25	0.0	-8.2e-5
15.375	0.0	-8.2e-5
15.5	0.0	-8.2e-5
15.625	0.0	-8.2e-5
15.75	0.0	-8.2e-5
15.875	0.0	-8.2e-5
16.0	0.0	-8.1e-5
16.125	0.0	-8.1e-5
16.25	0.0	-8.1e-5
16.375	0.0	-8.1e-5
16.5	0.0	-8.1e-5
16.625	0.0	-8.1e-5
16.75	0.0	-8.1e-5
16.875	0.0	-8.1e-5
17.0	0.0	-8.1e-5
17.125	0.0	-8.1e-5
17.25	0.0	-8.0e-5
17.375	0.0	-8.0e-5
17.5	0.0	-8.0e-5
17.625	0.0	-8.0e-5
17.75	0.0	-8.0e-5
17.875	0.0	-8.0e-5
18.0	0.0	-8.0e-5
18.125	0.0	-8.0e-5
18.25	0.0	-8.0e-5
18.375	0.0	-8.0e-5
18.5	0.0	-8.0e-5
18.625	0.0	-7.9e-5
18.75	0.0	-7.9e-5
18.875	0.0	-7.9e-5
19.0	0.0	-7.9e-5
19.125	0.0	-7.9e-5
19.25	0.0	-7.9e-5
19.375	0.0	-7.9e-5
19.5	0.0	-7.9e-5
19.625	0.0	-7.9e-5
19.75	0.0	-7.9e-5
19.875	0.0	-7.8e-5
20.0	0.0	-7.8e-5
20.125	0.0	-7.8e-5
20.25	0.0	-7.8e-5
20.375	0.0	-7.8e-5
20.5	0.0	-7.8e-5
20.625	0.0	-7.8e-5
20.75	0.0	-7.8e-5
20.875	0.0	-7.8e-5
21.0	0.0	-7.8e-5
21.125	0.0	-7.8e-5
21.25	0.0	-7.7e-5
21.375	0.0	-7.7e-5
21.5	0.0	-7.7e-5
21.625	0.0	-7.7e-5
21.75	0.0	-7.7e-5
21.875	0.0	-7.7e-5
22.0	0.0	-7.7e-5
22.125	0.0	-7.7e-5
22.25	0.0	-7.7e-5
22.375	0.0	-7.7e-5
22.5	0.0	-7.7e-5
22.625	0.0	-7.6e-5
22.75	0.0	-7.6e-5
22.875	0.0	-7.6e-5
23.0	0.0	-7.6e-5
23.125	0.0	-7.6e-5
23.25	0.0	-7.6e-5
23.375	0.0	-7.6e-5
23.5	0.0	-7.6e-5
23.625	0.0	-7.6e-5
23.75	0.0	-7.6e-5
23.875	0.0	-7.6e-5
24.0	0.0	-7.5e-5
24.125	0.0	-7.5e-5
24.25	0.0	-7.5e-5
24.375	0.0	-7.5e-5
24.5	0.0	-7.5e-5
24.625	0.0	-7.5e-5
24.75	0.0	-7.5e-5
24.875	0.0	-7.5e-5
25.0	0.0	-7.5e-5
25.125	0.0	-7.5e-5
25.25	0.0	-7.5e-5
25.375	0.0	-7.4e-5
25.5	0.0	-7.4e-5
25.625	0.0	-7.4e-5
25.75	0.0	-7.4e-5
25.875	0.0	-7.4e-5
26.0	0.0	-7.4e-5
26.125	0.0	-7.4e-5
26.25	0.0	-7.4e-5
26.375	0.0	-7.4e-5
26.5	0.0	-7.4e-5
26.625	0.0	-7.4e-5
26.75	0.0	-7.3e-5
26.875	0.0	-7.3e-5
27.0	0.0	-7.3e-5
27.125	0.0	-7.3e-5
27.25	0.0	-7.3e-5
27.375	0.0	-7.3e-5
27.5	0.0	-7.3e-5
27.625	0.0	-7.3e-5
27.75	0.0	-7.3e-5
27.875	0.0	-7.3e-5
28.0	0.0	-7.3e-5
28.125	0.0	-7.3e-5
28.25	0.0	-7.2e-5
28.375	0.0	-7.2e-5
28.5	0.0	-7.2e-5
28.625	0.0	-7.2e-5
28.75	0.0	-7.2e-5
28.875	0.0	-7.2e-5
29.0	0.0	-7.2e-5
29.125	0.0	-7.2e-5
29.25	0.0	-7.2e-5
29.375	0.0	-7.2e-5
29.5	0.0	-7.2e-5
29.625	0.0	-7.1e-5
29.75	0.0	-7.1e-5
29.875	0.0	-7.1e-5
30.0	0.0	-7.1e-5
30.125	0.0	-7.1e-5
30.25	0.0	-7.1e-5
30.375	0.0	-7.1e-5
30.5	0.0	-7.1e-5
30.625	0.0	-7.1e-5
30.75	0.0	-7.1e-5
30.875	0.0	-7.1e-5
31.0	0.0	-7.1e-5
31.125	0.0	-7.0e-5
31.25	0.0	-7.0e-5
31.375	0.0	-7.0e-5
31.5	0.0	-7.0e-5
31.625	0.0	-7.0e-5
31.75	0.0	-7.0e-5
31.875	0.0	-7.0e-5
32.0	0.0	-7.0e-5
32.125	0.0	-7.0e-5
32.25	0.0	-7.0e-5
32.375	0.0	-7.0e-5
32.5	0.0	-7.0e-5
32.625	0.0	-6.9e-5
32.75	0.0	-6.9e-5
32.875	0.0	-6.9e-5
33.0	0.0	-6.9e-5
33.125	0.0	-6.9e-5
33.25	0.0	-6.9e-5
33.375	0.0	-6.9e-5
33.5	0.0	-6.9e-5
33.625	0.0	-6.9e-5
33.75	0.0	-6.9e-5
33.875	0.0	-6.9e-5
34.0	0.0	-6.9e-5
34.125	0.0	-6.8e-5
34.25	0.0	-6.8e-5
34.375	0.0	-6.8e-5
34.5	0.0	-6.8e-5
34.625	0.0	-6.8e-5
34.75	0.0	-6.8e-5
34.875	0.0	-6.8e-5
35.0	0.0	-6.8e-5
35.125	0.0	-6.8e-5
35.25	0.0	-6.8e-5
35.375	0.0	-6.8e-5
35.5	0.0	-6.8e-5
35.625	0.0	-6.7e-5
35.75	0.0	-6.7e-5
35.875	0.0	-6.7e-5
36.0	0.0	-6.7e-5
36.125	0.0	-6.7e-5
36.25	0.0	-6.7e-5
36.375	0.0	-6.7e-5
36.5	0.0	-6.7e-5
36.625	0.0	-6.7e-5
36.75	0.0	-6.7e-5
36.875	0.0	-6.7e-5
37.0	0.0	-6.7e-5
37.125	0.0	-6.6e-5
37.25	0.0	-6.6e-5
37.375	0.0	-6.6e-5
37.5	0.0	-6.6e-5
37.625	0.0	-6.6e-5
37.75	0.0	-6.6e-5
37.875	0.0	-6.6e-5
38.0	0.0	-6.6e-5
38.125	0.0	-6.6e-5
38.25	0.0	-6.6e-5
38.375	0.0	-6.6e-5
38.5	0.0	-6.6e-5
38.625	0.0	-6.5e-5
38.75	0.0	-6.5e-5
38.875	0.0	-6.5e-5
39.0	0.0	-6.5e-5
39.125	0.0	-6.5e-5
39.25	0.0	-6.5e-5
39.375	0.0	-6.5e-5
39.5	0.0	-6.5e-5
39.625	0.0	-6.5e-5
39.75	0.0	-6.5e-5
39.875	0.0	-6.5e-5
40.0	0.0	-6.5e-5
40.125	0.0	-6.4e-5
40.25	0.0	-6.4e-5
40.375	0.0	-6.4e-5
40.5	0.0	-6.4e-5
40.625	0.0	-6.4e-5
40.75	0.0	-6.4e-5
40.875	0.0	-6.4e-5
41.0	0.0	-6.4e-5
41.125	0.0	-6.4e-5
41.25	0.0	-6.4e-5
41.375	0.0	-6.4e-5
41.5	0.0	-6.4e-5
41.625	0.0	-6.4e-5
41.75	0.0	-6.3e-5
41.875	0.0	-6.3e-5
42.0	0.0	-6.3e-5
42.125	0.0	-6.3e-5
42.25	0.0	-6.3e-5
42.375	0.0	-6.3e-5
42.5	0.0	-6.3e-5
42.625	0.0	-6.3e-5
42.75	0.0	-6.3e-5
42.875	0.0	-6.3e-5
43.0	0.0	-6.3e-5
43.125	0.0	-6.3e-5
43.25	0.0	-6.2e-5
43.375	0.0	-6.2e-5
43.5	0.0	-6.2e-5
43.625	0.0	-6.2e-5
43.75	0.0	-6.2e-5
43.875	0.0	-6.2e-5
44.0	0.0	-6.2e-5
44.125	0.0	-6.2e-5
44.25	0.0	-6.2e-5
44.375	0.0	-6.2e-5
44.5	0.0	-6.2e-5
44.625	0.0	-6.2e-5
44.75	0.0	-6.2e-5
44.875	0.0	-6.1e-5
45.0	0.0	-6.1e-5
45.125	0.0	-6.1e-5
45.25	0.0	-6.1e-5
45.375	0.0	-6.1e-5
45.5	0.0	-6.1e-5
45.625	0.0	-6.1e-5
45.75	0.0	-6.1e-5
45.875	0.0	-6.1e-5
46.0	0.0	-6.1e-5
46.125	0.0	-6.1e-5
46.25	0.0	-6.1e-5
46.375	0.0	-6.1e-5
46.5	0.0	-6.0e-5
46.625	0.0	-6.0e-5
46.75	0.0	-6.0e-5
46.875	0.0	-6.0e-5
47.0	0.0	-6.0e-5
47.125	0.0	-6.0e-5
47.25	0.0	-6.0e-5
47.375	0.0	-6.0e-5
47.5	0.0	-6.0e-5
47.625	0.0	-6.0e-5
47.75	0.0	-6.0e-5
47.875	0.0	-6.0e-5
48.0	0.0	-6.0e-5
48.125	0.0	-5.9e-5
48.25	0.0	-5.9e-5
48.375	0.0	-5.9e-5
48.5	0.0	-5.9e-5
48.625	0.0	-5.9e-5
48.75	0.0	-5.9e-5
48.875	0.0	-5.9e-5
49.0	0.0	-5.9e-5
49.125	0.0	-5.9e-5
49.25	0.0	-5.9e-5
49.375	0.0	-5.9e-5
49.5	0.0	-5.9e-5
49.625	0.0	-5.9e-5
49.75	0.0	-5.8e-5
49.875	0.0	-5.8e-5
50.0	0.0	-5.8e-5
50.125	0.0	-5.8e-5
50.25	0.0	-5.8e-5
50.375	0.0	-5.8e-5
50.5	0.0	-5.8e-5
50.625	0.0	-5.8e-5
50.75	0.0	-5.8e-5
50.875	0.0	-5.8e-5
51.0	0.0	-5.8e-5
51.125	0.0	-5.8e-5
51.25	0.0	-5.8e-5
51.375	0.0	-5.7e-5
51.5	0.0	-5.7e-5
51.625	0.0	-5.7e-5
51.75	0.0	-5.7e-5
51.875	0.0	-5.7e-5
52.0	0.0	-5.7e-5
52.125	0.0	-5.7e-5
52.25	0.0	-5.7e-5
52.375	0.0	-5.7e-5
52.5	0.0	-5.7e-5
52.625	0.0	-5.7e-5
52.75	0.0	-5.7e-5
52.875	0.0	-5.7e-5
53.0	0.0	-5.6e-5
53.125	0.0	-5.6e-5
53.25	0.0	-5.6e-5
53.375	0.0	-5.6e-5
53.5	0.0	-5.6e-5
53.625	0.0	-5.6e-5
53.75	0.0	-5.6e-5
53.875	0.0	-5.6e-5
54.0	0.0	-5.6e-5
54.125	0.0	-5.6e-5
54.25	0.0	-5.6e-5
54.375	0.0	-5.6e-5
54.5	0.0	-5.6e-5
54.625	0.0	-5.6e-5
54.75	0.0	-5.5e-5
54.875	0.0	-5.5e-5
55.0	0.0	-5.5e-5
55.125	0.0	-5.5e-5
55.25	0.0	-5.5e-5
55.375	0.0	-5.5e-5
55.5	0.0	-5.5e-5
55.625	0.0	-5.5e-5
55.75	0.0	-5.5e-5
55.875	0.0	-5.5e-5
56.0	0.0	-5.5e-5
56.125	0.0	-5.5e-5
56.25	0.0	-5.5e-5
56.375	0.0	-5.4e-5
56.5	0.0	-5.4e-5
56.625	0.0	-5.4e-5
56.75	0.0	-5.4e-5
56.875	0.0	-5.4e-5
57.0	0.0	-5.4e-5
57.125	0.0	-5.4e-5
57.25	0.0	-5.4e-5
57.375	0.0	-5.4e-5
57.5	0.0	-5.4e-5
57.625	0.0	-5.4e-5
57.75	0.0	-5.4e-5
57.875	0.0	-5.4e-5
58.0	0.0	-5.4e-5
58.125	0.0	-5.3e-5
58.25	0.0	-5.3e-5
58.375	0.0	-5.3e-5
58.5	0.0	-5.3e-5
58.625	0.0	-5.3e-5
58.75	0.0	-5.3e-5
58.875	0.0	-5.3e-5
59.0	0.0	-5.3e-5
59.125	0.0	-5.3e-5
59.25	0.0	-5.3e-5
59.375	0.0	-5.3e-5
59.5	0.0	-5.3e-5
59.625	0.0	-5.3e-5
59.75	0.0	-5.3e-5
59.875	0.0	-5.2e-5
60.0	0.0	-5.2e-5
60.125	0.0	-5.2e-5
60.25	0.0	-5.2e-5
60.375	0.0	-5.2e-5
60.5	0.0	-5.2e-5
60.625	0.0	-5.2e-5
60.75	0.0	-5.2e-5
60.875	0.0	-5.2e-5
61.0	0.0	-5.2e-5
61.125	0.0	-5.2e-5
61.25	0.0	-5.2e-5
61.375	0.0	-5.2e-5
61.5	0.0	-5.2e-5
61.625	0.0	-5.1e-5
61.75	0.0	-5.1e-5
61.875	0.0	-5.1e-5
62.0	0.0	-5.1e-5
62.125	0.0	-5.1e-5
62.25	0.0	-5.1e-5
62.375	0.0	-5.1e-5
62.5	0.0	-5.1e-5
62.625	0.0	-5.1e-5
62.75	0.0	-5.1e-5
62.875	0.0	-5.1e-5
63.0	0.0	-5.1e-5
63.125	0.0	-5.1e-5
63.25	0.0	-5.1e-5
63.375	0.0	-5.0e-5
63.5	0.0	-5.0e-5
63.625	0.0	-5.0e-5
63.75	0.0	-5.0e-5
63.875	0.0	-5.0e-5
64.0	0.0	-5.0e-5
64.125	0.0	-5.0e-5
64.25	0.0	-5.0e-5
64.375	0.0	-5.0e-5
64.5	0.0	-5.0e-5
64.625	0.0	-5.0e-5
64.75	0.0	-5.0e-5
64.875	0.0	-5.0e-5
65.0	0.0	-5.0e-5
65.125	0.0	-4.9e-5
65.25	0.0	-4.9e-5
65.375	0.0	-4.9e-5
65.5	0.0	-4.9e-5
65.625	0.0	-4.9e-5
65.75	0.0	-4.9e-5
65.875	0.0	-4.9e-5
66.0	0.0	-4.9e-5
66.125	0.0	-4.9e-5
66.25	0.0	-4.9e-5
66.375	0.0	-4.9e-5
66.5	0.0	-4.9e-5
66.625	0.0	-4.9e-5
66.75	0.0	-4.9e-5
66.875	0.0	-4.8e-5
67.0	0.0	-4.8e-5
67.125	0.0	-4.8e-5
67.25	0.0	-4.8e-5
67.375	0.0	-4.8e-5
67.5	0.0	-4.8e-5
67.625	0.0	-4.8e-5
67.75	0.0	-4.8e-5
67.875	0.0	-4.8e-5
68.0	0.0	-4.8e-5
68.125	0.0	-4.8e-5
68.25	0.0	-4.8e-5
68.375	0.0	-4.8e-5
68.5	0.0	-4.8e-5
68.625	0.0	-4.7e-5
68.75	0.0	-4.7e-5
68.875	0.0	-4.7e-5
69.0	0.0	-4.7e-5
69.125	0.0	-4.7e-5
69.25	0.0	-4.7e-5
69.375	0.0	-4.7e-5
69.5	0.0	-4.7e-5
69.625	0.0	-4.7e-5
69.75	0.0	-4.7e-5
69.875	0.0	-4.7e-5
70.0	0.0	-4.7e-5
70.125	0.0	-4.7e-5
70.25	0.0	-4.7e-5
70.375	0.0	-4.7e-5
70.5	0.0	-4.6e-5
70.625	0.0	-4.6e-5
70.75	0.0	-4.6e-5
70.875	0.0	-4.6e-5
71.0	0.0	-4.6e-5
71.125	0.0	-4.6e-5
71.25	0.0	-4.6e-5
71.375	0.0	-4.6e-5
71.5	0.0	-4.6e-5
71.625	0.0	-4.6e-5
71.75	0.0	-4.6e-5
71.875	0.0	-4.6e-5
72.0	0.0	-4.6e-5
72.125	0.0	-4.6e-5
72.25	0.0	-4.5e-5
72.375	0.0	-4.5e-5
72.5	0.0	-4.5e-5
72.625	0.0	-4.5e-5
72.75	0.0	-4.5e-5
72.875	0.0	-4.5e-5
73.0	0.0	-4.5e-5
73.125	0.0	-4.5e-5
73.25	0.0	-4.5e-5
73.375	0.0	-4.5e-5
73.5	0.0	-4.5e-5
73.625	0.0	-4.5e-5
73.75	0.0	-4.5e-5
73.875	0.0	-4.5e-5
74.0	0.0	-4.5e-5
74.125	0.0	-4.4e-5
74.25	0.0	-4.4e-5
74.375	0.0	-4.4e-5
74.5	0.0	-4.4e-5
74.625	0.0	-4.4e-5
74.75	0.0	-4.4e-5
74.875	0.0	-4.4e-5
75.0	0.0	-4.4e-5
75.125	0.0	-4.4e-5
75.25	0.0	-4.4e-5
75.375	0.0	-4.4e-5
75.5	0.0	-4.4e-5
75.625	0.0	-4.4e-5
75.75	0.0	-4.4e-5
75.875	0.0	-4.4e-5
76.0	0.0	-4.3e-5
76.125	0.0	-4.3e-5
76.25	0.0	-4.3e-5
76.375	0.0	-4.3e-5
76.5	0.0	-4.3e-5
76.625	0.0	-4.3e-5
76.75	0.0	-4.3e-5
76.875	0.0	-4.3e-5
77.0	0.0	-4.3e-5
77.125	0.0	-4.3e-5
77.25	0.0	-4.3e-5
77.375	0.0	-4.3e-5
77.5	0.0	-4.3e-5
77.625	0.0	-4.3e-5
77.75	0.0	-4.2e-5
77.875	0.0	-4.2e-5
78.0	0.0	-4.2e-5
78.125	0.0	-4.2e-5
78.25	0.0	-4.2e-5
78.375	0.0	-4.2e-5
78.5	0.0	-4.2e-5
78.625	0.0	-4.2e-5
78.75	0.0	-4.2e-5
78.875	0.0	-4.2e-5
79.0	0.0	-4.2e-5
79.125	0.0	-4.2e-5
79.25	0.0	-4.2e-5
79.375	0.0	-4.2e-5
79.5	0.0	-4.2e-5
79.625	0.0	-4.1e-5
79.75	0.0	-4.1e-5
79.875	0.0	-4.1e-5
80.0	0.0	-4.1e-5
80.125	0.0	-4.1e-5
80.25	0.0	-4.1e-5
80.375	0.0	-4.1e-5
80.5	0.0	-4.1e-5
80.625	0.0	-4.1e-5
80.75	0.0	-4.1e-5
80.875	0.0	-4.1e-5
81.0	0.0	-4.1e-5
81.125	0.0	-4.1e-5
81.25	0.0	-4.1e-5
81.375	0.0	-4.1e-5
81.5	0.0	-4.0e-5
81.625	0.0	-4.0e-5
81.75	0.0	-4.0e-5
81.875	0.0	-4.0e-5
82.0	0.0	-4.0e-5
82.125	0.0	-4.0e-5
82.25	0.0	-4.0e-5
82.375	0.0	-4.0e-5
82.5	0.0	-4.0e-5
82.625	0.0	-4.0e-5
82.75	0.0	-4.0e-5
82.875	0.0	-4.0e-5
83.0	0.0	-4.0e-5
83.125	0.0	-4.0e-5
83.25	0.0	-4.0e-5
83.375	0.0	-3.9e-5
83.5	0.0	-3.9e-5
83.625	0.0	-3.9e-5
83.75	0.0	-3.9e-5
83.875	0.0	-3.9e-5
84.0	0.0	-3.9e-5
84.125	0.0	-3.9e-5
84.25	0.0	-3.9e-5
84.375	0.0	-3.9e-5
84.5	0.0	-3.9e-5
84.625	0.0	-3.9e-5
84.75	0.0	-3.9e-5
84.875	0.0	-3.9e-5
85.0	0.0	-3.9e-5
85.125	0.0	-3.9e-5
85.25	0.0	-3.9e-5
85.375	0.0	-3.8e-5
85.5	0.0	-3.8e-5
85.625	0.0	-3.8e-5
85.75	0.0	-3.8e-5
85.875	0.0	-3.8e-5
86.0	0.0	-3.8e-5
86.125	0.0	-3.8e-5
86.25	0.0	-3.8e-5
86.375	0.0	-3.8e-5
86.5	0.0	-3.8e-5
86.625	0.0	-3.8e-5
86.75	0.0	-3.8e-5
86.875	0.0	-3.8e-5
87.0	0.0	-3.8e-5
87.125	0.0	-3.8e-5
87.25	0.0	-3.7e-5
87.375	0.0	-3.7e-5
87.5	0.0	-3.7e-5
87.625	0.0	-3.7e-5
87.75	0.0	-3.7e-5
87.875	0.0	-3.7e-5
88.0	0.0	-3.7e-5
88.125	0.0	-3.7e-5
88.25	0.0	-3.7e-5
88.375	0.0	-3.7e-5
88.5	0.0	-3.7e-5
88.625	0.0	-3.7e-5
88.75	0.0	-3.7e-5
88.875	0.0	-3.7e-5
89.0	0.0	-3.7e-5
89.125	0.0	-3.6e-5
89.25	0.0	-3.6e-5
89.375	0.0	-3.6e-5
89.5	0.0	-3.6e-5
89.625	0.0	-3.6e-5
89.75	0.0	-3.6e-5
89.875	0.0	-3.6e-5
90.0	0.0	-3.6e-5
90.125	0.0	-3.6e-5
90.25	0.0	-3.6e-5
90.375	0.0	-3.6e-5
90.5	0.0	-3.6e-5
90.625	0.0	-3.6e-5
90.75	0.0	-3.6e-5
90.875	0.0	-3.6e-5
91.0	0.0	-3.5e-5
91.125	0.0	-3.5e-5
91.25	0.0	-3.5e-5
91.375	0.0	-3.5e-5
91.5	0.0	-3.5e-5
91.625	0.0	-3.5e-5
91.75	0.0	-3.5e-5
91.875	0.0	-3.5e-5
92.0	0.0	-3.5e-5
92.125	0.0	-3.5e-5
92.25	0.0	-3.5e-5
92.375	0.0	-3.5e-5
92.5	0.0	-3.5e-5
92.625	0.0	-3.5e-5
92.75	0.0	-3.5e-5
92.875	0.0	-3.5e-5
93.0	0.0	-3.4e-5
93.125	0.0	-3.4e-5
93.25	0.0	-3.4e-5
93.375	0.0	-3.4e-5
93.5	0.0	-3.4e-5
93.625	0.0	-3.4e-5
93.75	0.0	-3.4e-5
93.875	0.0	-3.4e-5
94.0	0.0	-3.4e-5
94.125	0.0	-3.4e-5
94.25	0.0	-3.4e-5
94.375	0.0	-3.4e-5
94.5	0.0	-3.4e-5
94.625	0.0	-3.4e-5
94.75	0.0	-3.4e-5
94.875	0.0	-3.3e-5
95.0	0.0	-3.3e-5
95.125	0.0	-3.3e-5
95.25	0.0	-3.3e-5
95.375	0.0	-3.3e-5
95.5	0.0	-3.3e-5
95.625	0.0	-3.3e-5
95.75	0.0	-3.3e-5
95.875	0.0	-3.3e-5
96.0	0.0	-3.3e-5
96.125	0.0	-3.3e-5
96.25	0.0	-3.3e-5
96.375	0.0	-3.3e-5
96.5	0.0	-3.3e-5
96.625	0.0	-3.3e-5
96.75	0.0	-3.3e-5
96.875	0.0	-3.2e-5
97.0	0.0	-3.2e-5
97.125	0.0	-3.2e-5
97.25	0.0	-3.2e-5
97.375	0.0	-3.2e-5
97.5	0.0	-3.2e-5
97.625	0.0	-3.2e-5
97.75	0.0	-3.2e-5
97.875	0.0	-3.2e-5
98.0	0.0	-3.2e-5
98.125	0.0	-3.2e-5
98.25	0.0	-3.2e-5
98.375	0.0	-3.2e-5
98.5	0.0	-3.2e-5
98.625	0.0	-3.2e-5
98.75	0.0	-3.2e-5
98.875	0.0	-3.1e-5
99.0	0.0	-3.1e-5
99.125	0.0	-3.1e-5
99.25	0.0	-3.1e-5
99.375	0.0	-3.1e-5
99.5	0.0	-3.1e-5
99.625	0.0	-3.1e-5
99.75	0.0	-3.1e-5
99.875	0.0	-3.1e-5
100.0	0.0	-3.1e-5
100.125	0.0	-3.1e-5
100.25	0.0	-3.1e-5
100.375	0.0	-3.1e-5
100.5	0.0	-3.1e-5
100.625	0.0	-3.1e-5
100.75	0.0	-3.0e-5
100.875	0.0	-3.0e-5
101.0	0.0	-3.0e-5
101.125	0.0	-3.0e-5
101.25	0.0	-3.0e-5
101.375	0.0	-3.0e-5
101.5	0.0	-3.0e-5
101.625	0.0	-3.0e-5
101.75	0.0	-3.0e-5
101.875	0.0	-3.0e-5
102.0	0.0	-3.0e-5
102.125	0.0	-3.0e-5
102.25	0.0	-3.0e-5
102.375	0.0	-3.0e-5
102.5	0.0	-3.0e-5
102.625	0.0	-3.0e-5
102.75	0.0	-2.9e-5
102.875	0.0	-2.9e-5
103.0	0.0	-2.9e-5
103.125	0.0	-2.9e-5
103.25	0.0	-2.9e-5
103.375	0.0	-2.9e-5
103.5	0.0	-2.9e-5
103.625	0.0	-2.9e-5
103.75	0.0	-2.9e-5
103.875	0.0	-2.9e-5
104.0	0.0	-2.9e-5
104.125	0.0	-2.9e-5
104.25	0.0	-2.9e-5
104.375	0.0	-2.9e-5
104.5	0.0	-2.9e-5
104.625	0.0	-2.9e-5
104.75	0.0	-2.8e-5
104.875	0.0	-2.8e-5
105.0	0.0	-2.8e-5
105.125	0.0	-2.8e-5
105.25	0.0	-2.8e-5
105.375	0.0	-2.8e-5
105.5	0.0	-2.8e-5
105.625	0.0	-2.8e-5
105.75	0.0	-2.8e-5
105.875	0.0	-2.8e-5
106.0	0.0	-2.8e-5
106.125	0.0	-2.8e-5
106.25	0.0	-2.8e-5
106.375	0.0	-2.8e-5
106.5	0.0	-2.8e-5
106.625	0.0	-2.8e-5
106.75	0.0	-2.7e-5
106.875	0.0	-2.7e-5
107.0	0.0	-2.7e-5
107.125	0.0	-2.7e-5
107.25	0.0	-2.7e-5
107.375	0.0	-2.7e-5
107.5	0.0	-2.7e-5
107.625	0.0	-2.7e-5
107.75	0.0	-2.7e-5
107.875	0.0	-2.7e-5
108.0	0.0	-2.7e-5
108.125	0.0	-2.7e-5
108.25	0.0	-2.7e-5
108.375	0.0	-2.7e-5
108.5	0.0	-2.7e-5
108.625	0.0	-2.7e-5
108.75	0.0	-2.6e-5
108.875	0.0	-2.6e-5
109.0	0.0	-2.6e-5
109.125	0.0	-2.6e-5
109.25	0.0	-2.6e-5
109.375	0.0	-2.6e-5
109.5	0.0	-2.6e-5
109.625	0.0	-2.6e-5
109.75	0.0	-2.6e-5
109.875	0.0	-2.6e-5
110.0	0.0	-2.6e-5
110.125	0.0	-2.6e-5
110.25	0.0	-2.6e-5
110.375	0.0	-2.6e-5
110.5	0.0	-2.6e-5
110.625	0.0	-2.6e-5
110.75	0.0	-2.5e-5
110.875	0.0	-2.5e-5
111.0	0.0	-2.5e-5
111.125	0.0	-2.5e-5
111.25	0.0	-2.5e-5
111.375	0.0	-2.5e-5
111.5	0.0	-2.5e-5
111.625	0.0	-2.5e-5
111.75	0.0	-2.5e-5
111.875	0.0	-2.5e-5
112.0	0.0	-2.5e-5
112.125	0.0	-2.5e-5
112.25	0.0	-2.5e-5
112.375	0.0	-2.5e-5
112.5	0.0	-2.5e-5
112.625	0.0	-2.4e-5
112.75	0.0	-2.4e-5
112.875	0.0	-2.4e-5
113.0	0.0	-2.4e-5
113.125	0.0	-2.4e-5
113.25	0.0	-2.4e-5
113.375	0.0	-2.4e-5
113.5	0.0	-2.4e-5
113.625	0.0	-2.4e-5
113.75	0.0	-2.4e-5
113.875	0.0	-2.4e-5
114.0	0.0	-2.4e-5
114.125	0.0	-2.4e-5
114.25	0.0	-2.4e-5
114.375	0.0	-2.4e-5
114.5	0.0	-2.4e-5
114.625	0.0	-2.3e-5
114.75	0.0	-2.3e-5
114.875	0.0	-2.3e-5
115.0	0.0	-2.3e-5
115.125	0.0	-2.3e-5
115.25	0.0	-2.3e-5
115.375	0.0	-2.3e-5
115.5	0.0	-2.3e-5
115.625	0.0	-2.3e-5
115.75	0.0	-2.3e-5
115.875	0.0	-2.3e-5
116.0	0.0	-2.3e-5
116.125	0.0	-2.3e-5
116.25	0.0	-2.3e-5
116.375	0.0	-2.3e-5
116.5	0.0	-2.3e-5
116.625	0.0	-2.2e-5
116.75	0.0	-2.2e-5
116.875	0.0	-2.2e-5
117.0	0.0	-2.2e-5
117.125	0.0	-2.2e-5
117.25	0.0	-2.2e-5
117.375	0.0	-2.2e-5
117.5	0.0	-2.2e-5
117.625	0.0	-2.2e-5
117.75	0.0	-2.2e-5
117.875	0.0	-2.2e-5
118.0	0.0	-2.2e-5
118.125	0.0	-2.2e-5
118.25	0.0	-2.2e-5
118.375	0.0	-2.2e-5
118.5	0.0	-2.2e-5
118.625	0.0	-2.1e-5
118.75	0.0	-2.1e-5
118.875	0.0	-2.1e-5
119.0	0.0	-2.1e-5
119.125	0.0	-2.1e-5
119.25	0.0	-2.1e-5
119.375	0.0	-2.1e-5
119.5	0.0	-2.1e-5
119.625	0.0	-2.1e-5
119.75	0.0	-2.1e-5
119.875	0.0	-2.1e-5
120.0	0.0	-2.1e-5
120.125	0.0	-2.1e-5
120.25	0.0	-2.1e-5
120.375	0.0	-2.1e-5
120.5	0.0	-2.1e-5
120.625	0.0	-2.0e-5
120.75	0.0	-2.0e-5
120.875	0.0	-2.0e-5
121.0	0.0	-2.0e-5
121.125	0.0	-2.0e-5
121.25	0.0	-2.0e-5
121.375	0.0	-2.0e-5
121.5	0.0	-2.0e-5
121.625	0.0	-2.0e-5
121.75	0.0	-2.0e-5
121.875	0.0	-2.0e-5
122.0	0.0	-2.0e-5
122.125	0.0	-2.0e-5
122.25	0.0	-2.0e-5
122.375	0.0	-2.0e-5
122.5	0.0	-2.0e-5
122.625	0.0	-1.9e-5
122.75	0.0	-1.9e-5
122.875	0.0	-1.9e-5
123.0	0.0	-1.9e-5
123.125	0.0	-1.9e-5
123.25	0.0	-1.9e-5
123.375	0.0	-1.9e-5
123.5	0.0	-1.9e-5
123.625	0.0	-1.9e-5
123.75	0.0	-1.9e-5
123.875	0.0	-1.9e-5
124.0	0.0	-1.9e-5
124.125	0.0	-1.9e-5
124.25	0.0	-1.9e-5
124.375	0.0	-1.9e-5
124.5	0.0	-1.9e-5
124.625	0.0	-1.8e-5
124.75	0.0	-1.8e-5
124.875	0.0	-1.8e-5
125.0	0.0	-1.8e-5
125.125	0.0	-1.8e-5
125.25	0.0	-1.8e-5
125.375	0.0	-1.8e-5
125.5	0.0	-1.8e-5
125.625	0.0	-1.8e-5
125.75	0.0	-1.8e-5
125.875	0.0	-1.8e-5
126.0	0.0	-1.8e-5
126.125	0.0	-1.8e-5
126.25	0.0	-1.8e-5
126.375	0.0	-1.8e-5
126.5	0.0	-1.8e-5
126.625	0.0	-1.7e-5
126.75	0.0	-1.7e-5
126.875	0.0	-1.7e-5
127.0	0.0	-1.7e-5
127.125	0.0	-1.7e-5
127.25	0.0	-1.7e-5
127.375	0.0	-1.7e-5
127.5	0.0	-1.7e-5
127.625	0.0	-1.7e-5
127.75	0.0	-1.7e-5
127.875	0.0	-1.7e-5
128.0	0.0	-1.7e-5
128.125	0.0	-1.7e-5
128.25	0.0	-1.7e-5
128.375	0.0	-1.7e-5
128.5	0.0	-1.7e-5
128.625	0.0	-1.6e-5
128.75	0.0	-1.6e-5
128.875	0.0	-1.6e-5
129.0	0.0	-1.6e-5
129.125	0.0	-1.6e-5
129.25	0.0	-1.6e-5
129.375	0.0	-1.6e-5
129.5	0.0	-1.6e-5
129.625	0.0	-1.6e-5
129.75	0.0	-1.6e-5
129.875	0.0	-1.6e-5
130.0	0.0	-1.6e-5
130.125	0.0	-1.6e-5
130.25	0.0	-1.6e-5
130.375	0.0	-1.6e-5
130.5	0.0	-1.6e-5
130.625	0.0	-1.5e-5
130.75	0.0	-1.5e-5
130.875	0.0	-1.5e-5
131.0	0.0	-1.5e-5
131.125	0.0	-1.5e-5
131.25	0.0	-1.5e-5
131.375	0.0	-1.5e-5
131.5	0.0	-1.5e-5
131.625	0.0	-1.5e-5
131.75	0.0	-1.5e-5
131.875	0.0	-1.5e-5
132.0	0.0	-1.5e-5
132.125	0.0	-1.5e-5
132.25	0.0	-1.5e-5
132.375	0.0	-1.5e-5
132.5	0.0	-1.5e-5
132.625	0.0	-1.4e-5
132.75	0.0	-1.4e-5
132.875	0.0	-1.4e-5
133.0	0.0	-1.4e-5
133.125	0.0	-1.4e-5
133.25	0.0	-1.4e-5
133.375	0.0	-1.4e-5
133.5	0.0	-1.4e-5
133.625	0.0	-1.4e-5
133.75	0.0	-1.4e-5
133.875	0.0	-1.4e-5
134.0	0.0	-1.4e-5
134.125	0.0	-1.4e-5
134.25	0.0	-1.4e-5
134.375	0.0	-1.4e-5
134.5	0.0	-1.4e-5
134.625	0.0	-1.3e-5
134.75	0.0	-1.3e-5
134.875	0.0	-1.3e-5
135.0	0.0	-1.3e-5
135.125	0.0	-1.3e-5
135.25	0.0	-1.3e-5
135.375	0.0	-1.3e-5
135.5	0.0	-1.3e-5
135.625	0.0	-1.3e-5
135.75	0.0	-1.3e-5
135.875	0.0	-1.3e-5
136.0	0.0	-1.3e-5
136.125	0.0	-1.3e-5
136.25	0.0	-1.3e-5
136.375	0.0	-1.3e-5
136.5	0.0	-1.3e-5
136.625	0.0	-1.2e-5
136.75	0.0	-1.2e-5
136.875	0.0	-1.2e-5
137.0	0.0	-1.2e-5
137.125	0.0	-1.2e-5
137.25	0.0	-1.2e-5
137.375	0.0	-1.2e-5
137.5	0.0	-1.2e-5
137.625	0.0	-1.2e-5
137.75	0.0	-1.2e-5
137.875	0.0	-1.2e-5
138.0	0.0	-1.2e-5
138.125	0.0	-1.2e-5
138.25	0.0	-1.2e-5
138.375	0.0	-1.2e-5
138.5	0.0	-1.2e-5
138.625	0.0	-1.1e-5
138.75	0.0	-1.1e-5
138.875	0.0	-1.1e-5
139.0	0.0	-1.1e-5
139.125	0.0	-1.1e-5
139.25	0.0	-1.1e-5
139.375	0.0	-1.1e-5
139.5	0.0	-1.1e-5
139.625	0.0	-1.1e-5
139.75	0.0	-1.1e-5
139.875	0.0	-1.1e-5
140.0	0.0	-1.1e-5
140.125	0.0	-1.1e-5
140.25	0.0	-1.1e-5
140.375	0.0	-1.1e-5
140.5	0.0	-1.1e-5
140.625	0.0	-1.0e-5
140.75	0.0	-1.0e-5
140.875	0.0	-1.0e-5
141.0	0.0	-1.0e-5
141.125	0.0	-1.0e-5
141.25	0.0	-1.0e-5
141.375	0.0	-1.0e-5
141.5	0.0	-1.0e-5
141.625	0.0	-1.0e-5
141.75	0.0	-1.0e-5
141.875	0.0	-1.0e-5
142.0	0.0	-1.0e-5
142.125	0.0	-1.0e-5
142.25	0.0	-1.0e-5
142.375	0.0	-1.0e-5
142.5	0.0	-1.0e-5
142.625	0.0	-9.0e-6
142.75	0.0	-9.0e-6
142.875	0.0	-9.0e-6
143.0	0.0	-9.0e-6
143.125	0.0	-9.0e-6
143.25	0.0	-9.0e-6
143.375	0.0	-9.0e-6
143.5	0.0	-9.0e-6
143.625	0.0	-9.0e-6
143.75	0.0	-9.0e-6
143.875	0.0	-9.0e-6
144.0	0.0	-9.0e-6
144.125	0.0	-9.0e-6
144.25	0.0	-9.0e-6
144.375	0.0	-9.0e-6
144.5	0.0	-9.0e-6
144.625	0.0	-8.0e-6
144.75	0.0	-8.0e-6
144.875	0.0	-8.0e-6
145.0	0.0	-8.0e-6
145.125	0.0	-8.0e-6
145.25	0.0	-8.0e-6
145.375	0.0	-8.0e-6
145.5	0.0	-8.0e-6
145.625	0.0	-8.0e-6
145.75	0.0	-8.0e-6
145.875	0.0	-8.0e-6
146.0	0.0	-8.0e-6
146.125	0.0	-8.0e-6
146.25	0.0	-8.0e-6
146.375	0.0	-8.0e-6
146.5	0.0	-8.0e-6
146.625	0.0	-7.0e-6
146.75	0.0	-7.0e-6
146.875	0.0	-7.0e-6
147.0	0.0	-7.0e-6
147.125	0.0	-7.0e-6
147.25	0.0	-7.0e-6
147.375	0.0	-7.0e-6
147.5	0.0	-7.0e-6
147.625	0.0	-7.0e-6
147.75	0.0	-7.0e-6
147.875	0.0	-7.0e-6
148.0	0.0	-7.0e-6
148.125	0.0	-7.0e-6
148.25	0.0	-7.0e-6
148.375	0.0	-7.0e-6
148.5	0.0	-6.0e-6
148.625	0.0	-6.0e-6
148.75	0.0	-6.0e-6
148.875	0.0	-6.0e-6
149.0	0.0	-6.0e-6
149.125	0.0	-6.0e-6
149.25	0.0	-6.0e-6
149.375	0.0	-6.0e-6
149.5	0.0	-6.0e-6
149.625	0.0	-6.0e-6
149.75	0.0	-6.0e-6
149.875	0.0	-6.0e-6
150.0	0.0	-6.0e-6
150.125	0.0	-6.0e-6
150.25	0.0	-6.0e-6
150.375	0.0	-6.0e-6
150.5	0.0	-5.0e-6
150.625	0.0	-5.0e-6
150.75	0.0	-5.0e-6
150.875	0.0	-5.0e-6
151.0	0.0	-5.0e-6
151.125	0.0	-5.0e-6
151.25	0.0	-5.0e-6
151.375	0.0	-5.0e-6
151.5	0.0	-5.0e-6
151.625	0.0	-5.0e-6
151.75	0.0	-5.0e-6
151.875	0.0	-5.0e-6
152.0	0.0	-5.0e-6
152.125	0.0	-5.0e-6
152.25	0.0	-5.0e-6
152.375	0.0	-5.0e-6
152.5	0.0	-4.0e-6
152.625	0.0	-4.0e-6
152.75	0.0	-4.0e-6
152.875	0.0	-4.0e-6
153.0	0.0	-4.0e-6
153.125	0.0	-4.0e-6
153.25	0.0	-4.0e-6
153.375	0.0	-4.0e-6
153.5	0.0	-4.0e-6
153.625	0.0	-4.0e-6
153.75	0.0	-4.0e-6
153.875	0.0	-4.0e-6
154.0	0.0	-4.0e-6
154.125	0.0	-4.0e-6
154.25	0.0	-4.0e-6
154.375	0.0	-3.0e-6
154.5	0.0	-3.0e-6
154.625	0.0	-3.0e-6
154.75	0.0	-3.0e-6
154.875	0.0	-3.0e-6
155.0	0.0	-3.0e-6
155.125	0.0	-3.0e-6
155.25	0.0	-3.0e-6
155.375	0.0	-3.0e-6
155.5	0.0	-3.0e-6
155.625	0.0	-3.0e-6
155.75	0.0	-3.0e-6
155.875	0.0	-3.0e-6
156.0	0.0	-3.0e-6
156.125	0.0	-3.0e-6
156.25	0.0	-3.0e-6
156.375	0.0	-2.0e-6
156.5	0.0	-2.0e-6
156.625	0.0	-2.0e-6
156.75	0.0	-2.0e-6
156.875	0.0	-2.0e-6
157.0	0.0	-2.0e-6
157.125	0.0	-2.0e-6
157.25	0.0	-2.0e-6
157.375	0.0	-2.0e-6
157.5	0.0	-2.0e-6
157.625	0.0	-2.0e-6
157.75	0.0	-2.0e-6
157.875	0.0	-2.0e-6
158.0	0.0	-2.0e-6
158.125	0.0	-2.0e-6
158.25	0.0	-1.0e-6
158.375	0.0	-1.0e-6
158.5	0.0	-1.0e-6
158.625	0.0	-1.0e-6
158.75	0.0	-1.0e-6
158.875	0.0	-1.0e-6
159.0	0.0	-1.0e-6
159.125	0.0	-1.0e-6
159.25	0.0	0.0
159.375	0.0	0.0
159.5	0.0	0.0
159.625	0.0	0.0
159.75	0.0	0.0
159.875	0.0	0.0
160.0	0.0	0.0
160.125	0.0	0.0
160.25	0.0	0.0
160.375	0.0	0.0
160.5	0.0	0.0
160.625	0.0	0.0
160.75	0.0	0.0
160.875	0.0	0.0
161.0	0.0	0.0
161.125	0.0	0.0
161.25	0.0	0.0
161.375	0.0	0.0
161.5	0.0	0.0
161.625	0.0	0.0
161.75	0.0	0.0
161.875	0.0	0.0
162.0	0.0	0.0
162.125	0.0	0.0
162.25	0.0	0.0
162.375	0.0	0.0
162.5	0.0	0.0
162.625	0.0	0.0
162.75	0.0	0.0
162.875	0.0	0.0
163.0	0.0	1.0e-6
163.125	0.0	1.0e-6
163.25	0.0	1.0e-6
163.375	0.0	1.0e-6
163.5	0.0	1.0e-6
163.625	0.0	1.0e-6
163.75	0.0	1.0e-6
163.875	0.0	1.0e-6
164.0	0.0	2.0e-6
164.125	0.0	2.0e-6
164.25	0.0	2.0e-6
164.375	0.0	2.0e-6
164.5	0.0	2.0e-6
164.625	0.0	2.0e-6
164.75	0.0	2.0e-6
164.875	0.0	2.0e-6
165.0	0.0	2.0e-6
165.125	0.0	2.0e-6
165.25	0.0	2.0e-6
165.375	0.0	2.0e-6
165.5	0.0	2.0e-6
165.625	0.0	2.0e-6
165.75	0.0	2.0e-6
165.875	0.0	3.0e-6
166.0	0.0	3.0e-6
166.125	0.0	3.0e-6
166.25	0.0	3.0e-6
166.375	0.0	3.0e-6
166.5	0.0	3.0e-6
166.625	0.0	3.0e-6
166.75	0.0	3.0e-6
166.875	0.0	3.0e-6
167.0	0.0	3.0e-6
167.125	0.0	3.0e-6
167.25	0.0	3.0e-6
167.375	0.0	3.0e-6
167.5	0.0	3.0e-6
167.625	0.0	3.0e-6
167.75	0.0	4.0e-6
167.875	0.0	4.0e-6
168.0	0.0	4.0e-6
168.125	0.0	4.0e-6
168.25	0.0	4.0e-6
168.375	0.0	4.0e-6
168.5	0.0	4.0e-6
168.625	0.0	4.0e-6
168.75	0.0	4.0e-6
168.875	0.0	4.0e-6
169.0	0.0	4.0e-6
169.125	0.0	4.0e-6
169.25	0.0	4.0e-6
169.375	0.0	4.0e-6
169.5	0.0	4.0e-6
169.625	0.0	5.0e-6
169.75	0.0	5.0e-6
169.875	0.0	5.0e-6
170.0	0.0	5.0e-6
170.125	0.0	5.0e-6
170.25	0.0	5.0e-6
170.375	0.0	5.0e-6
170.5	0.0	5.0e-6
170.625	0.0	5.0e-6
170.75	0.0	5.0e-6
170.875	0.0	5.0e-6
171.0	0.0	5.0e-6
171.125	0.0	5.0e-6
171.25	0.0	5.0e-6
171.375	0.0	6.0e-6
171.5	0.0	6.0e-6
171.625	0.0	6.0e-6
171.75	0.0	6.0e-6
171.875	0.0	6.0e-6
172.0	0.0	6.0e-6
172.125	0.0	6.0e-6
172.25	0.0	6.0e-6
172.375	0.0	6.0e-6
172.5	0.0	6.0e-6
172.625	0.0	6.0e-6
172.75	0.0	6.0e-6
172.875	0.0	6.0e-6
173.0	0.0	6.0e-6
173.125	0.0	6.0e-6
173.25	0.0	7.0e-6
173.375	0.0	7.0e-6
173.5	0.0	7.0e-6
173.625	0.0	7.0e-6
173.75	0.0	7.0e-6
173.875	0.0	7.0e-6
174.0	0.0	7.0e-6
174.125	0.0	7.0e-6
174.25	0.0	7.0e-6
174.375	0.0	7.0e-6
174.5	0.0	7.0e-6
174.625	0.0	7.0e-6
174.75	0.0	7.0e-6
174.875	0.0	7.0e-6
175.0	0.0	7.0e-6
175.125	0.0	8.0e-6
175.25	0.0	8.0e-6
175.375	0.0	8.0e-6
175.5	0.0	8.0e-6
175.625	0.0	8.0e-6
175.75	0.0	8.0e-6
175.875	0.0	8.0e-6
176.0	0.0	8.0e-6
176.125	0.0	8.0e-6
176.25	0.0	8.0e-6
176.375	0.0	8.0e-6
176.5	0.0	8.0e-6
176.625	0.0	8.0e-6
176.75	0.0	8.0e-6
176.875	0.0	9.0e-6
177.0	0.0	9.0e-6
177.125	0.0	9.0e-6
177.25	0.0	9.0e-6
177.375	0.0	9.0e-6
177.5	0.0	9.0e-6
177.625	0.0	9.0e-6
177.75	0.0	9.0e-6
177.875	0.0	9.0e-6
178.0	0.0	9.0e-6
178.125	0.0	9.0e-6
178.25	0.0	9.0e-6
178.375	0.0	9.0e-6
178.5	0.0	9.0e-6
178.625	0.0	9.0e-6
178.75	0.0	1.0e-5
178.875	0.0	1.0e-5
179.0	0.0	1.0e-5
179.125	0.0	1.0e-5
179.25	0.0	1.0e-5
179.375	0.0	1.0e-5
179.5	0.0	1.0e-5
179.625	0.0	1.0e-5
179.75	0.0	1.0e-5
179.875	0.0	1.0e-5
180.0	0.0	1.0e-5
180.125	0.0	1.0e-5
180.25	0.0	1.0e-5
180.375	0.0	1.0e-5
180.5	0.0	1.1e-5
180.625	0.0	1.1e-5
180.75	0.0	1.1e-5
180.875	0.0	1.1e-5
181.0	0.0	1.1e-5
181.125	0.0	1.1e-5
181.25	0.0	1.1e-5
181.375	0.0	1.1e-5
181.5	0.0	1.1e-5
181.625	0.0	1.1e-5
181.75	0.0	1.1e-5
181.875	0.0	1.1e-5
182.0	0.0	1.1e-5
182.125	0.0	1.1e-5
182.25	0.0	1.2e-5
182.375	0.0	1.2e-5
182.5	0.0	1.2e-5
182.625	0.0	1.2e-5
182.75	0.0	1.2e-5
182.875	0.0	1.2e-5
183.0	0.0	1.2e-5
183.125	0.0	1.2e-5
183.25	0.0	1.2e-5
183.375	0.0	1.2e-5
183.5	0.0	1.2e-5
183.625	0.0	1.2e-5
183.75	0.0	1.2e-5
183.875	0.0	1.2e-5
184.0	0.0	1.2e-5
184.125	0.0	1.3e-5
184.25	0.0	1.3e-5
184.375	0.0	1.3e-5
184.5	0.0	1.3e-5
184.625	0.0	1.3e-5
184.75	0.0	1.3e-5
184.875	0.0	1.3e-5
185.0	0.0	1.3e-5
185.125	0.0	1.3e-5
185.25	0.0	1.3e-5
185.375	0.0	1.3e-5
185.5	0.0	1.3e-5
185.625	0.0	1.3e-5
185.75	0.0	1.3e-5
185.875	0.0	1.4e-5
186.0	0.0	1.4e-5
186.125	0.0	1.4e-5
186.25	0.0	1.4e-5
186.375	0.0	1.4e-5
186.5	0.0	1.4e-5
186.625	0.0	1.4e-5
186.75	0.0	1.4e-5
186.875	0.0	1.4e-5
187.0	0.0	1.4e-5
187.125	0.0	1.4e-5
187.25	0.0	1.4e-5
187.375	0.0	1.4e-5
187.5	0.0	1.5e-5
187.625	0.0	1.5e-5
187.75	0.0	1.5e-5
187.875	0.0	1.5e-5
188.0	0.0	1.5e-5
188.125	0.0	1.5e-5
188.25	0.0	1.5e-5
188.375	0.0	1.5e-5
188.5	0.0	1.5e-5
188.625	0.0	1.5e-5
188.75	0.0	1.5e-5
188.875	0.0	1.5e-5
189.0	0.0	1.5e-5
189.125	0.0	1.5e-5
189.25	0.0	1.6e-5
189.375	0.0	1.6e-5
189.5	0.0	1.6e-5
189.625	0.0	1.6e-5
189.75	0.0	1.6e-5
189.875	0.0	1.6e-5
190.0	0.0	1.6e-5
190.125	0.0	1.6e-5
190.25	0.0	1.6e-5
190.375	0.0	1.6e-5
190.5	0.0	1.6e-5
190.625	0.0	1.6e-5
190.75	0.0	1.6e-5
190.875	0.0	1.6e-5
191.0	0.0	1.7e-5
191.125	0.0	1.7e-5
191.25	0.0	1.7e-5
191.375	0.0	1.7e-5
191.5	0.0	1.7e-5
191.625	0.0	1.7e-5
191.75	0.0	1.7e-5
191.875	0.0	1.7e-5
192.0	0.0	1.7e-5
192.125	0.0	1.7e-5
192.25	0.0	1.7e-5
192.375	0.0	1.7e-5
192.5	0.0	1.7e-5
192.625	0.0	1.8e-5
192.75	0.0	1.8e-5
192.875	0.0	1.8e-5
193.0	0.0	1.8e-5
193.125	0.0	1.8e-5
193.25	0.0	1.8e-5
193.375	0.0	1.8e-5
193.5	0.0	1.8e-5
193.625	0.0	1.8e-5
193.75	0.0	1.8e-5
193.875	0.0	1.8e-5
194.0	0.0	1.8e-5
194.125	0.0	1.8e-5
194.25	0.0	1.8e-5
194.375	0.0	1.9e-5
194.5	0.0	1.9e-5
194.625	0.0	1.9e-5
194.75	0.0	1.9e-5
194.875	0.0	1.9e-5
195.0	0.0	1.9e-5
195.125	0.0	1.9e-5
195.25	0.0	1.9e-5
195.375	0.0	1.9e-5
195.5	0.0	1.9e-5
195.625	0.0	1.9e-5
195.75	0.0	1.9e-5
195.875	0.0	1.9e-5
196.0	0.0	2.0e-5
196.125	0.0	2.0e-5
196.25	0.0	2.0e-5
196.375	0.0	2.0e-5
196.5	0.0	2.0e-5
196.625	0.0	2.0e-5
196.75	0.0	2.0e-5
196.875	0.0	2.0e-5
197.0	0.0	2.0e-5
197.125	0.0	2.0e-5
197.25	0.0	2.0e-5
197.375	0.0	2.0e-5
197.5	0.0	2.0e-5
197.625	0.0	2.1e-5
197.75	0.0	2.1e-5
197.875	0.0	2.1e-5
198.0	0.0	2.1e-5
198.125	0.0	2.1e-5
198.25	0.0	2.1e-5
198.375	0.0	2.1e-5
198.5	0.0	2.1e-5
198.625	0.0	2.1e-5
198.75	0.0	2.1e-5
198.875	0.0	2.1e-5
199.0	0.0	2.1e-5
199.125	0.0	2.1e-5
199.25	0.0	2.1e-5
199.375	0.0	2.2e-5
199.5	0.0	2.2e-5
199.625	0.0	2.2e-5
199.75	0.0	2.2e-5
199.875	0.0	2.2e-5
200.0	0.0	2.2e-5
200.125	0.0	2.2e-5
200.25	0.0	2.2e-5
200.375	0.0	2.2e-5
200.5	0.0	2.2e-5
200.625	0.0	2.2e-5
200.75	0.0	2.2e-5
200.875	0.0	2.3e-5
201.0	0.0	2.3e-5
201.125	0.0	2.3e-5
201.25	0.0	2.3e-5
201.375	0.0	2.3e-5
201.5	0.0	2.3e-5
201.625	0.0	2.3e-5
201.75	0.0	2.3e-5
201.875	0.0	2.3e-5
202.0	0.0	2.3e-5
202.125	0.0	2.3e-5
202.25	0.0	2.3e-5
202.375	0.0	2.3e-5
202.5	0.0	2.4e-5
202.625	0.0	2.4e-5
202.75	0.0	2.4e-5
202.875	0.0	2.4e-5
203.0	0.0	2.4e-5
203.125	0.0	2.4e-5
203.25	0.0	2.4e-5
203.375	0.0	2.4e-5
203.5	0.0	2.4e-5
203.625	0.0	2.4e-5
203.75	0.0	2.4e-5
203.875	0.0	2.4e-5
204.0	0.0	2.4e-5
204.125	0.0	2.5e-5
204.25	0.0	2.5e-5
204.375	0.0	2.5e-5
204.5	0.0	2.5e-5
204.625	0.0	2.5e-5
204.75	0.0	2.5e-5
204.875	0.0	2.5e-5
205.0	0.0	2.5e-5
205.125	0.0	2.5e-5
205.25	0.0	2.5e-5
205.375	0.0	2.5e-5
205.5	0.0	2.5e-5
205.625	0.0	2.5e-5
205.75	0.0	2.6e-5
205.875	0.0	2.6e-5
206.0	0.0	2.6e-5
206.125	0.0	2.6e-5
206.25	0.0	2.6e-5
206.375	0.0	2.6e-5
206.5	0.0	2.6e-5
206.625	0.0	2.6e-5
206.75	0.0	2.6e-5
206.875	0.0	2.6e-5
207.0	0.0	2.6e-5
207.125	0.0	2.6e-5
207.25	0.0	2.7e-5
207.375	0.0	2.7e-5
207.5	0.0	2.7e-5
207.625	0.0	2.7e-5
207.75	0.0	2.7e-5
207.875	0.0	2.7e-5
208.0	0.0	2.7e-5
208.125	0.0	2.7e-5
208.25	0.0	2.7e-5
208.375	0.0	2.7e-5
208.5	0.0	2.7e-5
208.625	0.0	2.7e-5
208.75	0.0	2.7e-5
208.875	0.0	2.8e-5
209.0	0.0	2.8e-5
209.125	0.0	2.8e-5
209.25	0.0	2.8e-5
209.375	0.0	2.8e-5
209.5	0.0	2.8e-5
209.625	0.0	2.8e-5
209.75	0.0	2.8e-5
209.875	0.0	2.8e-5
210.0	0.0	2.8e-5
210.125	0.0	2.8e-5
210.25	0.0	2.8e-5
210.375	0.0	2.9e-5
210.5	0.0	2.9e-5
210.625	0.0	2.9e-5
210.75	0.0	2.9e-5
210.875	0.0	2.9e-5
211.0	0.0	2.9e-5
211.125	0.0	2.9e-5
211.25	0.0	2.9e-5
211.375	0.0	2.9e-5
211.5	0.0	2.9e-5
211.625	0.0	2.9e-5
211.75	0.0	2.9e-5
211.875	0.0	3.0e-5
212.0	0.0	3.0e-5
212.125	0.0	3.0e-5
212.25	0.0	3.0e-5
212.375	0.0	3.0e-5
212.5	0.0	3.0e-5
212.625	0.0	3.0e-5
212.75	0.0	3.0e-5
212.875	0.0	3.0e-5
213.0	0.0	3.0e-5
213.125	0.0	3.0e-5
213.25	0.0	3.0e-5
213.375	0.0	3.1e-5
213.5	0.0	3.1e-5
213.625	0.0	3.1e-5
213.75	0.0	3.1e-5
213.875	0.0	3.1e-5
214.0	0.0	3.1e-5
214.125	0.0	3.1e-5
214.25	0.0	3.1e-5
214.375	0.0	3.1e-5
214.5	0.0	3.1e-5
214.625	0.0	3.1e-5
214.75	0.0	3.1e-5
214.875	0.0	3.2e-5
215.0	0.0	3.2e-5
215.125	0.0	3.2e-5
215.25	0.0	3.2e-5
215.375	0.0	3.2e-5
215.5	0.0	3.2e-5
215.625	0.0	3.2e-5
215.75	0.0	3.2e-5
215.875	0.0	3.2e-5
216.0	0.0	3.2e-5
216.125	0.0	3.2e-5
216.25	0.0	3.2e-5
216.375	0.0	3.3e-5
216.5	0.0	3.3e-5
216.625	0.0	3.3e-5
216.75	0.0	3.3e-5
216.875	0.0	3.3e-5
217.0	0.0	3.3e-5
217.125	0.0	3.3e-5
217.25	0.0	3.3e-5
217.375	0.0	3.3e-5
217.5	0.0	3.3e-5
217.625	0.0	3.3e-5
217.75	0.0	3.4e-5
217.875	0.0	3.4e-5
218.0	0.0	3.4e-5
218.125	0.0	3.4e-5
218.25	0.0	3.4e-5
218.375	0.0	3.4e-5
218.5	0.0	3.4e-5
218.625	0.0	3.4e-5
218.75	0.0	3.4e-5
218.875	0.0	3.4e-5
219.0	0.0	3.4e-5
219.125	0.0	3.4e-5
219.25	0.0	3.5e-5
219.375	0.0	3.5e-5
219.5	0.0	3.5e-5
219.625	0.0	3.5e-5
219.75	0.0	3.5e-5
219.875	0.0	3.5e-5
220.0	0.0	3.5e-5
220.125	0.0	3.5e-5
220.25	0.0	3.5e-5
220.375	0.0	3.5e-5
220.5	0.0	3.5e-5
220.625	0.0	3.6e-5
220.75	0.0	3.6e-5
220.875	0.0	3.6e-5
221.0	0.0	3.6e-5
221.125	0.0	3.6e-5
221.25	0.0	3.6e-5
221.375	0.0	3.6e-5
221.5	0.0	3.6e-5
221.625	0.0	3.6e-5
221.75	0.0	3.6e-5
221.875	0.0	3.6e-5
222.0	0.0	3.7e-5
222.125	0.0	3.7e-5
222.25	0.0	3.7e-5
222.375	0.0	3.7e-5
222.5	0.0	3.7e-5
222.625	0.0	3.7e-5
222.75	0.0	3.7e-5
222.875	0.0	3.7e-5
223.0	0.0	3.7e-5
223.125	0.0	3.7e-5
223.25	0.0	3.7e-5
223.375	0.0	3.7e-5
223.5	0.0	3.8e-5
223.625	0.0	3.8e-5
223.75	0.0	3.8e-5
223.875	0.0	3.8e-5
224.0	0.0	3.8e-5
224.125	0.0	3.8e-5
224.25	0.0	3.8e-5
224.375	0.0	3.8e-5
224.5	0.0	3.8e-5
224.625	0.0	3.8e-5
224.75	0.0	3.8e-5
224.875	0.0	3.9e-5
225.0	0.0	3.9e-5
225.125	0.0	3.9e-5
225.25	0.0	3.9e-5
225.375	0.0	3.9e-5
225.5	0.0	3.9e-5
225.625	0.0	3.9e-5
225.75	0.0	3.9e-5
225.875	0.0	3.9e-5
226.0	0.0	3.9e-5
226.125	0.0	4.0e-5
226.25	0.0	4.0e-5
226.375	0.0	4.0e-5
226.5	0.0	4.0e-5
226.625	0.0	4.0e-5
226.75	0.0	4.0e-5
226.875	0.0	4.0e-5
227.0	0.0	4.0e-5
227.125	0.0	4.0e-5
227.25	0.0	4.0e-5
227.375	0.0	4.0e-5
227.5	0.0	4.1e-5
227.625	0.0	4.1e-5
227.75	0.0	4.1e-5
227.875	0.0	4.1e-5
228.0	0.0	4.1e-5
228.125	0.0	4.1e-5
228.25	0.0	4.1e-5
228.375	0.0	4.1e-5
228.5	0.0	4.1e-5
228.625	0.0	4.1e-5
228.75	0.0	4.1e-5
228.875	0.0	4.2e-5
229.0	0.0	4.2e-5
229.125	0.0	4.2e-5
229.25	0.0	4.2e-5
229.375	0.0	4.2e-5
229.5	0.0	4.2e-5
229.625	0.0	4.2e-5
229.75	0.0	4.2e-5
229.875	0.0	4.2e-5
230.0	0.0	4.2e-5
230.125	0.0	4.2e-5
230.25	0.0	4.3e-5
230.375	0.0	4.3e-5
230.5	0.0	4.3e-5
230.625	0.0	4.3e-5
230.75	0.0	4.3e-5
230.875	0.0	4.3e-5
231.0	0.0	4.3e-5
231.125	0.0	4.3e-5
231.25	0.0	4.3e-5
231.375	0.0	4.3e-5
231.5	0.0	4.4e-5
231.625	0.0	4.4e-5
231.75	0.0	4.4e-5
231.875	0.0	4.4e-5
232.0	0.0	4.4e-5
232.125	0.0	4.4e-5
232.25	0.0	4.4e-5
232.375	0.0	4.4e-5
232.5	0.0	4.4e-5
232.625	0.0	4.4e-5
232.75	0.0	4.5e-5
232.875	0.0	4.5e-5
233.0	0.0	4.5e-5
233.125	0.0	4.5e-5
233.25	0.0	4.5e-5
233.375	0.0	4.5e-5
233.5	0.0	4.5e-5
233.625	0.0	4.5e-5
233.75	0.0	4.5e-5
233.875	0.0	4.5e-5
234.0	0.0	4.5e-5
234.125	0.0	4.6e-5
234.25	0.0	4.6e-5
234.375	0.0	4.6e-5
234.5	0.0	4.6e-5
234.625	0.0	4.6e-5
234.75	0.0	4.6e-5
234.875	0.0	4.6e-5
235.0	0.0	4.6e-5
235.125	0.0	4.6e-5
235.25	0.0	4.6e-5
235.375	0.0	4.7e-5
235.5	0.0	4.7e-5
235.625	0.0	4.7e-5
235.75	0.0	4.7e-5
235.875	0.0	4.7e-5
236.0	0.0	4.7e-5
236.125	0.0	4.7e-5
236.25	0.0	4.7e-5
236.375	0.0	4.7e-5
236.5	0.0	4.7e-5
236.625	0.0	4.8e-5
236.75	0.0	4.8e-5
236.875	0.0	4.8e-5
237.0	0.0	4.8e-5
237.125	0.0	4.8e-5
237.25	0.0	4.8e-5
237.375	0.0	4.8e-5
237.5	0.0	4.8e-5
237.625	0.0	4.8e-5
237.75	0.0	4.8e-5
237.875	0.0	4.9e-5
238.0	0.0	4.9e-5
238.125	0.0	4.9e-5
238.25	0.0	4.9e-5
238.375	0.0	4.9e-5
238.5	0.0	4.9e-5
238.625	0.0	4.9e-5
238.75	0.0	4.9e-5
238.875	0.0	4.9e-5
239.0	0.0	5.0e-5
239.125	0.0	5.0e-5
239.25	0.0	5.0e-5
239.375	0.0	5.0e-5
239.5	0.0	5.0e-5
239.625	0.0	5.0e-5
239.75	0.0	5.0e-5
239.875	0.0	5.0e-5
240.0	0.0	5.0e-5
240.125	0.0	5.0e-5
240.25	0.0	5.1e-5
240.375	0.0	5.1e-5
240.5	0.0	5.1e-5
240.625	0.0	5.1e-5
240.75	0.0	5.1e-5
240.875	0.0	5.1e-5
241.0	0.0	5.1e-5
241.125	0.0	5.1e-5
241.25	0.0	5.1e-5
241.375	0.0	5.1e-5
241.5	0.0	5.2e-5
241.625	0.0	5.2e-5
241.75	0.0	5.2e-5
241.875	0.0	5.2e-5
242.0	0.0	5.2e-5
242.125	0.0	5.2e-5
242.25	0.0	5.2e-5
242.375	0.0	5.2e-5
242.5	0.0	5.2e-5
242.625	0.0	5.3e-5
242.75	0.0	5.3e-5
242.875	0.0	5.3e-5
243.0	0.0	5.3e-5
243.125	0.0	5.3e-5
243.25	0.0	5.3e-5
243.375	0.0	5.3e-5
243.5	0.0	5.3e-5
243.625	0.0	5.3e-5
243.75	0.0	5.4e-5
243.875	0.0	5.4e-5
244.0	0.0	5.4e-5
244.125	0.0	5.4e-5
244.25	0.0	5.4e-5
244.375	0.0	5.4e-5
244.5	0.0	5.4e-5
244.625	0.0	5.4e-5
244.75	0.0	5.4e-5
244.875	0.0	5.4e-5
245.0	0.0	5.5e-5
245.125	0.0	5.5e-5
245.25	0.0	5.5e-5
245.375	0.0	5.5e-5
245.5	0.0	5.5e-5
245.625	0.0	5.5e-5
245.75	0.0	5.5e-5
245.875	0.0	5.5e-5
246.0	0.0	5.5e-5
246.125	0.0	5.6e-5
246.25	0.0	5.6e-5
246.375	0.0	5.6e-5
246.5	0.0	5.6e-5
246.625	0.0	5.6e-5
246.75	0.0	5.6e-5
246.875	0.0	5.6e-5
247.0	0.0	5.6e-5
247.125	0.0	5.6e-5
247.25	0.0	5.7e-5
247.375	0.0	5.7e-5
247.5	0.0	5.7e-5
