-264.375	0.0	0.0
-264.25	0.0	0.0
-264.125	0.0	0.0
-264.0	0.0	0.0
-263.875	0.0	0.0
-263.75	0.0	0.0
-263.625	0.0	0.0
-263.5	0.0	0.0
-263.375	0.0	0.0
-263.25	0.0	0.0
-263.125	0.0	0.0
-263.0	0.0	0.0
-262.875	0.0	0.0
-262.75	0.0	0.0
-262.625	0.0	0.0
-262.5	0.0	0.0
-262.375	0.0	0.0
-262.25	0.0	0.0
-262.125	0.0	0.0
-262.0	0.0	0.0
-261.875	0.0	0.0
-261.75	0.0	0.0
-261.625	0.0	0.0
-261.5	0.0	0.0
-261.375	0.0	0.0
-261.25	0.0	0.0
-261.125	0.0	0.0
-261.0	0.0	0.0
-260.875	0.0	0.0
-260.75	0.0	0.0
-260.625	0.0	0.0
-260.5	0.0	0.0
-260.375	0.0	0.0
-260.25	0.0	0.0
-260.125	0.0	0.0
-260.0	0.0	0.0
-259.875	0.0	0.0
-259.75	0.0	0.0
-259.625	0.0	0.0
-259.5	0.0	0.0
-259.375	0.0	0.0
-259.25	0.0	0.0
-259.125	0.0	0.0
-259.0	0.0	0.0
-258.875	0.0	0.0
-258.75	0.0	0.0
-258.625	0.0	0.0
-258.5	0.0	0.0
-258.375	0.0	0.0
-258.25	0.0	0.0
-258.125	0.0	0.0
-258.0	0.0	0.0
-257.875	0.0	0.0
-257.75	0.0	0.0
-257.625	0.0	0.0
-257.5	0.0	0.0
-257.375	0.0	0.0
-257.25	0.0	0.0
-257.125	0.0	0.0
-257.0	0.0	0.0
-256.875	0.0	0.0
-256.75	0.0	0.0
-256.625	0.0	0.0
-256.5	0.0	0.0
-256.375	0.0	0.0
-256.25	0.0	0.0
-256.125	0.0	0.0
-256.0	0.0	0.0
-255.875	0.0	0.0
-255.75	0.0	0.0
-255.625	0.0	0.0
-255.5	0.0	0.0
-255.375	0.0	0.0
-255.25	0.0	0.0
-255.125	0.0	0.0
-255.0	0.0	0.0
-254.875	0.0	0.0
-254.75	0.0	0.0
-254.625	0.0	0.0
-254.5	0.0	0.0
-254.375	0.0	0.0
-254.25	0.0	0.0
-254.125	0.0	0.0
-254.0	0.0	0.0
-253.875	0.0	0.0
-253.75	0.0	0.0
-253.625	0.0	0.0
-253.5	0.0	0.0
-253.375	0.0	0.0
-253.25	0.0	0.0
-253.125	0.0	0.0
-253.0	0.0	0.0
-252.875	0.0	0.0
-252.75	0.0	0.0
-252.625	0.0	0.0
-252.5	0.0	0.0
-252.375	0.0	0.0
-252.25	0.0	0.0
-252.125	0.0	0.0
-252.0	0.0	0.0
-251.875	0.0	0.0
-251.75	0.0	0.0
-251.625	0.0	0.0
-251.5	0.0	0.0
-251.375	0.0	0.0
-251.25	0.0	0.0
-251.125	0.0	0.0
-251.0	0.0	0.0
-250.875	0.0	0.0
-250.75	0.0	0.0
-250.625	0.0	0.0
-250.5	0.0	0.0
-250.375	0.0	0.0
-250.25	0.0	0.0
-250.125	0.0	0.0
-250.0	0.0	0.0
-249.875	0.0	0.0
-249.75	0.0	0.0
-249.625	0.0	0.0
-249.5	0.0	0.0
-249.375	0.0	0.0
-249.25	0.0	0.0
-249.125	0.0	0.0
-249.0	0.0	0.0
-248.875	0.0	0.0
-248.75	0.0	0.0
-248.625	0.0	0.0
-248.5	0.0	0.0
-248.375	0.0	0.0
-248.25	0.0	0.0
-248.125	0.0	0.0
-248.0	0.0	0.0
-247.875	0.0	0.0
-247.75	0.0	0.0
-247.625	0.0	0.0
-247.5	0.0	0.0
-247.375	0.0	0.0
-247.25	0.0	0.0
-247.125	0.0	0.0
-247.0	0.0	0.0
-246.875	0.0	0.0
-246.75	0.0	0.0
-246.625	0.0	0.0
-246.5	0.0	0.0
-246.375	0.0	0.0
-246.25	0.0	0.0
-246.125	0.0	0.0
-246.0	0.0	0.0
-245.875	0.0	0.0
-245.75	0.0	0.0
-245.625	0.0	0.0
-245.5	0.0	0.0
-245.375	0.0	0.0
-245.25	0.0	0.0
-245.125	0.0	0.0
-245.0	0.0	0.0
-244.875	0.0	0.0
-244.75	0.0	0.0
-244.625	0.0	0.0
-244.5	0.0	0.0
-244.375	0.0	0.0
-244.25	0.0	0.0
-244.125	0.0	0.0
-244.0	0.0	0.0
-243.875	0.0	0.0
-243.75	0.0	0.0
-243.625	0.0	0.0
-243.5	0.0	0.0
-243.375	0.0	0.0
-243.25	0.0	0.0
-243.125	0.0	0.0
-243.0	0.0	0.0
-242.875	0.0	0.0
-242.75	0.0	0.0
-242.625	0.0	0.0
-242.5	0.0	0.0
-242.375	0.0	0.0
-242.25	0.0	0.0
-242.125	0.0	0.0
-242.0	0.0	0.0
-241.875	0.0	0.0
-241.75	0.0	0.0
-241.625	0.0	0.0
-241.5	0.0	0.0
-241.375	0.0	0.0
-241.25	0.0	0.0
-241.125	0.0	0.0
-241.0	0.0	0.0
-240.875	0.0	0.0
-240.75	0.0	0.0
-240.625	0.0	0.0
-240.5	0.0	0.0
-240.375	0.0	0.0
-240.25	0.0	0.0
-240.125	0.0	0.0
-240.0	0.0	0.0
-239.875	0.0	0.0
-239.75	0.0	0.0
-239.625	0.0	0.0
-239.5	0.0	0.0
-239.375	0.0	0.0
-239.25	0.0	0.0
-239.125	0.0	0.0
-239.0	0.0	0.0
-238.875	0.0	0.0
-238.75	0.0	0.0
-238.625	0.0	0.0
-238.5	0.0	0.0
-238.375	0.0	0.0
-238.25	0.0	0.0
-238.125	0.0	0.0
-238.0	0.0	0.0
-237.875	0.0	0.0
-237.75	0.0	0.0
-237.625	0.0	0.0
-237.5	0.0	0.0
-237.375	0.0	0.0
-237.25	0.0	0.0
-237.125	0.0	0.0
-237.0	0.0	0.0
-236.875	0.0	0.0
-236.75	0.0	0.0
-236.625	0.0	0.0
-236.5	0.0	0.0
-236.375	0.0	0.0
-236.25	0.0	0.0
-236.125	0.0	0.0
-236.0	0.0	0.0
-235.875	0.0	0.0
-235.75	0.0	0.0
-235.625	0.0	0.0
-235.5	0.0	0.0
-235.375	0.0	0.0
-235.25	0.0	0.0
-235.125	0.0	0.0
-235.0	0.0	0.0
-234.875	0.0	0.0
-234.75	0.0	0.0
-234.625	0.0	0.0
-234.5	0.0	0.0
-234.375	0.0	0.0
-234.25	0.0	0.0
-234.125	0.0	0.0
-234.0	0.0	0.0
-233.875	0.0	0.0
-233.75	0.0	0.0
-233.625	0.0	0.0
-233.5	0.0	0.0
-233.375	0.0	0.0
-233.25	0.0	0.0
-233.125	0.0	0.0
-233.0	0.0	0.0
-232.875	0.0	0.0
-232.75	0.0	0.0
-232.625	0.0	0.0
-232.5	0.0	0.0
-232.375	0.0	0.0
-232.25	0.0	0.0
-232.125	0.0	0.0
-232.0	0.0	0.0
-231.875	0.0	0.0
-231.75	0.0	0.0
-231.625	0.0	0.0
-231.5	0.0	0.0
-231.375	0.0	0.0
-231.25	0.0	0.0
-231.125	0.0	0.0
-231.0	0.0	0.0
-230.875	0.0	0.0
-230.75	0.0	0.0
-230.625	0.0	0.0
-230.5	0.0	0.0
-230.375	0.0	0.0
-230.25	0.0	0.0
-230.125	0.0	0.0
-230.0	0.0	0.0
-229.875	0.0	0.0
-229.75	0.0	0.0
-229.625	0.0	0.0
-229.5	0.0	0.0
-229.375	0.0	0.0
-229.25	0.0	0.0
-229.125	0.0	0.0
-229.0	0.0	0.0
-228.875	0.0	0.0
-228.75	0.0	0.0
-228.625	0.0	0.0
-228.5	0.0	0.0
-228.375	0.0	0.0
-228.25	0.0	0.0
-228.125	0.0	0.0
-228.0	0.0	0.0
-227.875	0.0	0.0
-227.75	0.0	0.0
-227.625	0.0	0.0
-227.5	0.0	0.0
-227.375	0.0	0.0
-227.25	0.0	0.0
-227.125	0.0	0.0
-227.0	0.0	0.0
-226.875	0.0	0.0
-226.75	0.0	0.0
-226.625	0.0	0.0
-226.5	0.0	0.0
-226.375	0.0	0.0
-226.25	0.0	0.0
-226.125	0.0	0.0
-226.0	0.0	0.0
-225.875	0.0	0.0
-225.75	0.0	0.0
-225.625	0.0	0.0
-225.5	0.0	0.0
-225.375	0.0	0.0
-225.25	0.0	0.0
-225.125	0.0	0.0
-225.0	0.0	0.0
-224.875	0.0	0.0
-224.75	0.0	0.0
-224.625	0.0	0.0
-224.5	0.0	0.0
-224.375	0.0	0.0
-224.25	0.0	0.0
-224.125	0.0	0.0
-224.0	0.0	0.0
-223.875	0.0	0.0
-223.75	0.0	0.0
-223.625	0.0	0.0
-223.5	0.0	0.0
-223.375	0.0	0.0
-223.25	0.0	0.0
-223.125	0.0	0.0
-223.0	0.0	0.0
-222.875	0.0	0.0
-222.75	0.0	0.0
-222.625	0.0	0.0
-222.5	0.0	0.0
-222.375	0.0	0.0
-222.25	0.0	0.0
-222.125	0.0	0.0
-222.0	0.0	0.0
-221.875	0.0	0.0
-221.75	0.0	0.0
-221.625	0.0	0.0
-221.5	0.0	0.0
-221.375	0.0	0.0
-221.25	0.0	0.0
-221.125	0.0	0.0
-221.0	0.0	0.0
-220.875	0.0	0.0
-220.75	0.0	0.0
-220.625	0.0	0.0
-220.5	0.0	0.0
-220.375	0.0	0.0
-220.25	0.0	0.0
-220.125	0.0	0.0
-220.0	0.0	0.0
-219.875	0.0	0.0
-219.75	0.0	0.0
-219.625	0.0	0.0
-219.5	0.0	0.0
-219.375	0.0	0.0
-219.25	0.0	0.0
-219.125	0.0	0.0
-219.0	0.0	0.0
-218.875	0.0	0.0
-218.75	0.0	0.0
-218.625	0.0	0.0
-218.5	0.0	0.0
-218.375	0.0	0.0
-218.25	0.0	0.0
-218.125	0.0	0.0
-218.0	0.0	0.0
-217.875	0.0	0.0
-217.75	0.0	0.0
-217.625	0.0	0.0
-217.5	0.0	0.0
-217.375	0.0	0.0
-217.25	0.0	0.0
-217.125	0.0	0.0
-217.0	0.0	0.0
-216.875	0.0	0.0
-216.75	0.0	0.0
-216.625	0.0	0.0
-216.5	0.0	0.0
-216.375	0.0	0.0
-216.25	0.0	0.0
-216.125	0.0	0.0
-216.0	0.0	0.0
-215.875	0.0	0.0
-215.75	0.0	0.0
-215.625	0.0	0.0
-215.5	0.0	0.0
-215.375	0.0	0.0
-215.25	0.0	0.0
-215.125	0.0	0.0
-215.0	0.0	0.0
-214.875	0.0	0.0
-214.75	0.0	0.0
-214.625	0.0	0.0
-214.5	0.0	0.0
-214.375	0.0	0.0
-214.25	0.0	0.0
-214.125	0.0	0.0
-214.0	0.0	0.0
-213.875	0.0	0.0
-213.75	0.0	0.0
-213.625	0.0	0.0
-213.5	0.0	0.0
-213.375	0.0	0.0
-213.25	0.0	0.0
-213.125	0.0	0.0
-213.0	0.0	0.0
-212.875	0.0	0.0
-212.75	0.0	0.0
-212.625	0.0	0.0
-212.5	0.0	0.0
-212.375	0.0	0.0
-212.25	0.0	0.0
-212.125	0.0	0.0
-212.0	0.0	0.0
-211.875	0.0	0.0
-211.75	0.0	0.0
-211.625	0.0	0.0
-211.5	0.0	0.0
-211.375	0.0	0.0
-211.25	0.0	0.0
-211.125	0.0	0.0
-211.0	0.0	0.0
-210.875	0.0	0.0
-210.75	0.0	0.0
-210.625	0.0	0.0
-210.5	0.0	0.0
-210.375	0.0	0.0
-210.25	0.0	0.0
-210.125	0.0	0.0
-210.0	0.0	0.0
-209.875	0.0	0.0
-209.75	0.0	0.0
-209.625	0.0	0.0
-209.5	0.0	0.0
-209.375	0.0	0.0
-209.25	0.0	0.0
-209.125	0.0	0.0
-209.0	0.0	0.0
-208.875	0.0	0.0
-208.75	0.0	0.0
-208.625	0.0	0.0
-208.5	0.0	0.0
-208.375	0.0	0.0
-208.25	0.0	0.0
-208.125	0.0	0.0
-208.0	0.0	0.0
-207.875	0.0	0.0
-207.75	0.0	0.0
-207.625	0.0	0.0
-207.5	0.0	0.0
-207.375	0.0	0.0
-207.25	0.0	0.0
-207.125	0.0	0.0
-207.0	0.0	0.0
-206.875	0.0	0.0
-206.75	0.0	0.0
-206.625	0.0	0.0
-206.5	0.0	0.0
-206.375	0.0	0.0
-206.25	0.0	0.0
-206.125	0.0	0.0
-206.0	0.0	0.0
-205.875	0.0	0.0
-205.75	0.0	0.0
-205.625	0.0	0.0
-205.5	0.0	0.0
-205.375	0.0	0.0
-205.25	0.0	0.0
-205.125	0.0	0.0
-205.0	0.0	0.0
-204.875	0.0	0.0
-204.75	0.0	0.0
-204.625	0.0	0.0
-204.5	0.0	0.0
-204.375	0.0	0.0
-204.25	0.0	0.0
-204.125	0.0	0.0
-204.0	0.0	0.0
-203.875	0.0	0.0
-203.75	0.0	0.0
-203.625	0.0	0.0
-203.5	0.0	0.0
-203.375	0.0	0.0
-203.25	0.0	0.0
-203.125	0.0	0.0
-203.0	0.0	0.0
-202.875	0.0	0.0
-202.75	0.0	0.0
-202.625	0.0	0.0
-202.5	0.0	0.0
-202.375	0.0	0.0
-202.25	0.0	0.0
-202.125	0.0	0.0
-202.0	0.0	0.0
-201.875	0.0	0.0
-201.75	0.0	0.0
-201.625	0.0	0.0
-201.5	0.0	0.0
-201.375	0.0	0.0
-201.25	0.0	0.0
-201.125	0.0	0.0
-201.0	0.0	0.0
-200.875	0.0	0.0
-200.75	0.0	0.0
-200.625	0.0	0.0
-200.5	0.0	0.0
-200.375	0.0	0.0
-200.25	0.0	0.0
-200.125	0.0	0.0
-200.0	0.0	0.0
-199.875	0.0	0.0
-199.75	0.0	0.0
-199.625	0.0	0.0
-199.5	0.0	0.0
-199.375	0.0	0.0
-199.25	0.0	0.0
-199.125	0.0	0.0
-199.0	0.0	0.0
-198.875	0.0	0.0
-198.75	0.0	0.0
-198.625	0.0	0.0
-198.5	0.0	0.0
-198.375	0.0	0.0
-198.25	0.0	0.0
-198.125	0.0	0.0
-198.0	0.0	0.0
-197.875	0.0	0.0
-197.75	0.0	0.0
-197.625	0.0	0.0
-197.5	0.0	0.0
-197.375	0.0	0.0
-197.25	0.0	0.0
-197.125	0.0	0.0
-197.0	0.0	0.0
-196.875	0.0	0.0
-196.75	0.0	0.0
-196.625	0.0	0.0
-196.5	0.0	0.0
-196.375	0.0	0.0
-196.25	0.0	0.0
-196.125	0.0	0.0
-196.0	0.0	0.0
-195.875	0.0	0.0
-195.75	0.0	0.0
-195.625	0.0	0.0
-195.5	0.0	0.0
-195.375	0.0	0.0
-195.25	0.0	0.0
-195.125	0.0	0.0
-195.0	0.0	0.0
-194.875	0.0	0.0
-194.75	0.0	0.0
-194.625	0.0	0.0
-194.5	0.0	0.0
-194.375	0.0	0.0
-194.25	0.0	0.0
-194.125	0.0	0.0
-194.0	0.0	0.0
-193.875	0.0	0.0
-193.75	0.0	0.0
-193.625	0.0	0.0
-193.5	0.0	0.0
-193.375	0.0	0.0
-193.25	0.0	0.0
-193.125	0.0	0.0
-193.0	0.0	0.0
-192.875	0.0	0.0
-192.75	0.0	0.0
-192.625	0.0	0.0
-192.5	0.0	0.0
-192.375	0.0	0.0
-192.25	0.0	0.0
-192.125	0.0	0.0
-192.0	0.0	0.0
-191.875	0.0	0.0
-191.75	0.0	0.0
-191.625	0.0	0.0
-191.5	0.0	0.0
-191.375	0.0	0.0
-191.25	0.0	0.0
-191.125	0.0	0.0
-191.0	0.0	0.0
-190.875	0.0	0.0
-190.75	0.0	0.0
-190.625	0.0	0.0
-190.5	0.0	0.0
-190.375	0.0	0.0
-190.25	0.0	0.0
-190.125	0.0	0.0
-190.0	0.0	0.0
-189.875	0.0	0.0
-189.75	0.0	0.0
-189.625	0.0	0.0
-189.5	0.0	0.0
-189.375	0.0	0.0
-189.25	0.0	0.0
-189.125	0.0	0.0
-189.0	0.0	0.0
-188.875	0.0	0.0
-188.75	0.0	0.0
-188.625	0.0	0.0
-188.5	0.0	0.0
-188.375	0.0	0.0
-188.25	0.0	0.0
-188.125	0.0	0.0
-188.0	0.0	0.0
-187.875	0.0	0.0
-187.75	0.0	0.0
-187.625	0.0	0.0
-187.5	0.0	0.0
-187.375	0.0	0.0
-187.25	0.0	0.0
-187.125	0.0	0.0
-187.0	0.0	0.0
-186.875	0.0	0.0
-186.75	0.0	0.0
-186.625	0.0	0.0
-186.5	0.0	0.0
-186.375	0.0	0.0
-186.25	0.0	0.0
-186.125	0.0	0.0
-186.0	0.0	0.0
-185.875	0.0	0.0
-185.75	0.0	0.0
-185.625	0.0	0.0
-185.5	0.0	0.0
-185.375	0.0	0.0
-185.25	0.0	0.0
-185.125	0.0	0.0
-185.0	0.0	0.0
-184.875	0.0	0.0
-184.75	0.0	0.0
-184.625	0.0	0.0
-184.5	0.0	0.0
-184.375	0.0	0.0
-184.25	0.0	0.0
-184.125	0.0	0.0
-184.0	0.0	0.0
-183.875	0.0	0.0
-183.75	0.0	0.0
-183.625	0.0	0.0
-183.5	0.0	0.0
-183.375	0.0	0.0
-183.25	0.0	0.0
-183.125	0.0	0.0
-183.0	0.0	0.0
-182.875	0.0	0.0
-182.75	0.0	0.0
-182.625	0.0	0.0
-182.5	0.0	0.0
-182.375	0.0	0.0
-182.25	0.0	0.0
-182.125	0.0	0.0
-182.0	0.0	0.0
-181.875	0.0	0.0
-181.75	0.0	0.0
-181.625	0.0	0.0
-181.5	0.0	0.0
-181.375	0.0	0.0
-181.25	0.0	0.0
-181.125	0.0	0.0
-181.0	0.0	0.0
-180.875	0.0	0.0
-180.75	0.0	0.0
-180.625	0.0	0.0
-180.5	0.0	0.0
-180.375	0.0	0.0
-180.25	0.0	0.0
-180.125	0.0	0.0
-180.0	0.0	0.0
-179.875	0.0	0.0
-179.75	0.0	0.0
-179.625	0.0	0.0
-179.5	0.0	0.0
-179.375	0.0	0.0
-179.25	0.0	0.0
-179.125	0.0	0.0
-179.0	0.0	0.0
-178.875	0.0	0.0
-178.75	0.0	0.0
-178.625	0.0	0.0
-178.5	0.0	0.0
-178.375	0.0	0.0
-178.25	0.0	0.0
-178.125	0.0	0.0
-178.0	0.0	0.0
-177.875	0.0	0.0
-177.75	0.0	0.0
-177.625	0.0	0.0
-177.5	0.0	0.0
-177.375	0.0	0.0
-177.25	0.0	0.0
-177.125	0.0	0.0
-177.0	0.0	0.0
-176.875	0.0	0.0
-176.75	0.0	0.0
-176.625	0.0	0.0
-176.5	0.0	0.0
-176.375	0.0	0.0
-176.25	0.0	0.0
-176.125	0.0	0.0
-176.0	0.0	0.0
-175.875	0.0	0.0
-175.75	0.0	0.0
-175.625	0.0	0.0
-175.5	0.0	0.0
-175.375	0.0	0.0
-175.25	0.0	0.0
-175.125	0.0	0.0
-175.0	0.0	0.0
-174.875	0.0	0.0
-174.75	0.0	0.0
-174.625	0.0	0.0
-174.5	0.0	0.0
-174.375	0.0	0.0
-174.25	0.0	0.0
-174.125	0.0	0.0
-174.0	0.0	0.0
-173.875	0.0	0.0
-173.75	0.0	0.0
-173.625	0.0	0.0
-173.5	0.0	0.0
-173.375	0.0	0.0
-173.25	0.0	0.0
-173.125	0.0	0.0
-173.0	0.0	0.0
-172.875	0.0	0.0
-172.75	0.0	0.0
-172.625	0.0	0.0
-172.5	0.0	0.0
-172.375	0.0	0.0
-172.25	0.0	0.0
-172.125	0.0	0.0
-172.0	0.0	0.0
-171.875	0.0	0.0
-171.75	0.0	0.0
-171.625	0.0	0.0
-171.5	0.0	0.0
-171.375	0.0	0.0
-171.25	0.0	0.0
-171.125	0.0	0.0
-171.0	0.0	0.0
-170.875	0.0	0.0
-170.75	0.0	0.0
-170.625	0.0	0.0
-170.5	0.0	0.0
-170.375	0.0	0.0
-170.25	0.0	0.0
-170.125	0.0	0.0
-170.0	0.0	0.0
-169.875	0.0	0.0
-169.75	0.0	0.0
-169.625	0.0	0.0
-169.5	0.0	0.0
-169.375	0.0	0.0
-169.25	0.0	0.0
-169.125	0.0	0.0
-169.0	0.0	0.0
-168.875	0.0	0.0
-168.75	0.0	0.0
-168.625	0.0	0.0
-168.5	0.0	0.0
-168.375	0.0	0.0
-168.25	0.0	0.0
-168.125	0.0	0.0
-168.0	0.0	0.0
-167.875	0.0	0.0
-167.75	0.0	0.0
-167.625	0.0	0.0
-167.5	0.0	0.0
-167.375	0.0	0.0
-167.25	0.0	0.0
-167.125	0.0	0.0
-167.0	0.0	0.0
-166.875	0.0	0.0
-166.75	0.0	0.0
-166.625	0.0	0.0
-166.5	0.0	0.0
-166.375	0.0	0.0
-166.25	0.0	0.0
-166.125	0.0	0.0
-166.0	0.0	0.0
-165.875	0.0	0.0
-165.75	0.0	0.0
-165.625	0.0	0.0
-165.5	0.0	0.0
-165.375	0.0	0.0
-165.25	0.0	0.0
-165.125	0.0	0.0
-165.0	0.0	0.0
-164.875	0.0	0.0
-164.75	0.0	0.0
-164.625	0.0	0.0
-164.5	0.0	0.0
-164.375	0.0	0.0
-164.25	0.0	0.0
-164.125	0.0	0.0
-164.0	0.0	0.0
-163.875	0.0	0.0
-163.75	0.0	0.0
-163.625	0.0	0.0
-163.5	0.0	0.0
-163.375	0.0	0.0
-163.25	0.0	0.0
-163.125	0.0	0.0
-163.0	0.0	0.0
-162.875	0.0	0.0
-162.75	0.0	0.0
-162.625	0.0	0.0
-162.5	0.0	0.0
-162.375	0.0	0.0
-162.25	0.0	0.0
-162.125	0.0	0.0
-162.0	0.0	0.0
-161.875	0.0	0.0
-161.75	0.0	0.0
-161.625	0.0	0.0
-161.5	0.0	0.0
-161.375	0.0	0.0
-161.25	0.0	0.0
-161.125	0.0	0.0
-161.0	0.0	0.0
-160.875	0.0	0.0
-160.75	0.0	0.0
-160.625	0.0	0.0
-160.5	0.0	0.0
-160.375	0.0	0.0
-160.25	0.0	0.0
-160.125	0.0	0.0
-160.0	0.0	0.0
-159.875	0.0	0.0
-159.75	0.0	0.0
-159.625	0.0	0.0
-159.5	0.0	0.0
-159.375	0.0	0.0
-159.25	0.0	0.0
-159.125	0.0	0.0
-159.0	0.0	0.0
-158.875	0.0	0.0
-158.75	0.0	0.0
-158.625	0.0	0.0
-158.5	0.0	0.0
-158.375	0.0	0.0
-158.25	0.0	0.0
-158.125	0.0	0.0
-158.0	0.0	0.0
-157.875	0.0	0.0
-157.75	0.0	0.0
-157.625	0.0	0.0
-157.5	0.0	0.0
-157.375	0.0	0.0
-157.25	0.0	0.0
-157.125	0.0	0.0
-157.0	0.0	0.0
-156.875	0.0	0.0
-156.75	0.0	0.0
-156.625	0.0	0.0
-156.5	0.0	0.0
-156.375	0.0	0.0
-156.25	0.0	0.0
-156.125	0.0	0.0
-156.0	0.0	0.0
-155.875	0.0	0.0
-155.75	0.0	0.0
-155.625	0.0	0.0
-155.5	0.0	0.0
-155.375	0.0	0.0
-155.25	0.0	0.0
-155.125	0.0	0.0
-155.0	0.0	0.0
-154.875	0.0	0.0
-154.75	0.0	0.0
-154.625	0.0	0.0
-154.5	0.0	0.0
-154.375	0.0	0.0
-154.25	0.0	0.0
-154.125	0.0	0.0
-154.0	0.0	0.0
-153.875	0.0	0.0
-153.75	0.0	0.0
-153.625	0.0	0.0
-153.5	0.0	0.0
-153.375	0.0	0.0
-153.25	0.0	0.0
-153.125	0.0	0.0
-153.0	0.0	0.0
-152.875	0.0	0.0
-152.75	0.0	0.0
-152.625	0.0	0.0
-152.5	0.0	0.0
-152.375	0.0	0.0
-152.25	0.0	0.0
-152.125	0.0	0.0
-152.0	0.0	0.0
-151.875	0.0	0.0
-151.75	0.0	0.0
-151.625	0.0	0.0
-151.5	0.0	0.0
-151.375	0.0	0.0
-151.25	0.0	0.0
-151.125	0.0	0.0
-151.0	0.0	0.0
-150.875	0.0	0.0
-150.75	0.0	0.0
-150.625	0.0	0.0
-150.5	0.0	0.0
-150.375	0.0	0.0
-150.25	0.0	0.0
-150.125	0.0	0.0
-150.0	0.0	0.0
-149.875	0.0	0.0
-149.75	0.0	0.0
-149.625	0.0	0.0
-149.5	0.0	0.0
-149.375	0.0	0.0
-149.25	0.0	0.0
-149.125	0.0	0.0
-149.0	0.0	0.0
-148.875	0.0	0.0
-148.75	0.0	0.0
-148.625	0.0	0.0
-148.5	0.0	0.0
-148.375	0.0	0.0
-148.25	0.0	0.0
-148.125	0.0	0.0
-148.0	0.0	0.0
-147.875	0.0	0.0
-147.75	0.0	0.0
-147.625	0.0	0.0
-147.5	0.0	0.0
-147.375	0.0	0.0
-147.25	0.0	0.0
-147.125	0.0	0.0
-147.0	0.0	0.0
-146.875	0.0	0.0
-146.75	0.0	0.0
-146.625	0.0	0.0
-146.5	0.0	0.0
-146.375	0.0	0.0
-146.25	0.0	0.0
-146.125	0.0	0.0
-146.0	0.0	0.0
-145.875	0.0	0.0
-145.75	0.0	0.0
-145.625	0.0	0.0
-145.5	0.0	0.0
-145.375	0.0	0.0
-145.25	0.0	0.0
-145.125	0.0	0.0
-145.0	0.0	0.0
-144.875	0.0	0.0
-144.75	0.0	0.0
-144.625	0.0	0.0
-144.5	0.0	0.0
-144.375	0.0	0.0
-144.25	0.0	0.0
-144.125	0.0	0.0
-144.0	0.0	0.0
-143.875	0.0	0.0
-143.75	0.0	0.0
-143.625	0.0	0.0
-143.5	0.0	0.0
-143.375	0.0	0.0
-143.25	0.0	0.0
-143.125	0.0	0.0
-143.0	0.0	0.0
-142.875	0.0	0.0
-142.75	0.0	0.0
-142.625	0.0	0.0
-142.5	0.0	0.0
-142.375	0.0	0.0
-142.25	0.0	0.0
-142.125	0.0	0.0
-142.0	0.0	0.0
-141.875	0.0	0.0
-141.75	0.0	0.0
-141.625	0.0	0.0
-141.5	0.0	0.0
-141.375	0.0	0.0
-141.25	0.0	0.0
-141.125	0.0	0.0
-141.0	0.0	0.0
-140.875	0.0	0.0
-140.75	0.0	0.0
-140.625	0.0	0.0
-140.5	0.0	0.0
-140.375	0.0	0.0
-140.25	0.0	0.0
-140.125	0.0	0.0
-140.0	0.0	0.0
-139.875	0.0	0.0
-139.75	0.0	0.0
-139.625	0.0	0.0
-139.5	0.0	0.0
-139.375	0.0	0.0
-139.25	0.0	0.0
-139.125	0.0	0.0
-139.0	0.0	0.0
-138.875	0.0	0.0
-138.75	0.0	0.0
-138.625	0.0	0.0
-138.5	0.0	0.0
-138.375	0.0	0.0
-138.25	0.0	0.0
-138.125	0.0	0.0
-138.0	0.0	0.0
-137.875	0.0	0.0
-137.75	0.0	0.0
-137.625	0.0	0.0
-137.5	0.0	0.0
-137.375	0.0	0.0
-137.25	0.0	0.0
-137.125	0.0	0.0
-137.0	0.0	0.0
-136.875	0.0	0.0
-136.75	0.0	0.0
-136.625	0.0	0.0
-136.5	0.0	0.0
-136.375	0.0	0.0
-136.25	0.0	0.0
-136.125	0.0	0.0
-136.0	0.0	0.0
-135.875	0.0	0.0
-135.75	0.0	0.0
-135.625	0.0	0.0
-135.5	0.0	0.0
-135.375	0.0	0.0
-135.25	0.0	0.0
-135.125	0.0	0.0
-135.0	0.0	0.0
-134.875	0.0	0.0
-134.75	0.0	0.0
-134.625	0.0	0.0
-134.5	0.0	0.0
-134.375	0.0	0.0
-134.25	0.0	0.0
-134.125	0.0	0.0
-134.0	0.0	0.0
-133.875	0.0	0.0
-133.75	0.0	0.0
-133.625	0.0	0.0
-133.5	0.0	0.0
-133.375	0.0	0.0
-133.25	0.0	0.0
-133.125	0.0	0.0
-133.0	0.0	0.0
-132.875	0.0	0.0
-132.75	0.0	0.0
-132.625	0.0	0.0
-132.5	0.0	0.0
-132.375	0.0	0.0
-132.25	0.0	0.0
-132.125	0.0	0.0
-132.0	0.0	0.0
-131.875	0.0	0.0
-131.75	0.0	0.0
-131.625	0.0	0.0
-131.5	0.0	0.0
-131.375	0.0	0.0
-131.25	0.0	0.0
-131.125	0.0	0.0
-131.0	0.0	0.0
-130.875	0.0	0.0
-130.75	0.0	0.0
-130.625	0.0	0.0
-130.5	0.0	0.0
-130.375	0.0	0.0
-130.25	0.0	0.0
-130.125	0.0	0.0
-130.0	0.0	0.0
-129.875	0.0	0.0
-129.75	0.0	0.0
-129.625	0.0	0.0
-129.5	0.0	0.0
-129.375	0.0	0.0
-129.25	0.0	0.0
-129.125	0.0	0.0
-129.0	0.0	0.0
-128.875	0.0	0.0
-128.75	0.0	0.0
-128.625	0.0	0.0
-128.5	0.0	0.0
-128.375	0.0	0.0
-128.25	0.0	0.0
-128.125	0.0	0.0
-128.0	0.0	0.0
-127.875	0.0	0.0
-127.75	0.0	0.0
-127.625	0.0	0.0
-127.5	0.0	0.0
-127.375	0.0	0.0
-127.25	0.0	0.0
-127.125	0.0	0.0
-127.0	0.0	0.0
-126.875	0.0	0.0
-126.75	0.0	0.0
-126.625	0.0	0.0
-126.5	0.0	0.0
-126.375	0.0	0.0
-126.25	0.0	0.0
-126.125	0.0	0.0
-126.0	0.0	0.0
-125.875	0.0	0.0
-125.75	0.0	0.0
-125.625	0.0	0.0
-125.5	0.0	0.0
-125.375	0.0	0.0
-125.25	0.0	0.0
-125.125	0.0	0.0
-125.0	0.0	0.0
-124.875	0.0	0.0
-124.75	0.0	0.0
-124.625	0.0	0.0
-124.5	0.0	0.0
-124.375	0.0	0.0
-124.25	0.0	0.0
-124.125	0.0	0.0
-124.0	0.0	0.0
-123.875	0.0	0.0
-123.75	0.0	0.0
-123.625	0.0	0.0
-123.5	0.0	0.0
-123.375	0.0	0.0
-123.25	0.0	0.0
-123.125	0.0	0.0
-123.0	0.0	0.0
-122.875	0.0	0.0
-122.75	0.0	0.0
-122.625	0.0	0.0
-122.5	0.0	0.0
-122.375	0.0	0.0
-122.25	0.0	0.0
-122.125	0.0	0.0
-122.0	0.0	0.0
-121.875	0.0	0.0
-121.75	0.0	0.0
-121.625	0.0	0.0
-121.5	0.0	0.0
-121.375	0.0	0.0
-121.25	0.0	0.0
-121.125	0.0	0.0
-121.0	0.0	0.0
-120.875	0.0	0.0
-120.75	0.0	0.0
-120.625	0.0	0.0
-120.5	0.0	0.0
-120.375	0.0	0.0
-120.25	0.0	0.0
-120.125	0.0	0.0
-120.0	0.0	0.0
-119.875	0.0	0.0
-119.75	0.0	0.0
-119.625	0.0	0.0
-119.5	0.0	0.0
-119.375	0.0	0.0
-119.25	0.0	0.0
-119.125	0.0	0.0
-119.0	0.0	0.0
-118.875	0.0	0.0
-118.75	0.0	0.0
-118.625	0.0	0.0
-118.5	0.0	0.0
-118.375	0.0	0.0
-118.25	0.0	0.0
-118.125	0.0	0.0
-118.0	0.0	0.0
-117.875	0.0	0.0
-117.75	0.0	0.0
-117.625	0.0	0.0
-117.5	0.0	0.0
-117.375	0.0	0.0
-117.25	0.0	0.0
-117.125	0.0	0.0
-117.0	0.0	0.0
-116.875	0.0	0.0
-116.75	0.0	0.0
-116.625	0.0	0.0
-116.5	0.0	0.0
-116.375	0.0	0.0
-116.25	0.0	0.0
-116.125	0.0	0.0
-116.0	0.0	0.0
-115.875	0.0	0.0
-115.75	0.0	0.0
-115.625	0.0	0.0
-115.5	0.0	0.0
-115.375	0.0	0.0
-115.25	0.0	0.0
-115.125	0.0	0.0
-115.0	0.0	0.0
-114.875	0.0	0.0
-114.75	0.0	0.0
-114.625	0.0	0.0
-114.5	0.0	0.0
-114.375	0.0	0.0
-114.25	0.0	0.0
-114.125	0.0	0.0
-114.0	0.0	0.0
-113.875	0.0	0.0
-113.75	0.0	0.0
-113.625	0.0	0.0
-113.5	0.0	0.0
-113.375	0.0	0.0
-113.25	0.0	0.0
-113.125	0.0	0.0
-113.0	0.0	0.0
-112.875	0.0	0.0
-112.75	0.0	0.0
-112.625	0.0	0.0
-112.5	0.0	0.0
-112.375	0.0	0.0
-112.25	0.0	0.0
-112.125	0.0	0.0
-112.0	0.0	0.0
-111.875	0.0	0.0
-111.75	0.0	0.0
-111.625	0.0	0.0
-111.5	0.0	0.0
-111.375	0.0	0.0
-111.25	0.0	0.0
-111.125	0.0	0.0
-111.0	0.0	0.0
-110.875	0.0	0.0
-110.75	0.0	0.0
-110.625	0.0	0.0
-110.5	0.0	0.0
-110.375	0.0	0.0
-110.25	0.0	0.0
-110.125	0.0	0.0
-110.0	0.0	0.0
-109.875	0.0	0.0
-109.75	0.0	0.0
-109.625	0.0	0.0
-109.5	0.0	0.0
-109.375	0.0	0.0
-109.25	0.0	0.0
-109.125	0.0	0.0
-109.0	0.0	0.0
-108.875	0.0	0.0
-108.75	0.0	0.0
-108.625	0.0	0.0
-108.5	0.0	0.0
-108.375	0.0	0.0
-108.25	0.0	0.0
-108.125	0.0	0.0
-108.0	0.0	0.0
-107.875	0.0	0.0
-107.75	0.0	0.0
-107.625	0.0	0.0
-107.5	0.0	0.0
-107.375	0.0	0.0
-107.25	0.0	0.0
-107.125	0.0	0.0
-107.0	0.0	0.0
-106.875	0.0	0.0
-106.75	0.0	0.0
-106.625	0.0	0.0
-106.5	0.0	0.0
-106.375	0.0	0.0
-106.25	0.0	0.0
-106.125	0.0	0.0
-106.0	0.0	0.0
-105.875	0.0	0.0
-105.75	0.0	0.0
-105.625	0.0	0.0
-105.5	0.0	0.0
-105.375	0.0	0.0
-105.25	0.0	0.0
-105.125	0.0	0.0
-105.0	0.0	0.0
-104.875	0.0	0.0
-104.75	0.0	0.0
-104.625	0.0	0.0
-104.5	0.0	0.0
-104.375	0.0	0.0
-104.25	0.0	0.0
-104.125	0.0	0.0
-104.0	0.0	0.0
-103.875	0.0	0.0
-103.75	0.0	0.0
-103.625	0.0	0.0
-103.5	0.0	0.0
-103.375	0.0	0.0
-103.25	0.0	0.0
-103.125	0.0	0.0
-103.0	0.0	0.0
-102.875	0.0	0.0
-102.75	0.0	0.0
-102.625	0.0	0.0
-102.5	0.0	0.0
-102.375	0.0	0.0
-102.25	0.0	0.0
-102.125	0.0	0.0
-102.0	0.0	0.0
-101.875	0.0	0.0
-101.75	0.0	0.0
-101.625	0.0	0.0
-101.5	0.0	0.0
-101.375	0.0	0.0
-101.25	0.0	0.0
-101.125	0.0	0.0
-101.0	0.0	0.0
-100.875	0.0	0.0
-100.75	0.0	0.0
-100.625	0.0	0.0
-100.5	0.0	0.0
-100.375	0.0	0.0
-100.25	0.0	0.0
-100.125	0.0	0.0
-100.0	0.0	0.0
-99.875	0.0	0.0
-99.75	0.0	0.0
-99.625	0.0	0.0
-99.5	0.0	0.0
-99.375	0.0	0.0
-99.25	0.0	0.0
-99.125	0.0	0.0
-99.0	0.0	0.0
-98.875	0.0	0.0
-98.75	0.0	0.0
-98.625	0.0	0.0
-98.5	0.0	0.0
-98.375	0.0	0.0
-98.25	0.0	0.0
-98.125	0.0	0.0
-98.0	0.0	0.0
-97.875	0.0	0.0
-97.75	0.0	0.0
-97.625	0.0	0.0
-97.5	0.0	0.0
-97.375	0.0	0.0
-97.25	0.0	0.0
-97.125	0.0	0.0
-97.0	0.0	0.0
-96.875	0.0	0.0
-96.75	0.0	0.0
-96.625	0.0	0.0
-96.5	0.0	0.0
-96.375	0.0	0.0
-96.25	0.0	0.0
-96.125	0.0	0.0
-96.0	0.0	0.0
-95.875	0.0	0.0
-95.75	0.0	0.0
-95.625	0.0	0.0
-95.5	0.0	0.0
-95.375	0.0	0.0
-95.25	0.0	0.0
-95.125	0.0	0.0
-95.0	0.0	0.0
-94.875	0.0	0.0
-94.75	0.0	0.0
-94.625	0.0	0.0
-94.5	0.0	0.0
-94.375	0.0	0.0
-94.25	0.0	0.0
-94.125	0.0	0.0
-94.0	0.0	0.0
-93.875	0.0	0.0
-93.75	0.0	0.0
-93.625	0.0	0.0
-93.5	0.0	0.0
-93.375	0.0	0.0
-93.25	0.0	0.0
-93.125	0.0	0.0
-93.0	0.0	0.0
-92.875	0.0	0.0
-92.75	0.0	0.0
-92.625	0.0	0.0
-92.5	0.0	0.0
-92.375	0.0	0.0
-92.25	0.0	0.0
-92.125	0.0	0.0
-92.0	0.0	0.0
-91.875	0.0	0.0
-91.75	0.0	0.0
-91.625	0.0	0.0
-91.5	0.0	0.0
-91.375	0.0	0.0
-91.25	0.0	0.0
-91.125	0.0	0.0
-91.0	0.0	0.0
-90.875	0.0	0.0
-90.75	0.0	0.0
-90.625	0.0	0.0
-90.5	0.0	0.0
-90.375	0.0	0.0
-90.25	0.0	0.0
-90.125	0.0	0.0
-90.0	0.0	0.0
-89.875	0.0	0.0
-89.75	0.0	0.0
-89.625	0.0	0.0
-89.5	0.0	0.0
-89.375	0.0	0.0
-89.25	0.0	0.0
-89.125	0.0	0.0
-89.0	0.0	0.0
-88.875	0.0	0.0
-88.75	0.0	0.0
-88.625	0.0	0.0
-88.5	0.0	0.0
-88.375	0.0	0.0
-88.25	0.0	0.0
-88.125	0.0	0.0
-88.0	0.0	0.0
-87.875	0.0	0.0
-87.75	0.0	0.0
-87.625	0.0	0.0
-87.5	0.0	0.0
-87.375	0.0	0.0
-87.25	0.0	0.0
-87.125	0.0	0.0
-87.0	0.0	0.0
-86.875	0.0	0.0
-86.75	0.0	0.0
-86.625	0.0	0.0
-86.5	0.0	0.0
-86.375	0.0	0.0
-86.25	0.0	0.0
-86.125	0.0	0.0
-86.0	0.0	0.0
-85.875	0.0	0.0
-85.75	0.0	0.0
-85.625	0.0	0.0
-85.5	0.0	0.0
-85.375	0.0	0.0
-85.25	0.0	0.0
-85.125	0.0	0.0
-85.0	0.0	0.0
-84.875	0.0	0.0
-84.75	0.0	0.0
-84.625	0.0	0.0
-84.5	0.0	0.0
-84.375	0.0	0.0
-84.25	0.0	0.0
-84.125	0.0	0.0
-84.0	0.0	0.0
-83.875	0.0	0.0
-83.75	0.0	0.0
-83.625	0.0	0.0
-83.5	0.0	0.0
-83.375	0.0	0.0
-83.25	0.0	0.0
-83.125	0.0	0.0
-83.0	0.0	0.0
-82.875	0.0	0.0
-82.75	0.0	0.0
-82.625	0.0	0.0
-82.5	0.0	0.0
-82.375	0.0	0.0
-82.25	0.0	0.0
-82.125	0.0	0.0
-82.0	0.0	0.0
-81.875	0.0	0.0
-81.75	0.0	0.0
-81.625	0.0	0.0
-81.5	0.0	0.0
-81.375	0.0	0.0
-81.25	0.0	0.0
-81.125	0.0	0.0
-81.0	0.0	0.0
-80.875	0.0	0.0
-80.75	0.0	0.0
-80.625	0.0	0.0
-80.5	0.0	0.0
-80.375	0.0	0.0
-80.25	0.0	0.0
-80.125	0.0	0.0
-80.0	0.0	0.0
-79.875	0.0	0.0
-79.75	0.0	0.0
-79.625	0.0	0.0
-79.5	0.0	0.0
-79.375	0.0	0.0
-79.25	0.0	0.0
-79.125	0.0	0.0
-79.0	0.0	0.0
-78.875	0.0	0.0
-78.75	0.0	0.0
-78.625	0.0	0.0
-78.5	0.0	0.0
-78.375	0.0	0.0
-78.25	0.0	0.0
-78.125	0.0	0.0
-78.0	0.0	0.0
-77.875	0.0	0.0
-77.75	0.0	0.0
-77.625	0.0	0.0
-77.5	0.0	0.0
-77.375	0.0	0.0
-77.25	0.0	0.0
-77.125	0.0	0.0
-77.0	0.0	0.0
-76.875	0.0	0.0
-76.75	0.0	0.0
-76.625	0.0	0.0
-76.5	0.0	0.0
-76.375	0.0	0.0
-76.25	0.0	0.0
-76.125	0.0	0.0
-76.0	0.0	0.0
-75.875	0.0	0.0
-75.75	0.0	0.0
-75.625	0.0	0.0
-75.5	0.0	0.0
-75.375	0.0	0.0
-75.25	0.0	0.0
-75.125	0.0	0.0
-75.0	0.0	0.0
-74.875	0.0	0.0
-74.75	0.0	0.0
-74.625	0.0	0.0
-74.5	0.0	0.0
-74.375	0.0	0.0
-74.25	0.0	0.0
-74.125	0.0	0.0
-74.0	0.0	0.0
-73.875	0.0	0.0
-73.75	0.0	0.0
-73.625	0.0	0.0
-73.5	0.0	0.0
-73.375	0.0	0.0
-73.25	0.0	0.0
-73.125	0.0	0.0
-73.0	0.0	0.0
-72.875	0.0	0.0
-72.75	0.0	0.0
-72.625	0.0	0.0
-72.5	0.0	0.0
-72.375	0.0	0.0
-72.25	0.0	0.0
-72.125	0.0	0.0
-72.0	0.0	0.0
-71.875	0.0	0.0
-71.75	0.0	0.0
-71.625	0.0	0.0
-71.5	0.0	0.0
-71.375	0.0	0.0
-71.25	0.0	0.0
-71.125	0.0	0.0
-71.0	0.0	0.0
-70.875	0.0	0.0
-70.75	0.0	0.0
-70.625	0.0	0.0
-70.5	0.0	0.0
-70.375	0.0	0.0
-70.25	0.0	0.0
-70.125	0.0	0.0
-70.0	0.0	0.0
-69.875	0.0	0.0
-69.75	0.0	0.0
-69.625	0.0	0.0
-69.5	0.0	0.0
-69.375	0.0	0.0
-69.25	0.0	0.0
-69.125	0.0	0.0
-69.0	0.0	0.0
-68.875	0.0	0.0
-68.75	0.0	0.0
-68.625	0.0	0.0
-68.5	0.0	0.0
-68.375	0.0	0.0
-68.25	0.0	0.0
-68.125	0.0	0.0
-68.0	0.0	0.0
-67.875	0.0	0.0
-67.75	0.0	0.0
-67.625	0.0	0.0
-67.5	0.0	0.0
-67.375	0.0	0.0
-67.25	0.0	0.0
-67.125	0.0	0.0
-67.0	0.0	0.0
-66.875	0.0	0.0
-66.75	0.0	0.0
-66.625	0.0	0.0
-66.5	0.0	0.0
-66.375	0.0	0.0
-66.25	0.0	0.0
-66.125	0.0	0.0
-66.0	0.0	0.0
-65.875	0.0	0.0
-65.75	0.0	0.0
-65.625	0.0	0.0
-65.5	0.0	0.0
-65.375	0.0	0.0
-65.25	0.0	0.0
-65.125	0.0	0.0
-65.0	0.0	0.0
-64.875	0.0	0.0
-64.75	0.0	0.0
-64.625	0.0	0.0
-64.5	0.0	0.0
-64.375	0.0	0.0
-64.25	0.0	0.0
-64.125	0.0	0.0
-64.0	0.0	0.0
-63.875	0.0	0.0
-63.75	0.0	0.0
-63.625	0.0	0.0
-63.5	0.0	0.0
-63.375	0.0	0.0
-63.25	0.0	0.0
-63.125	0.0	0.0
-63.0	0.0	0.0
-62.875	0.0	0.0
-62.75	0.0	0.0
-62.625	0.0	0.0
-62.5	0.0	0.0
-62.375	0.0	0.0
-62.25	0.0	0.0
-62.125	0.0	0.0
-62.0	0.0	0.0
-61.875	0.0	0.0
-61.75	0.0	0.0
-61.625	0.0	0.0
-61.5	0.0	0.0
-61.375	0.0	0.0
-61.25	0.0	0.0
-61.125	0.0	0.0
-61.0	0.0	0.0
-60.875	0.0	0.0
-60.75	0.0	0.0
-60.625	0.0	0.0
-60.5	0.0	0.0
-60.375	0.0	0.0
-60.25	0.0	0.0
-60.125	0.0	0.0
-60.0	0.0	0.0
-59.875	0.0	0.0
-59.75	0.0	0.0
-59.625	0.0	0.0
-59.5	0.0	0.0
-59.375	0.0	0.0
-59.25	0.0	0.0
-59.125	0.0	0.0
-59.0	0.0	0.0
-58.875	0.0	0.0
-58.75	0.0	0.0
-58.625	0.0	0.0
-58.5	0.0	0.0
-58.375	0.0	0.0
-58.25	0.0	0.0
-58.125	0.0	0.0
-58.0	0.0	0.0
-57.875	0.0	0.0
-57.75	0.0	0.0
-57.625	0.0	0.0
-57.5	0.0	0.0
-57.375	0.0	0.0
-57.25	0.0	0.0
-57.125	0.0	0.0
-57.0	0.0	0.0
-56.875	0.0	0.0
-56.75	0.0	0.0
-56.625	0.0	0.0
-56.5	0.0	0.0
-56.375	0.0	0.0
-56.25	0.0	0.0
-56.125	0.0	0.0
-56.0	0.0	0.0
-55.875	0.0	0.0
-55.75	0.0	0.0
-55.625	0.0	0.0
-55.5	0.0	0.0
-55.375	0.0	0.0
-55.25	0.0	0.0
-55.125	0.0	0.0
-55.0	0.0	0.0
-54.875	0.0	0.0
-54.75	0.0	0.0
-54.625	0.0	0.0
-54.5	0.0	0.0
-54.375	0.0	0.0
-54.25	0.0	0.0
-54.125	0.0	0.0
-54.0	0.0	0.0
-53.875	0.0	0.0
-53.75	0.0	0.0
-53.625	0.0	0.0
-53.5	0.0	0.0
-53.375	0.0	0.0
-53.25	0.0	0.0
-53.125	0.0	0.0
-53.0	0.0	0.0
-52.875	0.0	0.0
-52.75	0.0	0.0
-52.625	0.0	0.0
-52.5	0.0	0.0
-52.375	0.0	0.0
-52.25	0.0	0.0
-52.125	0.0	0.0
-52.0	0.0	0.0
-51.875	0.0	0.0
-51.75	0.0	0.0
-51.625	0.0	0.0
-51.5	0.0	0.0
-51.375	0.0	0.0
-51.25	0.0	0.0
-51.125	0.0	0.0
-51.0	0.0	0.0
-50.875	0.0	0.0
-50.75	0.0	0.0
-50.625	0.0	0.0
-50.5	0.0	0.0
-50.375	0.0	0.0
-50.25	0.0	0.0
-50.125	0.0	0.0
-50.0	0.0	0.0
-49.875	0.0	0.0
-49.75	0.0	0.0
-49.625	0.0	0.0
-49.5	0.0	0.0
-49.375	0.0	0.0
-49.25	0.0	0.0
-49.125	0.0	0.0
-49.0	0.0	0.0
-48.875	0.0	0.0
-48.75	0.0	0.0
-48.625	0.0	0.0
-48.5	0.0	0.0
-48.375	0.0	0.0
-48.25	0.0	0.0
-48.125	0.0	0.0
-48.0	0.0	0.0
-47.875	0.0	0.0
-47.75	0.0	0.0
-47.625	0.0	0.0
-47.5	0.0	0.0
-47.375	0.0	0.0
-47.25	0.0	0.0
-47.125	0.0	0.0
-47.0	0.0	0.0
-46.875	0.0	0.0
-46.75	0.0	0.0
-46.625	0.0	0.0
-46.5	0.0	0.0
-46.375	0.0	0.0
-46.25	0.0	0.0
-46.125	0.0	0.0
-46.0	0.0	0.0
-45.875	0.0	0.0
-45.75	0.0	0.0
-45.625	0.0	0.0
-45.5	0.0	0.0
-45.375	0.0	0.0
-45.25	0.0	0.0
-45.125	0.0	0.0
-45.0	0.0	0.0
-44.875	0.0	0.0
-44.75	0.0	0.0
-44.625	0.0	0.0
-44.5	0.0	0.0
-44.375	0.0	0.0
-44.25	0.0	0.0
-44.125	0.0	0.0
-44.0	0.0	0.0
-43.875	0.0	0.0
-43.75	0.0	0.0
-43.625	0.0	0.0
-43.5	0.0	0.0
-43.375	0.0	0.0
-43.25	0.0	0.0
-43.125	0.0	0.0
-43.0	0.0	0.0
-42.875	0.0	0.0
-42.75	0.0	0.0
-42.625	0.0	0.0
-42.5	0.0	0.0
-42.375	0.0	0.0
-42.25	0.0	0.0
-42.125	0.0	0.0
-42.0	0.0	0.0
-41.875	0.0	0.0
-41.75	0.0	0.0
-41.625	0.0	0.0
-41.5	0.0	0.0
-41.375	0.0	0.0
-41.25	0.0	0.0
-41.125	0.0	0.0
-41.0	0.0	0.0
-40.875	0.0	0.0
-40.75	0.0	0.0
-40.625	0.0	0.0
-40.5	0.0	0.0
-40.375	0.0	0.0
-40.25	0.0	0.0
-40.125	0.0	0.0
-40.0	0.0	0.0
-39.875	0.0	0.0
-39.75	0.0	0.0
-39.625	0.0	0.0
-39.5	0.0	0.0
-39.375	0.0	0.0
-39.25	0.0	0.0
-39.125	0.0	0.0
-39.0	0.0	0.0
-38.875	0.0	0.0
-38.75	0.0	0.0
-38.625	0.0	0.0
-38.5	0.0	0.0
-38.375	0.0	0.0
-38.25	0.0	0.0
-38.125	0.0	0.0
-38.0	0.0	0.0
-37.875	0.0	0.0
-37.75	0.0	0.0
-37.625	0.0	0.0
-37.5	0.0	0.0
-37.375	0.0	0.0
-37.25	0.0	0.0
-37.125	0.0	0.0
-37.0	0.0	0.0
-36.875	0.0	0.0
-36.75	0.0	0.0
-36.625	0.0	0.0
-36.5	0.0	0.0
-36.375	0.0	0.0
-36.25	0.0	0.0
-36.125	0.0	0.0
-36.0	0.0	0.0
-35.875	0.0	0.0
-35.75	0.0	0.0
-35.625	0.0	0.0
-35.5	0.0	0.0
-35.375	0.0	0.0
-35.25	0.0	0.0
-35.125	0.0	0.0
-35.0	0.0	0.0
-34.875	0.0	0.0
-34.75	0.0	0.0
-34.625	0.0	0.0
-34.5	0.0	0.0
-34.375	0.0	0.0
-34.25	0.0	0.0
-34.125	0.0	0.0
-34.0	0.0	0.0
-33.875	0.0	0.0
-33.75	0.0	0.0
-33.625	0.0	0.0
-33.5	0.0	0.0
-33.375	0.0	0.0
-33.25	0.0	0.0
-33.125	0.0	0.0
-33.0	0.0	0.0
-32.875	0.0	0.0
-32.75	0.0	0.0
-32.625	0.0	0.0
-32.5	0.0	-1.0e-6
-32.375	0.0	-1.0e-6
-32.25	0.0	-1.0e-6
-32.125	0.0	-1.0e-6
-32.0	0.0	-1.0e-6
-31.875	0.0	-1.0e-6
-31.75	0.0	-1.0e-6
-31.625	0.0	-1.0e-6
-31.5	0.0	-1.0e-6
-31.375	0.0	-1.0e-6
-31.25	0.0	-1.0e-6
-31.125	0.0	-1.0e-6
-31.0	0.0	0.0
-30.875	0.0	0.0
-30.75	0.0	0.0
-30.625	0.0	0.0
-30.5	0.0	0.0
-30.375	0.0	0.0
-30.25	0.0	0.0
-30.125	0.0	0.0
-30.0	0.0	1.0e-6
-29.875	0.0	2.0e-6
-29.75	0.0	2.0e-6
-29.625	0.0	3.0e-6
-29.5	0.0	3.0e-6
-29.375	0.0	4.0e-6
-29.25	0.0	4.0e-6
-29.125	0.0	5.0e-6
-29.0	0.0	6.0e-6
-28.875	0.0	6.0e-6
-28.75	0.0	7.0e-6
-28.625	0.0	8.0e-6
-28.5	0.0	8.0e-6
-28.375	0.0	9.0e-6
-28.25	0.0	1.0e-5
-28.125	0.0	1.0e-5
-28.0	0.0	1.1e-5
-27.875	0.0	1.1e-5
-27.75	0.0	1.2e-5
-27.625	0.0	1.2e-5
-27.5	0.0	1.2e-5
-27.375	0.0	1.3e-5
-27.25	0.0	1.3e-5
-27.125	0.0	1.3e-5
-27.0	0.0	1.2e-5
-26.875	0.0	1.2e-5
-26.75	0.0	1.1e-5
-26.625	0.0	1.0e-5
-26.5	0.0	9.0e-6
-26.375	0.0	7.0e-6
-26.25	0.0	6.0e-6
-26.125	0.0	4.0e-6
-26.0	0.0	2.0e-6
-25.875	0.0	-1.0e-6
-25.75	0.0	-4.0e-6
-25.625	0.0	-7.0e-6
-25.5	0.0	-1.1e-5
-25.375	0.0	-1.5e-5
-25.25	0.0	-1.9e-5
-25.125	0.0	-2.3e-5
-25.0	0.0	-2.8e-5
-24.875	0.0	-3.3e-5
-24.75	0.0	-3.8e-5
-24.625	0.0	-4.4e-5
-24.5	0.0	-4.9e-5
-24.375	0.0	-5.5e-5
-24.25	0.0	-6.1e-5
-24.125	0.0	-6.7e-5
-24.0	0.0	-7.2e-5
-23.875	0.0	-7.8e-5
-23.75	0.0	-8.3e-5
-23.625	0.0	-8.8e-5
-23.5	0.0	-9.3e-5
-23.375	0.0	-9.7e-5
-23.25	0.0	-0.0001
-23.125	0.0	-0.000102
-23.0	0.0	-0.000104
-22.875	0.0	-0.000105
-22.75	0.0	-0.000105
-22.625	0.0	-0.000103
-22.5	0.0	-0.0001
-22.375	0.0	-9.5e-5
-22.25	0.0	-8.9e-5
-22.125	0.0	-8.1e-5
-22.0	0.0	-7.2e-5
-21.875	0.0	-6.0e-5
-21.75	0.0	-4.6e-5
-21.625	0.0	-3.1e-5
-21.5	0.0	-1.3e-5
-21.375	0.0	8.0e-6
-21.25	0.0	3.0e-5
-21.125	0.0	5.5e-5
-21.0	0.0	8.1e-5
-20.875	0.0	0.00011
-20.75	0.0	0.000141
-20.625	0.0	0.000174
-20.5	0.0	0.000209
-20.375	0.0	0.000245
-20.25	0.0	0.000283
-20.125	0.0	0.000322
-20.0	0.0	0.000361
-19.875	0.0	0.000401
-19.75	0.0	0.000441
-19.625	0.0	0.00048
-19.5	0.0	0.000518
-19.375	0.0	0.000555
-19.25	0.0	0.00059
-19.125	0.0	0.000622
-19.0	0.0	0.00065
-18.875	0.0	0.000675
-18.75	0.0	0.000695
-18.625	0.0	0.00071
-18.5	0.0	0.000718
-18.375	0.0	0.000719
-18.25	0.0	0.000713
-18.125	0.0	0.000699
-18.0	0.0	0.000675
-17.875	0.0	0.000642
-17.75	0.0	0.000598
-17.625	0.0	0.000543
-17.5	0.0	0.000476
-17.375	0.0	0.000397
-17.25	0.0	0.000306
-17.125	0.0	0.000202
-17.0	0.0	8.6e-5
-16.875	0.0	-4.4e-5
-16.75	1.0e-6	-0.000187
-16.625	1.0e-6	-0.000342
-16.5	1.0e-6	-0.000509
-16.375	1.0e-6	-0.000689
-16.25	1.0e-6	-0.000879
-16.125	1.0e-6	-0.001079
-16.0	1.0e-6	-0.001288
-15.875	1.0e-6	-0.001504
-15.75	1.0e-6	-0.001726
-15.625	1.0e-6	-0.001952
-15.5	1.0e-6	-0.002181
-15.375	2.0e-6	-0.002409
-15.25	2.0e-6	-0.002634
-15.125	2.0e-6	-0.002855
-15.0	2.0e-6	-0.003067
-14.875	2.0e-6	-0.003268
-14.75	2.0e-6	-0.003455
-14.625	3.0e-6	-0.003624
-14.5	3.0e-6	-0.003772
-14.375	3.0e-6	-0.003896
-14.25	4.0e-6	-0.003991
-14.125	4.0e-6	-0.004054
-14.0	4.0e-6	-0.004081
-13.875	5.0e-6	-0.004069
-13.75	5.0e-6	-0.004014
-13.625	6.0e-6	-0.003913
-13.5	6.0e-6	-0.003762
-13.375	7.0e-6	-0.003559
-13.25	7.0e-6	-0.0033
-13.125	8.0e-6	-0.002983
-13.0	9.0e-6	-0.002607
-12.875	1.0e-5	-0.002169
-12.75	1.0e-5	-0.001669
-12.625	1.1e-5	-0.001106
-12.5	1.2e-5	-0.00048
-12.375	1.4e-5	0.000209
-12.25	1.5e-5	0.000957
-12.125	1.6e-5	0.001765
-12.0	1.8e-5	0.002627
-11.875	1.9e-5	0.003541
-11.75	2.1e-5	0.004502
-11.625	2.3e-5	0.005504
-11.5	2.5e-5	0.00654
-11.375	2.7e-5	0.007603
-11.25	2.9e-5	0.008685
-11.125	3.2e-5	0.009775
-11.0	3.5e-5	0.010865
-10.875	3.8e-5	0.011942
-10.75	4.1e-5	0.012995
-10.625	4.5e-5	0.014011
-10.5	4.9e-5	0.014977
-10.375	5.3e-5	0.015878
-10.25	5.7e-5	0.016701
-10.125	6.2e-5	0.01743
-10.0	6.8e-5	0.01805
-9.875	7.3e-5	0.018546
-9.75	7.9e-5	0.018903
-9.625	8.6e-5	0.019105
-9.5	9.3e-5	0.019137
-9.375	0.000101	0.018986
-9.25	0.00011	0.018637
-9.125	0.000119	0.018079
-9.0	0.000128	0.017298
-8.875	0.000139	0.016286
-8.75	0.00015	0.015032
-8.625	0.000163	0.013531
-8.5	0.000176	0.011777
-8.375	0.00019	0.009768
-8.25	0.000205	0.007501
-8.125	0.000222	0.004981
-8.0	0.00024	0.00221
-7.875	0.000259	-0.000804
-7.75	0.000279	-0.004049
-7.625	0.000301	-0.007513
-7.5	0.000325	-0.011179
-7.375	0.00035	-0.015026
-7.25	0.000378	-0.019032
-7.125	0.000407	-0.023169
-7.0	0.000438	-0.027408
-6.875	0.000472	-0.031714
-6.75	0.000508	-0.036052
-6.625	0.000547	-0.040382
-6.5	0.000589	-0.044661
-6.375	0.000634	-0.048845
-6.25	0.000681	-0.052886
-6.125	0.000733	-0.056735
-6.0	0.000787	-0.06034
-5.875	0.000846	-0.063648
-5.75	0.000909	-0.066608
-5.625	0.000976	-0.069163
-5.5	0.001048	-0.071261
-5.375	0.001125	-0.072849
-5.25	0.001207	-0.073875
-5.125	0.001294	-0.074288
-5.0	0.001388	-0.074041
-4.875	0.001488	-0.073089
-4.75	0.001594	-0.071392
-4.625	0.001708	-0.068912
-4.5	0.001829	-0.065619
-4.375	0.001958	-0.061486
-4.25	0.002096	-0.056495
-4.125	0.002243	-0.050633
-4.0	0.002399	-0.043894
-3.875	0.002566	-0.036284
-3.75	0.002743	-0.027812
-3.625	0.002932	-0.0185
-3.5	0.003133	-0.00838
-3.375	0.003346	0.00251
-3.25	0.003573	0.014118
-3.125	0.003815	0.026385
-3.0	0.004071	0.039239
-2.875	0.004343	0.0526
-2.75	0.004633	0.066375
-2.625	0.00494	0.080466
-2.5	0.005265	0.09476
-2.375	0.005611	0.109139
-2.25	0.005977	0.123475
-2.125	0.006366	0.137632
-2.0	0.006777	0.151468
-1.875	0.007214	0.164834
-1.75	0.007676	0.177578
-1.625	0.008165	0.189543
-1.5	0.008683	0.20057
-1.375	0.009231	0.210498
-1.25	0.00981	0.219169
-1.125	0.010423	0.226426
-1.0	0.011071	0.232114
-0.875	0.011756	0.236085
-0.75	0.012479	0.2382
-0.625	0.013243	0.238326
-0.5	0.01405	0.236342
-0.375	0.014901	0.23214
-0.25	0.015799	0.225626
-0.125	0.016746	0.216723
0.0	0.017745	0.20537
0.125	0.018798	0.191526
0.25	0.019907	0.175172
0.375	0.021076	0.15631
0.5	0.022306	0.134967
0.625	0.023602	0.111191
0.75	0.024965	0.085061
0.875	0.026399	0.056676
1.0	0.027908	0.026166
1.125	0.029493	-0.006314
1.25	0.03116	-0.040582
1.375	0.032911	-0.07643
1.5	0.03475	-0.113622
1.625	0.036681	-0.151901
1.75	0.038708	-0.190981
1.875	0.040835	-0.230557
2.0	0.043066	-0.270302
2.125	0.045405	-0.30987
2.25	0.047858	-0.348899
2.375	0.050427	-0.387012
2.5	0.053119	-0.423822
2.625	0.055938	-0.458931
2.75	0.05889	-0.491941
2.875	0.061978	-0.522449
3.0	0.065209	-0.550054
3.125	0.068589	-0.574365
3.25	0.072122	-0.594997
3.375	0.075815	-0.611582
3.5	0.079673	-0.62377
3.625	0.083702	-0.631233
3.75	0.08791	-0.63367
3.875	0.092301	-0.630812
4.0	0.096883	-0.622422
4.125	0.101663	-0.608307
4.25	0.106647	-0.58831
4.375	0.111841	-0.562325
4.5	0.117255	-0.530293
4.625	0.122893	-0.492207
4.75	0.128765	-0.448113
4.875	0.134877	-0.398115
5.0	0.141238	-0.342374
5.125	0.147855	-0.281111
5.25	0.154735	-0.214607
5.375	0.161889	-0.143199
5.5	0.169322	-0.067288
5.625	0.177044	0.012669
5.75	0.185064	0.09616
5.875	0.19339	0.182616
6.0	0.20203	0.271418
6.125	0.210994	0.3619
6.25	0.220291	0.453351
6.375	0.229928	0.545021
6.5	0.239917	0.636129
6.625	0.250265	0.725861
6.75	0.260982	0.813386
6.875	0.272077	0.897856
7.0	0.28356	0.978414
7.125	0.29544	1.054206
7.25	0.307727	1.124383
7.375	0.32043	1.188111
7.5	0.333558	1.244583
7.625	0.347121	1.29302
7.75	0.361129	1.332687
7.875	0.37559	1.362896
8.0	0.390515	1.383016
8.125	0.405913	1.39248
8.25	0.421792	1.390795
8.375	0.438164	1.377547
8.5	0.455035	1.352407
8.625	0.472417	1.315141
8.75	0.490317	1.265609
8.875	0.508744	1.203778
9.0	0.527708	1.129719
9.125	0.547216	1.043614
9.25	0.567277	0.945757
9.375	0.5879	0.836556
9.5	0.609091	0.71653
9.625	0.63086	0.586316
9.75	0.653213	0.446657
9.875	0.676158	0.298407
10.0	0.699701	0.142525
10.125	0.723849	-0.019935
10.25	0.748609	-0.187822
10.375	0.773987	-0.359902
10.5	0.799988	-0.534863
10.625	0.826617	-0.711325
10.75	0.853879	-0.887851
10.875	0.88178	-1.062957
11.0	0.910322	-1.235125
11.125	0.93951	-1.402813
11.25	0.969346	-1.564473
11.375	0.999833	-1.718558
11.5	1.030974	-1.863542
11.625	1.062769	-1.997931
11.75	1.095221	-2.120279
11.875	1.128329	-2.229198
12.0	1.162093	-2.32338
12.125	1.196513	-2.401602
12.25	1.231588	-2.462748
12.375	1.267315	-2.505815
12.5	1.303693	-2.529927
12.625	1.340717	-2.534349
12.75	1.378384	-2.518496
12.875	1.416689	-2.481938
13.0	1.455628	-2.424416
13.125	1.495193	-2.345842
13.25	1.535379	-2.246307
13.375	1.576178	-2.126085
13.5	1.617582	-1.985634
13.625	1.659581	-1.825598
13.75	1.702167	-1.646805
13.875	1.745327	-1.450265
14.0	1.789052	-1.237164
14.125	1.833329	-1.00886
14.25	1.878146	-0.766873
14.375	1.923487	-0.512876
14.5	1.96934	-0.248684
14.625	2.015688	0.023757
14.75	2.062516	0.30239
14.875	2.109807	0.585054
15.0	2.157542	0.869509
15.125	2.205704	1.153449
15.25	2.254272	1.434522
15.375	2.303227	1.710351
15.5	2.352549	1.978553
15.625	2.402214	2.23676
15.75	2.452201	2.482641
15.875	2.502487	2.713923
16.0	2.553047	2.928412
16.125	2.603857	3.124012
16.25	2.654892	3.298749
16.375	2.706124	3.450787
16.5	2.757528	3.578448
16.625	2.809076	3.680232
16.75	2.86074	3.754829
16.875	2.91249	3.801138
17.0	2.964298	3.818276
17.125	3.016134	3.805593
17.25	3.067967	3.762681
17.375	3.119766	3.689381
17.5	3.1715	3.585787
17.625	3.223136	3.452252
17.75	3.274643	3.289388
17.875	3.325987	3.098064
18.0	3.377134	2.879401
18.125	3.428053	2.634771
18.25	3.478708	2.365782
18.375	3.529066	2.074274
18.5	3.579092	1.762299
18.625	3.628752	1.432114
18.75	3.67801	1.086158
18.875	3.726833	0.727034
19.0	3.775185	0.357492
19.125	3.823031	-0.019597
19.25	3.870337	-0.401262
19.375	3.917066	-0.784458
19.5	3.963186	-1.166091
19.625	4.00866	-1.543045
19.75	4.053455	-1.912208
19.875	4.097536	-2.2705
20.0	4.140869	-2.614899
20.125	4.183421	-2.942468
20.25	4.225157	-3.250382
20.375	4.266046	-3.535955
20.5	4.306054	-3.79666
20.625	4.345149	-4.030157
20.75	4.3833	-4.234315
20.875	4.420477	-4.407227
21.0	4.456647	-4.547235
21.125	4.491782	-4.652941
21.25	4.525853	-4.723226
21.375	4.558831	-4.757258
21.5	4.590689	-4.754501
21.625	4.6214	-4.714726
21.75	4.650938	-4.63801
21.875	4.679277	-4.524742
22.0	4.706395	-4.375616
22.125	4.732267	-4.191633
22.25	4.756872	-3.974088
22.375	4.780188	-3.724566
22.5	4.802194	-3.444923
22.625	4.822873	-3.13728
22.75	4.842206	-2.803997
22.875	4.860175	-2.44766
23.0	4.876766	-2.071056
23.125	4.891964	-1.67715
23.25	4.905755	-1.269064
23.375	4.918127	-0.850043
23.5	4.92907	-0.423435
23.625	4.938574	0.007344
23.75	4.946629	0.438833
23.875	4.95323	0.867562
24.0	4.95837	1.290078
24.125	4.962044	1.702975
24.25	4.964251	2.102925
24.375	4.964986	2.486708
24.5	4.96425	2.851233
24.625	4.962044	3.193574
24.75	4.95837	3.510989
24.875	4.95323	3.800944
25.0	4.946629	4.061137
25.125	4.938573	4.289517
25.25	4.92907	4.4843
25.375	4.918127	4.643984
25.5	4.905754	4.767363
25.625	4.891963	4.853536
25.75	4.876765	4.901914
25.875	4.860174	4.912224
26.0	4.842205	4.88451
26.125	4.822872	4.819132
26.25	4.802193	4.716764
26.375	4.780186	4.578382
26.5	4.75687	4.40526
26.625	4.732266	4.198954
26.75	4.706394	3.961288
26.875	4.679276	3.694337
27.0	4.650936	3.400411
27.125	4.621398	3.082027
27.25	4.590687	2.741894
27.375	4.558829	2.382882
27.5	4.525851	2.008001
27.625	4.49178	1.620371
27.75	4.456645	1.223198
27.875	4.420475	0.81974
28.0	4.383298	0.413285
28.125	4.345147	0.007119
28.25	4.306052	-0.395502
28.375	4.266044	-0.791379
28.5	4.225155	-1.177398
28.625	4.183418	-1.550553
28.75	4.140867	-1.907976
28.875	4.097534	-2.246955
29.0	4.053453	-2.564962
29.125	4.008658	-2.859665
29.25	3.963183	-3.128952
29.375	3.917064	-3.370947
29.5	3.870334	-3.584018
29.625	3.823028	-3.766795
29.75	3.775182	-3.918174
29.875	3.72683	-4.037326
30.0	3.678008	-4.123701
30.125	3.628749	-4.177027
30.25	3.579089	-4.19731
30.375	3.529063	-4.184832
30.5	3.478705	-4.140144
30.625	3.42805	-4.064054
30.75	3.377132	-3.957625
30.875	3.325984	-3.822154
31.0	3.27464	-3.65916
31.125	3.223133	-3.470372
31.25	3.171497	-3.257705
31.375	3.119763	-3.023243
31.5	3.067964	-2.769221
31.625	3.016131	-2.498
31.75	2.964295	-2.212046
31.875	2.912487	-1.913906
32.0	2.860737	-1.606188
32.125	2.809073	-1.291534
32.25	2.757525	-0.972599
32.375	2.706121	-0.652025
32.5	2.654889	-0.332423
32.625	2.603854	-0.016347
32.75	2.553045	0.293725
32.875	2.502484	0.595412
33.0	2.452199	0.886448
33.125	2.402211	1.164697
33.25	2.352546	1.428176
33.375	2.303225	1.675061
33.5	2.254269	1.903704
33.625	2.205701	2.112642
33.75	2.157539	2.300609
33.875	2.109804	2.466539
34.0	2.062514	2.609571
34.125	2.015686	2.729057
34.25	1.969338	2.824557
34.375	1.923485	2.895842
34.5	1.878143	2.942892
34.625	1.833327	2.965887
34.75	1.78905	2.965205
34.875	1.745325	2.941415
35.0	1.702164	2.895264
35.125	1.659579	2.827669
35.25	1.617579	2.739702
35.375	1.576176	2.632584
35.5	1.535377	2.507662
35.625	1.495191	2.3664
35.75	1.455625	2.210363
35.875	1.416687	2.041199
36.0	1.378382	1.860624
36.125	1.340715	1.670403
36.25	1.303691	1.47234
36.375	1.267313	1.268252
36.5	1.231586	1.05996
36.625	1.196511	0.849272
36.75	1.162091	0.637964
36.875	1.128327	0.42777
37.0	1.095219	0.220366
37.125	1.062767	0.017357
37.25	1.030972	-0.179736
37.375	0.999831	-0.369483
37.5	0.969344	-0.550559
37.625	0.939508	-0.721751
37.75	0.91032	-0.881964
37.875	0.881778	-1.030228
38.0	0.853878	-1.165703
38.125	0.826615	-1.287685
38.25	0.799986	-1.395601
38.375	0.773986	-1.489017
38.5	0.748608	-1.567633
38.625	0.723848	-1.631286
38.75	0.6997	-1.679942
38.875	0.676156	-1.713696
39.0	0.653212	-1.732764
39.125	0.630859	-1.737481
39.25	0.60909	-1.728291
39.375	0.587899	-1.705741
39.5	0.567276	-1.670473
39.625	0.547215	-1.623214
39.75	0.527707	-1.564769
39.875	0.508743	-1.496009
40.0	0.490316	-1.417862
40.125	0.472416	-1.331304
40.25	0.455034	-1.237348
40.375	0.438163	-1.137034
40.5	0.421792	-1.031416
40.625	0.405912	-0.921559
40.75	0.390514	-0.808523
40.875	0.375589	-0.693357
41.0	0.361128	-0.57709
41.125	0.34712	-0.46072
41.25	0.333557	-0.345211
41.375	0.320429	-0.231483
41.5	0.307726	-0.120403
41.625	0.29544	-0.012788
41.75	0.28356	0.090612
41.875	0.272077	0.189108
42.0	0.260981	0.282082
42.125	0.250264	0.368985
42.25	0.239916	0.449344
42.375	0.229928	0.522759
42.5	0.22029	0.588907
42.625	0.210994	0.647539
42.75	0.20203	0.69848
42.875	0.193389	0.741629
43.0	0.185064	0.776956
43.125	0.177044	0.804498
43.25	0.169322	0.824358
43.375	0.161888	0.836702
43.5	0.154735	0.841749
43.625	0.147854	0.839777
43.75	0.141238	0.831108
43.875	0.134877	0.816109
44.0	0.128765	0.795187
44.125	0.122893	0.768779
44.25	0.117254	0.737353
44.375	0.111841	0.701397
44.5	0.106646	0.661419
44.625	0.101663	0.617936
44.75	0.096883	0.571475
44.875	0.092301	0.522561
45.0	0.087909	0.47172
45.125	0.083702	0.419467
45.25	0.079672	0.366309
45.375	0.075814	0.312735
45.5	0.072122	0.259214
45.625	0.068589	0.206195
45.75	0.065209	0.1541
45.875	0.061978	0.103322
46.0	0.058889	0.054225
46.125	0.055938	0.007142
46.25	0.053119	-0.037631
46.375	0.050427	-0.079829
46.5	0.047858	-0.119224
46.625	0.045405	-0.155624
46.75	0.043066	-0.188871
46.875	0.040835	-0.218845
47.0	0.038708	-0.245457
47.125	0.036681	-0.268655
47.25	0.03475	-0.288417
47.375	0.032911	-0.304754
47.5	0.03116	-0.317705
47.625	0.029493	-0.327338
47.75	0.027908	-0.333745
47.875	0.026399	-0.337043
48.0	0.024965	-0.337368
48.125	0.023602	-0.334878
48.25	0.022306	-0.329743
48.375	0.021076	-0.322153
48.5	0.019907	-0.312304
48.625	0.018798	-0.300404
48.75	0.017745	-0.286667
48.875	0.016746	-0.271314
49.0	0.015799	-0.254564
49.125	0.014901	-0.23664
49.25	0.01405	-0.21776
49.375	0.013243	-0.198142
49.5	0.012479	-0.177995
49.625	0.011756	-0.157524
49.75	0.011071	-0.136922
49.875	0.010423	-0.116376
50.0	0.00981	-0.096058
50.125	0.009231	-0.076133
50.25	0.008683	-0.056748
50.375	0.008165	-0.038039
50.5	0.007676	-0.02013
50.625	0.007214	-0.003129
50.75	0.006777	0.012872
50.875	0.006366	0.027793
51.0	0.005977	0.041569
51.125	0.005611	0.054149
51.25	0.005265	0.065496
51.375	0.00494	0.075585
51.5	0.004633	0.084406
51.625	0.004343	0.091959
51.75	0.004071	0.098257
51.875	0.003815	0.103321
52.0	0.003573	0.107184
52.125	0.003346	0.109887
52.25	0.003133	0.111479
52.375	0.002932	0.112015
52.5	0.002743	0.111559
52.625	0.002566	0.110176
52.75	0.002399	0.107938
52.875	0.002243	0.104919
53.0	0.002096	0.101196
53.125	0.001958	0.096847
53.25	0.001829	0.091952
53.375	0.001708	0.086588
53.5	0.001594	0.080834
53.625	0.001488	0.074767
53.75	0.001388	0.06846
53.875	0.001294	0.061986
54.0	0.001207	0.055413
54.125	0.001125	0.048805
54.25	0.001048	0.042225
54.375	0.000976	0.035729
54.5	0.000909	0.029368
54.625	0.000846	0.023191
54.75	0.000787	0.017239
54.875	0.000733	0.011552
55.0	0.000681	0.006161
55.125	0.000634	0.001094
55.25	0.000589	-0.003626
55.375	0.000547	-0.007981
55.5	0.000508	-0.011956
55.625	0.000472	-0.015544
55.75	0.000438	-0.018738
55.875	0.000407	-0.021538
56.0	0.000378	-0.023947
56.125	0.00035	-0.02597
56.25	0.000325	-0.027617
56.375	0.000301	-0.0289
56.5	0.000279	-0.029834
56.625	0.000259	-0.030435
56.75	0.00024	-0.030722
56.875	0.000222	-0.030715
57.0	0.000205	-0.030436
57.125	0.00019	-0.029906
57.25	0.000176	-0.029151
57.375	0.000163	-0.028192
57.5	0.00015	-0.027054
57.625	0.000139	-0.02576
57.75	0.000128	-0.024334
57.875	0.000119	-0.022799
58.0	0.00011	-0.021177
58.125	0.000101	-0.01949
58.25	9.3e-5	-0.017757
58.375	8.6e-5	-0.015999
58.5	7.9e-5	-0.014233
58.625	7.3e-5	-0.012476
58.75	6.8e-5	-0.010743
58.875	6.2e-5	-0.00905
59.0	5.7e-5	-0.007408
59.125	5.3e-5	-0.005828
59.25	4.9e-5	-0.00432
59.375	4.5e-5	-0.002894
59.5	4.1e-5	-0.001554
59.625	3.8e-5	-0.000308
59.75	3.5e-5	0.000841
59.875	3.2e-5	0.00189
60.0	2.9e-5	0.002837
60.125	2.7e-5	0.003681
60.25	2.5e-5	0.004423
60.375	2.3e-5	0.005063
60.5	2.1e-5	0.005605
60.625	1.9e-5	0.006051
60.75	1.8e-5	0.006404
60.875	1.6e-5	0.006669
61.0	1.5e-5	0.006851
61.125	1.4e-5	0.006955
61.25	1.2e-5	0.006985
61.375	1.1e-5	0.006949
61.5	1.0e-5	0.006851
61.625	1.0e-5	0.006698
61.75	9.0e-6	0.006495
61.875	8.0e-6	0.00625
62.0	7.0e-6	0.005967
62.125	7.0e-6	0.005653
62.25	6.0e-6	0.005313
62.375	6.0e-6	0.004953
62.5	5.0e-6	0.004577
62.625	5.0e-6	0.004192
62.75	4.0e-6	0.0038
62.875	4.0e-6	0.003407
63.0	4.0e-6	0.003016
63.125	3.0e-6	0.002631
63.25	3.0e-6	0.002255
63.375	3.0e-6	0.001891
63.5	2.0e-6	0.001541
63.625	2.0e-6	0.001208
63.75	2.0e-6	0.000893
63.875	2.0e-6	0.000598
64.0	2.0e-6	0.000323
64.125	2.0e-6	7.0e-5
64.25	1.0e-6	-0.000161
64.375	1.0e-6	-0.000369
64.5	1.0e-6	-0.000555
64.625	1.0e-6	-0.000719
64.75	1.0e-6	-0.000861
64.875	1.0e-6	-0.000982
65.0	1.0e-6	-0.001082
65.125	1.0e-6	-0.001163
65.25	1.0e-6	-0.001225
65.375	1.0e-6	-0.00127
65.5	1.0e-6	-0.001298
65.625	0.0	-0.001311
65.75	0.0	-0.00131
65.875	0.0	-0.001297
66.0	0.0	-0.001272
66.125	0.0	-0.001238
66.25	0.0	-0.001194
66.375	0.0	-0.001143
66.5	0.0	-0.001086
66.625	0.0	-0.001024
66.75	0.0	-0.000957
66.875	0.0	-0.000888
67.0	0.0	-0.000816
67.125	0.0	-0.000744
67.25	0.0	-0.000671
67.375	0.0	-0.000599
67.5	0.0	-0.000527
67.625	0.0	-0.000458
67.75	0.0	-0.000391
67.875	0.0	-0.000326
68.0	0.0	-0.000265
68.125	0.0	-0.000207
68.25	0.0	-0.000152
68.375	0.0	-0.000102
68.5	0.0	-5.5e-5
68.625	0.0	-1.3e-5
68.75	0.0	2.5e-5
68.875	0.0	5.9e-5
69.0	0.0	9.0e-5
69.125	0.0	0.000116
69.25	0.0	0.000138
69.375	0.0	0.000157
69.5	0.0	0.000172
69.625	0.0	0.000184
69.75	0.0	0.000193
69.875	0.0	0.000199
70.0	0.0	0.000203
70.125	0.0	0.000204
70.25	0.0	0.000203
70.375	0.0	0.0002
70.5	0.0	0.000195
70.625	0.0	0.000189
70.75	0.0	0.000181
70.875	0.0	0.000173
71.0	0.0	0.000163
71.125	0.0	0.000153
71.25	0.0	0.000142
71.375	0.0	0.000131
71.5	0.0	0.00012
71.625	0.0	0.000109
71.75	0.0	9.8e-5
71.875	0.0	8.7e-5
72.0	0.0	7.6e-5
72.125	0.0	6.6e-5
72.25	0.0	5.6e-5
72.375	0.0	4.6e-5
72.5	0.0	3.7e-5
72.625	0.0	2.9e-5
72.75	0.0	2.1e-5
72.875	0.0	1.4e-5
73.0	0.0	8.0e-6
73.125	0.0	2.0e-6
73.25	0.0	-3.0e-6
73.375	0.0	-8.0e-6
73.5	0.0	-1.2e-5
73.625	0.0	-1.5e-5
73.75	0.0	-1.8e-5
73.875	0.0	-2.1e-5
74.0	0.0	-2.3e-5
74.125	0.0	-2.4e-5
74.25	0.0	-2.5e-5
74.375	0.0	-2.6e-5
74.5	0.0	-2.6e-5
74.625	0.0	-2.6e-5
74.75	0.0	-2.6e-5
74.875	0.0	-2.5e-5
75.0	0.0	-2.5e-5
75.125	0.0	-2.4e-5
75.25	0.0	-2.3e-5
75.375	0.0	-2.1e-5
75.5	0.0	-2.0e-5
75.625	0.0	-1.9e-5
75.75	0.0	-1.7e-5
75.875	0.0	-1.6e-5
76.0	0.0	-1.5e-5
76.125	0.0	-1.3e-5
76.25	0.0	-1.2e-5
76.375	0.0	-1.0e-5
76.5	0.0	-9.0e-6
76.625	0.0	-8.0e-6
76.75	0.0	-7.0e-6
76.875	0.0	-5.0e-6
77.0	0.0	-4.0e-6
77.125	0.0	-3.0e-6
77.25	0.0	-2.0e-6
77.375	0.0	-2.0e-6
77.5	0.0	0.0
77.625	0.0	0.0
77.75	0.0	0.0
77.875	0.0	0.0
78.0	0.0	1.0e-6
78.125	0.0	2.0e-6
78.25	0.0	2.0e-6
78.375	0.0	2.0e-6
78.5	0.0	2.0e-6
78.625	0.0	3.0e-6
78.75	0.0	3.0e-6
78.875	0.0	3.0e-6
79.0	0.0	3.0e-6
79.125	0.0	3.0e-6
79.25	0.0	3.0e-6
79.375	0.0	3.0e-6
79.5	0.0	3.0e-6
79.625	0.0	2.0e-6
79.75	0.0	2.0e-6
79.875	0.0	2.0e-6
80.0	0.0	2.0e-6
80.125	0.0	2.0e-6
80.25	0.0	2.0e-6
80.375	0.0	2.0e-6
80.5	0.0	1.0e-6
80.625	0.0	1.0e-6
80.75	0.0	1.0e-6
80.875	0.0	1.0e-6
81.0	0.0	0.0
81.125	0.0	0.0
81.25	0.0	0.0
81.375	0.0	0.0
81.5	0.0	0.0
81.625	0.0	0.0
81.75	0.0	0.0
81.875	0.0	0.0
82.0	0.0	0.0
82.125	0.0	0.0
82.25	0.0	0.0
82.375	0.0	0.0
82.5	0.0	0.0
82.625	0.0	0.0
82.75	0.0	0.0
82.875	0.0	0.0
83.0	0.0	0.0
83.125	0.0	0.0
83.25	0.0	0.0
83.375	0.0	0.0
83.5	0.0	0.0
83.625	0.0	0.0
83.75	0.0	0.0
83.875	0.0	0.0
84.0	0.0	0.0
84.125	0.0	0.0
84.25	0.0	0.0
84.375	0.0	0.0
84.5	0.0	0.0
84.625	0.0	0.0
84.75	0.0	0.0
84.875	0.0	0.0
85.0	0.0	0.0
85.125	0.0	0.0
85.25	0.0	0.0
85.375	0.0	0.0
85.5	0.0	0.0
85.625	0.0	0.0
85.75	0.0	0.0
85.875	0.0	0.0
86.0	0.0	0.0
86.125	0.0	0.0
86.25	0.0	0.0
86.375	0.0	0.0
86.5	0.0	0.0
86.625	0.0	0.0
86.75	0.0	0.0
86.875	0.0	0.0
87.0	0.0	0.0
87.125	0.0	0.0
87.25	0.0	0.0
87.375	0.0	0.0
87.5	0.0	0.0
87.625	0.0	0.0
87.75	0.0	0.0
87.875	0.0	0.0
88.0	0.0	0.0
88.125	0.0	0.0
88.25	0.0	0.0
88.375	0.0	0.0
88.5	0.0	0.0
88.625	0.0	0.0
88.75	0.0	0.0
88.875	0.0	0.0
89.0	0.0	0.0
89.125	0.0	0.0
89.25	0.0	0.0
89.375	0.0	0.0
89.5	0.0	0.0
89.625	0.0	0.0
89.75	0.0	0.0
89.875	0.0	0.0
90.0	0.0	0.0
90.125	0.0	0.0
90.25	0.0	0.0
90.375	0.0	0.0
90.5	0.0	0.0
90.625	0.0	0.0
90.75	0.0	0.0
90.875	0.0	0.0
91.0	0.0	0.0
91.125	0.0	0.0
91.25	0.0	0.0
91.375	0.0	0.0
91.5	0.0	0.0
91.625	0.0	0.0
91.75	0.0	0.0
91.875	0.0	0.0
92.0	0.0	0.0
92.125	0.0	0.0
92.25	0.0	0.0
92.375	0.0	0.0
92.5	0.0	0.0
92.625	0.0	0.0
92.75	0.0	0.0
92.875	0.0	0.0
93.0	0.0	0.0
93.125	0.0	0.0
93.25	0.0	0.0
93.375	0.0	0.0
93.5	0.0	0.0
93.625	0.0	0.0
93.75	0.0	0.0
93.875	0.0	0.0
94.0	0.0	0.0
94.125	0.0	0.0
94.25	0.0	0.0
94.375	0.0	0.0
94.5	0.0	0.0
94.625	0.0	0.0
94.75	0.0	0.0
94.875	0.0	0.0
95.0	0.0	0.0
95.125	0.0	0.0
95.25	0.0	0.0
95.375	0.0	0.0
95.5	0.0	0.0
95.625	0.0	0.0
95.75	0.0	0.0
95.875	0.0	0.0
96.0	0.0	0.0
96.125	0.0	0.0
96.25	0.0	0.0
96.375	0.0	0.0
96.5	0.0	0.0
96.625	0.0	0.0
96.75	0.0	0.0
96.875	0.0	0.0
97.0	0.0	0.0
97.125	0.0	0.0
97.25	0.0	0.0
97.375	0.0	0.0
97.5	0.0	0.0
97.625	0.0	0.0
97.75	0.0	0.0
97.875	0.0	0.0
98.0	0.0	0.0
98.125	0.0	0.0
98.25	0.0	0.0
98.375	0.0	0.0
98.5	0.0	0.0
98.625	0.0	0.0
98.75	0.0	0.0
98.875	0.0	0.0
99.0	0.0	0.0
99.125	0.0	0.0
99.25	0.0	0.0
99.375	0.0	0.0
99.5	0.0	0.0
99.625	0.0	0.0
99.75	0.0	0.0
99.875	0.0	0.0
100.0	0.0	0.0
100.125	0.0	0.0
100.25	0.0	0.0
100.375	0.0	0.0
100.5	0.0	0.0
100.625	0.0	0.0
100.75	0.0	0.0
100.875	0.0	0.0
101.0	0.0	0.0
101.125	0.0	0.0
101.25	0.0	0.0
101.375	0.0	0.0
101.5	0.0	0.0
101.625	0.0	0.0
101.75	0.0	0.0
101.875	0.0	0.0
102.0	0.0	0.0
102.125	0.0	0.0
102.25	0.0	0.0
102.375	0.0	0.0
102.5	0.0	0.0
102.625	0.0	0.0
102.75	0.0	0.0
102.875	0.0	0.0
103.0	0.0	0.0
103.125	0.0	0.0
103.25	0.0	0.0
103.375	0.0	0.0
103.5	0.0	0.0
103.625	0.0	0.0
103.75	0.0	0.0
103.875	0.0	0.0
104.0	0.0	0.0
104.125	0.0	0.0
104.25	0.0	0.0
104.375	0.0	0.0
104.5	0.0	0.0
104.625	0.0	0.0
104.75	0.0	0.0
104.875	0.0	0.0
105.0	0.0	0.0
105.125	0.0	0.0
105.25	0.0	0.0
105.375	0.0	0.0
105.5	0.0	0.0
105.625	0.0	0.0
105.75	0.0	0.0
105.875	0.0	0.0
106.0	0.0	0.0
106.125	0.0	0.0
106.25	0.0	0.0
106.375	0.0	0.0
106.5	0.0	0.0
106.625	0.0	0.0
106.75	0.0	0.0
106.875	0.0	0.0
107.0	0.0	0.0
107.125	0.0	0.0
107.25	0.0	0.0
107.375	0.0	0.0
107.5	0.0	0.0
107.625	0.0	0.0
107.75	0.0	0.0
107.875	0.0	0.0
108.0	0.0	0.0
108.125	0.0	0.0
108.25	0.0	0.0
108.375	0.0	0.0
108.5	0.0	0.0
108.625	0.0	0.0
108.75	0.0	0.0
108.875	0.0	0.0
109.0	0.0	0.0
109.125	0.0	0.0
109.25	0.0	0.0
109.375	0.0	0.0
109.5	0.0	0.0
109.625	0.0	0.0
109.75	0.0	0.0
109.875	0.0	0.0
110.0	0.0	0.0
110.125	0.0	0.0
110.25	0.0	0.0
110.375	0.0	0.0
110.5	0.0	0.0
110.625	0.0	0.0
110.75	0.0	0.0
110.875	0.0	0.0
111.0	0.0	0.0
111.125	0.0	0.0
111.25	0.0	0.0
111.375	0.0	0.0
111.5	0.0	0.0
111.625	0.0	0.0
111.75	0.0	0.0
111.875	0.0	0.0
112.0	0.0	0.0
112.125	0.0	0.0
112.25	0.0	0.0
112.375	0.0	0.0
112.5	0.0	0.0
112.625	0.0	0.0
112.75	0.0	0.0
112.875	0.0	0.0
113.0	0.0	0.0
113.125	0.0	0.0
113.25	0.0	0.0
113.375	0.0	0.0
113.5	0.0	0.0
113.625	0.0	0.0
113.75	0.0	0.0
113.875	0.0	0.0
114.0	0.0	0.0
114.125	0.0	0.0
114.25	0.0	0.0
114.375	0.0	0.0
114.5	0.0	0.0
114.625	0.0	0.0
114.75	0.0	0.0
114.875	0.0	0.0
115.0	0.0	0.0
115.125	0.0	0.0
115.25	0.0	0.0
115.375	0.0	0.0
115.5	0.0	0.0
115.625	0.0	0.0
115.75	0.0	0.0
115.875	0.0	0.0
116.0	0.0	0.0
116.125	0.0	0.0
116.25	0.0	0.0
116.375	0.0	0.0
116.5	0.0	0.0
116.625	0.0	0.0
116.75	0.0	0.0
116.875	0.0	0.0
117.0	0.0	0.0
117.125	0.0	0.0
117.25	0.0	0.0
117.375	0.0	0.0
117.5	0.0	0.0
117.625	0.0	0.0
117.75	0.0	0.0
117.875	0.0	0.0
118.0	0.0	0.0
118.125	0.0	0.0
118.25	0.0	0.0
118.375	0.0	0.0
118.5	0.0	0.0
118.625	0.0	0.0
118.75	0.0	0.0
118.875	0.0	0.0
119.0	0.0	0.0
119.125	0.0	0.0
119.25	0.0	0.0
119.375	0.0	0.0
119.5	0.0	0.0
119.625	0.0	0.0
119.75	0.0	0.0
119.875	0.0	0.0
120.0	0.0	0.0
120.125	0.0	0.0
120.25	0.0	0.0
120.375	0.0	0.0
120.5	0.0	0.0
120.625	0.0	0.0
120.75	0.0	0.0
120.875	0.0	0.0
121.0	0.0	0.0
121.125	0.0	0.0
121.25	0.0	0.0
121.375	0.0	0.0
121.5	0.0	0.0
121.625	0.0	0.0
121.75	0.0	0.0
121.875	0.0	0.0
122.0	0.0	0.0
122.125	0.0	0.0
122.25	0.0	0.0
122.375	0.0	0.0
122.5	0.0	0.0
122.625	0.0	0.0
122.75	0.0	0.0
122.875	0.0	0.0
123.0	0.0	0.0
123.125	0.0	0.0
123.25	0.0	0.0
123.375	0.0	0.0
123.5	0.0	0.0
123.625	0.0	0.0
123.75	0.0	0.0
123.875	0.0	0.0
124.0	0.0	0.0
124.125	0.0	0.0
124.25	0.0	0.0
124.375	0.0	0.0
124.5	0.0	0.0
124.625	0.0	0.0
124.75	0.0	0.0
124.875	0.0	0.0
125.0	0.0	0.0
125.125	0.0	0.0
125.25	0.0	0.0
125.375	0.0	0.0
125.5	0.0	0.0
125.625	0.0	0.0
125.75	0.0	0.0
125.875	0.0	0.0
126.0	0.0	0.0
126.125	0.0	0.0
126.25	0.0	0.0
126.375	0.0	0.0
126.5	0.0	0.0
126.625	0.0	0.0
126.75	0.0	0.0
126.875	0.0	0.0
127.0	0.0	0.0
127.125	0.0	0.0
127.25	0.0	0.0
127.375	0.0	0.0
127.5	0.0	0.0
127.625	0.0	0.0
127.75	0.0	0.0
127.875	0.0	0.0
128.0	0.0	0.0
128.125	0.0	0.0
128.25	0.0	0.0
128.375	0.0	0.0
128.5	0.0	0.0
128.625	0.0	0.0
128.75	0.0	0.0
128.875	0.0	0.0
129.0	0.0	0.0
129.125	0.0	0.0
129.25	0.0	0.0
129.375	0.0	0.0
129.5	0.0	0.0
129.625	0.0	0.0
129.75	0.0	0.0
129.875	0.0	0.0
130.0	0.0	0.0
130.125	0.0	0.0
130.25	0.0	0.0
130.375	0.0	0.0
130.5	0.0	0.0
130.625	0.0	0.0
130.75	0.0	0.0
130.875	0.0	0.0
131.0	0.0	0.0
131.125	0.0	0.0
131.25	0.0	0.0
131.375	0.0	0.0
131.5	0.0	0.0
131.625	0.0	0.0
131.75	0.0	0.0
131.875	0.0	0.0
132.0	0.0	0.0
132.125	0.0	0.0
132.25	0.0	0.0
132.375	0.0	0.0
132.5	0.0	0.0
132.625	0.0	0.0
132.75	0.0	0.0
132.875	0.0	0.0
133.0	0.0	0.0
133.125	0.0	0.0
133.25	0.0	0.0
133.375	0.0	0.0
133.5	0.0	0.0
133.625	0.0	0.0
133.75	0.0	0.0
133.875	0.0	0.0
134.0	0.0	0.0
134.125	0.0	0.0
134.25	0.0	0.0
134.375	0.0	0.0
134.5	0.0	0.0
134.625	0.0	0.0
134.75	0.0	0.0
134.875	0.0	0.0
135.0	0.0	0.0
135.125	0.0	0.0
135.25	0.0	0.0
135.375	0.0	0.0
135.5	0.0	0.0
135.625	0.0	0.0
135.75	0.0	0.0
135.875	0.0	0.0
136.0	0.0	0.0
136.125	0.0	0.0
136.25	0.0	0.0
136.375	0.0	0.0
136.5	0.0	0.0
136.625	0.0	0.0
136.75	0.0	0.0
136.875	0.0	0.0
137.0	0.0	0.0
137.125	0.0	0.0
137.25	0.0	0.0
137.375	0.0	0.0
137.5	0.0	0.0
137.625	0.0	0.0
137.75	0.0	0.0
137.875	0.0	0.0
138.0	0.0	0.0
138.125	0.0	0.0
138.25	0.0	0.0
138.375	0.0	0.0
138.5	0.0	0.0
138.625	0.0	0.0
138.75	0.0	0.0
138.875	0.0	0.0
139.0	0.0	0.0
139.125	0.0	0.0
139.25	0.0	0.0
139.375	0.0	0.0
139.5	0.0	0.0
139.625	0.0	0.0
139.75	0.0	0.0
139.875	0.0	0.0
140.0	0.0	0.0
140.125	0.0	0.0
140.25	0.0	0.0
140.375	0.0	0.0
140.5	0.0	0.0
140.625	0.0	0.0
140.75	0.0	0.0
140.875	0.0	0.0
141.0	0.0	0.0
141.125	0.0	0.0
141.25	0.0	0.0
141.375	0.0	0.0
141.5	0.0	0.0
141.625	0.0	0.0
141.75	0.0	0.0
141.875	0.0	0.0
142.0	0.0	0.0
142.125	0.0	0.0
142.25	0.0	0.0
142.375	0.0	0.0
142.5	0.0	0.0
142.625	0.0	0.0
142.75	0.0	0.0
142.875	0.0	0.0
143.0	0.0	0.0
143.125	0.0	0.0
143.25	0.0	0.0
143.375	0.0	0.0
143.5	0.0	0.0
143.625	0.0	0.0
143.75	0.0	0.0
143.875	0.0	0.0
144.0	0.0	0.0
144.125	0.0	0.0
144.25	0.0	0.0
144.375	0.0	0.0
144.5	0.0	0.0
144.625	0.0	0.0
144.75	0.0	0.0
144.875	0.0	0.0
145.0	0.0	0.0
145.125	0.0	0.0
145.25	0.0	0.0
145.375	0.0	0.0
145.5	0.0	0.0
145.625	0.0	0.0
145.75	0.0	0.0
145.875	0.0	0.0
146.0	0.0	0.0
146.125	0.0	0.0
146.25	0.0	0.0
146.375	0.0	0.0
146.5	0.0	0.0
146.625	0.0	0.0
146.75	0.0	0.0
146.875	0.0	0.0
147.0	0.0	0.0
147.125	0.0	0.0
147.25	0.0	0.0
147.375	0.0	0.0
147.5	0.0	0.0
147.625	0.0	0.0
147.75	0.0	0.0
147.875	0.0	0.0
148.0	0.0	0.0
148.125	0.0	0.0
148.25	0.0	0.0
148.375	0.0	0.0
148.5	0.0	0.0
148.625	0.0	0.0
148.75	0.0	0.0
148.875	0.0	0.0
149.0	0.0	0.0
149.125	0.0	0.0
149.25	0.0	0.0
149.375	0.0	0.0
149.5	0.0	0.0
149.625	0.0	0.0
149.75	0.0	0.0
149.875	0.0	0.0
150.0	0.0	0.0
150.125	0.0	0.0
150.25	0.0	0.0
150.375	0.0	0.0
150.5	0.0	0.0
150.625	0.0	0.0
150.75	0.0	0.0
150.875	0.0	0.0
151.0	0.0	0.0
151.125	0.0	0.0
151.25	0.0	0.0
151.375	0.0	0.0
151.5	0.0	0.0
151.625	0.0	0.0
151.75	0.0	0.0
151.875	0.0	0.0
152.0	0.0	0.0
152.125	0.0	0.0
152.25	0.0	0.0
152.375	0.0	0.0
152.5	0.0	0.0
152.625	0.0	0.0
152.75	0.0	0.0
152.875	0.0	0.0
153.0	0.0	0.0
153.125	0.0	0.0
153.25	0.0	0.0
153.375	0.0	0.0
153.5	0.0	0.0
153.625	0.0	0.0
153.75	0.0	0.0
153.875	0.0	0.0
154.0	0.0	0.0
154.125	0.0	0.0
154.25	0.0	0.0
154.375	0.0	0.0
154.5	0.0	0.0
154.625	0.0	0.0
154.75	0.0	0.0
154.875	0.0	0.0
155.0	0.0	0.0
155.125	0.0	0.0
155.25	0.0	0.0
155.375	0.0	0.0
155.5	0.0	0.0
155.625	0.0	0.0
155.75	0.0	0.0
155.875	0.0	0.0
156.0	0.0	0.0
156.125	0.0	0.0
156.25	0.0	0.0
156.375	0.0	0.0
156.5	0.0	0.0
156.625	0.0	0.0
156.75	0.0	0.0
156.875	0.0	0.0
157.0	0.0	0.0
157.125	0.0	0.0
157.25	0.0	0.0
157.375	0.0	0.0
157.5	0.0	0.0
157.625	0.0	0.0
157.75	0.0	0.0
157.875	0.0	0.0
158.0	0.0	0.0
158.125	0.0	0.0
158.25	0.0	0.0
158.375	0.0	0.0
158.5	0.0	0.0
158.625	0.0	0.0
158.75	0.0	0.0
158.875	0.0	0.0
159.0	0.0	0.0
159.125	0.0	0.0
159.25	0.0	0.0
159.375	0.0	0.0
159.5	0.0	0.0
159.625	0.0	0.0
159.75	0.0	0.0
159.875	0.0	0.0
160.0	0.0	0.0
160.125	0.0	0.0
160.25	0.0	0.0
160.375	0.0	0.0
160.5	0.0	0.0
160.625	0.0	0.0
160.75	0.0	0.0
160.875	0.0	0.0
161.0	0.0	0.0
161.125	0.0	0.0
161.25	0.0	0.0
161.375	0.0	0.0
161.5	0.0	0.0
161.625	0.0	0.0
161.75	0.0	0.0
161.875	0.0	0.0
162.0	0.0	0.0
162.125	0.0	0.0
162.25	0.0	0.0
162.375	0.0	0.0
162.5	0.0	0.0
162.625	0.0	0.0
162.75	0.0	0.0
162.875	0.0	0.0
163.0	0.0	0.0
163.125	0.0	0.0
163.25	0.0	0.0
163.375	0.0	0.0
163.5	0.0	0.0
163.625	0.0	0.0
163.75	0.0	0.0
163.875	0.0	0.0
164.0	0.0	0.0
164.125	0.0	0.0
164.25	0.0	0.0
164.375	0.0	0.0
164.5	0.0	0.0
164.625	0.0	0.0
164.75	0.0	0.0
164.875	0.0	0.0
165.0	0.0	0.0
165.125	0.0	0.0
165.25	0.0	0.0
165.375	0.0	0.0
165.5	0.0	0.0
165.625	0.0	0.0
165.75	0.0	0.0
165.875	0.0	0.0
166.0	0.0	0.0
166.125	0.0	0.0
166.25	0.0	0.0
166.375	0.0	0.0
166.5	0.0	0.0
166.625	0.0	0.0
166.75	0.0	0.0
166.875	0.0	0.0
167.0	0.0	0.0
167.125	0.0	0.0
167.25	0.0	0.0
167.375	0.0	0.0
167.5	0.0	0.0
167.625	0.0	0.0
167.75	0.0	0.0
167.875	0.0	0.0
168.0	0.0	0.0
168.125	0.0	0.0
168.25	0.0	0.0
168.375	0.0	0.0
168.5	0.0	0.0
168.625	0.0	0.0
168.75	0.0	0.0
168.875	0.0	0.0
169.0	0.0	0.0
169.125	0.0	0.0
169.25	0.0	0.0
169.375	0.0	0.0
169.5	0.0	0.0
169.625	0.0	0.0
169.75	0.0	0.0
169.875	0.0	0.0
170.0	0.0	0.0
170.125	0.0	0.0
170.25	0.0	0.0
170.375	0.0	0.0
170.5	0.0	0.0
170.625	0.0	0.0
170.75	0.0	0.0
170.875	0.0	0.0
171.0	0.0	0.0
171.125	0.0	0.0
171.25	0.0	0.0
171.375	0.0	0.0
171.5	0.0	0.0
171.625	0.0	0.0
171.75	0.0	0.0
171.875	0.0	0.0
172.0	0.0	0.0
172.125	0.0	0.0
172.25	0.0	0.0
172.375	0.0	0.0
172.5	0.0	0.0
172.625	0.0	0.0
172.75	0.0	0.0
172.875	0.0	0.0
173.0	0.0	0.0
173.125	0.0	0.0
173.25	0.0	0.0
173.375	0.0	0.0
173.5	0.0	0.0
173.625	0.0	0.0
173.75	0.0	0.0
173.875	0.0	0.0
174.0	0.0	0.0
174.125	0.0	0.0
174.25	0.0	0.0
174.375	0.0	0.0
174.5	0.0	0.0
174.625	0.0	0.0
174.75	0.0	0.0
174.875	0.0	0.0
175.0	0.0	0.0
175.125	0.0	0.0
175.25	0.0	0.0
175.375	0.0	0.0
175.5	0.0	0.0
175.625	0.0	0.0
175.75	0.0	0.0
175.875	0.0	0.0
176.0	0.0	0.0
176.125	0.0	0.0
176.25	0.0	0.0
176.375	0.0	0.0
176.5	0.0	0.0
176.625	0.0	0.0
176.75	0.0	0.0
176.875	0.0	0.0
177.0	0.0	0.0
177.125	0.0	0.0
177.25	0.0	0.0
177.375	0.0	0.0
177.5	0.0	0.0
177.625	0.0	0.0
177.75	0.0	0.0
177.875	0.0	0.0
178.0	0.0	0.0
178.125	0.0	0.0
178.25	0.0	0.0
178.375	0.0	0.0
178.5	0.0	0.0
178.625	0.0	0.0
178.75	0.0	0.0
178.875	0.0	0.0
179.0	0.0	0.0
179.125	0.0	0.0
179.25	0.0	0.0
179.375	0.0	0.0
179.5	0.0	0.0
179.625	0.0	0.0
179.75	0.0	0.0
179.875	0.0	0.0
180.0	0.0	0.0
180.125	0.0	0.0
180.25	0.0	0.0
180.375	0.0	0.0
180.5	0.0	0.0
180.625	0.0	0.0
180.75	0.0	0.0
180.875	0.0	0.0
181.0	0.0	0.0
181.125	0.0	0.0
181.25	0.0	0.0
181.375	0.0	0.0
181.5	0.0	0.0
181.625	0.0	0.0
181.75	0.0	0.0
181.875	0.0	0.0
182.0	0.0	0.0
182.125	0.0	0.0
182.25	0.0	0.0
182.375	0.0	0.0
182.5	0.0	0.0
182.625	0.0	0.0
182.75	0.0	0.0
182.875	0.0	0.0
183.0	0.0	0.0
183.125	0.0	0.0
183.25	0.0	0.0
183.375	0.0	0.0
183.5	0.0	0.0
183.625	0.0	0.0
183.75	0.0	0.0
183.875	0.0	0.0
184.0	0.0	0.0
184.125	0.0	0.0
184.25	0.0	0.0
184.375	0.0	0.0
184.5	0.0	0.0
184.625	0.0	0.0
184.75	0.0	0.0
184.875	0.0	0.0
185.0	0.0	0.0
185.125	0.0	0.0
185.25	0.0	0.0
185.375	0.0	0.0
185.5	0.0	0.0
185.625	0.0	0.0
185.75	0.0	0.0
185.875	0.0	0.0
186.0	0.0	0.0
186.125	0.0	0.0
186.25	0.0	0.0
186.375	0.0	0.0
186.5	0.0	0.0
186.625	0.0	0.0
186.75	0.0	0.0
186.875	0.0	0.0
187.0	0.0	0.0
187.125	0.0	0.0
187.25	0.0	0.0
187.375	0.0	0.0
187.5	0.0	0.0
187.625	0.0	0.0
187.75	0.0	0.0
187.875	0.0	0.0
188.0	0.0	0.0
188.125	0.0	0.0
188.25	0.0	0.0
188.375	0.0	0.0
188.5	0.0	0.0
188.625	0.0	0.0
188.75	0.0	0.0
188.875	0.0	0.0
189.0	0.0	0.0
189.125	0.0	0.0
189.25	0.0	0.0
189.375	0.0	0.0
189.5	0.0	0.0
189.625	0.0	0.0
189.75	0.0	0.0
189.875	0.0	0.0
190.0	0.0	0.0
190.125	0.0	0.0
190.25	0.0	0.0
190.375	0.0	0.0
190.5	0.0	0.0
190.625	0.0	0.0
190.75	0.0	0.0
190.875	0.0	0.0
191.0	0.0	0.0
191.125	0.0	0.0
191.25	0.0	0.0
191.375	0.0	0.0
191.5	0.0	0.0
191.625	0.0	0.0
191.75	0.0	0.0
191.875	0.0	0.0
192.0	0.0	0.0
192.125	0.0	0.0
192.25	0.0	0.0
192.375	0.0	0.0
192.5	0.0	0.0
192.625	0.0	0.0
192.75	0.0	0.0
192.875	0.0	0.0
193.0	0.0	0.0
193.125	0.0	0.0
193.25	0.0	0.0
193.375	0.0	0.0
193.5	0.0	0.0
193.625	0.0	0.0
193.75	0.0	0.0
193.875	0.0	0.0
194.0	0.0	0.0
194.125	0.0	0.0
194.25	0.0	0.0
194.375	0.0	0.0
194.5	0.0	0.0
194.625	0.0	0.0
194.75	0.0	0.0
194.875	0.0	0.0
195.0	0.0	0.0
195.125	0.0	0.0
195.25	0.0	0.0
195.375	0.0	0.0
195.5	0.0	0.0
195.625	0.0	0.0
195.75	0.0	0.0
195.875	0.0	0.0
196.0	0.0	0.0
196.125	0.0	0.0
196.25	0.0	0.0
196.375	0.0	0.0
196.5	0.0	0.0
196.625	0.0	0.0
196.75	0.0	0.0
196.875	0.0	0.0
197.0	0.0	0.0
197.125	0.0	0.0
197.25	0.0	0.0
197.375	0.0	0.0
197.5	0.0	0.0
197.625	0.0	0.0
197.75	0.0	0.0
197.875	0.0	0.0
198.0	0.0	0.0
198.125	0.0	0.0
198.25	0.0	0.0
198.375	0.0	0.0
198.5	0.0	0.0
198.625	0.0	0.0
198.75	0.0	0.0
198.875	0.0	0.0
199.0	0.0	0.0
199.125	0.0	0.0
199.25	0.0	0.0
199.375	0.0	0.0
199.5	0.0	0.0
199.625	0.0	0.0
199.75	0.0	0.0
199.875	0.0	0.0
200.0	0.0	0.0
200.125	0.0	0.0
200.25	0.0	0.0
200.375	0.0	0.0
200.5	0.0	0.0
200.625	0.0	0.0
200.75	0.0	0.0
200.875	0.0	0.0
201.0	0.0	0.0
201.125	0.0	0.0
201.25	0.0	0.0
201.375	0.0	0.0
201.5	0.0	0.0
201.625	0.0	0.0
201.75	0.0	0.0
201.875	0.0	0.0
202.0	0.0	0.0
202.125	0.0	0.0
202.25	0.0	0.0
202.375	0.0	0.0
202.5	0.0	0.0
202.625	0.0	0.0
202.75	0.0	0.0
202.875	0.0	0.0
203.0	0.0	0.0
203.125	0.0	0.0
203.25	0.0	0.0
203.375	0.0	0.0
203.5	0.0	0.0
203.625	0.0	0.0
203.75	0.0	0.0
203.875	0.0	0.0
204.0	0.0	0.0
204.125	0.0	0.0
204.25	0.0	0.0
204.375	0.0	0.0
204.5	0.0	0.0
204.625	0.0	0.0
204.75	0.0	0.0
204.875	0.0	0.0
205.0	0.0	0.0
205.125	0.0	0.0
205.25	0.0	0.0
205.375	0.0	0.0
205.5	0.0	0.0
205.625	0.0	0.0
205.75	0.0	0.0
205.875	0.0	0.0
206.0	0.0	0.0
206.125	0.0	0.0
206.25	0.0	0.0
206.375	0.0	0.0
206.5	0.0	0.0
206.625	0.0	0.0
206.75	0.0	0.0
206.875	0.0	0.0
207.0	0.0	0.0
207.125	0.0	0.0
207.25	0.0	0.0
207.375	0.0	0.0
207.5	0.0	0.0
207.625	0.0	0.0
207.75	0.0	0.0
207.875	0.0	0.0
208.0	0.0	0.0
208.125	0.0	0.0
208.25	0.0	0.0
208.375	0.0	0.0
208.5	0.0	0.0
208.625	0.0	0.0
208.75	0.0	0.0
208.875	0.0	0.0
209.0	0.0	0.0
209.125	0.0	0.0
209.25	0.0	0.0
209.375	0.0	0.0
209.5	0.0	0.0
209.625	0.0	0.0
209.75	0.0	0.0
209.875	0.0	0.0
210.0	0.0	0.0
210.125	0.0	0.0
210.25	0.0	0.0
210.375	0.0	0.0
210.5	0.0	0.0
210.625	0.0	0.0
210.75	0.0	0.0
210.875	0.0	0.0
211.0	0.0	0.0
211.125	0.0	0.0
211.25	0.0	0.0
211.375	0.0	0.0
211.5	0.0	0.0
211.625	0.0	0.0
211.75	0.0	0.0
211.875	0.0	0.0
212.0	0.0	0.0
212.125	0.0	0.0
212.25	0.0	0.0
212.375	0.0	0.0
212.5	0.0	0.0
212.625	0.0	0.0
212.75	0.0	0.0
212.875	0.0	0.0
213.0	0.0	0.0
213.125	0.0	0.0
213.25	0.0	0.0
213.375	0.0	0.0
213.5	0.0	0.0
213.625	0.0	0.0
213.75	0.0	0.0
213.875	0.0	0.0
214.0	0.0	0.0
214.125	0.0	0.0
214.25	0.0	0.0
214.375	0.0	0.0
214.5	0.0	0.0
214.625	0.0	0.0
214.75	0.0	0.0
214.875	0.0	0.0
215.0	0.0	0.0
215.125	0.0	0.0
215.25	0.0	0.0
215.375	0.0	0.0
215.5	0.0	0.0
215.625	0.0	0.0
215.75	0.0	0.0
215.875	0.0	0.0
216.0	0.0	0.0
216.125	0.0	0.0
216.25	0.0	0.0
216.375	0.0	0.0
216.5	0.0	0.0
216.625	0.0	0.0
216.75	0.0	0.0
216.875	0.0	0.0
217.0	0.0	0.0
217.125	0.0	0.0
217.25	0.0	0.0
217.375	0.0	0.0
217.5	0.0	0.0
217.625	0.0	0.0
217.75	0.0	0.0
217.875	0.0	0.0
218.0	0.0	0.0
218.125	0.0	0.0
218.25	0.0	0.0
218.375	0.0	0.0
218.5	0.0	0.0
218.625	0.0	0.0
218.75	0.0	0.0
218.875	0.0	0.0
219.0	0.0	0.0
219.125	0.0	0.0
219.25	0.0	0.0
219.375	0.0	0.0
219.5	0.0	0.0
219.625	0.0	0.0
219.75	0.0	0.0
219.875	0.0	0.0
220.0	0.0	0.0
220.125	0.0	0.0
220.25	0.0	0.0
220.375	0.0	0.0
220.5	0.0	0.0
220.625	0.0	0.0
220.75	0.0	0.0
220.875	0.0	0.0
221.0	0.0	0.0
221.125	0.0	0.0
221.25	0.0	0.0
221.375	0.0	0.0
221.5	0.0	0.0
221.625	0.0	0.0
221.75	0.0	0.0
221.875	0.0	0.0
222.0	0.0	0.0
222.125	0.0	0.0
222.25	0.0	0.0
222.375	0.0	0.0
222.5	0.0	0.0
222.625	0.0	0.0
222.75	0.0	0.0
222.875	0.0	0.0
223.0	0.0	0.0
223.125	0.0	0.0
223.25	0.0	0.0
223.375	0.0	0.0
223.5	0.0	0.0
223.625	0.0	0.0
223.75	0.0	0.0
223.875	0.0	0.0
224.0	0.0	0.0
224.125	0.0	0.0
224.25	0.0	0.0
224.375	0.0	0.0
224.5	0.0	0.0
224.625	0.0	0.0
224.75	0.0	0.0
224.875	0.0	0.0
225.0	0.0	0.0
225.125	0.0	0.0
225.25	0.0	0.0
225.375	0.0	0.0
225.5	0.0	0.0
225.625	0.0	0.0
225.75	0.0	0.0
225.875	0.0	0.0
226.0	0.0	0.0
226.125	0.0	0.0
226.25	0.0	0.0
226.375	0.0	0.0
226.5	0.0	0.0
226.625	0.0	0.0
226.75	0.0	0.0
226.875	0.0	0.0
227.0	0.0	0.0
227.125	0.0	0.0
227.25	0.0	0.0
227.375	0.0	0.0
227.5	0.0	0.0
227.625	0.0	0.0
227.75	0.0	0.0
227.875	0.0	0.0
228.0	0.0	0.0
228.125	0.0	0.0
228.25	0.0	0.0
228.375	0.0	0.0
228.5	0.0	0.0
228.625	0.0	0.0
228.75	0.0	0.0
228.875	0.0	0.0
229.0	0.0	0.0
229.125	0.0	0.0
229.25	0.0	0.0
229.375	0.0	0.0
229.5	0.0	0.0
229.625	0.0	0.0
229.75	0.0	0.0
229.875	0.0	0.0
230.0	0.0	0.0
230.125	0.0	0.0
230.25	0.0	0.0
230.375	0.0	0.0
230.5	0.0	0.0
230.625	0.0	0.0
230.75	0.0	0.0
230.875	0.0	0.0
231.0	0.0	0.0
231.125	0.0	0.0
231.25	0.0	0.0
231.375	0.0	0.0
231.5	0.0	0.0
231.625	0.0	0.0
231.75	0.0	0.0
231.875	0.0	0.0
232.0	0.0	0.0
232.125	0.0	0.0
232.25	0.0	0.0
232.375	0.0	0.0
232.5	0.0	0.0
232.625	0.0	0.0
232.75	0.0	0.0
232.875	0.0	0.0
233.0	0.0	0.0
233.125	0.0	0.0
233.25	0.0	0.0
233.375	0.0	0.0
233.5	0.0	0.0
233.625	0.0	0.0
233.75	0.0	0.0
233.875	0.0	0.0
234.0	0.0	0.0
234.125	0.0	0.0
234.25	0.0	0.0
234.375	0.0	0.0
234.5	0.0	0.0
234.625	0.0	0.0
234.75	0.0	0.0
234.875	0.0	0.0
235.0	0.0	0.0
235.125	0.0	0.0
235.25	0.0	0.0
235.375	0.0	0.0
235.5	0.0	0.0
235.625	0.0	0.0
235.75	0.0	0.0
235.875	0.0	0.0
236.0	0.0	0.0
236.125	0.0	0.0
236.25	0.0	0.0
236.375	0.0	0.0
236.5	0.0	0.0
236.625	0.0	0.0
236.75	0.0	0.0
236.875	0.0	0.0
237.0	0.0	0.0
237.125	0.0	0.0
237.25	0.0	0.0
237.375	0.0	0.0
237.5	0.0	0.0
237.625	0.0	0.0
237.75	0.0	0.0
237.875	0.0	0.0
238.0	0.0	0.0
238.125	0.0	0.0
238.25	0.0	0.0
238.375	0.0	0.0
238.5	0.0	0.0
238.625	0.0	0.0
238.75	0.0	0.0
238.875	0.0	0.0
239.0	0.0	0.0
239.125	0.0	0.0
239.25	0.0	0.0
239.375	0.0	0.0
239.5	0.0	0.0
239.625	0.0	0.0
239.75	0.0	0.0
239.875	0.0	0.0
240.0	0.0	0.0
240.125	0.0	0.0
240.25	0.0	0.0
240.375	0.0	0.0
240.5	0.0	0.0
240.625	0.0	0.0
240.75	0.0	0.0
240.875	0.0	0.0
241.0	0.0	0.0
241.125	0.0	0.0
241.25	0.0	0.0
241.375	0.0	0.0
241.5	0.0	0.0
241.625	0.0	0.0
241.75	0.0	0.0
241.875	0.0	0.0
242.0	0.0	0.0
242.125	0.0	0.0
242.25	0.0	0.0
242.375	0.0	0.0
242.5	0.0	0.0
242.625	0.0	0.0
242.75	0.0	0.0
242.875	0.0	0.0
243.0	0.0	0.0
243.125	0.0	0.0
243.25	0.0	0.0
243.375	0.0	0.0
243.5	0.0	0.0
243.625	0.0	0.0
243.75	0.0	0.0
243.875	0.0	0.0
244.0	0.0	0.0
244.125	0.0	0.0
244.25	0.0	0.0
244.375	0.0	0.0
244.5	0.0	0.0
244.625	0.0	0.0
244.75	0.0	0.0
244.875	0.0	0.0
245.0	0.0	0.0
245.125	0.0	0.0
245.25	0.0	0.0
245.375	0.0	0.0
245.5	0.0	0.0
245.625	0.0	0.0
245.75	0.0	0.0
245.875	0.0	0.0
246.0	0.0	0.0
246.125	0.0	0.0
246.25	0.0	0.0
246.375	0.0	0.0
246.5	0.0	0.0
246.625	0.0	0.0
246.75	0.0	0.0
246.875	0.0	0.0
247.0	0.0	0.0
247.125	0.0	0.0
247.25	0.0	0.0
247.375	0.0	0.0
247.5	0.0	0.0
