t̅ᶜ [-]	T̅ₒ [-]	A̅ₒ [-]	β̃ [rad]	ω̅ᵢ [-]	T̅ₛ	T̅ₕ	T̅ₚ
-4.724775	1.667979	0.777085	46.78639	1.673597	0.14197	0.930691	0.615203
0.116183	0.862254	0.772912	-1.899418	2.233821	0.073391	0.481116	0.318026
-16.756171	0.529454	0.698299	311.104525	2.962806	0.045064	0.295422	0.195279
2.517298	1.060532	0.668685	-30.369707	2.016993	0.090267	0.59175	0.391157
-13.645048	0.545348	0.666614	250.184023	2.90776	0.046417	0.304291	0.201141
-11.78612	1.097153	0.538585	149.910063	1.985519	0.093384	0.612184	0.404664
-15.43943	0.668918	0.505051	249.644814	2.569022	0.056935	0.37324	0.246718
-7.822989	0.815197	0.416158	112.849462	2.300767	0.069385	0.45486	0.30067
-1.174739	0.382648	0.255664	26.146616	3.687434	0.032569	0.213508	0.141133
-18.615099	1.040158	0.213348	238.78023	2.035462	0.088533	0.580382	0.383642
-9.46246	0.435887	0.187323	200.296802	3.368242	0.0371	0.243214	0.160769
