-264.375	0.0	0.0
-264.25	0.0	0.0
-264.125	0.0	0.0
-264.0	0.0	0.0
-263.875	0.0	0.0
-263.75	0.0	0.0
-263.625	0.0	0.0
-263.5	0.0	0.0
-263.375	0.0	0.0
-263.25	0.0	0.0
-263.125	0.0	0.0
-263.0	0.0	0.0
-262.875	0.0	0.0
-262.75	0.0	0.0
-262.625	0.0	0.0
-262.5	0.0	0.0
-262.375	0.0	0.0
-262.25	0.0	0.0
-262.125	0.0	0.0
-262.0	0.0	0.0
-261.875	0.0	0.0
-261.75	0.0	0.0
-261.625	0.0	0.0
-261.5	0.0	0.0
-261.375	0.0	0.0
-261.25	0.0	0.0
-261.125	0.0	0.0
-261.0	0.0	0.0
-260.875	0.0	0.0
-260.75	0.0	0.0
-260.625	0.0	0.0
-260.5	0.0	0.0
-260.375	0.0	0.0
-260.25	0.0	0.0
-260.125	0.0	0.0
-260.0	0.0	0.0
-259.875	0.0	0.0
-259.75	0.0	0.0
-259.625	0.0	0.0
-259.5	0.0	0.0
-259.375	0.0	0.0
-259.25	0.0	0.0
-259.125	0.0	0.0
-259.0	0.0	0.0
-258.875	0.0	0.0
-258.75	0.0	0.0
-258.625	0.0	0.0
-258.5	0.0	0.0
-258.375	0.0	0.0
-258.25	0.0	0.0
-258.125	0.0	0.0
-258.0	0.0	0.0
-257.875	0.0	0.0
-257.75	0.0	0.0
-257.625	0.0	0.0
-257.5	0.0	0.0
-257.375	0.0	0.0
-257.25	0.0	0.0
-257.125	0.0	0.0
-257.0	0.0	0.0
-256.875	0.0	0.0
-256.75	0.0	0.0
-256.625	0.0	0.0
-256.5	0.0	0.0
-256.375	0.0	0.0
-256.25	0.0	0.0
-256.125	0.0	0.0
-256.0	0.0	0.0
-255.875	0.0	0.0
-255.75	0.0	0.0
-255.625	0.0	0.0
-255.5	0.0	0.0
-255.375	0.0	0.0
-255.25	0.0	0.0
-255.125	0.0	0.0
-255.0	0.0	0.0
-254.875	0.0	0.0
-254.75	0.0	0.0
-254.625	0.0	0.0
-254.5	0.0	0.0
-254.375	0.0	0.0
-254.25	0.0	0.0
-254.125	0.0	0.0
-254.0	0.0	0.0
-253.875	0.0	0.0
-253.75	0.0	0.0
-253.625	0.0	0.0
-253.5	0.0	0.0
-253.375	0.0	0.0
-253.25	0.0	0.0
-253.125	0.0	0.0
-253.0	0.0	0.0
-252.875	0.0	0.0
-252.75	0.0	0.0
-252.625	0.0	0.0
-252.5	0.0	0.0
-252.375	0.0	0.0
-252.25	0.0	0.0
-252.125	0.0	0.0
-252.0	0.0	0.0
-251.875	0.0	0.0
-251.75	0.0	0.0
-251.625	0.0	0.0
-251.5	0.0	0.0
-251.375	0.0	0.0
-251.25	0.0	0.0
-251.125	0.0	0.0
-251.0	0.0	0.0
-250.875	0.0	0.0
-250.75	0.0	0.0
-250.625	0.0	0.0
-250.5	0.0	0.0
-250.375	0.0	0.0
-250.25	0.0	0.0
-250.125	0.0	0.0
-250.0	0.0	0.0
-249.875	0.0	0.0
-249.75	0.0	0.0
-249.625	0.0	0.0
-249.5	0.0	0.0
-249.375	0.0	0.0
-249.25	0.0	0.0
-249.125	0.0	0.0
-249.0	0.0	0.0
-248.875	0.0	0.0
-248.75	0.0	0.0
-248.625	0.0	0.0
-248.5	0.0	0.0
-248.375	0.0	0.0
-248.25	0.0	0.0
-248.125	0.0	0.0
-248.0	0.0	0.0
-247.875	0.0	0.0
-247.75	0.0	0.0
-247.625	0.0	0.0
-247.5	0.0	0.0
-247.375	0.0	0.0
-247.25	0.0	0.0
-247.125	0.0	0.0
-247.0	0.0	0.0
-246.875	0.0	0.0
-246.75	0.0	0.0
-246.625	0.0	0.0
-246.5	0.0	0.0
-246.375	0.0	0.0
-246.25	0.0	0.0
-246.125	0.0	0.0
-246.0	0.0	0.0
-245.875	0.0	0.0
-245.75	0.0	0.0
-245.625	0.0	0.0
-245.5	0.0	0.0
-245.375	0.0	0.0
-245.25	0.0	0.0
-245.125	0.0	0.0
-245.0	0.0	0.0
-244.875	0.0	0.0
-244.75	0.0	0.0
-244.625	0.0	0.0
-244.5	0.0	0.0
-244.375	0.0	0.0
-244.25	0.0	0.0
-244.125	0.0	0.0
-244.0	0.0	0.0
-243.875	0.0	0.0
-243.75	0.0	0.0
-243.625	0.0	0.0
-243.5	0.0	0.0
-243.375	0.0	0.0
-243.25	0.0	0.0
-243.125	0.0	0.0
-243.0	0.0	0.0
-242.875	0.0	0.0
-242.75	0.0	0.0
-242.625	0.0	0.0
-242.5	0.0	0.0
-242.375	0.0	0.0
-242.25	0.0	0.0
-242.125	0.0	0.0
-242.0	0.0	0.0
-241.875	0.0	0.0
-241.75	0.0	0.0
-241.625	0.0	0.0
-241.5	0.0	0.0
-241.375	0.0	0.0
-241.25	0.0	0.0
-241.125	0.0	0.0
-241.0	0.0	0.0
-240.875	0.0	0.0
-240.75	0.0	0.0
-240.625	0.0	0.0
-240.5	0.0	0.0
-240.375	0.0	0.0
-240.25	0.0	0.0
-240.125	0.0	0.0
-240.0	0.0	0.0
-239.875	0.0	0.0
-239.75	0.0	0.0
-239.625	0.0	0.0
-239.5	0.0	0.0
-239.375	0.0	0.0
-239.25	0.0	0.0
-239.125	0.0	0.0
-239.0	0.0	0.0
-238.875	0.0	0.0
-238.75	0.0	0.0
-238.625	0.0	0.0
-238.5	0.0	0.0
-238.375	0.0	0.0
-238.25	0.0	0.0
-238.125	0.0	0.0
-238.0	0.0	0.0
-237.875	0.0	0.0
-237.75	0.0	0.0
-237.625	0.0	0.0
-237.5	0.0	0.0
-237.375	0.0	0.0
-237.25	0.0	0.0
-237.125	0.0	0.0
-237.0	0.0	0.0
-236.875	0.0	0.0
-236.75	0.0	0.0
-236.625	0.0	0.0
-236.5	0.0	0.0
-236.375	0.0	0.0
-236.25	0.0	0.0
-236.125	0.0	0.0
-236.0	0.0	0.0
-235.875	0.0	0.0
-235.75	0.0	0.0
-235.625	0.0	0.0
-235.5	0.0	0.0
-235.375	0.0	0.0
-235.25	0.0	0.0
-235.125	0.0	0.0
-235.0	0.0	0.0
-234.875	0.0	0.0
-234.75	0.0	0.0
-234.625	0.0	0.0
-234.5	0.0	0.0
-234.375	0.0	0.0
-234.25	0.0	0.0
-234.125	0.0	0.0
-234.0	0.0	0.0
-233.875	0.0	1.0e-6
-233.75	0.0	1.0e-6
-233.625	0.0	1.0e-6
-233.5	0.0	1.0e-6
-233.375	0.0	1.0e-6
-233.25	0.0	1.0e-6
-233.125	0.0	1.0e-6
-233.0	0.0	1.0e-6
-232.875	0.0	1.0e-6
-232.75	0.0	0.0
-232.625	0.0	0.0
-232.5	0.0	0.0
-232.375	0.0	0.0
-232.25	0.0	0.0
-232.125	0.0	0.0
-232.0	0.0	0.0
-231.875	0.0	0.0
-231.75	0.0	0.0
-231.625	0.0	0.0
-231.5	0.0	-1.0e-6
-231.375	0.0	-2.0e-6
-231.25	0.0	-2.0e-6
-231.125	0.0	-3.0e-6
-231.0	0.0	-3.0e-6
-230.875	0.0	-4.0e-6
-230.75	0.0	-4.0e-6
-230.625	0.0	-5.0e-6
-230.5	0.0	-5.0e-6
-230.375	0.0	-6.0e-6
-230.25	0.0	-7.0e-6
-230.125	0.0	-7.0e-6
-230.0	0.0	-8.0e-6
-229.875	0.0	-8.0e-6
-229.75	0.0	-9.0e-6
-229.625	0.0	-9.0e-6
-229.5	0.0	-1.0e-5
-229.375	0.0	-1.0e-5
-229.25	0.0	-1.1e-5
-229.125	0.0	-1.1e-5
-229.0	0.0	-1.1e-5
-228.875	0.0	-1.1e-5
-228.75	0.0	-1.1e-5
-228.625	0.0	-1.1e-5
-228.5	0.0	-1.0e-5
-228.375	0.0	-1.0e-5
-228.25	0.0	-9.0e-6
-228.125	0.0	-8.0e-6
-228.0	0.0	-7.0e-6
-227.875	0.0	-5.0e-6
-227.75	0.0	-4.0e-6
-227.625	0.0	-2.0e-6
-227.5	0.0	0.0
-227.375	0.0	3.0e-6
-227.25	0.0	5.0e-6
-227.125	0.0	8.0e-6
-227.0	0.0	1.2e-5
-226.875	0.0	1.5e-5
-226.75	0.0	1.9e-5
-226.625	0.0	2.3e-5
-226.5	0.0	2.7e-5
-226.375	0.0	3.1e-5
-226.25	0.0	3.6e-5
-226.125	0.0	4.0e-5
-226.0	0.0	4.5e-5
-225.875	0.0	5.0e-5
-225.75	0.0	5.5e-5
-225.625	0.0	5.9e-5
-225.5	0.0	6.4e-5
-225.375	0.0	6.8e-5
-225.25	0.0	7.2e-5
-225.125	0.0	7.6e-5
-225.0	0.0	7.9e-5
-224.875	0.0	8.2e-5
-224.75	0.0	8.4e-5
-224.625	0.0	8.6e-5
-224.5	0.0	8.7e-5
-224.375	0.0	8.6e-5
-224.25	0.0	8.5e-5
-224.125	0.0	8.3e-5
-224.0	0.0	7.9e-5
-223.875	0.0	7.5e-5
-223.75	0.0	6.8e-5
-223.625	0.0	6.1e-5
-223.5	0.0	5.2e-5
-223.375	0.0	4.1e-5
-223.25	0.0	2.8e-5
-223.125	0.0	1.4e-5
-223.0	0.0	-2.0e-6
-222.875	0.0	-1.9e-5
-222.75	0.0	-3.9e-5
-222.625	0.0	-6.0e-5
-222.5	0.0	-8.3e-5
-222.375	0.0	-0.000107
-222.25	0.0	-0.000133
-222.125	0.0	-0.00016
-222.0	0.0	-0.000189
-221.875	0.0	-0.000218
-221.75	0.0	-0.000248
-221.625	0.0	-0.000279
-221.5	0.0	-0.00031
-221.375	0.0	-0.000341
-221.25	0.0	-0.000372
-221.125	0.0	-0.000402
-221.0	0.0	-0.00043
-220.875	0.0	-0.000458
-220.75	0.0	-0.000483
-220.625	0.0	-0.000505
-220.5	0.0	-0.000524
-220.375	0.0	-0.00054
-220.25	0.0	-0.000552
-220.125	0.0	-0.000558
-220.0	0.0	-0.00056
-219.875	0.0	-0.000556
-219.75	0.0	-0.000545
-219.625	0.0	-0.000528
-219.5	0.0	-0.000503
-219.375	0.0	-0.00047
-219.25	0.0	-0.000429
-219.125	1.0e-6	-0.00038
-219.0	1.0e-6	-0.000321
-218.875	1.0e-6	-0.000253
-218.75	1.0e-6	-0.000176
-218.625	1.0e-6	-8.9e-5
-218.5	1.0e-6	7.0e-6
-218.375	1.0e-6	0.000113
-218.25	1.0e-6	0.000229
-218.125	1.0e-6	0.000353
-218.0	1.0e-6	0.000485
-217.875	1.0e-6	0.000626
-217.75	2.0e-6	0.000774
-217.625	2.0e-6	0.000928
-217.5	2.0e-6	0.001087
-217.375	2.0e-6	0.001251
-217.25	2.0e-6	0.001417
-217.125	2.0e-6	0.001584
-217.0	3.0e-6	0.001752
-216.875	3.0e-6	0.001917
-216.75	3.0e-6	0.002078
-216.625	3.0e-6	0.002233
-216.5	4.0e-6	0.00238
-216.375	4.0e-6	0.002516
-216.25	4.0e-6	0.002639
-216.125	5.0e-6	0.002747
-216.0	5.0e-6	0.002837
-215.875	6.0e-6	0.002907
-215.75	6.0e-6	0.002954
-215.625	7.0e-6	0.002975
-215.5	8.0e-6	0.002968
-215.375	8.0e-6	0.002931
-215.25	9.0e-6	0.00286
-215.125	1.0e-5	0.002755
-215.0	1.1e-5	0.002612
-214.875	1.2e-5	0.002431
-214.75	1.3e-5	0.002209
-214.625	1.4e-5	0.001945
-214.5	1.5e-5	0.001639
-214.375	1.6e-5	0.001289
-214.25	1.8e-5	0.000896
-214.125	1.9e-5	0.000459
-214.0	2.1e-5	-2.0e-5
-213.875	2.3e-5	-0.00054
-213.75	2.5e-5	-0.001101
-213.625	2.7e-5	-0.001698
-213.5	2.9e-5	-0.002331
-213.375	3.2e-5	-0.002994
-213.25	3.4e-5	-0.003685
-213.125	3.7e-5	-0.004398
-213.0	4.1e-5	-0.005128
-212.875	4.4e-5	-0.00587
-212.75	4.8e-5	-0.006617
-212.625	5.2e-5	-0.007362
-212.5	5.6e-5	-0.008097
-212.375	6.0e-5	-0.008814
-212.25	6.5e-5	-0.009505
-212.125	7.1e-5	-0.01016
-212.0	7.7e-5	-0.010771
-211.875	8.3e-5	-0.011328
-211.75	8.9e-5	-0.011821
-211.625	9.7e-5	-0.01224
-211.5	0.000104	-0.012575
-211.375	0.000113	-0.012816
-211.25	0.000122	-0.012953
-211.125	0.000131	-0.012978
-211.0	0.000142	-0.01288
-210.875	0.000153	-0.012652
-210.75	0.000165	-0.012285
-210.625	0.000178	-0.011772
-210.5	0.000192	-0.011108
-210.375	0.000206	-0.010287
-210.25	0.000222	-0.009305
-210.125	0.000239	-0.008159
-210.0	0.000257	-0.006848
-209.875	0.000277	-0.005374
-209.75	0.000298	-0.003736
-209.625	0.00032	-0.00194
-209.5	0.000344	1.0e-5
-209.375	0.00037	0.002105
-209.25	0.000397	0.004337
-209.125	0.000427	0.006694
-209.0	0.000458	0.009162
-208.875	0.000492	0.011727
-208.75	0.000528	0.014369
-208.625	0.000566	0.017071
-208.5	0.000607	0.01981
-208.375	0.000651	0.022563
-208.25	0.000697	0.025304
-208.125	0.000747	0.028008
-208.0	0.0008	0.030645
-207.875	0.000856	0.033186
-207.75	0.000916	0.0356
-207.625	0.000981	0.037856
-207.5	0.001049	0.039921
-207.375	0.001122	0.041764
-207.25	0.001199	0.043351
-207.125	0.001281	0.04465
-207.0	0.001369	0.04563
-206.875	0.001462	0.04626
-206.75	0.001561	0.046511
-206.625	0.001666	0.046355
-206.5	0.001777	0.045766
-206.375	0.001896	0.044722
-206.25	0.002022	0.043203
-206.125	0.002155	0.041191
-206.0	0.002297	0.038674
-205.875	0.002447	0.035641
-205.75	0.002606	0.032089
-205.625	0.002774	0.028017
-205.5	0.002953	0.023429
-205.375	0.003142	0.018336
-205.25	0.003342	0.012752
-205.125	0.003554	0.006698
-205.0	0.003778	0.0002
-204.875	0.004015	-0.006708
-204.75	0.004266	-0.01399
-204.625	0.004531	-0.0216
-204.5	0.00481	-0.02949
-204.375	0.005106	-0.037603
-204.25	0.005418	-0.04588
-204.125	0.005747	-0.054254
-204.0	0.006094	-0.062654
-203.875	0.006461	-0.071007
-203.75	0.006847	-0.079232
-203.625	0.007254	-0.087248
-203.5	0.007683	-0.094969
-203.375	0.008135	-0.102309
-203.25	0.008611	-0.109178
-203.125	0.009111	-0.115487
-203.0	0.009638	-0.121147
-202.875	0.010192	-0.12607
-202.75	0.010775	-0.130171
-202.625	0.011388	-0.133365
-202.5	0.012032	-0.135574
-202.375	0.012708	-0.136722
-202.25	0.013418	-0.136741
-202.125	0.014163	-0.135569
-202.0	0.014945	-0.13315
-201.875	0.015766	-0.12944
-201.75	0.016626	-0.124402
-201.625	0.017528	-0.118009
-201.5	0.018474	-0.110247
-201.375	0.019464	-0.101112
-201.25	0.020501	-0.090613
-201.125	0.021587	-0.078772
-201.0	0.022723	-0.065625
-200.875	0.023911	-0.051222
-200.75	0.025154	-0.035625
-200.625	0.026454	-0.018912
-200.5	0.027812	-0.001175
-200.375	0.02923	0.017481
-200.25	0.030712	0.036938
-200.125	0.032258	0.057062
-200.0	0.033873	0.07771
-199.875	0.035557	0.098725
-199.75	0.037313	0.11994
-199.625	0.039144	0.141177
-199.5	0.041052	0.162252
-199.375	0.04304	0.18297
-199.25	0.04511	0.203134
-199.125	0.047265	0.22254
-199.0	0.049508	0.240982
-198.875	0.051841	0.258255
-198.75	0.054268	0.274152
-198.625	0.056791	0.288473
-198.5	0.059412	0.301019
-198.375	0.062136	0.311601
-198.25	0.064964	0.320039
-198.125	0.067901	0.326162
-198.0	0.070948	0.329816
-197.875	0.074109	0.330858
-197.75	0.077387	0.329167
-197.625	0.080785	0.324637
-197.5	0.084306	0.317186
-197.375	0.087954	0.306754
-197.25	0.091731	0.293303
-197.125	0.095641	0.276822
-197.0	0.099687	0.257328
-196.875	0.103873	0.234863
-196.75	0.1082	0.209498
-196.625	0.112673	0.181333
-196.5	0.117295	0.150497
-196.375	0.122069	0.117148
-196.25	0.126998	0.081471
-196.125	0.132086	0.043681
-196.0	0.137334	0.004018
-195.875	0.142748	-0.03725
-195.75	0.148329	-0.079832
-195.625	0.154081	-0.123414
-195.5	0.160007	-0.167662
-195.375	0.166109	-0.212222
-195.25	0.172391	-0.256726
-195.125	0.178856	-0.300793
-195.0	0.185505	-0.34403
-194.875	0.192343	-0.386038
-194.75	0.199371	-0.426417
-194.625	0.206593	-0.464763
-194.5	0.21401	-0.500679
-194.375	0.221625	-0.533775
-194.25	0.22944	-0.56367
-194.125	0.237458	-0.59
-194.0	0.24568	-0.612421
-193.875	0.254109	-0.630609
-193.75	0.262746	-0.644268
-193.625	0.271593	-0.653131
-193.5	0.280651	-0.656964
-193.375	0.289922	-0.655572
-193.25	0.299407	-0.648795
-193.125	0.309107	-0.636519
-193.0	0.319023	-0.618671
-192.875	0.329156	-0.595226
-192.75	0.339506	-0.566208
-192.625	0.350074	-0.531687
-192.5	0.360859	-0.491786
-192.375	0.371862	-0.446676
-192.25	0.383082	-0.396582
-192.125	0.39452	-0.341773
-192.0	0.406174	-0.282573
-191.875	0.418043	-0.219348
-191.75	0.430127	-0.152513
-191.625	0.442423	-0.082524
-191.5	0.454931	-0.009877
-191.375	0.467649	0.064895
-191.25	0.480573	0.141226
-191.125	0.493704	0.218522
-191.0	0.507036	0.296164
-190.875	0.520568	0.373515
-190.75	0.534297	0.449924
-190.625	0.548219	0.52473
-190.5	0.56233	0.59727
-190.375	0.576627	0.666885
-190.25	0.591106	0.732922
-190.125	0.605761	0.794746
-190.0	0.620588	0.851741
-189.875	0.635583	0.903319
-189.75	0.650739	0.948924
-189.625	0.666051	0.988039
-189.5	0.681514	1.020189
-189.375	0.697121	1.04495
-189.25	0.712866	1.061951
-189.125	0.728742	1.070881
-189.0	0.744742	1.071487
-188.875	0.760859	1.063587
-188.75	0.777085	1.047064
-188.625	0.793413	1.021875
-188.5	0.809834	0.988048
-188.375	0.82634	0.945686
-188.25	0.842924	0.894968
-188.125	0.859575	0.836145
-188.0	0.876285	0.769545
-187.875	0.893045	0.695567
-187.75	0.909845	0.61468
-187.625	0.926676	0.527421
-187.5	0.943527	0.43439
-187.375	0.960389	0.336248
-187.25	0.977251	0.23371
-187.125	0.994103	0.12754
-187.0	1.010934	0.018548
-186.875	1.027734	-0.092422
-186.75	1.04449	-0.204493
-186.625	1.061193	-0.316766
-186.5	1.077831	-0.428324
-186.375	1.094393	-0.538247
-186.25	1.110867	-0.64561
-186.125	1.127241	-0.749498
-186.0	1.143505	-0.849014
-185.875	1.159646	-0.943282
-185.75	1.175652	-1.031461
-185.625	1.191512	-1.11275
-185.5	1.207215	-1.186394
-185.375	1.222747	-1.251695
-185.25	1.238098	-1.308014
-185.125	1.253256	-1.354784
-185.0	1.268208	-1.391508
-184.875	1.282944	-1.417769
-184.75	1.297451	-1.433236
-184.625	1.311717	-1.437661
-184.5	1.325733	-1.430891
-184.375	1.339485	-1.412863
-184.25	1.352963	-1.383609
-184.125	1.366156	-1.343255
-184.0	1.379052	-1.292022
-183.875	1.391642	-1.230226
-183.75	1.403914	-1.158273
-183.625	1.415858	-1.07666
-183.5	1.427463	-0.985966
-183.375	1.438721	-0.886855
-183.25	1.44962	-0.780063
-183.125	1.460153	-0.666399
-183.0	1.470309	-0.546735
-182.875	1.480079	-0.421999
-182.75	1.489456	-0.293166
-182.625	1.49843	-0.161253
-182.5	1.506994	-0.027311
-182.375	1.51514	0.10759
-182.25	1.522861	0.242363
-182.125	1.53015	0.375919
-182.0	1.537	0.507172
-181.875	1.543405	0.635052
-181.75	1.54936	0.758512
-181.625	1.554859	0.876539
-181.5	1.559896	0.988159
-181.375	1.564468	1.092453
-181.25	1.56857	1.188556
-181.125	1.572198	1.275673
-181.0	1.575349	1.35308
-180.875	1.578021	1.420133
-180.75	1.58021	1.476275
-180.625	1.581914	1.521039
-180.5	1.583133	1.55405
-180.375	1.583865	1.575034
-180.25	1.584109	1.583817
-180.125	1.583865	1.580326
-180.0	1.583133	1.564591
-179.875	1.581914	1.536744
-179.75	1.58021	1.497019
-179.625	1.578021	1.445748
-179.5	1.575349	1.38336
-179.375	1.572198	1.310375
-179.25	1.56857	1.227402
-179.125	1.564468	1.135131
-179.0	1.559896	1.03433
-178.875	1.554858	0.925833
-178.75	1.54936	0.810539
-178.625	1.543405	0.689397
-178.5	1.537	0.563406
-178.375	1.53015	0.433599
-178.25	1.522861	0.301036
-178.125	1.51514	0.166797
-178.0	1.506993	0.03197
-177.875	1.498429	-0.102358
-177.75	1.489455	-0.235109
-177.625	1.480079	-0.365225
-177.5	1.470308	-0.491676
-177.375	1.460152	-0.613468
-177.25	1.44962	-0.729654
-177.125	1.43872	-0.839339
-177.0	1.427463	-0.94169
-176.875	1.415857	-1.035939
-176.75	1.403913	-1.121394
-176.625	1.391641	-1.197439
-176.5	1.379052	-1.263546
-176.375	1.366155	-1.319269
-176.25	1.352962	-1.364257
-176.125	1.339484	-1.39825
-176.0	1.325732	-1.421081
-175.875	1.311717	-1.43268
-175.75	1.29745	-1.433069
-175.625	1.282943	-1.422366
-175.5	1.268207	-1.400779
-175.375	1.253255	-1.368603
-175.25	1.238097	-1.32622
-175.125	1.222746	-1.274092
-175.0	1.207214	-1.212757
-174.875	1.191511	-1.142823
-174.75	1.175651	-1.064963
-174.625	1.159645	-0.979907
-174.5	1.143504	-0.888435
-174.375	1.12724	-0.791371
-174.25	1.110866	-0.689575
-174.125	1.094392	-0.583933
-174.0	1.07783	-0.475351
-173.875	1.061192	-0.364748
-173.75	1.044489	-0.253045
-173.625	1.027733	-0.141158
-173.5	1.010933	-0.029991
-173.375	0.994102	0.079572
-173.25	0.97725	0.186674
-173.125	0.960388	0.290494
-173.0	0.943526	0.39025
-172.875	0.926675	0.485209
-172.75	0.909844	0.574689
-172.625	0.893044	0.658066
-172.5	0.876284	0.73478
-172.375	0.859574	0.804333
-172.25	0.842923	0.866299
-172.125	0.826339	0.920323
-172.0	0.809833	0.966121
-171.875	0.793412	1.003486
-171.75	0.777084	1.032284
-171.625	0.760858	1.052455
-171.5	0.744741	1.064013
-171.375	0.728741	1.067045
-171.25	0.712865	1.061705
-171.125	0.69712	1.048216
-171.0	0.681513	1.026863
-170.875	0.66605	0.997993
-170.75	0.650738	0.962006
-170.625	0.635582	0.919354
-170.5	0.620587	0.870534
-170.375	0.60576	0.816085
-170.25	0.591105	0.756579
-170.125	0.576626	0.692619
-170.0	0.562329	0.62483
-169.875	0.548218	0.553854
-169.75	0.534296	0.480345
-169.625	0.520567	0.404962
-169.5	0.507035	0.328365
-169.375	0.493703	0.251204
-169.25	0.480573	0.174122
-169.125	0.467648	0.097741
-169.0	0.45493	0.022664
-168.875	0.442422	-0.050535
-168.75	0.430126	-0.121311
-168.625	0.418042	-0.189156
-168.5	0.406173	-0.253598
-168.375	0.394519	-0.314209
-168.25	0.383082	-0.370604
-168.125	0.371861	-0.422442
-168.0	0.360858	-0.469434
-167.875	0.350073	-0.511338
-167.75	0.339505	-0.547961
-167.625	0.329155	-0.579161
-167.5	0.319023	-0.604847
-167.375	0.309107	-0.624975
-167.25	0.299407	-0.639552
-167.125	0.289922	-0.648629
-167.0	0.280651	-0.652304
-166.875	0.271592	-0.650715
-166.75	0.262746	-0.644043
-166.625	0.254109	-0.632506
-166.5	0.24568	-0.616354
-166.375	0.237458	-0.595871
-166.25	0.22944	-0.571366
-166.125	0.221624	-0.543173
-166.0	0.214009	-0.511648
-165.875	0.206592	-0.47716
-165.75	0.199371	-0.440095
-165.625	0.192343	-0.400844
-165.5	0.185505	-0.359805
-165.375	0.178855	-0.317378
-165.25	0.172391	-0.273961
-165.125	0.166109	-0.229945
-165.0	0.160006	-0.185715
-164.875	0.154081	-0.141641
-164.75	0.148329	-0.098082
-164.625	0.142748	-0.055376
-164.5	0.137334	-0.013845
-164.375	0.132085	0.026213
-164.25	0.126998	0.064523
-164.125	0.122069	0.100834
-164.0	0.117295	0.134924
-163.875	0.112673	0.166596
-163.75	0.1082	0.195681
-163.625	0.103872	0.22204
-163.5	0.099687	0.245562
-163.375	0.095641	0.266164
-163.25	0.091731	0.283793
-163.125	0.087954	0.298422
-163.0	0.084306	0.31005
-162.875	0.080785	0.318704
-162.75	0.077387	0.324434
-162.625	0.074109	0.327313
-162.5	0.070948	0.327436
-162.375	0.067901	0.324918
-162.25	0.064964	0.31989
-162.125	0.062136	0.312502
-162.0	0.059412	0.302916
-161.875	0.056791	0.291307
-161.75	0.054268	0.277859
-161.625	0.051841	0.262765
-161.5	0.049508	0.246224
-161.375	0.047265	0.228437
-161.25	0.04511	0.209609
-161.125	0.04304	0.189944
-161.0	0.041052	0.169645
-160.875	0.039144	0.148911
-160.75	0.037313	0.127935
-160.625	0.035557	0.106904
-160.5	0.033873	0.085998
-160.375	0.032258	0.065386
-160.25	0.030712	0.045228
-160.125	0.02923	0.025672
-160.0	0.027811	0.006854
-159.875	0.026453	-0.011102
-159.75	0.025154	-0.028088
-159.625	0.023911	-0.044005
-159.5	0.022723	-0.058772
-159.375	0.021587	-0.07232
-159.25	0.020501	-0.084595
-159.125	0.019464	-0.095556
-159.0	0.018474	-0.105176
-158.875	0.017528	-0.113439
-158.75	0.016626	-0.120345
-158.625	0.015766	-0.125903
-158.5	0.014945	-0.130134
-158.375	0.014163	-0.133072
-158.25	0.013418	-0.134757
-158.125	0.012708	-0.13524
-158.0	0.012032	-0.134579
-157.875	0.011388	-0.132841
-157.75	0.010775	-0.130095
-157.625	0.010192	-0.12642
-157.5	0.009638	-0.121896
-157.375	0.009111	-0.116607
-157.25	0.00861	-0.110639
-157.125	0.008135	-0.104081
-157.0	0.007683	-0.09702
-156.875	0.007254	-0.089545
-156.75	0.006847	-0.081742
-156.625	0.006461	-0.073697
-156.5	0.006094	-0.065492
-156.375	0.005747	-0.057206
-156.25	0.005418	-0.048916
-156.125	0.005106	-0.040693
-156.0	0.00481	-0.032605
-155.875	0.004531	-0.024712
-155.75	0.004266	-0.017073
-155.625	0.004015	-0.009739
-155.5	0.003778	-0.002755
-155.375	0.003554	0.003839
-155.25	0.003342	0.010007
-155.125	0.003142	0.015722
-155.0	0.002953	0.02096
-154.875	0.002774	0.025705
-154.75	0.002606	0.029944
-154.625	0.002447	0.033671
-154.5	0.002297	0.036884
-154.375	0.002155	0.039586
-154.25	0.002022	0.041785
-154.125	0.001896	0.043492
-154.0	0.001777	0.044722
-153.875	0.001666	0.045495
-153.75	0.001561	0.04583
-153.625	0.001462	0.045753
-153.5	0.001369	0.04529
-153.375	0.001281	0.04447
-153.25	0.001199	0.043321
-153.125	0.001122	0.041875
-153.0	0.001049	0.040163
-152.875	0.000981	0.038218
-152.75	0.000916	0.036072
-152.625	0.000856	0.033756
-152.5	0.0008	0.031302
-152.375	0.000747	0.02874
-152.25	0.000697	0.026101
-152.125	0.000651	0.023412
-152.0	0.000607	0.020701
-151.875	0.000566	0.017994
-151.75	0.000528	0.015314
-151.625	0.000492	0.012683
-151.5	0.000458	0.010121
-151.375	0.000427	0.007647
-151.25	0.000397	0.005276
-151.125	0.00037	0.003023
-151.0	0.000344	0.0009
-150.875	0.00032	-0.001083
-150.75	0.000298	-0.002918
-150.625	0.000277	-0.004598
-150.5	0.000257	-0.00612
-150.375	0.000239	-0.00748
-150.25	0.000222	-0.008678
-150.125	0.000206	-0.009714
-150.0	0.000192	-0.010591
-149.875	0.000178	-0.011311
-149.75	0.000165	-0.011879
-149.625	0.000153	-0.012302
-149.5	0.000142	-0.012584
-149.375	0.000131	-0.012735
-149.25	0.000122	-0.012762
-149.125	0.000113	-0.012674
-149.0	0.000104	-0.01248
-148.875	9.7e-5	-0.012189
-148.75	8.9e-5	-0.011812
-148.625	8.3e-5	-0.011357
-148.5	7.7e-5	-0.010835
-148.375	7.1e-5	-0.010256
-148.25	6.5e-5	-0.009629
-148.125	6.0e-5	-0.008964
-148.0	5.6e-5	-0.008269
-147.875	5.2e-5	-0.007553
-147.75	4.8e-5	-0.006824
-147.625	4.4e-5	-0.00609
-147.5	4.1e-5	-0.005358
-147.375	3.7e-5	-0.004634
-147.25	3.4e-5	-0.003925
-147.125	3.2e-5	-0.003236
-147.0	2.9e-5	-0.002572
-146.875	2.7e-5	-0.001937
-146.75	2.5e-5	-0.001335
-146.625	2.3e-5	-0.000768
-146.5	2.1e-5	-0.000239
-146.375	1.9e-5	0.000249
-146.25	1.8e-5	0.000696
-146.125	1.6e-5	0.001101
-146.0	1.5e-5	0.001463
-145.875	1.4e-5	0.001782
-145.75	1.3e-5	0.002059
-145.625	1.2e-5	0.002295
-145.5	1.1e-5	0.00249
-145.375	1.0e-5	0.002646
-145.25	9.0e-6	0.002765
-145.125	8.0e-6	0.002849
-145.0	8.0e-6	0.002899
-144.875	7.0e-6	0.002919
-144.75	6.0e-6	0.00291
-144.625	6.0e-6	0.002875
-144.5	5.0e-6	0.002816
-144.375	5.0e-6	0.002736
-144.25	4.0e-6	0.002637
-144.125	4.0e-6	0.002522
-144.0	4.0e-6	0.002394
-143.875	3.0e-6	0.002254
-143.75	3.0e-6	0.002105
-143.625	3.0e-6	0.001949
-143.5	3.0e-6	0.001789
-143.375	2.0e-6	0.001625
-143.25	2.0e-6	0.001461
-143.125	2.0e-6	0.001297
-143.0	2.0e-6	0.001135
-142.875	2.0e-6	0.000977
-142.75	2.0e-6	0.000824
-142.625	1.0e-6	0.000676
-142.5	1.0e-6	0.000535
-142.375	1.0e-6	0.000402
-142.25	1.0e-6	0.000276
-142.125	1.0e-6	0.00016
-142.0	1.0e-6	5.2e-5
-141.875	1.0e-6	-4.7e-5
-141.75	1.0e-6	-0.000136
-141.625	1.0e-6	-0.000216
-141.5	1.0e-6	-0.000286
-141.375	1.0e-6	-0.000348
-141.25	0.0	-0.0004
-141.125	0.0	-0.000444
-141.0	0.0	-0.000479
-140.875	0.0	-0.000507
-140.75	0.0	-0.000527
-140.625	0.0	-0.00054
-140.5	0.0	-0.000547
-140.375	0.0	-0.000548
-140.25	0.0	-0.000543
-140.125	0.0	-0.000534
-140.0	0.0	-0.00052
-139.875	0.0	-0.000503
-139.75	0.0	-0.000482
-139.625	0.0	-0.000459
-139.5	0.0	-0.000433
-139.375	0.0	-0.000405
-139.25	0.0	-0.000377
-139.125	0.0	-0.000347
-139.0	0.0	-0.000317
-138.875	0.0	-0.000286
-138.75	0.0	-0.000256
-138.625	0.0	-0.000226
-138.5	0.0	-0.000197
-138.375	0.0	-0.000169
-138.25	0.0	-0.000142
-138.125	0.0	-0.000116
-138.0	0.0	-9.1e-5
-137.875	0.0	-6.8e-5
-137.75	0.0	-4.7e-5
-137.625	0.0	-2.7e-5
-137.5	0.0	-9.0e-6
-137.375	0.0	7.0e-6
-137.25	0.0	2.2e-5
-137.125	0.0	3.5e-5
-137.0	0.0	4.6e-5
-136.875	0.0	5.6e-5
-136.75	0.0	6.4e-5
-136.625	0.0	7.0e-5
-136.5	0.0	7.6e-5
-136.375	0.0	8.0e-5
-136.25	0.0	8.2e-5
-136.125	0.0	8.4e-5
-136.0	0.0	8.4e-5
-135.875	0.0	8.4e-5
-135.75	0.0	8.3e-5
-135.625	0.0	8.1e-5
-135.5	0.0	7.9e-5
-135.375	0.0	7.6e-5
-135.25	0.0	7.2e-5
-135.125	0.0	6.8e-5
-135.0	0.0	6.4e-5
-134.875	0.0	6.0e-5
-134.75	0.0	5.5e-5
-134.625	0.0	5.1e-5
-134.5	0.0	4.6e-5
-134.375	0.0	4.1e-5
-134.25	0.0	3.7e-5
-134.125	0.0	3.2e-5
-134.0	0.0	2.8e-5
-133.875	0.0	2.4e-5
-133.75	0.0	2.0e-5
-133.625	0.0	1.6e-5
-133.5	0.0	1.3e-5
-133.375	0.0	9.0e-6
-133.25	0.0	7.0e-6
-133.125	0.0	4.0e-6
-133.0	0.0	1.0e-6
-132.875	0.0	0.0
-132.75	0.0	-3.0e-6
-132.625	0.0	-5.0e-6
-132.5	0.0	-6.0e-6
-132.375	0.0	-7.0e-6
-132.25	0.0	-8.0e-6
-132.125	0.0	-9.0e-6
-132.0	0.0	-1.0e-5
-131.875	0.0	-1.0e-5
-131.75	0.0	-1.1e-5
-131.625	0.0	-1.1e-5
-131.5	0.0	-1.1e-5
-131.375	0.0	-1.1e-5
-131.25	0.0	-1.0e-5
-131.125	0.0	-1.0e-5
-131.0	0.0	-1.0e-5
-130.875	0.0	-9.0e-6
-130.75	0.0	-9.0e-6
-130.625	0.0	-8.0e-6
-130.5	0.0	-8.0e-6
-130.375	0.0	-7.0e-6
-130.25	0.0	-7.0e-6
-130.125	0.0	-6.0e-6
-130.0	0.0	-5.0e-6
-129.875	0.0	-5.0e-6
-129.75	0.0	-4.0e-6
-129.625	0.0	-4.0e-6
-129.5	0.0	-3.0e-6
-129.375	0.0	-3.0e-6
-129.25	0.0	-2.0e-6
-129.125	0.0	-2.0e-6
-129.0	0.0	-1.0e-6
-128.875	0.0	-1.0e-6
-128.75	0.0	0.0
-128.625	0.0	0.0
-128.5	0.0	0.0
-128.375	0.0	0.0
-128.25	0.0	0.0
-128.125	0.0	0.0
-128.0	0.0	0.0
-127.875	0.0	0.0
-127.75	0.0	0.0
-127.625	0.0	0.0
-127.5	0.0	1.0e-6
-127.375	0.0	1.0e-6
-127.25	0.0	1.0e-6
-127.125	0.0	1.0e-6
-127.0	0.0	1.0e-6
-126.875	0.0	1.0e-6
-126.75	0.0	1.0e-6
-126.625	0.0	1.0e-6
-126.5	0.0	0.0
-126.375	0.0	0.0
-126.25	0.0	0.0
-126.125	0.0	0.0
-126.0	0.0	0.0
-125.875	0.0	0.0
-125.75	0.0	0.0
-125.625	0.0	0.0
-125.5	0.0	0.0
-125.375	0.0	0.0
-125.25	0.0	0.0
-125.125	0.0	0.0
-125.0	0.0	0.0
-124.875	0.0	0.0
-124.75	0.0	0.0
-124.625	0.0	0.0
-124.5	0.0	0.0
-124.375	0.0	0.0
-124.25	0.0	0.0
-124.125	0.0	0.0
-124.0	0.0	0.0
-123.875	0.0	0.0
-123.75	0.0	0.0
-123.625	0.0	0.0
-123.5	0.0	0.0
-123.375	0.0	0.0
-123.25	0.0	0.0
-123.125	0.0	0.0
-123.0	0.0	0.0
-122.875	0.0	0.0
-122.75	0.0	0.0
-122.625	0.0	0.0
-122.5	0.0	0.0
-122.375	0.0	0.0
-122.25	0.0	0.0
-122.125	0.0	0.0
-122.0	0.0	0.0
-121.875	0.0	0.0
-121.75	0.0	0.0
-121.625	0.0	0.0
-121.5	0.0	0.0
-121.375	0.0	0.0
-121.25	0.0	0.0
-121.125	0.0	0.0
-121.0	0.0	0.0
-120.875	0.0	0.0
-120.75	0.0	0.0
-120.625	0.0	0.0
-120.5	0.0	0.0
-120.375	0.0	0.0
-120.25	0.0	0.0
-120.125	0.0	0.0
-120.0	0.0	0.0
-119.875	0.0	0.0
-119.75	0.0	0.0
-119.625	0.0	0.0
-119.5	0.0	0.0
-119.375	0.0	0.0
-119.25	0.0	0.0
-119.125	0.0	0.0
-119.0	0.0	0.0
-118.875	0.0	0.0
-118.75	0.0	0.0
-118.625	0.0	0.0
-118.5	0.0	0.0
-118.375	0.0	0.0
-118.25	0.0	0.0
-118.125	0.0	0.0
-118.0	0.0	0.0
-117.875	0.0	0.0
-117.75	0.0	0.0
-117.625	0.0	0.0
-117.5	0.0	0.0
-117.375	0.0	0.0
-117.25	0.0	0.0
-117.125	0.0	0.0
-117.0	0.0	0.0
-116.875	0.0	0.0
-116.75	0.0	0.0
-116.625	0.0	0.0
-116.5	0.0	0.0
-116.375	0.0	0.0
-116.25	0.0	0.0
-116.125	0.0	0.0
-116.0	0.0	0.0
-115.875	0.0	0.0
-115.75	0.0	0.0
-115.625	0.0	0.0
-115.5	0.0	0.0
-115.375	0.0	0.0
-115.25	0.0	0.0
-115.125	0.0	0.0
-115.0	0.0	0.0
-114.875	0.0	0.0
-114.75	0.0	0.0
-114.625	0.0	0.0
-114.5	0.0	0.0
-114.375	0.0	0.0
-114.25	0.0	0.0
-114.125	0.0	0.0
-114.0	0.0	0.0
-113.875	0.0	0.0
-113.75	0.0	0.0
-113.625	0.0	0.0
-113.5	0.0	0.0
-113.375	0.0	0.0
-113.25	0.0	0.0
-113.125	0.0	0.0
-113.0	0.0	0.0
-112.875	0.0	0.0
-112.75	0.0	0.0
-112.625	0.0	0.0
-112.5	0.0	0.0
-112.375	0.0	0.0
-112.25	0.0	0.0
-112.125	0.0	0.0
-112.0	0.0	0.0
-111.875	0.0	0.0
-111.75	0.0	0.0
-111.625	0.0	0.0
-111.5	0.0	0.0
-111.375	0.0	0.0
-111.25	0.0	0.0
-111.125	0.0	0.0
-111.0	0.0	0.0
-110.875	0.0	0.0
-110.75	0.0	0.0
-110.625	0.0	0.0
-110.5	0.0	0.0
-110.375	0.0	0.0
-110.25	0.0	0.0
-110.125	0.0	0.0
-110.0	0.0	0.0
-109.875	0.0	0.0
-109.75	0.0	0.0
-109.625	0.0	0.0
-109.5	0.0	0.0
-109.375	0.0	0.0
-109.25	0.0	0.0
-109.125	0.0	0.0
-109.0	0.0	0.0
-108.875	0.0	0.0
-108.75	0.0	0.0
-108.625	0.0	0.0
-108.5	0.0	0.0
-108.375	0.0	0.0
-108.25	0.0	0.0
-108.125	0.0	0.0
-108.0	0.0	0.0
-107.875	0.0	0.0
-107.75	0.0	0.0
-107.625	0.0	0.0
-107.5	0.0	0.0
-107.375	0.0	0.0
-107.25	0.0	0.0
-107.125	0.0	0.0
-107.0	0.0	0.0
-106.875	0.0	0.0
-106.75	0.0	0.0
-106.625	0.0	0.0
-106.5	0.0	0.0
-106.375	0.0	0.0
-106.25	0.0	0.0
-106.125	0.0	0.0
-106.0	0.0	0.0
-105.875	0.0	0.0
-105.75	0.0	0.0
-105.625	0.0	0.0
-105.5	0.0	0.0
-105.375	0.0	0.0
-105.25	0.0	0.0
-105.125	0.0	0.0
-105.0	0.0	0.0
-104.875	0.0	0.0
-104.75	0.0	0.0
-104.625	0.0	0.0
-104.5	0.0	0.0
-104.375	0.0	0.0
-104.25	0.0	0.0
-104.125	0.0	0.0
-104.0	0.0	0.0
-103.875	0.0	0.0
-103.75	0.0	0.0
-103.625	0.0	0.0
-103.5	0.0	0.0
-103.375	0.0	0.0
-103.25	0.0	0.0
-103.125	0.0	0.0
-103.0	0.0	0.0
-102.875	0.0	0.0
-102.75	0.0	0.0
-102.625	0.0	0.0
-102.5	0.0	0.0
-102.375	0.0	0.0
-102.25	0.0	0.0
-102.125	0.0	0.0
-102.0	0.0	0.0
-101.875	0.0	0.0
-101.75	0.0	0.0
-101.625	0.0	0.0
-101.5	0.0	0.0
-101.375	0.0	0.0
-101.25	0.0	0.0
-101.125	0.0	0.0
-101.0	0.0	0.0
-100.875	0.0	0.0
-100.75	0.0	0.0
-100.625	0.0	0.0
-100.5	0.0	0.0
-100.375	0.0	0.0
-100.25	0.0	0.0
-100.125	0.0	0.0
-100.0	0.0	0.0
-99.875	0.0	0.0
-99.75	0.0	0.0
-99.625	0.0	0.0
-99.5	0.0	0.0
-99.375	0.0	0.0
-99.25	0.0	0.0
-99.125	0.0	0.0
-99.0	0.0	0.0
-98.875	0.0	0.0
-98.75	0.0	0.0
-98.625	0.0	0.0
-98.5	0.0	0.0
-98.375	0.0	0.0
-98.25	0.0	0.0
-98.125	0.0	0.0
-98.0	0.0	0.0
-97.875	0.0	0.0
-97.75	0.0	0.0
-97.625	0.0	0.0
-97.5	0.0	0.0
-97.375	0.0	0.0
-97.25	0.0	0.0
-97.125	0.0	0.0
-97.0	0.0	0.0
-96.875	0.0	0.0
-96.75	0.0	0.0
-96.625	0.0	0.0
-96.5	0.0	0.0
-96.375	0.0	0.0
-96.25	0.0	0.0
-96.125	0.0	0.0
-96.0	0.0	0.0
-95.875	0.0	0.0
-95.75	0.0	0.0
-95.625	0.0	0.0
-95.5	0.0	0.0
-95.375	0.0	0.0
-95.25	0.0	0.0
-95.125	0.0	0.0
-95.0	0.0	0.0
-94.875	0.0	0.0
-94.75	0.0	0.0
-94.625	0.0	0.0
-94.5	0.0	0.0
-94.375	0.0	0.0
-94.25	0.0	0.0
-94.125	0.0	0.0
-94.0	0.0	0.0
-93.875	0.0	0.0
-93.75	0.0	0.0
-93.625	0.0	0.0
-93.5	0.0	0.0
-93.375	0.0	0.0
-93.25	0.0	0.0
-93.125	0.0	0.0
-93.0	0.0	0.0
-92.875	0.0	0.0
-92.75	0.0	0.0
-92.625	0.0	0.0
-92.5	0.0	0.0
-92.375	0.0	0.0
-92.25	0.0	0.0
-92.125	0.0	0.0
-92.0	0.0	0.0
-91.875	0.0	0.0
-91.75	0.0	0.0
-91.625	0.0	0.0
-91.5	0.0	0.0
-91.375	0.0	0.0
-91.25	0.0	0.0
-91.125	0.0	0.0
-91.0	0.0	0.0
-90.875	0.0	0.0
-90.75	0.0	0.0
-90.625	0.0	0.0
-90.5	0.0	0.0
-90.375	0.0	0.0
-90.25	0.0	0.0
-90.125	0.0	0.0
-90.0	0.0	0.0
-89.875	0.0	0.0
-89.75	0.0	0.0
-89.625	0.0	0.0
-89.5	0.0	0.0
-89.375	0.0	0.0
-89.25	0.0	0.0
-89.125	0.0	0.0
-89.0	0.0	0.0
-88.875	0.0	0.0
-88.75	0.0	0.0
-88.625	0.0	0.0
-88.5	0.0	0.0
-88.375	0.0	0.0
-88.25	0.0	0.0
-88.125	0.0	0.0
-88.0	0.0	0.0
-87.875	0.0	0.0
-87.75	0.0	0.0
-87.625	0.0	0.0
-87.5	0.0	0.0
-87.375	0.0	0.0
-87.25	0.0	0.0
-87.125	0.0	0.0
-87.0	0.0	0.0
-86.875	0.0	0.0
-86.75	0.0	0.0
-86.625	0.0	0.0
-86.5	0.0	0.0
-86.375	0.0	0.0
-86.25	0.0	0.0
-86.125	0.0	0.0
-86.0	0.0	0.0
-85.875	0.0	0.0
-85.75	0.0	0.0
-85.625	0.0	0.0
-85.5	0.0	0.0
-85.375	0.0	0.0
-85.25	0.0	0.0
-85.125	0.0	0.0
-85.0	0.0	0.0
-84.875	0.0	0.0
-84.75	0.0	0.0
-84.625	0.0	0.0
-84.5	0.0	0.0
-84.375	0.0	0.0
-84.25	0.0	0.0
-84.125	0.0	0.0
-84.0	0.0	0.0
-83.875	0.0	0.0
-83.75	0.0	0.0
-83.625	0.0	0.0
-83.5	0.0	0.0
-83.375	0.0	0.0
-83.25	0.0	0.0
-83.125	0.0	0.0
-83.0	0.0	0.0
-82.875	0.0	0.0
-82.75	0.0	0.0
-82.625	0.0	0.0
-82.5	0.0	0.0
-82.375	0.0	0.0
-82.25	0.0	0.0
-82.125	0.0	0.0
-82.0	0.0	0.0
-81.875	0.0	0.0
-81.75	0.0	0.0
-81.625	0.0	0.0
-81.5	0.0	0.0
-81.375	0.0	0.0
-81.25	0.0	0.0
-81.125	0.0	0.0
-81.0	0.0	0.0
-80.875	0.0	0.0
-80.75	0.0	0.0
-80.625	0.0	0.0
-80.5	0.0	0.0
-80.375	0.0	0.0
-80.25	0.0	0.0
-80.125	0.0	0.0
-80.0	0.0	0.0
-79.875	0.0	0.0
-79.75	0.0	0.0
-79.625	0.0	0.0
-79.5	0.0	0.0
-79.375	0.0	0.0
-79.25	0.0	0.0
-79.125	0.0	0.0
-79.0	0.0	0.0
-78.875	0.0	0.0
-78.75	0.0	0.0
-78.625	0.0	0.0
-78.5	0.0	0.0
-78.375	0.0	0.0
-78.25	0.0	0.0
-78.125	0.0	0.0
-78.0	0.0	0.0
-77.875	0.0	0.0
-77.75	0.0	0.0
-77.625	0.0	0.0
-77.5	0.0	0.0
-77.375	0.0	0.0
-77.25	0.0	0.0
-77.125	0.0	0.0
-77.0	0.0	0.0
-76.875	0.0	0.0
-76.75	0.0	0.0
-76.625	0.0	0.0
-76.5	0.0	0.0
-76.375	0.0	0.0
-76.25	0.0	0.0
-76.125	0.0	0.0
-76.0	0.0	0.0
-75.875	0.0	0.0
-75.75	0.0	0.0
-75.625	0.0	0.0
-75.5	0.0	0.0
-75.375	0.0	0.0
-75.25	0.0	0.0
-75.125	0.0	0.0
-75.0	0.0	0.0
-74.875	0.0	0.0
-74.75	0.0	0.0
-74.625	0.0	0.0
-74.5	0.0	0.0
-74.375	0.0	0.0
-74.25	0.0	0.0
-74.125	0.0	0.0
-74.0	0.0	0.0
-73.875	0.0	0.0
-73.75	0.0	0.0
-73.625	0.0	0.0
-73.5	0.0	0.0
-73.375	0.0	0.0
-73.25	0.0	0.0
-73.125	0.0	0.0
-73.0	0.0	0.0
-72.875	0.0	0.0
-72.75	0.0	0.0
-72.625	0.0	0.0
-72.5	0.0	0.0
-72.375	0.0	0.0
-72.25	0.0	0.0
-72.125	0.0	0.0
-72.0	0.0	0.0
-71.875	0.0	0.0
-71.75	0.0	0.0
-71.625	0.0	0.0
-71.5	0.0	0.0
-71.375	0.0	0.0
-71.25	0.0	0.0
-71.125	0.0	0.0
-71.0	0.0	0.0
-70.875	0.0	0.0
-70.75	0.0	0.0
-70.625	0.0	0.0
-70.5	0.0	0.0
-70.375	0.0	0.0
-70.25	0.0	0.0
-70.125	0.0	0.0
-70.0	0.0	0.0
-69.875	0.0	0.0
-69.75	0.0	0.0
-69.625	0.0	0.0
-69.5	0.0	0.0
-69.375	0.0	0.0
-69.25	0.0	0.0
-69.125	0.0	0.0
-69.0	0.0	0.0
-68.875	0.0	0.0
-68.75	0.0	0.0
-68.625	0.0	0.0
-68.5	0.0	0.0
-68.375	0.0	0.0
-68.25	0.0	0.0
-68.125	0.0	0.0
-68.0	0.0	0.0
-67.875	0.0	0.0
-67.75	0.0	0.0
-67.625	0.0	0.0
-67.5	0.0	0.0
-67.375	0.0	0.0
-67.25	0.0	0.0
-67.125	0.0	0.0
-67.0	0.0	0.0
-66.875	0.0	0.0
-66.75	0.0	0.0
-66.625	0.0	0.0
-66.5	0.0	0.0
-66.375	0.0	0.0
-66.25	0.0	0.0
-66.125	0.0	0.0
-66.0	0.0	0.0
-65.875	0.0	0.0
-65.75	0.0	0.0
-65.625	0.0	0.0
-65.5	0.0	0.0
-65.375	0.0	0.0
-65.25	0.0	0.0
-65.125	0.0	0.0
-65.0	0.0	0.0
-64.875	0.0	0.0
-64.75	0.0	0.0
-64.625	0.0	0.0
-64.5	0.0	0.0
-64.375	0.0	0.0
-64.25	0.0	0.0
-64.125	0.0	0.0
-64.0	0.0	0.0
-63.875	0.0	0.0
-63.75	0.0	0.0
-63.625	0.0	0.0
-63.5	0.0	0.0
-63.375	0.0	0.0
-63.25	0.0	0.0
-63.125	0.0	0.0
-63.0	0.0	0.0
-62.875	0.0	0.0
-62.75	0.0	0.0
-62.625	0.0	0.0
-62.5	0.0	0.0
-62.375	0.0	0.0
-62.25	0.0	0.0
-62.125	0.0	0.0
-62.0	0.0	0.0
-61.875	0.0	0.0
-61.75	0.0	0.0
-61.625	0.0	0.0
-61.5	0.0	0.0
-61.375	0.0	0.0
-61.25	0.0	0.0
-61.125	0.0	0.0
-61.0	0.0	0.0
-60.875	0.0	0.0
-60.75	0.0	0.0
-60.625	0.0	0.0
-60.5	0.0	0.0
-60.375	0.0	0.0
-60.25	0.0	0.0
-60.125	0.0	0.0
-60.0	0.0	0.0
-59.875	0.0	0.0
-59.75	0.0	0.0
-59.625	0.0	0.0
-59.5	0.0	0.0
-59.375	0.0	0.0
-59.25	0.0	0.0
-59.125	0.0	0.0
-59.0	0.0	0.0
-58.875	0.0	0.0
-58.75	0.0	0.0
-58.625	0.0	0.0
-58.5	0.0	0.0
-58.375	0.0	0.0
-58.25	0.0	0.0
-58.125	0.0	0.0
-58.0	0.0	0.0
-57.875	0.0	0.0
-57.75	0.0	0.0
-57.625	0.0	0.0
-57.5	0.0	0.0
-57.375	0.0	0.0
-57.25	0.0	0.0
-57.125	0.0	0.0
-57.0	0.0	0.0
-56.875	0.0	0.0
-56.75	0.0	0.0
-56.625	0.0	0.0
-56.5	0.0	0.0
-56.375	0.0	0.0
-56.25	0.0	0.0
-56.125	0.0	0.0
-56.0	0.0	0.0
-55.875	0.0	0.0
-55.75	0.0	0.0
-55.625	0.0	0.0
-55.5	0.0	0.0
-55.375	0.0	0.0
-55.25	0.0	0.0
-55.125	0.0	0.0
-55.0	0.0	0.0
-54.875	0.0	0.0
-54.75	0.0	0.0
-54.625	0.0	0.0
-54.5	0.0	0.0
-54.375	0.0	0.0
-54.25	0.0	0.0
-54.125	0.0	0.0
-54.0	0.0	0.0
-53.875	0.0	0.0
-53.75	0.0	0.0
-53.625	0.0	0.0
-53.5	0.0	0.0
-53.375	0.0	0.0
-53.25	0.0	0.0
-53.125	0.0	0.0
-53.0	0.0	0.0
-52.875	0.0	0.0
-52.75	0.0	0.0
-52.625	0.0	0.0
-52.5	0.0	0.0
-52.375	0.0	0.0
-52.25	0.0	0.0
-52.125	0.0	0.0
-52.0	0.0	0.0
-51.875	0.0	0.0
-51.75	0.0	0.0
-51.625	0.0	0.0
-51.5	0.0	0.0
-51.375	0.0	0.0
-51.25	0.0	0.0
-51.125	0.0	0.0
-51.0	0.0	0.0
-50.875	0.0	0.0
-50.75	0.0	0.0
-50.625	0.0	0.0
-50.5	0.0	0.0
-50.375	0.0	0.0
-50.25	0.0	0.0
-50.125	0.0	0.0
-50.0	0.0	0.0
-49.875	0.0	0.0
-49.75	0.0	0.0
-49.625	0.0	0.0
-49.5	0.0	0.0
-49.375	0.0	0.0
-49.25	0.0	0.0
-49.125	0.0	0.0
-49.0	0.0	0.0
-48.875	0.0	0.0
-48.75	0.0	0.0
-48.625	0.0	0.0
-48.5	0.0	0.0
-48.375	0.0	0.0
-48.25	0.0	0.0
-48.125	0.0	0.0
-48.0	0.0	0.0
-47.875	0.0	0.0
-47.75	0.0	0.0
-47.625	0.0	0.0
-47.5	0.0	0.0
-47.375	0.0	0.0
-47.25	0.0	0.0
-47.125	0.0	0.0
-47.0	0.0	0.0
-46.875	0.0	0.0
-46.75	0.0	0.0
-46.625	0.0	0.0
-46.5	0.0	0.0
-46.375	0.0	0.0
-46.25	0.0	0.0
-46.125	0.0	0.0
-46.0	0.0	0.0
-45.875	0.0	0.0
-45.75	0.0	0.0
-45.625	0.0	0.0
-45.5	0.0	0.0
-45.375	0.0	0.0
-45.25	0.0	0.0
-45.125	0.0	0.0
-45.0	0.0	0.0
-44.875	0.0	0.0
-44.75	0.0	0.0
-44.625	0.0	0.0
-44.5	0.0	0.0
-44.375	0.0	0.0
-44.25	0.0	0.0
-44.125	0.0	0.0
-44.0	0.0	0.0
-43.875	0.0	0.0
-43.75	0.0	0.0
-43.625	0.0	0.0
-43.5	0.0	0.0
-43.375	0.0	0.0
-43.25	0.0	0.0
-43.125	0.0	0.0
-43.0	0.0	0.0
-42.875	0.0	0.0
-42.75	0.0	0.0
-42.625	0.0	0.0
-42.5	0.0	0.0
-42.375	0.0	0.0
-42.25	0.0	0.0
-42.125	0.0	0.0
-42.0	0.0	0.0
-41.875	0.0	0.0
-41.75	0.0	0.0
-41.625	0.0	0.0
-41.5	0.0	0.0
-41.375	0.0	0.0
-41.25	0.0	0.0
-41.125	0.0	0.0
-41.0	0.0	0.0
-40.875	0.0	0.0
-40.75	0.0	0.0
-40.625	0.0	0.0
-40.5	0.0	0.0
-40.375	0.0	0.0
-40.25	0.0	0.0
-40.125	0.0	0.0
-40.0	0.0	0.0
-39.875	0.0	0.0
-39.75	0.0	0.0
-39.625	0.0	0.0
-39.5	0.0	0.0
-39.375	0.0	0.0
-39.25	0.0	0.0
-39.125	0.0	0.0
-39.0	0.0	0.0
-38.875	0.0	0.0
-38.75	0.0	0.0
-38.625	0.0	0.0
-38.5	0.0	0.0
-38.375	0.0	0.0
-38.25	0.0	0.0
-38.125	0.0	0.0
-38.0	0.0	0.0
-37.875	0.0	0.0
-37.75	0.0	0.0
-37.625	0.0	0.0
-37.5	0.0	0.0
-37.375	0.0	0.0
-37.25	0.0	0.0
-37.125	0.0	0.0
-37.0	0.0	0.0
-36.875	0.0	0.0
-36.75	0.0	0.0
-36.625	0.0	0.0
-36.5	0.0	0.0
-36.375	0.0	0.0
-36.25	0.0	0.0
-36.125	0.0	0.0
-36.0	0.0	0.0
-35.875	0.0	0.0
-35.75	0.0	0.0
-35.625	0.0	0.0
-35.5	0.0	0.0
-35.375	0.0	0.0
-35.25	0.0	0.0
-35.125	0.0	0.0
-35.0	0.0	0.0
-34.875	0.0	0.0
-34.75	0.0	0.0
-34.625	0.0	0.0
-34.5	0.0	0.0
-34.375	0.0	0.0
-34.25	0.0	0.0
-34.125	0.0	0.0
-34.0	0.0	0.0
-33.875	0.0	0.0
-33.75	0.0	0.0
-33.625	0.0	0.0
-33.5	0.0	0.0
-33.375	0.0	0.0
-33.25	0.0	0.0
-33.125	0.0	0.0
-33.0	0.0	0.0
-32.875	0.0	0.0
-32.75	0.0	0.0
-32.625	0.0	0.0
-32.5	0.0	0.0
-32.375	0.0	0.0
-32.25	0.0	0.0
-32.125	0.0	0.0
-32.0	0.0	0.0
-31.875	0.0	0.0
-31.75	0.0	0.0
-31.625	0.0	0.0
-31.5	0.0	0.0
-31.375	0.0	0.0
-31.25	0.0	0.0
-31.125	0.0	0.0
-31.0	0.0	0.0
-30.875	0.0	0.0
-30.75	0.0	0.0
-30.625	0.0	0.0
-30.5	0.0	0.0
-30.375	0.0	0.0
-30.25	0.0	0.0
-30.125	0.0	0.0
-30.0	0.0	0.0
-29.875	0.0	0.0
-29.75	0.0	0.0
-29.625	0.0	0.0
-29.5	0.0	0.0
-29.375	0.0	0.0
-29.25	0.0	0.0
-29.125	0.0	0.0
-29.0	0.0	0.0
-28.875	0.0	0.0
-28.75	0.0	0.0
-28.625	0.0	0.0
-28.5	0.0	0.0
-28.375	0.0	0.0
-28.25	0.0	0.0
-28.125	0.0	0.0
-28.0	0.0	0.0
-27.875	0.0	0.0
-27.75	0.0	0.0
-27.625	0.0	0.0
-27.5	0.0	0.0
-27.375	0.0	0.0
-27.25	0.0	0.0
-27.125	0.0	0.0
-27.0	0.0	0.0
-26.875	0.0	0.0
-26.75	0.0	0.0
-26.625	0.0	0.0
-26.5	0.0	0.0
-26.375	0.0	0.0
-26.25	0.0	0.0
-26.125	0.0	0.0
-26.0	0.0	0.0
-25.875	0.0	0.0
-25.75	0.0	0.0
-25.625	0.0	0.0
-25.5	0.0	0.0
-25.375	0.0	0.0
-25.25	0.0	0.0
-25.125	0.0	0.0
-25.0	0.0	0.0
-24.875	0.0	0.0
-24.75	0.0	0.0
-24.625	0.0	0.0
-24.5	0.0	0.0
-24.375	0.0	0.0
-24.25	0.0	0.0
-24.125	0.0	0.0
-24.0	0.0	0.0
-23.875	0.0	0.0
-23.75	0.0	0.0
-23.625	0.0	0.0
-23.5	0.0	0.0
-23.375	0.0	0.0
-23.25	0.0	0.0
-23.125	0.0	0.0
-23.0	0.0	0.0
-22.875	0.0	0.0
-22.75	0.0	0.0
-22.625	0.0	0.0
-22.5	0.0	0.0
-22.375	0.0	0.0
-22.25	0.0	0.0
-22.125	0.0	0.0
-22.0	0.0	0.0
-21.875	0.0	0.0
-21.75	0.0	0.0
-21.625	0.0	0.0
-21.5	0.0	0.0
-21.375	0.0	0.0
-21.25	0.0	0.0
-21.125	0.0	0.0
-21.0	0.0	0.0
-20.875	0.0	0.0
-20.75	0.0	0.0
-20.625	0.0	0.0
-20.5	0.0	0.0
-20.375	0.0	0.0
-20.25	0.0	0.0
-20.125	0.0	0.0
-20.0	0.0	0.0
-19.875	0.0	0.0
-19.75	0.0	0.0
-19.625	0.0	0.0
-19.5	0.0	0.0
-19.375	0.0	0.0
-19.25	0.0	0.0
-19.125	0.0	0.0
-19.0	0.0	0.0
-18.875	0.0	0.0
-18.75	0.0	0.0
-18.625	0.0	0.0
-18.5	0.0	0.0
-18.375	0.0	0.0
-18.25	0.0	0.0
-18.125	0.0	0.0
-18.0	0.0	0.0
-17.875	0.0	0.0
-17.75	0.0	0.0
-17.625	0.0	0.0
-17.5	0.0	0.0
-17.375	0.0	0.0
-17.25	0.0	0.0
-17.125	0.0	0.0
-17.0	0.0	0.0
-16.875	0.0	0.0
-16.75	0.0	0.0
-16.625	0.0	0.0
-16.5	0.0	0.0
-16.375	0.0	0.0
-16.25	0.0	0.0
-16.125	0.0	0.0
-16.0	0.0	0.0
-15.875	0.0	0.0
-15.75	0.0	0.0
-15.625	0.0	0.0
-15.5	0.0	0.0
-15.375	0.0	0.0
-15.25	0.0	0.0
-15.125	0.0	0.0
-15.0	0.0	0.0
-14.875	0.0	0.0
-14.75	0.0	0.0
-14.625	0.0	0.0
-14.5	0.0	0.0
-14.375	0.0	0.0
-14.25	0.0	0.0
-14.125	0.0	0.0
-14.0	0.0	0.0
-13.875	0.0	0.0
-13.75	0.0	0.0
-13.625	0.0	0.0
-13.5	0.0	0.0
-13.375	0.0	0.0
-13.25	0.0	0.0
-13.125	0.0	0.0
-13.0	0.0	0.0
-12.875	0.0	0.0
-12.75	0.0	0.0
-12.625	0.0	0.0
-12.5	0.0	0.0
-12.375	0.0	0.0
-12.25	0.0	0.0
-12.125	0.0	0.0
-12.0	0.0	0.0
-11.875	0.0	0.0
-11.75	0.0	0.0
-11.625	0.0	0.0
-11.5	0.0	0.0
-11.375	0.0	0.0
-11.25	0.0	0.0
-11.125	0.0	0.0
-11.0	0.0	0.0
-10.875	0.0	0.0
-10.75	0.0	0.0
-10.625	0.0	0.0
-10.5	0.0	0.0
-10.375	0.0	0.0
-10.25	0.0	0.0
-10.125	0.0	0.0
-10.0	0.0	0.0
-9.875	0.0	0.0
-9.75	0.0	0.0
-9.625	0.0	0.0
-9.5	0.0	0.0
-9.375	0.0	0.0
-9.25	0.0	0.0
-9.125	0.0	0.0
-9.0	0.0	0.0
-8.875	0.0	0.0
-8.75	0.0	0.0
-8.625	0.0	0.0
-8.5	0.0	0.0
-8.375	0.0	0.0
-8.25	0.0	0.0
-8.125	0.0	0.0
-8.0	0.0	0.0
-7.875	0.0	0.0
-7.75	0.0	0.0
-7.625	0.0	0.0
-7.5	0.0	0.0
-7.375	0.0	0.0
-7.25	0.0	0.0
-7.125	0.0	0.0
-7.0	0.0	0.0
-6.875	0.0	0.0
-6.75	0.0	0.0
-6.625	0.0	0.0
-6.5	0.0	0.0
-6.375	0.0	0.0
-6.25	0.0	0.0
-6.125	0.0	0.0
-6.0	0.0	0.0
-5.875	0.0	0.0
-5.75	0.0	0.0
-5.625	0.0	0.0
-5.5	0.0	0.0
-5.375	0.0	0.0
-5.25	0.0	0.0
-5.125	0.0	0.0
-5.0	0.0	0.0
-4.875	0.0	0.0
-4.75	0.0	0.0
-4.625	0.0	0.0
-4.5	0.0	0.0
-4.375	0.0	0.0
-4.25	0.0	0.0
-4.125	0.0	0.0
-4.0	0.0	0.0
-3.875	0.0	0.0
-3.75	0.0	0.0
-3.625	0.0	0.0
-3.5	0.0	0.0
-3.375	0.0	0.0
-3.25	0.0	0.0
-3.125	0.0	0.0
-3.0	0.0	0.0
-2.875	0.0	0.0
-2.75	0.0	0.0
-2.625	0.0	0.0
-2.5	0.0	0.0
-2.375	0.0	0.0
-2.25	0.0	0.0
-2.125	0.0	0.0
-2.0	0.0	0.0
-1.875	0.0	0.0
-1.75	0.0	0.0
-1.625	0.0	0.0
-1.5	0.0	0.0
-1.375	0.0	0.0
-1.25	0.0	0.0
-1.125	0.0	0.0
-1.0	0.0	0.0
-0.875	0.0	0.0
-0.75	0.0	0.0
-0.625	0.0	0.0
-0.5	0.0	0.0
-0.375	0.0	0.0
-0.25	0.0	0.0
-0.125	0.0	0.0
0.0	0.0	0.0
0.125	0.0	0.0
0.25	0.0	0.0
0.375	0.0	0.0
0.5	0.0	0.0
0.625	0.0	0.0
0.75	0.0	0.0
0.875	0.0	0.0
1.0	0.0	0.0
1.125	0.0	0.0
1.25	0.0	0.0
1.375	0.0	0.0
1.5	0.0	0.0
1.625	0.0	0.0
1.75	0.0	0.0
1.875	0.0	0.0
2.0	0.0	0.0
2.125	0.0	0.0
2.25	0.0	0.0
2.375	0.0	0.0
2.5	0.0	0.0
2.625	0.0	0.0
2.75	0.0	0.0
2.875	0.0	0.0
3.0	0.0	0.0
3.125	0.0	0.0
3.25	0.0	0.0
3.375	0.0	0.0
3.5	0.0	0.0
3.625	0.0	0.0
3.75	0.0	0.0
3.875	0.0	0.0
4.0	0.0	0.0
4.125	0.0	0.0
4.25	0.0	0.0
4.375	0.0	0.0
4.5	0.0	0.0
4.625	0.0	0.0
4.75	0.0	0.0
4.875	0.0	0.0
5.0	0.0	0.0
5.125	0.0	0.0
5.25	0.0	0.0
5.375	0.0	0.0
5.5	0.0	0.0
5.625	0.0	0.0
5.75	0.0	0.0
5.875	0.0	0.0
6.0	0.0	0.0
6.125	0.0	0.0
6.25	0.0	0.0
6.375	0.0	0.0
6.5	0.0	0.0
6.625	0.0	0.0
6.75	0.0	0.0
6.875	0.0	0.0
7.0	0.0	0.0
7.125	0.0	0.0
7.25	0.0	0.0
7.375	0.0	0.0
7.5	0.0	0.0
7.625	0.0	0.0
7.75	0.0	0.0
7.875	0.0	0.0
8.0	0.0	0.0
8.125	0.0	0.0
8.25	0.0	0.0
8.375	0.0	0.0
8.5	0.0	0.0
8.625	0.0	0.0
8.75	0.0	0.0
8.875	0.0	0.0
9.0	0.0	0.0
9.125	0.0	0.0
9.25	0.0	0.0
9.375	0.0	0.0
9.5	0.0	0.0
9.625	0.0	0.0
9.75	0.0	0.0
9.875	0.0	0.0
10.0	0.0	0.0
10.125	0.0	0.0
10.25	0.0	0.0
10.375	0.0	0.0
10.5	0.0	0.0
10.625	0.0	0.0
10.75	0.0	0.0
10.875	0.0	0.0
11.0	0.0	0.0
11.125	0.0	0.0
11.25	0.0	0.0
11.375	0.0	0.0
11.5	0.0	0.0
11.625	0.0	0.0
11.75	0.0	0.0
11.875	0.0	0.0
12.0	0.0	0.0
12.125	0.0	0.0
12.25	0.0	0.0
12.375	0.0	0.0
12.5	0.0	0.0
12.625	0.0	0.0
12.75	0.0	0.0
12.875	0.0	0.0
13.0	0.0	0.0
13.125	0.0	0.0
13.25	0.0	0.0
13.375	0.0	0.0
13.5	0.0	0.0
13.625	0.0	0.0
13.75	0.0	0.0
13.875	0.0	0.0
14.0	0.0	0.0
14.125	0.0	0.0
14.25	0.0	0.0
14.375	0.0	0.0
14.5	0.0	0.0
14.625	0.0	0.0
14.75	0.0	0.0
14.875	0.0	0.0
15.0	0.0	0.0
15.125	0.0	0.0
15.25	0.0	0.0
15.375	0.0	0.0
15.5	0.0	0.0
15.625	0.0	0.0
15.75	0.0	0.0
15.875	0.0	0.0
16.0	0.0	0.0
16.125	0.0	0.0
16.25	0.0	0.0
16.375	0.0	0.0
16.5	0.0	0.0
16.625	0.0	0.0
16.75	0.0	0.0
16.875	0.0	0.0
17.0	0.0	0.0
17.125	0.0	0.0
17.25	0.0	0.0
17.375	0.0	0.0
17.5	0.0	0.0
17.625	0.0	0.0
17.75	0.0	0.0
17.875	0.0	0.0
18.0	0.0	0.0
18.125	0.0	0.0
18.25	0.0	0.0
18.375	0.0	0.0
18.5	0.0	0.0
18.625	0.0	0.0
18.75	0.0	0.0
18.875	0.0	0.0
19.0	0.0	0.0
19.125	0.0	0.0
19.25	0.0	0.0
19.375	0.0	0.0
19.5	0.0	0.0
19.625	0.0	0.0
19.75	0.0	0.0
19.875	0.0	0.0
20.0	0.0	0.0
20.125	0.0	0.0
20.25	0.0	0.0
20.375	0.0	0.0
20.5	0.0	0.0
20.625	0.0	0.0
20.75	0.0	0.0
20.875	0.0	0.0
21.0	0.0	0.0
21.125	0.0	0.0
21.25	0.0	0.0
21.375	0.0	0.0
21.5	0.0	0.0
21.625	0.0	0.0
21.75	0.0	0.0
21.875	0.0	0.0
22.0	0.0	0.0
22.125	0.0	0.0
22.25	0.0	0.0
22.375	0.0	0.0
22.5	0.0	0.0
22.625	0.0	0.0
22.75	0.0	0.0
22.875	0.0	0.0
23.0	0.0	0.0
23.125	0.0	0.0
23.25	0.0	0.0
23.375	0.0	0.0
23.5	0.0	0.0
23.625	0.0	0.0
23.75	0.0	0.0
23.875	0.0	0.0
24.0	0.0	0.0
24.125	0.0	0.0
24.25	0.0	0.0
24.375	0.0	0.0
24.5	0.0	0.0
24.625	0.0	0.0
24.75	0.0	0.0
24.875	0.0	0.0
25.0	0.0	0.0
25.125	0.0	0.0
25.25	0.0	0.0
25.375	0.0	0.0
25.5	0.0	0.0
25.625	0.0	0.0
25.75	0.0	0.0
25.875	0.0	0.0
26.0	0.0	0.0
26.125	0.0	0.0
26.25	0.0	0.0
26.375	0.0	0.0
26.5	0.0	0.0
26.625	0.0	0.0
26.75	0.0	0.0
26.875	0.0	0.0
27.0	0.0	0.0
27.125	0.0	0.0
27.25	0.0	0.0
27.375	0.0	0.0
27.5	0.0	0.0
27.625	0.0	0.0
27.75	0.0	0.0
27.875	0.0	0.0
28.0	0.0	0.0
28.125	0.0	0.0
28.25	0.0	0.0
28.375	0.0	0.0
28.5	0.0	0.0
28.625	0.0	0.0
28.75	0.0	0.0
28.875	0.0	0.0
29.0	0.0	0.0
29.125	0.0	0.0
29.25	0.0	0.0
29.375	0.0	0.0
29.5	0.0	0.0
29.625	0.0	0.0
29.75	0.0	0.0
29.875	0.0	0.0
30.0	0.0	0.0
30.125	0.0	0.0
30.25	0.0	0.0
30.375	0.0	0.0
30.5	0.0	0.0
30.625	0.0	0.0
30.75	0.0	0.0
30.875	0.0	0.0
31.0	0.0	0.0
31.125	0.0	0.0
31.25	0.0	0.0
31.375	0.0	0.0
31.5	0.0	0.0
31.625	0.0	0.0
31.75	0.0	0.0
31.875	0.0	0.0
32.0	0.0	0.0
32.125	0.0	0.0
32.25	0.0	0.0
32.375	0.0	0.0
32.5	0.0	0.0
32.625	0.0	0.0
32.75	0.0	0.0
32.875	0.0	0.0
33.0	0.0	0.0
33.125	0.0	0.0
33.25	0.0	0.0
33.375	0.0	0.0
33.5	0.0	0.0
33.625	0.0	0.0
33.75	0.0	0.0
33.875	0.0	0.0
34.0	0.0	0.0
34.125	0.0	0.0
34.25	0.0	0.0
34.375	0.0	0.0
34.5	0.0	0.0
34.625	0.0	0.0
34.75	0.0	0.0
34.875	0.0	0.0
35.0	0.0	0.0
35.125	0.0	0.0
35.25	0.0	0.0
35.375	0.0	0.0
35.5	0.0	0.0
35.625	0.0	0.0
35.75	0.0	0.0
35.875	0.0	0.0
36.0	0.0	0.0
36.125	0.0	0.0
36.25	0.0	0.0
36.375	0.0	0.0
36.5	0.0	0.0
36.625	0.0	0.0
36.75	0.0	0.0
36.875	0.0	0.0
37.0	0.0	0.0
37.125	0.0	0.0
37.25	0.0	0.0
37.375	0.0	0.0
37.5	0.0	0.0
37.625	0.0	0.0
37.75	0.0	0.0
37.875	0.0	0.0
38.0	0.0	0.0
38.125	0.0	0.0
38.25	0.0	0.0
38.375	0.0	0.0
38.5	0.0	0.0
38.625	0.0	0.0
38.75	0.0	0.0
38.875	0.0	0.0
39.0	0.0	0.0
39.125	0.0	0.0
39.25	0.0	0.0
39.375	0.0	0.0
39.5	0.0	0.0
39.625	0.0	0.0
39.75	0.0	0.0
39.875	0.0	0.0
40.0	0.0	0.0
40.125	0.0	0.0
40.25	0.0	0.0
40.375	0.0	0.0
40.5	0.0	0.0
40.625	0.0	0.0
40.75	0.0	0.0
40.875	0.0	0.0
41.0	0.0	0.0
41.125	0.0	0.0
41.25	0.0	0.0
41.375	0.0	0.0
41.5	0.0	0.0
41.625	0.0	0.0
41.75	0.0	0.0
41.875	0.0	0.0
42.0	0.0	0.0
42.125	0.0	0.0
42.25	0.0	0.0
42.375	0.0	0.0
42.5	0.0	0.0
42.625	0.0	0.0
42.75	0.0	0.0
42.875	0.0	0.0
43.0	0.0	0.0
43.125	0.0	0.0
43.25	0.0	0.0
43.375	0.0	0.0
43.5	0.0	0.0
43.625	0.0	0.0
43.75	0.0	0.0
43.875	0.0	0.0
44.0	0.0	0.0
44.125	0.0	0.0
44.25	0.0	0.0
44.375	0.0	0.0
44.5	0.0	0.0
44.625	0.0	0.0
44.75	0.0	0.0
44.875	0.0	0.0
45.0	0.0	0.0
45.125	0.0	0.0
45.25	0.0	0.0
45.375	0.0	0.0
45.5	0.0	0.0
45.625	0.0	0.0
45.75	0.0	0.0
45.875	0.0	0.0
46.0	0.0	0.0
46.125	0.0	0.0
46.25	0.0	0.0
46.375	0.0	0.0
46.5	0.0	0.0
46.625	0.0	0.0
46.75	0.0	0.0
46.875	0.0	0.0
47.0	0.0	0.0
47.125	0.0	0.0
47.25	0.0	0.0
47.375	0.0	0.0
47.5	0.0	0.0
47.625	0.0	0.0
47.75	0.0	0.0
47.875	0.0	0.0
48.0	0.0	0.0
48.125	0.0	0.0
48.25	0.0	0.0
48.375	0.0	0.0
48.5	0.0	0.0
48.625	0.0	0.0
48.75	0.0	0.0
48.875	0.0	0.0
49.0	0.0	0.0
49.125	0.0	0.0
49.25	0.0	0.0
49.375	0.0	0.0
49.5	0.0	0.0
49.625	0.0	0.0
49.75	0.0	0.0
49.875	0.0	0.0
50.0	0.0	0.0
50.125	0.0	0.0
50.25	0.0	0.0
50.375	0.0	0.0
50.5	0.0	0.0
50.625	0.0	0.0
50.75	0.0	0.0
50.875	0.0	0.0
51.0	0.0	0.0
51.125	0.0	0.0
51.25	0.0	0.0
51.375	0.0	0.0
51.5	0.0	0.0
51.625	0.0	0.0
51.75	0.0	0.0
51.875	0.0	0.0
52.0	0.0	0.0
52.125	0.0	0.0
52.25	0.0	0.0
52.375	0.0	0.0
52.5	0.0	0.0
52.625	0.0	0.0
52.75	0.0	0.0
52.875	0.0	0.0
53.0	0.0	0.0
53.125	0.0	0.0
53.25	0.0	0.0
53.375	0.0	0.0
53.5	0.0	0.0
53.625	0.0	0.0
53.75	0.0	0.0
53.875	0.0	0.0
54.0	0.0	0.0
54.125	0.0	0.0
54.25	0.0	0.0
54.375	0.0	0.0
54.5	0.0	0.0
54.625	0.0	0.0
54.75	0.0	0.0
54.875	0.0	0.0
55.0	0.0	0.0
55.125	0.0	0.0
55.25	0.0	0.0
55.375	0.0	0.0
55.5	0.0	0.0
55.625	0.0	0.0
55.75	0.0	0.0
55.875	0.0	0.0
56.0	0.0	0.0
56.125	0.0	0.0
56.25	0.0	0.0
56.375	0.0	0.0
56.5	0.0	0.0
56.625	0.0	0.0
56.75	0.0	0.0
56.875	0.0	0.0
57.0	0.0	0.0
57.125	0.0	0.0
57.25	0.0	0.0
57.375	0.0	0.0
57.5	0.0	0.0
57.625	0.0	0.0
57.75	0.0	0.0
57.875	0.0	0.0
58.0	0.0	0.0
58.125	0.0	0.0
58.25	0.0	0.0
58.375	0.0	0.0
58.5	0.0	0.0
58.625	0.0	0.0
58.75	0.0	0.0
58.875	0.0	0.0
59.0	0.0	0.0
59.125	0.0	0.0
59.25	0.0	0.0
59.375	0.0	0.0
59.5	0.0	0.0
59.625	0.0	0.0
59.75	0.0	0.0
59.875	0.0	0.0
60.0	0.0	0.0
60.125	0.0	0.0
60.25	0.0	0.0
60.375	0.0	0.0
60.5	0.0	0.0
60.625	0.0	0.0
60.75	0.0	0.0
60.875	0.0	0.0
61.0	0.0	0.0
61.125	0.0	0.0
61.25	0.0	0.0
61.375	0.0	0.0
61.5	0.0	0.0
61.625	0.0	0.0
61.75	0.0	0.0
61.875	0.0	0.0
62.0	0.0	0.0
62.125	0.0	0.0
62.25	0.0	0.0
62.375	0.0	0.0
62.5	0.0	0.0
62.625	0.0	0.0
62.75	0.0	0.0
62.875	0.0	0.0
63.0	0.0	0.0
63.125	0.0	0.0
63.25	0.0	0.0
63.375	0.0	0.0
63.5	0.0	0.0
63.625	0.0	0.0
63.75	0.0	0.0
63.875	0.0	0.0
64.0	0.0	0.0
64.125	0.0	0.0
64.25	0.0	0.0
64.375	0.0	0.0
64.5	0.0	0.0
64.625	0.0	0.0
64.75	0.0	0.0
64.875	0.0	0.0
65.0	0.0	0.0
65.125	0.0	0.0
65.25	0.0	0.0
65.375	0.0	0.0
65.5	0.0	0.0
65.625	0.0	0.0
65.75	0.0	0.0
65.875	0.0	0.0
66.0	0.0	0.0
66.125	0.0	0.0
66.25	0.0	0.0
66.375	0.0	0.0
66.5	0.0	0.0
66.625	0.0	0.0
66.75	0.0	0.0
66.875	0.0	0.0
67.0	0.0	0.0
67.125	0.0	0.0
67.25	0.0	0.0
67.375	0.0	0.0
67.5	0.0	0.0
67.625	0.0	0.0
67.75	0.0	0.0
67.875	0.0	0.0
68.0	0.0	0.0
68.125	0.0	0.0
68.25	0.0	0.0
68.375	0.0	0.0
68.5	0.0	0.0
68.625	0.0	0.0
68.75	0.0	0.0
68.875	0.0	0.0
69.0	0.0	0.0
69.125	0.0	0.0
69.25	0.0	0.0
69.375	0.0	0.0
69.5	0.0	0.0
69.625	0.0	0.0
69.75	0.0	0.0
69.875	0.0	0.0
70.0	0.0	0.0
70.125	0.0	0.0
70.25	0.0	0.0
70.375	0.0	0.0
70.5	0.0	0.0
70.625	0.0	0.0
70.75	0.0	0.0
70.875	0.0	0.0
71.0	0.0	0.0
71.125	0.0	0.0
71.25	0.0	0.0
71.375	0.0	0.0
71.5	0.0	0.0
71.625	0.0	0.0
71.75	0.0	0.0
71.875	0.0	0.0
72.0	0.0	0.0
72.125	0.0	0.0
72.25	0.0	0.0
72.375	0.0	0.0
72.5	0.0	0.0
72.625	0.0	0.0
72.75	0.0	0.0
72.875	0.0	0.0
73.0	0.0	0.0
73.125	0.0	0.0
73.25	0.0	0.0
73.375	0.0	0.0
73.5	0.0	0.0
73.625	0.0	0.0
73.75	0.0	0.0
73.875	0.0	0.0
74.0	0.0	0.0
74.125	0.0	0.0
74.25	0.0	0.0
74.375	0.0	0.0
74.5	0.0	0.0
74.625	0.0	0.0
74.75	0.0	0.0
74.875	0.0	0.0
75.0	0.0	0.0
75.125	0.0	0.0
75.25	0.0	0.0
75.375	0.0	0.0
75.5	0.0	0.0
75.625	0.0	0.0
75.75	0.0	0.0
75.875	0.0	0.0
76.0	0.0	0.0
76.125	0.0	0.0
76.25	0.0	0.0
76.375	0.0	0.0
76.5	0.0	0.0
76.625	0.0	0.0
76.75	0.0	0.0
76.875	0.0	0.0
77.0	0.0	0.0
77.125	0.0	0.0
77.25	0.0	0.0
77.375	0.0	0.0
77.5	0.0	0.0
77.625	0.0	0.0
77.75	0.0	0.0
77.875	0.0	0.0
78.0	0.0	0.0
78.125	0.0	0.0
78.25	0.0	0.0
78.375	0.0	0.0
78.5	0.0	0.0
78.625	0.0	0.0
78.75	0.0	0.0
78.875	0.0	0.0
79.0	0.0	0.0
79.125	0.0	0.0
79.25	0.0	0.0
79.375	0.0	0.0
79.5	0.0	0.0
79.625	0.0	0.0
79.75	0.0	0.0
79.875	0.0	0.0
80.0	0.0	0.0
80.125	0.0	0.0
80.25	0.0	0.0
80.375	0.0	0.0
80.5	0.0	0.0
80.625	0.0	0.0
80.75	0.0	0.0
80.875	0.0	0.0
81.0	0.0	0.0
81.125	0.0	0.0
81.25	0.0	0.0
81.375	0.0	0.0
81.5	0.0	0.0
81.625	0.0	0.0
81.75	0.0	0.0
81.875	0.0	0.0
82.0	0.0	0.0
82.125	0.0	0.0
82.25	0.0	0.0
82.375	0.0	0.0
82.5	0.0	0.0
82.625	0.0	0.0
82.75	0.0	0.0
82.875	0.0	0.0
83.0	0.0	0.0
83.125	0.0	0.0
83.25	0.0	0.0
83.375	0.0	0.0
83.5	0.0	0.0
83.625	0.0	0.0
83.75	0.0	0.0
83.875	0.0	0.0
84.0	0.0	0.0
84.125	0.0	0.0
84.25	0.0	0.0
84.375	0.0	0.0
84.5	0.0	0.0
84.625	0.0	0.0
84.75	0.0	0.0
84.875	0.0	0.0
85.0	0.0	0.0
85.125	0.0	0.0
85.25	0.0	0.0
85.375	0.0	0.0
85.5	0.0	0.0
85.625	0.0	0.0
85.75	0.0	0.0
85.875	0.0	0.0
86.0	0.0	0.0
86.125	0.0	0.0
86.25	0.0	0.0
86.375	0.0	0.0
86.5	0.0	0.0
86.625	0.0	0.0
86.75	0.0	0.0
86.875	0.0	0.0
87.0	0.0	0.0
87.125	0.0	0.0
87.25	0.0	0.0
87.375	0.0	0.0
87.5	0.0	0.0
87.625	0.0	0.0
87.75	0.0	0.0
87.875	0.0	0.0
88.0	0.0	0.0
88.125	0.0	0.0
88.25	0.0	0.0
88.375	0.0	0.0
88.5	0.0	0.0
88.625	0.0	0.0
88.75	0.0	0.0
88.875	0.0	0.0
89.0	0.0	0.0
89.125	0.0	0.0
89.25	0.0	0.0
89.375	0.0	0.0
89.5	0.0	0.0
89.625	0.0	0.0
89.75	0.0	0.0
89.875	0.0	0.0
90.0	0.0	0.0
90.125	0.0	0.0
90.25	0.0	0.0
90.375	0.0	0.0
90.5	0.0	0.0
90.625	0.0	0.0
90.75	0.0	0.0
90.875	0.0	0.0
91.0	0.0	0.0
91.125	0.0	0.0
91.25	0.0	0.0
91.375	0.0	0.0
91.5	0.0	0.0
91.625	0.0	0.0
91.75	0.0	0.0
91.875	0.0	0.0
92.0	0.0	0.0
92.125	0.0	0.0
92.25	0.0	0.0
92.375	0.0	0.0
92.5	0.0	0.0
92.625	0.0	0.0
92.75	0.0	0.0
92.875	0.0	0.0
93.0	0.0	0.0
93.125	0.0	0.0
93.25	0.0	0.0
93.375	0.0	0.0
93.5	0.0	0.0
93.625	0.0	0.0
93.75	0.0	0.0
93.875	0.0	0.0
94.0	0.0	0.0
94.125	0.0	0.0
94.25	0.0	0.0
94.375	0.0	0.0
94.5	0.0	0.0
94.625	0.0	0.0
94.75	0.0	0.0
94.875	0.0	0.0
95.0	0.0	0.0
95.125	0.0	0.0
95.25	0.0	0.0
95.375	0.0	0.0
95.5	0.0	0.0
95.625	0.0	0.0
95.75	0.0	0.0
95.875	0.0	0.0
96.0	0.0	0.0
96.125	0.0	0.0
96.25	0.0	0.0
96.375	0.0	0.0
96.5	0.0	0.0
96.625	0.0	0.0
96.75	0.0	0.0
96.875	0.0	0.0
97.0	0.0	0.0
97.125	0.0	0.0
97.25	0.0	0.0
97.375	0.0	0.0
97.5	0.0	0.0
97.625	0.0	0.0
97.75	0.0	0.0
97.875	0.0	0.0
98.0	0.0	0.0
98.125	0.0	0.0
98.25	0.0	0.0
98.375	0.0	0.0
98.5	0.0	0.0
98.625	0.0	0.0
98.75	0.0	0.0
98.875	0.0	0.0
99.0	0.0	0.0
99.125	0.0	0.0
99.25	0.0	0.0
99.375	0.0	0.0
99.5	0.0	0.0
99.625	0.0	0.0
99.75	0.0	0.0
99.875	0.0	0.0
100.0	0.0	0.0
100.125	0.0	0.0
100.25	0.0	0.0
100.375	0.0	0.0
100.5	0.0	0.0
100.625	0.0	0.0
100.75	0.0	0.0
100.875	0.0	0.0
101.0	0.0	0.0
101.125	0.0	0.0
101.25	0.0	0.0
101.375	0.0	0.0
101.5	0.0	0.0
101.625	0.0	0.0
101.75	0.0	0.0
101.875	0.0	0.0
102.0	0.0	0.0
102.125	0.0	0.0
102.25	0.0	0.0
102.375	0.0	0.0
102.5	0.0	0.0
102.625	0.0	0.0
102.75	0.0	0.0
102.875	0.0	0.0
103.0	0.0	0.0
103.125	0.0	0.0
103.25	0.0	0.0
103.375	0.0	0.0
103.5	0.0	0.0
103.625	0.0	0.0
103.75	0.0	0.0
103.875	0.0	0.0
104.0	0.0	0.0
104.125	0.0	0.0
104.25	0.0	0.0
104.375	0.0	0.0
104.5	0.0	0.0
104.625	0.0	0.0
104.75	0.0	0.0
104.875	0.0	0.0
105.0	0.0	0.0
105.125	0.0	0.0
105.25	0.0	0.0
105.375	0.0	0.0
105.5	0.0	0.0
105.625	0.0	0.0
105.75	0.0	0.0
105.875	0.0	0.0
106.0	0.0	0.0
106.125	0.0	0.0
106.25	0.0	0.0
106.375	0.0	0.0
106.5	0.0	0.0
106.625	0.0	0.0
106.75	0.0	0.0
106.875	0.0	0.0
107.0	0.0	0.0
107.125	0.0	0.0
107.25	0.0	0.0
107.375	0.0	0.0
107.5	0.0	0.0
107.625	0.0	0.0
107.75	0.0	0.0
107.875	0.0	0.0
108.0	0.0	0.0
108.125	0.0	0.0
108.25	0.0	0.0
108.375	0.0	0.0
108.5	0.0	0.0
108.625	0.0	0.0
108.75	0.0	0.0
108.875	0.0	0.0
109.0	0.0	0.0
109.125	0.0	0.0
109.25	0.0	0.0
109.375	0.0	0.0
109.5	0.0	0.0
109.625	0.0	0.0
109.75	0.0	0.0
109.875	0.0	0.0
110.0	0.0	0.0
110.125	0.0	0.0
110.25	0.0	0.0
110.375	0.0	0.0
110.5	0.0	0.0
110.625	0.0	0.0
110.75	0.0	0.0
110.875	0.0	0.0
111.0	0.0	0.0
111.125	0.0	0.0
111.25	0.0	0.0
111.375	0.0	0.0
111.5	0.0	0.0
111.625	0.0	0.0
111.75	0.0	0.0
111.875	0.0	0.0
112.0	0.0	0.0
112.125	0.0	0.0
112.25	0.0	0.0
112.375	0.0	0.0
112.5	0.0	0.0
112.625	0.0	0.0
112.75	0.0	0.0
112.875	0.0	0.0
113.0	0.0	0.0
113.125	0.0	0.0
113.25	0.0	0.0
113.375	0.0	0.0
113.5	0.0	0.0
113.625	0.0	0.0
113.75	0.0	0.0
113.875	0.0	0.0
114.0	0.0	0.0
114.125	0.0	0.0
114.25	0.0	0.0
114.375	0.0	0.0
114.5	0.0	0.0
114.625	0.0	0.0
114.75	0.0	0.0
114.875	0.0	0.0
115.0	0.0	0.0
115.125	0.0	0.0
115.25	0.0	0.0
115.375	0.0	0.0
115.5	0.0	0.0
115.625	0.0	0.0
115.75	0.0	0.0
115.875	0.0	0.0
116.0	0.0	0.0
116.125	0.0	0.0
116.25	0.0	0.0
116.375	0.0	0.0
116.5	0.0	0.0
116.625	0.0	0.0
116.75	0.0	0.0
116.875	0.0	0.0
117.0	0.0	0.0
117.125	0.0	0.0
117.25	0.0	0.0
117.375	0.0	0.0
117.5	0.0	0.0
117.625	0.0	0.0
117.75	0.0	0.0
117.875	0.0	0.0
118.0	0.0	0.0
118.125	0.0	0.0
118.25	0.0	0.0
118.375	0.0	0.0
118.5	0.0	0.0
118.625	0.0	0.0
118.75	0.0	0.0
118.875	0.0	0.0
119.0	0.0	0.0
119.125	0.0	0.0
119.25	0.0	0.0
119.375	0.0	0.0
119.5	0.0	0.0
119.625	0.0	0.0
119.75	0.0	0.0
119.875	0.0	0.0
120.0	0.0	0.0
120.125	0.0	0.0
120.25	0.0	0.0
120.375	0.0	0.0
120.5	0.0	0.0
120.625	0.0	0.0
120.75	0.0	0.0
120.875	0.0	0.0
121.0	0.0	0.0
121.125	0.0	0.0
121.25	0.0	0.0
121.375	0.0	0.0
121.5	0.0	0.0
121.625	0.0	0.0
121.75	0.0	0.0
121.875	0.0	0.0
122.0	0.0	0.0
122.125	0.0	0.0
122.25	0.0	0.0
122.375	0.0	0.0
122.5	0.0	0.0
122.625	0.0	0.0
122.75	0.0	0.0
122.875	0.0	0.0
123.0	0.0	0.0
123.125	0.0	0.0
123.25	0.0	0.0
123.375	0.0	0.0
123.5	0.0	0.0
123.625	0.0	0.0
123.75	0.0	0.0
123.875	0.0	0.0
124.0	0.0	0.0
124.125	0.0	0.0
124.25	0.0	0.0
124.375	0.0	0.0
124.5	0.0	0.0
124.625	0.0	0.0
124.75	0.0	0.0
124.875	0.0	0.0
125.0	0.0	0.0
125.125	0.0	0.0
125.25	0.0	0.0
125.375	0.0	0.0
125.5	0.0	0.0
125.625	0.0	0.0
125.75	0.0	0.0
125.875	0.0	0.0
126.0	0.0	0.0
126.125	0.0	0.0
126.25	0.0	0.0
126.375	0.0	0.0
126.5	0.0	0.0
126.625	0.0	0.0
126.75	0.0	0.0
126.875	0.0	0.0
127.0	0.0	0.0
127.125	0.0	0.0
127.25	0.0	0.0
127.375	0.0	0.0
127.5	0.0	0.0
127.625	0.0	0.0
127.75	0.0	0.0
127.875	0.0	0.0
128.0	0.0	0.0
128.125	0.0	0.0
128.25	0.0	0.0
128.375	0.0	0.0
128.5	0.0	0.0
128.625	0.0	0.0
128.75	0.0	0.0
128.875	0.0	0.0
129.0	0.0	0.0
129.125	0.0	0.0
129.25	0.0	0.0
129.375	0.0	0.0
129.5	0.0	0.0
129.625	0.0	0.0
129.75	0.0	0.0
129.875	0.0	0.0
130.0	0.0	0.0
130.125	0.0	0.0
130.25	0.0	0.0
130.375	0.0	0.0
130.5	0.0	0.0
130.625	0.0	0.0
130.75	0.0	0.0
130.875	0.0	0.0
131.0	0.0	0.0
131.125	0.0	0.0
131.25	0.0	0.0
131.375	0.0	0.0
131.5	0.0	0.0
131.625	0.0	0.0
131.75	0.0	0.0
131.875	0.0	0.0
132.0	0.0	0.0
132.125	0.0	0.0
132.25	0.0	0.0
132.375	0.0	0.0
132.5	0.0	0.0
132.625	0.0	0.0
132.75	0.0	0.0
132.875	0.0	0.0
133.0	0.0	0.0
133.125	0.0	0.0
133.25	0.0	0.0
133.375	0.0	0.0
133.5	0.0	0.0
133.625	0.0	0.0
133.75	0.0	0.0
133.875	0.0	0.0
134.0	0.0	0.0
134.125	0.0	0.0
134.25	0.0	0.0
134.375	0.0	0.0
134.5	0.0	0.0
134.625	0.0	0.0
134.75	0.0	0.0
134.875	0.0	0.0
135.0	0.0	0.0
135.125	0.0	0.0
135.25	0.0	0.0
135.375	0.0	0.0
135.5	0.0	0.0
135.625	0.0	0.0
135.75	0.0	0.0
135.875	0.0	0.0
136.0	0.0	0.0
136.125	0.0	0.0
136.25	0.0	0.0
136.375	0.0	0.0
136.5	0.0	0.0
136.625	0.0	0.0
136.75	0.0	0.0
136.875	0.0	0.0
137.0	0.0	0.0
137.125	0.0	0.0
137.25	0.0	0.0
137.375	0.0	0.0
137.5	0.0	0.0
137.625	0.0	0.0
137.75	0.0	0.0
137.875	0.0	0.0
138.0	0.0	0.0
138.125	0.0	0.0
138.25	0.0	0.0
138.375	0.0	0.0
138.5	0.0	0.0
138.625	0.0	0.0
138.75	0.0	0.0
138.875	0.0	0.0
139.0	0.0	0.0
139.125	0.0	0.0
139.25	0.0	0.0
139.375	0.0	0.0
139.5	0.0	0.0
139.625	0.0	0.0
139.75	0.0	0.0
139.875	0.0	0.0
140.0	0.0	0.0
140.125	0.0	0.0
140.25	0.0	0.0
140.375	0.0	0.0
140.5	0.0	0.0
140.625	0.0	0.0
140.75	0.0	0.0
140.875	0.0	0.0
141.0	0.0	0.0
141.125	0.0	0.0
141.25	0.0	0.0
141.375	0.0	0.0
141.5	0.0	0.0
141.625	0.0	0.0
141.75	0.0	0.0
141.875	0.0	0.0
142.0	0.0	0.0
142.125	0.0	0.0
142.25	0.0	0.0
142.375	0.0	0.0
142.5	0.0	0.0
142.625	0.0	0.0
142.75	0.0	0.0
142.875	0.0	0.0
143.0	0.0	0.0
143.125	0.0	0.0
143.25	0.0	0.0
143.375	0.0	0.0
143.5	0.0	0.0
143.625	0.0	0.0
143.75	0.0	0.0
143.875	0.0	0.0
144.0	0.0	0.0
144.125	0.0	0.0
144.25	0.0	0.0
144.375	0.0	0.0
144.5	0.0	0.0
144.625	0.0	0.0
144.75	0.0	0.0
144.875	0.0	0.0
145.0	0.0	0.0
145.125	0.0	0.0
145.25	0.0	0.0
145.375	0.0	0.0
145.5	0.0	0.0
145.625	0.0	0.0
145.75	0.0	0.0
145.875	0.0	0.0
146.0	0.0	0.0
146.125	0.0	0.0
146.25	0.0	0.0
146.375	0.0	0.0
146.5	0.0	0.0
146.625	0.0	0.0
146.75	0.0	0.0
146.875	0.0	0.0
147.0	0.0	0.0
147.125	0.0	0.0
147.25	0.0	0.0
147.375	0.0	0.0
147.5	0.0	0.0
147.625	0.0	0.0
147.75	0.0	0.0
147.875	0.0	0.0
148.0	0.0	0.0
148.125	0.0	0.0
148.25	0.0	0.0
148.375	0.0	0.0
148.5	0.0	0.0
148.625	0.0	0.0
148.75	0.0	0.0
148.875	0.0	0.0
149.0	0.0	0.0
149.125	0.0	0.0
149.25	0.0	0.0
149.375	0.0	0.0
149.5	0.0	0.0
149.625	0.0	0.0
149.75	0.0	0.0
149.875	0.0	0.0
150.0	0.0	0.0
150.125	0.0	0.0
150.25	0.0	0.0
150.375	0.0	0.0
150.5	0.0	0.0
150.625	0.0	0.0
150.75	0.0	0.0
150.875	0.0	0.0
151.0	0.0	0.0
151.125	0.0	0.0
151.25	0.0	0.0
151.375	0.0	0.0
151.5	0.0	0.0
151.625	0.0	0.0
151.75	0.0	0.0
151.875	0.0	0.0
152.0	0.0	0.0
152.125	0.0	0.0
152.25	0.0	0.0
152.375	0.0	0.0
152.5	0.0	0.0
152.625	0.0	0.0
152.75	0.0	0.0
152.875	0.0	0.0
153.0	0.0	0.0
153.125	0.0	0.0
153.25	0.0	0.0
153.375	0.0	0.0
153.5	0.0	0.0
153.625	0.0	0.0
153.75	0.0	0.0
153.875	0.0	0.0
154.0	0.0	0.0
154.125	0.0	0.0
154.25	0.0	0.0
154.375	0.0	0.0
154.5	0.0	0.0
154.625	0.0	0.0
154.75	0.0	0.0
154.875	0.0	0.0
155.0	0.0	0.0
155.125	0.0	0.0
155.25	0.0	0.0
155.375	0.0	0.0
155.5	0.0	0.0
155.625	0.0	0.0
155.75	0.0	0.0
155.875	0.0	0.0
156.0	0.0	0.0
156.125	0.0	0.0
156.25	0.0	0.0
156.375	0.0	0.0
156.5	0.0	0.0
156.625	0.0	0.0
156.75	0.0	0.0
156.875	0.0	0.0
157.0	0.0	0.0
157.125	0.0	0.0
157.25	0.0	0.0
157.375	0.0	0.0
157.5	0.0	0.0
157.625	0.0	0.0
157.75	0.0	0.0
157.875	0.0	0.0
158.0	0.0	0.0
158.125	0.0	0.0
158.25	0.0	0.0
158.375	0.0	0.0
158.5	0.0	0.0
158.625	0.0	0.0
158.75	0.0	0.0
158.875	0.0	0.0
159.0	0.0	0.0
159.125	0.0	0.0
159.25	0.0	0.0
159.375	0.0	0.0
159.5	0.0	0.0
159.625	0.0	0.0
159.75	0.0	0.0
159.875	0.0	0.0
160.0	0.0	0.0
160.125	0.0	0.0
160.25	0.0	0.0
160.375	0.0	0.0
160.5	0.0	0.0
160.625	0.0	0.0
160.75	0.0	0.0
160.875	0.0	0.0
161.0	0.0	0.0
161.125	0.0	0.0
161.25	0.0	0.0
161.375	0.0	0.0
161.5	0.0	0.0
161.625	0.0	0.0
161.75	0.0	0.0
161.875	0.0	0.0
162.0	0.0	0.0
162.125	0.0	0.0
162.25	0.0	0.0
162.375	0.0	0.0
162.5	0.0	0.0
162.625	0.0	0.0
162.75	0.0	0.0
162.875	0.0	0.0
163.0	0.0	0.0
163.125	0.0	0.0
163.25	0.0	0.0
163.375	0.0	0.0
163.5	0.0	0.0
163.625	0.0	0.0
163.75	0.0	0.0
163.875	0.0	0.0
164.0	0.0	0.0
164.125	0.0	0.0
164.25	0.0	0.0
164.375	0.0	0.0
164.5	0.0	0.0
164.625	0.0	0.0
164.75	0.0	0.0
164.875	0.0	0.0
165.0	0.0	0.0
165.125	0.0	0.0
165.25	0.0	0.0
165.375	0.0	0.0
165.5	0.0	0.0
165.625	0.0	0.0
165.75	0.0	0.0
165.875	0.0	0.0
166.0	0.0	0.0
166.125	0.0	0.0
166.25	0.0	0.0
166.375	0.0	0.0
166.5	0.0	0.0
166.625	0.0	0.0
166.75	0.0	0.0
166.875	0.0	0.0
167.0	0.0	0.0
167.125	0.0	0.0
167.25	0.0	0.0
167.375	0.0	0.0
167.5	0.0	0.0
167.625	0.0	0.0
167.75	0.0	0.0
167.875	0.0	0.0
168.0	0.0	0.0
168.125	0.0	0.0
168.25	0.0	0.0
168.375	0.0	0.0
168.5	0.0	0.0
168.625	0.0	0.0
168.75	0.0	0.0
168.875	0.0	0.0
169.0	0.0	0.0
169.125	0.0	0.0
169.25	0.0	0.0
169.375	0.0	0.0
169.5	0.0	0.0
169.625	0.0	0.0
169.75	0.0	0.0
169.875	0.0	0.0
170.0	0.0	0.0
170.125	0.0	0.0
170.25	0.0	0.0
170.375	0.0	0.0
170.5	0.0	0.0
170.625	0.0	0.0
170.75	0.0	0.0
170.875	0.0	0.0
171.0	0.0	0.0
171.125	0.0	0.0
171.25	0.0	0.0
171.375	0.0	0.0
171.5	0.0	0.0
171.625	0.0	0.0
171.75	0.0	0.0
171.875	0.0	0.0
172.0	0.0	0.0
172.125	0.0	0.0
172.25	0.0	0.0
172.375	0.0	0.0
172.5	0.0	0.0
172.625	0.0	0.0
172.75	0.0	0.0
172.875	0.0	0.0
173.0	0.0	0.0
173.125	0.0	0.0
173.25	0.0	0.0
173.375	0.0	0.0
173.5	0.0	0.0
173.625	0.0	0.0
173.75	0.0	0.0
173.875	0.0	0.0
174.0	0.0	0.0
174.125	0.0	0.0
174.25	0.0	0.0
174.375	0.0	0.0
174.5	0.0	0.0
174.625	0.0	0.0
174.75	0.0	0.0
174.875	0.0	0.0
175.0	0.0	0.0
175.125	0.0	0.0
175.25	0.0	0.0
175.375	0.0	0.0
175.5	0.0	0.0
175.625	0.0	0.0
175.75	0.0	0.0
175.875	0.0	0.0
176.0	0.0	0.0
176.125	0.0	0.0
176.25	0.0	0.0
176.375	0.0	0.0
176.5	0.0	0.0
176.625	0.0	0.0
176.75	0.0	0.0
176.875	0.0	0.0
177.0	0.0	0.0
177.125	0.0	0.0
177.25	0.0	0.0
177.375	0.0	0.0
177.5	0.0	0.0
177.625	0.0	0.0
177.75	0.0	0.0
177.875	0.0	0.0
178.0	0.0	0.0
178.125	0.0	0.0
178.25	0.0	0.0
178.375	0.0	0.0
178.5	0.0	0.0
178.625	0.0	0.0
178.75	0.0	0.0
178.875	0.0	0.0
179.0	0.0	0.0
179.125	0.0	0.0
179.25	0.0	0.0
179.375	0.0	0.0
179.5	0.0	0.0
179.625	0.0	0.0
179.75	0.0	0.0
179.875	0.0	0.0
180.0	0.0	0.0
180.125	0.0	0.0
180.25	0.0	0.0
180.375	0.0	0.0
180.5	0.0	0.0
180.625	0.0	0.0
180.75	0.0	0.0
180.875	0.0	0.0
181.0	0.0	0.0
181.125	0.0	0.0
181.25	0.0	0.0
181.375	0.0	0.0
181.5	0.0	0.0
181.625	0.0	0.0
181.75	0.0	0.0
181.875	0.0	0.0
182.0	0.0	0.0
182.125	0.0	0.0
182.25	0.0	0.0
182.375	0.0	0.0
182.5	0.0	0.0
182.625	0.0	0.0
182.75	0.0	0.0
182.875	0.0	0.0
183.0	0.0	0.0
183.125	0.0	0.0
183.25	0.0	0.0
183.375	0.0	0.0
183.5	0.0	0.0
183.625	0.0	0.0
183.75	0.0	0.0
183.875	0.0	0.0
184.0	0.0	0.0
184.125	0.0	0.0
184.25	0.0	0.0
184.375	0.0	0.0
184.5	0.0	0.0
184.625	0.0	0.0
184.75	0.0	0.0
184.875	0.0	0.0
185.0	0.0	0.0
185.125	0.0	0.0
185.25	0.0	0.0
185.375	0.0	0.0
185.5	0.0	0.0
185.625	0.0	0.0
185.75	0.0	0.0
185.875	0.0	0.0
186.0	0.0	0.0
186.125	0.0	0.0
186.25	0.0	0.0
186.375	0.0	0.0
186.5	0.0	0.0
186.625	0.0	0.0
186.75	0.0	0.0
186.875	0.0	0.0
187.0	0.0	0.0
187.125	0.0	0.0
187.25	0.0	0.0
187.375	0.0	0.0
187.5	0.0	0.0
187.625	0.0	0.0
187.75	0.0	0.0
187.875	0.0	0.0
188.0	0.0	0.0
188.125	0.0	0.0
188.25	0.0	0.0
188.375	0.0	0.0
188.5	0.0	0.0
188.625	0.0	0.0
188.75	0.0	0.0
188.875	0.0	0.0
189.0	0.0	0.0
189.125	0.0	0.0
189.25	0.0	0.0
189.375	0.0	0.0
189.5	0.0	0.0
189.625	0.0	0.0
189.75	0.0	0.0
189.875	0.0	0.0
190.0	0.0	0.0
190.125	0.0	0.0
190.25	0.0	0.0
190.375	0.0	0.0
190.5	0.0	0.0
190.625	0.0	0.0
190.75	0.0	0.0
190.875	0.0	0.0
191.0	0.0	0.0
191.125	0.0	0.0
191.25	0.0	0.0
191.375	0.0	0.0
191.5	0.0	0.0
191.625	0.0	0.0
191.75	0.0	0.0
191.875	0.0	0.0
192.0	0.0	0.0
192.125	0.0	0.0
192.25	0.0	0.0
192.375	0.0	0.0
192.5	0.0	0.0
192.625	0.0	0.0
192.75	0.0	0.0
192.875	0.0	0.0
193.0	0.0	0.0
193.125	0.0	0.0
193.25	0.0	0.0
193.375	0.0	0.0
193.5	0.0	0.0
193.625	0.0	0.0
193.75	0.0	0.0
193.875	0.0	0.0
194.0	0.0	0.0
194.125	0.0	0.0
194.25	0.0	0.0
194.375	0.0	0.0
194.5	0.0	0.0
194.625	0.0	0.0
194.75	0.0	0.0
194.875	0.0	0.0
195.0	0.0	0.0
195.125	0.0	0.0
195.25	0.0	0.0
195.375	0.0	0.0
195.5	0.0	0.0
195.625	0.0	0.0
195.75	0.0	0.0
195.875	0.0	0.0
196.0	0.0	0.0
196.125	0.0	0.0
196.25	0.0	0.0
196.375	0.0	0.0
196.5	0.0	0.0
196.625	0.0	0.0
196.75	0.0	0.0
196.875	0.0	0.0
197.0	0.0	0.0
197.125	0.0	0.0
197.25	0.0	0.0
197.375	0.0	0.0
197.5	0.0	0.0
197.625	0.0	0.0
197.75	0.0	0.0
197.875	0.0	0.0
198.0	0.0	0.0
198.125	0.0	0.0
198.25	0.0	0.0
198.375	0.0	0.0
198.5	0.0	0.0
198.625	0.0	0.0
198.75	0.0	0.0
198.875	0.0	0.0
199.0	0.0	0.0
199.125	0.0	0.0
199.25	0.0	0.0
199.375	0.0	0.0
199.5	0.0	0.0
199.625	0.0	0.0
199.75	0.0	0.0
199.875	0.0	0.0
200.0	0.0	0.0
200.125	0.0	0.0
200.25	0.0	0.0
200.375	0.0	0.0
200.5	0.0	0.0
200.625	0.0	0.0
200.75	0.0	0.0
200.875	0.0	0.0
201.0	0.0	0.0
201.125	0.0	0.0
201.25	0.0	0.0
201.375	0.0	0.0
201.5	0.0	0.0
201.625	0.0	0.0
201.75	0.0	0.0
201.875	0.0	0.0
202.0	0.0	0.0
202.125	0.0	0.0
202.25	0.0	0.0
202.375	0.0	0.0
202.5	0.0	0.0
202.625	0.0	0.0
202.75	0.0	0.0
202.875	0.0	0.0
203.0	0.0	0.0
203.125	0.0	0.0
203.25	0.0	0.0
203.375	0.0	0.0
203.5	0.0	0.0
203.625	0.0	0.0
203.75	0.0	0.0
203.875	0.0	0.0
204.0	0.0	0.0
204.125	0.0	0.0
204.25	0.0	0.0
204.375	0.0	0.0
204.5	0.0	0.0
204.625	0.0	0.0
204.75	0.0	0.0
204.875	0.0	0.0
205.0	0.0	0.0
205.125	0.0	0.0
205.25	0.0	0.0
205.375	0.0	0.0
205.5	0.0	0.0
205.625	0.0	0.0
205.75	0.0	0.0
205.875	0.0	0.0
206.0	0.0	0.0
206.125	0.0	0.0
206.25	0.0	0.0
206.375	0.0	0.0
206.5	0.0	0.0
206.625	0.0	0.0
206.75	0.0	0.0
206.875	0.0	0.0
207.0	0.0	0.0
207.125	0.0	0.0
207.25	0.0	0.0
207.375	0.0	0.0
207.5	0.0	0.0
207.625	0.0	0.0
207.75	0.0	0.0
207.875	0.0	0.0
208.0	0.0	0.0
208.125	0.0	0.0
208.25	0.0	0.0
208.375	0.0	0.0
208.5	0.0	0.0
208.625	0.0	0.0
208.75	0.0	0.0
208.875	0.0	0.0
209.0	0.0	0.0
209.125	0.0	0.0
209.25	0.0	0.0
209.375	0.0	0.0
209.5	0.0	0.0
209.625	0.0	0.0
209.75	0.0	0.0
209.875	0.0	0.0
210.0	0.0	0.0
210.125	0.0	0.0
210.25	0.0	0.0
210.375	0.0	0.0
210.5	0.0	0.0
210.625	0.0	0.0
210.75	0.0	0.0
210.875	0.0	0.0
211.0	0.0	0.0
211.125	0.0	0.0
211.25	0.0	0.0
211.375	0.0	0.0
211.5	0.0	0.0
211.625	0.0	0.0
211.75	0.0	0.0
211.875	0.0	0.0
212.0	0.0	0.0
212.125	0.0	0.0
212.25	0.0	0.0
212.375	0.0	0.0
212.5	0.0	0.0
212.625	0.0	0.0
212.75	0.0	0.0
212.875	0.0	0.0
213.0	0.0	0.0
213.125	0.0	0.0
213.25	0.0	0.0
213.375	0.0	0.0
213.5	0.0	0.0
213.625	0.0	0.0
213.75	0.0	0.0
213.875	0.0	0.0
214.0	0.0	0.0
214.125	0.0	0.0
214.25	0.0	0.0
214.375	0.0	0.0
214.5	0.0	0.0
214.625	0.0	0.0
214.75	0.0	0.0
214.875	0.0	0.0
215.0	0.0	0.0
215.125	0.0	0.0
215.25	0.0	0.0
215.375	0.0	0.0
215.5	0.0	0.0
215.625	0.0	0.0
215.75	0.0	0.0
215.875	0.0	0.0
216.0	0.0	0.0
216.125	0.0	0.0
216.25	0.0	0.0
216.375	0.0	0.0
216.5	0.0	0.0
216.625	0.0	0.0
216.75	0.0	0.0
216.875	0.0	0.0
217.0	0.0	0.0
217.125	0.0	0.0
217.25	0.0	0.0
217.375	0.0	0.0
217.5	0.0	0.0
217.625	0.0	0.0
217.75	0.0	0.0
217.875	0.0	0.0
218.0	0.0	0.0
218.125	0.0	0.0
218.25	0.0	0.0
218.375	0.0	0.0
218.5	0.0	0.0
218.625	0.0	0.0
218.75	0.0	0.0
218.875	0.0	0.0
219.0	0.0	0.0
219.125	0.0	0.0
219.25	0.0	0.0
219.375	0.0	0.0
219.5	0.0	0.0
219.625	0.0	0.0
219.75	0.0	0.0
219.875	0.0	0.0
220.0	0.0	0.0
220.125	0.0	0.0
220.25	0.0	0.0
220.375	0.0	0.0
220.5	0.0	0.0
220.625	0.0	0.0
220.75	0.0	0.0
220.875	0.0	0.0
221.0	0.0	0.0
221.125	0.0	0.0
221.25	0.0	0.0
221.375	0.0	0.0
221.5	0.0	0.0
221.625	0.0	0.0
221.75	0.0	0.0
221.875	0.0	0.0
222.0	0.0	0.0
222.125	0.0	0.0
222.25	0.0	0.0
222.375	0.0	0.0
222.5	0.0	0.0
222.625	0.0	0.0
222.75	0.0	0.0
222.875	0.0	0.0
223.0	0.0	0.0
223.125	0.0	0.0
223.25	0.0	0.0
223.375	0.0	0.0
223.5	0.0	0.0
223.625	0.0	0.0
223.75	0.0	0.0
223.875	0.0	0.0
224.0	0.0	0.0
224.125	0.0	0.0
224.25	0.0	0.0
224.375	0.0	0.0
224.5	0.0	0.0
224.625	0.0	0.0
224.75	0.0	0.0
224.875	0.0	0.0
225.0	0.0	0.0
225.125	0.0	0.0
225.25	0.0	0.0
225.375	0.0	0.0
225.5	0.0	0.0
225.625	0.0	0.0
225.75	0.0	0.0
225.875	0.0	0.0
226.0	0.0	0.0
226.125	0.0	0.0
226.25	0.0	0.0
226.375	0.0	0.0
226.5	0.0	0.0
226.625	0.0	0.0
226.75	0.0	0.0
226.875	0.0	0.0
227.0	0.0	0.0
227.125	0.0	0.0
227.25	0.0	0.0
227.375	0.0	0.0
227.5	0.0	0.0
227.625	0.0	0.0
227.75	0.0	0.0
227.875	0.0	0.0
228.0	0.0	0.0
228.125	0.0	0.0
228.25	0.0	0.0
228.375	0.0	0.0
228.5	0.0	0.0
228.625	0.0	0.0
228.75	0.0	0.0
228.875	0.0	0.0
229.0	0.0	0.0
229.125	0.0	0.0
229.25	0.0	0.0
229.375	0.0	0.0
229.5	0.0	0.0
229.625	0.0	0.0
229.75	0.0	0.0
229.875	0.0	0.0
230.0	0.0	0.0
230.125	0.0	0.0
230.25	0.0	0.0
230.375	0.0	0.0
230.5	0.0	0.0
230.625	0.0	0.0
230.75	0.0	0.0
230.875	0.0	0.0
231.0	0.0	0.0
231.125	0.0	0.0
231.25	0.0	0.0
231.375	0.0	0.0
231.5	0.0	0.0
231.625	0.0	0.0
231.75	0.0	0.0
231.875	0.0	0.0
232.0	0.0	0.0
232.125	0.0	0.0
232.25	0.0	0.0
232.375	0.0	0.0
232.5	0.0	0.0
232.625	0.0	0.0
232.75	0.0	0.0
232.875	0.0	0.0
233.0	0.0	0.0
233.125	0.0	0.0
233.25	0.0	0.0
233.375	0.0	0.0
233.5	0.0	0.0
233.625	0.0	0.0
233.75	0.0	0.0
233.875	0.0	0.0
234.0	0.0	0.0
234.125	0.0	0.0
234.25	0.0	0.0
234.375	0.0	0.0
234.5	0.0	0.0
234.625	0.0	0.0
234.75	0.0	0.0
234.875	0.0	0.0
235.0	0.0	0.0
235.125	0.0	0.0
235.25	0.0	0.0
235.375	0.0	0.0
235.5	0.0	0.0
235.625	0.0	0.0
235.75	0.0	0.0
235.875	0.0	0.0
236.0	0.0	0.0
236.125	0.0	0.0
236.25	0.0	0.0
236.375	0.0	0.0
236.5	0.0	0.0
236.625	0.0	0.0
236.75	0.0	0.0
236.875	0.0	0.0
237.0	0.0	0.0
237.125	0.0	0.0
237.25	0.0	0.0
237.375	0.0	0.0
237.5	0.0	0.0
237.625	0.0	0.0
237.75	0.0	0.0
237.875	0.0	0.0
238.0	0.0	0.0
238.125	0.0	0.0
238.25	0.0	0.0
238.375	0.0	0.0
238.5	0.0	0.0
238.625	0.0	0.0
238.75	0.0	0.0
238.875	0.0	0.0
239.0	0.0	0.0
239.125	0.0	0.0
239.25	0.0	0.0
239.375	0.0	0.0
239.5	0.0	0.0
239.625	0.0	0.0
239.75	0.0	0.0
239.875	0.0	0.0
240.0	0.0	0.0
240.125	0.0	0.0
240.25	0.0	0.0
240.375	0.0	0.0
240.5	0.0	0.0
240.625	0.0	0.0
240.75	0.0	0.0
240.875	0.0	0.0
241.0	0.0	0.0
241.125	0.0	0.0
241.25	0.0	0.0
241.375	0.0	0.0
241.5	0.0	0.0
241.625	0.0	0.0
241.75	0.0	0.0
241.875	0.0	0.0
242.0	0.0	0.0
242.125	0.0	0.0
242.25	0.0	0.0
242.375	0.0	0.0
242.5	0.0	0.0
242.625	0.0	0.0
242.75	0.0	0.0
242.875	0.0	0.0
243.0	0.0	0.0
243.125	0.0	0.0
243.25	0.0	0.0
243.375	0.0	0.0
243.5	0.0	0.0
243.625	0.0	0.0
243.75	0.0	0.0
243.875	0.0	0.0
244.0	0.0	0.0
244.125	0.0	0.0
244.25	0.0	0.0
244.375	0.0	0.0
244.5	0.0	0.0
244.625	0.0	0.0
244.75	0.0	0.0
244.875	0.0	0.0
245.0	0.0	0.0
245.125	0.0	0.0
245.25	0.0	0.0
245.375	0.0	0.0
245.5	0.0	0.0
245.625	0.0	0.0
245.75	0.0	0.0
245.875	0.0	0.0
246.0	0.0	0.0
246.125	0.0	0.0
246.25	0.0	0.0
246.375	0.0	0.0
246.5	0.0	0.0
246.625	0.0	0.0
246.75	0.0	0.0
246.875	0.0	0.0
247.0	0.0	0.0
247.125	0.0	0.0
247.25	0.0	0.0
247.375	0.0	0.0
247.5	0.0	0.0
