0.0	0.0
0.125	0.0
0.25	0.0
0.375	0.0
0.5	0.0
0.625	0.0
0.75	0.0
0.875	0.0
1.0	0.0
1.125	0.0
1.25	0.0
1.375	0.0
1.5	0.0
1.625	0.0
1.75	0.0
1.875	0.0
2.0	0.0
2.125	0.0
2.25	0.0
2.375	0.0
2.5	0.0
2.625	0.0
2.75	0.0
2.875	0.0
3.0	0.0
3.125	0.0
3.25	0.0
3.375	0.0
3.5	0.0
3.625	0.0
3.75	0.0
3.875	0.0
4.0	0.0
4.125	0.0
4.25	0.0
4.375	0.0
4.5	0.0
4.625	0.0
4.75	0.0
4.875	0.0
5.0	0.0
5.125	0.0
5.25	0.0
5.375	0.0
5.5	0.0
5.625	0.0
5.75	0.0
5.875	0.0
6.0	0.0
6.125	0.0
6.25	0.0
6.375	0.0
6.5	0.0
6.625	0.0
6.75	0.0
6.875	0.0
7.0	0.0
7.125	0.0
7.25	0.0
7.375	0.0
7.5	-0.2807142459083462
7.625	-0.3222755602772738
7.75	-0.36281921458781147
7.875	-0.4019497363132379
8.0	-0.43927290578281963
8.125	-0.47439315838729257
8.25	-0.5069234885789672
8.375	-0.5364830774105153
8.5	-0.5627072691603625
8.625	-0.5852452858985778
8.75	-0.6037701334105957
8.875	-0.6179762534042472
9.0	-0.6275892069728908
9.125	-0.6323631094903378
9.25	-0.6320899372662678
9.375	-0.6265965907182803
9.5	-0.6157536736066788
9.625	-0.5994720370930905
9.75	-0.5777108912353399
9.875	-0.5504736961299925
10.0	-0.5178154821559092
10.125	-0.47983797436840847
10.25	-0.4366960209644083
10.375	-0.3885918629647562
10.5	-0.335780598906659
10.625	-0.27856354284680224
10.75	-0.217292686461576
10.875	-0.1523631234882062
11.0	-0.08421650706610562
11.125	-0.013332556633843935
11.25	0.05976845289632937
11.375	0.1345350465187097
11.5	0.210382952210109
11.625	0.28670522431605494
11.75	0.36287142471223627
11.875	0.4382383828357122
12.0	0.5121500052661775
12.125	0.5839485075293505
12.25	0.6529746713172792
12.375	0.7185793548442121
12.5	0.7801239917165139
12.625	0.8369921648781034
12.75	0.8885901231725678
12.875	0.9343581899922124
13.0	0.9737710639315742
13.125	1.00634882808275
13.25	1.0316568006292601
13.375	1.0493159149076776
13.5	1.0590018947442625
13.625	1.06045478914691
13.75	1.0534772656645608
13.875	1.0379431066997082
14.0	1.0137944417836264
14.125	0.9810490444177344
14.25	0.9397963601099933
14.375	0.890203482370314
14.5	0.8325098764676514
14.625	0.7670319593597975
14.75	0.694156467872332
14.875	0.61434361825458
15.0	0.528119120029728
15.125	0.4360759445878826
15.25	0.3388650402631359
15.375	0.2371957937740075
15.5	0.13182555595454015
15.625	0.023558932704539893
15.75	-0.08676371800192327
15.875	-0.1982679799233125
16.0	-0.3100577033194643
16.125	-0.42121745462811827
16.25	-0.5308254166770301
16.375	-0.637956330056944
16.5	-0.7416946918083862
16.625	-0.8411378985695246
16.75	-0.9354094463925433
16.875	-1.0236619708484263
17.0	-1.1050901416175494
17.125	-1.178933291573884
17.25	-1.2444877028099721
17.375	-1.3011085257132662
17.5	-1.348221168294615
17.625	-1.3853222273179857
17.75	-1.411989719864555
17.875	-1.4278827810807613
18.0	-1.4327505149812139
18.125	-1.4264302562443434
18.25	-1.4088548650140944
18.375	-1.3800494018377627
18.5	-1.3401367469200733
18.625	-1.2893325958107935
18.75	-1.2279493450853687
18.875	-1.156389379467157
19.0	-1.0751472308813297
19.125	-0.9848011928258187
19.25	-0.8860138256203552
19.375	-0.7795219983825874
19.5	-0.666135877469105
19.625	-0.5467275577041634
19.75	-0.4222287309473626
19.875	-0.2936181236845456
20.0	-0.16191809600488316
20.125	-0.028181149898265683
20.25	0.10651424635125413
20.375	0.24107777795423121
20.5	0.37441190429358484
20.625	0.5054262809526567
20.75	0.6330424726579899
20.875	0.7562083408911603
21.0	0.8739024843798454
21.125	0.985148260237714
21.25	1.0890175856751012
21.375	1.1846442828082075
21.5	1.2712268805224896
21.625	1.348041017708214
21.75	1.4144408871505059
21.875	1.469870513937238
22.0	1.5138634550943557
22.125	1.5460529544244948
22.25	1.5661693229115725
22.375	1.5740499042409062
22.5	1.569500760614609
22.625	1.5526994510693184
22.75	1.523799349755243
22.875	1.4830578373010272
23.0	1.430833387308969
23.125	1.3675848045036796
23.25	1.2938646622148535
23.375	1.2103175178737449
23.5	1.1176711540365136
23.625	1.0167334837997657
23.75	0.9083820370198945
23.875	0.7935602548268083
24.0	0.6732624952098362
24.125	0.5485340233437737
24.25	0.4204538908902183
24.375	0.2901313856331056
24.5	0.15868696375687877
24.625	0.027252818574327237
24.75	-0.10304549305167633
24.875	-0.23109486578642877
25.0	-0.3558087180040378
25.125	-0.4761334977258585
25.25	-0.5910623479641536
25.375	-0.6996409985227612
25.5	-0.8009806488696418
25.625	-0.8942628883793785
25.75	-0.9787514395300702
25.875	-1.053795770417853
26.0	-1.1188413701999935
26.125	-1.1734317503462064
26.25	-1.217216963901523
26.375	-1.2499537354378751
26.5	-1.2715119855441928
26.625	-1.2818728832177715
26.75	-1.2811331964922523
26.875	-1.2695011243720782
27.0	-1.2472983629932026
27.125	-1.2149536462847295
27.25	-1.1730024935982344
27.375	-1.122078467965138
27.5	-1.0629106544850042
27.625	-0.9963127308696054
27.75	-0.9231783144036088
27.875	-0.8444680295153022
28.0	-0.7612029526593443
28.125	-0.6744499534830684
28.25	-0.5853135587990429
28.375	-0.4949199344671549
28.5	-0.40440757836679253
28.625	-0.3149103957067213
28.75	-0.22754771259243825
28.875	-0.14340697383587153
29.0	-0.0635336388170638
29.125	0.011085906757086792
29.25	0.07953395739229781
29.375	0.14097772729244717
29.5	0.19467781196077286
29.625	0.2400029248172437
29.75	0.2764365609640988
29.875	0.3035895862461646
30.0	0.3212044755407553
30.125	0.3291651516287905
30.25	0.32749822977773535
30.375	0.3163795811377921
30.5	0.2961321108220088
30.625	0.26722863415198156
30.75	0.23028584685986242
30.875	0.18606325124692058
31.0	0.13545314222659355
31.125	0.0794755007633216
31.25	0.01926401338237176
31.375	-0.04394294404779965
31.5	-0.10882002049402915
31.625	-0.1739664549910787
31.75	-0.2379308737037823
31.875	-0.29922150985361845
32.0	-0.3563331222733095
32.125	-0.407763984359351
32.25	-0.4520411565246833
32.375	-0.48773946488403996
32.5	-0.5135073921948035
32.625	-0.5280861145859489
32.75	-0.530334799330058
32.875	-0.5192484411586252
33.0	-0.4939812778533754
33.125	-0.45386212403836934
33.25	-0.3984146081374841
33.375	-0.3273687323064136
33.5	-0.24067670480725126
33.625	-0.13851956587262676
33.75	-0.021317541604416717
33.875	0.1102692318589845
34.0	0.2553366747908521
34.125	0.41274263939948985
34.25	0.581109733766023
34.375	0.7588381585018757
34.5	0.9441155608853903
34.625	1.134936806401405
34.75	1.3291206300324738
34.875	1.5243358983851811
35.0	1.7181244009708496
35.125	1.9079327350268602
35.25	2.0911401634031117
35.375	2.2650939203780207
35.5	2.4271456786234036
35.625	2.5746795173729717
35.75	2.7051579176738594
35.875	2.816153544184377
36.0	2.905385015799869
36.125	2.970755136577776
36.25	3.01038178253172
36.375	3.022633104744581
36.5	3.0061540384547096
36.625	2.959896089206798
36.75	2.883137498509099
36.875	2.7755057678053965
37.0	2.636989787779008
37.125	2.467953590186066
37.25	2.2691391418381306
37.375	2.04167026213223
37.5	1.7870452784703534
37.625	1.507130584105808
37.75	1.2041429218495496
37.875	0.8806326517561498
38.0	0.5394560405673453
38.125	0.1837489254776376
38.25	-0.18311000029568963
38.375	-0.5575338422884798
38.5	-0.9357716573494912
38.625	-1.313949599781494
38.75	-1.688120447413027
38.875	-2.054308964775602
39.0	-2.4085643507068473
39.125	-2.7470072238298275
39.25	-3.0658822924045244
39.375	-3.3616041981622917
39.5	-3.6308076217287306
39.625	-3.870389217687233
39.75	-4.077552450930112
39.875	-4.249843022645698
40.0	-4.3851859827037
40.125	-4.481912375671785
40.25	-4.538786578786164
40.375	-4.555022370660653
40.5	-4.530298979953367
40.625	-4.464765368811333
40.75	-4.359044111422065
40.875	-4.214223353123018
41.0	-4.031848331223412
41.125	-3.813901177291964
41.25	-3.5627806014559087
41.375	-3.2812704052535184
41.5	-2.9725085305081986
41.625	-2.639945799359836
41.75	-2.2873061372276893
41.875	-1.9185376147956055
42.0	-1.5377661539021275
42.125	-1.1492413791760538
42.25	-0.7572864757694181
42.375	-0.3662416403633981
42.5	0.01958704026785952
42.625	0.3959836335696011
42.75	0.7588715628571749
42.875	1.1043662970404098
43.0	1.4288198726807353
43.125	1.728867599151311
43.25	2.001465437800004
43.375	2.2439284602671745
43.5	2.4539590539060203
43.625	2.6296753608212904
43.75	2.7696288177661987
43.875	2.8728213829585387
44.0	2.9387115293188613
44.125	2.9672196983215535
44.25	2.9587225094522736
44.375	2.914046526447508
44.5	2.8344510844720587
44.625	2.7216110760190304
44.75	2.5775893937651997
44.875	2.4048100062284696
45.0	2.2060215360021216
45.125	1.984262369292874
45.25	1.7428173097977415
45.375	1.4851768285546567
45.5	1.2149890340052327
45.625	0.9360154040868032
45.75	0.652080482022622
45.875	0.3670265344005832
46.0	0.084663417190564
46.125	-0.19127542707254766
46.25	-0.4571805825731626
46.375	-0.7096070652202942
46.5	-0.9453172757819889
46.625	-1.161315811559734
46.75	-1.3548859302609526
46.875	-1.5236171248290356
47.0	-1.665433656750579
47.125	-1.7786136680086533
47.25	-1.8618087833739296
47.375	-1.9140539913059997
47.5	-1.9347777832846025
47.625	-1.9238025084052268
47.75	-1.8813449890971128
47.875	-1.8080075180320998
48.0	-1.7047693405745612
48.125	-1.5729688956784573
48.25	-1.4142869658811212
48.375	-1.2307211475664406
48.5	-1.0245618225688389
48.625	-0.7983601628163359
48.75	-0.5548983609807883
48.875	-0.29715271949824323
49.0	-0.028259782692980514
49.125	0.24852377591438232
49.25	0.5298573553412218
49.375	0.8123579471925026
49.5	1.0926368676135083
49.625	1.3673408920872951
49.75	1.633187755286918
49.875	1.8870051874094997
50.0	2.1257635352549045
50.125	2.346611136646532
50.25	2.5469025975564348
50.375	2.7242291517662354
50.5	2.8764413657516448
50.625	3.0016733909291693
50.75	3.098359148379446
50.875	3.1652496783258695
51.0	3.2014221676877357
51.125	3.2062899225801473
51.25	3.179603929656744
51.375	3.1214553087962296
51.5	3.0322694305842584
51.625	2.912801034404827
51.75	2.764121245842974
51.875	2.5876058570160354
52.0	2.3849158864119793
52.125	2.157979801202835
52.25	1.9089685263447977
52.375	1.6402726317496732
52.5	1.354472917049044
52.625	1.0543137803784897
52.75	0.7426706715051734
52.875	0.4225209960776207
53.0	0.09690983640181144
53.125	-0.23108017992529545
53.25	-0.5583634494372922
53.375	-0.8818811205310184
53.5	-1.1986345331246056
53.625	-1.505713157857879
53.75	-1.800325571810294
53.875	-2.079824340406163
54.0	-2.3417333400676177
54.125	-2.5837684862563814
54.25	-2.8038604111693495
54.375	-3.0001701612113627
54.5	-3.1711064776392437
54.625	-3.315335843543909
54.75	-3.4317938859431316
54.875	-3.5196894334000053
55.0	-3.578509846056232
55.125	-3.6080190363378923
55.25	-3.608256824407504
55.375	-3.5795311613756455
55.5	-3.5224118869537304
55.625	-3.437717662673969
55.75	-3.3265047619683994
55.875	-3.190049456470328
56.0	-3.0298326834357168
56.125	-2.8475188192841716
56.25	-2.6449372343481437
56.375	-2.4240585248111852
56.5	-2.1869740720296384
56.625	-1.9358708802938507
56.75	-1.67301030242727
56.875	-1.400702643087214
57.0	-1.1212861925652517
57.125	-0.8371027040571749
57.25	-0.5504777958193335
57.375	-0.263698300058615
57.5	0.021005044285568427
57.625	0.3014775360594958
57.75	0.5756547910145321
57.875	0.841579348656654
58.0	1.09741140547809
58.125	1.3414416849847675
58.25	1.5720983476747596
58.375	1.7879559701402115
58.5	1.9877386001627158
58.625	2.1703249332498613
58.75	2.3347477165086508
58.875	2.480195435310027
59.0	2.6060084793678167
59.125	2.71167784405317
59.25	2.7968386429229026
59.375	2.8612664752802557
59.5	2.904868990401983
59.625	2.927680665983308
59.75	2.9298531929764717
59.875	2.911649442930201
60.0	2.8734334450488865
60.125	2.8156642926079143
60.25	2.738886426180607
60.375	2.6437241430466822
60.5	2.530872787420071
60.625	2.4010943890503995
60.75	2.2552094837709773
60.875	2.0940978187125765
61.0	1.9186853075253292
61.125	1.7299499450910574
61.25	1.5289139835889005
61.375	1.3166449335103705
61.5	1.094252782016792
61.625	0.8628915429909543
61.75	0.6237575515723716
61.875	0.3780918169971212
62.0	0.1271788516223249
62.125	-0.12765078053658369
62.25	-0.3850217593059009
62.375	-0.6435119599667279
62.5	-0.9016545900104528
62.625	-1.157937361513701
62.75	-1.4108061763731061
62.875	-1.6586661956042388
63.0	-1.8998877008770554
63.125	-2.1328096232216027
63.25	-2.3557480620921165
63.375	-2.5670026584946775
63.5	-2.76486804716528
63.625	-2.947643228635433
63.75	-3.113645978645509
63.875	-3.2612251056503267
64.0	-3.388777561878819
64.125	-3.4947631865976025
64.25	-3.577723976066011
64.375	-3.636300630413131
64.5	-3.6692531677270575
64.625	-3.6754783365633337
64.75	-3.654030525321349
64.875	-3.6041388954018214
65.0	-3.5252273620802415
65.125	-3.4169301649579977
65.25	-3.279109598693644
65.375	-3.1118686833753118
65.5	-2.915565220200151
65.625	-2.6908207433118547
65.75	-2.4385288955912237
65.875	-2.1598595040932755
66.0	-1.856261562979694
66.125	-1.5294601691757355
66.25	-1.1814533378324232
66.375	-0.8145019574272316
66.5	-0.4311195387192331
66.625	-0.03405506352868015
66.75	0.3737243439485638
66.875	0.7890574680633856
67.0	1.2086129795905083
67.125	1.6289197359276317
67.25	2.0463965392404986
67.375	2.4573876060298763
67.5	2.858196825767551
67.625	3.245126935165101
67.75	3.6145166460162237
67.875	3.96278174795178
68.0	4.286453208743931
68.125	4.582217421269008
68.25	4.846956759840741
68.375	5.077782638726358
68.5	5.272073515922865
68.625	5.427508643309494
68.75	5.542096472860138
68.875	5.614202317935371
69.0	5.642574311330668
69.125	5.6263581175778175
69.25	5.565114127104981
69.375	5.45882961849106
69.5	5.307918254591481
69.625	5.11322860010975
69.75	4.876034172504397
69.875	4.598026591041116
70.0	4.281299801299489
70.125	3.92833262979774
70.25	3.5419637465727485
70.375	3.125365429684565
70.5	2.6820103696319575
70.625	2.2156379836795868
70.75	1.73021461834708
70.875	1.2298941629262834
71.0	0.7189735661657943
71.125	0.2018498030473496
71.25	-0.31702713337872857
71.375	-0.8331986765725673
71.5	-1.3422449433193986
71.625	-1.8398283065300036
71.75	-2.3217386445175743
71.875	-2.783933845773109
72.0	-3.222580946270665
72.125	-3.634091583501878
72.25	-4.015157188576967
72.375	-4.362777730640949
72.5	-4.674289501146416
72.625	-4.947385900570908
72.75	-5.180136796055055
72.875	-5.371000571560895
73.0	-5.518835186377939
73.125	-5.622897893979387
73.25	-5.682852569253952
73.375	-5.698760911400614
73.5	-5.671072246464284
73.625	-5.600611559836862
73.75	-5.488571306969841
73.875	-5.336478279400007
74.0	-5.146181806984386
74.125	-4.91982362766249
74.25	-4.6598109605396765
74.375	-4.368787231615601
74.5	-4.049600798770266
74.625	-3.7052731770398597
74.75	-3.338966104465762
74.875	-2.953948935603505
75.0	-2.5535656777717994
75.125	-2.1412031201869803
75.25	-1.7202593247884483
75.375	-1.2941138731286095
75.5	-0.8660990755066443
75.625	-0.4394734672921853
75.75	-0.01739672516302058
75.875	0.39709274913375586
76.0	0.8010985231961161
76.125	1.1918839383287991
76.25	1.5668880471935032
76.375	1.923738592408501
76.5	2.260263121073786
76.625	2.5744972104606187
76.75	2.8646909611188653
76.875	3.129312788101852
77.0	3.3670517142749743
77.125	3.576817237170193
77.25	3.757738005581327
77.375	3.909158402175702
77.5	4.030634284475921
77.625	4.121926956113101
77.75	4.182996854608394
77.875	4.213995355830881
78.0	4.215257101090023
78.125	4.187290762755153
78.25	4.130770164427566
78.375	4.046524576761456
78.5	3.9355294076274436
78.625	3.798896307740084
78.75	3.6378628383394847
78.875	3.453787711697255
79.0	3.248130549393791
79.125	3.022456849716468
79.25	2.7784172863634424
79.375	2.5177447888706137
79.5	2.242243628362519
79.625	1.9537819564296126
79.75	1.6542820447846969
79.875	1.3457129238430636
80.0	1.0300806500033275
80.125	0.709420859379376
80.25	0.3857888720330581
80.375	0.061251973320721895
80.5	-0.26212082049600477
80.625	-0.5822669084870118
80.75	-0.8971408052580154
80.875	-1.2047228070661522
81.0	-1.5030302094039794
81.125	-1.790126498967694
81.25	-2.0641330453938695
81.375	-2.3232387241494585
81.5	-2.5657119346227275
81.625	-2.789910453257754
81.75	-2.9942935257522576
81.875	-3.177431649027592
82.0	-3.338018390589805
82.125	-3.474879674363039
82.25	-3.586985089381606
82.375	-3.6734559306750616
82.5	-3.7335755233070347
82.625	-3.7667960492698174
82.75	-3.772746873650165
82.875	-3.751239665774442
83.0	-3.7022745433045996
83.125	-3.6260428408249257
83.25	-3.5229306753161564
83.375	-3.393518964335075
83.5	-3.238584058438397
83.625	-3.0590947049381048
83.75	-2.8562095000666625
83.875	-2.6312706134532515
84.0	-2.3857979422915103
84.125	-2.121479549663823
84.25	-1.840162547552506
84.375	-1.5438403513077703
84.5	-1.2346404700204223
84.625	-0.9148098624285795
84.75	-0.5866960642972119
84.875	-0.2527345184034199
85.0	0.08457218591827244
85.125	0.4226736831737366
85.25	0.7589907999250052
85.375	1.090937100803458
85.5	1.4159388646554587
85.625	1.7314572467014122
85.75	2.035008499551581
85.875	2.324185965634602
86.0	2.5966797430039006
86.125	2.8502977026515692
86.25	3.0829837973446694
86.375	3.2928373146738643
86.5	3.478129061185304
86.625	3.637318295942931
86.75	3.7690651783531433
86.875	3.8722461887182975
87.0	3.9459622401818253
87.125	3.989549492749718
87.25	4.002585210869909
87.375	3.9848935699579524
87.5	3.9365474754222927
87.625	3.8578700295150323
87.75	3.7494319679210446
87.875	3.612048710502985
88.0	3.446773425054926
88.125	3.254889757739251
88.25	3.0379008708670145
88.375	2.7975172895418496
88.5	2.535643584952461
88.625	2.2543617610229707
88.75	1.9559137610083746
88.875	1.642683279524179
89.0	1.3171747211599256
89.125	0.9819927977393652
89.25	0.6398195023079792
89.375	0.29339210323496334
89.5	-0.05452105460012075
89.625	-0.40114332058150576
89.75	-0.7437142535985206
89.875	-1.0795122917011029
90.0	-1.405878716737277
90.125	-1.7202393633308515
90.25	-2.0201271892761823
90.375	-2.303202204324306
90.5	-2.5672718589126693
90.625	-2.8103084449960734
90.75	-3.0304666021808186
90.875	-3.2260975431279912
91.0	-3.395763089179816
91.125	-3.53824619741508
91.25	-3.6525610726330475
91.375	-3.737959616744735
91.5	-3.793937314932455
91.625	-3.8202353848147164
91.75	-3.8168422955621253
91.875	-3.783991557825192
92.0	-3.722158899084094
92.125	-3.632055799137216
92.25	-3.5146225064655345
92.375	-3.3710175816934957
92.5	-3.202607091944074
92.625	-3.010950569996187
92.75	-2.797786860651741
92.875	-2.5650170308040736
93.0	-2.314687458591335
93.125	-2.0489703345435686
93.25	-1.7701446765130888
93.375	-1.480575140749844
93.5	-1.1826917100935874
93.625	-0.878967583627483
93.75	-0.5718983203696993
93.875	-0.26397959566816326
94.0	0.04231341313855054
94.125	0.34454762635654484
94.25	0.6403516736671194
94.375	0.9274361128712195
94.5	1.203611332599025
94.625	1.4668057206925684
94.75	1.715081231329119
94.875	1.9466489248750503
95.0	2.1598816745735796
95.125	2.353326610685894
95.25	2.5257145609236105
95.375	2.6759690574783064
95.5	2.803212236576185
95.625	2.9067702022279787
95.75	2.9861752481419064
95.875	3.041167511100539
96.0	3.0716935173602704
96.125	3.0779041958878106
96.25	3.06014988579471
96.375	3.0189749098936174
96.5	2.9551093045258177
96.625	2.8694602721451923
96.75	2.7631010055314036
96.875	2.6372594401762735
97.0	2.4933046375332335
97.125	2.3327333405044373
97.25	2.157154452167139
97.375	1.968273958247083
97.5	1.7678780868047632
97.625	1.5578171988734708
97.75	1.3399882400625618
97.875	1.1163182142479038
98.0	0.8887465401794268
98.125	0.6592087139686694
98.25	0.4296191637928973
98.375	0.20185567659881368
98.5	-0.022256696041457847
98.625	-0.24095992063511545
98.75	-0.4525775289852148
98.875	-0.6555271486138072
99.0	-0.8483330784895454
99.125	-1.0296366823206142
99.25	-1.1982066497834887
99.375	-1.352946953178337
99.5	-1.4929045393723186
99.625	-1.6172746405395464
99.75	-1.7254057334243265
99.875	-1.8168020866500947
100.0	-1.8911259153077293
100.125	-1.9481961830220809
100.25	-1.9879918387228845
100.375	-2.010642960277139
100.5	-2.016431406210507
100.625	-2.005784244914984
100.75	-1.979267925450738
100.875	-1.9375803366010322
101.0	-1.8815427181543132
101.125	-1.8120896256967178
101.25	-1.730258894530492
101.375	-1.6371798509379352
101.5	-1.5340616960689735
101.625	-1.4221803556242318
101.75	-1.3028656982554128
101.875	-1.1774874587565893
102.0	-1.0474417444866826
102.125	-0.9141365017991844
102.25	-0.7789777941039285
102.375	-0.6433553065689055
102.5	-0.5086288995985588
102.625	-0.37611466144946126
102.75	-0.2470722494862661
102.875	-0.12269200238198562
103.0	-0.004083576402178695
103.125	0.10773538400692424
103.25	0.21184882891495727
103.375	0.30745160541483785
103.5	0.3938568132328628
103.625	0.470502661931628
103.75	0.5369572141550681
103.875	0.5929224509552311
104.0	0.6382361004937762
104.125	0.6728726593569374
104.25	0.6969421101785392
104.375	0.7106887956909466
104.5	0.7144828925231801
104.625	0.7088210689608871
104.75	0.6943149847327202
104.875	0.6716838928805007
105.0	0.6417441958509165
105.125	0.605398366064241
105.25	0.5636220201739065
105.375	0.5174505968927596
105.5	0.46796449856242184
105.625	0.41627414836824794
105.75	0.36350388901362607
105.875	0.310776169992928
106.0	0.2591950067521289
106.125	0.2098301445694959
106.25	0.1637009571462198
106.375	0.12176148649000029
106.5	0.08488568789610829
106.625	0.05385424664400873
106.75	0.029342049776189816
106.875	0.011907624995442678
107.0	0.0019836349615397486
107.125	-0.00013033002868312327
107.25	0.005726418293205193
107.375	0.019572374925118957
107.5	0.04128214701176455
107.625	0.07058742378391569
107.75	0.1070796392184645
107.875	0.15021529522083607
108.0	0.1993229384757334
108.125	0.2536126559295098
108.25	0.31218704667225633
108.375	0.37405443447111153
108.5	0.438143248053585
108.625	0.5033182398571355
108.75	0.5683974493425847
108.875	0.6321704999932651
109.0	0.6934171292209246
109.125	0.7509264746914839
109.25	0.8035160270805786
109.375	0.850050726090783
109.5	0.889461140465309
109.625	0.9207611826112905
109.75	0.9430643499839015
109.875	0.9555989380292436
110.0	0.9577212880657092
110.125	0.9489275277937713
110.25	0.9288629563687272
110.375	0.8973295600974961
110.5	0.8542909126658313
110.625	0.7998749852915948
110.75	0.7343742310805524
110.875	0.6582435138559126
111.0	0.5720953587953659
111.125	0.47669313969398697
111.25	0.37294179002436545
111.375	0.26187669101538713
111.5	0.14465042494854796
111.625	0.022518073894939317
111.75	-0.10317916048994469
111.875	-0.23103132453829062
112.0	-0.3595782216869666
112.125	-0.48732837875190643
112.25	-0.6127785726709226
112.375	-0.7344332603684011
112.5	-0.8508239840187419
112.625	-0.960528140934318
112.75	-1.0621871780266088
112.875	-1.1545236642930408
113.0	-1.2363573050786907
113.125	-1.3066194302401133
113.25	-1.364366036145225
113.375	-1.4087890025767194
113.5	-1.4392255885189265
113.625	-1.4551659223550242
113.75	-1.4562586175065875
113.875	-1.442314324169228
114.0	-1.413307373492171
114.125	-1.369375416130639
114.25	-1.3108172308898807
114.375	-1.2380886890020222
114.5	-1.1517970598420442
114.625	-1.052693716764822
114.75	-0.9416654274347132
114.875	-0.8197243483602041
115.0	-0.6879968940203558
115.125	-0.5477116487956519
115.25	-0.4001864657177959
115.375	-0.24681495693866656
115.5	-0.08905248239727098
115.625	0.0715981318683292
115.75	0.23360108593258339
115.875	0.3954020585003151
116.0	0.5554426130665246
116.125	0.712174293765504
116.25	0.864072461122484
116.375	1.0096495922534392
116.5	1.1474681536005291
116.625	1.2761527589208745
116.75	1.3944017771435557
116.875	1.5009980885824579
117.0	1.5948192075373897
117.125	1.6748464517180552
117.25	1.7401734257772574
117.375	1.7900134768279368
117.5	1.8237064340131133
117.625	1.840724262990998
117.75	1.8406759881068666
117.875	1.8233114823488203
118.0	1.7885245154579676
118.125	1.7363546269710524
118.25	1.666988250437922
118.375	1.5807586212254163
118.5	1.4781449298710525
118.625	1.3597702195758044
118.75	1.2263985269317421
118.875	1.0789307326673059
119.0	0.9183996613923997
119.125	0.74596386850294
119.25	0.5629006968278685
119.375	0.37059801646041735
119.5	0.1705452781331116
119.625	-0.03567672704646144
119.75	-0.2464067192799557
119.875	-0.4599150172732888
120.0	-0.6744161234251551
120.125	-0.8880824451964016
120.25	-1.0990583575488224
120.375	-1.3054752572803316
120.5	-1.5054667557873909
120.625	-1.6971846739429224
120.75	-1.8788149282840816
120.875	-2.0485939871342764
121.0	-2.204824931415625
121.125	-2.345893817650301
121.25	-2.4702853281743478
121.375	-2.576598430588108
121.5	-2.6635609880199427
121.625	-2.7300440738237524
121.75	-2.7750748963474705
121.875	-2.7978491270654766
122.0	-2.7977415100412344
122.125	-2.7743155942664477
122.25	-2.7273314476779555
122.375	-2.6567522511919317
122.5	-2.562748620580884
122.625	-2.4457016192780068
122.75	-2.3062033062888525
122.875	-2.1450558538840063
123.0	-1.9632680815905277
123.125	-1.762050518026324
123.25	-1.5428078436578243
123.375	-1.307129906255452
123.5	-1.0567801708505578
123.625	-0.7936828773845335
123.75	-0.5199077764914498
123.875	-0.23765379691443497
124.0	0.05076947876164231
124.125	0.3429610996400098
124.25	0.6364499150105083
124.375	0.9287161240157472
124.5	1.2172143332470864
124.625	1.499396556528197
124.75	1.7727362971064209
124.875	2.034752091549251
125.0	2.2830316787646128
125.125	2.515255128571736
125.25	2.7292181270489553
125.375	2.9228537189233004
125.5	3.094253749004323
125.625	3.2416882795663784
125.75	3.363624281257509
125.875	3.458741861444928
126.0	3.525949393260822
126.125	3.5643958056895837
126.25	3.5734814725777255
126.375	3.5528659653632864
126.5	3.502474189350972
126.625	3.4224991790146064
126.75	3.313403159469153
126.875	3.175915164409449
127.0	3.011026908129319
127.125	2.8199852185620222
127.25	2.6042828202175636
127.375	2.3656457900272705
127.5	2.106019564623409
127.625	1.8275518351758258
127.75	1.5325742940253917
127.875	1.2235815771395757
128.0	0.9032094462560633
128.125	0.5742105554154037
128.25	0.2394299174251676
128.375	-0.09822159328482315
128.5	-0.4357935236421858
128.625	-0.7703235927345613
128.75	-1.0988646809354112
128.875	-1.4185127688215473
129.0	-1.7264335557451191
129.125	-2.0198895103752443
129.25	-2.296265053600944
129.375	-2.5530916781545847
129.5	-2.7880706866196685
129.625	-2.9990954147618942
129.75	-3.18427061296844
129.875	-3.341930924731596
130.0	-3.470656134608229
130.125	-3.569285204493712
130.25	-3.636926777127835
130.375	-3.672968251645067
130.5	-3.6770811214464834
130.625	-3.649224769184859
130.75	-3.589646423223219
130.875	-3.498879562139938
131.0	-3.377738486212454
131.125	-3.2273114337991813
131.25	-3.0489499743958226
131.375	-2.844257145026524
131.5	-2.615072070759517
131.625	-2.3634536201357936
131.75	-2.0916608395860243
131.875	-1.8021327953778945
132.0	-1.4974655631126437
132.125	-1.1803890632477345
132.25	-0.8537414700000446
132.375	-0.5204439531463977
132.5	-0.18347345792616257
132.625	0.15416366595874648
132.75	0.489459513140612
132.875	0.8194310965143973
133.0	1.141147815279061
133.125	1.4517570324029936
133.25	1.7485101822019442
133.375	2.028786500400206
133.5	2.29011685795508
133.625	2.5302047762444837
133.75	2.7469471733040205
133.875	2.9384519109012364
134.0	3.1030547670180875
134.125	3.2393329012288117
134.25	3.346117517371973
134.375	3.4225027926016485
134.5	3.4678538603250852
134.625	3.4818109199083267
134.75	3.4642923453293033
134.875	3.4154938699386452
135.0	3.3358868040487284
135.125	3.226212365609815
135.25	3.087475163494503
135.375	2.920932914022586
135.5	2.7280855098472427
135.625	2.510660518107649
135.75	2.2705983020990477
135.875	2.010033834381156
136.0	1.7312784651978308
136.125	1.4367986989755386
136.25	1.1291953061069868
136.375	0.8111798008130043
136.5	0.48555166882486084
136.625	0.15517334650439504
136.75	-0.17705361536244096
136.875	-0.5082142379708827
137.0	-0.8354041753996092
137.125	-1.1557552285509411
137.25	-1.4664588007333594
137.375	-1.76479042391266
137.5	-2.048131814847554
137.625	-2.3139936468794438
137.75	-2.560035472861425
137.875	-2.7840860472767335
138.0	-2.9841604641647366
138.125	-3.1584774258742105
138.25	-3.305473044360458
138.375	-3.423814560764977
138.5	-3.512410373085199
138.625	-3.570419831151249
138.75	-3.597259178791714
138.875	-3.5926071776285977
139.0	-3.556407057102078
139.125	-3.488866485407716
139.25	-3.3904576704643015
139.375	-3.2619116984387815
139.5	-3.1042130404465236
139.625	-2.9185922410041236
139.75	-2.7065150441602928
139.875	-2.469671517004782
140.0	-2.2099614963141314
140.125	-1.9294802616086346
140.25	-1.630500742581905
140.375	-1.3154562306971997
140.5	-0.9869198811574922
140.625	-0.6475850376332842
140.75	-0.30024263974474624
140.875	0.05224019609638006
141.0	0.40694419354158073
141.125	0.7609203867270009
141.25	1.1112148514870117
141.375	1.4548915046125102
141.5	1.7890568198250276
141.625	2.1108822241071343
141.75	2.417628069821306
141.875	2.706664907632867
142.0	2.9754960076724104
142.125	3.221776820179144
142.25	3.4433353801154682
142.375	3.638189317818989
142.5	3.804563541983471
142.625	3.9409042320936134
142.75	4.045893272734821
142.875	4.118458745718141
143.0	4.157785682374023
143.125	4.163322673945723
143.25	4.134788615542044
143.375	4.072174657892605
143.5	3.9757493041904732
143.625	3.84605184983751
143.75	3.6838943793037107
143.875	3.4903532271054485
144.0	3.2667677520460057
144.125	3.0147232787977054
144.25	2.736045082250131
144.375	2.4327831433497655
144.5	2.1071982665866207
144.625	1.761744153325987
144.75	1.399050166634079
144.875	1.021900282311762
145.0	0.6332130336509967
145.125	0.23601792237566582
145.25	-0.16656682862380076
145.375	-0.5713597350752095
145.5	-0.9751397844595563
145.625	-1.3746730288229274
145.75	-1.766737039723299
145.875	-2.1481478494760573
146.0	-2.515784328478197
146.125	-2.8666146668692343
146.25	-3.1977198636659065
146.375	-3.5063189422339525
146.5	-3.789790754783191
146.625	-4.04569616410853
146.75	-4.271801480251088
146.875	-4.466092557347099
147.0	-4.626795350868007
147.125	-4.75239177462846
147.25	-4.841632191692112
147.375	-4.8935484091704655
147.5	-4.907461935701272
147.625	-4.882992566073753
147.75	-4.820062037498319
147.875	-4.718897905768548
148.0	-4.58003237442986
148.125	-4.4043013117296645
148.25	-4.192838178834919
148.375	-3.9470681921668627
148.5	-3.6686974342167997
148.625	-3.3597023240350774
148.75	-3.022314151835016
148.875	-2.6590041761972865
149.0	-2.272463976272119
149.125	-1.8655866424035012
149.25	-1.4414434821147148
149.375	-1.0032619062120094
149.5	-0.5543991518648247
149.625	-0.09831758399430444
149.75	0.3614437939609984
149.875	0.8212958077570277
150.0	1.2776289598854613
150.125	1.726840780563781
150.25	2.165366123296483
150.375	2.589704471570235
150.5	2.996449745409766
150.625	3.382316624834104
150.75	3.7441689346074933
150.875	4.079044065425646
151.0	4.384179039622177
151.125	4.657032162081508
151.25	4.89530593584339
151.375	5.096965155622045
151.5	5.260255937257884
151.625	5.383719575140619
151.75	5.46620707045744
151.875	5.5068882064499025
152.0	5.505261103616489
152.125	5.46115611936011
152.25	5.3747401191053905
152.375	5.246514974539606
152.5	5.077316412701647
152.625	4.868307064113862
152.75	4.620969931497281
152.875	4.337096119661408
153.0	4.018773145501785
153.125	3.668367659395897
153.25	3.288508992363174
153.375	2.882067347765753
153.5	2.4521331439125453
153.625	2.0019913091862014
153.75	1.5350971232567894
153.875	1.0550473829117535
154.0	0.5655535672752096
154.125	0.0704107508205996
154.25	-0.4265309868194135
154.375	-0.9213989438792924
154.5	-1.4103271568083362
154.625	-1.8894890741352481
154.75	-2.355126670013901
154.875	-2.803582389060382
155.0	-3.2313269986894277
155.125	-3.634989804861723
155.25	-4.011384265731663
155.375	-4.357535532023778
155.5	-4.670702914726064
155.625	-4.948403889898065
155.75	-5.18843261438669
155.875	-5.388879650435609
156.0	-5.548145852322663
156.125	-5.664957207334664
156.25	-5.7383735684944
156.375	-5.767798170519835
156.5	-5.752980854264809
156.625	-5.694021993684437
156.75	-5.591370040444227
156.875	-5.445819784606888
157.0	-5.258504236812208
157.125	-5.030887334982481
157.25	-4.76475037005928
157.375	-4.462179436989093
157.5	-4.125546791741719
157.625	-3.757493520791796
157.75	-3.3609063857942503
157.875	-2.9388963456747863
158.0	-2.4947715951059926
158.125	-2.0320127116763254
158.25	-1.554242720062144
158.375	-1.0651997488214553
158.5	-0.568705049600602
158.625	-0.06863413008212361
158.75	0.43111627660768737
158.875	0.9266563990257378
159.0	1.4141408843103287
159.125	1.8897915321208305
159.25	2.349933125552175
159.375	2.791019876761306
159.5	3.209665489861877
159.625	3.602667994003307
159.75	3.9670369013985955
159.875	4.300014683129584
160.0	4.599100207462891
160.125	4.862066104472447
160.25	5.086977798259975
160.375	5.272206146837629
160.5	5.416441532882839
160.625	5.518701325669708
160.75	5.578338663264207
160.875	5.595044458028784
161.0	5.568850682843173
161.125	5.500126824765285
161.25	5.38957767272192
161.375	5.238234308970039
161.5	5.047446579378622
161.625	4.818868893049355
161.75	4.554447732527268
161.875	4.256402702156876
162.0	3.9272095983407955
162.125	3.569577301182389
162.25	3.1864270687986784
162.375	2.7808659993995164
162.5	2.3561633338889023
162.625	1.9157213224061775
162.75	1.4630498438148063
162.875	1.001733429976616
163.0	0.5354085948032246
163.125	0.06772797422345841
163.25	-0.3976647099520806
163.375	-0.8571663792376432
163.5	-1.3072410338774216
163.625	-1.7444498529009143
163.75	-2.1654759400117016
163.875	-2.567152325646181
164.0	-2.946484159606741
164.125	-3.300673795695915
164.25	-3.627139662230548
164.375	-3.9235377175721298
164.5	-4.187776349268676
164.625	-4.418033619174851
164.75	-4.612768213829536
164.875	-4.77072938654802
165.0	-4.8909678602859055
165.125	-4.9728381945076405
165.25	-5.016002004699236
165.375	-5.02043009639588
165.5	-4.9863979813637345
165.625	-4.914483587926877
165.75	-4.805557880659885
165.875	-4.660777843758376
166.0	-4.481572511275633
166.125	-4.269631606191454
166.25	-4.026887435169549
166.375	-3.755499704672703
166.5	-3.4578338635317936
166.625	-3.1364427363602805
166.75	-2.7940420047831136
166.875	-2.4334893937916773
167.0	-2.057758064976206
167.125	-1.6699141604752477
167.25	-1.2730889366045386
167.375	-0.8704555107969174
167.5	-0.4652005902273132
167.625	-0.06050127872263572
167.75	0.3405027480295252
167.875	0.7347315360604953
168.0	1.1191914113299493
168.125	1.4909955795834866
168.25	1.8473886565344284
168.375	2.1857648509288774
168.5	2.5036897882574722
168.625	2.7989156479851456
168.75	3.0694005990106947
168.875	3.3133165637133475
169.0	3.5290701361626025
169.125	3.7153058535517003
169.25	3.870918117521985
169.375	3.9950546224775265
169.5	4.0871228822028325
169.625	4.146790340920331
169.75	4.1739826743292685
169.875	4.168884624426489
170.0	4.131934109947212
170.125	4.06381400746773
170.25	3.9654463575141627
170.375	3.837979364698181
170.5	3.6827780678870936
170.625	3.5014079912185556
170.75	3.2956227575515085
170.875	3.0673449169605584
171.0	2.8186510730165124
171.125	2.5517504953245767
171.25	2.2689683972310033
171.375	1.9727229966404733
171.5	1.6655076296943774
171.625	1.349866958075826
171.75	1.0283786250751656
171.875	0.7036293173142555
172.0	0.3781966672737944
172.125	0.054625863133209836
172.25	-0.26458752401134117
172.375	-0.5770197255848175
172.5	-0.8803343932551417
172.625	-1.1723029811278818
172.75	-1.4508182457064496
172.875	-1.7139123028771854
173.0	-1.9597675320629517
173.125	-2.1867318779656975
173.25	-2.393326779187544
173.375	-2.5782593884839513
173.5	-2.740427254409929
173.625	-2.878927245642248
173.75	-2.9930568285225085
173.875	-3.082319596832871
174.0	-3.146423104427599
174.125	-3.1852810176720103
174.25	-3.1990075766980786
174.375	-3.1879164996370695
174.5	-3.152512254604133
174.625	-3.0934859492088638
174.75	-3.0117036946744955
174.875	-2.90819980759745
175.0	-2.784162634558561
175.125	-2.640925472884375
175.25	-2.479950296134352
175.375	-2.30281686439927
175.5	-2.1112048461524537
175.625	-1.9068816347149826
175.75	-1.6916833987722781
175.875	-1.467502149000493
176.0	-1.2362662673599363
176.125	-0.9999273761360848
176.25	-0.7604408948887484
176.375	-0.5197532536006823
176.5	-0.2797830064969047
176.625	-0.04240890254715851
176.75	0.19054795148945108
176.875	0.41733469476499263
177.0	0.6362830599580976
177.125	0.8458182418197266
177.25	1.0444733806379365
177.375	1.2308963570956186
177.5	1.4038621124019717
177.625	1.5622771105768147
177.75	1.7051892789514502
177.875	1.831789964284348
178.0	1.9414213642060107
178.125	2.033575891173208
178.25	2.1079010529420312
178.375	2.1641962249451305
178.5	2.202415022735397
178.625	2.2226595657229065
178.75	2.225180463660738
178.875	2.2103687298907864
179.0	2.1787535746322932
179.125	2.1309921914823438
179.25	2.067865610312227
179.375	1.9902666348549685
179.5	1.8991940558561904
179.625	1.7957390589589002
179.75	1.6810781335813825
179.875	1.5564582985659507
180.0	1.4231890640614784
180.125	1.2826268379426153
180.25	1.13616630756583
180.375	0.985224393982098
180.5	0.8312314193657276
180.625	0.6756149704144078
180.75	0.5197912076761293
180.875	0.3651489866321113
181.0	0.21304164960135097
181.125	0.06477173545133197
181.25	-0.07841642414085058
181.375	-0.21535109508021658
181.5	-0.3449394383618983
181.625	-0.46618070901312536
181.75	-0.5781711646864695
181.875	-0.6801158000916782
182.0	-0.7713316017252864
182.125	-0.8512575618541798
182.25	-0.9194560312208327
182.375	-0.9756207735907274
182.5	-1.0195761860166703
182.625	-1.0512831743388706
182.75	-1.0708350178625141
182.875	-1.078464911657486
183.0	-1.0745342959185176
183.125	-1.0595378301168297
183.25	-1.0340941053498602
183.375	-0.9989439821449775
183.5	-0.9549395750491597
183.625	-0.9030399252852502
183.75	-0.8442972763137565
183.875	-0.7798501484371158
184.0	-0.7109070300616414
184.125	-0.6387370440752518
184.25	-0.564651314150751
184.375	-0.48999155824018764
184.5	-0.4161095441674624
184.625	-0.3443541079054403
184.75	-0.2760492799194917
184.875	-0.21248039502872093
185.0	-0.15487163854201325
185.125	-0.1043720766941032
185.25	-0.062033524184036265
185.375	-0.02879746269005021
185.5	-0.005474251240933028
185.625	0.00726800318784742
185.75	0.008921802453692795
185.875	-0.0008516657990187474
186.0	-0.022207694376970767
186.125	-0.055114092916733665
186.25	-0.09934088536672997
186.375	-0.15446139421071164
186.5	-0.21984730550326717
186.625	-0.2946755179525386
186.75	-0.377929149751526
186.875	-0.46841056512634616
187.0	-0.564748553822408
187.125	-0.6654175699809529
187.25	-0.7687509087392919
187.375	-0.8729657640904485
187.5	-0.9761817847978317
187.625	-1.0764511102328647
187.75	-1.1717812439860917
187.875	-1.2601687964604478
188.0	-1.339625207864991
188.125	-1.4082125531333998
188.25	-1.4640703158859374
188.375	-1.505451333396632
188.5	-1.530747605791841
188.625	-1.5385243092894536
188.75	-1.5275425491514343
188.875	-1.496789371925003
189.0	-1.4454954541960385
189.125	-1.3731592101511065
189.25	-1.2795576548950058
189.375	-1.1647630287046737
189.5	-1.029145472269413
189.625	-0.8733810545726443
189.75	-0.698445421555044
189.875	-0.505612687389654
190.0	-0.2964398282595164
190.125	-0.07275653200188308
190.25	0.16335924430929716
190.375	0.4095997262169107
190.5	0.663459552347181
190.625	0.9222611874353239
190.75	1.1831933348572263
190.875	1.443341467132735
191.0	1.6997303766250904
191.125	1.949357616763299
191.25	2.1892378665431886
191.375	2.416436883540404
191.5	2.6281152576776807
191.625	2.8215604703577144
191.75	2.9942276989541976
191.875	3.143767752148159
192.0	3.2680628471559525
192.125	3.365248529705526
192.25	3.433742753522539
192.375	3.472260359812
192.5	3.479834302540806
192.625	3.4558218115652943
192.75	3.399917179012635
192.875	3.3121493113660394
193.0	3.1928860699960704
193.125	3.042823479377462
193.25	2.862982149243843
193.375	2.65468890250076
193.5	2.4195662556878856
193.625	2.1595076244470257
193.75	1.8766611724250715
193.875	1.5734000204913199
194.0	1.2523019751290256
194.125	0.916116300481015
194.25	0.5677409034192628
194.375	0.2101872297094561
194.5	-0.153443574321609
194.625	-0.519996191336216
194.75	-0.8862846329283991
194.875	-1.2491269423011715
195.0	-1.6053672227818852
195.125	-1.9519085125277538
195.25	-2.2857324741639258
195.375	-2.6039297118299314
195.5	-2.903716523748055
195.625	-3.1824621918612834
195.75	-3.4377024432843806
195.875	-3.667163465813215
196.0	-3.868771921747642
196.125	-4.040675611560331
196.25	-4.181250022065473
196.375	-4.28911566787568
196.5	-4.363141232450313
196.625	-4.402457664362777
196.75	-4.406457990399955
196.875	-4.374808240966534
197.0	-4.3074439923004935
197.125	-4.204578158442074
197.25	-4.06669427270527
197.375	-3.8945511318021895
197.5	-3.6891727748583976
197.625	-3.451849918324895
197.75	-3.18412655312384
197.875	-2.8877980846245497
198.0	-2.5648944607801054
198.125	-2.217674943151721
198.25	-1.848607711872065
198.375	-1.4603612491944404
198.5	-1.0557804453340216
198.625	-0.6378746765837117
198.75	-0.20979055761470258
198.875	0.22520306318398328
199.0	0.6637454024324169
199.125	1.1024014363867505
199.25	1.5376947686190412
199.375	1.9661274367467996
199.5	2.384214680861232
199.625	2.7885061015749493
199.75	3.175621485839766
199.875	3.542272392328087
200.0	3.885298044292884
200.125	4.201686291191574
200.25	4.488608474583627
200.375	4.743438637516748
200.5	4.9637862209272985
200.625	5.147512374360481
200.75	5.292759354407672
200.875	5.397962836928044
201.0	5.461876968391114
201.125	5.483581691124079
201.25	5.462502540839093
201.375	5.398412168046133
201.5	5.291444173849545
201.625	5.142088233841679
201.75	4.951197508943368
201.875	4.719977040744036
202.0	4.449984551314841
202.125	4.143112066587171
202.25	3.8015802133850376
202.375	3.4279133242024855
202.5	3.0249276350802483
202.625	2.5957004149428973
202.75	2.143552748516137
202.875	1.6720135008273618
203.0	1.184797620427171
203.125	0.685765980931472
203.25	0.17890034863291432
203.375	-0.3317396734522199
203.5	-0.8420437130964795
203.625	-1.347895229672695
203.75	-1.845199219510364
203.875	-2.3299269437575063
204.0	-2.798142841075932
204.125	-3.2460479638977695
204.25	-3.6700046989805695
204.375	-4.066577555953773
204.5	-4.432554389049838
204.625	-4.764983303804467
204.75	-5.0611892224426915
204.875	-5.318805849263164
205.0	-5.5357866197543215
205.125	-5.71043088352298
205.25	-5.841388513244861
205.375	-5.927679715163284
205.5	-5.968692836922702
205.625	-5.964197487609325
205.75	-5.914335360936281
205.875	-5.819626626851728
206.0	-5.680953865687807
206.125	-5.4995619688456525
206.25	-5.277035547929192
206.375	-5.015292840839369
206.5	-4.716557206000434
206.625	-4.383345761398798
206.75	-4.0184357875675545
206.875	-3.6248490213451188
207.0	-3.2058139639253875
207.125	-2.7647469010445027
207.25	-2.3052112378966028
207.375	-1.830896418024024
207.5	-1.3455754813953924
207.625	-0.8530831028590176
207.75	-0.35727259181510523
207.875	0.13800573242442682
208.0	0.6289469100697797
208.125	1.1118114645785298
208.25	1.5829660288719785
208.375	2.0389009027977165
208.5	2.4762679431391663
208.625	2.8918946270543455
208.75	3.282818367370859
208.875	3.64629632283742
209.0	3.979835481317461
209.125	4.281197648315279
209.25	4.548424839110728
209.375	4.7798390801146216
209.5	4.9740628570657455
209.625	5.130013569696439
209.75	5.246918987350812
209.875	5.324306396971223
210.0	5.362013211040714
210.125	5.360171033654255
210.25	5.31921174073033
210.375	5.239846851755619
210.5	5.1230695523290315
210.625	4.970129894433404
210.75	4.782533351783524
210.875	4.562012475272549
211.0	4.310522659291429
211.125	4.030210949230391
211.25	3.7234097507426545
211.375	3.3926035225742077
211.5	3.040421181254598
211.625	2.669601416506262
211.75	2.2829845332721446
211.875	1.8834771014536948
212.0	1.4740439391293023
212.125	1.0576727575641827
212.25	0.6373669286149893
212.375	0.2161107149446208
212.5	-0.2031366136269808
212.625	-0.6174744603302009
212.75	-1.0240649611957358
212.875	-1.420165165571068
213.0	-1.803128892581508
213.125	-2.1704370991164836
213.25	-2.519697249447257
213.375	-2.8486716529339757
213.5	-3.1552741545031613
213.625	-3.4375963128012015
213.75	-3.693901301940536
213.875	-3.9226478792291055
214.0	-4.122481459828707
214.125	-4.292255889177246
214.25	-4.4310217101977285
214.375	-4.538045807926167
214.5	-4.612796933060805
214.625	-4.654963325086973
214.75	-4.664435586768689
214.875	-4.641322418243425
215.0	-4.585930956011484
215.125	-4.498780765970622
215.25	-4.380581769816642
215.375	-4.232246652382988
215.5	-4.054866500942604
215.625	-3.8497217845164786
215.75	-3.6182558304610537
215.875	-3.362084533769421
216.0	-3.0829677936513065
216.125	-2.7828181123067366
216.25	-2.4636701148183566
216.375	-2.127688202092118
216.5	-1.7771342826501395
216.625	-1.4143746554774257
216.75	-1.0418460939052505
216.875	-0.6620621522796483
217.0	-0.2775777609047462
217.125	0.10900482381839516
217.25	0.49507272853554796
217.375	0.8779966168977881
217.5	1.25516848595632
217.625	1.6239956333636558
217.75	1.9819392879887583
217.875	2.3265089679801254
218.0	2.65529777005172
218.125	2.9659811151674553
218.25	3.256351767531882
218.375	3.524312232809038
218.5	3.767914007665008
218.625	3.9853470681280254
218.75	4.174978598686369
218.875	4.335341296431241
219.0	4.465167268249791
219.125	4.5633781054066995
219.25	4.629117979205472
219.375	4.661735817734741
219.5	4.660820188644902
219.625	4.6261770541173926
219.75	4.557862695780805
219.875	4.456157443191661
220.0	4.321596396259008
220.125	4.154938789083028
220.25	3.95719635206177
220.375	3.729598054921957
220.5	3.4736160564123626
220.625	3.1909256678918503
220.75	2.8834289604900314
220.875	2.5532099000607014
221.0	2.2025558162135925
221.125	1.8339077761250384
221.25	1.4498802623708833
221.375	1.0532069714687435
221.5	0.6467591928192349
221.625	0.23348733174619243
221.75	-0.18356137539916734
221.875	-0.6013052111162929
222.0	-1.0166101557898706
222.125	-1.4263556228728762
222.25	-1.8274156409356956
222.375	-2.2167274258828624
222.5	-2.5912705710556834
222.625	-2.948137878149847
222.75	-3.28451147740631
222.875	-3.597735345126216
223.0	-3.8852872155240936
223.125	-4.144852260355005
223.25	-4.374289615836435
223.375	-4.571706793470852
223.5	-4.73541962689176
223.625	-4.8640271267738555
223.75	-4.95636364782927
223.875	-5.0115740993409945
224.0	-5.029057132303798
224.125	-5.008540876527182
224.25	-4.950015937466086
224.375	-4.853812160096408
224.5	-4.720520182470841
224.625	-4.551070141073545
224.75	-4.346640420619371
224.875	-4.1087397427847
225.0	-3.83910152781632
225.125	-3.5397714987519655
225.25	-3.2129856451843466
225.375	-2.861266423560441
225.5	-2.487281536585269
225.625	-2.093953205227849
225.75	-1.6842935576714073
225.875	-1.2615336880117411
226.0	-0.8289287586122972
226.125	-0.38991756952514905
226.25	0.0521150396360601
226.375	0.4936291265403924
226.5	0.9312354220430614
226.625	1.3613970193265241
226.75	1.780869437291395
226.875	2.186199880926097
227.0	2.5746360798817434
227.125	2.9422795114732088
227.25	3.286206517675356
227.375	3.6041747620540674
227.5	3.893569491215922
227.625	4.152307413968632
227.75	4.378324574782265
227.875	4.570005261014691
228.0	4.725867415851773
228.125	4.844852186870891
228.25	4.926094019703397
228.375	4.969137660201066
228.5	4.97375382051384
228.625	4.940109901409834
228.75	4.8686130592849945
228.875	4.7600479574223655
229.0	4.615437435707527
229.125	4.436155164825205
229.25	4.223798203734215
229.375	3.980279790956339
229.5	3.7077103497110078
229.625	3.4084742448271172
229.75	3.0851171875192054
229.875	2.740409986556928
230.0	2.3772412128282596
230.125	1.9986704892830927
230.25	1.6078258902589742
230.375	1.20794899866094
230.5	0.8022969352472259
230.625	0.3941811826316755
230.75	-0.013125579720888306
230.875	-0.4163550731975253
231.0	-0.8123314297623041
231.125	-1.1979395743597065
231.25	-1.570207641139399
231.375	-1.926276679846687
231.5	-2.2634770212070947
231.625	-2.5792980326783423
231.75	-2.8714580134579624
231.875	-3.1378729237548812
232.0	-3.3767188084259905
232.125	-3.5864016235123155
232.25	-3.7656083768478883
232.375	-3.913274910475026
232.5	-4.028634109785236
232.625	-4.111175782515287
232.75	-4.160693316511646
232.875	-4.177235620152831
233.0	-4.161146046241359
233.125	-4.113016607261822
233.25	-4.033716843643674
233.375	-3.924345933926416
233.5	-3.7862557945466992
233.625	-3.6210006500439627
233.75	-3.430355068466093
233.875	-3.2162615341639498
234.0	-2.9808442333877734
234.125	-2.7263552930576465
234.25	-2.45518521279839
234.375	-2.169808519844571
234.5	-1.8727917933591602
234.625	-1.566739536406514
234.75	-1.2543007541655227
234.875	-0.938115858167022
235.0	-0.6208229894738654
235.125	-0.30500551027634915
235.25	0.006799053714672317
235.375	0.3121501951386689
235.5	0.6086955209346909
235.625	0.8942164844753048
235.75	1.1666188164719593
235.875	1.423974244445592
236.0	1.6645084455025336
236.125	1.8866385854826044
236.25	2.0889583641953986
236.375	2.2702711021126367
236.5	2.4295716033082484
236.625	2.566074668198072
236.75	2.6791936574733612
236.875	2.7685644609345657
237.0	2.834020800857731
237.125	2.8756138331696754
237.25	2.8935843749726975
237.375	2.8883784493766784
237.5	2.860616753920964
237.625	2.8111065792082104
237.75	2.7408089480702365
237.875	2.6508474365024908
238.0	2.5424735039311672
238.125	2.417072819606783
238.25	2.276129369613421
238.375	2.1212299407384108
238.5	1.9540276284283122
238.625	1.7762451522579912
238.75	1.589638400543564
238.875	1.3959992470881661
239.0	1.1971197533928648
239.125	0.9947951266539347
239.25	0.7907891613000865
239.375	0.5868379255404258
239.5	0.38461696305643406
239.625	0.18574649633862353
239.75	-0.00824120204732756
239.875	-0.1958891499124407
240.0	-0.37585308689170094
240.125	-0.5468848608547421
240.25	-0.7078612762391435
240.375	-0.8577726192918653
240.5	-0.995744972457643
240.625	-1.1210270812764747
240.75	-1.233009703269249
240.875	-1.3312101499835014
241.0	-1.4152887434278583
241.125	-1.4850311331567652
241.25	-1.5403620287515383
241.375	-1.581325483029251
241.5	-1.6080961528627948
241.625	-1.6209578175742458
241.75	-1.6203124897403711
241.875	-1.606657500177534
242.0	-1.5805928332628667
242.125	-1.542797155007938
242.25	-1.494033782611968
242.375	-1.4351260591447668
242.5	-1.3669623841235676
242.625	0.0
242.75	0.0
242.875	0.0
243.0	0.0
243.125	0.0
243.25	0.0
243.375	0.0
243.5	0.0
243.625	0.0
243.75	0.0
243.875	0.0
244.0	0.0
244.125	0.0
244.25	0.0
244.375	0.0
244.5	0.0
244.625	0.0
244.75	0.0
244.875	0.0
245.0	0.0
245.125	0.0
245.25	0.0
245.375	0.0
245.5	0.0
245.625	0.0
245.75	0.0
245.875	0.0
246.0	0.0
246.125	0.0
246.25	0.0
246.375	0.0
246.5	0.0
246.625	0.0
246.75	0.0
246.875	0.0
247.0	0.0
247.125	0.0
247.25	0.0
247.375	0.0
247.5	0.0
247.625	0.0
