0.0	0.0
0.125	0.0
0.25	0.0
0.375	0.0
0.5	0.0
0.625	0.0
0.75	0.0
0.875	0.0
1.0	0.0
1.125	0.0
1.25	0.0
1.375	0.0
1.5	0.0
1.625	0.0
1.75	0.0
1.875	-0.0368928546803308
2.0	-0.0415534225278182
2.125	-0.04680703545423746
2.25	-0.051747863292126065
2.375	-0.05718482232671188
2.5	-0.06218589128921103
2.625	-0.06755868486053675
2.75	-0.07234542195908668
2.875	-0.07735383260845746
3.0	-0.08160171882182267
3.125	-0.08589931177702509
3.25	-0.08924231398801752
3.375	-0.09244685122246817
3.5	-0.09448982859108689
3.625	-0.09619764897801596
3.75	-0.09653265576904206
3.875	-0.09633681771300365
4.0	-0.09456296807355637
4.125	-0.09207468598706499
4.25	-0.08782097684757088
4.375	-0.08269361370450519
4.5	-0.07564383774251111
4.625	-0.06759846145428305
4.75	-0.05751710219941222
4.875	-0.04636839312526303
5.0	-0.03312619789461227
5.125	-0.018807326787317703
5.25	-0.002405117455337919
5.375	0.015009886752219505
5.5	0.03442066635412532
5.625	0.05469855977698031
5.75	0.07680003878398745
5.875	0.0995354520893278
6.0	0.12383363979867064
6.125	0.14844289752901477
6.25	0.17426527982947085
6.375	0.19998800099725153
6.5	0.2264893346338568
6.625	0.2523985648412413
6.75	0.27857544803454903
6.875	0.30359671878733485
7.0	0.32831114234516273
7.125	0.3512504639750633
7.25	0.3732621479383082
7.375	0.3928425386366547
7.5	0.4108494556961363
7.625	0.4257552101782278
7.75	0.438441307359778
7.875	0.4473688322394571
8.0	0.45345760284938785
8.125	0.45517130639980463
8.25	0.4534835476030489
8.375	0.4468749799323083
8.5	0.4363888063753654
8.625	0.42053700903926095
8.75	0.400447984749381
8.875	0.37467883000096014
9.0	0.3444579316001889
9.125	0.308400111994545
9.25	0.26784714648125524
9.375	0.2214824154250466
9.5	0.1707724853321016
9.625	0.114477748568279
9.75	0.05419838691553667
9.875	-0.011222694645049432
10.0	-0.08004600506066427
10.125	-0.1533441157383783
10.25	-0.2292361647979667
10.375	-0.3087121568792984
10.5	-0.3897518638925179
10.625	-0.4732690481080394
10.75	-0.5571105293632252
10.875	-0.6421248179801783
11.0	-0.726036834566028
11.125	-0.809645666711282
11.25	-0.8905701172608314
11.375	-0.9695805409032983
11.5	-1.0442100582022456
11.625	-1.115225687632714
11.75	-1.180099694075885
11.875	-1.2396255119204778
12.0	-1.2912432967294003
12.125	-1.3358064399178948
12.25	-1.3707549597403061
12.375	-1.3970387429490083
12.5	-1.4121319451516496
12.625	-1.4171194658727204
12.75	-1.4095450277805304
12.875	-1.390667805780146
13.0	-1.3581363185540458
13.125	-1.3134225976498124
13.25	-1.25431345178713
13.375	-1.1825300870978823
13.5	-1.0960276926181867
13.625	-0.9968090173292018
13.75	-0.8830225710614753
13.875	-0.7569793378344883
14.0	-0.6170391855628043
14.125	-0.46584065903821004
14.25	-0.30196443808614276
14.375	-0.12838701857821436
14.5	0.05609075640164905
14.625	0.24815434106750187
14.75	0.4487947457152183
14.875	0.6543706166756093
15.0	0.8656891221609871
15.125	1.0788053348485491
15.25	1.2943796605445166
15.375	1.5081989939153002
15.5	1.7208268109488816
15.625	1.9278290010919228
15.75	2.129734103290059
15.875	2.3219449607746254
16.0	2.505028125499089
16.125	2.674290512417953
16.25	2.8304187676170356
16.375	2.9686978897653997
16.5	3.0900234000056983
16.625	3.1897364155338472
16.75	3.269033830178933
16.875	3.323391526328857
17.0	3.354400540564595
17.125	3.3577469314362953
17.25	3.335505143914807
17.375	3.283639442612753
17.5	3.2047894975122735
17.625	3.0952541558099314
17.75	2.958308764824674
17.875	2.7906272750255465
18.0	2.596176135608518
18.125	2.3720251460827617
18.25	2.122869081271191
18.375	1.8461711430551262
18.5	1.5473710158586453
18.625	1.2242969571847824
18.75	0.8831280358441561
18.875	0.5220015020224473
19.0	0.14780788900851874
19.125	-0.24109112717124334
19.25	-0.6371427840402893
19.375	-1.0418737368360962
19.5	-1.4471369622937311
19.625	-1.8544869897465213
19.75	-2.255265060085176
19.875	-2.6512175239402587
20.0	-3.0332651480609565
20.125	-3.40353133772934
20.25	-3.75260889696933
20.375	-4.083201344211966
20.5	-4.3856580904733775
20.625	-4.66348043800847
20.75	-4.9068400152880205
20.875	-5.120266089061463
21.0	-5.293785975209541
21.125	-5.433199884707944
21.25	-5.52837600652614
21.375	-5.586645954077318
21.5	-5.597634839657243
21.625	-5.57049605741392
21.75	-5.494429278379807
21.875	-5.380756434199408
22.0	-5.217925180501772
22.125	-5.019882506764289
22.25	-4.773772339943368
22.375	-4.496843370634613
22.5	-4.173995592191143
22.625	-3.826924359474524
22.75	-3.4365718148534277
22.875	-3.0313441364664095
23.0	-2.5846129483711673
23.125	-2.1371116889316664
23.25	-1.644376600743133
23.375	-1.1821678266404982
23.5	-0.6071808525366673
23.625	-0.011290502722629136
23.75	0.47024845243646135
23.875	0.989125075193533
24.0	1.470569334400917
24.125	1.9591253518424798
24.25	2.4138570969340054
24.375	2.8610296826745154
24.5	3.2717731419280556
24.625	3.6645970902917027
24.75	4.017193677170165
24.875	4.3439929910277675
25.0	4.627032105117624
25.125	4.878414868406536
25.25	5.0834152632543
25.375	5.252786627329002
25.5	5.374398402116254
25.625	5.458239809039346
25.75	5.494353536501804
25.875	5.492324803869555
26.0	5.444055415266446
26.125	5.358940257651632
26.25	5.2304796310305
26.375	5.067989891566381
26.5	4.8663350981977365
26.625	4.634791190438121
26.75	4.369363702808817
26.875	4.079272571057275
27.0	3.761449574901855
27.125	3.4250049294912017
27.25	3.0675877800648728
27.375	2.6981197018680807
27.5	2.314766686333654
27.625	1.9261686290598263
27.75	1.5308196394330076
27.875	1.1369803272138044
28.0	0.7432999425707006
28.125	0.35756574738924407
28.25	-0.021571239025892617
28.375	-0.38688096604710204
28.5	-0.7398411109979368
28.625	-1.0738473350018438
28.75	-1.3906111263393122
28.875	-1.6842033348290482
29.0	-1.9566476085815583
29.125	-2.20271825321151
29.25	-2.4248023486646795
29.375	-2.618383921807891
29.5	-2.7862384529402417
29.625	-2.9245444271367163
29.75	-3.0364661583883463
29.875	-3.118841364339379
30.0	-3.175201709342802
30.125	-3.2029914099888264
30.25	-3.206069367299652
30.375	-3.1824191752121154
30.5	-3.1361719778617743
30.625	-3.0657727927816167
30.75	-2.975559138803822
30.875	-2.8643524391170696
31.0	-2.736623900795086
31.125	-2.5914830434044696
31.25	-2.4334591814041397
31.375	-2.261861925427485
31.5	-2.0812038531872563
31.625	-1.8909102311102168
31.75	-1.6954060030518647
31.875	-1.494154045429581
32.0	-1.2914274130953851
32.125	-1.086657227050642
32.25	-0.8839091593899487
32.375	-0.682523606060793
32.5	-0.48631364080798994
32.625	-0.2944814859309362
32.75	-0.11055359658604871
32.875	0.06644135654295974
33.0	0.23328601474103475
33.125	0.39114855343774124
33.25	0.537131817801528
33.375	0.6726125057247322
33.5	0.7950140263741572
33.625	0.9059225287513406
33.75	1.003072593471869
33.875	1.0882511947887
34.0	1.1594862196408362
34.125	1.218748716352613
34.25	1.264335017936455
34.375	1.2983769488191128
34.5	1.3194090218155057
34.625	1.329695638102317
34.75	1.3279754390828669
34.875	1.3166139392625815
35.0	1.2945176548638972
35.125	1.2641200506288521
35.25	1.2244585455267645
35.375	1.1780011303686666
35.5	1.123879775755156
35.625	1.064564586132651
35.75	0.9992475141022555
35.875	0.9303704571143108
36.0	0.8571535225230472
36.125	0.7819830447111198
36.25	0.7040789531382142
36.375	0.6257482895720142
36.5	0.5461865122814802
36.625	0.467601724375785
36.75	0.38914500578453315
36.875	0.31291022341096986
37.0	0.23798872230627674
37.125	0.1663492751135131
37.25	0.09701268776839819
37.375	0.031816157991401854
37.5	-0.030296438870335916
37.625	-0.08762177649032576
37.75	-0.14129514768473028
37.875	-0.18974551238841572
38.0	-0.23418577233385282
38.125	-0.273172098426519
38.25	-0.30799008085719715
38.375	-0.33731499742526283
38.5	-0.36249734120033617
38.625	-0.3823208779490137
38.75	-0.3981908928531635
38.875	-0.40898705623218234
39.0	-0.41615757754183014
39.125	-0.41866405510769605
39.25	-0.41798457880561546
39.375	-0.4131478823754282
39.5	-0.40564829494147076
39.625	-0.394566644347514
39.75	-0.38139982117235843
39.875	-0.3652659990335677
40.0	-0.3476514422597273
40.125	-0.32769771488955324
40.25	-0.306868234137663
40.375	-0.2843152346115463
40.5	-0.2614684438646732
40.625	-0.2374796530861814
40.75	-0.2137357683833047
40.875	-0.1893789149991446
41.0	-0.16574599882165086
41.125	-0.14196233939922
41.25	-0.11930976113102955
41.375	-0.09689181250142812
41.5	-0.07593229627988159
41.625	-0.05551019011339394
41.75	-0.03679042079425548
41.875	-0.01882665627833943
42.0	-0.0027260316238084366
42.125	0.01248196380984086
42.25	0.025745190926634017
42.375	0.03805560096819261
42.5	0.04841183419794198
42.625	0.057823254755796374
42.75	0.06533397981279349
42.875	0.07196581992449672
43.0	0.07680233901191953
43.125	0.08087225200920242
43.25	0.08329217164133984
43.375	0.08509195421091714
43.5	0.08541483705556747
43.625	0.08528616080106764
43.75	0.08386964257509356
43.875	0.08218083971869934
44.0	0.07939833950726716
44.125	0.07652326610378352
44.25	0.0727441990119198
44.375	0.06904396300856261
44.5	0.0646171161628179
44.625	0.06042520262565971
44.75	0.05566567804493998
44.875	0.05127674833382068
45.0	0.046456626782188815
45.125	0.042119029007885
45.25	0.037461682867650344
45.375	0.03337350121916246
45.5	0.029051293464741893
45.625	0.025359593765556285
45.75	0.02149455203245875
45.875	0.01829735583288178
46.0	0.014964308944860007
46.125	0.012314750154520564
46.25	0.009546358965072822
46.375	0.0074584433916710675
46.5	0.005251544756605071
46.625	0.0037069389186100434
46.75	0.0020296448735204475
46.875	0.0009849590124203882
47.0	-0.0002159949769240657
47.125	-0.0008219018472879825
47.25	-0.0016139937838152022
47.375	-0.0018530801195664514
47.5	-0.0023113739735612236
47.625	-0.002260159717187525
47.75	-0.002461475766343958
47.875	-0.0021956825877418916
48.0	-0.002213741338151589
48.125	-0.0018039637378967901
48.25	-0.0017055990056619428
48.375	-0.0012140651841590973
48.5	-0.001056531200790901
48.625	-0.00053494732189355
48.75	-0.00036428516477604654
48.875	0.0001472970676559667
49.0	0.0002969162505299648
49.125	0.0007703108049090995
49.25	0.0008763846545690008
49.375	0.0012946941425267691
49.5	0.001345474528339522
49.625	0.0017018785188277622
49.75	0.0016949039234288065
49.875	0.0019909775670957594
50.0	0.0019312199241642606
50.125	0.002174950988005158
50.25	0.0020727438221788096
50.375	0.0022764119879440663
50.5	0.0021453190603759296
50.625	0.0023233904755775026
50.75	0.002178160232169282
50.875	0.0023453335336873133
51.0	0.0022000652098277153
51.125	0.002369583325238991
51.25	0.002236206397740192
51.375	0.0024185222668345863
51.5	0.0023056630590160302
51.625	0.002507518118948136
51.75	0.0024197969906040863
51.875	0.002643740188389655
52.0	0.0025815113539310237
52.125	0.002825855171625952
52.25	0.002785370456859392
52.375	0.0030445506924952673
52.5	0.003018500234465924
52.625	0.0032837798488774585
52.75	0.0032621386021316145
52.875	0.0035225744833839653
53.0	0.0034936649731562653
53.125	0.0037372413889013747
53.25	0.0036889116626195122
53.375	0.003903736462226973
53.5	0.0038245483828316866
53.625	0.004000008151080975
53.75	0.0038803352354077835
53.875	0.004008113475175719
54.0	0.003841058993509024
54.125	0.003915936313871817
54.25	0.003698000333639903
54.375	0.0037183762756305386
54.5	0.0034498232443799202
54.625	0.0034179240687019635
54.75	0.003102828493950226
54.875	0.0030245919548962524
55.0	0.0026705666315284178
55.125	0.0025552213044855647
55.25	0.0021728582024495196
55.375	0.0020322392053904706
55.5	0.0016343155412204863
55.625	0.0014819786101761042
55.75	0.001082498077894667
55.875	0.0009327084248404293
56.0	0.0005458587971933592
56.125	0.00041253900260777995
56.25	5.165162096596562e-5
56.375	-5.2626425860290155e-5
56.5	-0.0003760324961727602
56.625	-0.0004409327235057596
56.75	-0.0007179484239079674
56.875	-0.0007360661656221498
57.0	-0.0009609735403932914
57.125	-0.0009282922010544865
57.25	-0.0010988894546741022
57.375	-0.0010149694519054429
57.5	-0.0011326221671460316
57.625	-0.0010005155113754192
57.75	-0.001069938478592107
57.875	-0.0008958442351221205
58.0	-0.0009246394215617306
58.125	-0.0007173351570614762
58.25	-0.0007153295998315812
58.375	-0.00048543022759670257
58.5	-0.0004638717110861806
58.625	-0.00022297875110138866
58.75	-0.0001936560710664946
58.875	4.65335036652345e-5
59.0	7.217558360770824e-5
59.125	0.0003007312978567011
59.25	0.00031241465196454616
59.375	0.0005199407164845759
59.5	0.0005092538722381981
59.625	0.0006885089689257466
59.75	0.000649436372496383
59.875	0.0007957641747596464
60.0	0.0007250117938781814
60.125	0.0008365577347143237
60.25	0.0007336592321656471
60.375	0.0008113665877911895
60.5	0.0006785719018596347
60.625	0.0007259675548388865
60.75	0.0005679323722321204
60.875	0.0005907283027058713
61.0	0.00041403733909735194
61.125	0.0004195868089883783
61.25	0.00023215499415570273
61.375	0.00022881165612099926
61.5	3.921453572494628e-5
61.625	3.564777023351013e-5
61.75	-0.00014756468223614126
61.875	-0.00014304420834043884
62.0	-0.0003119976338218997
62.125	-0.00029205171399929164
62.25	-0.0004401139863033001
62.375	-0.0003988866876753442
62.5	-0.0005211126501431249
62.625	-0.0004546031415225919
62.75	-0.0005480303165128865
62.875	-0.0004543078421218464
63.0	-0.0005180887553659743
63.125	-0.00039734200573894585
63.25	-0.0004327119513668787
63.375	-0.00028713806696609124
63.5	-0.0002972296717548886
63.625	-0.00013077996162941184
63.75	-0.00012030685381037129
63.875	6.16838314765602e-5
64.0	8.684333815207578e-5
64.125	0.0002781094176958902
64.25	0.00031139197459162393
64.375	0.0005052337817550759
64.5	0.000539894735632476
64.625	0.0007296796253684984
64.75	0.0007592821076442888
64.875	0.0009389126841131555
65.0	0.0009577667723054955
65.125	0.0011220836204488167
65.25	0.0011256061679064894
65.375	0.0012706993586253268
65.5	0.0012556728097707641
65.625	0.0013790848259688862
65.75	0.0013438021826501275
65.875	0.0014446140443316303
66.0	0.0013889063758162413
66.125	0.0014677078833658557
66.25	0.0013928596535972236
66.375	0.0014516131278657345
66.5	0.0013601785041645242
66.625	0.0014019925924772631
66.75	0.0012975322780025657
66.875	0.0013263678691873752
67.0	0.0012131305005372212
67.125	0.001233464266889499
67.25	0.0011160388409527807
67.375	0.0011325112898817147
67.5	0.0010154774061238497
67.625	0.0010325516366271527
67.75	0.0009201526950148197
67.875	0.0009418075185753968
68.0	0.0008376686699070063
68.125	0.0008671456973311898
68.25	0.0007740536735179941
68.375	0.0008136727988790239
68.5	0.0007334291944750997
68.625	0.0007844810826532575
68.75	0.00071783468224981
68.875	0.0007805528529939181
69.0	0.0007272106595147652
69.125	0.0008008199993414669
69.25	0.0007595311316474033
69.375	0.0008423645406053308
69.5	0.0008110664833885608
69.625	0.0009007371836450467
69.75	0.0008767502520424127
69.875	0.0009703642652385671
70.0	0.0009506177567359771
70.125	0.0010450093147539874
70.25	0.0010262817307644828
70.375	0.0011182539399128904
70.5	0.0010974098435094625
70.625	0.0011839637076531985
70.75	0.0011581711339440166
70.875	0.001236707912211941
71.0	0.0012036225874588271
71.125	0.0012721072143561181
71.25	0.0012300129424932342
71.375	0.001287089626309883
71.5	0.0012349878089899652
71.625	0.0012800426835223647
71.75	0.0012176877824055141
71.875	0.0012508573463891053
72.0	0.0011787389084129344
72.125	0.0012008666914166514
72.25	0.0011201420973970839
72.375	0.0011326893120435395
72.5	0.001045074464488152
72.625	0.0010499931541775361
72.75	0.0009576207274579674
72.875	0.0009571999550652114
73.0	0.0008624564745120659
73.125	0.0008591533321110551
73.25	0.0007645071659722114
73.375	0.0007607747846483079
73.5	0.0006686071178969043
73.625	0.0006667314385622949
73.75	0.0005791814934099861
73.875	0.0005811373922996479
74.0	0.0004999716578610088
74.125	0.0005073072147433048
74.25	0.0004338203760742409
74.375	0.0004475757750786583
74.5	0.0003825285493772199
74.625	0.0004031934793835719
74.75	0.0003467898511548175
74.875	0.000374300510907192
75.0	0.0003262040953435961
75.125	0.00035997819034920553
75.25	0.00031936482544118257
75.375	0.00035837044651150534
75.5	0.0003240117879244018
75.625	0.0003668639408356674
75.75	0.00033723495037829457
75.875	0.00038231188795021567
76.0	0.00035571377615489937
76.125	0.0004012842586369429
76.25	0.00037597373402358913
76.375	0.00042032595916553615
76.5	0.0003946415757570935
76.625	0.00043620477956338475
76.75	0.00040868174508376496
76.875	0.00044613233936323865
77.0	0.0004155982862022868
77.125	0.00044794379033377744
77.25	0.0004135896255248657
77.375	0.0004402254543741565
77.5	0.0004016473656022741
77.625	0.0004223836160685416
77.75	0.0003795944720267145
77.875	0.000394652053244917
78.0	0.0003480626418017473
78.125	0.0003580402630744147
78.25	0.0003084129052138316
78.375	0.000314228419860389
78.5	0.0002626073385897351
78.625	0.0002654186100198077
78.75	0.00021304290113517474
78.875	0.0002141546022343309
79.0	0.00016236065798797306
79.125	0.0001631241644938212
79.25	0.00011324488673808348
79.375	0.00011495864313760005
79.5	6.822673424476737e-5
79.625	7.204416117058174e-5
79.75	2.950621968130801e-5
79.875	3.635743442309153e-5
80.0	-1.1954319634290142e-6
80.125	9.336979219631523e-6
80.25	-2.27437339583824e-5
80.375	-8.202420465657873e-6
80.5	-3.465292768452995e-5
80.625	-1.6107471917045003e-5
80.75	-3.709927061009125e-5
80.875	-1.487539468868892e-5
81.0	-3.088642607422573e-5
81.125	-5.596727730058751e-6
81.25	-1.736712272993157e-5
81.375	1.0142370246771068e-5
81.5	1.6718004669476795e-6
81.625	3.0389955270057545e-5
81.75	2.4151507763594456e-5
81.875	5.297991584749393e-5
82.0	4.785939212506715e-5
82.125	7.569384155592101e-5
82.25	7.061160806174555e-5
82.375	9.642128020692505e-5
82.5	9.040820360975218e-5
82.625	0.00011330703402342192
82.75	0.00010557005489749647
82.875	0.0001248754329058973
83.0	0.00011484844117429327
83.125	0.000130123468531044
83.25	0.0001175003153912552
83.375	0.00012857711806620414
83.5	0.00011332495096981171
83.625	0.00012030794421542239
83.75	0.0001026604859932332
83.875	0.00010590992979346476
84.0	8.634173857166928e-5
84.125	8.64392906047003e-5
84.25	6.562333781676845e-5
84.375	6.332252170685533e-5
84.5	4.2074528047865474e-5
84.625	3.824001168340783e-5
84.75	1.7453816015117006e-5
84.875	1.2994076407441986e-5
85.0	-6.4271664126179315e-6
85.125	-1.062886211735494e-5
85.25	-2.7840678294394713e-5
85.375	-3.099203871291454e-5
85.5	-4.5271013948886494e-5
85.625	-4.672862720504932e-5
85.75	-5.752483850407464e-5
85.875	-5.684023833826608e-5
86.0	-6.381618059157274e-5
86.125	-6.0766989514598366e-5
86.25	-6.382043334949677e-5
86.375	-5.842458054993351e-5
86.5	-5.769394968777416e-5
86.625	-5.020616191420252e-5
86.75	-4.6058247769059364e-5
86.875	-3.6949249704253336e-5
87.0	-2.9950307403075654e-5
87.125	-1.9870362084069407e-5
87.25	-1.074277433837717e-5
87.375	-4.7226696038437097e-7
87.5	9.960051621134565e-6
87.625	1.9569400112795836e-5
87.75	3.0442919732589595e-5
87.875	3.853198610802352e-5
88.0	4.9008363439489e-5
88.125	5.4775128341030515e-5
88.25	6.410425853061423e-5
88.375	6.686426942237631e-5
88.5	7.444106841387704e-5
88.625	7.367951180918753e-5
88.75	7.909032900212664e-5
88.875	7.450192924439363e-5
89.0	7.755718961000874e-5
89.125	6.907097505152947e-5
89.25	6.98215856312133e-5
89.375	5.7608595030517e-5
89.5	5.6344762281485724e-5
89.625	4.080793837307057e-5
89.75	3.8040260717432034e-5
89.875	1.9787018959368366e-5
90.0	1.62109623264244e-5
90.125	-3.989851061232003e-6
90.25	-7.543798389114296e-6
90.375	-2.8817715273092954e-5
90.5	-3.144486092461369e-5
90.625	-5.287656796144774e-5
90.75	-5.366561743900189e-5
90.875	-7.436818939508406e-5
91.0	-7.247087283560463e-5
91.125	-9.165453550801189e-5
91.25	-8.635224819862406e-5
91.375	-0.00010338766229047155
91.5	-9.415019985526646e-5
91.625	-0.0001086215230922518
91.75	-9.515343087227224e-5
91.875	-0.00010689702296442195
92.0	-8.916784643227042e-5
92.125	-9.829339735749066e-5
92.25	-7.654917221338848e-5
92.375	-8.344120615514985e-5
92.5	-5.819579999576764e-5
92.625	-6.349486135387467e-5
92.75	-3.5501191208965725e-5
92.875	-4.006546644939364e-5
93.0	-1.0268074027743768e-5
93.125	-1.5117644777290358e-5
93.25	1.5410488710856888e-5
93.375	9.163232707659385e-6
93.5	3.929550880400326e-5
93.625	3.0524642534740435e-5
93.75	5.9162194005123503e-5
93.875	4.6810732240217836e-5
94.0	7.296453342659325e-5
94.125	5.612466212601381e-5
94.25	7.899237829679556e-5
94.375	5.6977449699830806e-5
94.5	7.600917161902509e-5
94.625	4.841185713711686e-5
94.75	6.335946963907322e-5
94.875	3.009127569790009e-5
95.0	4.1037217049823556e-5
95.125	2.345759945586944e-6
95.25	9.708285068900044e-6
95.375	-3.382977910368258e-5
95.5	-2.931609950937645e-5
95.625	-7.682688304416258e-5
95.75	-7.41549222077684e-5
95.875	-0.00012452244073682904
96.0	-0.00012247822561804972
96.125	-0.00017441967865101097
96.25	-0.00017166603784708986
96.375	0.0
96.5	0.0
96.625	0.0
96.75	0.0
96.875	0.0
97.0	0.0
97.125	0.0
97.25	0.0
97.375	0.0
97.5	0.0
97.625	0.0
97.75	0.0
97.875	0.0
98.0	0.0
98.125	0.0
98.25	0.0
98.375	0.0
98.5	0.0
98.625	0.0
98.75	0.0
98.875	0.0
99.0	0.0
99.125	0.0
99.25	0.0
99.375	0.0
99.5	0.0
99.625	0.0
99.75	0.0
99.875	0.0
100.0	0.0
100.125	0.0
