0.0	0.0
0.125	0.0
0.25	0.0
0.375	0.0
0.5	0.0
0.625	0.0
0.75	0.0
0.875	0.0
1.0	0.0
1.125	0.0
1.25	0.0
1.375	0.0
1.5	0.0
1.625	0.0
1.75	0.0
1.875	0.23681506290915405
2.0	0.2570611138441287
2.125	0.276535676414872
2.25	0.29498929999111284
2.375	0.31216377511549354
2.5	0.3277941659271652
2.625	0.3416110620048501
2.75	0.3533430401377408
2.875	0.3627193234643225
3.0	0.369472622291169
3.125	0.3733421377502185
3.25	0.37407670631080997
3.375	0.37143806007094304
3.5	0.3652041747517968
3.625	0.35517267445298084
3.75	0.3411642595367638
3.875	0.3230261215417455
4.0	0.3006353068240422
4.125	0.2739019887306053
4.25	0.2427726065670042
4.375	0.20723282847149885
4.5	0.16731029458650107
4.625	0.1230770966627263
4.75	0.07465195047184611
4.875	0.02220201816729904
5.0	-0.034055660957668994
5.125	-0.09385317099392827
5.25	-0.15687118845688874
5.375	-0.2227389540560601
5.5	-0.2910347778099151
5.625	-0.36128710396124103
5.75	-0.4329761574400626
5.875	-0.5055361883912526
6.0	-0.5783583255653071
6.125	-0.6507940432043203
6.25	-0.7221592394896792
6.375	-0.791738917709843
6.5	-0.8587924541192008
6.625	-0.9225594290629008
6.75	-0.9822659904144518
6.875	-1.037131710795191
7.0	-1.0863768925046495
7.125	-1.1292302666799219
7.25	-1.16493702601475
7.375	-1.192767123501774
7.5	-1.212023763211892
7.625	-1.222052003190125
7.75	-1.2222473852237916
7.875	-1.2120645016192453
8.0	-1.1910254052970073
8.125	-1.1587277665656996
8.25	-1.1148526779397043
8.375	-1.059172007393204
8.5	-0.9915552005541691
8.625	-0.9119754335854989
8.75	-0.8205150209151107
8.875	-0.717369985588073
9.0	-0.6028537048341284
9.125	-0.47739954947154245
9.25	-0.34156244298683686
9.375	-0.19601927450788525
9.5	-0.04156810937834508
9.625	0.12087384841779247
9.75	0.29027357621960903
9.875	0.4654868568856329
10.0	0.6452642159023637
10.125	0.8282581662667127
10.25	1.0130317416685524
10.375	1.1980682837911627
10.5	1.381782434622089
10.625	1.562532269688922
10.75	1.7386324932752748
10.875	1.9083686021088926
11.0	2.0700119099259333
11.125	2.221835311884364
11.25	2.3621296552052278
11.375	2.489220570839903
11.5	2.601485610565444
11.625	2.697371524862037
11.75	2.7754115093791607
11.875	2.834242241890857
12.0	2.8726205275011476
12.125	2.889439367597264
12.25	2.883743267751348
12.375	2.8547426015106137
12.5	2.8018268508399755
12.625	2.7245765499145955
12.75	2.6227737670035793
12.875	2.496410969315673
13.0	2.34569812784353
13.125	2.1710679333693856
13.25	1.9731790107805567
13.375	1.75291703656204
13.5	1.5113936836350854
13.625	1.249943338421146
13.75	0.9701175569350232
13.875	0.6736772496338199
14.0	0.3625826084363059
14.125	0.03898081353221277
14.25	-0.29480841793928525
14.375	-0.6363093548190535
14.5	-0.9829087357940958
14.625	-1.331876079957824
14.75	-1.680385667110844
14.875	-2.0255400092773397
15.0	-2.364394614754082
15.125	-2.693983827527268
15.25	-3.011347508337061
15.375	-3.3135583092738807
15.5	-3.5977492817671726
15.625	-3.8611415483669784
15.75	-4.1010717619853
15.875	-4.315019072393823
16.0	-4.500631318872362
16.125	-4.655750170041115
16.25	-4.7784349371277965
16.375	-4.866984795221332
16.5	-4.9199591584142714
16.625	-4.9361959690671435
16.75	-4.914827678634442
16.875	-4.855294717432969
17.0	-4.757356273233286
17.125	-4.621098223405918
17.25	-4.446938092315991
17.375	-4.235626934465172
17.5	-3.9882480742340776
17.625	-3.7062126646645717
17.75	-3.3912520602038834
17.875	-3.04540703135883
18.0	-2.6710138824159313
18.125	-2.2706875664006745
18.25	-1.8473019239033177
18.375	-1.4039672039169782
18.5	-0.9440050550504449
18.625	-0.47092120403716575
18.75	0.011623934977428193
18.875	0.4998464526472725
19.0	0.9898716487904027
19.125	1.4777679408288928
19.25	1.9595816526232201
19.375	2.4313723477542726
19.5	2.889248362547068
19.625	3.3294021890084413
19.75	3.7481453564562077
19.875	4.141942462996943
20.0	4.507444014166965
20.125	4.841517735946281
20.25	5.141278042904299
20.375	5.40411335931181
20.5	5.6277110114875395
20.625	5.81007943323022
20.75	5.949567452672247
20.875	6.044880457996264
21.0	6.0950932708680305
21.125	6.099659589815386
21.25	6.058417900757514
21.375	5.971593788074813
21.5	5.839798616605034
21.625	5.664024592343814
21.75	5.445636246998195
21.875	5.186358428471354
22.0	4.888260915430363
22.125	4.553739808920387
22.25	4.18549588714717
22.375	3.7865101406816595
22.5	3.3600167340974068
22.625	2.909473666110956
22.75	2.438531423367849
22.875	1.9509999428470182
23.0	1.4508142142273697
23.125	0.9419988662959201
23.25	0.4286320904437936
23.375	-0.08519074059437674
23.5	-0.5953933993940912
23.625	-1.0979547192148187
23.75	-1.5889437479627346
23.875	-2.064553800910026
24.0	-2.521135086257963
24.125	-2.9552255949919566
24.25	-3.3635799670604545
24.375	-3.7431960694602875
24.5	-4.091339048039502
24.625	-4.405562643415439
24.75	-4.683727592005758
24.875	-4.924016965416267
25.0	-5.1249483349378835
25.125	-5.285382682280044
25.25	-5.404530012505817
25.375	-5.48195166002959
25.5	-5.517559313088686
25.625	-5.511610815910667
25.75	-5.464702840486096
25.875	-5.377760551057111
26.0	-5.2520244138018635
26.125	-5.089034331416146
26.25	-4.890611307078547
26.375	-4.658836864378879
26.5	-4.396030468972718
26.625	-4.104725213816589
26.75	-3.7876420426981556
26.875	-3.447662796305225
27.0	-3.0878023712197886
27.125	-2.711180284965729
27.25	-2.320991939610177
27.375	-1.9204798724899974
27.5	-1.512905275517818
27.625	-1.1015200543665549
27.75	-0.6895396858232519
27.875	-0.28011711596217015
28.0	0.12368207623757967
28.125	0.51890304533718
28.25	0.9027233933954663
28.375	1.2724730723237032
28.5	1.6256523401225185
28.625	1.9599476619098695
28.75	2.2732454725549167
28.875	2.563643743777844
29.0	2.8294613244223257
29.125	3.0692450479280278
29.25	3.281774625511903
29.375	3.466065366913604
29.5	3.6213687924996845
29.625	3.7471712208063948
29.75	3.8431904340135032
29.875	3.909370540195779
30.0	3.9458751653419957
30.125	3.953079119946632
30.25	3.931558694387119
30.375	3.8820807442566188
30.5	3.8055907313238255
30.625	3.7031998878688284
30.75	3.576171671865125
30.875	3.4259076779442363
31.0	3.253933164424668
31.125	3.0618823500746473
31.25	2.8514836258975595
31.375	2.624544817293024
31.5	2.382938620686712
31.625	2.128588326385187
31.75	1.8634539262556398
31.875	1.5895186911184152
32.0	1.3087762887383725
32.125	1.0232184992720992
32.25	0.7348235712280256
32.375	0.4455452476695744
32.5	0.1573024797663855
32.625	-0.12803016691499175
32.75	-0.4086314186054913
32.875	-0.6827415265951616
33.0	-0.948669850111137
33.125	-1.2048018178359277
33.25	-1.449605302003738
33.375	-1.6816364423281083
33.5	-1.899544958729538
33.625	-2.102078991977106
33.75	-2.2880895099962086
33.875	-2.4565343148196335
34.0	-2.6064816810942553
34.125	-2.7371136518499743
34.25	-2.847729011064808
34.375	-2.9377459456127175
34.5	-3.0067044016689817
34.625	-3.0542681327927412
34.75	-3.0802264289371237
34.875	-3.084495507786448
35.0	-3.0671195423182063
35.125	-3.028271291559324
35.25	-2.9682522953656507
35.375	-2.8874925888992173
35.5	-2.7865498884890996
35.625	-2.6661081978949683
35.75	-2.526975782777287
35.875	-2.3700824615151985
36.0	-2.1964761624705846
36.125	-2.007318701409777
36.25	-1.803880738062462
36.375	-1.5875358776856017
36.5	-1.359753891937337
36.625	-1.122093043247121
36.75	-0.8761915080555768
36.875	-0.6237579066213869
37.0	-0.36656096035603036
37.125	-0.10641831162843736
37.25	0.1548154445628708
37.375	0.4152614529822489
37.5	0.6730299359327837
37.625	0.9262340834575923
37.75	1.1730043893491322
37.875	1.4115033135847583
38.0	1.6399401402074307
38.125	1.8565858894914262
38.25	2.0597881347113054
38.375	2.247985567182266
38.5	2.4197221486469873
38.625	2.573660687702488
38.75	2.708595676910048
38.875	2.8234652295930758
39.0	2.9173619601435936
39.125	2.9895426589284173
39.25	3.0394366225689726
39.375	3.066652512380647
39.5	3.0709836279737126
39.625	3.052411499273799
39.75	3.0111077183139345
39.875	2.9474339518464236
40.0	2.861940096854374
40.125	2.755360563116682
40.25	2.628608689781302
40.375	2.482769326098297
40.5	2.3190896297134502
40.625	2.138968158876557
40.75	1.943942357227741
40.875	1.7356745511483145
41.0	1.5159365996693612
41.125	1.2865933553087947
41.25	1.0495851106664713
41.375	0.8069092198844054
41.5	0.560601095945703
41.625	0.3127147940478205
41.75	0.06530339778845991
41.875	-0.17960057146589373
42.0	-0.42000450096617536
42.125	-0.6539745699288226
42.25	-0.8796539562617885
42.375	-1.095280161164595
42.5	-1.2992012569379605
42.625	-1.4898908767825465
42.75	-1.6659617812208845
42.875	-1.8261778538115507
43.0	-1.969464398776675
43.125	-2.0949166347417765
43.25	-2.2018063016764664
43.375	-2.289586321992543
43.5	-2.3578934812570207
43.625	-2.4065491187592083
43.75	-2.4355578428785027
43.875	-2.445104310483427
44.0	-2.435548133112002
44.125	-2.407416995113677
44.25	-2.3613980899681133
44.375	-2.298328000355362
44.5	-2.2191811649832256
44.625	-2.1250570904606905
44.75	-2.017166479456814
44.875	-1.8968164568550383
45.0	-1.7653950834958718
45.125	-1.6243553523291077
45.25	-1.475198864343214
45.375	-1.3194593815183029
45.5	-1.1586864513134882
45.625	-0.9944292919400974
45.75	-0.8282211200163571
45.875	-0.6615640923060623
46.0	-0.49591502130281856
46.125	-0.33267201064810664
46.25	-0.1731621410031081
46.375	-0.018630320286419907
46.5	0.12977060558893613
46.625	0.27098840391710266
46.75	0.40407860985994576
46.875	0.5282102453979476
47.0	0.6426700826647657
47.125	0.7468654507033531
47.25	0.8403256030516414
47.375	0.922701681121766
47.5	0.9937653248576697
47.625	1.0534059974430736
47.75	1.1016271047113408
47.875	1.1385410022327493
48.0	1.1643629937038276
48.125	1.1794044331461162
48.25	1.1840650504763826
48.375	1.178824625203838
48.5	1.1642341363379125
48.625	1.140906518075627
48.75	1.1095071505297214
48.875	1.0707442127309754
49.0	1.0253590214863026
49.125	0.9741164745138824
49.25	0.9177957097408679
49.375	0.8571810848855935
49.5	0.7930535726141585
49.625	0.726182656828787
49.75	0.657318805186643
49.875	0.5871865819397238
50.0	0.5164784538063376
50.125	0.4458493300070875
50.25	0.3759118659931145
50.375	0.3072325489236544
50.5	0.24032857176698844
50.625	0.17566549214510432
50.75	0.11365566184688566
50.875	0.05465740341211397
51.0	-0.0010250985609850701
51.125	-0.05314123162479629
51.25	-0.10149276241615283
51.375	-0.14593206951502535
51.5	-0.18635986040843538
51.625	-0.22272243468929756
51.75	-0.2550085585338531
51.875	-0.28324601739044625
52.0	-0.3074979147001148
52.125	-0.327858784392183
52.25	-0.3444505839030432
52.375	-0.35741863261094386
52.5	-0.36692755792954784
52.625	-0.3731573079313607
52.75	-0.3762992853573194
52.875	-0.37655265329390847
53.0	-0.3741208577499516
53.125	-0.3692084069292494
53.25	-0.3620179412603657
53.375	-0.35274762229833384
53.5	-0.3415888625401645
53.625	-0.32872441207946934
53.75	-0.3143268119443037
53.875	-0.29855721799125945
54.0	-0.28156459343777585
54.125	-0.26348526256806626
54.25	-0.2444428129046985
54.375	-0.22454832825036775
54.5	-0.20390093051918823
54.625	-0.18258860423392806
54.75	-0.16068927399878247
54.875	-0.1382721021937816
55.0	-0.1153989715979751
55.125	-0.09212611564908418
55.25	-0.06850585759652719
55.375	-0.044588418905968534
55.5	-0.02042375692485044
55.625	0.003936607987662751
55.75	0.028437814938398847
55.875	0.05301997241964404
56.0	0.07761659177440007
56.125	0.10215317811498252
56.25	0.12654600996922122
56.375	0.1507011358916594
56.5	0.17451361287360076
56.625	0.19786700765546836
56.75	0.22063317803073
56.875	0.24267234697816623
57.0	0.26383347801656953
57.125	0.2839549555930999
57.25	0.3028655696455041
57.375	0.3203857987724602
57.5	0.33632938175991894
57.625	0.3505051625995189
57.75	0.36271918965325345
57.875	0.3727770453215666
58.0	0.3804863785142829
58.125	0.38565960845812924
58.25	0.38811676495225095
58.375	0.387688427152663
58.5	0.38421872037360905
58.625	0.37756832828022063
58.75	0.36761747625025476
58.875	0.35426884063573216
59.0	0.3374503381851636
59.125	0.3171177500148514
59.25	0.2932571352579456
59.375	0.265886990880078
59.5	0.23506011613032243
59.625	0.2008651426882938
59.75	0.16342769475646357
59.875	0.12291114710732477
60.0	0.0795169533956166
60.125	0.03348452184628138
60.25	-0.014909379319243037
60.375	-0.06535169870795317
60.5	-0.11749466684028509
60.625	-0.1709578492598341
60.75	-0.2253306810000677
60.875	-0.2801754691999082
61.0	-0.33503084409622824
61.125	-0.3894156321211744
61.25	-0.44283311848527257
61.375	-0.49477566052339444
61.5	-0.5447296073094084
61.625	-0.5921804756941188
61.75	-0.6366183280745836
61.875	-0.6775432929407279
62.0	-0.7144711656416199
62.125	-0.746939023935778
62.25	-0.7745107907962684
62.375	-0.7967826756814199
62.5	-0.8133884250949034
62.625	-0.8240043137723383
62.75	-0.8283538092614128
62.875	-0.8262118450120004
63.0	-0.8174086403523015
63.125	-0.8018330098739321
63.25	-0.7794351097472764
63.375	-0.7502285742895847
63.5	-0.7142920026510197
63.625	-0.6717697626950143
63.75	-0.6228720869447406
63.875	-0.5678744437528949
64.0	-0.5071161755244071
64.125	-0.44099840477014696
64.25	-0.3699812178777519
64.375	-0.2945801456319885
64.5	-0.21536196857777484
64.625	-0.13293988416916136
64.75	-0.04796808116350966
64.875	0.038864225219777136
65.0	0.12683923636853991
65.125	0.2152174237621722
65.25	0.3032447190368645
65.375	0.3901599616535697
65.5	0.47520252100409754
65.625	0.5576200066310733
65.75	0.6366759781588018
65.875	0.7116575655746792
66.0	0.7818829106890455
66.125	0.8467083419439466
66.25	0.9055351972301755
66.375	0.9578162129834814
66.5	1.00306140252454
66.625	1.0408433523276102
66.75	1.0708018715791359
66.875	1.0926479379353602
67.0	1.1061668907099853
67.125	1.1112208317104981
67.25	1.1077502034764481
67.375	1.0957745246281714
67.5	1.0753922722774423
67.625	1.0467799118451142
67.75	1.0101900850355978
67.875	0.9659489769942864
68.0	0.914452893683894
68.125	0.8561640901249639
68.25	0.7916058992263134
68.375	0.7213572193617679
68.5	0.6460464265194851
68.625	0.566344783658116
68.75	0.4829594257625632
68.875	0.39662600392611536
69.0	0.3081010755352664
69.125	0.21815433025379585
69.25	0.12756074296429595
69.375	0.037092745116274486
69.5	-0.05248749494848422
69.625	-0.1404355941486158
69.75	-0.2260321938916755
69.875	-0.30858983518238337
70.0	-0.3874593936242
70.125	-0.4620360044629903
70.25	-0.5317644147956142
70.375	-0.5961437077811366
70.5	-0.6547313520414735
70.625	-0.707146538308302
70.75	-0.7530727746441289
70.875	-0.7922597211160425
71.0	-0.8245242545038428
71.125	-0.8497507633569156
71.25	-0.8678906833497725
71.375	-0.8789612923053678
71.5	-0.8830437933388878
71.625	-0.8802807232126466
71.75	-0.8708727310787765
71.875	-0.85507478022439
72.0	-0.8331918321351621
72.125	-0.8055740780793562
72.25	-0.7726117884168677
72.375	-0.7347298538995329
72.5	-0.6923820963031112
72.625	-0.6460454277837308
72.75	-0.5962139393581215
72.875	-0.5433929988570663
73.0	-0.48809343759387563
73.125	-0.4308259028371952
73.25	-0.37209545000121186
73.375	-0.3123964443014368
73.5	-0.25220783651438766
73.625	-0.19198887147940605
73.75	-0.1321752811568216
73.875	-0.07317600648162177
74.0	-0.015370484012270999
74.125	0.04089347543875327
74.25	0.09530119828845116
74.375	0.147572041520543
74.5	0.19745966950185234
74.625	0.2447517259084792
74.75	0.2892689223842377
74.875	0.33086357539845557
75.0	0.36941763232545527
75.125	0.4048402368915831
75.25	0.4370648926821937
75.375	0.4660462912242898
75.5	0.4917568781182352
75.625	0.5141832366422517
75.75	0.5333223730634923
75.875	0.5491779914316768
76.0	0.561756847791515
76.125	0.5710652744253448
76.25	0.5771059638430046
76.375	0.5798750997047443
76.5	0.5793599176511295
76.625	0.5755367731015494
76.75	0.5683697854779266
76.875	0.5578101190499611
77.0	0.5437959497518641
77.125	0.526253154990015
77.25	0.5050967497830412
77.375	0.480233077720657
77.5	0.4515627494008995
77.625	0.41898430444402673
77.75	0.38239855615531004
77.875	0.34171356071393294
78.0	0.2968501357236815
78.125	0.2477478364134602
78.25	0.1943712820768691
78.375	0.13671671085435855
78.5	0.07481862805081771
78.625	0.008756402204996919
78.75	-0.06133934557567184
78.875	-0.13528071960972657
79.0	-0.21281705879136192
79.125	-0.29363014082568306
79.25	-0.37733024226594214
79.375	-0.4634532083942707
79.5	-0.5514586767777413
79.625	-0.6407295845815911
79.75	-0.7305730724986489
79.875	-0.820222877608074
80.0	-0.9088432838314051
80.125	-0.9955346722192763
80.25	-1.079340684459693
80.375	-1.1592569822097405
80.5	-1.2342415526412325
80.625	-1.3032264775463913
80.75	-1.3651310501076088
80.875	-1.4188760906740432
81.0	-1.463399281308095
81.125	-1.4976713091814173
81.25	-1.5207125818221696
81.375	-1.5316102534318063
81.5	-1.5295352816527774
81.625	-1.5137592188765743
81.75	-1.4836704319621987
81.875	-1.4387894395326724
82.0	-1.3787830571740027
82.125	-1.3034770481119113
82.25	-1.2128669903950346
82.375	-1.1071270912545244
82.5	-0.9866167049833756
82.625	-0.8518843420997233
82.75	-0.7036689943022505
82.875	-0.5428986412393051
83.0	-0.3706858507245218
83.125	-0.18832043294878578
83.25	0.0027408394160562967
83.375	0.20088738052372623
83.5	0.40437069213066956
83.625	0.6113228452969565
83.75	0.8197773215655509
83.875	1.0276919440682564
84.0	1.2329735847297212
84.125	1.4335042942858205
84.25	1.6271684681083005
84.375	1.8118806336370283
84.5	1.9856134252562072
84.625	2.146425300249121
84.75	2.292487545425073
84.875	2.4221101283486326
85.0	2.5337659598713445
85.125	2.6261131557344215
85.25	2.6980149140768948
85.375	2.7485566622621294
85.5	2.777060169886272
85.625	2.783094374355227
85.75	2.7664827200822826
85.875	2.7273068711173627
86.0	2.6659067187302448
86.125	2.582876668923983
86.25	2.479058258800679
86.375	2.355529213872873
86.5	2.2135891195615685
86.625	2.0547419380340863
86.75	1.8806756550757073
86.875	1.6932393898081741
87.0	1.4944183418413184
87.125	1.28630698507787
87.25	1.071080944248368
87.375	0.8509680088675583
87.5	0.6282187493763527
87.625	0.4050772016605719
87.75	0.18375207898153492
87.875	-0.03361104512811696
88.0	-0.2449561628463107
88.125	-0.4483414774870333
88.25	-0.6419619162711837
88.375	-0.8241692014356552
88.5	-0.9934892185754101
88.625	-1.1486364727835137
88.75	-1.2885254775049542
88.875	-1.4122789769268946
89.0	-1.5192329590564846
89.125	-1.6089384722813989
89.25	-1.6811603120915855
89.375	-1.7358726957654493
89.5	-1.7732520902649265
89.625	-1.793667401531326
89.75	-1.7976677711251352
89.875	-1.7859682581448317
90.0	-1.7594337101590638
90.125	-1.71906114621022
90.25	-1.6659609876512482
90.375	-1.601337478663935
90.5	-1.5264686379129768
90.625	-1.442686076183307
90.75	-1.3513550024133305
90.875	-1.253854722764443
91.0	-1.1515599148365112
91.125	-1.0458229325043225
91.25	-0.937957366818479
91.375	-0.8292230557344088
91.5	-0.720812700868841
91.625	-0.6138402138041491
91.75	-0.5093308784188827
91.875	-0.40821338003918833
92.0	-0.31131371755908593
92.125	-0.21935098168397918
92.25	-0.1329349516655839
92.375	-0.052565434788663365
92.5	0.021366752164112837
92.625	0.08857728190133965
92.75	0.14888443656055192
92.875	0.20220400342889136
93.0	0.24854311185157232
93.125	0.28799318357326237
93.25	0.3207221719771046
93.375	0.3469662654661417
93.5	0.36702122681108584
93.625	0.381233533955018
93.75	0.389991478851062
93.875	0.39371636977170826
94.0	0.3928539695506285
94.125	0.38786628778916127
94.25	0.3792238295740464
94.375	0.36739838709424044
94.5	0.35285644408341466
94.625	0.33605324659757124
94.75	0.3174275775836861
94.875	0.2973972572912277
95.0	0.2763553770731057
95.125	0.25466726072623463
95.25	0.2326681354038026
95.375	0.21066148341986937
95.5	0.18891803705018792
95.625	0.1676753707600596
95.75	0.14713803917332954
95.875	0.127478204514833
96.0	0.10883669416063575
96.125	0.091324427238174
96.25	0.07502414883219999
96.375	0.0
96.5	0.0
96.625	0.0
96.75	0.0
96.875	0.0
97.0	0.0
97.125	0.0
97.25	0.0
97.375	0.0
97.5	0.0
97.625	0.0
97.75	0.0
97.875	0.0
98.0	0.0
98.125	0.0
98.25	0.0
98.375	0.0
98.5	0.0
98.625	0.0
98.75	0.0
98.875	0.0
99.0	0.0
99.125	0.0
99.25	0.0
99.375	0.0
99.5	0.0
99.625	0.0
99.75	0.0
99.875	0.0
100.0	0.0
100.125	0.0
