-27.875	0.0	0.0
-27.75	0.0	0.0
-27.625	0.0	0.0
-27.5	0.0	0.0
-27.375	0.0	0.0
-27.25	0.0	0.0
-27.125	0.0	0.0
-27.0	0.0	0.0
-26.875	0.0	0.0
-26.75	0.0	1.0e-6
-26.625	0.0	1.0e-6
-26.5	0.0	1.0e-6
-26.375	0.0	1.0e-6
-26.25	0.0	1.0e-6
-26.125	0.0	1.0e-6
-26.0	0.0	1.0e-6
-25.875	0.0	1.0e-6
-25.75	0.0	1.0e-6
-25.625	0.0	1.0e-6
-25.5	0.0	1.0e-6
-25.375	0.0	1.0e-6
-25.25	0.0	1.0e-6
-25.125	0.0	0.0
-25.0	0.0	0.0
-24.875	0.0	0.0
-24.75	0.0	0.0
-24.625	0.0	0.0
-24.5	0.0	0.0
-24.375	0.0	0.0
-24.25	0.0	-1.0e-6
-24.125	0.0	-2.0e-6
-24.0	0.0	-3.0e-6
-23.875	0.0	-3.0e-6
-23.75	0.0	-4.0e-6
-23.625	0.0	-5.0e-6
-23.5	0.0	-6.0e-6
-23.375	0.0	-7.0e-6
-23.25	0.0	-8.0e-6
-23.125	0.0	-9.0e-6
-23.0	0.0	-1.1e-5
-22.875	0.0	-1.2e-5
-22.75	0.0	-1.3e-5
-22.625	0.0	-1.5e-5
-22.5	0.0	-1.6e-5
-22.375	0.0	-1.7e-5
-22.25	0.0	-1.8e-5
-22.125	0.0	-2.0e-5
-22.0	0.0	-2.1e-5
-21.875	0.0	-2.2e-5
-21.75	0.0	-2.3e-5
-21.625	0.0	-2.4e-5
-21.5	0.0	-2.4e-5
-21.375	0.0	-2.4e-5
-21.25	0.0	-2.4e-5
-21.125	0.0	-2.4e-5
-21.0	0.0	-2.3e-5
-20.875	0.0	-2.2e-5
-20.75	0.0	-2.1e-5
-20.625	0.0	-1.8e-5
-20.5	0.0	-1.6e-5
-20.375	0.0	-1.2e-5
-20.25	0.0	-8.0e-6
-20.125	0.0	-3.0e-6
-20.0	0.0	2.0e-6
-19.875	0.0	8.0e-6
-19.75	0.0	1.6e-5
-19.625	0.0	2.4e-5
-19.5	0.0	3.3e-5
-19.375	0.0	4.3e-5
-19.25	0.0	5.4e-5
-19.125	0.0	6.5e-5
-19.0	0.0	7.8e-5
-18.875	0.0	9.1e-5
-18.75	0.0	0.000105
-18.625	0.0	0.00012
-18.5	0.0	0.000136
-18.375	0.0	0.000152
-18.25	0.0	0.000168
-18.125	0.0	0.000185
-18.0	0.0	0.000201
-17.875	0.0	0.000217
-17.75	0.0	0.000233
-17.625	0.0	0.000248
-17.5	0.0	0.000262
-17.375	0.0	0.000275
-17.25	0.0	0.000286
-17.125	0.0	0.000295
-17.0	0.0	0.000301
-16.875	0.0	0.000305
-16.75	0.0	0.000305
-16.625	0.0	0.000301
-16.5	0.0	0.000294
-16.375	0.0	0.000281
-16.25	0.0	0.000263
-16.125	0.0	0.00024
-16.0	0.0	0.000211
-15.875	0.0	0.000175
-15.75	0.0	0.000132
-15.625	0.0	8.2e-5
-15.5	0.0	2.4e-5
-15.375	0.0	-4.1e-5
-15.25	0.0	-0.000115
-15.125	0.0	-0.000197
-15.0	0.0	-0.000288
-14.875	0.0	-0.000386
-14.75	0.0	-0.000493
-14.625	1.0e-6	-0.000608
-14.5	1.0e-6	-0.00073
-14.375	1.0e-6	-0.000859
-14.25	1.0e-6	-0.000995
-14.125	1.0e-6	-0.001136
-14.0	1.0e-6	-0.001281
-13.875	1.0e-6	-0.00143
-13.75	1.0e-6	-0.001581
-13.625	1.0e-6	-0.001732
-13.5	2.0e-6	-0.001881
-13.375	2.0e-6	-0.002027
-13.25	2.0e-6	-0.002168
-13.125	2.0e-6	-0.002301
-13.0	2.0e-6	-0.002424
-12.875	3.0e-6	-0.002534
-12.75	3.0e-6	-0.002628
-12.625	3.0e-6	-0.002704
-12.5	4.0e-6	-0.002758
-12.375	4.0e-6	-0.002787
-12.25	5.0e-6	-0.002788
-12.125	5.0e-6	-0.002758
-12.0	6.0e-6	-0.002694
-11.875	7.0e-6	-0.002591
-11.75	7.0e-6	-0.002448
-11.625	8.0e-6	-0.00226
-11.5	9.0e-6	-0.002026
-11.375	1.0e-5	-0.001742
-11.25	1.1e-5	-0.001407
-11.125	1.3e-5	-0.001018
-11.0	1.4e-5	-0.000573
-10.875	1.6e-5	-7.2e-5
-10.75	1.8e-5	0.000486
-10.625	1.9e-5	0.001102
-10.5	2.2e-5	0.001774
-10.375	2.4e-5	0.002501
-10.25	2.7e-5	0.003282
-10.125	3.0e-5	0.004113
-10.0	3.3e-5	0.004991
-9.875	3.6e-5	0.00591
-9.75	4.0e-5	0.006866
-9.625	4.5e-5	0.007852
-9.5	4.9e-5	0.008859
-9.375	5.4e-5	0.00988
-9.25	6.0e-5	0.010904
-9.125	6.6e-5	0.011921
-9.0	7.3e-5	0.01292
-8.875	8.1e-5	0.013887
-8.75	8.9e-5	0.014809
-8.625	9.9e-5	0.015671
-8.5	0.000109	0.016459
-8.375	0.00012	0.017156
-8.25	0.000132	0.017746
-8.125	0.000145	0.018211
-8.0	0.00016	0.018536
-7.875	0.000176	0.018702
-7.75	0.000193	0.018692
-7.625	0.000212	0.018489
-7.5	0.000233	0.018077
-7.375	0.000256	0.01744
-7.25	0.00028	0.016562
-7.125	0.000308	0.015431
-7.0	0.000337	0.014034
-6.875	0.000369	0.01236
-6.75	0.000404	0.0104
-6.625	0.000443	0.00815
-6.5	0.000484	0.005604
-6.375	0.00053	0.002761
-6.25	0.000579	-0.000376
-6.125	0.000633	-0.003802
-6.0	0.000691	-0.007508
-5.875	0.000754	-0.011482
-5.75	0.000823	-0.015707
-5.625	0.000897	-0.020163
-5.5	0.000978	-0.024825
-5.375	0.001065	-0.029665
-5.25	0.00116	-0.034647
-5.125	0.001262	-0.039736
-5.0	0.001374	-0.044889
-4.875	0.001494	-0.05006
-4.75	0.001623	-0.055199
-4.625	0.001764	-0.060251
-4.5	0.001915	-0.06516
-4.375	0.002079	-0.069863
-4.25	0.002255	-0.074298
-4.125	0.002446	-0.078398
-4.0	0.002651	-0.082095
-3.875	0.002872	-0.085319
-3.75	0.00311	-0.088
-3.625	0.003366	-0.090067
-3.5	0.003641	-0.091452
-3.375	0.003938	-0.092085
-3.25	0.004256	-0.0919
-3.125	0.004598	-0.090835
-3.0	0.004965	-0.088831
-2.875	0.005359	-0.085833
-2.75	0.005781	-0.081794
-2.625	0.006234	-0.076672
-2.5	0.006719	-0.070434
-2.375	0.007239	-0.063054
-2.25	0.007795	-0.054518
-2.125	0.00839	-0.044819
-2.0	0.009026	-0.033965
-1.875	0.009706	-0.021973
-1.75	0.010432	-0.008873
-1.625	0.011207	0.005291
-1.5	0.012034	0.020462
-1.375	0.012917	0.036569
-1.25	0.013857	0.053527
-1.125	0.014859	0.071235
-1.0	0.015926	0.089581
-0.875	0.017061	0.108437
-0.75	0.018269	0.12766
-0.625	0.019554	0.147097
-0.5	0.020919	0.16658
-0.375	0.022368	0.185931
-0.25	0.023907	0.20496
-0.125	0.02554	0.223468
0.0	0.027272	0.24125
0.125	0.029108	0.258091
0.25	0.031053	0.273774
0.375	0.033112	0.28808
0.5	0.035291	0.300785
0.625	0.037596	0.311671
0.75	0.040033	0.320522
0.875	0.042608	0.327126
1.0	0.045328	0.331284
1.125	0.048198	0.332803
1.25	0.051226	0.331507
1.375	0.05442	0.327235
1.5	0.057785	0.319843
1.625	0.06133	0.309212
1.75	0.065062	0.295242
1.875	0.068989	0.277863
2.0	0.073118	0.257029
2.125	0.077459	0.232726
2.25	0.082019	0.204973
2.375	0.086806	0.17382
2.5	0.091831	0.139353
2.625	0.097101	0.101693
2.75	0.102625	0.060998
2.875	0.108413	0.017464
3.0	0.114474	-0.028679
3.125	0.120818	-0.077162
3.25	0.127453	-0.12768
3.375	0.134391	-0.179895
3.5	0.141639	-0.233433
3.625	0.149209	-0.287891
3.75	0.15711	-0.342836
3.875	0.165352	-0.397807
4.0	0.173946	-0.452323
4.125	0.1829	-0.50588
4.25	0.192226	-0.55796
4.375	0.201933	-0.608032
4.5	0.212031	-0.655559
4.625	0.22253	-0.700002
4.75	0.23344	-0.740823
4.875	0.24477	-0.777492
5.0	0.256531	-0.809494
5.125	0.268731	-0.836332
5.25	0.28138	-0.857532
5.375	0.294486	-0.872652
5.5	0.30806	-0.881284
5.625	0.322108	-0.883063
5.75	0.33664	-0.877667
5.875	0.351664	-0.864827
6.0	0.367186	-0.84433
6.125	0.383214	-0.816022
6.25	0.399756	-0.779814
6.375	0.416817	-0.735683
6.5	0.434403	-0.683678
6.625	0.452519	-0.623919
6.75	0.471171	-0.556603
6.875	0.490363	-0.481998
7.0	0.510098	-0.400453
7.125	0.53038	-0.312389
7.25	0.551211	-0.218302
7.375	0.572593	-0.11876
7.5	0.594526	-0.014402
7.625	0.617011	0.094068
7.75	0.640048	0.205882
7.875	0.663635	0.320219
8.0	0.68777	0.436202
8.125	0.71245	0.552912
8.25	0.737671	0.66939
8.375	0.763428	0.784648
8.5	0.789715	0.897676
8.625	0.816527	1.007449
8.75	0.843855	1.112939
8.875	0.87169	1.213121
9.0	0.900022	1.306987
9.125	0.928842	1.39355
9.25	0.958138	1.47186
9.375	0.987896	1.54101
9.5	1.018102	1.600145
9.625	1.048743	1.648474
9.75	1.079801	1.685278
9.875	1.11126	1.709918
10.0	1.143101	1.721845
10.125	1.175306	1.720603
10.25	1.207854	1.705842
10.375	1.240724	1.677318
10.5	1.273894	1.634903
10.625	1.307339	1.578586
10.75	1.341037	1.508474
10.875	1.374961	1.424801
11.0	1.409084	1.327921
11.125	1.443381	1.218314
11.25	1.477822	1.096579
11.375	1.512379	0.963436
11.5	1.547021	0.819718
11.625	1.581717	0.666368
11.75	1.616437	0.504436
11.875	1.651148	0.335064
12.0	1.685817	0.159483
12.125	1.72041	-0.020995
12.25	1.754894	-0.204994
12.375	1.789233	-0.391078
12.5	1.823392	-0.577768
12.625	1.857336	-0.76355
12.75	1.891029	-0.946895
12.875	1.924434	-1.126265
13.0	1.957515	-1.30013
13.125	1.990235	-1.466983
13.25	2.022557	-1.625354
13.375	2.054444	-1.773821
13.5	2.08586	-1.911026
13.625	2.116768	-2.035687
13.75	2.147131	-2.146612
13.875	2.176913	-2.24271
14.0	2.206077	-2.323001
14.125	2.234588	-2.38663
14.25	2.262412	-2.432871
14.375	2.289512	-2.461139
14.5	2.315855	-2.470997
14.625	2.341408	-2.462157
14.75	2.366137	-2.43449
14.875	2.390012	-2.388026
15.0	2.413	-2.322955
15.125	2.435072	-2.239627
15.25	2.456199	-2.138551
15.375	2.476353	-2.020391
15.5	2.495506	-1.885962
15.625	2.513634	-1.736224
15.75	2.530711	-1.572273
15.875	2.546714	-1.395333
16.0	2.561623	-1.206748
16.125	2.575416	-1.007965
16.25	2.588074	-0.80053
16.375	2.59958	-0.586065
16.5	2.609919	-0.366262
16.625	2.619075	-0.142865
16.75	2.627037	0.082347
16.875	2.633792	0.307573
17.0	2.639332	0.531007
17.125	2.643649	0.750855
17.25	2.646737	0.965349
17.375	2.648592	1.172765
17.5	2.64921	1.371436
17.625	2.648592	1.559771
17.75	2.646737	1.736263
17.875	2.643649	1.899508
18.0	2.639332	2.048216
18.125	2.633792	2.181219
18.25	2.627036	2.297486
18.375	2.619075	2.396129
18.5	2.609919	2.476411
18.625	2.59958	2.537752
18.75	2.588074	2.579736
18.875	2.575415	2.602111
19.0	2.561623	2.60479
19.125	2.546714	2.587856
19.25	2.53071	2.551555
19.375	2.513633	2.496295
19.5	2.495506	2.422644
19.625	2.476352	2.331318
19.75	2.456199	2.223179
19.875	2.435072	2.099226
20.0	2.413	1.96058
20.125	2.390011	1.808479
20.25	2.366137	1.644263
20.375	2.341407	1.469362
20.5	2.315855	1.285282
20.625	2.289511	1.093592
20.75	2.262411	0.895908
20.875	2.234588	0.693879
21.0	2.206076	0.48917
21.125	2.176912	0.283453
21.25	2.14713	0.078384
21.375	2.116767	-0.124407
21.5	2.08586	-0.323328
21.625	2.054444	-0.516846
21.75	2.022556	-0.70349
21.875	1.990234	-0.881873
22.0	1.957514	-1.050696
22.125	1.924433	-1.20876
22.25	1.891028	-1.354979
22.375	1.857336	-1.488382
22.5	1.823392	-1.608124
22.625	1.789232	-1.713489
22.75	1.754893	-1.803896
22.875	1.72041	-1.8789
23.0	1.685816	-1.938195
23.125	1.651148	-1.981613
23.25	1.616437	-2.009126
23.375	1.581717	-2.020837
23.5	1.54702	-2.016985
23.625	1.512378	-1.997934
23.75	1.477821	-1.964167
23.875	1.44338	-1.916285
24.0	1.409084	-1.854993
24.125	1.37496	-1.781094
24.25	1.341036	-1.695481
24.375	1.307339	-1.599125
24.5	1.273893	-1.493065
24.625	1.240724	-1.378396
24.75	1.207854	-1.256261
24.875	1.175305	-1.127839
25.0	1.1431	-0.994328
25.125	1.111259	-0.856944
25.25	1.0798	-0.716899
25.375	1.048742	-0.575399
25.5	1.018102	-0.433627
25.625	0.987895	-0.292737
25.75	0.958137	-0.153844
25.875	0.928842	-0.018012
26.0	0.900022	0.11375
26.125	0.871689	0.240498
26.25	0.843854	0.361358
26.375	0.816526	0.475533
26.5	0.789715	0.582309
26.625	0.763427	0.681055
26.75	0.73767	0.77123
26.875	0.712449	0.852382
27.0	0.687769	0.924153
27.125	0.663635	0.986276
27.25	0.640048	1.038575
27.375	0.617011	1.080964
27.5	0.594526	1.113446
27.625	0.572592	1.136108
27.75	0.551211	1.149119
27.875	0.53038	1.152724
28.0	0.510098	1.147241
28.125	0.490363	1.133055
28.25	0.471171	1.110609
28.375	0.452519	1.080405
28.5	0.434402	1.042989
28.625	0.416816	0.998951
28.75	0.399755	0.948916
28.875	0.383214	0.893533
29.0	0.367186	0.833476
29.125	0.351663	0.769431
29.25	0.33664	0.702089
29.375	0.322108	0.632145
29.5	0.308059	0.560286
29.625	0.294486	0.487188
29.75	0.281379	0.413509
29.875	0.26873	0.339885
30.0	0.25653	0.266923
30.125	0.24477	0.195201
30.25	0.233439	0.125257
30.375	0.222529	0.057593
30.5	0.21203	-0.007332
30.625	0.201932	-0.069103
30.75	0.192226	-0.127352
30.875	0.1829	-0.18176
31.0	0.173945	-0.232052
31.125	0.165352	-0.278006
31.25	0.15711	-0.319447
31.375	0.149209	-0.356246
31.5	0.141639	-0.388324
31.625	0.13439	-0.415646
31.75	0.127453	-0.43822
31.875	0.120818	-0.456095
32.0	0.114474	-0.46936
32.125	0.108413	-0.47814
32.25	0.102625	-0.482593
32.375	0.097101	-0.482908
32.5	0.091831	-0.479299
32.625	0.086806	-0.472005
32.75	0.082019	-0.461286
32.875	0.077459	-0.447418
33.0	0.073118	-0.430688
33.125	0.068988	-0.411398
33.25	0.065062	-0.389852
33.375	0.06133	-0.36636
33.5	0.057785	-0.341232
33.625	0.05442	-0.314775
33.75	0.051226	-0.287291
33.875	0.048198	-0.259075
34.0	0.045327	-0.230412
34.125	0.042608	-0.201573
34.25	0.040033	-0.172818
34.375	0.037596	-0.144389
34.5	0.035291	-0.116511
34.625	0.033112	-0.089393
34.75	0.031053	-0.063223
34.875	0.029108	-0.03817
35.0	0.027272	-0.014382
35.125	0.02554	0.008012
35.25	0.023907	0.028904
35.375	0.022368	0.048206
35.5	0.020919	0.06585
35.625	0.019554	0.081787
35.75	0.018269	0.095988
35.875	0.017061	0.10844
36.0	0.015926	0.119146
36.125	0.014859	0.128127
36.25	0.013857	0.135417
36.375	0.012917	0.141063
36.5	0.012034	0.145125
36.625	0.011207	0.147674
36.75	0.010432	0.148788
36.875	0.009706	0.148554
37.0	0.009026	0.147068
37.125	0.00839	0.144428
37.25	0.007795	0.140737
37.375	0.007239	0.136101
37.5	0.006719	0.130628
37.625	0.006234	0.124425
37.75	0.005781	0.117599
37.875	0.005359	0.110257
38.0	0.004965	0.1025
38.125	0.004598	0.094429
38.25	0.004256	0.086138
38.375	0.003938	0.077719
38.5	0.003641	0.069257
38.625	0.003366	0.060831
38.75	0.00311	0.052516
38.875	0.002872	0.044378
39.0	0.002651	0.036478
39.125	0.002446	0.02887
39.25	0.002255	0.021601
39.375	0.002079	0.014711
39.5	0.001915	0.008235
39.625	0.001764	0.0022
39.75	0.001623	-0.003374
39.875	0.001494	-0.00847
40.0	0.001374	-0.01308
40.125	0.001262	-0.017199
40.25	0.00116	-0.020829
40.375	0.001065	-0.023974
40.5	0.000978	-0.026644
40.625	0.000897	-0.028854
40.75	0.000823	-0.030619
40.875	0.000754	-0.03196
41.0	0.000691	-0.032898
41.125	0.000633	-0.033459
41.25	0.000579	-0.033667
41.375	0.00053	-0.033551
41.5	0.000484	-0.033139
41.625	0.000443	-0.032459
41.75	0.000404	-0.03154
41.875	0.000369	-0.030412
42.0	0.000337	-0.029102
42.125	0.000308	-0.027639
42.25	0.00028	-0.026051
42.375	0.000256	-0.024362
42.5	0.000233	-0.022597
42.625	0.000212	-0.020781
42.75	0.000193	-0.018935
42.875	0.000176	-0.017079
43.0	0.00016	-0.015232
43.125	0.000145	-0.013412
43.25	0.000132	-0.011632
43.375	0.00012	-0.009907
43.5	0.000109	-0.008248
43.625	9.9e-5	-0.006666
43.75	8.9e-5	-0.005169
43.875	8.1e-5	-0.003763
44.0	7.3e-5	-0.002454
44.125	6.6e-5	-0.001246
44.25	6.0e-5	-0.000141
44.375	5.4e-5	0.00086
44.5	4.9e-5	0.001756
44.625	4.5e-5	0.002549
44.75	4.0e-5	0.003241
44.875	3.6e-5	0.003834
45.0	3.3e-5	0.004332
45.125	3.0e-5	0.004739
45.25	2.7e-5	0.00506
45.375	2.4e-5	0.0053
45.5	2.2e-5	0.005464
45.625	1.9e-5	0.005559
45.75	1.8e-5	0.005589
45.875	1.6e-5	0.005562
46.0	1.4e-5	0.005483
46.125	1.3e-5	0.005357
46.25	1.1e-5	0.005192
46.375	1.0e-5	0.004992
46.5	9.0e-6	0.004763
46.625	8.0e-6	0.00451
46.75	7.0e-6	0.004238
46.875	7.0e-6	0.003953
47.0	6.0e-6	0.003657
47.125	5.0e-6	0.003356
47.25	5.0e-6	0.003053
47.375	4.0e-6	0.002751
47.5	4.0e-6	0.002454
47.625	3.0e-6	0.002163
47.75	3.0e-6	0.001881
47.875	3.0e-6	0.001611
48.0	2.0e-6	0.001353
48.125	2.0e-6	0.00111
48.25	2.0e-6	0.000881
48.375	2.0e-6	0.000668
48.5	2.0e-6	0.000472
48.625	1.0e-6	0.000293
48.75	1.0e-6	0.00013
48.875	1.0e-6	-1.6e-5
49.0	1.0e-6	-0.000146
49.125	1.0e-6	-0.000259
49.25	1.0e-6	-0.000357
49.375	1.0e-6	-0.000441
49.5	1.0e-6	-0.00051
49.625	1.0e-6	-0.000566
49.75	0.0	-0.00061
49.875	0.0	-0.000643
50.0	0.0	-0.000665
50.125	0.0	-0.000677
50.25	0.0	-0.000681
50.375	0.0	-0.000677
50.5	0.0	-0.000666
50.625	0.0	-0.000649
50.75	0.0	-0.000628
50.875	0.0	-0.000602
51.0	0.0	-0.000573
51.125	0.0	-0.000541
51.25	0.0	-0.000506
51.375	0.0	-0.000471
51.5	0.0	-0.000435
51.625	0.0	-0.000398
51.75	0.0	-0.000361
51.875	0.0	-0.000325
52.0	0.0	-0.00029
52.125	0.0	-0.000255
52.25	0.0	-0.000222
52.375	0.0	-0.000191
52.5	0.0	-0.000162
52.625	0.0	-0.000134
52.75	0.0	-0.000108
52.875	0.0	-8.4e-5
53.0	0.0	-6.2e-5
53.125	0.0	-4.3e-5
53.25	0.0	-2.5e-5
53.375	0.0	-9.0e-6
53.5	0.0	5.0e-6
53.625	0.0	1.7e-5
53.75	0.0	2.7e-5
53.875	0.0	3.6e-5
54.0	0.0	4.3e-5
54.125	0.0	4.9e-5
54.25	0.0	5.4e-5
54.375	0.0	5.7e-5
54.5	0.0	5.9e-5
54.625	0.0	6.0e-5
54.75	0.0	6.1e-5
54.875	0.0	6.0e-5
55.0	0.0	5.9e-5
55.125	0.0	5.8e-5
55.25	0.0	5.6e-5
55.375	0.0	5.3e-5
55.5	0.0	5.1e-5
55.625	0.0	4.8e-5
55.75	0.0	4.4e-5
55.875	0.0	4.1e-5
56.0	0.0	3.8e-5
56.125	0.0	3.5e-5
56.25	0.0	3.1e-5
56.375	0.0	2.8e-5
56.5	0.0	2.5e-5
56.625	0.0	2.2e-5
56.75	0.0	1.9e-5
56.875	0.0	1.7e-5
57.0	0.0	1.4e-5
57.125	0.0	1.2e-5
57.25	0.0	1.0e-5
57.375	0.0	8.0e-6
57.5	0.0	6.0e-6
57.625	0.0	4.0e-6
57.75	0.0	3.0e-6
57.875	0.0	1.0e-6
58.0	0.0	0.0
58.125	0.0	0.0
58.25	0.0	-1.0e-6
58.375	0.0	-2.0e-6
58.5	0.0	-3.0e-6
58.625	0.0	-3.0e-6
58.75	0.0	-3.0e-6
58.875	0.0	-4.0e-6
59.0	0.0	-4.0e-6
59.125	0.0	-4.0e-6
59.25	0.0	-4.0e-6
59.375	0.0	-4.0e-6
59.5	0.0	-4.0e-6
59.625	0.0	-4.0e-6
59.75	0.0	-4.0e-6
59.875	0.0	-3.0e-6
60.0	0.0	-3.0e-6
60.125	0.0	-3.0e-6
60.25	0.0	-3.0e-6
60.375	0.0	-3.0e-6
60.5	0.0	-2.0e-6
60.625	0.0	-2.0e-6
60.75	0.0	-2.0e-6
60.875	0.0	-2.0e-6
61.0	0.0	-2.0e-6
61.125	0.0	-1.0e-6
61.25	0.0	-1.0e-6
61.375	0.0	-1.0e-6
61.5	0.0	0.0
61.625	0.0	0.0
61.75	0.0	0.0
61.875	0.0	0.0
62.0	0.0	0.0
62.125	0.0	0.0
62.25	0.0	0.0
62.375	0.0	0.0
62.5	0.0	0.0
62.625	0.0	0.0
62.75	0.0	0.0
62.875	0.0	0.0
63.0	0.0	0.0
63.125	0.0	0.0
63.25	0.0	0.0
63.375	0.0	0.0
63.5	0.0	0.0
63.625	0.0	0.0
63.75	0.0	0.0
63.875	0.0	0.0
64.0	0.0	0.0
64.125	0.0	0.0
64.25	0.0	0.0
64.375	0.0	0.0
64.5	0.0	0.0
64.625	0.0	0.0
64.75	0.0	0.0
64.875	0.0	0.0
65.0	0.0	0.0
65.125	0.0	0.0
65.25	0.0	0.0
65.375	0.0	0.0
65.5	0.0	0.0
65.625	0.0	0.0
65.75	0.0	0.0
65.875	0.0	0.0
66.0	0.0	0.0
66.125	0.0	0.0
66.25	0.0	0.0
66.375	0.0	0.0
66.5	0.0	0.0
66.625	0.0	0.0
66.75	0.0	0.0
66.875	0.0	0.0
67.0	0.0	0.0
67.125	0.0	0.0
67.25	0.0	0.0
67.375	0.0	0.0
67.5	0.0	0.0
67.625	0.0	0.0
67.75	0.0	0.0
67.875	0.0	0.0
68.0	0.0	0.0
68.125	0.0	0.0
68.25	0.0	0.0
68.375	0.0	0.0
68.5	0.0	0.0
68.625	0.0	0.0
68.75	0.0	0.0
68.875	0.0	0.0
69.0	0.0	0.0
69.125	0.0	0.0
69.25	0.0	0.0
69.375	0.0	0.0
69.5	0.0	0.0
69.625	0.0	0.0
69.75	0.0	0.0
69.875	0.0	0.0
70.0	0.0	0.0
70.125	0.0	0.0
70.25	0.0	0.0
70.375	0.0	0.0
70.5	0.0	0.0
70.625	0.0	0.0
70.75	0.0	0.0
70.875	0.0	0.0
71.0	0.0	0.0
71.125	0.0	0.0
71.25	0.0	0.0
71.375	0.0	0.0
71.5	0.0	0.0
71.625	0.0	0.0
71.75	0.0	0.0
71.875	0.0	0.0
72.0	0.0	0.0
72.125	0.0	0.0
72.25	0.0	0.0
72.375	0.0	0.0
72.5	0.0	0.0
72.625	0.0	0.0
72.75	0.0	0.0
72.875	0.0	0.0
73.0	0.0	0.0
73.125	0.0	0.0
73.25	0.0	0.0
73.375	0.0	0.0
73.5	0.0	0.0
73.625	0.0	0.0
73.75	0.0	0.0
73.875	0.0	0.0
74.0	0.0	0.0
74.125	0.0	0.0
74.25	0.0	0.0
74.375	0.0	0.0
74.5	0.0	0.0
74.625	0.0	0.0
74.75	0.0	0.0
74.875	0.0	0.0
75.0	0.0	0.0
75.125	0.0	0.0
75.25	0.0	0.0
75.375	0.0	0.0
75.5	0.0	0.0
75.625	0.0	0.0
75.75	0.0	0.0
75.875	0.0	0.0
76.0	0.0	0.0
76.125	0.0	0.0
76.25	0.0	0.0
76.375	0.0	0.0
76.5	0.0	0.0
76.625	0.0	0.0
76.75	0.0	0.0
76.875	0.0	0.0
77.0	0.0	0.0
77.125	0.0	0.0
77.25	0.0	0.0
77.375	0.0	0.0
77.5	0.0	0.0
77.625	0.0	0.0
77.75	0.0	0.0
77.875	0.0	0.0
78.0	0.0	0.0
78.125	0.0	0.0
78.25	0.0	0.0
78.375	0.0	0.0
78.5	0.0	0.0
78.625	0.0	0.0
78.75	0.0	0.0
78.875	0.0	0.0
79.0	0.0	0.0
79.125	0.0	0.0
79.25	0.0	0.0
79.375	0.0	0.0
79.5	0.0	0.0
79.625	0.0	0.0
79.75	0.0	0.0
79.875	0.0	0.0
80.0	0.0	0.0
80.125	0.0	0.0
80.25	0.0	0.0
80.375	0.0	0.0
80.5	0.0	0.0
80.625	0.0	0.0
80.75	0.0	0.0
80.875	0.0	0.0
81.0	0.0	0.0
81.125	0.0	0.0
81.25	0.0	0.0
81.375	0.0	0.0
81.5	0.0	0.0
81.625	0.0	0.0
81.75	0.0	0.0
81.875	0.0	0.0
82.0	0.0	0.0
82.125	0.0	0.0
82.25	0.0	0.0
82.375	0.0	0.0
82.5	0.0	0.0
82.625	0.0	0.0
82.75	0.0	0.0
82.875	0.0	0.0
83.0	0.0	0.0
83.125	0.0	0.0
83.25	0.0	0.0
83.375	0.0	0.0
83.5	0.0	0.0
83.625	0.0	0.0
83.75	0.0	0.0
83.875	0.0	0.0
84.0	0.0	0.0
84.125	0.0	0.0
84.25	0.0	0.0
84.375	0.0	0.0
84.5	0.0	0.0
84.625	0.0	0.0
84.75	0.0	0.0
84.875	0.0	0.0
85.0	0.0	0.0
85.125	0.0	0.0
85.25	0.0	0.0
85.375	0.0	0.0
85.5	0.0	0.0
85.625	0.0	0.0
85.75	0.0	0.0
85.875	0.0	0.0
86.0	0.0	0.0
86.125	0.0	0.0
86.25	0.0	0.0
86.375	0.0	0.0
86.5	0.0	0.0
86.625	0.0	0.0
86.75	0.0	0.0
86.875	0.0	0.0
87.0	0.0	0.0
87.125	0.0	0.0
87.25	0.0	0.0
87.375	0.0	0.0
87.5	0.0	0.0
87.625	0.0	0.0
87.75	0.0	0.0
87.875	0.0	0.0
88.0	0.0	0.0
88.125	0.0	0.0
88.25	0.0	0.0
88.375	0.0	0.0
88.5	0.0	0.0
88.625	0.0	0.0
88.75	0.0	0.0
88.875	0.0	0.0
89.0	0.0	0.0
89.125	0.0	0.0
89.25	0.0	0.0
89.375	0.0	0.0
89.5	0.0	0.0
89.625	0.0	0.0
89.75	0.0	0.0
89.875	0.0	0.0
90.0	0.0	0.0
90.125	0.0	0.0
90.25	0.0	0.0
90.375	0.0	0.0
90.5	0.0	0.0
90.625	0.0	0.0
90.75	0.0	0.0
90.875	0.0	0.0
91.0	0.0	0.0
91.125	0.0	0.0
91.25	0.0	0.0
91.375	0.0	0.0
91.5	0.0	0.0
91.625	0.0	0.0
91.75	0.0	0.0
91.875	0.0	0.0
92.0	0.0	0.0
92.125	0.0	0.0
92.25	0.0	0.0
92.375	0.0	0.0
92.5	0.0	0.0
92.625	0.0	0.0
92.75	0.0	0.0
92.875	0.0	0.0
93.0	0.0	0.0
93.125	0.0	0.0
93.25	0.0	0.0
93.375	0.0	0.0
93.5	0.0	0.0
93.625	0.0	0.0
93.75	0.0	0.0
93.875	0.0	0.0
94.0	0.0	0.0
94.125	0.0	0.0
94.25	0.0	0.0
94.375	0.0	0.0
94.5	0.0	0.0
94.625	0.0	0.0
94.75	0.0	0.0
94.875	0.0	0.0
95.0	0.0	0.0
95.125	0.0	0.0
95.25	0.0	0.0
95.375	0.0	0.0
95.5	0.0	0.0
95.625	0.0	0.0
95.75	0.0	0.0
95.875	0.0	0.0
96.0	0.0	0.0
96.125	0.0	0.0
96.25	0.0	0.0
96.375	0.0	0.0
96.5	0.0	0.0
96.625	0.0	0.0
96.75	0.0	0.0
96.875	0.0	0.0
97.0	0.0	0.0
97.125	0.0	0.0
97.25	0.0	0.0
97.375	0.0	0.0
97.5	0.0	0.0
97.625	0.0	0.0
97.75	0.0	0.0
97.875	0.0	0.0
98.0	0.0	0.0
98.125	0.0	0.0
98.25	0.0	0.0
98.375	0.0	0.0
98.5	0.0	0.0
98.625	0.0	0.0
98.75	0.0	0.0
98.875	0.0	0.0
99.0	0.0	0.0
99.125	0.0	0.0
99.25	0.0	0.0
99.375	0.0	0.0
99.5	0.0	0.0
99.625	0.0	0.0
99.75	0.0	0.0
99.875	0.0	0.0
100.0	0.0	0.0
