-27.875	0.0	0.0
-27.75	0.0	0.0
-27.625	0.0	0.0
-27.5	0.0	0.0
-27.375	0.0	0.0
-27.25	0.0	0.0
-27.125	0.0	0.0
-27.0	0.0	0.0
-26.875	0.0	0.0
-26.75	0.0	0.0
-26.625	0.0	0.0
-26.5	0.0	0.0
-26.375	0.0	0.0
-26.25	0.0	0.0
-26.125	0.0	0.0
-26.0	0.0	0.0
-25.875	0.0	0.0
-25.75	0.0	0.0
-25.625	0.0	0.0
-25.5	0.0	0.0
-25.375	0.0	0.0
-25.25	0.0	0.0
-25.125	0.0	0.0
-25.0	0.0	0.0
-24.875	0.0	0.0
-24.75	0.0	0.0
-24.625	0.0	0.0
-24.5	0.0	0.0
-24.375	0.0	0.0
-24.25	0.0	0.0
-24.125	0.0	0.0
-24.0	0.0	0.0
-23.875	0.0	0.0
-23.75	0.0	0.0
-23.625	0.0	0.0
-23.5	0.0	0.0
-23.375	0.0	0.0
-23.25	0.0	0.0
-23.125	0.0	0.0
-23.0	0.0	0.0
-22.875	0.0	0.0
-22.75	0.0	0.0
-22.625	0.0	0.0
-22.5	0.0	0.0
-22.375	0.0	0.0
-22.25	0.0	0.0
-22.125	0.0	0.0
-22.0	0.0	0.0
-21.875	0.0	0.0
-21.75	0.0	0.0
-21.625	0.0	0.0
-21.5	0.0	0.0
-21.375	0.0	0.0
-21.25	0.0	0.0
-21.125	0.0	0.0
-21.0	0.0	0.0
-20.875	0.0	0.0
-20.75	0.0	0.0
-20.625	0.0	0.0
-20.5	0.0	0.0
-20.375	0.0	0.0
-20.25	0.0	0.0
-20.125	0.0	0.0
-20.0	0.0	0.0
-19.875	0.0	0.0
-19.75	0.0	0.0
-19.625	0.0	0.0
-19.5	0.0	0.0
-19.375	0.0	0.0
-19.25	0.0	0.0
-19.125	0.0	0.0
-19.0	0.0	0.0
-18.875	0.0	0.0
-18.75	0.0	0.0
-18.625	0.0	0.0
-18.5	0.0	0.0
-18.375	0.0	0.0
-18.25	0.0	0.0
-18.125	0.0	0.0
-18.0	0.0	0.0
-17.875	0.0	0.0
-17.75	0.0	0.0
-17.625	0.0	0.0
-17.5	0.0	0.0
-17.375	0.0	0.0
-17.25	0.0	0.0
-17.125	0.0	0.0
-17.0	0.0	0.0
-16.875	0.0	0.0
-16.75	0.0	0.0
-16.625	0.0	0.0
-16.5	0.0	0.0
-16.375	0.0	0.0
-16.25	0.0	0.0
-16.125	0.0	0.0
-16.0	0.0	0.0
-15.875	0.0	0.0
-15.75	0.0	0.0
-15.625	0.0	0.0
-15.5	0.0	0.0
-15.375	0.0	0.0
-15.25	0.0	0.0
-15.125	0.0	0.0
-15.0	0.0	0.0
-14.875	0.0	0.0
-14.75	0.0	0.0
-14.625	0.0	0.0
-14.5	0.0	0.0
-14.375	0.0	0.0
-14.25	0.0	0.0
-14.125	0.0	0.0
-14.0	0.0	0.0
-13.875	0.0	0.0
-13.75	0.0	0.0
-13.625	0.0	0.0
-13.5	0.0	0.0
-13.375	0.0	0.0
-13.25	0.0	0.0
-13.125	0.0	0.0
-13.0	0.0	0.0
-12.875	0.0	0.0
-12.75	0.0	0.0
-12.625	0.0	0.0
-12.5	0.0	0.0
-12.375	0.0	0.0
-12.25	0.0	0.0
-12.125	0.0	0.0
-12.0	0.0	0.0
-11.875	0.0	0.0
-11.75	0.0	0.0
-11.625	0.0	0.0
-11.5	0.0	0.0
-11.375	0.0	0.0
-11.25	0.0	0.0
-11.125	0.0	0.0
-11.0	0.0	0.0
-10.875	0.0	0.0
-10.75	0.0	0.0
-10.625	0.0	0.0
-10.5	0.0	0.0
-10.375	0.0	0.0
-10.25	0.0	0.0
-10.125	0.0	0.0
-10.0	0.0	0.0
-9.875	0.0	0.0
-9.75	0.0	0.0
-9.625	0.0	0.0
-9.5	0.0	0.0
-9.375	0.0	0.0
-9.25	0.0	0.0
-9.125	0.0	0.0
-9.0	0.0	0.0
-8.875	0.0	0.0
-8.75	0.0	0.0
-8.625	0.0	0.0
-8.5	0.0	0.0
-8.375	0.0	0.0
-8.25	0.0	0.0
-8.125	0.0	0.0
-8.0	0.0	0.0
-7.875	0.0	0.0
-7.75	0.0	0.0
-7.625	0.0	0.0
-7.5	0.0	0.0
-7.375	0.0	0.0
-7.25	0.0	0.0
-7.125	0.0	0.0
-7.0	0.0	0.0
-6.875	0.0	0.0
-6.75	0.0	0.0
-6.625	0.0	0.0
-6.5	0.0	0.0
-6.375	0.0	0.0
-6.25	0.0	0.0
-6.125	0.0	0.0
-6.0	0.0	0.0
-5.875	0.0	0.0
-5.75	0.0	0.0
-5.625	0.0	0.0
-5.5	0.0	0.0
-5.375	0.0	0.0
-5.25	0.0	0.0
-5.125	0.0	0.0
-5.0	0.0	0.0
-4.875	0.0	0.0
-4.75	0.0	0.0
-4.625	0.0	0.0
-4.5	0.0	0.0
-4.375	0.0	0.0
-4.25	0.0	0.0
-4.125	0.0	0.0
-4.0	0.0	0.0
-3.875	0.0	0.0
-3.75	0.0	0.0
-3.625	0.0	0.0
-3.5	0.0	0.0
-3.375	0.0	0.0
-3.25	0.0	0.0
-3.125	0.0	0.0
-3.0	0.0	0.0
-2.875	0.0	0.0
-2.75	0.0	0.0
-2.625	0.0	0.0
-2.5	0.0	0.0
-2.375	0.0	0.0
-2.25	0.0	0.0
-2.125	0.0	0.0
-2.0	0.0	0.0
-1.875	0.0	0.0
-1.75	0.0	0.0
-1.625	0.0	0.0
-1.5	0.0	0.0
-1.375	0.0	0.0
-1.25	0.0	0.0
-1.125	0.0	0.0
-1.0	0.0	0.0
-0.875	0.0	0.0
-0.75	0.0	0.0
-0.625	0.0	0.0
-0.5	0.0	0.0
-0.375	0.0	1.0e-6
-0.25	0.0	1.0e-6
-0.125	0.0	2.0e-6
0.0	0.0	2.0e-6
0.125	0.0	2.0e-6
0.25	0.0	3.0e-6
0.375	0.0	3.0e-6
0.5	0.0	3.0e-6
0.625	0.0	4.0e-6
0.75	0.0	4.0e-6
0.875	0.0	5.0e-6
1.0	0.0	5.0e-6
1.125	0.0	5.0e-6
1.25	0.0	6.0e-6
1.375	0.0	6.0e-6
1.5	0.0	7.0e-6
1.625	0.0	7.0e-6
1.75	0.0	7.0e-6
1.875	0.0	8.0e-6
2.0	0.0	8.0e-6
2.125	0.0	8.0e-6
2.25	0.0	8.0e-6
2.375	0.0	8.0e-6
2.5	0.0	8.0e-6
2.625	0.0	7.0e-6
2.75	0.0	7.0e-6
2.875	0.0	6.0e-6
3.0	0.0	5.0e-6
3.125	0.0	4.0e-6
3.25	0.0	3.0e-6
3.375	0.0	2.0e-6
3.5	0.0	0.0
3.625	0.0	-2.0e-6
3.75	0.0	-4.0e-6
3.875	0.0	-6.0e-6
4.0	0.0	-9.0e-6
4.125	0.0	-1.2e-5
4.25	0.0	-1.5e-5
4.375	0.0	-1.8e-5
4.5	0.0	-2.2e-5
4.625	0.0	-2.6e-5
4.75	0.0	-3.0e-5
4.875	0.0	-3.4e-5
5.0	0.0	-3.9e-5
5.125	0.0	-4.4e-5
5.25	0.0	-4.8e-5
5.375	0.0	-5.3e-5
5.5	0.0	-5.8e-5
5.625	0.0	-6.2e-5
5.75	0.0	-6.7e-5
5.875	0.0	-7.1e-5
6.0	0.0	-7.5e-5
6.125	0.0	-7.9e-5
6.25	0.0	-8.2e-5
6.375	0.0	-8.5e-5
6.5	0.0	-8.7e-5
6.625	0.0	-8.8e-5
6.75	0.0	-8.8e-5
6.875	0.0	-8.7e-5
7.0	0.0	-8.5e-5
7.125	0.0	-8.2e-5
7.25	0.0	-7.8e-5
7.375	0.0	-7.1e-5
7.5	0.0	-6.4e-5
7.625	0.0	-5.4e-5
7.75	0.0	-4.2e-5
7.875	0.0	-2.9e-5
8.0	0.0	-1.3e-5
8.125	0.0	4.0e-6
8.25	0.0	2.4e-5
8.375	0.0	4.6e-5
8.5	0.0	7.1e-5
8.625	0.0	9.7e-5
8.75	0.0	0.000126
8.875	0.0	0.000157
9.0	0.0	0.00019
9.125	0.0	0.000225
9.25	0.0	0.000261
9.375	0.0	0.000299
9.5	0.0	0.000338
9.625	0.0	0.000378
9.75	0.0	0.000419
9.875	0.0	0.00046
10.0	0.0	0.0005
10.125	0.0	0.000539
10.25	0.0	0.000578
10.375	0.0	0.000614
10.5	0.0	0.000647
10.625	0.0	0.000678
10.75	1.0e-6	0.000704
10.875	1.0e-6	0.000725
11.0	1.0e-6	0.000741
11.125	1.0e-6	0.000751
11.25	1.0e-6	0.000753
11.375	1.0e-6	0.000747
11.5	1.0e-6	0.000732
11.625	1.0e-6	0.000708
11.75	1.0e-6	0.000673
11.875	1.0e-6	0.000626
12.0	2.0e-6	0.000568
12.125	2.0e-6	0.000496
12.25	2.0e-6	0.000411
12.375	2.0e-6	0.000313
12.5	2.0e-6	0.0002
12.625	3.0e-6	7.2e-5
12.75	3.0e-6	-7.0e-5
12.875	3.0e-6	-0.000228
13.0	3.0e-6	-0.0004
13.125	4.0e-6	-0.000586
13.25	4.0e-6	-0.000787
13.375	5.0e-6	-0.001001
13.5	5.0e-6	-0.001227
13.625	6.0e-6	-0.001464
13.75	6.0e-6	-0.00171
13.875	7.0e-6	-0.001965
14.0	8.0e-6	-0.002226
14.125	9.0e-6	-0.002491
14.25	1.0e-5	-0.002758
14.375	1.1e-5	-0.003024
14.5	1.2e-5	-0.003285
14.625	1.3e-5	-0.003539
14.75	1.4e-5	-0.003783
14.875	1.6e-5	-0.004012
15.0	1.7e-5	-0.004223
15.125	1.9e-5	-0.004411
15.25	2.1e-5	-0.004574
15.375	2.3e-5	-0.004705
15.5	2.5e-5	-0.004801
15.625	2.8e-5	-0.004858
15.75	3.0e-5	-0.004871
15.875	3.3e-5	-0.004836
16.0	3.6e-5	-0.004748
16.125	4.0e-5	-0.004603
16.25	4.4e-5	-0.004397
16.375	4.8e-5	-0.004127
16.5	5.3e-5	-0.00379
16.625	5.8e-5	-0.003382
16.75	6.3e-5	-0.002901
16.875	6.9e-5	-0.002346
17.0	7.5e-5	-0.001715
17.125	8.2e-5	-0.001007
17.25	9.0e-5	-0.000223
17.375	9.8e-5	0.000636
17.5	0.000107	0.001568
17.625	0.000117	0.00257
17.75	0.000128	0.00364
17.875	0.000139	0.004771
18.0	0.000152	0.005957
18.125	0.000165	0.007193
18.25	0.00018	0.00847
18.375	0.000196	0.009778
18.5	0.000214	0.011107
18.625	0.000232	0.012446
18.75	0.000253	0.013782
18.875	0.000274	0.015102
19.0	0.000298	0.016391
19.125	0.000324	0.017634
19.25	0.000351	0.018815
19.375	0.000381	0.019916
19.5	0.000414	0.020921
19.625	0.000448	0.021812
19.75	0.000486	0.022569
19.875	0.000526	0.023176
20.0	0.00057	0.023613
20.125	0.000617	0.023863
20.25	0.000667	0.023908
20.375	0.000722	0.023731
20.5	0.00078	0.023316
20.625	0.000843	0.022648
20.75	0.000911	0.021714
20.875	0.000983	0.020502
21.0	0.001061	0.019001
21.125	0.001144	0.017204
21.25	0.001234	0.015104
21.375	0.00133	0.0127
21.5	0.001433	0.00999
21.625	0.001543	0.006977
21.75	0.001661	0.003667
21.875	0.001788	7.0e-5
22.0	0.001923	-0.003803
22.125	0.002068	-0.007935
22.25	0.002222	-0.012305
22.375	0.002387	-0.01689
22.5	0.002563	-0.021663
22.625	0.002751	-0.026593
22.75	0.002952	-0.031643
22.875	0.003166	-0.036776
23.0	0.003394	-0.041948
23.125	0.003637	-0.047116
23.25	0.003896	-0.052229
23.375	0.004172	-0.057238
23.5	0.004465	-0.062087
23.625	0.004777	-0.06672
23.75	0.005108	-0.071081
23.875	0.00546	-0.075109
24.0	0.005834	-0.078746
24.125	0.006231	-0.081932
24.25	0.006652	-0.084607
24.375	0.007099	-0.086712
24.5	0.007573	-0.088191
24.625	0.008075	-0.088989
24.75	0.008606	-0.089055
24.875	0.009169	-0.08834
25.0	0.009764	-0.086802
25.125	0.010394	-0.084401
25.25	0.01106	-0.081106
25.375	0.011764	-0.076889
25.5	0.012507	-0.071732
25.625	0.013292	-0.065623
25.75	0.01412	-0.058559
25.875	0.014993	-0.050544
26.0	0.015914	-0.041595
26.125	0.016884	-0.031734
26.25	0.017906	-0.020996
26.375	0.018982	-0.009425
26.5	0.020114	0.002923
26.625	0.021305	0.015985
26.75	0.022557	0.029685
26.875	0.023873	0.043937
27.0	0.025255	0.058647
27.125	0.026706	0.073709
27.25	0.028229	0.08901
27.375	0.029826	0.104426
27.5	0.0315	0.119829
27.625	0.033255	0.135081
27.75	0.035093	0.150039
27.875	0.037016	0.164556
28.0	0.03903	0.17848
28.125	0.041135	0.191657
28.25	0.043336	0.203932
28.375	0.045636	0.21515
28.5	0.048038	0.225158
28.625	0.050545	0.233805
28.75	0.053161	0.240948
28.875	0.05589	0.246446
29.0	0.058734	0.250171
29.125	0.061697	0.252
29.25	0.064783	0.251825
29.375	0.067994	0.249549
29.5	0.071336	0.245088
29.625	0.07481	0.238378
29.75	0.078421	0.229368
29.875	0.082173	0.218028
30.0	0.086068	0.204346
30.125	0.09011	0.188331
30.25	0.094302	0.170014
30.375	0.098649	0.149446
30.5	0.103154	0.126703
30.625	0.107819	0.101883
30.75	0.112649	0.075105
30.875	0.117646	0.046513
31.0	0.122813	0.016272
31.125	0.128155	-0.015432
31.25	0.133673	-0.048391
31.375	0.139371	-0.082376
31.5	0.145251	-0.117143
31.625	0.151317	-0.152429
31.75	0.15757	-0.187956
31.875	0.164014	-0.223432
32.0	0.17065	-0.258556
32.125	0.177482	-0.293018
32.25	0.18451	-0.326499
32.375	0.191736	-0.358681
32.5	0.199163	-0.389243
32.625	0.206792	-0.417866
32.75	0.214624	-0.444236
32.875	0.22266	-0.46805
33.0	0.230901	-0.489013
33.125	0.239347	-0.506847
33.25	0.247999	-0.521291
33.375	0.256858	-0.532104
33.5	0.265922	-0.539069
33.625	0.275192	-0.541994
33.75	0.284667	-0.540719
33.875	0.294346	-0.535111
34.0	0.304227	-0.525073
34.125	0.31431	-0.510544
34.25	0.324592	-0.491497
34.375	0.335071	-0.467947
34.5	0.345745	-0.439946
34.625	0.35661	-0.407587
34.75	0.367665	-0.371005
34.875	0.378904	-0.330372
35.0	0.390325	-0.285903
35.125	0.401924	-0.237851
35.25	0.413695	-0.18651
35.375	0.425634	-0.132206
35.5	0.437736	-0.075303
35.625	0.449995	-0.016196
35.75	0.462405	0.04469
35.875	0.47496	0.106904
36.0	0.487653	0.16997
36.125	0.500478	0.233394
36.25	0.513427	0.296668
36.375	0.526492	0.359268
36.5	0.539665	0.420668
36.625	0.552938	0.480337
36.75	0.566303	0.537746
36.875	0.579749	0.592373
37.0	0.593268	0.64371
37.125	0.606851	0.691263
37.25	0.620487	0.73456
37.375	0.634165	0.773157
37.5	0.647876	0.806639
37.625	0.661609	0.834625
37.75	0.675352	0.856775
37.875	0.689094	0.87279
38.0	0.702824	0.882419
38.125	0.71653	0.88546
38.25	0.7302	0.881761
38.375	0.743822	0.871228
38.5	0.757383	0.853821
38.625	0.770871	0.829557
38.75	0.784273	0.798514
38.875	0.797577	0.760825
39.0	0.81077	0.716685
39.125	0.823839	0.666344
39.25	0.836771	0.61011
39.375	0.849554	0.548346
39.5	0.862173	0.481464
39.625	0.874616	0.409927
39.75	0.886871	0.334246
39.875	0.898923	0.25497
40.0	0.910761	0.172687
40.125	0.922372	0.088019
40.25	0.933743	0.001615
40.375	0.944862	-0.085856
40.5	0.955716	-0.173703
40.625	0.966293	-0.26123
40.75	0.976582	-0.347732
40.875	0.98657	-0.432507
41.0	0.996247	-0.51486
41.125	1.005601	-0.59411
41.25	1.014621	-0.669597
41.375	1.023297	-0.740684
41.5	1.031618	-0.806767
41.625	1.039576	-0.867281
41.75	1.047159	-0.921699
41.875	1.05436	-0.969546
42.0	1.06117	-1.010396
42.125	1.06758	-1.04388
42.25	1.073583	-1.069687
42.375	1.079171	-1.087569
42.5	1.084338	-1.097345
42.625	1.089077	-1.098899
42.75	1.093383	-1.092183
42.875	1.09725	-1.077218
43.0	1.100673	-1.054095
43.125	1.103649	-1.022973
43.25	1.106173	-0.984078
43.375	1.108242	-0.9377
43.5	1.109855	-0.884195
43.625	1.111008	-0.823977
43.75	1.1117	-0.757516
43.875	1.111931	-0.685336
44.0	1.1117	-0.608009
44.125	1.111008	-0.526147
44.25	1.109855	-0.440404
44.375	1.108242	-0.351461
44.5	1.106173	-0.260029
44.625	1.103649	-0.166837
44.75	1.100673	-0.072626
44.875	1.09725	0.021855
45.0	1.093383	0.115857
45.125	1.089077	0.208637
45.25	1.084338	0.299465
45.375	1.079171	0.387631
45.5	1.073583	0.472449
45.625	1.06758	0.553265
45.75	1.06117	0.629461
45.875	1.05436	0.700462
46.0	1.047159	0.765739
46.125	1.039575	0.824812
46.25	1.031618	0.877258
46.375	1.023297	0.922713
46.5	1.014621	0.960872
46.625	1.005601	0.991493
46.75	0.996247	1.014399
46.875	0.98657	1.02948
47.0	0.976582	1.036691
47.125	0.966293	1.036052
47.25	0.955716	1.027649
47.375	0.944862	1.011633
47.5	0.933743	0.988214
47.625	0.922372	0.957662
47.75	0.910761	0.920306
47.875	0.898923	0.876523
48.0	0.88687	0.826743
48.125	0.874616	0.771438
48.25	0.862173	0.711121
48.375	0.849553	0.646339
48.5	0.836771	0.57767
48.625	0.823839	0.505713
48.75	0.81077	0.43109
48.875	0.797577	0.354433
49.0	0.784273	0.276381
49.125	0.770871	0.197577
49.25	0.757383	0.118657
49.375	0.743821	0.040249
49.5	0.7302	-0.037033
49.625	0.71653	-0.112598
49.75	0.702824	-0.185876
49.875	0.689094	-0.256328
50.0	0.675352	-0.323451
50.125	0.661609	-0.386774
50.25	0.647876	-0.445872
50.375	0.634165	-0.500361
50.5	0.620486	-0.549902
50.625	0.606851	-0.594206
50.75	0.593268	-0.633034
50.875	0.579749	-0.666197
51.0	0.566302	-0.693557
51.125	0.552938	-0.715028
51.25	0.539665	-0.730575
51.375	0.526492	-0.740213
51.5	0.513427	-0.744007
51.625	0.500478	-0.742069
51.75	0.487653	-0.734555
51.875	0.47496	-0.721665
52.0	0.462405	-0.703639
52.125	0.449995	-0.680754
52.25	0.437736	-0.65332
52.375	0.425634	-0.621679
52.5	0.413695	-0.586196
52.625	0.401924	-0.547261
52.75	0.390325	-0.505282
52.875	0.378904	-0.460681
53.0	0.367665	-0.41389
53.125	0.35661	-0.365347
53.25	0.345745	-0.315495
53.375	0.335071	-0.264771
53.5	0.324592	-0.213609
53.625	0.31431	-0.162434
53.75	0.304227	-0.111656
53.875	0.294346	-0.061673
54.0	0.284667	-0.012859
54.125	0.275192	0.034428
54.25	0.265922	0.079859
54.375	0.256858	0.123129
54.5	0.247999	0.16396
54.625	0.239347	0.202106
54.75	0.230901	0.237351
54.875	0.22266	0.269509
55.0	0.214624	0.29843
55.125	0.206792	0.323994
55.25	0.199163	0.346114
55.375	0.191736	0.364735
55.5	0.18451	0.379834
55.625	0.177482	0.391419
55.75	0.17065	0.399527
55.875	0.164014	0.404223
56.0	0.15757	0.405599
56.125	0.151317	0.403772
56.25	0.145251	0.39888
56.375	0.139371	0.391085
56.5	0.133673	0.380565
56.625	0.128155	0.367515
56.75	0.122813	0.352144
56.875	0.117646	0.334671
57.0	0.112649	0.315327
57.125	0.107819	0.294348
57.25	0.103154	0.271974
57.375	0.098649	0.248447
57.5	0.094302	0.22401
57.625	0.09011	0.198903
57.75	0.086067	0.17336
57.875	0.082173	0.147612
58.0	0.078421	0.121879
58.125	0.07481	0.096372
58.25	0.071336	0.071291
58.375	0.067994	0.046823
58.5	0.064783	0.023143
58.625	0.061697	0.00041
58.75	0.058734	-0.021234
58.875	0.05589	-0.041659
59.0	0.053161	-0.060754
59.125	0.050545	-0.078426
59.25	0.048038	-0.094595
59.375	0.045636	-0.109202
59.5	0.043336	-0.1222
59.625	0.041135	-0.133561
59.75	0.03903	-0.143272
59.875	0.037016	-0.151336
60.0	0.035093	-0.157767
60.125	0.033255	-0.162596
60.25	0.0315	-0.165864
60.375	0.029826	-0.167625
60.5	0.028229	-0.167943
60.625	0.026706	-0.16689
60.75	0.025255	-0.164549
60.875	0.023873	-0.161007
61.0	0.022557	-0.156359
61.125	0.021305	-0.150704
61.25	0.020114	-0.144144
61.375	0.018982	-0.136784
61.5	0.017906	-0.128731
61.625	0.016884	-0.120092
61.75	0.015914	-0.110972
61.875	0.014993	-0.101475
62.0	0.01412	-0.091704
62.125	0.013292	-0.081758
62.25	0.012507	-0.071731
62.375	0.011764	-0.061713
62.5	0.01106	-0.051789
62.625	0.010394	-0.042038
62.75	0.009764	-0.032533
62.875	0.009169	-0.023342
63.0	0.008606	-0.014523
63.125	0.008075	-0.00613
63.25	0.007573	0.00179
63.375	0.007099	0.009199
63.5	0.006652	0.016064
63.625	0.006231	0.02236
63.75	0.005834	0.028067
63.875	0.00546	0.033174
64.0	0.005108	0.037674
64.125	0.004777	0.041566
64.25	0.004465	0.044856
64.375	0.004172	0.047553
64.5	0.003896	0.049673
64.625	0.003637	0.051233
64.75	0.003394	0.052258
64.875	0.003166	0.052774
65.0	0.002952	0.052809
65.125	0.002751	0.052395
65.25	0.002563	0.051566
65.375	0.002387	0.050357
65.5	0.002222	0.048804
65.625	0.002068	0.046944
65.75	0.001923	0.044815
65.875	0.001788	0.042453
66.0	0.001661	0.039897
66.125	0.001543	0.037181
66.25	0.001433	0.034341
66.375	0.00133	0.031411
66.5	0.001234	0.028424
66.625	0.001144	0.025409
66.75	0.001061	0.022396
66.875	0.000983	0.019411
67.0	0.000911	0.016479
67.125	0.000843	0.013623
67.25	0.00078	0.010862
67.375	0.000722	0.008213
67.5	0.000667	0.005694
67.625	0.000617	0.003316
67.75	0.00057	0.001091
67.875	0.000526	-0.000974
68.0	0.000486	-0.00287
68.125	0.000448	-0.004595
68.25	0.000414	-0.006145
68.375	0.000381	-0.007519
68.5	0.000351	-0.008719
68.625	0.000324	-0.009747
68.75	0.000298	-0.010608
68.875	0.000274	-0.011305
69.0	0.000253	-0.011847
69.125	0.000232	-0.012239
69.25	0.000214	-0.012491
69.375	0.000196	-0.012611
69.5	0.00018	-0.012608
69.625	0.000165	-0.012493
69.75	0.000152	-0.012275
69.875	0.000139	-0.011964
70.0	0.000128	-0.011572
70.125	0.000117	-0.011109
70.25	0.000107	-0.010584
70.375	9.8e-5	-0.010007
70.5	9.0e-5	-0.009389
70.625	8.2e-5	-0.008738
70.75	7.5e-5	-0.008064
70.875	6.9e-5	-0.007373
71.0	6.3e-5	-0.006675
71.125	5.8e-5	-0.005977
71.25	5.3e-5	-0.005285
71.375	4.8e-5	-0.004604
71.5	4.4e-5	-0.003941
71.625	4.0e-5	-0.003301
71.75	3.6e-5	-0.002686
71.875	3.3e-5	-0.002102
72.0	3.0e-5	-0.00155
72.125	2.8e-5	-0.001033
72.25	2.5e-5	-0.000553
72.375	2.3e-5	-0.000112
72.5	2.1e-5	0.000291
72.625	1.9e-5	0.000654
72.75	1.7e-5	0.000977
72.875	1.6e-5	0.001262
73.0	1.4e-5	0.001508
73.125	1.3e-5	0.001718
73.25	1.2e-5	0.001892
73.375	1.1e-5	0.002031
73.5	1.0e-5	0.002138
73.625	9.0e-6	0.002215
73.75	8.0e-6	0.002264
73.875	7.0e-6	0.002286
74.0	6.0e-6	0.002285
74.125	6.0e-6	0.002262
74.25	5.0e-6	0.002219
74.375	5.0e-6	0.002159
74.5	4.0e-6	0.002085
74.625	4.0e-6	0.001997
74.75	3.0e-6	0.001899
74.875	3.0e-6	0.001792
75.0	3.0e-6	0.001678
75.125	3.0e-6	0.001559
75.25	2.0e-6	0.001437
75.375	2.0e-6	0.001313
75.5	2.0e-6	0.001189
75.625	2.0e-6	0.001065
75.75	2.0e-6	0.000944
75.875	1.0e-6	0.000825
76.0	1.0e-6	0.00071
76.125	1.0e-6	0.0006
76.25	1.0e-6	0.000496
76.375	1.0e-6	0.000397
76.5	1.0e-6	0.000304
76.625	1.0e-6	0.000218
76.75	1.0e-6	0.000139
76.875	1.0e-6	6.7e-5
77.0	1.0e-6	1.0e-6
77.125	0.0	-5.8e-5
77.25	0.0	-0.000109
77.375	0.0	-0.000155
77.5	0.0	-0.000194
77.625	0.0	-0.000227
77.75	0.0	-0.000254
77.875	0.0	-0.000275
78.0	0.0	-0.000292
78.125	0.0	-0.000304
78.25	0.0	-0.000311
78.375	0.0	-0.000314
78.5	0.0	-0.000314
78.625	0.0	-0.000311
78.75	0.0	-0.000305
78.875	0.0	-0.000296
79.0	0.0	-0.000285
79.125	0.0	-0.000273
79.25	0.0	-0.000259
79.375	0.0	-0.000244
79.5	0.0	-0.000228
79.625	0.0	-0.000211
79.75	0.0	-0.000194
79.875	0.0	-0.000177
80.0	0.0	-0.000161
80.125	0.0	-0.000144
80.25	0.0	-0.000128
80.375	0.0	-0.000112
80.5	0.0	-9.7e-5
80.625	0.0	-8.2e-5
80.75	0.0	-6.9e-5
80.875	0.0	-5.6e-5
81.0	0.0	-4.4e-5
81.125	0.0	-3.3e-5
81.25	0.0	-2.3e-5
81.375	0.0	-1.4e-5
81.5	0.0	-6.0e-6
81.625	0.0	2.0e-6
81.75	0.0	8.0e-6
81.875	0.0	1.4e-5
82.0	0.0	1.8e-5
82.125	0.0	2.2e-5
82.25	0.0	2.6e-5
82.375	0.0	2.8e-5
82.5	0.0	3.0e-5
82.625	0.0	3.1e-5
82.75	0.0	3.2e-5
82.875	0.0	3.3e-5
83.0	0.0	3.3e-5
83.125	0.0	3.2e-5
83.25	0.0	3.2e-5
83.375	0.0	3.1e-5
83.5	0.0	3.0e-5
83.625	0.0	2.8e-5
83.75	0.0	2.7e-5
83.875	0.0	2.5e-5
84.0	0.0	2.3e-5
84.125	0.0	2.2e-5
84.25	0.0	2.0e-5
84.375	0.0	1.8e-5
84.5	0.0	1.6e-5
84.625	0.0	1.5e-5
84.75	0.0	1.3e-5
84.875	0.0	1.1e-5
85.0	0.0	1.0e-5
85.125	0.0	8.0e-6
85.25	0.0	7.0e-6
85.375	0.0	6.0e-6
85.5	0.0	5.0e-6
85.625	0.0	4.0e-6
85.75	0.0	3.0e-6
85.875	0.0	2.0e-6
86.0	0.0	1.0e-6
86.125	0.0	0.0
86.25	0.0	0.0
86.375	0.0	0.0
86.5	0.0	-1.0e-6
86.625	0.0	-2.0e-6
86.75	0.0	-2.0e-6
86.875	0.0	-2.0e-6
87.0	0.0	-2.0e-6
87.125	0.0	-2.0e-6
87.25	0.0	-3.0e-6
87.375	0.0	-3.0e-6
87.5	0.0	-3.0e-6
87.625	0.0	-3.0e-6
87.75	0.0	-3.0e-6
87.875	0.0	-2.0e-6
88.0	0.0	-2.0e-6
88.125	0.0	-2.0e-6
88.25	0.0	-2.0e-6
88.375	0.0	-2.0e-6
88.5	0.0	-2.0e-6
88.625	0.0	-2.0e-6
88.75	0.0	-2.0e-6
88.875	0.0	-1.0e-6
89.0	0.0	-1.0e-6
89.125	0.0	-1.0e-6
89.25	0.0	-1.0e-6
89.375	0.0	0.0
89.5	0.0	0.0
89.625	0.0	0.0
89.75	0.0	0.0
89.875	0.0	0.0
90.0	0.0	0.0
90.125	0.0	0.0
90.25	0.0	0.0
90.375	0.0	0.0
90.5	0.0	0.0
90.625	0.0	0.0
90.75	0.0	0.0
90.875	0.0	0.0
91.0	0.0	0.0
91.125	0.0	0.0
91.25	0.0	0.0
91.375	0.0	0.0
91.5	0.0	0.0
91.625	0.0	0.0
91.75	0.0	0.0
91.875	0.0	0.0
92.0	0.0	0.0
92.125	0.0	0.0
92.25	0.0	0.0
92.375	0.0	0.0
92.5	0.0	0.0
92.625	0.0	0.0
92.75	0.0	0.0
92.875	0.0	0.0
93.0	0.0	0.0
93.125	0.0	0.0
93.25	0.0	0.0
93.375	0.0	0.0
93.5	0.0	0.0
93.625	0.0	0.0
93.75	0.0	0.0
93.875	0.0	0.0
94.0	0.0	0.0
94.125	0.0	0.0
94.25	0.0	0.0
94.375	0.0	0.0
94.5	0.0	0.0
94.625	0.0	0.0
94.75	0.0	0.0
94.875	0.0	0.0
95.0	0.0	0.0
95.125	0.0	0.0
95.25	0.0	0.0
95.375	0.0	0.0
95.5	0.0	0.0
95.625	0.0	0.0
95.75	0.0	0.0
95.875	0.0	0.0
96.0	0.0	0.0
96.125	0.0	0.0
96.25	0.0	0.0
96.375	0.0	0.0
96.5	0.0	0.0
96.625	0.0	0.0
96.75	0.0	0.0
96.875	0.0	0.0
97.0	0.0	0.0
97.125	0.0	0.0
97.25	0.0	0.0
97.375	0.0	0.0
97.5	0.0	0.0
97.625	0.0	0.0
97.75	0.0	0.0
97.875	0.0	0.0
98.0	0.0	0.0
98.125	0.0	0.0
98.25	0.0	0.0
98.375	0.0	0.0
98.5	0.0	0.0
98.625	0.0	0.0
98.75	0.0	0.0
98.875	0.0	0.0
99.0	0.0	0.0
99.125	0.0	0.0
99.25	0.0	0.0
99.375	0.0	0.0
99.5	0.0	0.0
99.625	0.0	0.0
99.75	0.0	0.0
99.875	0.0	0.0
100.0	0.0	0.0
