-27.875	0.0	-3.0e-6
-27.75	0.0	-3.0e-6
-27.625	0.0	-3.0e-6
-27.5	0.0	-3.0e-6
-27.375	0.0	-3.0e-6
-27.25	0.0	-3.0e-6
-27.125	0.0	-3.0e-6
-27.0	0.0	-3.0e-6
-26.875	0.0	-3.0e-6
-26.75	0.0	-2.0e-6
-26.625	0.0	-2.0e-6
-26.5	0.0	-2.0e-6
-26.375	0.0	-2.0e-6
-26.25	0.0	-2.0e-6
-26.125	0.0	-2.0e-6
-26.0	0.0	-2.0e-6
-25.875	0.0	-2.0e-6
-25.75	0.0	-2.0e-6
-25.625	0.0	-2.0e-6
-25.5	0.0	-2.0e-6
-25.375	0.0	-2.0e-6
-25.25	0.0	-2.0e-6
-25.125	0.0	-2.0e-6
-25.0	0.0	-2.0e-6
-24.875	0.0	-2.0e-6
-24.75	0.0	-2.0e-6
-24.625	0.0	-1.0e-6
-24.5	0.0	-1.0e-6
-24.375	0.0	-1.0e-6
-24.25	0.0	-1.0e-6
-24.125	0.0	-1.0e-6
-24.0	0.0	-1.0e-6
-23.875	0.0	-1.0e-6
-23.75	0.0	-1.0e-6
-23.625	0.0	-1.0e-6
-23.5	0.0	-1.0e-6
-23.375	0.0	0.0
-23.25	0.0	0.0
-23.125	0.0	0.0
-23.0	0.0	0.0
-22.875	0.0	0.0
-22.75	0.0	0.0
-22.625	0.0	0.0
-22.5	0.0	0.0
-22.375	0.0	0.0
-22.25	0.0	0.0
-22.125	0.0	0.0
-22.0	0.0	0.0
-21.875	0.0	0.0
-21.75	0.0	0.0
-21.625	0.0	0.0
-21.5	0.0	0.0
-21.375	0.0	0.0
-21.25	0.0	0.0
-21.125	0.0	0.0
-21.0	0.0	0.0
-20.875	0.0	0.0
-20.75	0.0	0.0
-20.625	0.0	0.0
-20.5	0.0	0.0
-20.375	0.0	0.0
-20.25	0.0	0.0
-20.125	0.0	0.0
-20.0	0.0	0.0
-19.875	0.0	0.0
-19.75	0.0	0.0
-19.625	0.0	0.0
-19.5	0.0	0.0
-19.375	0.0	0.0
-19.25	0.0	0.0
-19.125	0.0	0.0
-19.0	0.0	0.0
-18.875	0.0	0.0
-18.75	0.0	0.0
-18.625	0.0	0.0
-18.5	0.0	0.0
-18.375	0.0	0.0
-18.25	0.0	0.0
-18.125	0.0	0.0
-18.0	0.0	0.0
-17.875	0.0	0.0
-17.75	0.0	0.0
-17.625	0.0	0.0
-17.5	0.0	0.0
-17.375	0.0	0.0
-17.25	0.0	0.0
-17.125	0.0	0.0
-17.0	0.0	0.0
-16.875	0.0	0.0
-16.75	0.0	1.0e-6
-16.625	0.0	1.0e-6
-16.5	0.0	1.0e-6
-16.375	0.0	1.0e-6
-16.25	0.0	1.0e-6
-16.125	0.0	1.0e-6
-16.0	0.0	1.0e-6
-15.875	0.0	1.0e-6
-15.75	0.0	1.0e-6
-15.625	0.0	1.0e-6
-15.5	0.0	1.0e-6
-15.375	0.0	1.0e-6
-15.25	0.0	1.0e-6
-15.125	0.0	1.0e-6
-15.0	0.0	1.0e-6
-14.875	0.0	1.0e-6
-14.75	0.0	1.0e-6
-14.625	0.0	1.0e-6
-14.5	0.0	2.0e-6
-14.375	0.0	2.0e-6
-14.25	0.0	2.0e-6
-14.125	0.0	2.0e-6
-14.0	0.0	2.0e-6
-13.875	0.0	2.0e-6
-13.75	0.0	2.0e-6
-13.625	0.0	2.0e-6
-13.5	0.0	2.0e-6
-13.375	0.0	2.0e-6
-13.25	0.0	2.0e-6
-13.125	0.0	2.0e-6
-13.0	0.0	2.0e-6
-12.875	0.0	2.0e-6
-12.75	0.0	2.0e-6
-12.625	0.0	2.0e-6
-12.5	0.0	2.0e-6
-12.375	0.0	2.0e-6
-12.25	0.0	2.0e-6
-12.125	0.0	2.0e-6
-12.0	0.0	2.0e-6
-11.875	0.0	2.0e-6
-11.75	0.0	2.0e-6
-11.625	0.0	2.0e-6
-11.5	0.0	2.0e-6
-11.375	0.0	2.0e-6
-11.25	0.0	2.0e-6
-11.125	0.0	2.0e-6
-11.0	0.0	2.0e-6
-10.875	0.0	2.0e-6
-10.75	0.0	2.0e-6
-10.625	0.0	2.0e-6
-10.5	0.0	2.0e-6
-10.375	0.0	2.0e-6
-10.25	0.0	2.0e-6
-10.125	0.0	2.0e-6
-10.0	0.0	2.0e-6
-9.875	0.0	2.0e-6
-9.75	0.0	2.0e-6
-9.625	0.0	2.0e-6
-9.5	0.0	2.0e-6
-9.375	0.0	2.0e-6
-9.25	0.0	2.0e-6
-9.125	0.0	2.0e-6
-9.0	0.0	2.0e-6
-8.875	0.0	3.0e-6
-8.75	0.0	3.0e-6
-8.625	0.0	3.0e-6
-8.5	0.0	3.0e-6
-8.375	0.0	3.0e-6
-8.25	0.0	3.0e-6
-8.125	0.0	3.0e-6
-8.0	0.0	3.0e-6
-7.875	0.0	3.0e-6
-7.75	0.0	3.0e-6
-7.625	0.0	3.0e-6
-7.5	0.0	3.0e-6
-7.375	0.0	3.0e-6
-7.25	0.0	3.0e-6
-7.125	0.0	3.0e-6
-7.0	0.0	3.0e-6
-6.875	0.0	3.0e-6
-6.75	0.0	3.0e-6
-6.625	0.0	3.0e-6
-6.5	0.0	3.0e-6
-6.375	0.0	3.0e-6
-6.25	0.0	3.0e-6
-6.125	0.0	3.0e-6
-6.0	0.0	3.0e-6
-5.875	0.0	3.0e-6
-5.75	0.0	3.0e-6
-5.625	0.0	3.0e-6
-5.5	0.0	3.0e-6
-5.375	0.0	3.0e-6
-5.25	0.0	3.0e-6
-5.125	0.0	3.0e-6
-5.0	0.0	3.0e-6
-4.875	0.0	3.0e-6
-4.75	0.0	3.0e-6
-4.625	0.0	3.0e-6
-4.5	0.0	3.0e-6
-4.375	0.0	3.0e-6
-4.25	0.0	3.0e-6
-4.125	0.0	3.0e-6
-4.0	0.0	3.0e-6
-3.875	0.0	3.0e-6
-3.75	0.0	3.0e-6
-3.625	0.0	3.0e-6
-3.5	0.0	3.0e-6
-3.375	0.0	3.0e-6
-3.25	0.0	3.0e-6
-3.125	0.0	3.0e-6
-3.0	0.0	3.0e-6
-2.875	0.0	3.0e-6
-2.75	0.0	3.0e-6
-2.625	0.0	3.0e-6
-2.5	0.0	3.0e-6
-2.375	0.0	3.0e-6
-2.25	0.0	3.0e-6
-2.125	0.0	3.0e-6
-2.0	0.0	3.0e-6
-1.875	0.0	4.0e-6
-1.75	0.0	4.0e-6
-1.625	0.0	4.0e-6
-1.5	0.0	4.0e-6
-1.375	0.0	4.0e-6
-1.25	0.0	4.0e-6
-1.125	0.0	4.0e-6
-1.0	0.0	4.0e-6
-0.875	0.0	4.0e-6
-0.75	0.0	4.0e-6
-0.625	0.0	4.0e-6
-0.5	0.0	4.0e-6
-0.375	0.0	4.0e-6
-0.25	0.0	4.0e-6
-0.125	0.0	4.0e-6
0.0	0.0	4.0e-6
0.125	0.0	4.0e-6
0.25	0.0	4.0e-6
0.375	0.0	4.0e-6
0.5	0.0	4.0e-6
0.625	0.0	4.0e-6
0.75	0.0	4.0e-6
0.875	0.0	4.0e-6
1.0	0.0	4.0e-6
1.125	0.0	4.0e-6
1.25	0.0	4.0e-6
1.375	0.0	4.0e-6
1.5	0.0	4.0e-6
1.625	0.0	4.0e-6
1.75	0.0	4.0e-6
1.875	0.0	4.0e-6
2.0	0.0	4.0e-6
2.125	0.0	4.0e-6
2.25	0.0	4.0e-6
2.375	0.0	4.0e-6
2.5	0.0	4.0e-6
2.625	0.0	4.0e-6
2.75	0.0	4.0e-6
2.875	0.0	4.0e-6
3.0	0.0	4.0e-6
3.125	0.0	4.0e-6
3.25	0.0	4.0e-6
3.375	0.0	4.0e-6
3.5	0.0	4.0e-6
3.625	0.0	4.0e-6
3.75	0.0	4.0e-6
3.875	0.0	4.0e-6
4.0	0.0	4.0e-6
4.125	0.0	4.0e-6
4.25	0.0	4.0e-6
4.375	0.0	4.0e-6
4.5	0.0	4.0e-6
4.625	0.0	4.0e-6
4.75	0.0	4.0e-6
4.875	0.0	4.0e-6
5.0	0.0	4.0e-6
5.125	0.0	4.0e-6
5.25	0.0	5.0e-6
5.375	0.0	5.0e-6
5.5	0.0	5.0e-6
5.625	0.0	5.0e-6
5.75	0.0	5.0e-6
5.875	0.0	5.0e-6
6.0	0.0	5.0e-6
6.125	0.0	5.0e-6
6.25	0.0	5.0e-6
6.375	0.0	5.0e-6
6.5	0.0	5.0e-6
6.625	0.0	5.0e-6
6.75	0.0	5.0e-6
6.875	0.0	5.0e-6
7.0	0.0	5.0e-6
7.125	0.0	5.0e-6
7.25	0.0	5.0e-6
7.375	0.0	5.0e-6
7.5	0.0	5.0e-6
7.625	0.0	5.0e-6
7.75	0.0	5.0e-6
7.875	0.0	5.0e-6
8.0	0.0	5.0e-6
8.125	0.0	5.0e-6
8.25	0.0	5.0e-6
8.375	0.0	5.0e-6
8.5	0.0	5.0e-6
8.625	0.0	5.0e-6
8.75	0.0	5.0e-6
8.875	0.0	5.0e-6
9.0	0.0	5.0e-6
9.125	0.0	5.0e-6
9.25	0.0	5.0e-6
9.375	0.0	5.0e-6
9.5	0.0	5.0e-6
9.625	0.0	5.0e-6
9.75	0.0	5.0e-6
9.875	0.0	5.0e-6
10.0	0.0	5.0e-6
10.125	0.0	5.0e-6
10.25	0.0	5.0e-6
10.375	0.0	5.0e-6
10.5	0.0	5.0e-6
10.625	0.0	5.0e-6
10.75	0.0	5.0e-6
10.875	0.0	5.0e-6
11.0	0.0	6.0e-6
11.125	0.0	6.0e-6
11.25	0.0	6.0e-6
11.375	0.0	6.0e-6
11.5	0.0	6.0e-6
11.625	0.0	6.0e-6
11.75	0.0	6.0e-6
11.875	0.0	6.0e-6
12.0	0.0	6.0e-6
12.125	0.0	6.0e-6
12.25	0.0	6.0e-6
12.375	0.0	6.0e-6
12.5	0.0	6.0e-6
12.625	0.0	6.0e-6
12.75	0.0	6.0e-6
12.875	0.0	6.0e-6
13.0	0.0	6.0e-6
13.125	0.0	6.0e-6
13.25	0.0	6.0e-6
13.375	0.0	6.0e-6
13.5	0.0	6.0e-6
13.625	0.0	6.0e-6
13.75	0.0	6.0e-6
13.875	0.0	6.0e-6
14.0	0.0	6.0e-6
14.125	0.0	6.0e-6
14.25	0.0	6.0e-6
14.375	0.0	6.0e-6
14.5	0.0	6.0e-6
14.625	0.0	6.0e-6
14.75	0.0	6.0e-6
14.875	0.0	6.0e-6
15.0	0.0	6.0e-6
15.125	0.0	6.0e-6
15.25	0.0	6.0e-6
15.375	0.0	6.0e-6
15.5	0.0	7.0e-6
15.625	0.0	7.0e-6
15.75	0.0	7.0e-6
15.875	0.0	7.0e-6
16.0	0.0	7.0e-6
16.125	0.0	7.0e-6
16.25	0.0	7.0e-6
16.375	0.0	7.0e-6
16.5	0.0	7.0e-6
16.625	0.0	7.0e-6
16.75	0.0	7.0e-6
16.875	0.0	7.0e-6
17.0	0.0	7.0e-6
17.125	0.0	7.0e-6
17.25	0.0	7.0e-6
17.375	0.0	7.0e-6
17.5	0.0	7.0e-6
17.625	0.0	7.0e-6
17.75	0.0	7.0e-6
17.875	0.0	7.0e-6
18.0	0.0	7.0e-6
18.125	0.0	7.0e-6
18.25	0.0	7.0e-6
18.375	0.0	7.0e-6
18.5	0.0	7.0e-6
18.625	0.0	7.0e-6
18.75	0.0	7.0e-6
18.875	0.0	8.0e-6
19.0	0.0	8.0e-6
19.125	0.0	8.0e-6
19.25	0.0	8.0e-6
19.375	0.0	8.0e-6
19.5	0.0	8.0e-6
19.625	0.0	8.0e-6
19.75	0.0	8.0e-6
19.875	0.0	8.0e-6
20.0	0.0	8.0e-6
20.125	0.0	8.0e-6
20.25	0.0	8.0e-6
20.375	0.0	8.0e-6
20.5	0.0	8.0e-6
20.625	0.0	8.0e-6
20.75	0.0	8.0e-6
20.875	0.0	8.0e-6
21.0	0.0	8.0e-6
21.125	0.0	8.0e-6
21.25	0.0	8.0e-6
21.375	0.0	8.0e-6
21.5	0.0	8.0e-6
21.625	0.0	9.0e-6
21.75	0.0	9.0e-6
21.875	0.0	9.0e-6
22.0	0.0	9.0e-6
22.125	0.0	9.0e-6
22.25	0.0	9.0e-6
22.375	0.0	9.0e-6
22.5	0.0	9.0e-6
22.625	0.0	9.0e-6
22.75	0.0	9.0e-6
22.875	0.0	9.0e-6
23.0	0.0	9.0e-6
23.125	0.0	9.0e-6
23.25	0.0	9.0e-6
23.375	0.0	9.0e-6
23.5	0.0	9.0e-6
23.625	0.0	9.0e-6
23.75	0.0	9.0e-6
23.875	0.0	1.0e-5
24.0	0.0	1.0e-5
24.125	0.0	1.0e-5
24.25	0.0	1.0e-5
24.375	0.0	1.0e-5
24.5	0.0	1.0e-5
24.625	0.0	1.0e-5
24.75	0.0	1.0e-5
24.875	0.0	1.0e-5
25.0	0.0	1.0e-5
25.125	0.0	1.0e-5
25.25	0.0	1.0e-5
25.375	0.0	1.0e-5
25.5	0.0	1.0e-5
25.625	0.0	1.0e-5
25.75	0.0	1.1e-5
25.875	0.0	1.1e-5
26.0	0.0	1.1e-5
26.125	0.0	1.1e-5
26.25	0.0	1.1e-5
26.375	0.0	1.1e-5
26.5	0.0	1.1e-5
26.625	0.0	1.1e-5
26.75	0.0	1.1e-5
26.875	0.0	1.1e-5
27.0	0.0	1.1e-5
27.125	0.0	1.1e-5
27.25	0.0	1.1e-5
27.375	0.0	1.2e-5
27.5	0.0	1.2e-5
27.625	0.0	1.2e-5
27.75	0.0	1.2e-5
27.875	0.0	1.2e-5
28.0	0.0	1.2e-5
28.125	0.0	1.2e-5
28.25	0.0	1.2e-5
28.375	0.0	1.2e-5
28.5	0.0	1.2e-5
28.625	0.0	1.3e-5
28.75	0.0	1.3e-5
28.875	0.0	1.3e-5
29.0	0.0	1.3e-5
29.125	0.0	1.3e-5
29.25	0.0	1.3e-5
29.375	0.0	1.3e-5
29.5	0.0	1.4e-5
29.625	0.0	1.4e-5
29.75	0.0	1.4e-5
29.875	0.0	1.4e-5
30.0	0.0	1.4e-5
30.125	0.0	1.5e-5
30.25	0.0	1.5e-5
30.375	0.0	1.5e-5
30.5	0.0	1.5e-5
30.625	0.0	1.5e-5
30.75	0.0	1.6e-5
30.875	0.0	1.6e-5
31.0	0.0	1.6e-5
31.125	0.0	1.6e-5
31.25	0.0	1.6e-5
31.375	0.0	1.6e-5
31.5	0.0	1.6e-5
31.625	0.0	1.6e-5
31.75	0.0	1.6e-5
31.875	0.0	1.6e-5
32.0	0.0	1.6e-5
32.125	0.0	1.6e-5
32.25	0.0	1.6e-5
32.375	0.0	1.5e-5
32.5	0.0	1.5e-5
32.625	0.0	1.4e-5
32.75	0.0	1.3e-5
32.875	0.0	1.2e-5
33.0	0.0	1.1e-5
33.125	0.0	9.0e-6
33.25	0.0	8.0e-6
33.375	0.0	6.0e-6
33.5	0.0	4.0e-6
33.625	0.0	2.0e-6
33.75	0.0	0.0
33.875	0.0	-3.0e-6
34.0	0.0	-6.0e-6
34.125	0.0	-1.0e-5
34.25	0.0	-1.3e-5
34.375	0.0	-1.6e-5
34.5	0.0	-2.0e-5
34.625	0.0	-2.4e-5
34.75	0.0	-2.8e-5
34.875	0.0	-3.1e-5
35.0	0.0	-3.5e-5
35.125	0.0	-3.8e-5
35.25	0.0	-4.1e-5
35.375	0.0	-4.4e-5
35.5	0.0	-4.6e-5
35.625	0.0	-4.7e-5
35.75	0.0	-4.7e-5
35.875	0.0	-4.6e-5
36.0	0.0	-4.4e-5
36.125	0.0	-4.0e-5
36.25	0.0	-3.4e-5
36.375	0.0	-2.6e-5
36.5	0.0	-1.6e-5
36.625	0.0	-2.0e-6
36.75	0.0	1.4e-5
36.875	0.0	3.4e-5
37.0	0.0	5.7e-5
37.125	0.0	8.5e-5
37.25	0.0	0.000117
37.375	0.0	0.000153
37.5	0.0	0.000195
37.625	0.0	0.000241
37.75	0.0	0.000293
37.875	0.0	0.00035
38.0	0.0	0.000413
38.125	0.0	0.000481
38.25	0.0	0.000554
38.375	0.0	0.000632
38.5	0.0	0.000715
38.625	0.0	0.000802
38.75	0.0	0.000892
38.875	0.0	0.000985
39.0	0.0	0.00108
39.125	1.0e-6	0.001175
39.25	1.0e-6	0.001268
39.375	1.0e-6	0.001359
39.5	1.0e-6	0.001445
39.625	1.0e-6	0.001524
39.75	1.0e-6	0.001593
39.875	1.0e-6	0.00165
40.0	2.0e-6	0.001693
40.125	2.0e-6	0.001717
40.25	2.0e-6	0.001719
40.375	3.0e-6	0.001696
40.5	3.0e-6	0.001643
40.625	4.0e-6	0.001558
40.75	4.0e-6	0.001435
40.875	5.0e-6	0.001271
41.0	6.0e-6	0.00106
41.125	7.0e-6	0.0008
41.25	8.0e-6	0.000486
41.375	9.0e-6	0.000113
41.5	1.0e-5	-0.000321
41.625	1.2e-5	-0.00082
41.75	1.4e-5	-0.001387
41.875	1.6e-5	-0.002025
42.0	1.9e-5	-0.002734
42.125	2.1e-5	-0.003516
42.25	2.5e-5	-0.004371
42.375	2.9e-5	-0.005297
42.5	3.3e-5	-0.006293
42.625	3.8e-5	-0.007354
42.75	4.4e-5	-0.008474
42.875	5.0e-5	-0.009649
43.0	5.8e-5	-0.010869
43.125	6.6e-5	-0.012123
43.25	7.6e-5	-0.0134
43.375	8.7e-5	-0.014686
43.5	9.9e-5	-0.015964
43.625	0.000114	-0.017217
43.75	0.00013	-0.018423
43.875	0.000148	-0.01956
44.0	0.000169	-0.020605
44.125	0.000193	-0.02153
44.25	0.00022	-0.022307
44.375	0.00025	-0.022906
44.5	0.000284	-0.023296
44.625	0.000323	-0.023444
44.75	0.000366	-0.023316
44.875	0.000415	-0.022878
45.0	0.00047	-0.022096
45.125	0.000532	-0.020936
45.25	0.000602	-0.019364
45.375	0.000679	-0.017348
45.5	0.000767	-0.014858
45.625	0.000865	-0.011866
45.75	0.000974	-0.008347
45.875	0.001097	-0.00428
46.0	0.001233	0.00035
46.125	0.001386	0.005555
46.25	0.001556	0.01134
46.375	0.001745	0.017703
46.5	0.001955	0.024635
46.625	0.002189	0.032118
46.75	0.002449	0.040128
46.875	0.002737	0.048627
47.0	0.003057	0.057572
47.125	0.00341	0.066905
47.25	0.003801	0.076561
47.375	0.004234	0.086462
47.5	0.004711	0.096519
47.625	0.005237	0.106632
47.75	0.005817	0.11669
47.875	0.006456	0.126572
48.0	0.007158	0.136145
48.125	0.00793	0.145268
48.25	0.008777	0.15379
48.375	0.009706	0.161554
48.5	0.010723	0.168394
48.625	0.011837	0.17414
48.75	0.013055	0.17862
48.875	0.014386	0.181657
49.0	0.015838	0.183078
49.125	0.017421	0.18271
49.25	0.019146	0.180385
49.375	0.021023	0.175944
49.5	0.023063	0.169235
49.625	0.025279	0.160121
49.75	0.027683	0.14848
49.875	0.03029	0.134206
50.0	0.033112	0.117217
50.125	0.036165	0.097451
50.25	0.039464	0.074875
50.375	0.043026	0.049484
50.5	0.046868	0.021303
50.625	0.051009	-0.009607
50.75	0.055465	-0.043152
50.875	0.060258	-0.079201
51.0	0.065407	-0.117583
51.125	0.070932	-0.158089
51.25	0.076857	-0.20047
51.375	0.083202	-0.244439
51.5	0.089992	-0.289666
51.625	0.097249	-0.335784
51.75	0.104999	-0.382392
51.875	0.113265	-0.429049
52.0	0.122074	-0.475285
52.125	0.131452	-0.520601
52.25	0.141425	-0.56447
52.375	0.15202	-0.606346
52.5	0.163263	-0.645666
52.625	0.175183	-0.681856
52.75	0.187806	-0.714336
52.875	0.201161	-0.742529
53.0	0.215274	-0.765864
53.125	0.230174	-0.783785
53.25	0.245886	-0.795759
53.375	0.262439	-0.801279
53.5	0.279858	-0.799879
53.625	0.298168	-0.791133
53.75	0.317395	-0.774668
53.875	0.337562	-0.75017
54.0	0.358693	-0.717389
54.125	0.380809	-0.676148
54.25	0.40393	-0.626347
54.375	0.428075	-0.567969
54.5	0.453262	-0.501084
54.625	0.479505	-0.425854
54.75	0.506819	-0.342535
54.875	0.535214	-0.251482
55.0	0.564698	-0.153142
55.125	0.59528	-0.048064
55.25	0.626961	0.063109
55.375	0.659743	0.179641
55.5	0.693625	0.300704
55.625	0.7286	0.425389
55.75	0.764661	0.552704
55.875	0.801796	0.681587
56.0	0.839989	0.810915
56.125	0.879222	0.939507
56.25	0.919472	1.066142
56.375	0.960712	1.189567
56.5	1.002913	1.308507
56.625	1.04604	1.421683
56.75	1.090055	1.527821
56.875	1.134916	1.625669
57.0	1.180576	1.714009
57.125	1.226985	1.791673
57.25	1.274088	1.857555
57.375	1.321828	1.910629
57.5	1.370141	1.949958
57.625	1.418962	1.974709
57.75	1.468221	1.984165
57.875	1.517843	1.977737
58.0	1.567753	1.954975
58.125	1.617869	1.915571
58.25	1.668107	1.859375
58.375	1.718382	1.786395
58.5	1.768604	1.696803
58.625	1.818681	1.590938
58.75	1.868518	1.469305
58.875	1.918021	1.332577
59.0	1.967091	1.181588
59.125	2.015629	1.017332
59.25	2.063534	0.840952
59.375	2.110706	0.653735
59.5	2.157044	0.457099
59.625	2.202447	0.252583
59.75	2.246812	0.041831
59.875	2.29004	-0.173422
60.0	2.332032	-0.391367
60.125	2.37269	-0.610137
60.25	2.411918	-0.827829
60.375	2.449623	-1.042518
60.5	2.485712	-1.252282
60.625	2.520099	-1.45522
60.75	2.552697	-1.649469
60.875	2.583427	-1.833229
61.0	2.612209	-2.004779
61.125	2.638973	-2.162497
61.25	2.663648	-2.304875
61.375	2.686172	-2.43054
61.5	2.706487	-2.538268
61.625	2.724539	-2.626993
61.75	2.740282	-2.695828
61.875	2.753673	-2.744065
62.0	2.764679	-2.771192
62.125	2.773269	-2.776894
62.25	2.779421	-2.761059
62.375	2.783119	-2.723778
62.5	2.784353	-2.665347
62.625	2.783119	-2.586261
62.75	2.779421	-2.487212
62.875	2.773269	-2.36908
63.0	2.764679	-2.232925
63.125	2.753673	-2.079975
63.25	2.740281	-1.91161
63.375	2.724539	-1.729356
63.5	2.706486	-1.534857
63.625	2.686172	-1.329867
63.75	2.663648	-1.116228
63.875	2.638972	-0.89585
64.0	2.612209	-0.670689
64.125	2.583426	-0.442733
64.25	2.552697	-0.213974
64.375	2.520098	0.013607
64.5	2.485711	0.238064
64.625	2.449622	0.457502
64.75	2.411917	0.6701
64.875	2.372689	0.874125
65.0	2.332031	1.067949
65.125	2.290039	1.250067
65.25	2.246811	1.419108
65.375	2.202445	1.573847
65.5	2.157043	1.713216
65.625	2.110705	1.836312
65.75	2.063533	1.942405
65.875	2.015627	2.030936
66.0	1.96709	2.101528
66.125	1.91802	2.153981
66.25	1.868517	2.188269
66.375	1.818679	2.204541
66.5	1.768603	2.203112
66.625	1.718381	2.184458
66.75	1.668106	2.149205
66.875	1.617867	2.098121
67.0	1.567751	2.032104
67.125	1.517842	1.952166
67.25	1.468219	1.859427
67.375	1.418961	1.75509
67.5	1.37014	1.640438
67.625	1.321827	1.516808
67.75	1.274087	1.385582
67.875	1.226984	1.24817
68.0	1.180575	1.105992
68.125	1.134915	0.960466
68.25	1.090054	0.812994
68.375	1.046039	0.664944
68.5	1.002912	0.517642
68.625	0.960711	0.372354
68.75	0.919471	0.230284
68.875	0.879221	0.092552
69.0	0.839988	-0.039802
69.125	0.801795	-0.165836
69.25	0.76466	-0.284706
69.375	0.728599	-0.395673
69.5	0.693624	-0.498104
69.625	0.659742	-0.591479
69.75	0.62696	-0.675385
69.875	0.595279	-0.749523
70.0	0.564698	-0.813698
70.125	0.535213	-0.867825
70.25	0.506818	-0.911918
70.375	0.479505	-0.946088
70.5	0.453261	-0.970539
70.625	0.428074	-0.985556
70.75	0.403929	-0.991506
70.875	0.380808	-0.988822
71.0	0.358692	-0.978001
71.125	0.337562	-0.959593
71.25	0.317394	-0.934193
71.375	0.298167	-0.902432
71.5	0.279857	-0.864969
71.625	0.262438	-0.822482
71.75	0.245886	-0.77566
71.875	0.230173	-0.725195
72.0	0.215274	-0.671777
72.125	0.201161	-0.616081
72.25	0.187806	-0.558767
72.375	0.175183	-0.500469
72.5	0.163263	-0.441793
72.625	0.152019	-0.383311
72.75	0.141425	-0.325556
72.875	0.131452	-0.269022
73.0	0.122074	-0.214157
73.125	0.113265	-0.161363
73.25	0.104998	-0.110996
73.375	0.097249	-0.063361
73.5	0.089992	-0.018717
73.625	0.083202	0.022725
73.75	0.076857	0.060802
73.875	0.070932	0.095397
74.0	0.065406	0.126435
74.125	0.060258	0.153884
74.25	0.055465	0.177752
74.375	0.051008	0.198081
74.5	0.046868	0.214947
74.625	0.043026	0.228457
74.75	0.039464	0.238743
74.875	0.036164	0.245962
75.0	0.033112	0.250289
75.125	0.030289	0.251916
75.25	0.027683	0.251049
75.375	0.025279	0.247902
75.5	0.023063	0.242698
75.625	0.021023	0.235661
75.75	0.019146	0.227018
75.875	0.017421	0.216993
76.0	0.015838	0.205806
76.125	0.014386	0.193671
76.25	0.013055	0.180795
76.375	0.011837	0.167374
76.5	0.010723	0.153594
76.625	0.009705	0.139626
76.75	0.008777	0.125631
76.875	0.00793	0.111754
77.0	0.007158	0.098128
77.125	0.006456	0.08487
77.25	0.005817	0.072081
77.375	0.005237	0.05985
77.5	0.004711	0.04825
77.625	0.004234	0.037342
77.75	0.003801	0.027172
77.875	0.00341	0.017774
78.0	0.003057	0.009171
78.125	0.002737	0.001375
78.25	0.002449	-0.005614
78.375	0.002189	-0.011803
78.5	0.001955	-0.017207
78.625	0.001745	-0.02185
78.75	0.001556	-0.025761
78.875	0.001386	-0.028974
79.0	0.001233	-0.031528
79.125	0.001097	-0.033466
79.25	0.000974	-0.034832
79.375	0.000865	-0.035673
79.5	0.000767	-0.036037
79.625	0.000679	-0.035973
79.75	0.000602	-0.035528
79.875	0.000532	-0.034749
80.0	0.00047	-0.033683
80.125	0.000415	-0.032374
80.25	0.000366	-0.030864
80.375	0.000323	-0.029194
80.5	0.000284	-0.0274
80.625	0.00025	-0.025518
80.75	0.00022	-0.023579
80.875	0.000193	-0.021612
81.0	0.000169	-0.019643
81.125	0.000148	-0.017696
81.25	0.00013	-0.015789
81.375	0.000114	-0.013941
81.5	9.9e-5	-0.012167
81.625	8.7e-5	-0.010477
81.75	7.6e-5	-0.008881
81.875	6.6e-5	-0.007388
82.0	5.8e-5	-0.006
82.125	5.0e-5	-0.004723
82.25	4.4e-5	-0.003558
82.375	3.8e-5	-0.002503
82.5	3.3e-5	-0.001559
82.625	2.9e-5	-0.000722
82.75	2.5e-5	1.2e-5
82.875	2.1e-5	0.000647
83.0	1.9e-5	0.001187
83.125	1.6e-5	0.00164
83.25	1.4e-5	0.00201
83.375	1.2e-5	0.002304
83.5	1.0e-5	0.002529
83.625	9.0e-6	0.002691
83.75	8.0e-6	0.002796
83.875	7.0e-6	0.002852
84.0	6.0e-6	0.002863
84.125	5.0e-6	0.002837
84.25	4.0e-6	0.002778
84.375	4.0e-6	0.002692
84.5	3.0e-6	0.002583
84.625	3.0e-6	0.002457
84.75	2.0e-6	0.002317
84.875	2.0e-6	0.002168
85.0	2.0e-6	0.002012
85.125	1.0e-6	0.001852
85.25	1.0e-6	0.001692
85.375	1.0e-6	0.001533
85.5	1.0e-6	0.001378
85.625	1.0e-6	0.001227
85.75	1.0e-6	0.001083
85.875	1.0e-6	0.000946
86.0	0.0	0.000816
86.125	0.0	0.000696
86.25	0.0	0.000584
86.375	0.0	0.000482
86.5	0.0	0.000389
86.625	0.0	0.000305
86.75	0.0	0.000229
86.875	0.0	0.000163
87.0	0.0	0.000104
87.125	0.0	5.3e-5
87.25	0.0	1.0e-5
87.375	0.0	-2.7e-5
87.5	0.0	-5.8e-5
87.625	0.0	-8.3e-5
87.75	0.0	-0.000103
87.875	0.0	-0.000118
88.0	0.0	-0.00013
88.125	0.0	-0.000137
88.25	0.0	-0.000142
88.375	0.0	-0.000144
88.5	0.0	-0.000144
88.625	0.0	-0.000141
88.75	0.0	-0.000137
88.875	0.0	-0.000132
89.0	0.0	-0.000126
89.125	0.0	-0.00012
89.25	0.0	-0.000112
89.375	0.0	-0.000105
89.5	0.0	-9.7e-5
89.625	0.0	-9.0e-5
89.75	0.0	-8.2e-5
89.875	0.0	-7.5e-5
90.0	0.0	-6.8e-5
90.125	0.0	-6.1e-5
90.25	0.0	-5.5e-5
90.375	0.0	-4.9e-5
90.5	0.0	-4.4e-5
90.625	0.0	-3.9e-5
90.75	0.0	-3.4e-5
90.875	0.0	-3.0e-5
91.0	0.0	-2.6e-5
91.125	0.0	-2.3e-5
91.25	0.0	-2.0e-5
91.375	0.0	-1.7e-5
91.5	0.0	-1.5e-5
91.625	0.0	-1.3e-5
91.75	0.0	-1.2e-5
91.875	0.0	-1.0e-5
92.0	0.0	-9.0e-6
92.125	0.0	-8.0e-6
92.25	0.0	-7.0e-6
92.375	0.0	-7.0e-6
92.5	0.0	-6.0e-6
92.625	0.0	-6.0e-6
92.75	0.0	-5.0e-6
92.875	0.0	-5.0e-6
93.0	0.0	-5.0e-6
93.125	0.0	-5.0e-6
93.25	0.0	-5.0e-6
93.375	0.0	-5.0e-6
93.5	0.0	-5.0e-6
93.625	0.0	-5.0e-6
93.75	0.0	-5.0e-6
93.875	0.0	-5.0e-6
94.0	0.0	-5.0e-6
94.125	0.0	-5.0e-6
94.25	0.0	-6.0e-6
94.375	0.0	-6.0e-6
94.5	0.0	-6.0e-6
94.625	0.0	-6.0e-6
94.75	0.0	-6.0e-6
94.875	0.0	-6.0e-6
95.0	0.0	-6.0e-6
95.125	0.0	-6.0e-6
95.25	0.0	-6.0e-6
95.375	0.0	-6.0e-6
95.5	0.0	-6.0e-6
95.625	0.0	-6.0e-6
95.75	0.0	-6.0e-6
95.875	0.0	-6.0e-6
96.0	0.0	-6.0e-6
96.125	0.0	-5.0e-6
96.25	0.0	-5.0e-6
96.375	0.0	-5.0e-6
96.5	0.0	-5.0e-6
96.625	0.0	-5.0e-6
96.75	0.0	-5.0e-6
96.875	0.0	-5.0e-6
97.0	0.0	-5.0e-6
97.125	0.0	-5.0e-6
97.25	0.0	-5.0e-6
97.375	0.0	-5.0e-6
97.5	0.0	-5.0e-6
97.625	0.0	-4.0e-6
97.75	0.0	-4.0e-6
97.875	0.0	-4.0e-6
98.0	0.0	-4.0e-6
98.125	0.0	-4.0e-6
98.25	0.0	-4.0e-6
98.375	0.0	-4.0e-6
98.5	0.0	-4.0e-6
98.625	0.0	-4.0e-6
98.75	0.0	-4.0e-6
98.875	0.0	-4.0e-6
99.0	0.0	-4.0e-6
99.125	0.0	-3.0e-6
99.25	0.0	-3.0e-6
99.375	0.0	-3.0e-6
99.5	0.0	-3.0e-6
99.625	0.0	-3.0e-6
99.75	0.0	-3.0e-6
99.875	0.0	-3.0e-6
100.0	0.0	-3.0e-6
