0.0	0.0
0.125	0.0
0.25	0.0
0.375	0.0
0.5	0.0
0.625	0.0
0.75	0.0
0.875	0.0
1.0	0.0
1.125	0.0
1.25	0.0
1.375	0.0
1.5	0.0
1.625	0.0
1.75	0.0
1.875	-1.0945068323562184
2.0	-1.0673082363049067
2.125	-1.030388626859474
2.25	-0.9836512187084804
2.375	-0.9270797432843048
2.5	-0.860740597769887
2.625	-0.7847866846465246
2.75	-0.6994582470608304
2.875	-0.6050853370789567
3.0	-0.5020871629122974
3.125	-0.3909730329756551
3.25	-0.2723400842103683
3.375	-0.14687259711757733
3.5	-0.015338026428474516
3.625	0.1214153620775833
3.75	0.26246417853966864
3.875	0.40681393810952665
4.0	0.5534064219121864
4.125	0.7011252944678571
4.25	0.8488050287367903
4.375	0.9952379675701162
4.5	1.1391846364961296
4.625	1.2793820393242579
4.75	1.4145551183714802
4.875	1.5434260125909534
5.0	1.6647263661617036
5.125	1.7772072222868633
5.25	1.8796518301449474
5.375	1.9708858014069908
5.5	2.049790024987425
5.625	2.1153106787591436
5.75	2.1664718335935436
5.875	2.2023848917797295
6.0	2.22226044837845
6.125	2.225416722122398
6.25	2.211290244524874
6.375	2.1794428596797095
6.5	2.129570830700824
6.625	2.061510012385153
6.75	1.9752430006279211
6.875	1.870902126242506
7.0	1.7487743255431798
7.125	1.609301663935474
7.25	1.453083673742112
7.375	1.2808751910031253
7.5	1.09358598802566
7.625	0.8922757940221369
7.75	0.6781511423354962
7.875	0.45255754234624085
8.0	0.21697356183700414
8.125	-0.026999779261961777
8.25	-0.27764756585203393
8.375	-0.5331541957338877
8.5	-0.7916143446787074
8.625	-1.0510484955284738
8.75	-1.3094159777665013
8.875	-1.5646324379134937
9.0	-1.8145845251981159
9.125	-2.057148834142162
9.25	-2.29020772469731
9.375	-2.511669192054735
9.5	-2.7194832417200696
9.625	-2.911662082808634
9.75	-3.086296429310472
9.875	-3.2415753745009304
10.0	-3.3758019618464887
10.125	-3.4874120820711174
10.25	-3.5749886527911396
10.375	-3.637278887845401
10.5	-3.673206445005302
10.625	-3.681886450133097
10.75	-3.6626350174530007
10.875	-3.614981468729445
11.0	-3.538674699899078
11.125	-3.433692116563637
11.25	-3.3002424125836454
11.375	-3.1387708455926857
11.5	-2.949958104804743
11.625	-2.734721670892383
11.75	-2.4942105782422797
11.875	-2.229802738482296
12.0	-1.9430955424424978
12.125	-1.6358991712433362
12.25	-1.3102231303617164
12.375	-0.9682657213368602
12.5	-0.6123967492266625
12.625	-0.24514347612453485
12.75	0.1308301117120056
12.875	0.5127404058849416
13.0	0.8977078273380216
13.125	1.2827763920995663
13.25	1.6649396392728968
13.375	2.041161957089394
13.5	2.4084060450464717
13.625	2.7636552076411243
13.75	3.1039415326195
13.875	3.4263682969627016
14.0	3.728137995753614
14.125	4.006573971756228
14.25	4.259147412810398
14.375	4.483497314766414
14.5	4.677455581113475
14.625	4.839064460010892
14.75	4.966598928355662
14.875	5.058580806856149
15.0	5.113797691008618
15.125	5.131313041989934
15.25	5.110481036854871
15.375	5.050952054650788
15.5	4.952682954188344
15.625	4.8159375202217785
15.75	4.641291834924525
15.875	4.429629413229483
16.0	4.182141508269239
16.125	3.900316842179513
16.25	3.5859368701207375
16.375	3.2410601965226706
16.5	2.868013010270423
16.625	2.4693684596188548
16.75	2.0479326558378737
16.875	1.6067194558210534
17.0	1.1489326061104026
17.125	0.6779365436599779
17.25	0.19723541017904403
17.375	-0.28955937792730624
17.5	-0.7787523794767446
17.625	-1.2665989245642555
17.75	-1.749329655459217
17.875	-2.223186741804078
18.0	-2.6844486629467723
18.125	-3.1294668491924553
18.25	-3.55468961404825
18.375	-3.95669822083727
18.5	-4.3322288668115245
18.625	-4.6782072071500425
18.75	-4.991767321345296
18.875	-5.270283800173462
19.0	-5.5113866858572935
19.125	-5.712990341616158
19.25	-5.873303446481757
19.375	-5.990854020552964
19.5	-6.064493666219431
19.625	-6.093418314460501
19.75	-6.077166026763781
19.875	-6.01563325938553
20.0	-5.9090656600495395
20.125	-5.758069922723314
20.25	-5.563597108048671
20.375	-5.326950495030363
20.5	-5.049760986177207
20.625	-4.733991790983605
20.75	-4.3819053714004115
20.875	-3.9960664085394453
21.0	-3.5792993263538526
21.125	-3.134692059543602
21.25	-2.6655419468855928
21.375	-2.1753652235924363
21.5	-1.6678248305564218
21.625	-1.1467586452035439
21.75	-0.6160538523024035
21.875	-0.07976807837116857
22.0	0.45797665246188185
22.125	0.9931453952532008
22.25	1.5216556342552106
22.375	2.039504856751251
22.5	2.5427452352978586
22.625	3.027559360879509
22.75	3.490255170676836
22.875	3.927325058970478
23.0	4.335447910706531
23.125	4.711537884986935
23.25	5.052749698051384
23.375	5.3565143925885845
23.5	5.620549318023749
23.625	5.842886806600036
23.75	6.021876059648207
23.875	6.156208722094285
24.0	6.244917241947477
24.125	6.287388287119294
24.25	6.283366899272594
24.375	6.232952854661528
24.5	6.136605357027012
24.625	5.9951314893675764
24.75	5.8096864015918905
24.875	5.581756235500988
25.0	5.313148898666435
25.125	5.005981079451757
25.25	4.662654844694471
25.375	4.285844475376634
25.5	3.8784683744550814
25.625	3.443671510673779
25.75	2.9847943094369653
25.875	2.5053515763525693
26.0	2.008999163382271
26.125	1.4995103183864151
26.25	0.9807410010612646
26.375	0.4566046508257822
26.5	-0.06896292526865114
26.625	-0.5920293583582537
26.75	-1.1087003224351846
26.875	-1.6151449211889723
27.0	-2.1076289031926003
27.125	-2.5825385153648517
27.25	-3.0364117315276045
27.375	-3.46595969831928
27.5	-3.8680947245362685
27.625	-4.239949011103201
27.75	-4.578898719820417
27.875	-4.882579063666516
28.0	-5.1489040641949275
28.125	-5.376077448366593
28.25	-5.562607675636455
28.375	-5.707314268983395
28.5	-5.809337841545128
28.625	-5.868141644476722
28.75	-5.883516476663927
28.875	-5.855577388843845
29.0	-5.784763513369874
29.125	-5.671830017776482
29.25	-5.517843039962298
29.375	-5.324167130505229
29.5	-5.092455617557909
29.625	-4.8246339116027634
29.75	-4.52288574992185
29.875	-4.1896328565680845
30.0	-3.8275176251985163
30.125	-3.439379727908443
30.25	-3.028235884892833
30.375	-2.597254096212461
30.5	-2.149731215265796
30.625	-1.689065536001786
30.75	-1.2187329333467845
30.875	-0.7422585740175349
31.0	-0.2631924103474743
31.125	0.21491920447400367
31.25	0.6885578821493712
31.375	1.1542609086103917
31.5	1.608644703705664
31.625	2.0484311154191266
31.75	2.47046924995349
31.875	2.8717596623816064
32.0	3.2494738946320645
32.125	3.600975943369817
32.25	3.9238389212741227
32.375	4.2158632678866566
32.5	4.475090041848859
32.625	4.699815438518247
32.75	4.888600324816704
32.875	5.040280735810889
33.0	5.15397337665164
33.125	5.229081886106953
33.25	5.265298148761471
33.375	5.262604233655069
33.5	5.221269481412911
33.625	5.141848147614526
33.75	5.025172350777017
33.875	4.87234556980481
34.0	4.684731656722253
34.125	4.463944452535352
34.25	4.211833180355659
34.375	3.930468551347215
34.5	3.6221249565775526
34.625	3.2892635316807874
34.75	2.934511656764035
34.875	2.5606435324465604
35.0	2.1705575740170797
35.125	1.7672551203169355
35.25	1.35381636894297
35.375	0.9333778910473752
35.5	0.5091077969075686
35.625	0.08418276250209583
35.75	-0.3382368621840023
35.875	-0.755029796165664
36.0	-1.1631380614321265
36.125	-1.559588784820036
36.25	-1.9415170775364332
36.375	-2.3061862139833775
36.5	-2.651008499104754
36.625	-2.973563191510922
36.75	-3.2716147599691943
36.875	-3.5431279868850623
37.0	-3.786283093010046
37.125	-3.999487543848943
37.25	-4.181387616174159
37.375	-4.330876531996271
37.5	-4.447102149204448
37.625	-4.529471162530488
37.75	-4.577652720481117
37.875	-4.591578556891669
38.0	-4.571442463693968
38.125	-4.517696346404252
38.25	-4.431045613208071
38.375	-4.312441278936357
38.5	-4.1630714612057345
38.625	-3.9843497857828525
38.75	-3.77790330572615
38.875	-3.5455575821465994
39.0	-3.2893214581122314
39.125	-3.011369298416548
39.25	-2.714023152281048
39.375	-2.3997327298508093
39.5	-2.0710555726736923
39.625	-1.7306354197096872
39.75	-1.3811810689137969
39.875	-1.025443838626371
40.0	-0.6661958447486811
40.125	-0.3062072922716202
40.25	0.051775091279931705
40.375	0.4050501960705231
40.5	0.7509832092383762
40.625	1.0870264713552111
40.75	1.410738572888971
40.875	1.7198032593457464
41.0	2.0120463095171774
41.125	2.285451893510731
41.25	2.5381766801969174
41.375	2.768563145374825
41.5	2.9751504583286983
41.625	3.156684348307865
41.75	3.312124438503689
41.875	3.440650403712749
42.0	3.5416655499045557
42.125	3.6147991296642448
42.25	3.659906101895318
42.375	3.6770656092864544
42.5	3.6665769903456025
42.625	3.628954559402679
42.75	3.5649200767897953
42.875	3.4753941015137704
43.0	3.3614852498214667
43.125	3.2244785086503147
43.25	3.065821723259077
43.375	2.887111361367769
43.5	2.6900767627825437
43.625	2.4765639259187244
43.75	2.248518122956669
43.875	2.007966339195075
44.0	1.7569989037067322
44.125	1.4977512456568105
44.25	1.2323852111674618
44.375	0.9630708083781729
44.5	0.6919678758426425
44.625	0.4212084698211504
44.75	0.15287951868392682
44.875	-0.11099353709238521
45.0	-0.3684625246336421
45.125	-0.6176711010245907
45.25	-0.8568684628926175
45.375	-1.084421651081096
45.5	-1.2988267790296824
45.625	-1.4987187201175811
45.75	-1.6828795502249012
45.875	-1.8502453694920102
46.0	-1.9999117695223543
46.125	-2.131137658851536
46.25	-2.2433476839870212
46.375	-2.336133046581696
46.5	-2.4092509249086276
46.625	-2.462622385662544
46.75	-2.496328963733072
46.875	-2.5106078780818644
47.0	-2.505846028396366
47.125	-2.4825728184721805
47.25	-2.4414519146782387
47.375	-2.3832720582434503
47.5	-2.308936999361528
47.625	-2.2194547390749313
47.75	-2.1159261020731233
47.875	-1.9995328877267333
48.0	-1.87152557290272
48.125	-1.7332108693259252
48.25	-1.5859390547316095
48.375	-1.4310914302826632
48.5	-1.2700677647363618
48.625	-1.1042741222109542
48.75	-0.9351108712809204
48.875	-0.7639613118973726
49.0	-0.5921806517545085
49.125	-0.42108580427869424
49.25	-0.25194567119144695
49.375	-0.08597241442291985
49.5	0.07568669001268456
49.625	0.23195628091893433
49.75	0.38183930204840966
49.875	0.5244221888396667
50.0	0.6588794010453054
50.125	0.7844767074078208
50.25	0.9005738413552434
50.375	1.006625903880452
50.5	1.1021842002804274
50.625	1.1868958553369418
50.75	1.2605029586192653
50.875	1.3228405506362875
51.0	1.373834263252156
51.125	1.4134968884442611
51.25	1.4419247468782401
51.375	1.4592930905902193
51.5	1.4658514654159227
51.625	1.461918224366681
51.75	1.4478751678229278
51.875	1.4241614553726933
52.0	1.3912678116022867
52.125	1.3497301212024932
52.25	1.3001234786402969
52.375	1.2430557355482699
52.5	1.1791616509711285
52.625	1.1090966331341523
52.75	1.0335312152627796
52.875	0.9531451979210841
53.0	0.8686226359206651
53.125	0.7806465449917555
53.25	0.6898945405982464
53.375	0.5970342263900853
53.5	0.5027195784981208
53.625	0.4075870856910786
53.75	0.3122529255748807
53.875	0.2173098802103349
54.0	0.12332530605615744
54.125	0.030838806333141136
54.25	-0.059639043290423896
54.375	-0.14762832107714402
54.5	-0.23268034909575613
54.625	-0.3143787033396958
54.75	-0.39233921589708504
54.875	-0.4662104749680509
55.0	-0.5356733528018305
55.125	-0.6004411140274919
55.25	-0.6602585905837813
55.375	-0.7149020200992857
55.5	-0.7641779880374805
55.625	-0.8079231127266098
55.75	-0.846002865895766
55.875	-0.8783112082966846
56.0	-0.9047693838554245
56.125	-0.9253255909696385
56.25	-0.9399538241286625
56.375	-0.9486536425321846
56.5	-0.9514491079717897
56.625	-0.948388686219624
56.75	-0.9395443030946037
56.875	-0.9250113870204297
57.0	-0.9049080384319348
57.125	-0.8793751958889502
57.25	-0.8485758891495991
57.375	-0.8126954880128385
57.5	-0.7719409881592465
57.625	-0.7265412830202261
57.75	-0.676746415260953
57.875	-0.6228285778180506
58.0	-0.5650777631623679
58.125	-0.5038074779572862
58.25	-0.4393500430567791
58.375	-0.3720580046931407
58.5	-0.3022992586267987
58.625	-0.230461761180814
58.75	-0.15694889801524647
58.875	-0.08217936577605905
59.0	-0.006585127031815838
59.125	0.0693897127695155
59.25	0.14529136544984741
59.375	0.220657880579063
59.5	0.2950220234243712
59.625	0.36791318162894854
59.75	0.43886063551399385
59.875	0.5073958109776711
60.0	0.5730558878236247
60.125	0.635386330315879
60.25	0.693944751374367
60.375	0.7483036255585174
60.5	0.7980543019155317
60.625	0.8428097811060491
60.75	0.8822087490220555
60.875	0.9159182818241371
61.0	0.9436377575583057
61.125	0.9651013413046905
61.25	0.9800816240220054
61.375	0.9883917357486007
61.5	0.9898885605437884
61.625	0.984474329294978
61.75	0.9720992672657273
61.875	0.9527625296988862
62.0	0.9265141540623266
62.125	0.8934552210265316
62.25	0.8537390065410287
62.375	0.8075702772206762
62.5	0.7552055670063214
62.625	0.6969515484483483
62.75	0.6331643936598097
62.875	0.5642472000335618
63.0	0.49064843393633306
63.125	0.4128584293620665
63.25	0.33140695356074396
63.375	0.24685883815089946
63.5	0.1598107467005095
63.625	0.07088603793050899
63.75	-0.01926914581340059
63.875	-0.10999164640809411
64.0	-0.20060572656949444
64.125	-0.2904292994290124
64.25	-0.37877870677516373
64.375	-0.4649752150340434
64.5	-0.5483499294425902
64.625	-0.6282503429935218
64.75	-0.7040451670958989
64.875	-0.7751307109067154
65.0	-0.8409354046561921
65.125	-0.9009257873150157
65.25	-0.9546105042287696
65.375	-1.0015456915100271
65.5	-1.0413382449583708
65.625	-1.073650409708183
65.75	-1.0982021421654184
65.875	-1.1147747426139216
66.0	-1.1232121651819431
66.125	-1.1234235682025604
66.25	-1.1153834677162646
66.375	-1.099133123886839
66.5	-1.0747794795678844
66.625	-1.0424953491486533
66.75	-1.0025171332767109
66.875	-0.9551438270457898
67.0	-0.9007335528718552
67.125	-0.8397014556631264
67.25	-0.7725151457726491
67.375	-0.6996915973653772
67.5	-0.6217916399808545
67.625	-0.5394160204444125
67.75	-0.45319912260818196
67.875	-0.3638043906565723
68.0	-0.2719174900860512
68.125	-0.17824131925073067
68.25	-0.08348884873938944
68.375	0.011622033021147702
68.5	0.10637575136910497
68.625	0.2000641121314446
68.75	0.291993351638612
68.875	0.3814888660999161
69.0	0.46790183734508484
69.125	0.5506133908838999
69.25	0.6290405761377964
69.375	0.7026397461321192
69.5	0.7709117031391679
69.625	0.8334041299334667
69.75	0.8897157532113519
69.875	0.9394977016934885
70.0	0.9824565884693346
70.125	1.0183547227758036
70.25	1.0470120661468463
70.375	1.0683052798579786
70.5	1.0821685657117381
70.625	1.0885915870646392
70.75	1.0876192603133232
70.875	1.0793486411292152
71.0	1.0639277842362533
71.125	1.0415517350106425
71.25	1.0124606200747217
71.375	0.9769349250076449
71.5	0.935293014013839
71.625	0.8878859047257118
71.75	0.8350944395690741
71.875	0.777323786627586
72.0	0.7150004967376414
72.125	0.6485669638824398
72.25	0.5784785996293498
72.375	0.5051984770429705
72.5	0.4291948377492531
72.625	0.35093612023814896
72.75	0.27088898535999384
72.875	0.18951389431118498
73.0	0.10726331928491233
73.125	0.024581080492096105
73.25	-0.05810648709350397
73.375	-0.14038177346920988
73.5	-0.22184503982396742
73.625	-0.3021127182543374
73.75	-0.3808170938678526
73.875	-0.4576078916529652
74.0	-0.532150561792853
74.125	-0.6041272836167527
74.25	-0.6732346846908986
74.375	-0.7391844174879542
74.5	-0.8017004863568624
74.625	-0.8605195902481058
74.75	-0.9153872818535411
74.875	-0.9660627494434901
75.0	-1.0123085027640215
75.125	-1.0538964631311434
75.25	-1.0906026408061624
75.375	-1.1222122777162074
75.5	-1.148512343050744
75.625	-1.1692961409817544
75.75	-1.184361194664763
75.875	-1.1935115757191883
76.0	-1.1965571487270314
76.125	-1.193316746388588
76.25	-1.183618202801744
76.375	-1.1673023931969542
76.5	-1.1442240343913685
76.625	-1.114256532630566
76.75	-1.07729345245065
76.875	-1.033254039054481
77.0	-0.9820851805727742
77.125	-0.9237673979883865
77.25	-0.8583170559594795
77.375	-0.7857925490771811
77.5	-0.7062964584057259
77.625	-0.6199816130441521
77.75	-0.5270528482990169
77.875	-0.42777259071012397
78.0	-0.3224618534319518
78.125	-0.21150498468153403
78.25	-0.09534953945500044
78.375	0.0254901519178162
78.5	0.15043456758027812
78.625	0.27883690634679814
78.75	0.4099864044420639
78.875	0.5431079619877478
79.0	0.6773673919302472
79.125	0.811872904736186
79.25	0.9456823903340764
79.375	1.0778067972414902
79.5	1.2072194346307177
79.625	1.3328611620094022
79.75	1.4536515758492865
79.875	1.568495800287032
80.0	1.676297298457741
80.125	1.7759659311166065
80.25	1.8664320148038493
80.375	1.9466552017895125
80.5	2.015639303469619
80.625	2.0724414494178296
80.75	2.1161871125635945
80.875	2.1460789345152955
81.0	2.161411335760892
81.125	2.161578354733972
81.25	2.1460872067565444
81.375	2.114564479830434
81.5	2.066767639121338
81.625	2.0025914519732115
81.75	1.9220709315103925
81.875	1.8253920245905961
82.0	1.7128909107443824
82.125	1.5850550922523903
82.25	1.4425267357969493
82.375	1.286096929095964
82.5	1.1167063710871563
82.625	0.9354358930874408
82.75	0.7435039185003095
82.875	0.5422532678025961
83.0	0.3331455727910866
83.125	0.11774456152927326
83.25	-0.10229219442198347
83.375	-0.3252331498521557
83.5	-0.5492831407271515
83.625	-0.7726058942667223
83.75	-0.9933357501500656
83.875	-1.2096021790562834
84.0	-1.4195419865206331
84.125	-1.6213251356602767
84.25	-1.8131664278342212
84.375	-1.9933519110372775
84.5	-2.160248932403397
84.625	-2.312332474880794
84.75	-2.448192386205236
84.875	-2.5665591505223606
85.0	-2.66630607846567
85.125	-2.7464780901009336
85.25	-2.8062832542410048
85.375	-2.845121622248171
85.5	-2.862573608322329
85.625	-2.8584264378193835
85.75	-2.832651007211641
85.875	-2.7854377663097054
86.0	-2.7171355786617246
86.125	-2.628205037918208
86.25	-2.51958418010927
86.375	-2.3921954866649195
86.5	-2.247170256405885
86.625	-2.0857830759522176
86.75	-1.9094709899746132
86.875	-1.7197936727786485
87.0	-1.5184370590525598
87.125	-1.3071791879818955
87.25	-1.08788599723222
87.375	-0.8624795094840848
87.5	-0.6329290715569081
87.625	-0.4012211568080128
87.75	-0.16934811030476926
87.875	0.0607203074911325
88.0	0.28704910327890293
88.125	0.5077643044890368
88.25	0.7210647828330325
88.375	0.925245730402037
88.5	1.1187090529161683
88.625	1.2999835027456619
88.75	1.46773277419261
88.875	1.6207718140502478
89.0	1.7580719603354336
89.125	1.8787730878769875
89.25	1.9821853489660106
89.375	2.0677969798031994
89.5	2.1352724221124277
89.625	2.184454727265813
89.75	2.215364273509032
89.875	2.228191875054767
90.0	2.2232939779795236
90.125	2.2011871563222045
90.25	2.1625362316436956
90.375	2.1081465138003375
90.5	2.038949409882986
90.625	1.95599206319337
90.75	1.8604210973292183
90.875	1.753470384716675
91.0	1.6364436459803384
91.125	1.5107011259258911
91.25	1.3776418003594084
91.375	1.2386897429064805
91.5	1.0952766816413144
91.625	0.9488288059369587
91.75	0.8007503664279731
91.875	0.6524116008302808
92.0	0.5051339877134794
92.125	0.36017986944060265
92.25	0.21873985944452892
92.375	0.08192461612580494
92.5	-0.049245227514580374
92.625	-0.17384482503331128
92.75	-0.2910524382465815
92.875	-0.4001525664193726
93.0	-0.5005404387171922
93.125	-0.5917224901230622
93.25	-0.6733180847851575
93.375	-0.7450574540595755
93.5	-0.8067808392653373
93.625	-0.8584341281479168
93.75	-0.9000657153657017
93.875	-0.9318201733081748
94.0	-0.9539332151795384
94.125	-0.9667238106008538
94.25	-0.9705876963565311
94.375	-0.9659883943670596
94.5	-0.953449747668133
94.625	-0.9335463176695363
94.75	-0.9068954280642468
94.875	-0.8741474109129731
95.0	-0.8359776207859945
95.125	-0.7930769676852454
95.25	-0.7461443209721786
95.375	-0.6958777151874904
95.5	-0.6429675024058115
95.625	-0.5880885492299416
95.75	-0.531893907572737
95.875	-0.4750108264273501
96.0	-0.41803156161522126
96.125	-0.3615104923280206
96.25	-0.30596412258675443
96.375	0.0
96.5	0.0
96.625	0.0
96.75	0.0
96.875	0.0
97.0	0.0
97.125	0.0
97.25	0.0
97.375	0.0
97.5	0.0
97.625	0.0
97.75	0.0
97.875	0.0
98.0	0.0
98.125	0.0
98.25	0.0
98.375	0.0
98.5	0.0
98.625	0.0
98.75	0.0
98.875	0.0
99.0	0.0
99.125	0.0
99.25	0.0
99.375	0.0
99.5	0.0
99.625	0.0
99.75	0.0
99.875	0.0
100.0	0.0
100.125	0.0
