0.0	-0.13245281450740073
0.125	-0.15810448947513625
0.25	-0.18135743908195626
0.375	-0.20172459246680643
0.5	-0.2199913073560455
0.625	-0.23489395713891348
0.75	-0.2463420599713096
0.875	-0.2530520692795354
1.0	-0.2538787788576743
1.125	-0.2474740637921445
1.25	-0.234460193933201
1.375	-0.21650797002204955
1.5	-0.1952239059640673
1.625	-0.17236388207415232
1.75	-0.14779917839911189
1.875	-0.12051594660276674
2.0	-0.08912006402214169
2.125	-0.052682203701595785
2.25	-0.012221208900941456
2.375	0.03023991969236045
2.5	0.07082961681410196
2.625	0.10580233673190555
2.75	0.13253222876396922
2.875	0.14986228435962337
3.0	0.15865304187018914
3.125	0.15955572809564236
3.25	0.15386244053208029
3.375	0.14308441095856814
3.5	0.12805279281805237
3.625	0.10963423152563022
3.75	0.08851925398260213
3.875	0.06622008795337062
4.0	0.043579815801714966
4.125	0.020694309174041692
4.25	-0.0017036875844818348
4.375	-0.022985351441885776
4.5	-0.043016737462128564
4.625	-0.06178133248746704
4.75	-0.07906368697958761
4.875	-0.09476701170849705
5.0	-0.10865855882747519
5.125	-0.1203581725373059
5.25	-0.12848119804587596
5.375	-0.13206903885238724
5.5	-0.13034154218006577
5.625	-0.12315390157767968
5.75	-0.11171441682490146
5.875	-0.09755695630093926
6.0	-0.08241933606345131
6.125	-0.06765082448101775
6.25	-0.053756044585632115
6.375	-0.041933363738094705
6.5	-0.03242795469461593
6.625	-0.025570786566248054
6.75	-0.02074775908600755
6.875	-0.018399557313014132
7.0	-0.017097614235150934
7.125	-0.0154389183342012
7.25	-0.011825906073931042
7.375	-0.006117520752436135
7.5	0.0016747947946723473
7.625	0.010992542009453755
7.75	0.021305657945879256
7.875	0.031611600049470265
8.0	0.041245485472337924
8.125	0.04984049595121088
8.25	0.05663506211435058
8.375	0.06112118210260802
8.5	0.0631276141501833
8.625	0.06210880581212307
8.75	0.05829941266305692
8.875	0.051031222651949905
9.0	0.04041677674622353
9.125	0.02615025866458758
9.25	0.009337227816741914
9.375	-0.0087148379970332
9.5	-0.02665142033392634
9.625	-0.04354603955378267
9.75	-0.05853797558933428
9.875	-0.07167518472736986
10.0	-0.08377041178964453
10.125	-0.09598914938350006
10.25	-0.10966989053913982
10.375	-0.1256911388450878
10.5	-0.14417768616136875
10.625	-0.16417353803394827
10.75	-0.18409887206184966
10.875	-0.20234764412594877
11.0	-0.21715245654040494
11.125	-0.22757331152074486
11.25	-0.23314915657140178
11.375	-0.23432906453522226
11.5	-0.23177049546570427
11.625	-0.22655105667386535
11.75	-0.2193852499278202
11.875	-0.21070143412461997
12.0	-0.20060462786113117
12.125	-0.18916829510904484
12.25	-0.17572009203378414
12.375	-0.15956767062655275
12.5	-0.1407835367198213
12.625	-0.11896695077391277
12.75	-0.09515131783042925
12.875	-0.06987632113717403
13.0	-0.04427121926415935
13.125	-0.02039677388588147
13.25	0.0019913266587771885
13.375	0.020382168262155376
13.5	0.03407564427193809
13.625	0.041998104980753875
13.75	0.04403882619374859
13.875	0.04114963483781467
14.0	0.03362604628003447
14.125	0.0238792486189111
14.25	0.013482664344192733
14.375	0.002668440429646277
14.5	-0.007450196889560502
14.625	-0.01746474595083822
14.75	-0.028751145654030412
14.875	-0.04218241313805384
15.0	-0.05552861188008081
15.125	-0.06774414962899099
15.25	-0.07827414747249015
15.375	-0.08593089320581396
15.5	-0.09060971626178174
15.625	-0.09186302943038673
15.75	-0.09110829602525733
15.875	-0.08794468782666903
16.0	-0.08254383474012286
16.125	-0.07542179683616483
16.25	-0.06733817320604181
16.375	-0.05939842719897456
16.5	-0.05268168851338709
16.625	-0.047783934767759106
16.75	-0.04552266820971159
16.875	-0.045249783023585885
17.0	-0.046751948573677704
17.125	-0.04943037535485566
17.25	-0.05381433837476441
17.375	-0.05947341405134918
17.5	-0.06623628762561709
17.625	-0.07354310172323608
17.75	-0.08112171052032488
17.875	-0.0878915748307953
18.0	-0.09279311586639045
18.125	-0.09525510085910185
18.25	-0.09549557479600608
18.375	-0.09409999334627568
18.5	-0.09260132997349879
18.625	-0.09228939775950899
18.75	-0.09393693820310647
18.875	-0.09815171004505281
19.0	-0.1051468170961779
19.125	-0.11402189638339062
19.25	-0.1247879376418537
19.375	-0.1366255239647426
19.5	-0.15053842318505772
19.625	-0.16417094857892625
19.75	-0.17741654697199738
19.875	-0.18948283720384942
20.0	-0.20077729646056028
20.125	-0.21061109837219014
20.25	-0.21863495444073475
20.375	-0.22421684063888178
20.5	-0.22639519112480821
20.625	-0.22490624044666369
20.75	-0.21780574131240962
20.875	-0.20594232007385854
21.0	-0.1892623773376973
21.125	-0.17067886794769604
21.25	-0.14999949354752842
21.375	-0.12881027415628316
21.5	-0.10850205022061002
21.625	-0.09182624822344877
21.75	-0.07925433918573632
21.875	-0.07236657398941163
22.0	-0.07225092886088354
22.125	-0.07977613874354113
22.25	-0.09286208955488821
22.375	-0.10855107236736554
22.5	-0.12423588194606981
22.625	-0.13663239594385382
22.75	-0.1438671578724522
22.875	-0.14520994091943237
23.0	-0.14130057538467475
23.125	-0.13294520609684504
23.25	-0.12178951277838511
23.375	-0.10991484838245061
23.5	-0.10002052484671849
23.625	-0.09331881468105868
23.75	-0.09074786317765009
23.875	-0.09152767205607308
24.0	-0.0945918961533354
24.125	-0.09807508673453126
24.25	-0.10002739082331644
24.375	-0.09867706585544542
24.5	-0.09297300720989701
24.625	-0.0818480560386539
24.75	-0.06585369661109046
24.875	-0.04572419616303311
25.0	-0.02389883422558767
25.125	-0.0019550048270345357
25.25	0.01769982514002426
25.375	0.034170763707811136
25.5	0.04711279868779105
25.625	0.057432342912454644
25.75	0.06587651246762362
25.875	0.07284244567528728
26.0	0.07784357773130335
26.125	0.08007506056333778
26.25	0.07934020043679971
26.375	0.07634472499636187
26.5	0.07155706242067185
26.625	0.0658518934776079
26.75	0.059245817918517886
26.875	0.051929707945471734
27.0	0.043354329411025946
27.125	0.03473994587031681
27.25	0.026890874766494512
27.375	0.020156214235855435
27.5	0.01542705695942577
27.625	0.012592366916696707
27.75	0.010823252584579592
27.875	0.010013968416598705
28.0	0.010318405642761359
28.125	0.011548814480017494
28.25	0.013736401804257281
28.375	0.016554595771184833
28.5	0.02032859102970592
28.625	0.024107207867034117
28.75	0.02723715426714008
28.875	0.030269997380622728
29.0	0.03399588555628477
29.125	0.038618758848674106
29.25	0.04419457947409627
29.375	0.049882313241276954
29.5	0.05480847959786755
29.625	0.05756717926584978
29.75	0.05775757043635219
29.875	0.05589016851709196
30.0	0.0525095202659518
30.125	0.04883542667316663
30.25	0.045391247728452634
30.375	0.04222922998977559
30.5	0.03842729957113431
30.625	0.0336330915327318
30.75	0.027272716799981153
30.875	0.019202132945811842
31.0	0.00923296038626796
31.125	-0.0018385838495750505
31.25	-0.012943004316484338
31.375	-0.022376234491292522
31.5	-0.02831743783069931
31.625	-0.029016394679881093
31.75	-0.02456018344401635
31.875	-0.015217314781532439
32.0	-0.0024521973899491807
32.125	0.012372929766644575
32.25	0.0271258602092773
32.375	0.040702067033677854
32.5	0.05321822339927618
32.625	0.06460989140821609
32.75	0.07508577412382597
32.875	0.0852377965525849
33.0	0.09571831790006793
33.125	0.10715535146275852
33.25	0.11773935529819385
33.375	0.12690327291933454
33.5	0.13206352288621998
33.625	0.1314502606992865
33.75	0.12320551178706352
33.875	0.10629371102621449
34.0	0.08092931780608328
34.125	0.047864213655306485
34.25	0.008325120042754897
34.375	-0.0340388855380364
34.5	-0.07684013366865115
34.625	-0.11575009565064347
34.75	-0.1497209155616788
34.875	-0.17833258453727657
35.0	-0.2018139540259122
35.125	-0.22133993462747134
35.25	-0.2377783432350319
35.375	-0.251385685130422
35.5	-0.2621941220665604
35.625	-0.2702090012611114
35.75	-0.27638455680415946
35.875	-0.2797105948305224
36.0	-0.2802975440865989
36.125	-0.2765884159399104
36.25	-0.26707281114623965
36.375	-0.24961103325679718
36.5	-0.22381586435978823
36.625	-0.1910143133138722
36.75	-0.15492439946498285
36.875	-0.12042584392630279
37.0	-0.09188959329389221
37.125	-0.07126776879835633
37.25	-0.05794861740425806
37.375	-0.04956266762137251
37.5	-0.043799617731532715
37.625	-0.03926097101948453
37.75	-0.037204505554132024
37.875	-0.03895908434246241
38.0	-0.0462452155045686
38.125	-0.057702542165876544
38.25	-0.07145710170476818
38.375	-0.08392400592786488
38.5	-0.09268548429351553
38.625	-0.0973121375161954
38.75	-0.10032723514662967
38.875	-0.10497727001565345
39.0	-0.11439784865914311
39.125	-0.13037534405027693
39.25	-0.15419374688503235
39.375	-0.18556124753952363
39.5	-0.2233157610869114
39.625	-0.2653981577348892
39.75	-0.3091484109188489
39.875	-0.34983914355388507
40.0	-0.3834337771098957
40.125	-0.40349725671637504
40.25	-0.40802946300105375
40.375	-0.3962462013055487
40.5	-0.3715038249873981
40.625	-0.33804004706556967
40.75	-0.3004054269666603
40.875	-0.2622939048323224
41.0	-0.22408967872148614
41.125	-0.18456918512592088
41.25	-0.14523857400014112
41.375	-0.10449667295141847
41.5	-0.06237346761607447
41.625	-0.019259302501634427
41.75	0.02138340165944018
41.875	0.06012369815498738
42.0	0.0993463983063128
42.125	0.1370905901583786
42.25	0.17341801010015043
42.375	0.2065846674412124
42.5	0.23756757976792184
42.625	0.2593893637285984
42.75	0.27447946390203465
42.875	0.2798559928261422
43.0	0.27723388103553187
43.125	0.2674482754679247
43.25	0.25230958006403487
43.375	0.23560354307021372
43.5	0.21770744245463863
43.625	0.20040151312902896
43.75	0.1844516882822712
43.875	0.169199735805696
44.0	0.15463594003270395
44.125	0.1391790711117536
44.25	0.1226752705404413
44.375	0.1055381022427966
44.5	0.0890294237536688
44.625	0.07468479272102312
44.75	0.06310534368318019
44.875	0.055143274281678346
45.0	0.05017834713549098
45.125	0.0470236665949359
45.25	0.044916249938190364
45.375	0.04367430276191654
45.5	0.0439938192000123
45.625	0.04669881103217145
45.75	0.05350330685636695
45.875	0.0653372371508804
46.0	0.08182496735448665
46.125	0.10141314731909425
46.25	0.12207790029237872
46.375	0.14196991778040913
46.5	0.15898937258637294
46.625	0.17126656901027829
46.75	0.17673372190304143
46.875	0.17399140342531977
47.0	0.16222456763708692
47.125	0.14158002390651062
47.25	0.11416000913640677
47.375	0.08250398404465024
47.5	0.049836297788489345
47.625	0.01927124628289192
47.75	-0.006121619472392296
47.875	-0.02431185547551339
48.0	-0.03570374504472554
48.125	-0.04060813852103863
48.25	-0.04136488502641744
48.375	-0.041041831292230366
48.5	-0.04242187184493645
48.625	-0.04668173652627326
48.75	-0.05351216064537045
48.875	-0.06245332364784674
49.0	-0.07063245934267151
49.125	-0.07584616231665356
49.25	-0.07652965250063992
49.375	-0.07138027462371849
49.5	-0.061349228474287414
49.625	-0.04808279925885406
49.75	-0.03379775261013528
49.875	-0.020056532752360787
50.0	-0.007838535324484155
50.125	0.002075021010473492
50.25	0.01122747137844317
50.375	0.021067021397477643
50.5	0.033293857812066036
50.625	0.04950814545782773
50.75	0.06931882412047008
50.875	0.0914411648055119
51.0	0.11405387511133606
51.125	0.13503411934374326
51.25	0.15334196277759407
51.375	0.16830271396361723
51.5	0.17978254201194907
51.625	0.18778541771175444
51.75	0.19300765791213645
51.875	0.19502551053924075
52.0	0.19393773205922496
52.125	0.18967948444757707
52.25	0.1832741401331447
52.375	0.1754579546484422
52.5	0.16720681151230582
52.625	0.15999651258723388
52.75	0.15443690458308335
52.875	0.14989846848473853
53.0	0.14578418232224358
53.125	0.1408263940200885
53.25	0.1350039228231734
53.375	0.12756679109043811
53.5	0.11958403119806489
53.625	0.11166982346640218
53.75	0.10463166006058895
53.875	0.09902841481707525
54.0	0.0950090142232032
54.125	0.0923579349048231
54.25	0.09117231780587122
54.375	0.09019297802174366
54.5	0.09038929426787337
54.625	0.09005347207290412
54.75	0.09080614658145594
54.875	0.09163177191604312
55.0	0.09330655869936391
55.125	0.09600395495553714
55.25	0.09981760155113227
55.375	0.10419655819255857
55.5	0.1087971685680989
55.625	0.11456668426359083
55.75	0.12024561048695956
55.875	0.12431515189671537
56.0	0.12618020204828534
56.125	0.12958072508663293
56.25	0.12996314024085423
56.375	0.12854172347151308
56.5	0.12314039745030533
56.625	0.11365739365852057
56.75	0.10014541162173489
56.875	0.08269801389327967
57.0	0.06067122829426748
57.125	0.035402985780917426
57.25	0.008949015020357783
57.375	-0.016371417312470632
57.5	-0.03844683734373469
57.625	-0.055797841869458624
57.75	-0.06730519634694793
57.875	-0.07241153229163205
58.0	-0.07185542759880846
58.125	-0.06622125547279126
58.25	-0.058142807773234675
58.375	-0.04880674835242143
58.5	-0.03975514774460703
58.625	-0.031115134403671557
58.75	-0.02372162350766472
58.875	-0.017923403800885414
59.0	-0.013082026962005116
59.125	-0.007186686574366106
59.25	0.003153434161098757
59.375	0.02138330823977691
59.5	0.04936099734090185
59.625	0.08679505933848279
59.75	0.12869249679641737
59.875	0.16790718639990632
60.0	0.19577452008704904
60.125	0.2055590214808044
60.25	0.19314598560414356
60.375	0.1585409205100184
60.5	0.10507869393420866
60.625	0.040828343521777576
60.75	-0.02476374136687631
60.875	-0.08046696205730008
61.0	-0.11772011946764033
61.125	-0.13226715735524777
61.25	-0.1259495281053007
61.375	-0.10793659953570692
61.5	-0.09044752164332281
61.625	-0.08568348149819413
61.75	-0.10197237883440173
61.875	-0.14004835120499828
62.0	-0.19503045604730537
62.125	-0.25651870081268013
62.25	-0.312726752609305
62.375	-0.35315450914526547
62.5	-0.37045423282011314
62.625	-0.36244873313080134
62.75	-0.3316264840585088
62.875	-0.2839903616335494
63.0	-0.22881919502598033
63.125	-0.17604804757231732
63.25	-0.1324777979147978
63.375	-0.10266285028355955
63.5	-0.08644610318270599
63.625	-0.07991098020831462
63.75	-0.07854248659253973
63.875	-0.07630882587632293
64.0	-0.07051714210440323
64.125	-0.058085861790225256
64.25	-0.03854716172784554
64.375	-0.012901766628685663
64.5	0.017577672736060614
64.625	0.04996907460701156
64.75	0.08049998461201932
64.875	0.10540080469563765
65.0	0.12307383517989616
65.125	0.13369162769868362
65.25	0.1377322410379105
65.375	0.1378797567520474
65.5	0.13601693620105615
65.625	0.1335170190012669
65.75	0.13052818042672343
65.875	0.12686313712863925
66.0	0.12269902277170201
66.125	0.11733417163759506
66.25	0.11053691895054155
66.375	0.10173346790114345
66.5	0.09026411331968827
66.625	0.07577873628239026
66.75	0.057807287261007596
66.875	0.03756297610570445
67.0	0.01648423016007798
67.125	-0.0034876403569526824
67.25	-0.020899764300761556
67.375	-0.034566384658012796
67.5	-0.044007877860927816
67.625	-0.04865897995849983
67.75	-0.04816640741338751
67.875	-0.0416329723222788
68.0	-0.029119670868761615
68.125	-0.01138606419729168
68.25	0.009814145827497577
68.375	0.03220835628022098
68.5	0.053774792807665
68.625	0.07365890033097114
68.75	0.0915745886311449
68.875	0.10778447334901393
69.0	0.12187554311361674
69.125	0.13378301610300242
69.25	0.14314059227541023
69.375	0.150085709982471
69.5	0.15481928149791033
69.625	0.15823707042600207
69.75	0.16135183695554717
69.875	0.165284917328527
70.0	0.1704934834868669
70.125	0.17699423364733988
70.25	0.1847087717163252
70.375	0.19179901327765936
70.5	0.1982083982348274
70.625	0.20221161158168255
70.75	0.2040135993637449
70.875	0.20372941678882164
71.0	0.20110050004176244
71.125	0.19583217167676523
71.25	0.1882530757353555
71.375	0.17877876582686478
71.5	0.16703641411971962
71.625	0.15392243234147054
71.75	0.13939287166908634
71.875	0.12311510958201485
72.0	0.10523712878027566
72.125	0.08511598859406756
72.25	0.06352438625201287
72.375	0.04006950501823524
72.5	0.01637891944931478
72.625	-0.006918534190363382
72.75	-0.028347829546177577
72.875	-0.04666832753744124
73.0	-0.06142420541815057
73.125	-0.07268845019649844
73.25	-0.08096573799866634
73.375	-0.08615961906444028
73.5	-0.08792279303074838
73.625	-0.08538615630118597
73.75	-0.07835617295429757
73.875	-0.06698933531791658
74.0	-0.05203739969378641
74.125	-0.033691754997475315
74.25	-0.012667918313068028
74.375	0.00986964522823925
74.5	0.032353437743058655
74.625	0.0532674748444532
74.75	0.07082467015193819
74.875	0.08416809703571079
75.0	0.09246184262032023
75.125	0.09590420548636121
75.25	0.0951168134102322
75.375	0.09155900722894185
75.5	0.08561477082781142
75.625	0.07774915005779454
75.75	0.06753068134548398
75.875	0.055579700410902586
76.0	0.04354060869593378
76.125	0.03380329662653331
76.25	0.028314095579501992
76.375	0.026307144061600077
76.5	0.025666223260861147
76.625	0.024242444399002694
76.75	0.01940387205840146
76.875	0.012375020781048584
77.0	0.005040080749255661
77.125	-0.002652518080015304
77.25	-0.008861872555989867
77.375	-0.011850571856499795
77.5	-0.013691081348556084
77.625	-0.011582787851477356
77.75	-0.010766804604943324
77.875	-0.010132828690694115
78.0	-0.007528377992888656
78.125	0.0005080338986734031
78.25	0.013385143752368102
78.375	0.029813947729237317
78.5	0.049117745262415635
78.625	0.06976160889022086
78.75	0.09018679247196265
78.875	0.10807590680617699
79.0	0.123975711875852
79.125	0.13579575171878008
79.25	0.14531680008888073
79.375	0.15064195172966363
79.5	0.15216284609115888
79.625	0.14779301349014312
79.75	0.13782895458981254
79.875	0.12191312750575971
80.0	0.10197093674478547
80.125	0.07918844406983756
80.25	0.0566352024987489
80.375	0.035470845361670264
80.5	0.015962460625845158
80.625	-0.0007074295157438652
80.75	-0.014046931399915334
80.875	-0.02538464030706651
81.0	-0.03407879665020057
81.125	-0.04044301072578115
81.25	-0.04379335476461324
81.375	-0.04445142807180598
81.5	-0.042396204776299753
81.625	-0.037921136048428596
81.75	-0.03135630220530528
81.875	-0.024156123425031487
82.0	-0.016819246279025136
82.125	-0.010195562524376225
82.25	-0.004551854600984628
82.375	-0.0007766834078006751
82.5	0.0019143081124989559
82.625	0.004260732620763047
82.75	0.007347603585445929
82.875	0.011248291908584855
83.0	0.017175440646032332
83.125	0.024710544749533197
83.25	0.03308293554061252
83.375	0.04068452493075912
83.5	0.046627729739055504
83.625	0.04992185866213493
83.75	0.05051985595939186
83.875	0.04865057477814735
84.0	0.04559748878958005
84.125	0.04155389116897187
84.25	0.03574741664940968
84.375	0.026832008545682108
84.5	0.014390473783247966
84.625	-0.0023587515695631498
84.75	-0.02148366707098361
84.875	-0.04064024643080335
85.0	-0.055773466616213935
85.125	-0.06443264476953645
85.25	-0.06614238511528149
85.375	-0.06220201311669196
85.5	-0.0558854350016316
85.625	-0.051092911075500826
85.75	-0.049326775890812934
85.875	-0.050608135092192974
86.0	-0.05203527251519324
86.125	-0.051344738498747364
86.25	-0.046636593929064885
86.375	-0.03825683493401121
86.5	-0.028909989359957127
86.625	-0.02140456170183238
86.75	-0.017463747140408124
86.875	-0.01712400662845242
87.0	-0.017749824481827357
87.125	-0.01686621635199024
87.25	-0.01176929807062368
87.375	-0.0029334367087863627
87.5	0.007938838761740537
87.625	0.018361615941654356
87.75	0.026753108398508325
87.875	0.03272925234541291
88.0	0.03729154127789284
88.125	0.04195304380492261
88.25	0.04807574568006927
88.375	0.05502225929574865
88.5	0.061135254836440896
88.625	0.06423037362825625
88.75	0.06318571017349107
88.875	0.057650341358595925
89.0	0.048928403703753676
89.125	0.03884616847739935
89.25	0.02987967315640066
89.375	0.023221083795193796
89.5	0.01887665522474705
89.625	0.015570271264996959
89.75	0.011857579322842298
89.875	0.006343957406103039
90.0	-0.0014293703249129242
90.125	-0.010819297617132946
90.25	-0.02058130556708853
90.375	-0.029909781746521178
90.5	-0.03841092790786692
90.625	-0.04563270884089874
90.75	-0.051899038306149066
90.875	-0.05827351040125479
91.0	-0.06401788744782838
91.125	-0.06888576761453324
91.25	-0.071338316812093
91.375	-0.0694340254910616
91.5	-0.06399566869063374
91.625	-0.05497740335243177
91.75	-0.045480693148431395
91.875	-0.037183688425375276
92.0	-0.03177552747794352
92.125	-0.030426127374997267
92.25	-0.03215440717021659
92.375	-0.03511668274610815
92.5	-0.03730653574871634
92.625	-0.03783395024887427
92.75	-0.03676838128521787
92.875	-0.034596521697053496
93.0	-0.03189851849635526
93.125	-0.030667965474623925
93.25	-0.031691296224458786
93.375	-0.03554743591863346
93.5	-0.04244081509951199
93.625	-0.0529819090228525
93.75	-0.06693299615396676
93.875	-0.08320736140855965
94.0	-0.10014246033121806
94.125	-0.11535105640529907
94.25	-0.12603360239935268
94.375	-0.1303748579254266
94.5	-0.12848318908321235
94.625	-0.12153853063597064
94.75	-0.11175869596963903
94.875	-0.10183356642640269
95.0	-0.09382438999257992
95.125	-0.08906665394580252
95.25	-0.08664898419548055
95.375	-0.08502998942309936
95.5	-0.08174288144576797
95.625	-0.07530154377029724
95.75	-0.06559303444238805
95.875	-0.05377140098347505
96.0	-0.041661638109903004
96.125	-0.031243485827205677
96.25	-0.023829150981281598
96.375	-0.01975772374011388
96.5	-0.01770895524858055
96.625	-0.015560711494340261
96.75	-0.010624106859222653
96.875	-0.0016825204661410284
97.0	0.012129329076208844
97.125	0.02916744755266391
97.25	0.04695352405607877
97.375	0.0611674716821021
97.5	0.06797416751215862
97.625	0.06326453975307231
97.75	0.04465829422255332
97.875	0.011429386170831083
98.0	-0.033931304083986986
98.125	-0.08646108353092861
98.25	-0.14004583864771328
98.375	-0.18845646223914342
98.5	-0.22708140853250144
98.625	-0.25326840524379607
98.75	-0.2669649325135942
98.875	-0.2710534596146133
99.0	-0.2694581419765677
99.125	-0.2657230134410188
99.25	-0.26474344660485954
99.375	-0.26637893747387154
99.5	-0.2694864308389654
99.625	-0.2702084421670937
99.75	-0.26489691155787115
99.875	-0.25123518168704284
100.0	-0.2270383084523804
100.125	-0.193679277757929
100.25	-0.1517810027083749
100.375	-0.10540405225178637
100.5	-0.05887730590011884
100.625	-0.016321302539034962
100.75	0.019170674186383324
100.875	0.046178216938740316
101.0	0.06440796533257216
101.125	0.07556675437860336
101.25	0.08182511379928681
101.375	0.08504477365086198
101.5	0.08694513422950767
101.625	0.08786440769843376
101.75	0.08690545274751299
101.875	0.08243436187838782
102.0	0.07366843796798843
102.125	0.060356125933229504
102.25	0.04334156862185186
102.375	0.023377131025765344
102.5	0.002247804095900771
102.625	-0.019174581326869698
102.75	-0.03963395159797303
102.875	-0.05855802520050415
103.0	-0.07570174011826929
103.125	-0.09112991062984076
103.25	-0.10448264296974463
103.375	-0.11567906593027953
103.5	-0.12430615125183138
103.625	-0.13090694822266608
103.75	-0.13421642208177412
103.875	-0.13420982125375033
104.0	-0.1306290279585525
104.125	-0.12422905633556215
104.25	-0.11567464912506407
104.375	-0.10680355103208276
104.5	-0.09893270656937081
104.625	-0.09314312462047317
104.75	-0.08901723933466946
104.875	-0.08635199966912804
105.0	-0.0838649845495167
105.125	-0.0800404084072266
105.25	-0.07413322293350304
105.375	-0.0641535927457109
105.5	-0.050237173508784046
105.625	-0.03265793654779638
105.75	-0.012175452434495538
105.875	0.010344649011281121
106.0	0.032564797518870855
106.125	0.05213101439388006
106.25	0.06788817733530739
106.375	0.07769249011974277
106.5	0.08233762751664608
106.625	0.08113451167155585
106.75	0.075124599626314
106.875	0.06517564759677932
107.0	0.05085247967509114
107.125	0.03364155578030795
107.25	0.013057192979542708
107.375	-0.01048012740471739
107.5	-0.036598026174355404
107.625	-0.06390866323433335
107.75	-0.09136454651001061
107.875	-0.11749206483442935
108.0	-0.14101542773459413
108.125	-0.1600712494861208
108.25	-0.17485445680178827
108.375	-0.18409756338366684
108.5	-0.1879497926497266
108.625	-0.18612110026575718
108.75	-0.17932000710799786
108.875	-0.16789237780887792
109.0	-0.15287001751121665
109.125	-0.13577415445168
109.25	-0.11814594984509068
109.375	-0.10149870271588318
109.5	-0.08719948192307057
109.625	-0.0754087878674349
109.75	-0.06615810337922758
109.875	-0.059032563060891566
110.0	-0.05396636867642029
110.125	-0.05069096680184569
110.25	-0.048992389190149074
110.375	-0.04823953354840209
110.5	-0.04708957604474448
110.625	-0.04443539503155593
110.75	-0.039731404429281934
110.875	-0.033754933006592366
111.0	-0.028114984292016407
111.125	-0.024910769341941193
111.25	-0.024805633259842988
111.375	-0.028662196510793766
111.5	-0.03671163174532061
111.625	-0.0473521357001245
111.75	-0.058353355902999594
111.875	-0.0697457887995565
112.0	-0.08082972361916282
112.125	-0.08922675101894582
112.25	-0.09359855323053484
112.375	-0.09542110251367868
112.5	-0.09600769963790491
112.625	-0.09359326918528552
112.75	-0.09378874374388142
112.875	-0.09246903466040361
113.0	-0.08609796102174967
113.125	-0.07673797573717077
113.25	-0.06631683327146558
113.375	-0.05592722116525201
113.5	-0.04730945012528823
113.625	-0.03933649824927521
113.75	-0.03167588666573729
113.875	-0.027320242381330996
114.0	-0.02439758242820281
114.125	-0.024356543362268317
114.25	-0.02687241396458023
114.375	-0.0333715081935342
114.5	-0.044645913784350934
114.625	-0.057780965272237014
114.75	-0.07050605013034822
114.875	-0.08052236331328594
115.0	-0.08728960809541571
115.125	-0.09245729413968545
115.25	-0.09726687928119204
115.375	-0.10288502595673245
115.5	-0.108762319152092
115.625	-0.11274883643548517
115.75	-0.11430923592380679
115.875	-0.11318593048114824
116.0	-0.11050092864710724
116.125	-0.1066760293542158
116.25	-0.1022344254637171
116.375	-0.09694552495787875
116.5	-0.09094133215156977
116.625	-0.08403071761726658
116.75	-0.0775317713552764
116.875	-0.07187677194280437
117.0	-0.06853561443020789
117.125	-0.06737523497809896
117.25	-0.06820976313310764
117.375	-0.06987416674607498
117.5	-0.07165657662446982
117.625	-0.07244798321955921
117.75	-0.07208946247349955
117.875	-0.07006919535699603
118.0	-0.06713587810634812
118.125	-0.06320581111822438
118.25	-0.06002649270434028
118.375	-0.05869383471225304
118.5	-0.05960335769060749
118.625	-0.061349888270531144
118.75	-0.06315272404976438
118.875	-0.06355540140628207
119.0	-0.06210229539466862
119.125	-0.05800666448547609
119.25	-0.053122684506272264
119.375	-0.04970131576897368
119.5	-0.04715791909528423
119.625	-0.04568369909127411
119.75	-0.045177555402890784
119.875	-0.04449599234298716
120.0	-0.043441156960178855
120.125	-0.04077033144336708
120.25	-0.038594165949633594
120.375	-0.03830136549618192
120.5	-0.03992250710965112
120.625	-0.04682542521193686
120.75	-0.0582574519184651
120.875	-0.07401128471735642
121.0	-0.0915680701297008
121.125	-0.10807219999163135
121.25	-0.12199664225864876
121.375	-0.13178232326807526
121.5	-0.13808431072386
121.625	-0.1411046225585372
121.75	-0.14213293156997076
121.875	-0.14296959079235422
122.0	-0.14328940450356945
122.125	-0.1441335496546025
122.25	-0.1457441496713587
122.375	-0.1498294400953593
