-0.16291704105195692	-2.9945388986913197e-16	-3.1415926535897913
-0.3880051965742036	1.6276311238560604e-16	3.1415926535897927
-0.6081709853261743	9.89704909996632e-17	3.141592653589793
-0.8177608171802551	-7.868794027954536e-16	-3.1415926535897922
-1.0130136861733325	-4.4061231936303836e-16	-3.1415926535897927
-1.1901353657216776	-2.792463496061324e-16	-3.141592653589793
-1.346214446594802	-3.5529364749389085e-16	-3.141592653589793
-1.4803267428913303	2.3052467247574845e-17	3.141592653589793
-1.5918851620745298	-1.750360693329825e-16	-3.141592653589793
-1.6798955133975186	-1.7084536720907513e-16	-3.141592653589793
-1.7417333090775797	-1.139967242139996e-16	-3.141592653589793
-1.7755162879729192	2.4808631706930697e-16	3.141592653589793
-1.7793342647743398	9.87476804720096e-19	3.141592653589793
-1.7532103193933424	3.1016253696528534e-18	3.141592653589793
-1.6992599730149265	6.182459074072344e-16	3.1415926535897927
-1.6205311283458241	-4.474621939621395e-17	-3.141592653589793
-1.520899637381666	5.862369829903444e-18	3.141592653589793
-1.4032844631972463	4.2639816960702684e-16	3.141592653589793
-1.2699274370305054	6.273989372663405e-16	3.1415926535897927
-1.1223711733819637	3.2713739675497343e-16	3.141592653589793
-0.9619021024085531	-5.107708498056831e-16	-3.1415926535897927
-0.7916864606963522	-5.101262813779769e-16	-3.1415926535897927
-0.6156967497383745	8.795410480318805e-16	3.141592653589792
-0.43929988825659777	-1.4740567458515208e-16	-3.141592653589793
-0.2670973574613919	1.4175559609657502e-16	3.1415926535897927
-0.10283611125446476	-3.0724461354381937e-16	-3.1415926535897905
0.04995052418998329	4.903193782861361e-17	9.816100756445338e-16
0.18920622607854162	6.157311241627715e-16	3.2542857437850625e-15
0.31336243457780005	3.820612222590682e-16	1.2192310886715808e-15
0.4209244114550714	-3.2551594648229183e-16	-7.733358712958294e-16
0.5105200303465138	3.991102108083277e-16	7.817718935287082e-16
0.5813644291706197	-3.080281801931446e-16	-5.2983664761289345e-16
0.6345301039213158	2.572133053098145e-16	4.0536028743202064e-16
0.6708062790770373	1.9062590003239504e-16	2.8417429290417097e-16
0.6914170429311091	1.3743251739432268e-16	1.987693517239726e-16
0.6980022971283844	-1.78855798928031e-16	-2.562395563221676e-16
0.6921505174952413	-1.1993337515384702e-16	-1.732764364431348e-16
0.6746496850270821	7.03688117393919e-16	1.0430422380848976e-15
0.6465680015756845	2.4613792431897334e-16	3.8068373894027524e-16
0.6090190976797234	-2.2415132333401177e-16	-3.680530285306267e-16
0.5637468301358687	2.528807276527407e-16	4.485714404669804e-16
0.51230286024292	-3.6774728676079385e-16	-7.178318047773891e-16
0.4570871021150573	-5.714119663631138e-16	-1.2501161457390648e-15
0.4012297508823803	-4.394652059638126e-16	-1.0952956628897666e-15
0.34810125932736896	2.409270926195086e-16	6.921178426215652e-16
0.3015731863224453	6.776844725844197e-16	2.2471642152556367e-15
0.2653038089958872	-1.7838103734280678e-16	-6.72365157582687e-16
0.24149973781951103	-2.129779262278327e-16	-8.818971322735158e-16
0.23163876689035953	2.2264580509282644e-16	9.611767843601511e-16
0.2351209421095746	-4.733122670124692e-16	-2.0130587380510287e-15
0.2517182913999099	-8.085728431909033e-17	-3.212213298819462e-16
0.2804056910586344	-4.479642135564414e-16	-1.5975574955886667e-15
0.32042585275640356	-7.242690414861713e-16	-2.2603327267627816e-15
0.3709866863266154	1.4127426656477983e-16	3.8080683693431105e-16
0.4322470128151144	-7.351578841136645e-17	-1.7007818731372344e-16
0.5034479934619944	5.990524892192342e-16	1.1898994474082793e-15
0.5826019692646555	8.48765162838148e-17	1.4568525470475779e-16
0.6678467068053442	6.474493526756328e-16	9.694580299313259e-16
0.7570845776024313	1.2413873431165106e-16	1.6396944011827456e-16
0.848506907776736	-2.6777126740165323e-16	-3.1557936057735754e-16
0.9398487933072426	2.3873001345689625e-16	2.5400895884201436e-16
1.0294660179106048	3.4062216780114277e-16	3.308726678443127e-16
1.1157355117484067	2.890572761337275e-16	2.5907329567807874e-16
1.1972526316946925	-2.054393246342788e-16	-1.715922932184184e-16
1.2718464147176622	-1.0683370458377707e-16	-8.399890375717506e-17
1.337728518333816	5.675823052420383e-16	4.242881103775678e-16
1.3931511312568619	-7.356647730384602e-16	-5.280581241568272e-16
1.4361488015946249	6.095625895422431e-16	4.244425012682645e-16
1.4654651842607875	-2.156979846403152e-16	-1.4718738251643824e-16
1.4794875870723507	-3.731988923156622e-16	-2.5224874853742983e-16
1.4767036527865753	-2.3091172320132887e-16	-1.563697108526771e-16
1.4552758283794232	-5.4109078089151774e-17	-3.7181321254684044e-17
1.4128622868643097	4.480462156120528e-17	3.171195238047166e-17
1.3474912238742094	-3.7923684732090604e-16	-2.8143919648734457e-16
1.2573929990140895	4.0669056950827376e-16	3.234395052518633e-16
1.142950901149758	-1.1000223089127992e-15	-9.624405631127509e-16
1.0051681806128723	-4.63154811500633e-16	-4.607734510838154e-16
0.8458278138830864	-7.055037506802498e-16	-8.340985471278996e-16
0.6664628902417522	2.455265698505413e-16	3.684024623808825e-16
0.46910556885055316	-1.3105811922547676e-16	-2.793787324814919e-16
0.2554978349693622	-7.516617899695742e-17	-2.9419497431737893e-16
0.028319589054055433	-1.5671646282050566e-16	-5.533853705340526e-15
-0.2092024376229264	-1.749405618101147e-16	-3.1415926535897922
-0.45292406124443707	-8.075858296700922e-17	-3.141592653589793
-0.6986760948573081	-1.256097432563991e-16	-3.141592653589793
-0.9424690770218699	-8.107602317887763e-16	-3.1415926535897922
-1.1808608068628272	-2.4926500622953874e-16	-3.141592653589793
-1.4113453457426473	-3.3841803038359685e-17	-3.141592653589793
-1.6319198249845785	-2.0077237437731262e-16	-3.141592653589793
-1.8404148505969036	6.473048914452098e-16	3.1415926535897927
-2.0344730100512973	-9.069410161344852e-16	-3.1415926535897927
-2.211251488471119	2.735225950348355e-16	3.141592653589793
-2.3681588006038594	3.1022314413808694e-16	3.141592653589793
-2.5027900611400766	-1.3931500122677384e-16	-3.141592653589793
-2.613883663905661	9.412750355645981e-17	3.141592653589793
-2.700480158535082	-9.31786143281608e-17	-3.141592653589793
-2.7623299991608996	2.806487865682408e-16	3.141592653589793
-2.799325954732181	2.227357156024036e-16	3.141592653589793
-2.811870921355714	8.737035684917428e-17	3.141592653589793
-2.799418765757157	1.994460389848476e-16	3.141592653589793
-2.7623895857692697	2.3691621446649904e-16	3.141592653589793
-2.701407297079901	-1.1476272517278033e-16	-3.141592653589793
-2.617735013102117	-2.2087572152548434e-17	-3.141592653589793
-2.5143302679824515	2.956907852063335e-16	3.141592653589793
-2.3929824543886657	4.0131626851199274e-16	3.141592653589793
-2.257267113934331	-4.404722331365995e-16	-3.141592653589793
-2.108616380814997	3.248353995575965e-16	3.141592653589793
-1.9470490926291908	7.050678200347088e-16	3.1415926535897927
-1.7735176382086946	5.261224784392265e-16	3.141592653589793
-1.5873054560994428	7.326814540125497e-16	3.1415926535897927
-1.3903769249858893	5.447255083422523e-16	3.1415926535897927
-1.1841065509712696	3.331251677053131e-16	3.141592653589793
-0.9727135660512065	6.833283476252e-16	3.1415926535897927
-0.7607765534582528	-9.504822499210242e-16	-3.141592653589792
-0.5509815810269817	-2.490865063105629e-16	-3.1415926535897927
-0.3459678800635212	-5.580016855982671e-16	-3.141592653589792
-0.14642601667271435	-2.941050837404887e-16	-3.1415926535897913
0.04969647536527856	1.3110789260912297e-16	2.638172861263399e-15
0.24395669066642955	4.2752145050413327e-16	1.7524481469897384e-15
0.4364737115811446	-2.8329329988688367e-16	-6.490500856526768e-16
0.6268726120558062	-1.1785917540572629e-15	-1.8801136489152293e-15
0.8167827869455543	-2.195471435211941e-16	-2.6879501751281254e-16
1.0049848362103666	-5.387776479067811e-16	-5.361052510388351e-16
1.1913394117382583	-1.0507449916061712e-15	-8.819862595438283e-16
1.374924279978937	-7.896997826362297e-16	-5.743587440672206e-16
1.5562267402289611	-5.826259814460668e-16	-3.7438373624164014e-16
1.7348576774352655	-8.980989333593124e-17	-5.1767873817005034e-17
1.9100431068312147	-9.431686045081045e-19	-4.937944076418426e-19
2.0818994544975187	-8.281191070552016e-16	-3.9777094194737373e-16
2.2501113575478238	-6.012738707603034e-16	-2.672196061512142e-16
2.413980967765681	-6.233376645867137e-16	-2.582197924964003e-16
2.5727850178517415	4.7992143782990005e-18	1.8653771477207655e-18
2.724838983669429	-8.102678293284161e-16	-2.9736356319934236e-16
2.8688143081640467	-3.0406962419797024e-16	-1.0599139279689576e-16
3.002117249946876	-1.3080128141548446e-15	-4.3569677839131387e-16
3.122214582329515	-5.737889721130698e-16	-1.8377627705683198e-16
3.226412993566682	-8.564786535260755e-16	-2.65458468966575e-16
3.312280042130742	-9.954479878528042e-16	-3.005325561821901e-16
3.3769661228962704	-5.564889557427493e-16	-1.647896175119086e-16
3.4173195426583467	-1.9965122562474337e-16	-5.842334119841596e-17
3.4309437398780647	3.423966194670546e-16	9.979662898209557e-17
3.415852133348021	2.1125496989806527e-16	6.184546685602733e-17
3.370517926869237	5.784496999590247e-16	1.7162041932716482e-16
3.293700439073599	9.254859914586256e-17	2.8098669219564236e-17
3.185526796988078	1.84190885006721e-16	5.782116954121179e-17
3.0472090766533464	1.3116614911264789e-16	4.304468312253242e-17
2.8805650856457277	-2.071009806533786e-17	-7.189595600022813e-18
2.688192566689743	-6.971718129304401e-16	-2.593459343535578e-16
2.472664230777222	-4.2569933274649356e-16	-1.721622076494734e-16
2.2359910362689144	-4.910164278382122e-16	-2.195967782847406e-16
1.9799319740797128	-1.0572879430858222e-15	-5.340021560979424e-16
1.7065229959206039	-2.8298891502258734e-16	-1.6582777712287765e-16
1.4166147602521044	-7.251681863559061e-16	-5.119021816678328e-16
1.1119413546313728	-9.503371764464777e-16	-8.546648368533163e-16
0.7936875114962073	-7.152220993471736e-17	-9.011381544846083e-17
0.46357281328849914	-1.2302615915016966e-16	-2.65386915762909e-16
0.12201881745645808	7.928376445544441e-17	6.497667008101967e-16
-0.23037658466301247	-6.703348662800991e-16	-3.1415926535897905
-0.5902214888869189	-1.2767637708503958e-15	-3.141592653589791
-0.9551625292998979	-1.1393413566958053e-15	-3.1415926535897922
-1.3207855985402979	-8.1757262494856e-18	-3.141592653589793
-1.6841666599880294	-5.818688576891586e-16	-3.1415926535897927
-2.0396844952917315	-9.766522942008299e-16	-3.1415926535897927
-2.383654659922568	-2.1141745157998282e-16	-3.141592653589793
-2.7100366097371755	9.753593789387561e-17	3.141592653589793
-3.015476238315636	-4.650310672275837e-16	-3.141592653589793
-3.294626002972771	1.9181866565791142e-16	3.141592653589793
-3.543787070548108	-4.1516942753251867e-16	-3.141592653589793
-3.7594757375444825	-1.6227923169199639e-16	-3.141592653589793
-3.940853492411387	7.13618713662096e-16	3.141592653589793
-4.088569164589107	4.534329885533233e-16	3.141592653589793
-4.201877337392108	6.705196229458249e-16	3.141592653589793
-4.280267247244401	1.1992152138729457e-17	3.141592653589793
-4.322947902033239	6.932886552956969e-16	3.141592653589793
-4.329300925027841	6.651719733894953e-16	3.141592653589793
-4.296547523572746	2.3685266002597103e-16	3.141592653589793
-4.223797373144041	-5.038153072157991e-16	-3.141592653589793
-4.111188281530185	7.929552089480824e-16	3.141592653589793
-3.9618195513938446	1.6941897798426688e-16	3.141592653589793
-3.7772455314489197	-8.261488725732217e-17	-3.141592653589793
-3.5610776424846557	1.5122438519721892e-17	3.141592653589793
-3.315949124410409	-7.506098022383326e-16	-3.141592653589793
-3.0444966526393644	1.3864456868594702e-16	3.141592653589793
-2.748464267683585	-1.6333319311955067e-16	-3.141592653589793
-2.430360104357115	4.018685975258478e-16	3.141592653589793
-2.092084021074658	1.713693562080724e-16	3.141592653589793
-1.7361319472527479	-3.02669523527137e-16	-3.141592653589793
-1.3650399493956635	2.279498104925559e-16	3.141592653589793
-0.9836419960831105	4.410977350302858e-16	3.1415926535897927
-0.5974088488558758	3.71574772258906e-18	3.141592653589793
-0.21263472394739588	9.04317717111755e-17	3.1415926535897927
0.1647667253047726	-2.6109327461314904e-17	-1.5846238014999638e-16
0.529549043371626	5.028388108161098e-16	9.495604176990806e-16
0.8772540383795215	8.182297942074534e-16	9.327170447900145e-16
1.2039256432165464	8.378803980009538e-16	6.959569328238379e-16
1.5065713534460248	-9.458507043398836e-16	-6.278167324610358e-16
1.7819991762987668	8.512980843442778e-16	4.777208068706485e-16
2.0285508748432104	-1.428985676717161e-16	-7.044366963818983e-17
2.2451910437873956	1.9488096480067832e-16	8.679927943767987e-17
2.4322852051881054	4.91324287453335e-16	2.020011002021194e-16
2.5904068888625122	1.0277077715236684e-15	3.9673604017280495e-16
2.720379540925891	8.235169115054116e-16	3.02721329548422e-16
2.8231530598461645	3.874378220246114e-16	1.3723585431309315e-16
2.898943345102339	1.2568731343631564e-15	4.335625035537857e-16
2.9485570016381812	3.1278119320668887e-16	1.0607941207611438e-16
2.97302472248075	5.643827754182593e-16	1.8983453825682528e-16
2.974546325688951	8.352594001920686e-16	2.8080228335277637e-16
2.9553807529241705	6.432580181708323e-16	2.1765656338337029e-16
2.9178379623891417	3.458510350626805e-16	1.1852989765733796e-16
2.8632963864587135	4.728153073123474e-16	1.6512971187628918e-16
2.792539153409887	-8.137635771452479e-16	-2.914063268017514e-16
2.7069308374626115	2.3469374759785444e-16	8.670105063262299e-17
2.6081119404317796	3.0237272587290213e-16	1.1593548619805158e-16
2.497973911003355	-4.882327800874341e-17	-1.9545151289883842e-17
2.3783658647221473	-1.0241000437580882e-15	-4.3058978391355646e-16
2.2507864600559957	-5.436866967670835e-16	-2.4155409960728014e-16
2.1161030607414824	-6.495476673614729e-16	-3.069546466861928e-16
1.9746198449953147	-9.793468206616589e-16	-4.959672734697866e-16
1.8283783881567264	-1.044002895218386e-15	-5.709993631410695e-16
1.678263133814043	-7.715511711327185e-16	-4.597319428564704e-16
1.5256868105180126	-4.46036797884312e-16	-2.923514805328036e-16
1.37210042008081	-8.857075425712707e-19	-6.455121867239913e-19
1.2181916454604633	-5.495368211293401e-16	-4.511086766824945e-16
1.063955127105923	-1.0708963333228058e-15	-1.0065239651936858e-15
0.9105367054770465	-3.870935093959208e-16	-4.2512674894650797e-16
0.7590998486575171	-3.6044622652824126e-16	-4.748337483740741e-16
0.6113414333665248	1.0124542843973886e-17	1.656119198108367e-17
0.4684787439374116	-7.527780754037165e-17	-1.6068564158895692e-16
0.3318615113204632	-3.923465281334335e-16	-1.1822598124509917e-15
0.20251084868757216	3.091378000110887e-16	1.5265246381344118e-15
0.07939467513065282	-5.397607726491649e-16	-6.798450547986098e-15
-0.03882207375800543	-8.830602799991004e-16	-3.1415926535897705
-0.15277934430268725	1.2298938605167033e-16	3.1415926535897922
-0.2624693705682997	-5.527856292243999e-16	-3.1415926535897913
-0.3671123127804305	-6.47517145455111e-16	-3.1415926535897913
-0.46505203675417073	-7.053685672321851e-16	-3.141592653589792
-0.5547495169032345	-3.144871951092036e-16	-3.1415926535897927
-0.6348862538353518	-9.998956447971405e-17	-3.141592653589793
-0.7059535991050233	-6.942395014741243e-17	-3.141592653589793
-0.7681511749119064	-1.3127028966034197e-16	-3.141592653589793
-0.8228175731506452	-3.1204636672453117e-16	-3.1415926535897927
-0.8707335923991415	9.150788155657118e-16	3.1415926535897922
-0.9124052147390961	-3.261999521359027e-16	-3.1415926535897927
-0.9475115292241723	6.52893629402338e-17	3.141592653589793
-0.9762590209903041	7.446624644268694e-16	3.1415926535897927
-0.9989545507009325	7.090844677490779e-17	3.141592653589793
-1.0165640659122044	-6.252312118237862e-16	-3.1415926535897927
-1.030756224070565	5.094022254913708e-16	3.1415926535897927
-1.044482696020047	9.06357961304951e-17	3.141592653589793
-1.0612278711643575	8.788203824356381e-16	3.1415926535897922
-1.0845851230487216	-4.753843820388325e-16	-3.1415926535897927
-1.1173822116314436	1.9014254282530862e-16	3.141592653589793
-1.1616423245328378	-1.2130098055140535e-15	-3.1415926535897922
-1.2173115339589338	-5.442025957948322e-16	-3.1415926535897927
-1.2839003335296437	-4.63209867584552e-16	-3.1415926535897927
-1.3606228004417598	8.094374058140787e-16	3.1415926535897927
-1.446481695573811	7.852630785486569e-17	3.141592653589793
-1.540177841273499	-1.1999036204320417e-15	-3.1415926535897927
-1.640063702687417	-1.956764697815615e-16	-3.141592653589793
-1.7448889408083648	2.1631201893363424e-16	3.141592653589793
-1.8523683552724801	-3.0382730865012714e-16	-3.141592653589793
-1.959528504529807	-7.038817979773426e-16	-3.1415926535897927
-2.064435437625491	-4.810506582168204e-16	-3.141592653589793
-2.1648825545519452	-1.0485971896441265e-15	-3.1415926535897927
-2.259296808555042	-3.614633562525659e-17	-3.141592653589793
-2.3438784067908647	-8.809918494571411e-16	-3.1415926535897927
-2.415326646593989	-4.723904963664433e-16	-3.141592653589793
-2.4695347102013447	8.241033190353112e-17	3.141592653589793
-2.5015752716624187	-7.044201242262608e-17	-3.141592653589793
-2.507615756153599	-1.0470756498787705e-15	-3.1415926535897927
-2.4837696199332226	5.125848117649668e-16	3.141592653589793
-2.4275742900306363	-1.2686520295127222e-16	-3.141592653589793
-2.3373654367934744	7.71037366526297e-16	3.141592653589793
-2.211867044009594	-7.206295827916451e-17	-3.141592653589793
-2.05259122006226	1.0439674710203933e-16	3.141592653589793
-1.8610893632841217	6.061945648418727e-16	3.141592653589793
-1.640082950072382	8.434590992266748e-16	3.1415926535897927
-1.3921245983555046	6.100580673994742e-16	3.1415926535897927
-1.1180527641459443	4.459589384346919e-16	3.1415926535897927
-0.8204940331757993	-4.577254121086493e-16	-3.1415926535897927
-0.501075626996729	9.381773888880316e-16	3.1415926535897913
-0.16268295968862875	1.163698315663312e-15	3.141592653589786
0.1903877730828788	-2.4387332916175006e-17	-1.2809295744826437e-16
0.5528498504477254	4.186922915744299e-16	7.573345479524901e-16
0.9188147681045176	2.952067873542921e-16	3.2129086035838684e-16
1.2834490157784186	5.979398514491988e-16	4.658851610763401e-16
1.6418042848198744	6.772305142815684e-16	4.124916231144254e-16
1.9903862601531312	3.565013001297299e-16	1.7911161630622505e-16
2.3267693890338674	1.5922750396339664e-16	6.843286864346787e-17
2.647101338923519	-3.821088367594905e-16	-1.4434990876279805e-16
2.947131894874652	4.004493369872218e-17	1.3587764350948866e-17
3.221265957225901	7.358917427024772e-16	2.284479929549855e-16
3.4655292425402293	-5.139530212778429e-16	-1.4830433832989846e-16
3.6764701301727896	3.254155241204094e-16	8.851303358885585e-17
3.852974940870486	-1.2088752822794342e-16	-3.137511405683625e-17
3.9936433974946333	3.6900331502407054e-16	9.239766255934632e-17
4.096264300903478	-2.369705761428433e-16	-5.785041167645767e-17
4.1577484761631185	-1.691348834959759e-16	-4.0679440919922624e-17
4.175479583271053	-6.505113224430206e-17	-1.5579319919304045e-17
4.148322028014724	-2.5294207919873455e-16	-6.097455247942403e-17
4.077328276885189	5.626574536816377e-17	1.3799660352868889e-17
3.9664211512164806	1.2463869684721899e-15	3.1423465158003444e-16
3.82059352557755	-1.279401035187037e-16	-3.348697071860407e-17
3.6444225226554585	-5.713023924674228e-16	-1.56760745746668e-16
3.4407296534544214	8.285008616167524e-16	2.4079219963851407e-16
3.2103742927178605	-2.4406566948895862e-15	-7.60240542800808e-16
2.954105105852898	1.1548908258544527e-15	3.909443924545186e-16
2.671863592980386	-3.2281197865442798e-16	-1.2081903413876777e-16
2.3653858639884553	-1.0111124295109486e-15	-4.274619396794888e-16
2.0369727342445807	5.966459709899179e-17	2.9290817739452286e-17
1.689691362109104	1.600766616617703e-16	9.473721961977698e-17
1.3260699177151098	-7.746790754288676e-16	-5.8419172705741e-16
0.9494223999379858	4.827377676579053e-16	5.084541587489791e-16
0.5640378328425708	-1.3789067463463711e-15	-2.4447061279508874e-15
0.17572987650194813	-3.521207586612129e-17	-2.0037614870645475e-16
-0.20953250777782848	-8.937778511201398e-16	-3.141592653589789
-0.5856170422077188	-4.519898266606264e-16	-3.1415926535897927
-0.9475738513763126	-5.569385435165856e-16	-3.1415926535897927
-1.2929953848077782	-2.555042841979333e-16	-3.141592653589793
-1.620531677646204	8.508895001155678e-16	3.1415926535897927
-1.930289203551766	-1.6351364608671386e-16	-3.141592653589793
-2.22132326526216	2.84468493096879e-16	3.141592653589793
-2.4896573128830393	-6.852503244289029e-16	-3.141592653589793
-2.7318743949890907	-2.466379282117318e-16	-3.141592653589793
-2.942074689661515	-4.0147141444059693e-16	-3.141592653589793
-3.117260159941233	-7.895276476269706e-16	-3.141592653589793
-3.2538691405399587	-7.422807572647698e-16	-3.141592653589793
-3.352432781549253	1.7500608551483754e-16	3.141592653589793
-3.414659723051069	-4.414130078802301e-16	-3.141592653589793
-3.4410758970097595	-4.501974145533199e-16	-3.141592653589793
-3.4337206523227723	3.457994795754076e-16	3.141592653589793
-3.397160767987189	-3.3956550528100254e-16	-3.141592653589793
-3.3317017131082807	5.391009655280502e-16	3.141592653589793
-3.238754156431641	5.457392473219718e-16	3.141592653589793
-3.1180839324128713	-1.7894637800593995e-16	-3.141592653589793
-2.9780524476711645	-1.2476703496318526e-16	-3.141592653589793
-2.8170035374170936	-7.814176712121794e-16	-3.141592653589793
-2.6392415868205736	-8.655458575755939e-16	-3.141592653589793
-2.446870968997498	-1.2739331736624018e-16	-3.141592653589793
-2.2466060696705394	5.432959345922747e-16	3.141592653589793
-2.0385046961264086	1.7564200628258835e-16	3.141592653589793
-1.8270167766060734	2.220530705258868e-16	3.141592653589793
-1.6170633285638811	-8.146779733717847e-16	-3.1415926535897927
-1.409669172123889	1.1238561583531694e-16	3.141592653589793
-1.209749120685191	-1.4791328662381133e-16	-3.141592653589793
-1.0176840290948668	-2.5675914048826374e-16	-3.141592653589793
-0.8373937542033166	-2.851289800382192e-16	-3.141592653589793
-0.6685325865010188	-9.563997002809055e-16	-3.141592653589792
-0.5108963736176202	1.564194120088773e-16	3.141592653589793
-0.3648546597526048	-7.7879287483196775e-16	-3.141592653589791
-0.22839541314131553	-2.9265308034433564e-16	-3.141592653589792
-0.09990494858659742	-9.417705392582148e-16	-3.141592653589784
0.023484338610820797	-3.9942857261338073e-16	-1.7008295580840306e-14
0.1450226059703472	-1.219554459672477e-18	-8.409409357337294e-18
0.26693818622407023	-1.9064627356110297e-16	-7.141963323339316e-16
0.392055461806117	-4.2937791949414853e-16	-1.0951968823902997e-15
0.5221827160398587	-1.0857294068906033e-16	-2.0792136038599345e-16
0.6594182451805103	-6.978675865233532e-18	-1.0583079731624922e-17
0.8045282875687577	8.682705021005238e-16	1.0792293018364732e-15
0.9576458447312167	-3.564555925225292e-16	-3.722206852185276e-16
1.1187672310594832	3.9469125931264205e-16	3.5279122265573124e-16
1.2861479812835985	5.636933992728429e-16	4.382803592400517e-16
1.457404519944961	7.464548096340316e-16	5.121809349556714e-16
1.6293848255430146	7.340446704154455e-16	4.505041773485372e-16
1.7992286410200438	-8.648488901275857e-16	-4.806775917246813e-16
1.9640024845385158	3.171290703752268e-16	1.6147080916231274e-16
2.1215617512253395	-5.333166950183356e-17	-2.5137929391416988e-17
2.271238552075436	-4.943775209973657e-16	-2.1766869030362675e-16
2.412539380790296	-5.733997847692707e-16	-2.3767478754333834e-16
2.544253934543711	-6.562588993617193e-16	-2.5793765726431443e-16
2.663683740945159	-9.805738565761241e-16	-3.681269820073256e-16
2.7672284331958523	2.056824308166048e-16	7.432795512984218e-17
2.8508034442265537	-8.776987681843666e-16	-3.0787768618768927e-16
2.910255574676963	7.896010996012346e-17	2.7131675529523893e-17
2.942118461121331	-1.0361397268098567e-15	-3.521747137315988e-16
2.9433610146978024	4.820395402468155e-16	1.6377180299655049e-16
2.9124746638372905	8.437252763182684e-16	2.8969360207468034e-16
2.848020539297793	3.3934603833635828e-16	1.1915154180033662e-16
2.7498223855684527	1.0962060621845718e-15	3.9864613363308567e-16
2.6184917626043616	-4.880920435817063e-16	-1.8640197786845363e-16
2.454651265119027	-1.1484363074481236e-16	-4.678612900201266e-17
2.2588978640580626	2.106229877684192e-16	9.324148343300454e-17
2.0314347597263853	-3.6735463878031094e-16	-1.8083506596578571e-16
1.7735429217812273	4.2669802427351213e-16	2.4059075144624374e-16
1.4861322109850952	6.443903890808869e-17	4.336023298046594e-17
1.1708707608283815	-1.1510092652916593e-15	-9.830369873420784e-16
0.8325374903148137	8.886267299545287e-16	1.0673714280644652e-15
0.4766721289130092	-1.496993081863882e-16	-3.1405089390847883e-16
0.1104496151223658	6.134302283831998e-16	5.553937220184859e-15
-0.2588250622177815	-2.4045565256555894e-16	-3.1415926535897922
-0.6226446180152956	1.0642576813113768e-15	3.1415926535897913
-0.9746040652210786	3.4410814875590336e-16	3.1415926535897927
-1.3102992906388717	8.896476394233833e-16	3.1415926535897927
-1.6256176254021975	-4.644103201512007e-16	-3.141592653589793
-1.918558238933929	8.235622111692457e-16	3.1415926535897927
-2.1871965479374267	7.751420508226632e-16	3.1415926535897927
-2.428950303323238	3.4669859212413707e-16	3.141592653589793
-2.641845371367484	-5.602814992879626e-16	-3.141592653589793
-2.823420425500379	-3.226454545228957e-16	-3.141592653589793
-2.9721510687134973	6.78389683724003e-17	3.141592653589793
-3.085983459739724	-6.04381340702563e-17	-3.141592653589793
-3.1650022384429697	2.920112913969818e-16	3.141592653589793
-3.209873054058176	-7.117218170841252e-17	-3.141592653589793
-3.221487868415623	-1.0214883384766161e-16	-3.141592653589793
-3.201560178963963	8.297356926768304e-16	3.141592653589793
-3.1512407119399892	5.060418358472173e-16	3.141592653589793
-3.0712077207831356	-8.805809683399807e-16	-3.141592653589793
-2.9631527897159553	1.3360644878194917e-15	3.1415926535897927
-2.8284055108306227	-1.7605023155928197e-16	-3.141592653589793
-2.6694247802541393	5.867797588310336e-16	3.141592653589793
-2.4885478737163322	2.4943058188205797e-16	3.141592653589793
-2.288488380932308	-8.052238899735412e-16	-3.1415926535897927
-2.07185219470141	-4.1284386318431915e-16	-3.141592653589793
-1.8422707425436093	1.014681441827355e-15	3.1415926535897927
-1.6027890167402719	1.0120410048543865e-15	3.1415926535897927
-1.3567244832421663	6.137688870577692e-16	3.1415926535897927
-1.1073453392146435	-2.0939884808196127e-16	-3.141592653589793
-0.8576558444059598	-1.3838227936158402e-16	-3.141592653589793
-0.6098447360276636	3.7898674824817685e-16	3.1415926535897927
-0.36490667671848176	2.1898774452881197e-16	3.1415926535897927
-0.12368993708614015	5.668875242101301e-16	3.1415926535897887
0.11367072215159618	9.526848689162763e-17	8.381092781707982e-16
0.34831354449091545	2.300505933609312e-16	6.60469846778902e-16
0.5805496822654473	-1.1999970460349588e-16	-2.0670014689393607e-16
0.810761509496955	-7.028856430788797e-18	-8.669450076817189e-18
1.0382006359879319	-1.9802558101356e-16	-1.9073922144646215e-16
1.262125942883563	-1.0100706091650317e-15	-8.002930411661901e-16
1.4811002262938147	-1.4939071005325576e-15	-1.008646865358187e-15
1.6931161413769038	1.7722793804209405e-16	1.0467559413730816e-16
1.89692704328611	-5.417577881624664e-16	-2.8559758799366436e-16
2.0908057553127026	1.176232676633074e-15	5.625738659099661e-16
2.2734629228723677	-2.0635431857875376e-16	-9.076652031696164e-17
2.443867683995002	-1.9659317327553926e-16	-8.044346040623913e-17
2.6004314153947403	-4.885111428486809e-16	-1.8785773005073692e-16
2.742430471297958	-2.1785271270917957e-16	-7.943782531196592e-17
2.867709310073345	1.109230105541417e-16	3.8680005035553874e-17
2.974797073140231	-1.1093955575927971e-16	-3.729315077017022e-17
3.062017792859416	-2.08814811134467e-17	-6.819516582216482e-18
3.1267847750084687	8.569248420614933e-19	2.7405942644682744e-19
3.169078406235385	2.1977000377701286e-16	6.934823806965453e-17
3.1858927256200924	1.6858086001030135e-16	5.2914794856279816e-17
3.177599136099725	4.1752949785286606e-16	1.313977880688102e-16
3.1422649304626007	-1.897182385563323e-16	-6.037627086026836e-17
3.0810562839017175	1.0279492169182517e-16	3.3363532574500745e-17
2.992366207524173	-6.66943691720872e-16	-2.2288170814249656e-16
2.878951411030877	-2.1347472398081896e-16	-7.41501656342228e-17
2.741976901972653	-3.219713706155011e-16	-1.1742307908716012e-16
2.584095495512479	1.2518960510679305e-15	4.844619919201763e-16
2.40299037628441	2.1475806034786773e-16	8.937116955080543e-17
2.2028977630584174	1.2350918683147051e-16	5.606669038512036e-17
1.986366618789002	-1.422129961812187e-15	-7.159453589082137e-16
1.7531108554799433	-3.340677922847322e-16	-1.905571408907143e-16
1.5058529440384394	-4.0419880534251306e-16	-2.684185112116733e-16
1.2446886261441998	-7.72201062143516e-17	-6.203969779459164e-17
0.9724542021032967	-1.1187180249419344e-15	-1.1504069009340362e-15
0.6916545063773432	-7.34215176349501e-16	-1.0615345806030767e-15
0.4044340996514418	1.1038856671616059e-16	2.729457452061982e-16
0.11137362090155531	-2.2089315331718954e-16	-1.9833525347302846e-15
-0.18559336797106868	5.682710369282734e-17	3.141592653589793
-0.4848067036135568	-4.332865992100997e-16	-3.1415926535897922
-0.784157070322212	-4.946507971180795e-16	-3.1415926535897927
-1.082340284764331	-3.402855618047119e-16	-3.141592653589793
-1.378642273846105	-4.693911471009882e-16	-3.141592653589793
-1.6720600993014738	-6.872250381543251e-16	-3.1415926535897927
-1.9621352559202008	-7.948527665399408e-16	-3.1415926535897927
-2.247764760443686	5.613666664888666e-17	3.141592653589793
-2.52811879572628	-7.35789820117863e-16	-3.141592653589793
-2.802962599603471	6.852068207453929e-16	3.141592653589793
-3.070700401243451	-1.494957408369773e-16	-3.141592653589793
-3.328848113444786	1.2996219650727255e-17	3.141592653589793
-3.5723317318771524	-5.713095630831927e-16	-3.141592653589793
-3.7966065311635417	4.546152749009929e-16	3.141592653589793
-3.9972850066118526	1.1838742943970169e-16	3.141592653589793
-4.172331909936885	2.0836528226568174e-16	3.141592653589793
-4.321557354097454	9.713199942597779e-16	3.141592653589793
-4.4460035058251695	1.6466328224054668e-16	3.141592653589793
-4.546811650632802	1.2067835111988722e-15	3.141592653589793
-4.622721182932753	2.025436475715365e-15	3.1415926535897927
-4.669429733729184	1.9548305315157945e-16	3.141592653589793
-4.680633754157072	9.605794173251393e-16	3.141592653589793
-4.64848303761509	-4.827780242350734e-16	-3.141592653589793
-4.566249352172121	2.751545473325656e-16	3.141592653589793
-4.429254808539022	3.9244067946267296e-16	3.141592653589793
-4.2369011882446665	6.912135941760339e-16	3.141592653589793
-3.993057304405049	8.265854384914858e-16	3.141592653589793
-3.705164579575819	1.6828188597322937e-15	3.1415926535897927
-3.3812346370594355	3.7522939922806543e-16	3.141592653589793
-3.028647796218752	4.53017923360196e-16	3.141592653589793
-2.6495419360472514	-4.263737833033437e-17	-3.141592653589793
-2.2433721847710717	1.819583831296314e-15	3.1415926535897922
-1.8055092121715985	9.346529320536397e-17	3.141592653589793
-1.33306471280977	1.8899428469090426e-15	3.141592653589792
-0.827523436210719	7.690536799661467e-17	3.141592653589793
-0.2961796834897469	1.3172036790592186e-15	3.1415926535897887
0.24766442959314292	4.952981399113807e-16	1.999875964122278e-15
0.788474044570701	1.8027304246537638e-15	2.2863535420944552e-15
1.3127173708612452	5.746700855931942e-16	4.3777137284026777e-16
1.8105993952268322	3.704437682683969e-16	2.045973113903463e-16
2.2792751470281676	8.500445995502178e-16	3.729451447134622e-16
2.719434848265504	-1.4034799698459437e-16	-5.160925148624553e-17
3.134663304438079	1.1451636031636894e-15	3.6532268124055255e-16
3.5271745188307695	-1.9599324796349553e-16	-5.556664319191832e-17
3.896079319282636	6.35098551903282e-16	1.6300965659503546e-16
4.236643938147378	6.350606249196299e-16	1.4989709642612366e-16
4.541648193288633	7.973171906885697e-16	1.7555679276673078e-16
4.800601946512952	7.744602521004077e-16	1.6132565472606159e-16
5.0041267413308175	-8.848440939722757e-17	-1.768228783384005e-17
5.14616950613466	8.867193942849264e-16	1.7230668232515146e-16
5.224472993899232	6.486495303648026e-17	1.2415597345842334e-17
5.243241554048368	3.427117628569027e-16	6.536257376742273e-17
5.20967701489865	-5.686306566678905e-16	-1.0914892709120331e-16
5.133198788790569	1.4522879834905988e-15	2.829206588807701e-16
5.022378836222714	6.832322025029143e-16	1.3603756800965797e-16
4.881305118464883	3.6381270377965693e-16	7.453185059123534e-17
4.712909818914533	-2.795036805819728e-16	-5.930596835530951e-17
4.51631420541521	1.6430190603358935e-16	3.637964467498429e-17
4.2917827559023305	-4.1549210523910723e-16	-9.681107569289156e-17
4.04106341265043	-3.624534570189614e-17	-8.969259326253371e-18
3.767883611433954	-8.185423971636163e-16	-2.1724195372693622e-16
3.4759537591112606	-4.712668783601337e-16	-1.3557915640414855e-16
3.1687899793652976	-8.271796062323647e-16	-2.610395802873774e-16
2.85012287331111	4.646914281491458e-16	1.6304259458445515e-16
2.522490888725506	-1.8589072180886222e-17	-7.369331744257912e-18
2.1876157725405556	-6.253643612325182e-16	-2.858657215230536e-16
1.848795178265261	-1.6333061404014982e-16	-8.834435310103103e-17
1.5088432459830758	-2.2276229654114817e-16	-1.4763779944285002e-16
1.171397215718814	-6.501578322933491e-16	-5.550276401283637e-16
0.8383903783531484	-7.989400913000625e-16	-9.52945205393962e-16
0.5122547433175504	-1.5219089136898193e-15	-2.971000139175631e-15
0.1943156237420034	-1.5965551182289234e-16	-8.216298244492684e-16
-0.11434839270631406	-6.842768712002272e-16	-3.1415926535897873
-0.41228624921463897	-1.959845879585969e-17	-3.141592653589793
-0.6977536613507	-1.6927854344819948e-15	-3.141592653589791
-0.9686655775024958	-5.444321503067221e-16	-3.1415926535897927
-1.2235288132434385	-1.1649044711137259e-15	-3.1415926535897922
-1.46182977846144	-9.501007427322286e-17	-3.141592653589793
-1.682883208123405	-1.1093840395269595e-15	-3.1415926535897927
-1.8870515815651168	-4.99923642386643e-16	-3.141592653589793
-2.0746641335554425	-8.303684944545408e-17	-3.141592653589793
-2.246925944494855	-1.3286373570275028e-16	-3.141592653589793
-2.404919059982516	-3.3529033958892785e-16	-3.141592653589793
-2.5504041943739053	-1.0282252374900266e-15	-3.1415926535897927
-2.684599012280684	-4.890346606685267e-16	-3.141592653589793
-2.80824132385452	-1.0859723870089843e-15	-3.1415926535897927
-2.9198188200355135	-2.479194489723535e-16	-3.141592653589793
-3.0173835769298325	-1.6775450958167832e-16	-3.141592653589793
-3.097802588581697	-9.464730379047707e-16	-3.141592653589793
-3.1591619112578257	-1.0744959853066702e-15	-3.141592653589793
-3.200521005857043	-1.7237388493490664e-16	-3.141592653589793
-3.2225532783643005	2.685048807563502e-16	3.141592653589793
-3.226085209784361	6.658086652168991e-16	3.141592653589793
-3.212624525218704	9.255473075573185e-16	3.141592653589793
-3.1833177539331525	2.387059826892798e-16	3.141592653589793
-3.1402380355308357	3.2371795716484e-16	3.141592653589793
-3.0846370413302067	1.899176718858942e-16	3.141592653589793
-3.0187182145251996	1.2924509847410093e-16	3.141592653589793
-2.9438037960665517	5.188591164942106e-16	3.141592653589793
-2.862105044431981	-3.6084914510450917e-16	-3.141592653589793
-2.7743828223189504	2.4500342389514253e-16	3.141592653589793
-2.681726323706255	4.715439083588177e-16	3.141592653589793
-2.5832560891675302	-5.207264055078458e-16	-3.141592653589793
-2.4789940467559757	-3.461305368934502e-17	-3.141592653589793
-2.3665436654175047	-9.562775919495806e-19	-3.141592653589793
-2.245081996785491	-3.774311309411621e-16	-3.141592653589793
-2.1130030588176445	1.2874101818606324e-16	3.141592653589793
-1.969481932526019	-1.3659335660794875e-16	-3.141592653589793
-1.8151518575717338	-8.698691264431064e-17	-3.141592653589793
-1.6506347312938208	7.766503713045585e-16	3.1415926535897927
-1.4776625432400698	-2.783433606210113e-16	-3.141592653589793
-1.2989057473871979	5.095287029150946e-16	3.1415926535897927
-1.1171208455285828	8.354090323330144e-17	3.141592653589793
-0.9341054596040445	-4.4222985891424815e-17	-3.141592653589793
-0.7513594921793123	4.2501366080453055e-16	3.1415926535897927
-0.5701672713980973	5.032437750668398e-16	3.1415926535897922
-0.389457028174893	-4.0762829553246986e-16	-3.1415926535897922
-0.20916434656413357	5.186374963317953e-16	3.141592653589791
-0.027504398639748392	1.8979368646634195e-16	3.1415926535897865
0.15605299706086265	1.0050327894467397e-15	6.440329941595188e-15
0.34240432700782614	1.065014127122233e-15	3.1103991483667514e-15
0.5308363364269274	5.534071887871391e-16	1.0425194185314003e-15
0.7193602014165758	5.49217875995439e-16	7.634810417839495e-16
0.905887078231476	6.30456052586599e-16	6.959543498704176e-16
1.0871625917883312	1.2184360968310016e-15	1.1207487325577785e-15
1.2615620638136076	5.850107962717924e-16	4.637193944333969e-16
1.4279418972724691	7.648811340587299e-16	5.356528410012617e-16
1.5861559050902296	7.205028282434987e-16	4.54244646400325e-16
1.735856577033174	1.311399899397789e-15	7.554771037819025e-16
1.8768012894842006	1.0968949770402748e-15	5.844491812672046e-16
2.0087211075824287	1.4357863901159912e-15	7.147763742294788e-16
2.1318091255229605	4.879109972941527e-16	2.2887180257025204e-16
2.2465814077679633	4.691694753093152e-16	2.0883706848417623e-16
2.353377101836197	2.28051086187096e-16	9.69037584368275e-17
2.451805249071433	-2.0741681465882984e-16	-8.459758977079618e-17
2.540794423199222	2.354023100277243e-16	9.26490974154923e-17
2.619562209619107	-1.897455591861455e-16	-7.243407256731464e-17
2.6872247231488613	-3.5199303112647067e-17	-1.3098756798947912e-17
2.743257630839982	6.426748454062966e-16	2.3427433070130944e-16
2.787667613464788	-4.261335164403963e-17	-1.5286381862102835e-17
2.820550525359679	-6.269132973328504e-17	-2.2226628868947698e-17
2.8417428736325907	-3.557486273009272e-16	-1.2518677555305168e-16
2.8506976223947733	-5.696619378821446e-16	-1.9983246676425508e-16
2.8457386545250865	-5.783575870691017e-16	-2.032363675242769e-16
2.825038022051802	-6.148878331690188e-16	-2.1765648050373173e-16
2.7873854232335176	-7.442697963808395e-16	-2.670135928017613e-16
2.732811612508035	9.980958300678297e-17	3.652267230933743e-17
2.6616860310139154	-6.875610446427367e-16	-2.5831786192334047e-16
2.574848516881914	7.160324492966542e-16	2.780872135203332e-16
2.4717343895640673	-4.685236731899697e-16	-1.8955259722409003e-16
2.3523828188766447	-7.013922787771117e-16	-2.9816247302471546e-16
2.2168390491899324	-4.033359137815176e-17	-1.8194190233562643e-17
2.0675443080273306	-4.471167824234567e-16	-2.1625499424002975e-16
1.9077141948445098	1.877854733846887e-16	9.843480427632627e-17
1.7401503239609115	-8.794059176607785e-16	-5.053620400213955e-16
1.5683266299521457	-5.302630112215518e-16	-3.381075096822986e-16
1.393604443718682	-1.0924249456308325e-15	-7.8388451655321595e-16
1.216188416349788	-4.575720464412588e-17	-3.7623450469508215e-17
1.038196647144129	-2.375046700708465e-16	-2.2876655470249713e-16
0.8607633901173272	8.96817502866355e-17	1.0418862060851745e-16
0.6833261490706858	-6.767192102311783e-16	-9.903312073619707e-16
0.5080499276262771	-4.3579190187679853e-16	-8.577737702137185e-16
0.3348826433736239	-3.279052910357536e-16	-9.791647836161942e-16
0.16478646656047297	-2.4199565129783133e-16	-1.4685408113233882e-15
0.0006968216953342984	-4.829067559468492e-16	-6.930133765642529e-13
-0.16100898686266077	-3.1174107466189092e-18	-3.141592653589793
-0.3202143693165951	1.0671549085662066e-16	3.141592653589793
-0.4775284448976811	2.2643764802684866e-16	3.1415926535897927
-0.6286816198680651	-2.5219227559824077e-18	-3.141592653589793
-0.774607904767049	-1.9189129086202523e-16	-3.141592653589793
-0.9132368074810318	-2.0058343385149408e-16	-3.141592653589793
-1.045338795047196	-3.637771342220052e-16	-3.1415926535897927
-1.16820273426307	-1.9802558101356e-16	-3.141592653589793
-1.2839085507373826	1.425745110399695e-16	3.141592653589793
-1.3913569256080478	-6.156099712874209e-16	-3.1415926535897927
-1.4929099714503924	8.125408597783778e-17	3.141592653589793
-1.588805323232833	-9.63699672385423e-16	-3.1415926535897927
-1.6796026256730499	4.579803115548998e-16	3.141592653589793
-1.765335176245458	4.485209976510342e-16	3.141592653589793
-1.8463285952679473	-9.119062864413257e-16	-3.1415926535897927
-1.9237054780018636	-2.0759078480972127e-16	-3.141592653589793
-1.9989966109435977	1.0007332641423159e-16	3.141592653589793
-2.073883246561286	3.251801362051675e-16	3.141592653589793
-2.1497898357560783	1.2595958052634549e-15	3.1415926535897927
-2.227437852871404	2.964832108454475e-16	3.141592653589793
-2.305566151112626	5.5416217953284807e-17	3.141592653589793
-2.383235048264293	4.278016939761034e-16	3.141592653589793
-2.459553714604233	4.178126936250679e-16	3.141592653589793
-2.5313694659996586	4.768446004598308e-16	3.141592653589793
-2.5972580872096542	3.028542706878633e-16	3.141592653589793
-2.655960273272323	2.7845687837296493e-16	3.141592653589793
-2.706288615781721	-6.141771971072759e-17	-3.141592653589793
-2.747008380259313	4.57698993856904e-16	3.141592653589793
-2.776558941498101	8.9586735602124e-16	3.141592653589793
-2.79325457866711	1.4429860498267e-16	3.141592653589793
-2.795098177726995	6.78808366778177e-16	3.141592653589793
-2.779025642042899	6.43241480702037e-16	3.141592653589793
-2.7427566208153964	2.2240645854325203e-16	3.141592653589793
-2.684177646634454	-9.406558622137464e-17	-3.141592653589793
-2.6018560278357867	5.241429645483719e-16	3.141592653589793
-2.494723823645329	6.678206286161851e-16	3.141592653589793
-2.363555171983978	3.847654336205515e-16	3.141592653589793
-2.2101506164108162	-5.764186583679046e-17	-3.141592653589793
-2.036678373598219	9.766565555641255e-16	3.1415926535897927
-1.845042960273021	9.487432306872218e-16	3.1415926535897927
-1.6380801693542173	1.0908351147904492e-15	3.1415926535897927
-1.4178885488205393	3.1057170825846686e-16	3.141592653589793
-1.1855183025830873	-3.268627516459602e-16	-3.141592653589793
-0.9417845302857866	-6.550409009889926e-16	-3.1415926535897927
-0.6876018846649384	-2.8327052892225084e-17	-3.141592653589793
-0.42400716604533756	-4.658068230046929e-16	-3.1415926535897922
-0.15247946647124547	-3.077836265680614e-16	-3.1415926535897913
0.12467607109775622	-4.253493125090364e-16	-3.411635518860133e-15
0.4042108810595583	8.551978676366308e-16	2.1157220344858106e-15
0.683224407012661	-3.328251989236924e-16	-4.871389187908867e-16
0.9597429437386145	1.2873340781388872e-16	1.341332162468591e-16
1.2325941796885524	-1.426252451836843e-16	-1.157114381472435e-16
1.5001367404148516	6.766537439710479e-16	4.51061377100813e-16
1.7615266928779088	-7.129291144370389e-16	-4.047222885236471e-16
2.014347706712879	-1.1346212562313546e-16	-5.63269813076557e-17
2.2548155291696212	6.08930041050555e-16	2.700575870500613e-16
2.4783919318583	4.1406339276971636e-17	1.6706937568960342e-17
2.6804926660689796	-3.537112802854491e-16	-1.3195756316102032e-16
2.859145874856309	-1.6165512097553482e-16	-5.653965486586412e-17
3.0137354440928372	-8.911905700818505e-16	-2.9570962236537896e-16
3.145699865039311	1.8574236527793505e-16	5.904643584794568e-17
3.2575755078902056	-1.0784157790751624e-16	-3.3104859011345123e-17
3.349986610139339	-9.018594586001016e-16	-2.6921285472319834e-16
3.4221510244496334	-9.43451050434315e-16	-2.7568948409751886e-16
3.4717096164127192	-6.162740955292569e-17	-1.7751314586213763e-17
3.4964951610598103	-3.426871100069586e-16	-9.800874710865836e-17
3.4962600463939713	-9.191935295849631e-16	-2.629076548619476e-16
3.4720520292382244	-8.661327280708485e-16	-2.4945845303501394e-16
3.4272623840565095	-3.2559678969513444e-16	-9.500200253409192e-17
3.3646963158969614	-3.2978248473028624e-16	-9.801255559742031e-17
3.285305072318964	3.4887677759546356e-16	1.0619311446446755e-16
3.1887306589405586	-8.325079654755907e-16	-2.6107817013061483e-16
3.0728866153793297	-8.396592970590987e-16	-2.7324773158135148e-16
2.9367700677794013	-3.4002297219818084e-16	-1.1578127137998399e-16
2.780962637695892	-8.187089953855924e-17	-2.9439769678600086e-17
2.608387871556979	-8.824683791656204e-17	-3.383194611462689e-17
2.4235516539546147	-9.028658880568117e-17	-3.725383309175879e-17
2.2295670567131705	-1.090851130835067e-15	-4.892658992025118e-16
2.028292928769322	-5.082103147625612e-16	-2.50560610626849e-16
1.8195802971125907	-6.192671264447448e-16	-3.403351462023587e-16
1.6026932019868552	-1.6344536992175315e-16	-1.0198169538569845e-16
1.3770879626346952	-9.349374092912943e-16	-6.789235217062951e-16
1.1435408055717793	8.495189664821632e-16	7.42884698423505e-16
0.9047715516576016	-7.32502901060582e-16	-8.095998373496471e-16
0.664614066382099	4.220737285079829e-16	6.350658974246339e-16
0.4263048465707417	4.2132698341577744e-17	9.883232311454892e-17
0.1919227959416961	6.154629463393769e-17	3.206825657783494e-16
-0.0377558033835296	6.068512618612032e-16	3.141592653589777
-0.26285579223271993	-9.00568644283786e-16	-3.14159265358979
-0.4841728174527613	-1.2647355501566233e-15	-3.1415926535897905
-0.702349044340308	2.653484907690701e-16	3.1415926535897927
-0.9176226502963193	-4.714135021509125e-16	-3.1415926535897927
-1.129152062909309	3.992023021340903e-16	3.1415926535897927
-1.3362275634713043	-4.749572222312544e-16	-3.1415926535897927
-1.5380451294497444	9.141925777565568e-16	3.1415926535897927
-1.7343669481404462	3.6467777708236037e-16	3.141592653589793
-1.9248472653214452	1.5061054426355752e-16	3.141592653589793
-2.10963747167594	1.276156089680443e-15	3.1415926535897927
-2.288244568893199	-2.9591319240153357e-16	-3.141592653589793
-2.4594380646222067	1.9549637580656239e-16	3.141592653589793
-2.6211781535939696	7.532443338430273e-16	3.141592653589793
-2.771716845808274	-7.2935634374076525e-16	-3.141592653589793
-2.9091146666300705	-7.194211906335451e-17	-3.141592653589793
-3.0313006752953124	-1.364193083099345e-16	-3.141592653589793
-3.137883607074706	3.038372842893264e-16	3.141592653589793
-3.2293859978177024	-1.1643467487538505e-18	-3.141592653589793
-3.305697676624888	-4.44587036240219e-17	-3.141592653589793
-3.3679236825804626	5.663716289479456e-16	3.141592653589793
-3.413553809096335	3.5492442527969063e-16	3.141592653589793
-3.4401742983735377	5.049780656641364e-16	3.141592653589793
-3.4440857855867772	3.292826120957236e-16	3.141592653589793
-3.4211529747677454	1.631775987342421e-16	3.141592653589793
-3.36960776744452	1.3330122275505306e-15	3.1415926535897927
-3.286914177445995	7.524397075261077e-16	3.141592653589793
-3.1734304061310437	7.80197837619073e-16	3.141592653589793
-3.0297191462667383	1.8102314450207206e-16	3.141592653589793
-2.8564982074103686	4.828341085968426e-16	3.141592653589793
-2.6533890824978776	-4.61662881636345e-16	-3.141592653589793
-2.4203634784904606	4.757435275186566e-16	3.141592653589793
-2.158033403572246	-3.43809342602368e-16	-3.141592653589793
-1.8690329859626271	2.1524215811980074e-16	3.141592653589793
-1.5560939616575862	-2.071156511101349e-16	-3.141592653589793
-1.223680141936149	1.0030508553167997e-15	3.1415926535897922
-0.877174357345503	7.771417681932204e-16	3.1415926535897922
-0.521491032496075	6.11808055385619e-16	3.1415926535897922
-0.16092250946786252	4.0213884619353203e-16	3.141592653589791
0.20030943668231663	1.0504358153993288e-15	5.244065545774967e-15
0.5574053832741185	-7.302536129096106e-16	-1.3100942955021472e-15
0.9057317357103849	-8.12958739782655e-16	-8.975712208483387e-16
1.2409352890195249	7.369373575476001e-16	5.93856395307979e-16
1.5590824379152997	9.432642836409004e-16	6.050124487978776e-16
1.8577362040229437	-2.2051600880181965e-17	-1.1870146489274976e-17
2.135989058024456	-3.510409039883536e-16	-1.6434583438972577e-16
2.393276829949664	2.8844001889165936e-16	1.2052095908091247e-16
2.628100936552966	6.633883854690076e-16	2.524211974670623e-16
2.838768877788286	-6.516675536613327e-16	-2.2955991900582393e-16
3.022441595270857	-5.309475837305897e-16	-1.7566843460642905e-16
3.1768693391956497	-3.1659760263653816e-16	-9.965710541834792e-17
3.299851100720001	-3.489585978618356e-16	-1.0574980119124031e-16
3.3907982624999122	1.6100950321226364e-16	4.748424729153813e-17
3.4503835971341905	-7.014246159679287e-17	-2.0328887969167137e-17
3.4800350407169205	-7.124208105168513e-16	-2.0471656238555741e-16
3.4813861534661696	1.1224028353020733e-15	3.224011315678315e-16
3.4549826936303254	6.64776442231518e-16	1.924109326096229e-16
3.3999693281404335	7.048756104076908e-16	2.073182262480035e-16
3.3149997949745558	-7.943411201508623e-16	-2.396202622259768e-16
3.198784420884033	6.735936692512133e-16	2.105780135896296e-16
3.0515458475326844	-4.495162357834397e-16	-1.4730771164617903e-16
2.8746117428752322	2.082285325100958e-16	7.243709799286575e-17
2.6709835338713783	-8.8582344008815475e-16	-3.3164691165438375e-16
2.443906085823452	-3.767252360639984e-16	-1.5414881866749976e-16
2.1969191915419235	-4.614244023473084e-16	-2.100324873685747e-16
1.9316949537272383	-7.19179246858207e-16	-3.7230477072507665e-16
1.6486566573531378	-7.566440966428292e-16	-4.589458291804648e-16
1.3473586736117604	4.2904472580248934e-17	3.1843393611916434e-17
1.0275694878311075	-3.48602254666931e-16	-3.39249324542252e-16
0.6908883520559066	7.11282518430217e-16	1.0295187584413931e-15
0.34124284736967336	1.0721934719119172e-16	3.142024749167546e-16
-0.014251438422604401	6.333608273385687e-16	3.1415926535897487
-0.3676006462494081	8.337456866489842e-17	3.141592653589793
-0.7106561513888863	2.75565175318817e-16	3.1415926535897927
-1.0374937106317297	3.803062745737848e-16	3.1415926535897927
-1.3433082156587046	5.18387839775432e-16	3.1415926535897927
-1.6255985574189293	7.245570992115236e-17	3.141592653589793
-1.8830634874980108	-2.896329949358865e-16	-3.141592653589793
-2.1152295605980482	8.764451172492684e-17	3.141592653589793
-2.321108319883027	3.7046790560356435e-16	3.141592653589793
-2.4983798784897604	4.2603115439996733e-17	3.141592653589793
-2.643122837753338	3.609907473441419e-16	3.141592653589793
-2.751774123826696	-4.45059331814885e-16	-3.141592653589793
-2.8189637462219133	-4.838808849180518e-16	-3.141592653589793
-2.842088472345836	3.454460391298132e-16	3.141592653589793
-2.8215384275779196	6.824245996031692e-16	3.141592653589793
-2.757814842807497	-3.014780883219553e-16	-3.141592653589793
-2.654492253726548	6.291812704167877e-16	3.141592653589793
-2.5134389158948194	-2.572579556108905e-16	-3.141592653589793
-2.3391335674872056	7.970733331126139e-16	3.141592653589793
-2.134019427540856	1.1013953124866334e-16	3.141592653589793
-1.9014846915056465	9.448685548647964e-17	3.141592653589793
-1.6444488034016613	-3.663696567396259e-16	-3.141592653589793
-1.3652974448885533	-3.492955185953658e-16	-3.141592653589793
-1.0692716264517066	-2.846739759549268e-16	-3.141592653589793
-0.7627234551083893	2.470236389657265e-16	3.141592653589793
-0.45390243071931974	-1.104749468473963e-16	-3.141592653589793
-0.15134005052339755	1.7560686086394878e-17	3.141592653589793
0.13632938414362997	5.727892337311866e-16	4.201509728289566e-15
0.40116750836771087	6.192172713170864e-16	1.5435379446271376e-15
0.6376531510260263	4.2612150010332997e-16	6.682653405188575e-16
0.841643539766127	6.019572569676213e-16	7.152163933140757e-16
1.011494915925788	-1.6726207456498495e-16	-1.653612607749941e-16
1.147403702681017	3.430661306087592e-16	2.9899339683770653e-16
1.2507803096823404	7.908884399506255e-17	6.32316030104029e-17
1.322451186328602	2.8869085344148987e-16	2.182998181149925e-16
1.3632977263052248	2.6364964557176813e-16	1.9339109901276279e-16
1.3739055901334432	3.535380302231135e-16	2.5732337997749576e-16
1.3557394625027572	4.033557827364949e-17	2.975171807656035e-17
1.3105562694885176	2.532407261694981e-16	1.9323147892637423e-16
1.2414119619627224	-8.567318319218311e-16	-6.901269346295838e-16
1.1522152428499408	3.3861229054588936e-16	2.938793707574555e-16
1.0469361928304048	4.1125437468913905e-17	3.92817038426485e-17
0.9296885083976255	-5.039112372080077e-16	-5.420215832037434e-16
0.8037865907591907	-4.545914422939514e-16	-5.655623613533807e-16
0.6714782271764694	-4.5044293227493635e-16	-6.708228413734651e-16
0.5348905499557962	1.8195101206998486e-16	3.4016494044439827e-16
0.39609917217335683	6.884111484785524e-16	1.7379767412825148e-15
0.2581759954298486	-1.9533542666657853e-16	-7.565979414211455e-16
0.1236560538167611	-2.622696305163672e-16	-2.120960700436144e-15
-0.004763562877136481	-1.510554322204495e-16	-3.1415926535897616
-0.12367266173123026	-8.077758739450816e-16	-3.141592653589787
-0.2307183285903996	-7.185723949346987e-16	-3.14159265358979
-0.32350035907221963	-7.026447402434278e-16	-3.141592653589791
-0.4004676419911812	-4.052912743500194e-16	-3.1415926535897922
-0.46007420366773993	-4.46036797884312e-16	-3.1415926535897922
-0.5025314810248939	-4.94593565276363e-16	-3.1415926535897922
-0.5285405523386666	-7.191294946612646e-17	-3.141592653589793
-0.5400422114685778	-2.8269455231715016e-16	-3.1415926535897927
-0.5387079769693737	-1.2631908366896066e-16	-3.141592653589793
-0.5278835140437287	1.0569479750199416e-17	3.141592653589793
-0.5089751483646916	4.800533530990586e-16	3.1415926535897922
-0.48448783120834016	-2.891880015642375e-16	-3.1415926535897927
-0.45515390359463975	-5.574418265421668e-17	-3.141592653589793
-0.42086414618184004	-1.789059694352847e-16	-3.1415926535897927
-0.3817909005453303	-1.6180948074533832e-17	-3.141592653589793
-0.33757187016009726	1.0396716620202677e-15	3.14159265358979
-0.287330794705849	4.0062356055108244e-16	3.141592653589792
-0.22977945150874052	3.610475551489943e-16	3.141592653589792
-0.16546269940505107	-1.9297845801628455e-16	-3.1415926535897922
-0.09448153019851248	5.170603651379443e-17	3.1415926535897927
-0.0183770680440272	9.608500765511486e-16	3.141592653589741
0.060714986557424834	4.611368134819969e-16	7.595106902409493e-15
0.14187362360219438	4.506757502122025e-16	3.1765999822198936e-15
0.2219372469316863	2.2936920405622222e-17	1.0334867500939288e-16
0.30092972344103786	1.8425381129448824e-16	6.122818616506312e-16
0.3765949904023779	5.268564288876592e-16	1.3990000990845163e-15
0.4483561177252478	3.583329153973676e-16	7.992149571090578e-16
0.5155622682479668	5.80265847315059e-16	1.1255009977494554e-15
0.5770609444584153	6.421162452835179e-16	1.1127355809639111e-15
0.6312185978757674	-2.1658427834314701e-16	-3.4312087614657677e-16
0.6766316671702374	7.59086653235614e-17	1.121860962272449e-16
0.7117733162320092	2.3271444678978e-16	3.2695022626266105e-16
0.7355011133466054	5.271561587976901e-17	7.16730606156496e-17
0.7464917226064074	5.736690566827751e-16	7.684868288690267e-16
0.7452960305710067	6.846165968357378e-16	9.1858344705153e-16
0.7324768333150126	-1.9224528584544287e-16	-2.6245920294214266e-16
0.7088023337290744	7.991122144646026e-16	1.1274119404494615e-15
0.6761155061411733	2.8503492335468885e-16	4.2157726123082495e-16
0.6356960271422887	2.7319086330134335e-16	4.2975077967601437e-16
0.5892699503228491	-3.477440679948352e-16	-5.90126932154462e-16
0.5377614349230904	-1.3075476207198795e-15	-2.431464095053381e-15
0.48308401756050356	8.285267908090721e-16	1.7150780416893088e-15
0.4265963060352908	-1.914676974984866e-16	-4.488264309598761e-16
0.3698780451505063	2.800225484058541e-16	7.570672335848177e-16
0.3141775993523786	-1.565490541744333e-16	-4.982820369661344e-16
0.259982353125798	-2.478654477794516e-16	-9.533933545847885e-16
0.2070042935474783	9.693921554372195e-18	4.682956758164442e-17
0.15496461738463263	-4.581597027990652e-16	-2.956543955204187e-15
0.10309312977061648	7.027261277828739e-16	6.816420544671099e-15
0.05110233046411494	7.239787110491598e-16	1.4167234732231084e-14
-0.0015142931149414547	-1.8621927529902907e-16	-3.14159265358967
-0.05447804690966755	-3.2096965798226097e-16	-3.1415926535897873
-0.10784693777561376	7.096010765397039e-16	3.1415926535897865
-0.1607277434116893	5.031932295322114e-16	3.14159265358979
-0.2118887011487087	4.982610627288577e-16	3.141592653589791
-0.2594983318436695	1.0250947867963244e-15	3.141592653589789
-0.30211444253961	-1.5470410916557198e-16	-3.1415926535897927
-0.33869941462688485	3.319398312138107e-16	3.1415926535897922
-0.3694967446904716	-8.204967376030411e-17	-3.141592653589793
-0.3949080654366349	-1.4079410793419416e-16	-3.1415926535897927
-0.4147698303620055	1.21966875309054e-15	3.1415926535897905
-0.4303608581787241	1.0144000304614979e-17	3.141592653589793
-0.4427766402379618	-1.0195187726818404e-16	-3.141592653589793
-0.4514475510812344	4.6220108439735134e-17	3.141592653589793
-0.45572582138967016	9.380222209747077e-16	3.1415926535897913
-0.4581173445366656	5.212068321865303e-16	3.1415926535897922
-0.45948764533059505	8.472920816149936e-16	3.1415926535897913
-0.4595720036251395	6.0599703091908e-16	3.141592653589792
-0.4572464306886772	1.5315897507856332e-16	3.141592653589793
-0.45607368622119504	3.598246177732503e-16	3.1415926535897922
-0.4532968241663916	6.33545701829752e-16	3.141592653589792
-0.44967723714261665	-6.255286381457879e-16	-3.141592653589792
-0.4505023786516034	-4.6097961710418966e-17	-3.141592653589793
-0.4510058994022286	-1.2560974325639914e-16	-3.141592653589793
-0.4491844465076019	1.1094381858263238e-15	3.141592653589791
-0.4441872272556598	4.612777295305616e-16	3.1415926535897922
-0.43686722959515495	-3.384180303835971e-17	-3.141592653589793
-0.4277812545639709	5.61761293267673e-16	3.141592653589792
-0.419161295669452	2.868344303766712e-16	3.1415926535897927
-0.40802181650594166	6.458548161607581e-16	3.141592653589792
-0.39556941857108674	2.1806560102429103e-16	3.1415926535897927
-0.38239730145196116	7.122863507145339e-16	3.1415926535897913
-0.3677183355565493	7.081371884968578e-16	3.1415926535897913
-0.35228646282403353	2.7392947632502175e-16	3.1415926535897927
-0.33531025245783586	-3.1500659037033843e-16	-3.1415926535897922
-0.3200478406493108	-2.436468048975333e-17	-3.141592653589793
-0.3089007439093286	-1.3773474546613498e-16	-3.1415926535897927
-0.3032706838693112	3.091983328913519e-16	3.1415926535897922
-0.30416925857861515	-4.937663861469574e-16	-3.141592653589792
-0.3109639502175196	2.0918771746122684e-16	3.1415926535897927
-0.3232428774636027	-1.1961741083783963e-15	-3.1415926535897896
-0.34084694808273724	6.109791886326818e-17	3.141592653589793
-0.36294793855557655	1.0998171983592276e-15	3.14159265358979
-0.3896354130935909	-4.582671386514455e-16	-3.1415926535897922
-0.41892322753517985	-2.4544778057516472e-17	-3.141592653589793
-0.4488455831371849	4.912063815892297e-16	3.1415926535897922
-0.4777172768394857	2.8914036495562577e-16	3.1415926535897927
-0.5047930815322579	1.3302488915921202e-15	3.1415926535897905
-0.5300305378815467	3.860752414466472e-16	3.1415926535897927
-0.5533358954666395	3.64490277807983e-16	3.1415926535897927
-0.5738457357097393	2.152790554329063e-16	3.1415926535897927
-0.5900835840667937	-7.308249996436823e-16	-3.141592653589792
-0.5996458077301985	5.515141093450291e-16	3.1415926535897922
-0.6007016287529938	-3.738647428342878e-16	-3.1415926535897927
-0.592205773011978	-2.183275972836826e-16	-3.1415926535897927
-0.5736777870846491	-4.6740819002344e-16	-3.1415926535897922
-0.545623900156005	-2.1549831995677958e-16	-3.1415926535897927
-0.5077334938364764	-1.0625211684735661e-16	-3.141592653589793
-0.45969914689400887	3.4717900142331926e-17	3.141592653589793
-0.4005954623965334	-5.558762534373856e-17	-3.141592653589793
-0.3299662663204317	1.6145081023619658e-17	3.141592653589793
-0.247616588595175	8.311834072599487e-16	3.14159265358979
-0.15408632022167668	1.6237675237448768e-16	3.1415926535897922
-0.0499133002510745	2.4318673081015986e-16	3.1415926535897882
0.06434048497493722	-2.498840173828004e-16	-3.883775782544049e-15
0.18924635735812997	5.576471594174781e-17	2.946673147120006e-16
0.3236704397139925	7.095995671555921e-16	2.1923520967272183e-15
0.4666728427386439	-1.6263517892866866e-16	-3.4849934265352373e-16
0.6169971166681469	-6.151381192629394e-16	-9.969870241610748e-16
0.774272743881091	1.4417766534546967e-17	1.8621043616073843e-17
0.9370045032881814	7.811971305259206e-16	8.337175838371171e-16
1.1046012598127477	2.1587080829749863e-17	1.9542871817301123e-17
1.2755984264008147	-1.5156289066897314e-16	-1.1881708814632035e-16
1.4498924981264565	2.291857385749329e-16	1.5807084930164512e-16
1.6227659140079729	-4.208489808183653e-16	-2.593405353079764e-16
1.7908033784460464	-2.464517194100871e-16	-1.3762075858039946e-16
1.951068805272161	1.4142038936335613e-16	7.248354798211688e-17
2.1002210004366897	-4.733034647269326e-16	-2.2535888586416417e-16
2.2356865808504636	1.3309073843852308e-16	5.953014146906713e-17
2.355653278442433	8.692380625672264e-16	3.6900085021933703e-16
2.458444881946919	5.162684369560595e-16	2.0999797097228816e-16
2.5441396509746763	3.843502209221193e-16	1.5107276865673325e-16
2.608203288308695	-2.6792186192267607e-16	-1.0272276824572657e-16
2.6500055989865716	-5.644785341356285e-16	-2.1301031754480035e-16
2.6660376612804844	1.0462065502866306e-15	3.9242001922213766e-16
2.6525691216363048	3.9521735701374513e-16	1.489941784325474e-16
2.6072776284313197	-7.5262880694098445e-16	-2.8866462042011497e-16
2.5280674827041714	9.329970205118444e-16	3.6905542549594256e-16
2.4159478935166656	-1.3054596676967362e-16	-5.4035092031579486e-17
2.272752746793843	-2.947542754408365e-16	-1.2969042754723072e-16
2.101223571646065	9.134579454858735e-17	4.3472667916545645e-17
1.9048215504550623	3.7703956960366394e-16	1.9793957576424368e-16
1.6856748555732548	4.0835917681186016e-16	2.4225263576882843e-16
1.4474492266535148	9.950629307827018e-17	6.87459644497013e-17
1.1908552016967024	1.2495344426108044e-15	1.0492748747542918e-15
0.9178138038859791	5.84873917014903e-17	6.372468081636767e-17
0.6304038242679599	-3.3066077796551465e-16	-5.245221637884032e-16
0.3315446057393766	2.898963099474835e-16	8.743810182071479e-16
0.02506326873879039	7.378038728485356e-17	2.9437655580281015e-15
5.5456994010544405e-17	-2.2906490283536463e-17	-0.39170518577257885
-4.4365595208435524e-16	-5.12547615175978e-16	-2.284271695890435
-4.4365595208435524e-16	3.6817981055487183e-16	2.44889773113949
4.4365595208435524e-16	-6.160802047506739e-16	-0.9466896782868104
2.2182797604217762e-16	-1.3378050127213216e-17	-0.06023526269940435
6.100269341159884e-16	-1.3228910316431736e-16	-0.21355120466124766
-2.2182797604217762e-16	-1.2012692565140088e-16	-2.6452741004138147
-1.6637098203163321e-16	1.394005125729254e-16	2.444171462088546
-2.77284970052722e-16	1.2193786261204367e-16	2.72728981808723
-8.31854910158166e-16	-6.312133910936058e-16	-2.492481854864433
-4.4365595208435524e-16	1.9001226700323744e-16	2.7369408227903445
-8.873119041687105e-16	-7.089731030664672e-16	-2.467454273040413
-3.6047046106853866e-16	-6.279295678110682e-16	-2.091925338090776
-8.31854910158166e-16	-3.8050453218357345e-17	-3.0958828208634652
-5.822984371107163e-16	-3.607824158055762e-16	-2.586897943809545
-2.77284970052722e-16	-4.840882621111063e-16	-2.0909744531174073
-4.15927455079083e-16	-7.811002772685211e-16	-2.0600962188134684
-2.7728497005272202e-17	-1.1688359541749259e-15	-1.594515050451931
-3.8819895807381083e-16	-3.5049034086458686e-16	-2.407198225363736
-7.209409221370773e-16	-2.715789324677777e-17	-3.103940389238687
-1.1091398802108881e-16	-6.806305249609473e-17	-2.5911923215069494
-6.100269341159884e-16	-1.22199425132796e-15	-2.0338085811699456
-9.42768898179255e-16	-3.327398804036804e-16	-2.8023020044694644
-8.873119041687105e-16	-2.3265443563273117e-16	-2.8851636818236566
6.654839281265329e-16	9.685513046785357e-17	0.14452614365873387
-5.54569940105444e-16	2.2682635021861677e-16	2.753340622522338
1.1091398802108881e-16	-6.631399845956756e-16	-1.405074523628928
-1.1091398802108881e-16	-1.6024914758125491e-16	-2.176224005791041
-2.2182797604217762e-16	3.1631949850656095e-16	2.182379644398257
-6.654839281265329e-16	-1.9038373131431637e-16	-2.862952012238562
-5.54569940105444e-16	7.160559853926296e-16	2.2297804804671806
-2.2182797604217762e-16	-8.371678648655268e-16	-1.8298180513769156
-1.1091398802108881e-16	-3.706088448499646e-16	-1.8615879153422628
5.54569940105444e-16	7.649249931642193e-17	0.13706634026526274
2.2182797604217762e-16	-1.0662153124113064e-16	-0.44804781177367387
3.3274196406326643e-16	9.05026470762036e-16	1.2184762682631198
4.4365595208435524e-16	-5.351267659193323e-16	-0.8785811646523475
-2.2182797604217762e-16	1.0494268035549886e-15	1.7791099921289448
-1.1091398802108881e-16	-4.2901021781794625e-16	-1.8237912911859333
4.4365595208435524e-16	-5.207658532391004e-16	-0.8651829773645459
1.6637098203163321e-16	1.4039586735495787e-16	0.7009258584552536
8.31854910158166e-16	4.075894564263286e-16	0.4555967989593717
1.1091398802108881e-16	3.3891295226538506e-16	1.2545181361935294
5.5456994010544405e-17	-2.730288319351252e-17	-0.4574890492369723
5.0604507034621765e-16	2.7118844769878053e-16	0.49195176894308157
