0.0	-0.16291704105195692
0.125	-0.3880051965742034
0.25	-0.6081709853261744
0.375	-0.8177608171802555
0.5	-1.013013686173332
0.625	-1.190135365721678
0.75	-1.3462144465948025
0.875	-1.4803267428913307
1.0	-1.5918851620745298
1.125	-1.679895513397519
1.25	-1.7417333090775802
1.375	-1.7755162879729198
1.5	-1.7793342647743398
1.625	-1.753210319393342
1.75	-1.699259973014927
1.875	-1.620531128345824
2.0	-1.520899637381666
2.125	-1.403284463197246
2.25	-1.2699274370305054
2.375	-1.1223711733819641
2.5	-0.9619021024085526
2.625	-0.7916864606963518
2.75	-0.615696749738374
2.875	-0.43929988825659755
3.0	-0.2670973574613923
3.125	-0.1028361112544652
3.25	0.04995052418998267
3.375	0.1892062260785419
3.5	0.31336243457779944
3.625	0.4209244114550707
3.75	0.510520030346513
3.875	0.5813644291706197
4.0	0.6345301039213153
4.125	0.670806279077036
4.25	0.6914170429311086
4.375	0.6980022971283837
4.5	0.6921505174952408
4.625	0.6746496850270816
4.75	0.6465680015756833
4.875	0.6090190976797232
5.0	0.5637468301358676
5.125	0.5123028602429192
5.25	0.45708710211505604
5.375	0.40122975088237967
5.5	0.3481012593273684
5.625	0.30157318632244395
5.75	0.2653038089958875
5.875	0.24149973781951012
6.0	0.23163876689035812
6.125	0.23512094210957524
6.25	0.25171829139991025
6.375	0.2804056910586354
6.5	0.3204258527564036
6.625	0.3709866863266154
6.75	0.4322470128151153
6.875	0.5034479934619954
7.0	0.582601969264656
7.125	0.6678467068053445
7.25	0.7570845776024321
7.375	0.8485069077767369
7.5	0.939848793307243
7.625	1.0294660179106045
7.75	1.115735511748407
7.875	1.1972526316946934
8.0	1.271846414717663
8.125	1.3377285183338163
8.25	1.393151131256862
8.375	1.4361488015946249
8.5	1.4654651842607873
8.625	1.4794875870723494
8.75	1.4767036527865756
8.875	1.4552758283794225
9.0	1.41286228686431
9.125	1.3474912238742096
9.25	1.257392999014089
9.375	1.1429509011497578
9.5	1.0051681806128725
9.625	0.8458278138830857
9.75	0.6664628902417519
9.875	0.4691055688505537
10.0	0.25549783496936157
10.125	0.028319589054055332
10.25	-0.2092024376229272
10.375	-0.4529240612444367
10.5	-0.6986760948573078
10.625	-0.9424690770218698
10.75	-1.180860806862827
10.875	-1.4113453457426468
11.0	-1.6319198249845779
11.125	-1.8404148505969038
11.25	-2.0344730100512978
11.375	-2.2112514884711194
11.5	-2.3681588006038603
11.625	-2.5027900611400766
11.75	-2.613883663905661
11.875	-2.700480158535082
12.0	-2.7623299991608996
12.125	-2.7993259547321814
12.25	-2.8118709213557134
12.375	-2.799418765757157
12.5	-2.7623895857692693
12.625	-2.7014072970799003
12.75	-2.6177350131021164
12.875	-2.51433026798245
13.0	-2.392982454388667
13.125	-2.2572671139343305
13.25	-2.108616380814996
13.375	-1.947049092629191
13.5	-1.7735176382086941
13.625	-1.5873054560994422
13.75	-1.390376924985889
13.875	-1.1841065509712685
14.0	-0.9727135660512065
14.125	-0.7607765534582521
14.25	-0.5509815810269817
14.375	-0.34596788006352075
14.5	-0.1464260166727141
14.625	0.04969647536527882
14.75	0.24395669066643053
14.875	0.43647371158114434
15.0	0.6268726120558056
15.125	0.8167827869455553
15.25	1.0049848362103657
15.375	1.191339411738258
15.5	1.374924279978937
15.625	1.5562267402289611
15.75	1.7348576774352658
15.875	1.9100431068312145
16.0	2.081899454497519
16.125	2.2501113575478233
16.25	2.4139809677656823
16.375	2.572785017851741
16.5	2.72483898366943
16.625	2.8688143081640467
16.75	3.0021172499468762
16.875	3.1222145823295158
17.0	3.226412993566683
17.125	3.3122800421307423
17.25	3.376966122896271
17.375	3.4173195426583467
17.5	3.4309437398780647
17.625	3.4158521333480207
17.75	3.370517926869237
17.875	3.293700439073599
18.0	3.185526796988078
18.125	3.0472090766533473
18.25	2.8805650856457277
18.375	2.688192566689743
18.5	2.4726642307772226
18.625	2.2359910362689144
18.75	1.979931974079713
18.875	1.706522995920604
19.0	1.4166147602521038
19.125	1.111941354631373
19.25	0.7936875114962083
19.375	0.4635728132884987
19.5	0.12201881745645839
19.625	-0.2303765846630122
19.75	-0.5902214888869183
19.875	-0.9551625292998981
20.0	-1.3207855985402974
20.125	-1.6841666599880283
20.25	-2.0396844952917315
20.375	-2.3836546599225676
20.5	-2.710036609737175
20.625	-3.015476238315636
20.75	-3.2946260029727714
20.875	-3.543787070548107
21.0	-3.7594757375444816
21.125	-3.940853492411386
21.25	-4.0885691645891065
21.375	-4.201877337392108
21.5	-4.280267247244399
21.625	-4.3229479020332375
21.75	-4.329300925027841
21.875	-4.2965475235727455
22.0	-4.223797373144042
22.125	-4.111188281530184
22.25	-3.961819551393844
22.375	-3.7772455314489193
22.5	-3.561077642484655
22.625	-3.315949124410407
22.75	-3.0444966526393635
22.875	-2.748464267683583
23.0	-2.4303601043571152
23.125	-2.092084021074657
23.25	-1.736131947252748
23.375	-1.3650399493956633
23.5	-0.9836419960831108
23.625	-0.5974088488558752
23.75	-0.2126347239473965
23.875	0.1647667253047731
24.0	0.5295490433716256
24.125	0.877254038379522
24.25	1.2039256432165457
24.375	1.5065713534460246
24.5	1.7819991762987668
24.625	2.02855087484321
24.75	2.2451910437873948
24.875	2.432285205188105
25.0	2.590406888862511
25.125	2.720379540925891
25.25	2.8231530598461636
25.375	2.8989433451023383
25.5	2.948557001638179
25.625	2.9730247224807496
25.75	2.9745463256889497
25.875	2.95538075292417
26.0	2.9178379623891395
26.125	2.8632963864587118
26.25	2.7925391534098862
26.375	2.7069308374626115
26.5	2.608111940431778
26.625	2.497973911003353
26.75	2.3783658647221464
26.875	2.250786460055995
27.0	2.116103060741482
27.125	1.9746198449953138
27.25	1.828378388156725
27.375	1.6782631338140415
27.5	1.525686810518012
27.625	1.372100420080809
27.75	1.2181916454604618
27.875	1.063955127105922
28.0	0.9105367054770456
28.125	0.7590998486575168
28.25	0.6113414333665237
28.375	0.46847874393741135
28.5	0.3318615113204632
28.625	0.20251084868757274
28.75	0.07939467513065332
28.875	-0.03882207375800508
29.0	-0.15277934430268783
29.125	-0.26246937056829955
29.25	-0.36711231278043055
29.375	-0.46505203675417034
29.5	-0.5547495169032345
29.625	-0.634886253835352
29.75	-0.7059535991050235
29.875	-0.7681511749119065
30.0	-0.8228175731506453
30.125	-0.8707335923991419
30.25	-0.9124052147390969
30.375	-0.9475115292241723
30.5	-0.9762590209903039
30.625	-0.9989545507009323
30.75	-1.016564065912205
30.875	-1.030756224070565
31.0	-1.0444826960200468
31.125	-1.0612278711643577
31.25	-1.0845851230487205
31.375	-1.1173822116314427
31.5	-1.1616423245328371
31.625	-1.2173115339589333
31.75	-1.2839003335296433
31.875	-1.3606228004417602
32.0	-1.4464816955738107
32.125	-1.5401778412734999
32.25	-1.6400637026874174
32.375	-1.7448889408083645
32.5	-1.8523683552724794
32.625	-1.9595285045298076
32.75	-2.0644354376254914
32.875	-2.1648825545519452
33.0	-2.259296808555042
33.125	-2.3438784067908642
33.25	-2.4153266465939893
33.375	-2.469534710201344
33.5	-2.5015752716624196
33.625	-2.5076157561535997
33.75	-2.4837696199332235
33.875	-2.4275742900306363
34.0	-2.3373654367934753
34.125	-2.211867044009594
34.25	-2.0525912200622596
34.375	-1.861089363284122
34.5	-1.6400829500723821
34.625	-1.3921245983555046
34.75	-1.1180527641459441
34.875	-0.8204940331757994
35.0	-0.5010756269967286
35.125	-0.16268295968862942
35.25	0.1903877730828784
35.375	0.5528498504477258
35.5	0.9188147681045161
35.625	1.2834490157784177
35.75	1.6418042848198737
35.875	1.9903862601531308
36.0	2.3267693890338674
36.125	2.647101338923519
36.25	2.9471318948746514
36.375	3.2212659572259006
36.5	3.465529242540229
36.625	3.6764701301727896
36.75	3.8529749408704856
36.875	3.993643397494632
37.0	4.096264300903477
37.125	4.157748476163118
37.25	4.175479583271052
37.375	4.148322028014724
37.5	4.077328276885189
37.625	3.96642115121648
37.75	3.8205935255775483
37.875	3.6444225226554585
38.0	3.440729653454421
38.125	3.21037429271786
38.25	2.954105105852897
38.375	2.671863592980387
38.5	2.3653858639884557
38.625	2.0369727342445816
38.75	1.6896913621091039
38.875	1.3260699177151103
39.0	0.9494223999379863
39.125	0.5640378328425711
39.25	0.1757298765019484
39.375	-0.20953250777782806
39.5	-0.5856170422077196
39.625	-0.9475738513763123
39.75	-1.292995384807778
39.875	-1.6205316776462044
40.0	-1.9302892035517663
40.125	-2.2213232652621593
40.25	-2.489657312883039
40.375	-2.7318743949890916
40.5	-2.9420746896615153
40.625	-3.1172601599412326
40.75	-3.253869140539958
40.875	-3.3524327815492523
41.0	-3.414659723051069
41.125	-3.4410758970097595
41.25	-3.433720652322773
41.375	-3.3971607679871876
41.5	-3.33170171310828
41.625	-3.2387541564316416
41.75	-3.1180839324128717
41.875	-2.978052447671164
42.0	-2.8170035374170928
42.125	-2.639241586820573
42.25	-2.4468709689974983
42.375	-2.24660606967054
42.5	-2.0385046961264104
42.625	-1.8270167766060732
42.75	-1.617063328563882
42.875	-1.4096691721238888
43.0	-1.2097491206851898
43.125	-1.017684029094866
43.25	-0.837393754203317
43.375	-0.6685325865010175
43.5	-0.5108963736176213
43.625	-0.36485465975260434
43.75	-0.22839541314131584
43.875	-0.09990494858659753
44.0	0.023484338610819628
44.125	0.1450226059703462
44.25	0.2669381862240682
44.375	0.3920554618061156
44.5	0.5221827160398571
44.625	0.6594182451805088
44.75	0.8045282875687577
44.875	0.9576458447312161
45.0	1.1187672310594825
45.125	1.286147981283598
45.25	1.4574045199449601
45.375	1.6293848255430141
45.5	1.7992286410200433
45.625	1.9640024845385164
45.75	2.12156175122534
45.875	2.2712385520754355
46.0	2.4125393807902955
46.125	2.5442539345437103
46.25	2.6636837409451584
46.375	2.7672284331958528
46.5	2.850803444226553
46.625	2.910255574676962
46.75	2.9421184611213316
46.875	2.9433610146978015
47.0	2.9124746638372896
47.125	2.8480205392977926
47.25	2.749822385568452
47.375	2.6184917626043602
47.5	2.454651265119027
47.625	2.258897864058062
47.75	2.031434759726384
47.875	1.7735429217812273
48.0	1.4861322109850945
48.125	1.170870760828381
48.25	0.8325374903148127
48.375	0.4766721289130086
48.5	0.11044961512236504
48.625	-0.2588250622177815
48.75	-0.6226446180152952
48.875	-0.9746040652210783
49.0	-1.3102992906388715
49.125	-1.6256176254021977
49.25	-1.9185582389339297
49.375	-2.1871965479374254
49.5	-2.4289503033232367
49.625	-2.641845371367483
49.75	-2.823420425500378
49.875	-2.9721510687134973
50.0	-3.0859834597397233
50.125	-3.1650022384429692
50.25	-3.209873054058176
50.375	-3.2214878684156223
50.5	-3.201560178963961
50.625	-3.151240711939989
50.75	-3.0712077207831356
50.875	-2.9631527897159553
51.0	-2.8284055108306227
51.125	-2.6694247802541384
51.25	-2.4885478737163322
51.375	-2.2884883809323084
51.5	-2.07185219470141
51.625	-1.8422707425436082
51.75	-1.6027890167402712
51.875	-1.3567244832421668
52.0	-1.1073453392146442
52.125	-0.8576558444059599
52.25	-0.6098447360276633
52.375	-0.36490667671848065
52.5	-0.12368993708613975
52.625	0.11367072215159567
52.75	0.34831354449091545
52.875	0.5805496822654462
53.0	0.8107615094969546
53.125	1.0382006359879326
53.25	1.2621259428835638
53.375	1.4811002262938153
53.5	1.693116141376904
53.625	1.8969270432861098
53.75	2.090805755312703
53.875	2.2734629228723677
54.0	2.4438676839950015
54.125	2.600431415394741
54.25	2.7424304712979586
54.375	2.867709310073345
54.5	2.9747970731402305
54.625	3.062017792859416
54.75	3.1267847750084683
54.875	3.169078406235385
55.0	3.1858927256200937
55.125	3.1775991360997256
55.25	3.142264930462602
55.375	3.0810562839017184
55.5	2.992366207524173
55.625	2.8789514110308776
55.75	2.7419769019726536
55.875	2.584095495512479
56.0	2.4029903762844107
56.125	2.2028977630584183
56.25	1.986366618789001
56.375	1.7531108554799426
56.5	1.5058529440384385
56.625	1.2446886261441996
56.75	0.9724542021032958
56.875	0.6916545063773419
57.0	0.40443409965144267
57.125	0.11137362090155602
57.25	-0.18559336797106854
57.375	-0.4848067036135568
57.5	-0.7841570703222115
57.625	-1.0823402847643309
57.75	-1.3786422738461048
57.875	-1.6720600993014731
58.0	-1.9621352559202005
58.125	-2.2477647604436855
58.25	-2.52811879572628
58.375	-2.802962599603471
58.5	-3.07070040124345
58.625	-3.328848113444786
58.75	-3.5723317318771515
58.875	-3.7966065311635417
59.0	-3.997285006611853
59.125	-4.172331909936883
59.25	-4.321557354097454
59.375	-4.44600350582517
59.5	-4.546811650632803
59.625	-4.622721182932753
59.75	-4.669429733729183
59.875	-4.680633754157071
60.0	-4.648483037615089
60.125	-4.566249352172121
60.25	-4.429254808539022
60.375	-4.2369011882446665
60.5	-3.993057304405048
60.625	-3.705164579575819
60.75	-3.381234637059435
60.875	-3.0286477962187504
61.0	-2.649541936047252
61.125	-2.243372184771071
61.25	-1.8055092121715979
61.375	-1.333064712809769
61.5	-0.8275234362107187
61.625	-0.2961796834897457
61.75	0.24766442959314322
61.875	0.7884740445707019
62.0	1.3127173708612452
62.125	1.8105993952268316
62.25	2.2792751470281667
62.375	2.719434848265503
62.5	3.134663304438078
62.625	3.5271745188307695
62.75	3.8960793192826366
62.875	4.2366439381473775
63.0	4.541648193288633
63.125	4.800601946512951
63.25	5.004126741330817
63.375	5.146169506134659
63.5	5.224472993899232
63.625	5.243241554048367
63.75	5.209677014898649
63.875	5.133198788790568
64.0	5.022378836222715
64.125	4.881305118464882
64.25	4.712909818914533
64.375	4.516314205415211
64.5	4.291782755902331
64.625	4.041063412650429
64.75	3.767883611433955
64.875	3.47595375911126
65.0	3.1687899793652967
65.125	2.8501228733111086
65.25	2.5224908887255064
65.375	2.1876157725405556
65.5	1.8487951782652616
65.625	1.5088432459830772
65.75	1.1713972157188137
65.875	0.8383903783531494
66.0	0.5122547433175514
66.125	0.1943156237420043
66.25	-0.11434839270631253
66.375	-0.4122862492146381
66.5	-0.6977536613506999
66.625	-0.9686655775024954
66.75	-1.2235288132434383
66.875	-1.4618297784614396
67.0	-1.6828832081234042
67.125	-1.8870515815651168
67.25	-2.0746641335554408
67.375	-2.2469259444948535
67.5	-2.4049190599825154
67.625	-2.5504041943739053
67.75	-2.684599012280684
67.875	-2.80824132385452
68.0	-2.919818820035513
68.125	-3.017383576929832
68.25	-3.0978025885816973
68.375	-3.1591619112578244
68.5	-3.200521005857043
68.625	-3.2225532783643005
68.75	-3.2260852097843613
68.875	-3.212624525218705
69.0	-3.1833177539331516
69.125	-3.140238035530836
69.25	-3.084637041330206
69.375	-3.0187182145252
69.5	-2.943803796066551
69.625	-2.862105044431981
69.75	-2.77438282231895
69.875	-2.6817263237062545
70.0	-2.5832560891675302
70.125	-2.4789940467559752
70.25	-2.3665436654175047
70.375	-2.2450819967854923
70.5	-2.113003058817646
70.625	-1.96948193252602
70.75	-1.815151857571735
70.875	-1.6506347312938205
71.0	-1.4776625432400705
71.125	-1.298905747387197
71.25	-1.1171208455285826
71.375	-0.9341054596040449
71.5	-0.7513594921793123
71.625	-0.5701672713980973
71.75	-0.38945702817489286
71.875	-0.20916434656413208
72.0	-0.027504398639747622
72.125	0.15605299706086354
72.25	0.3424043270078267
72.375	0.5308363364269266
72.5	0.719360201416575
72.625	0.9058870782314753
72.75	1.0871625917883307
72.875	1.2615620638136078
73.0	1.4279418972724691
73.125	1.5861559050902279
73.25	1.7358565770331738
73.375	1.8768012894842003
73.5	2.008721107582428
73.625	2.131809125522961
73.75	2.246581407767963
73.875	2.353377101836196
74.0	2.4518052490714335
74.125	2.5407944231992206
74.25	2.6195622096191076
74.375	2.687224723148861
74.5	2.743257630839981
74.625	2.7876676134647873
74.75	2.8205505253596788
74.875	2.8417428736325907
75.0	2.850697622394772
75.125	2.845738654525087
75.25	2.825038022051802
75.375	2.7873854232335167
75.5	2.7328116125080357
75.625	2.6616860310139163
75.75	2.5748485168819135
75.875	2.4717343895640678
76.0	2.352382818876644
76.125	2.2168390491899324
76.25	2.0675443080273297
76.375	1.9077141948445107
76.5	1.740150323960912
76.625	1.568326629952145
76.75	1.3936044437186812
76.875	1.2161884163497887
77.0	1.0381966471441293
77.125	0.8607633901173269
77.25	0.6833261490706853
77.375	0.5080499276262768
77.5	0.33488264337362394
77.625	0.1647864665604733
77.75	0.0006968216953349775
77.875	-0.16100898686266185
78.0	-0.3202143693165946
78.125	-0.4775284448976802
78.25	-0.6286816198680651
78.375	-0.7746079047670495
78.5	-0.9132368074810315
78.625	-1.045338795047195
78.75	-1.16820273426307
78.875	-1.283908550737382
79.0	-1.3913569256080471
79.125	-1.492909971450392
79.25	-1.5888053232328332
79.375	-1.6796026256730503
79.5	-1.7653351762454583
79.625	-1.846328595267947
79.75	-1.9237054780018636
79.875	-1.998996610943598
80.0	-2.0738832465612864
80.125	-2.149789835756079
80.25	-2.2274378528714034
80.375	-2.3055661511126253
80.5	-2.3832350482642934
80.625	-2.459553714604233
80.75	-2.531369465999659
80.875	-2.5972580872096542
81.0	-2.655960273272323
81.125	-2.706288615781721
81.25	-2.747008380259312
81.375	-2.7765589414981005
81.5	-2.79325457866711
81.625	-2.7950981777269948
81.75	-2.7790256420428983
81.875	-2.742756620815396
82.0	-2.6841776466344536
82.125	-2.6018560278357863
82.25	-2.494723823645329
82.375	-2.363555171983977
82.5	-2.2101506164108162
82.625	-2.0366783735982192
82.75	-1.8450429602730212
82.875	-1.6380801693542177
83.0	-1.4178885488205388
83.125	-1.1855183025830873
83.25	-0.9417845302857865
83.375	-0.6876018846649385
83.5	-0.42400716604533817
83.625	-0.15247946647124674
83.75	0.12467607109775487
83.875	0.4042108810595578
84.0	0.6832244070126594
84.125	0.9597429437386136
84.25	1.2325941796885513
84.375	1.5001367404148498
84.5	1.7615266928779083
84.625	2.0143477067128783
84.75	2.2548155291696212
84.875	2.478391931858299
85.0	2.680492666068979
85.125	2.859145874856308
85.25	3.0137354440928363
85.375	3.14569986503931
85.5	3.257575507890205
85.625	3.3499866101393376
85.75	3.422151024449634
85.875	3.471709616412719
86.0	3.4964951610598094
86.125	3.4962600463939704
86.25	3.472052029238224
86.375	3.4272623840565086
86.5	3.3646963158969596
86.625	3.285305072318964
86.75	3.1887306589405604
86.875	3.072886615379329
87.0	2.9367700677794004
87.125	2.780962637695892
87.25	2.6083878715569773
87.375	2.4235516539546156
87.5	2.2295670567131705
87.625	2.0282929287693214
87.75	1.8195802971125914
87.875	1.6026932019868563
88.0	1.3770879626346963
88.125	1.14354080557178
88.25	0.9047715516576018
88.375	0.6646140663820996
88.5	0.42630484657074164
88.625	0.1919227959416969
88.75	-0.037755803383528574
88.875	-0.26285579223271965
89.0	-0.48417281745276114
89.125	-0.7023490443403075
89.25	-0.9176226502963187
89.375	-1.1291520629093086
89.5	-1.3362275634713043
89.625	-1.5380451294497444
89.75	-1.7343669481404458
89.875	-1.9248472653214461
90.0	-2.1096374716759394
90.125	-2.2882445688931985
90.25	-2.4594380646222063
90.375	-2.6211781535939696
90.5	-2.771716845808274
90.625	-2.909114666630069
90.75	-3.031300675295313
90.875	-3.1378836070747065
91.0	-3.2293859978177015
91.125	-3.3056976766248867
91.25	-3.3679236825804626
91.375	-3.413553809096334
91.5	-3.440174298373538
91.625	-3.4440857855867764
91.75	-3.421152974767745
91.875	-3.3696077674445197
92.0	-3.2869141774459947
92.125	-3.1734304061310423
92.25	-3.0297191462667374
92.375	-2.856498207410367
92.5	-2.653389082497877
92.625	-2.4203634784904593
92.75	-2.158033403572246
92.875	-1.8690329859626273
93.0	-1.5560939616575864
93.125	-1.2236801419361494
93.25	-0.8771743573455022
93.375	-0.5214910324960753
93.5	-0.16092250946786238
93.625	0.20030943668231546
93.75	0.5574053832741164
93.875	0.9057317357103841
94.0	1.2409352890195235
94.125	1.5590824379152988
94.25	1.8577362040229433
94.375	2.1359890580244554
94.5	2.393276829949663
94.625	2.6281009365529653
94.75	2.8387688777882865
94.875	3.022441595270857
95.0	3.1768693391956493
95.125	3.299851100720001
95.25	3.3907982624999113
95.375	3.45038359713419
95.5	3.480035040716921
95.625	3.481386153466171
95.75	3.4549826936303254
95.875	3.3999693281404335
96.0	3.314999794974556
96.125	3.198784420884033
96.25	3.0515458475326853
96.375	2.874611742875233
96.5	2.6709835338713788
96.625	2.4439060858234525
96.75	2.196919191541924
96.875	1.9316949537272377
97.0	1.6486566573531378
97.125	1.3473586736117582
97.25	1.0275694878311064
97.375	0.6908883520559057
97.5	0.3412428473696727
97.625	-0.014251438422605709
97.75	-0.36760064624940864
97.875	-0.7106561513888873
98.0	-1.0374937106317303
98.125	-1.3433082156587044
98.25	-1.6255985574189291
98.375	-1.8830634874980108
98.5	-2.115229560598049
98.625	-2.3211083198830282
98.75	-2.4983798784897604
98.875	-2.6431228377533387
99.0	-2.7517741238266966
99.125	-2.8189637462219133
99.25	-2.8420884723458357
99.375	-2.8215384275779205
99.5	-2.7578148428074956
99.625	-2.6544922537265476
99.75	-2.513438915894819
99.875	-2.3391335674872065
100.0	-2.134019427540855
100.125	-1.9014846915056463
100.25	-1.644448803401661
100.375	-1.3652974448885526
100.5	-1.0692716264517068
100.625	-0.7627234551083902
100.75	-0.45390243071932046
100.875	-0.15134005052339744
101.0	0.13632938414362977
101.125	0.4011675083677106
101.25	0.6376531510260265
101.375	0.8416435397661272
101.5	1.0114949159257889
101.625	1.147403702681016
101.75	1.2507803096823404
101.875	1.3224511863286008
102.0	1.3632977263052248
102.125	1.3739055901334432
102.25	1.3557394625027581
102.375	1.3105562694885176
102.5	1.2414119619627222
102.625	1.1522152428499417
102.75	1.0469361928304053
102.875	0.9296885083976257
103.0	0.8037865907591906
103.125	0.671478227176469
103.25	0.5348905499557955
103.375	0.39609917217335755
103.5	0.258175995429849
103.625	0.12365605381676159
103.75	-0.004763562877136377
103.875	-0.12367266173122966
104.0	-0.2307183285903992
104.125	-0.3235003590722193
104.25	-0.40046764199118107
104.375	-0.46007420366773916
104.5	-0.5025314810248934
104.625	-0.5285405523386674
104.75	-0.5400422114685773
104.875	-0.5387079769693728
105.0	-0.5278835140437275
105.125	-0.5089751483646902
105.25	-0.48448783120833994
105.375	-0.4551539035946399
105.5	-0.4208641461818396
105.625	-0.38179090054533005
105.75	-0.3375718701600966
105.875	-0.2873307947058495
106.0	-0.22977945150873977
106.125	-0.16546269940505048
106.25	-0.09448153019851348
106.375	-0.018377068044027316
106.5	0.06071498655742508
106.625	0.14187362360219466
106.75	0.22193724693168612
106.875	0.30092972344103874
107.0	0.3765949904023782
107.125	0.44835611772524925
107.25	0.5155622682479666
107.375	0.5770609444584158
107.5	0.6312185978757678
107.625	0.6766316671702379
107.75	0.7117733162320103
107.875	0.7355011133466064
108.0	0.7464917226064078
108.125	0.7452960305710076
108.25	0.732476833315013
108.375	0.7088023337290753
108.5	0.6761155061411743
108.625	0.6356960271422889
108.75	0.5892699503228499
108.875	0.5377614349230906
109.0	0.483084017560504
109.125	0.4265963060352913
109.25	0.36987804515050643
109.375	0.3141775993523787
109.5	0.25998235312579865
109.625	0.207004293547479
109.75	0.15496461738463296
109.875	0.10309312977061678
110.0	0.05110233046411538
110.125	-0.0015142931149411917
110.25	-0.05447804690966719
110.375	-0.10784693777561441
110.5	-0.1607277434116892
110.625	-0.21188870114870897
110.75	-0.2594983318436704
110.875	-0.30211444253961006
111.0	-0.3386994146268849
111.125	-0.3694967446904704
111.25	-0.3949080654366344
111.375	-0.4147698303620056
111.5	-0.4303608581787241
111.625	-0.4427766402379617
111.75	-0.45144755108123424
111.875	-0.45572582138966977
112.0	-0.4581173445366656
112.125	-0.4594876453305939
112.25	-0.45957200362513967
112.375	-0.4572464306886777
112.5	-0.456073686221195
112.625	-0.4532968241663922
112.75	-0.44967723714261687
112.875	-0.4505023786516032
113.0	-0.45100589940222796
113.125	-0.4491844465076018
113.25	-0.44418722725566046
113.375	-0.4368672295951552
113.5	-0.42778125456397087
113.625	-0.4191612956694525
113.75	-0.40802181650594066
113.875	-0.3955694185710871
114.0	-0.3823973014519611
114.125	-0.3677183355565494
114.25	-0.35228646282403375
114.375	-0.3353102524578355
114.5	-0.32004784064931047
114.625	-0.30890074390932853
114.75	-0.3032706838693115
114.875	-0.30416925857861427
115.0	-0.3109639502175205
115.125	-0.3232428774636021
115.25	-0.3408469480827382
115.375	-0.36294793855557617
115.5	-0.3896354130935919
115.625	-0.41892322753518074
115.75	-0.4488455831371856
115.875	-0.47771727683948617
116.0	-0.5047930815322579
116.125	-0.5300305378815463
116.25	-0.5533358954666406
116.375	-0.5738457357097393
116.5	-0.5900835840667936
116.625	-0.5996458077301992
116.75	-0.6007016287529946
116.875	-0.5922057730119783
117.0	-0.5736777870846481
117.125	-0.5456239001560054
117.25	-0.5077334938364761
117.375	-0.45969914689400937
117.5	-0.40059546239653293
117.625	-0.3299662663204319
117.75	-0.24761658859517485
117.875	-0.15408632022167673
118.0	-0.04991330025107419
118.125	0.06434048497493682
118.25	0.18924635735812986
118.375	0.3236704397139919
118.5	0.4666728427386444
118.625	0.616997116668146
118.75	0.7742727438810914
118.875	0.9370045032881809
119.0	1.1046012598127477
119.125	1.2755984264008153
119.25	1.4498924981264554
119.375	1.6227659140079724
119.5	1.7908033784460464
119.625	1.9510688052721599
119.75	2.1002210004366892
119.875	2.2356865808504636
120.0	2.3556532784424324
120.125	2.4584448819469182
120.25	2.544139650974676
120.375	2.608203288308696
120.5	2.650005598986571
120.625	2.6660376612804844
120.75	2.652569121636305
120.875	2.6072776284313193
121.0	2.528067482704172
121.125	2.415947893516666
121.25	2.272752746793842
121.375	2.101223571646065
121.5	1.9048215504550623
121.625	1.6856748555732557
121.75	1.4474492266535157
121.875	1.1908552016967024
122.0	0.917813803885979
122.125	0.6304038242679595
122.25	0.33154460573937683
122.375	0.02506326873879073
