0.0	0.021955744795929173	0.0
0.007827788649706457	0.05066014874924448	0.5735405114120491
0.015655577299412915	0.05046243576514098	0.8888462010103396
0.023483365949119372	0.06827805540349002	1.222725456470049
0.03131115459882583	0.07357664467873615	1.5785395769583044
0.03913894324853229	0.09029943846718443	1.8507035290667253
0.046966731898238745	0.10378725986190071	2.0909218722316014
0.0547945205479452	0.13032373939870753	2.407366897000004
0.06262230919765166	0.13667401493199952	2.8306059804192043
0.07045009784735812	0.2532910944043177	-2.569124813251155
0.07827788649706457	0.16518877196686055	0.785083534564012
0.08610567514677103	1.1749592685904648	-2.5137577603026413
0.09393346379647749	0.4345759273897095	-0.7777530257695449
0.10176125244618395	1.8507868466811905	2.1293199498198656
0.1095890410958904	1.0846439133757066	-0.20003270187166386
0.11741682974559686	0.6185659846599565	-1.5540160124911009
0.12524461839530332	0.8821998380622065	0.5968352068931678
0.13307240704500978	0.4656281987760587	-2.384305396495069
0.14090019569471623	0.3221560062843563	-2.3914139304371016
0.1487279843444227	0.09876191646941808	2.657518587130552
0.15655577299412915	0.6030482207100801	0.9745450981607009
0.1643835616438356	0.11541879639017294	1.4941149979596333
0.17221135029354206	0.2528603484725612	3.088708550276155
0.18003913894324852	0.31392843509442514	-3.09097112433337
0.18786692759295498	0.3163943005774685	0.7747148117961512
0.19569471624266144	0.08001822490583817	2.575314166065973
0.2035225048923679	0.18098987519295767	2.020986027388142
0.21135029354207435	0.1096021137098361	-0.16689440205857262
0.2191780821917808	0.07060060333553662	-1.1298065557611594
0.22700587084148727	0.07310533144375919	-0.9683209234044652
0.23483365949119372	0.08160484787435245	0.23193864463704528
0.24266144814090018	0.021146142438578056	-1.9036451669114198
0.25048923679060664	0.0566798227259642	0.25255617970138233
0.2583170254403131	0.08929234531851804	-0.9152715245285712
0.26614481409001955	0.04190731164884768	1.1264445145111834
0.273972602739726	0.07474100832486984	0.7238954440559769
0.28180039138943247	0.01432695886756375	0.7151274526153121
0.2896281800391389	0.04018783544691065	-0.3487557321662208
0.2974559686888454	0.03163289983606226	0.5268362375750995
0.30528375733855184	0.031411938972659655	0.8131814791276252
0.3131115459882583	0.013945270239061499	1.4843856060440477
0.32093933463796476	0.014604023708425713	1.3877943021419883
0.3287671232876712	0.010513137491562092	1.3855810972906513
0.33659491193737767	0.0056744768556577	2.0120962457763913
0.34442270058708413	0.0035472729449247085	1.392464616099828
0.3522504892367906	0.002803166663949187	-2.9949861968006073
0.36007827788649704	0.00491020426862623	-2.6586564005069744
0.3679060665362035	0.009072518020397763	-2.4279555307489478
0.37573385518590996	0.011875080254357987	-1.3396438021211448
0.3835616438356164	0.006611046227977311	-0.8513334037457663
0.3913894324853229	0.0029265025203987507	-0.9379343427408489
0.39921722113502933	0.012953909393422147	-0.23144293468635735
0.4070450097847358	0.011236925712187245	-0.21818651505146444
0.41487279843444225	0.01301870561119458	-0.3305694956281377
0.4227005870841487	0.009236369217325166	-0.44441446590883055
0.43052837573385516	0.004493812070562912	-0.6543937040825932
0.4383561643835616	0.012774488388422609	0.00720694530754417
0.4461839530332681	0.013718275570384396	0.18670702150413535
0.45401174168297453	0.01028639267313393	0.8148279706939012
0.461839530332681	0.010617225141944757	0.2686371937804007
0.46966731898238745	0.004546577347297458	1.573100470524492
0.4774951076320939	0.004882115127010938	1.0113875165707071
0.48532289628180036	0.007028224216071133	1.16392876672845
0.4931506849315068	0.00431738490918153	1.2133871914048662
0.5009784735812133	0.008760532746759031	1.7432620424334162
0.5088062622309197	0.0010059505432715979	-2.779642937322258
0.5166340508806262	0.0028794950965030076	1.2419587638825933
0.5244618395303327	0.0012210590596878625	-2.760681547708621
0.5322896281800391	0.0029941152152447408	2.237368576245368
0.5401174168297456	0.0015188346744739079	-2.584871727146938
0.547945205479452	0.0022600828102823695	-1.0031101369429702
0.5557729941291585	0.0031479417366510024	-1.015992520031323
0.5636007827788649	0.0029627682177930585	-0.5150098289399078
0.5714285714285714	0.003807608865993609	-0.5891088575188783
0.5792563600782779	0.005428162857968714	-0.5947066264094867
0.5870841487279843	0.002862551611964245	-0.6199653386072679
0.5949119373776908	0.0037679167920802985	-0.25642318860627117
0.6027397260273972	0.006174944756627789	0.006563076225564517
0.6105675146771037	0.004438264087589281	0.3149486898296823
0.6183953033268101	0.006855432848731721	0.27274371720379625
0.6262230919765166	0.004561204686186028	0.52492827248955
0.6340508806262231	0.0032922196140595266	0.4099542574762508
0.6418786692759295	0.0036451213310706014	0.9643239017542796
0.649706457925636	0.0035179276225402022	0.36774359477449
0.6575342465753424	0.0038010749364241515	1.4606782593617507
0.6653620352250489	0.001956474621568213	0.9976289272962406
0.6731898238747553	0.0026930700328122036	1.3725556935243428
0.6810176125244618	0.0007134935423028911	2.19026956262352
0.6888454011741683	0.0034763005031371837	2.08447811384302
0.6966731898238747	0.00033218548772075574	0.6970087342548297
0.7045009784735812	0.0007847773789593874	2.1579140725254398
0.7123287671232876	0.0016092517852507261	-1.0831810757454452
0.7201565557729941	0.0026532891494530212	2.871270036888132
0.7279843444227005	0.0026358923285501714	-0.6011161205829908
0.735812133072407	0.002351735232505886	-2.4266203474210597
0.7436399217221135	0.002644899996882235	-0.3206400837519042
0.7514677103718199	0.0012224993858174968	-0.005682290412764442
0.7592954990215264	0.003265001709839731	-0.22248940061866546
0.7671232876712328	0.0006297243705217267	-1.215825022630245
0.7749510763209393	0.004505987904893427	-0.1540622756049284
0.7827788649706457	0.0017766511766646206	0.040169645750121656
0.7906066536203522	0.004498127905974274	0.4495549164850066
0.7984344422700587	0.0011916413871939236	0.3236603247042612
0.8062622309197651	0.0029315356829243337	0.46873654179421975
0.8140900195694716	0.0016766903825619708	0.20305002563445285
0.821917808219178	0.004274075132844669	1.0775910985051138
0.8297455968688845	0.0014420411870333075	1.1976088626739763
0.837573385518591	0.0026983545863022737	1.0933593629726863
0.8454011741682974	0.0008707847342582471	0.92337034894431
0.8532289628180039	0.002932892761819206	1.413472165236177
0.8610567514677103	0.0008266797635584033	2.5238172130017067
0.8688845401174168	0.002214259074519227	2.292479595303089
0.8767123287671232	0.0006572689737068042	-1.7393098708119359
0.8845401174168297	0.001171586945832185	2.187190053523399
0.8923679060665362	0.0005017351746385653	-2.268626358820842
0.9001956947162426	0.00017917079266778024	-1.0802316686784141
0.9080234833659491	0.0013031979058559964	-1.007005381618826
0.9158512720156555	0.0005392964680499171	-1.3202727288257718
0.923679060665362	0.0018318861012332074	-0.5071906334093959
0.9315068493150684	0.0012174824952017234	-0.1688402852822065
0.9393346379647749	0.0019099976028754335	-0.4949982049305672
0.9471624266144814	0.0017390983034298664	-0.17107418707364577
0.9549902152641878	0.0020193185046919844	0.2815484759642548
0.9628180039138943	0.0016226050569742303	0.4008555340064683
0.9706457925636007	0.0022597595137747984	0.2780298631784956
0.9784735812133072	0.002402339474245199	0.5367732548639678
0.9863013698630136	0.002037431018223859	0.9891500919836104
0.9941291585127201	0.0016060795469691666	0.6920941087312233
1.0019569471624266	0.0017397864394498295	0.7881463884208227
1.009784735812133	0.0015888740396966042	1.4330928254116388
1.0176125244618395	0.001102398939524597	1.4763526934756066
1.025440313111546	0.0010000095260062876	1.401618347769333
1.0332681017612524	0.0009423628918154203	2.035823086693548
1.0410958904109588	0.0006697500245451168	2.1330551363022776
1.0489236790606653	0.000621051482376241	2.0811214977521235
1.0567514677103718	0.00045636427764644946	2.942158190234361
1.0645792563600782	0.00027768107449315714	-2.7165422996673096
1.0724070450097847	0.0002628818044380207	-0.8438767493885919
1.0802348336594911	0.0007738946417888062	-1.2789723048117227
1.0880626223091976	0.0007308189006453932	-1.179000604140503
1.095890410958904	0.0008921795013294353	-0.5109334558158001
1.1037181996086105	0.0010735912935568971	-0.3710215907911881
1.111545988258317	0.0010450385392666323	-0.6035249075946525
1.1193737769080234	0.0013784034344791842	0.0066005963238690004
1.1272015655577299	0.0012426118275695101	0.12491098861451927
1.1350293542074363	0.0012820714361955418	0.1243993597483169
1.1428571428571428	0.0012003744933095394	0.40459136320267197
1.1506849315068493	0.0013561654110614053	0.5669552492518046
1.1585127201565557	0.001101036568879534	0.6705328966286251
1.1663405088062622	0.0012198161548203474	0.8894544635437142
1.1741682974559686	0.001220127384813766	1.10037699007025
1.181996086105675	0.0012316280935782509	1.1564552794901777
1.1898238747553815	0.0008300987985444496	1.4301209053939938
1.197651663405088	0.0010063430681226402	1.6242630126019075
1.2054794520547945	0.000843785509801589	1.9424330671020849
1.213307240704501	0.0006624856327302025	1.8926251952835973
1.2211350293542074	0.0005392539408746389	2.596152199805574
1.2289628180039138	0.0003433558264264712	2.835295293867416
1.2367906066536203	0.00030063445731407933	-2.74458089840846
1.2446183953033267	0.00025443406124413536	-2.3052275940496387
1.2524461839530332	0.0002755937837782896	-1.4398004306971994
1.2602739726027397	0.00037641466744907544	-0.9843171266079215
1.2681017612524461	0.0005341905045442964	-0.7083476926423429
1.2759295499021526	0.0005888976576464818	-0.5193425545246657
1.283757338551859	0.0007398634064157256	-0.3528770319331728
1.2915851272015655	0.0008136119924384972	-0.11362697077157598
1.299412915851272	0.0009033310365022389	0.05586493734376624
1.3072407045009784	0.0009361316005576316	0.24228193207505141
1.3150684931506849	0.0009893023423237924	0.4025927871975018
1.3228962818003913	0.0009663126857047258	0.5750615723428907
1.3307240704500978	0.0010007710277045452	0.7644473342686873
1.3385518590998042	0.0009708884323816828	0.9044851586269015
1.3463796477495107	0.0009141185078765907	1.0560414930401738
1.3542074363992171	0.0008403205643883804	1.2379427449121436
1.3620352250489236	0.0008257205203708088	1.417363545207607
1.36986301369863	0.0007615873330170949	1.6026387087785043
1.3776908023483365	0.0006667577646888015	1.79710709257236
1.385518590998043	0.0005680088693874925	2.013735237090448
1.3933463796477494	0.00046203365657993207	2.2814463976710173
1.401174168297456	0.0003505068536795935	2.4942663074434774
1.4090019569471623	0.000257626148607306	3.0626145078334917
1.4168297455968688	0.0001923277208116797	-2.6315920503373196
1.4246575342465753	0.00019474116569744016	-1.803876768674251
1.4324853228962817	0.00024747338961194043	-1.1358192510203433
1.4403131115459882	0.0003435341665510796	-0.8495460568789469
1.4481409001956946	0.00038633127745463534	-0.5654591679744048
1.455968688845401	0.0005154385108456827	-0.42095898055159214
1.4637964774951076	0.0005701557689787879	-0.16516861016428774
1.471624266144814	0.0006331656711393985	0.019404523420366953
1.4794520547945205	0.0006956150767715621	0.19296467398981465
1.487279843444227	0.0007517639754145987	0.3760323277017082
1.4951076320939334	0.0007723098156296382	0.47705047038279996
1.5029354207436398	0.000812392740544231	0.7662043139676074
1.5107632093933463	0.000779815077547225	0.9162007386631726
1.5185909980430528	0.0007763089783310273	1.0894797803913394
1.5264187866927592	0.0007413443217108457	1.2823831985778624
1.5342465753424657	0.0006685887672391756	1.4387263718376728
1.5420743639921721	0.0006444859490124196	1.6096248251386511
1.5499021526418786	0.000539238816327797	1.8588912840454839
1.557729941291585	0.00046369113650802316	1.9318023075578383
1.5655577299412915	0.00039923195009498326	2.197460753264736
1.573385518590998	0.00032195138747749574	2.411079870150409
1.5812133072407044	0.00024994043425600055	2.7106618574114165
1.5890410958904109	0.00023705603966570982	-3.077816781470024
1.5968688845401173	0.00013901036206040462	-2.370816096637452
1.6046966731898238	0.00016412466095675	-1.6963519356280898
1.6125244618395302	0.00024822869724732446	-1.0877950516918227
1.6203522504892367	0.00029892378996734505	-0.7071037009706285
1.6281800391389432	0.0003720988265853185	-0.4207058843898808
1.6360078277886496	0.00045579022272414666	-0.24388383720844428
1.643835616438356	0.00048020283602279135	0.05394475967811579
1.6516634050880625	0.000558658470930335	0.20247224407823383
1.659491193737769	0.000561578650347907	0.4111565446641888
1.6673189823874754	0.0005894500735267887	0.5738538881029274
1.675146771037182	0.000608568520296077	0.7064593279644251
1.6829745596868884	0.0006364854475463779	0.8954915488578626
1.6908023483365948	0.0006051223795373174	1.0748128254365932
1.6986301369863013	0.000626143182768826	1.214270723524029
1.7064579256360077	0.0005791898664312014	1.3979838252664283
1.7142857142857142	0.000547883141332494	1.6107227895358973
1.7221135029354206	0.0005086496255531356	1.797038337146058
1.729941291585127	0.0004479794275739352	2.0249409922693253
1.7377690802348336	0.00038194995339098966	2.172776978758069
1.74559686888454	0.00032220413846002305	2.448820802842227
1.7534246575342465	0.00022893233140605212	2.696874661246404
1.761252446183953	0.00017836152639645584	3.0836104277374066
1.7690802348336594	0.00014403963241667103	-2.7553381404019217
1.7769080234833659	0.00012959215253272938	-1.827102918987985
1.7847358121330723	0.00013420644040538807	-1.4612619384088676
1.7925636007827788	0.00019442374364813116	-0.7971001156345567
1.8003913894324852	0.0002514930626196504	-0.4977357793958401
1.8082191780821917	0.0003098290891497298	-0.29674720588075343
1.8160469667318981	0.00037278880451851044	-0.07206484793610154
1.8238747553816046	0.00041318205677888086	0.17474510018988093
1.831702544031311	0.0004557281377365922	0.33074508806893194
1.8395303326810175	0.0005059484979052799	0.5658450627732895
1.847358121330724	0.0005177865827704049	0.708240302944871
1.8551859099804304	0.000521721081843946	0.8871457951809683
1.8630136986301369	0.0005225821442875947	1.0891676436793576
1.8708414872798433	0.0005007202037720552	1.2459310749328425
1.8786692759295498	0.0004979425896537808	1.4285181087405903
1.8864970645792563	0.00047251595549097287	1.613237788267729
1.8943248532289627	0.000432743178827532	1.750532610106631
1.9021526418786692	0.00039062911485322267	1.9301078178302442
1.9099804305283756	0.00034013612473422756	2.2185638734438644
1.917808219178082	0.00028664691160886597	2.3462986858145367
1.9256360078277885	0.00025087143701630927	2.669647546573181
1.933463796477495	0.00020791348228718843	2.8769272982302856
1.9412915851272015	0.00015940432761944032	-3.0288938847539004
1.949119373776908	0.0001173560703670203	-2.306852780348333
1.9569471624266144	0.00011914212767944543	-1.5098364847153898
1.9647749510763208	0.00014139666166377085	-1.0588619088677111
1.9726027397260273	0.00020120431992925826	-0.6745539133629718
1.9804305283757337	0.00022351096676821407	-0.2915418172405192
1.9882583170254402	0.00028291737069624555	-0.03907982710602225
1.9960861056751467	0.0003248049516950929	0.10575393539612489
2.003913894324853	0.00034205430267741373	0.3766999005270681
2.01174168297456	0.00038064112375334284	0.5089476293826404
2.019569471624266	0.00040705831328879635	0.6798532138643713
2.0273972602739727	0.0004053273299004704	0.8638610672579123
2.035225048923679	0.0004368236948836388	1.0482208969469626
2.0430528375733856	0.00044596551766206067	1.1730977528500408
2.050880626223092	0.00040759835695633174	1.4244140150778715
2.0587084148727985	0.00043005877586619413	1.5829394279583338
2.0665362035225048	0.00039361540475838717	1.7821071714525876
2.0743639921722115	0.0003716403807572217	2.005604281334902
2.0821917808219177	0.0003424795712085851	2.123016197197968
2.0900195694716244	0.0002740673083856661	2.3430511662697775
2.0978473581213306	0.00024249627440432736	2.612648459633397
2.1056751467710373	0.00020743183566067827	2.815540890565905
2.1135029354207435	0.00015910559406793763	-3.1267995802716717
2.12133072407045	0.00014096653103370666	-2.632733100916261
2.1291585127201564	8.427308299388363e-5	-2.2521464728843985
2.136986301369863	0.00010816923499725218	-1.3120662659286921
2.1448140900195694	0.00014454932400276714	-0.9830343162010028
2.152641878669276	0.00017944264557452996	-0.4189176389903119
2.1604696673189823	0.00022965874301846367	-0.1367475236730194
2.168297455968689	0.0002635231252857353	0.007641096113236627
2.176125244618395	0.00029889942313725927	0.2899374126361487
2.183953033268102	0.00032080764174174784	0.5068025626950035
2.191780821917808	0.0003381487954665785	0.6786536726844652
2.1996086105675148	0.0003503532233229534	0.9138322866902874
2.207436399217221	0.00036966720025504883	1.0478672453498097
2.2152641878669277	0.0003650306903106176	1.1990440952235293
2.223091976516634	0.0003811498397897047	1.4153031244235885
2.2309197651663406	0.0003606026973851732	1.5484047935494036
2.238747553816047	0.00034198825924523633	1.7483642538277935
2.2465753424657535	0.00033381415246384123	2.0336362169920212
2.2544031311154598	0.00031366639692718815	2.154416174293873
2.2622309197651664	0.0002659391784826446	2.3921114747518484
2.2700587084148727	0.0002465102087490568	2.6071224975399385
2.2778864970645794	0.0001873679802063541	2.798861965687903
2.2857142857142856	0.0001601251952843107	-3.107421366915491
2.2935420743639923	0.00012716774570830654	-2.923666188445746
2.3013698630136985	7.766284149634087e-5	-2.4044515457719333
2.309197651663405	9.877252322366654e-5	-1.7653758833879103
2.3170254403131114	0.00010582842933740652	-1.1757466938417858
2.324853228962818	0.00012180539708346514	-0.6577112977816397
2.3326810176125243	0.00017097429828122693	-0.3463955331109851
2.340508806262231	0.00018217466627588774	-0.057141162051107086
2.3483365949119372	0.00022296774678054733	0.27921688760808616
2.356164383561644	0.00026612953558637103	0.3983120473152391
2.36399217221135	0.0002860621090982408	0.682179764059
2.371819960861057	0.00030914698823054324	0.8519658415180579
2.379647749510763	0.0003186602780086565	1.038413116838306
2.3874755381604698	0.00030474584882801627	1.2440139630510154
2.395303326810176	0.0003191257673905991	1.4321678692352666
2.4031311154598827	0.00031962669128704583	1.5610760981458445
2.410958904109589	0.0003066274185344653	1.7686513397156511
2.4187866927592956	0.00031145551976692414	1.9057506096273733
2.426614481409002	0.0002787816296215716	2.1050171211573203
2.4344422700587085	0.0002688558759799357	2.374402608150349
2.4422700587084147	0.0002398586919191998	2.5001558953513396
2.4500978473581214	0.000208691190782503	2.848755325885403
2.4579256360078277	0.0001753816402510549	3.102809139122982
2.4657534246575343	0.00014580234952766785	-2.887183212208215
2.4735812133072406	0.0001100108403213237	-2.468006879032506
2.4814090019569472	8.92777236250399e-5	-1.9882654544317697
2.4892367906066535	8.146558891018915e-5	-1.492137095725028
2.49706457925636	0.00010614436038261503	-0.7872663199829351
2.5048923679060664	0.00011696916624000674	-0.45202119686870734
2.512720156555773	0.0001464444383164059	-0.15664148932226094
2.5205479452054793	0.0001766250965873653	0.14308963043832335
2.528375733855186	0.00020657957126306482	0.3349004060161612
2.5362035225048922	0.00023329834678861052	0.5769040789161323
2.544031311154599	0.00025877766458206366	0.8296876039994455
2.551859099804305	0.0002711127014134804	1.0035748003606806
2.559686888454012	0.00028948010923366237	1.2613466894497962
2.567514677103718	0.0002882243255801821	1.3969039264201495
2.5753424657534247	0.00028551061192295214	1.6120831815559593
2.583170254403131	0.0002865973283134205	1.7868568264337996
2.5909980430528377	0.00026666948751382144	1.9780067172543132
2.598825831702544	0.0002602930593033875	2.156993220719965
2.6066536203522506	0.00024049679969589567	2.355144621845876
2.614481409001957	0.00022395969126878706	2.522881969920346
2.6223091976516635	0.00020498968715274092	2.749635770213948
2.6301369863013697	0.00018240649525050654	3.006205056572185
2.6379647749510764	0.00014999778733499187	-3.062959578684539
2.6457925636007826	0.00013586903009940373	-2.6359723554313566
2.6536203522504893	0.00010612422035651232	-2.2132994363444394
2.6614481409001955	9.309868572069494e-5	-1.7423486329563553
2.6692759295499022	9.745972897816916e-5	-1.1306678245761164
2.6771037181996085	0.00010475013437325849	-0.5816225939581375
2.684931506849315	0.00011640836291851071	-0.21860182692235822
2.6927592954990214	0.0001480356689912494	0.07907582670155107
2.700587084148728	0.0001574335453637414	0.3841172552003919
2.7084148727984343	0.00019125360313979294	0.5688117291168823
2.716242661448141	0.0002090057546415271	0.7879098765475877
2.724070450097847	0.00022570571773246006	1.0099844774982787
2.731898238747554	0.00023961593032199489	1.1747160551620721
2.73972602739726	0.00025471637292239576	1.389526026123136
2.747553816046967	0.0002593122184305195	1.5822605655261908
2.755381604696673	0.0002636820189193238	1.7750606112274674
2.7632093933463797	0.0002601870681569849	1.971272551689116
2.771037181996086	0.00024767761981286105	2.195715251963084
2.7788649706457926	0.0002395152126853432	2.3651158642701824
2.786692759295499	0.0002099412411333311	2.6060851688937254
2.7945205479452055	0.00019503354073255907	2.7800610263296877
2.802348336594912	0.00017246385396546104	3.0199075460886813
2.8101761252446185	0.00015038733453897208	-3.039877570272469
2.8180039138943247	0.00012784981499811698	-2.8016949004942373
2.8258317025440314	0.0001120257214764028	-2.469232212955985
2.8336594911937376	9.211835101193469e-5	-2.0146322615449073
2.8414872798434443	9.014895452275109e-5	-1.5638362221952136
2.8493150684931505	8.721189790650875e-5	-0.8812466805896694
2.857142857142857	9.972219327203011e-5	-0.49154714434351854
2.8649706457925634	0.0001191018208038942	-0.08310274883526579
2.87279843444227	0.00014246798691414697	0.2589325025405747
2.8806262230919764	0.0001583165468781427	0.5275452114187271
2.888454011741683	0.00017988059261838489	0.7914939384493666
2.8962818003913893	0.00019511034477548943	1.0309235752208583
2.904109589041096	0.00020989989847178454	1.1991876971365798
2.911937377690802	0.0002151456717942241	1.4164310776291495
2.919765166340509	0.00022474002944892005	1.5988976383477498
2.927592954990215	0.00022292408240331962	1.7245978386803718
2.935420743639922	0.00023441882106717813	1.9616390470606526
2.943248532289628	0.00021655471034375112	2.1199391666505756
2.9510763209393347	0.0002268221070213233	2.3403219330823055
2.958904109589041	0.0002221363351712547	2.555954230893392
2.9667318982387476	0.00020185927186414318	2.7822440332689182
2.974559686888454	0.00018427348136262133	2.981634528833058
2.9823874755381605	0.0001631073718262705	-2.9925592244002956
2.9902152641878668	0.00013173144905393607	-2.8602373899976743
2.9980430528375734	0.00012666008320909853	-2.4483860993369406
3.0058708414872797	0.00010140899214574145	-2.0941625242820834
3.0136986301369864	8.053128884671931e-5	-1.7377546325000277
3.0215264187866926	8.231504920118202e-5	-1.2860315153352309
3.0293542074363993	7.906246617080238e-5	-0.7536718050478061
3.0371819960861055	9.144360378069121e-5	-0.23491864364333756
3.045009784735812	0.00011064843316843529	0.07671756672456605
3.0528375733855184	0.00012626361940092657	0.37440093690099674
3.060665362035225	0.00015032900514307319	0.6675082617172972
3.0684931506849313	0.00017750679895340663	0.8899232261920798
3.076320939334638	0.0001859084071971282	1.17305304587859
3.0841487279843443	0.0002078932983200484	1.325407503753628
3.091976516634051	0.00020756668394779115	1.5923508687051529
3.099804305283757	0.0002191918629099851	1.8443655865251434
3.107632093933464	0.00021522719703731086	2.008476880837386
3.11545988258317	0.00021909285636484692	2.182549785235985
3.1232876712328768	0.00020275032811957298	2.3983571719151495
3.131115459882583	0.00021604986249427352	2.5660984212044875
3.1389432485322897	0.00018242673507000936	2.7736403209694327
3.146771037181996	0.00017831487280308586	3.022373800193425
3.1545988258317026	0.00015981028352388458	-3.1002416259892387
3.162426614481409	0.00014749424336858624	-2.808075016097284
3.1702544031311155	0.00012761734691972418	-2.5372832796282125
3.1780821917808217	0.00011091261876317038	-2.1719191464837375
3.1859099804305284	9.550909433951551e-5	-1.8607109504076023
3.1937377690802347	8.116715039681748e-5	-1.472854498474119
3.2015655577299413	8.234371973408591e-5	-0.912936547368681
3.2093933463796476	7.82653669568215e-5	-0.4732961493807237
3.2172211350293543	9.400077579799161e-5	-0.08851112355589455
3.2250489236790605	0.00012154524885861013	0.36442743815619705
3.232876712328767	0.00012566771222935222	0.6553899556083427
3.2407045009784734	0.00013629792318913672	0.93105248514024
3.24853228962818	0.0001520412766589974	1.1129486339175365
3.2563600782778863	0.00016691213880362256	1.3661322319904972
3.264187866927593	0.00017955304136742266	1.5670846336965034
3.2720156555772992	0.00018578084803677465	1.8085545084776744
3.279843444227006	0.00019987465626064606	2.0269355003765455
3.287671232876712	0.00020241730979473255	2.1683668513605694
3.295499021526419	0.00019104065611412778	2.3844438880231316
3.303326810176125	0.00018767905001797902	2.5940543061813632
3.3111545988258317	0.0001838169833303432	2.7835895536526998
3.318982387475538	0.00016629362055417112	2.968491428295904
3.3268101761252447	0.0001645322670856044	-3.0167830388666337
3.334637964774951	0.00016197492943206392	-2.9327085304401237
3.3424657534246576	0.00013633933667334816	-2.6183785766764265
3.350293542074364	0.00013038407818304691	-2.3493128591269867
3.3581213307240705	0.00010988714164534325	-2.056793814195559
3.3659491193737767	8.235365339632244e-5	-1.5061763860811272
3.3737769080234834	8.238059676531168e-5	-1.3043080672982548
3.3816046966731896	7.169314049377206e-5	-0.704318651400248
3.3894324853228963	9.137463364080138e-5	-0.34788191860223056
3.3972602739726026	8.459874066811009e-5	0.09166616534374668
3.4050880626223092	0.000101094650596852	0.5890686821473747
3.4129158512720155	0.00011850710006434907	0.769832957273194
3.420743639921722	0.00012395417323095826	1.0939913893041946
3.4285714285714284	0.0001491914026943451	1.360529839069549
3.436399217221135	0.00016282600518073329	1.490625628899024
3.4442270058708413	0.00016985925415117243	1.7609711473254666
3.452054794520548	0.00018672877057833112	1.9722918056775165
3.459882583170254	0.0001855136958281368	2.109293201051771
3.467710371819961	0.00018386277160802728	2.4281632253128502
3.475538160469667	0.00020477874221576825	2.5773132043202156
3.483365949119374	0.00018779702418703718	2.8108676399666908
3.49119373776908	0.0001822784123187281	3.029804988032382
3.4990215264187867	0.0001683776107121022	-3.055428278568671
3.506849315068493	0.00015018241996274777	-2.936722948713866
3.5146771037181996	0.0001439808164073139	-2.5584067185171953
3.522504892367906	0.00013111112174508182	-2.418624270557677
3.5303326810176126	0.00011033762024337161	-2.1047980682357688
3.538160469667319	0.00011319695207072208	-1.7431942459584668
3.5459882583170255	8.031595274539799e-5	-1.4770249358294045
3.5538160469667317	8.539073411588014e-5	-1.0303573309219882
3.5616438356164384	7.740428262783744e-5	-0.5504540534322453
3.5694716242661446	8.056916052463362e-5	-0.20677158817668992
3.5772994129158513	9.99872874653437e-5	0.2844835197997999
3.5851272015655575	0.00010637139038343166	0.6843064129748683
3.592954990215264	0.00011444445311420768	1.1127856241576966
3.6007827788649704	0.00014437101504766628	1.2823124530155412
3.608610567514677	0.0001385403196642189	1.5473860881105737
3.6164383561643834	0.00016085892140830133	1.7785870003511424
3.62426614481409	0.00016059499945718185	1.9467224436151913
3.6320939334637963	0.0001661870592255129	2.2396088964950596
3.639921722113503	0.0001760042654313409	2.366388382475635
3.647749510763209	0.00019149292945594982	2.546846755026133
3.655577299412916	0.0001750235330591577	2.7968568995553706
3.663405088062622	0.0001829489489205819	2.9992162763723798
3.671232876712329	0.00017385873375067636	-3.0826190234629514
3.679060665362035	0.00016185541129942475	-2.754367608836348
3.6868884540117417	0.0001630814380405129	-2.693914536779623
3.694716242661448	0.00013948371146260723	-2.3703987624529823
3.7025440313111546	0.0001287810929201422	-2.1144729407637386
3.710371819960861	0.00011402832464537425	-1.8654978511260805
3.7181996086105675	0.00010033633102961839	-1.4030541487613444
3.7260273972602738	8.360144230011876e-5	-1.1435577827889312
3.7338551859099804	7.951034311938699e-5	-0.972653997102502
3.7416829745596867	6.921851795767165e-5	-0.19718437557183852
3.7495107632093934	8.212445049131714e-5	0.09970861418685659
3.7573385518590996	8.387243283326944e-5	0.5447474922831497
3.7651663405088063	0.0001135918974285303	0.8677507704013898
3.7729941291585125	0.00010288646019689847	1.1309243026039757
3.780821917808219	0.00013381663253682937	1.4634484115899942
3.7886497064579254	0.00014930144934250771	1.769894220286497
3.796477495107632	0.00015128418697817796	1.9638103506929565
3.8043052837573383	0.00016546661276483038	2.206784004483346
3.812133072407045	0.00017479223349284393	2.408392825250063
3.8199608610567513	0.00015875080018838193	2.6057452318020657
3.827788649706458	0.00018203537081803355	2.8680036846485493
3.835616438356164	0.0001750881455152304	2.9931019699783374
3.843444227005871	0.00016453907283620108	-3.0462450601722884
3.851272015655577	0.00017021751232980327	-2.879283237000639
3.8590998043052838	0.00015211043902979256	-2.6168410511527194
3.86692759295499	0.0001489784630913707	-2.3968225384038973
3.8747553816046967	0.00015218511668883865	-2.148922551808436
3.882583170254403	0.00012226479185710462	-1.970831389989133
3.8904109589041096	0.00010034628983980368	-1.68337563796437
3.898238747553816	0.00010846650532909697	-1.3735465214207594
3.9060665362035225	7.946846254011494e-5	-0.939147640861705
3.9138943248532287	9.417370112801956e-5	-0.6530946183414562
3.9217221135029354	7.549709847996423e-5	-0.1477677370207958
3.9295499021526417	7.93602371077222e-5	0.40533083593350183
3.9373776908023483	9.000181833622952e-5	0.6765711940209573
3.9452054794520546	0.00010444791429689665	1.138468878681756
3.9530332681017613	0.0001093705260105994	1.4533652734675666
3.9608610567514675	0.0001323572352020645	1.5754102208266814
3.968688845401174	0.00013518560793619635	1.9069317540938715
3.9765166340508804	0.00015828907381128623	2.1931256658020466
3.984344422700587	0.0001573729620087485	2.3148497876494685
3.9921722113502933	0.00017229128836478822	2.6448584082157525
4.0	8.614745315383146e-5	2.8750767221991445
