0.0	0.021955744795929173	0.0
0.000518798828125	0.026203293754156233	0.052671455707014495
0.00103759765625	0.03002553257425228	0.10283717831219918
0.001556396484375	0.03344363878625075	0.1505945121647805
0.0020751953125	0.03647878992018509	0.19604080161398502
0.002593994140625	0.03915216350608875	0.23927339100903916
0.00311279296875	0.04148493707399517	0.2803896246991694
0.003631591796875	0.04349828815393779	0.3194868470336022
0.004150390625	0.045213394275950045	0.35666240236156416
0.004669189453125	0.046651432970065396	0.3920136350322817
0.00518798828125	0.04783358176631729	0.42563788939498126
0.005706787109375	0.04878101819473915	0.4576325097988895
0.0062255859375	0.04951491978536443	0.4880948405932327
0.006744384765625	0.05005646406822656	0.5171222261272375
0.00726318359375	0.050426828573359006	0.5448120107501301
0.007781982421875	0.050647190830795205	0.5712615388111375
0.00830078125	0.050738728370568593	0.5965681546594858
0.008819580078125	0.05072261872271262	0.6208292026444013
0.00933837890625	0.050620039417260725	0.644142027115111
0.009857177734375	0.05045216798424635	0.6666039724208412
0.0103759765625	0.050240181953702945	0.6883123829108184
0.010894775390625	0.05000525885566395	0.7093646029342687
0.01141357421875	0.04976857622016281	0.7298579768404193
0.011932373046875	0.049551311577232963	0.7498898489784961
0.012451171875	0.04937464245690787	0.7695575636977259
0.012969970703125	0.04925974638922094	0.7889584653473348
0.01348876953125	0.04922780090420565	0.8081898982765496
0.014007568359375	0.049299983531895436	0.8273492068345971
0.0145263671875	0.04949747180232372	0.8465337353707031
0.015045166015625	0.04984144324552399	0.8658408282340946
0.01556396484375	0.050353075391529625	0.8853678297739977
0.016082763671875	0.051049347885315566	0.9052027283515615
0.0166015625	0.05191844592116623	0.9253693370268925
0.017120361328125	0.05293647284914461	0.9458645415886457
0.01763916015625	0.05407949061534735	0.9666851355468628
0.018157958984375	0.05532356116587113	0.9878279124115843
0.0186767578125	0.05664474644681261	1.0092896656928518
0.019195556640625	0.05801910840426844	1.0310671889007057
0.01971435546875	0.0594227089843353	1.0531572755451875
0.020233154296875	0.06083161013310982	1.0755567191363384
0.020751953125	0.062221873796688684	1.0982623131841989
0.021270751953125	0.06356956192116854	1.1212708511988105
0.02178955078125	0.06485073645264607	1.1445791266902143
0.022308349609375	0.0660414593372179	1.168183933168451
0.0228271484375	0.06711779252098074	1.1920820641435617
0.023345947265625	0.0680557979500312	1.216270313125588
0.02386474609375	0.06883452920702324	1.2407404786778513
0.024383544921875	0.06946041213548862	1.2654386576275036
0.02490234375	0.06995455253716032	1.2902864366021292
0.025421142578125	0.07033819616346275	1.3152051685641466
0.02593994140625	0.07063258876582025	1.3401162064759748
0.026458740234375	0.07085897609565722	1.3649409033000328
0.0269775390625	0.071038603904398	1.389600611998739
0.027496337890625	0.07119271794346703	1.4140166855345129
0.02801513671875	0.07134256396428862	1.4381104768697728
0.028533935546875	0.07150938771828719	1.4618033389669374
0.029052734375	0.07171443495688706	1.4850166247884256
0.029571533203125	0.07197895143151269	1.5076716872966562
0.03009033203125	0.07232418289358836	1.529689879454048
0.030609130859375	0.0727713750945385	1.55099255422302
0.0311279296875	0.07334177378578749	1.571501064565991
0.031646728515625	0.07405479929417483	1.59114632601606
0.03216552734375	0.07490704764561465	1.6099788202569307
0.032684326171875	0.07587959039241626	1.6281303546416066
0.033203125	0.07695320195253638	1.64573429307507
0.033721923828125	0.07810865674393168	1.6629239994623037
0.03424072265625	0.07932672918455887	1.6798328377082896
0.034759521484375	0.08058819369237466	1.6965941717180097
0.0352783203125	0.08187382468533572	1.7133413653964469
0.035797119140625	0.08316439658139875	1.7302077826485829
0.03631591796875	0.08444068379852046	1.7473267873794005
0.036834716796875	0.08568346075465753	1.7648317434938816
0.037353515625	0.08687350186776667	1.7828560148970087
0.037872314453125	0.08799158155580457	1.8015329654937637
0.03839111328125	0.0890184742367279	1.8209959591891294
0.038909912109375	0.08993495432849341	1.8413783598880877
0.0394287109375	0.09072322724743492	1.8627990735454303
0.039947509765625	0.09139086554800427	1.8851207117516562
0.04046630859375	0.09196721328007398	1.907985919952378
0.040985107421875	0.09248232109227426	1.931030204542736
0.04150390625	0.09296623963323532	1.9538890719178688
0.042022705078125	0.09344901955158733	1.9761980284729166
0.04254150390625	0.09396071149596052	1.997592580603018
0.043060302734375	0.09453136611498508	2.0177082347033126
0.0435791015625	0.09519103405729118	2.0361804971689406
0.044097900390625	0.09596976597150904	2.05264487439504
0.04461669921875	0.09689761250626885	2.066736872776751
0.045135498046875	0.09800462431020082	2.0780919987092132
0.045654296875	0.09932085203193516	2.0863457585875658
0.046173095703125	0.10087634632010203	2.0911336588069482
0.04669189453125	0.10270115782333167	2.092091205762499
0.047210693359375	0.10482355933656472	2.0888864537946517
0.0477294921875	0.10722459795596487	2.082052038772234
0.048248291015625	0.10983428201987344	2.073054985432605
0.04876708984375	0.11258007795951093	2.06340885431885
0.049285888671875	0.11538945220609777	2.054627205974053
0.0498046875	0.11818987119085447	2.0482236009412986
0.050323486328125	0.12090880134500154	2.045711599763672
0.05084228515625	0.12347370909975935	2.048604762984258
0.051361083984375	0.12581206088634847	2.058416651146141
0.0518798828125	0.12785132313598935	2.076660824792405
0.052398681640625	0.12951896227990242	2.104850844466136
0.05291748046875	0.1307424447493082	2.1445002707104175
0.053436279296875	0.13144923697542718	2.197122664068335
0.053955078125	0.1315668053894798	2.2642315850829724
0.054473876953125	0.13102261642268653	2.347340594297416
0.05499267578125	0.1297466863425737	2.4478968520619047
0.055511474609375	0.1277796050142508	2.564468075765438
0.0560302734375	0.12531259957172491	2.691699243254239
0.056549072265625	0.1225477006214176	2.8239539995493237
0.05706787109375	0.11968693876975053	2.9555959896717097
0.057586669921875	0.1169323446231453	3.0809888586424146
0.05810546875	0.11448594878802351	3.1944962514824544
0.058624267578125	0.1125497818708068	3.290481813212846
0.05914306640625	0.1113258744779168	3.3633091888546085
0.059661865234375	0.11101625721577507	3.407342023428757
0.0601806640625	0.1118229606908033	3.41694396195631
0.060699462890625	0.11394801550942307	3.3864786494582826
0.06121826171875	0.11759345227805598	3.3103097309556926
0.061737060546875	0.12296130160312368	3.182800851469559
0.062255859375	0.13025359409104778	2.9983156560208966
0.062774658203125	0.13966936479934644	2.7512866287229176
0.06329345703125	0.1511635294815714	2.44175622762486
0.063812255859375	0.16427005521212112	2.0794405051213634
0.0643310546875	0.17848122202232458	1.6750135010389877
0.064849853515625	0.19328930994351096	1.2391492552042962
0.06536865234375	0.20818659900700912	0.7825218074438487
0.065887451171875	0.22266536924414823	0.31580519758420594
0.06640625	0.2362179006862573	-0.15032653454806977
0.066925048828125	0.2483364733646654	-0.6051993491264185
0.06744384765625	0.25851336731070157	-1.0381392063242774
0.067962646484375	0.26624086255569485	-1.4384720663150872
0.0684814453125	0.2710112391309743	-1.795523889272286
0.069000244140625	0.2723167770678689	-2.098620635369312
0.06951904296875	0.2696497563977079	-2.3370882647796054
0.070037841796875	0.2625024571518201	-2.500252737676605
0.070556640625	0.2503697380239224	-2.577472163835317
0.071075439453125	0.23325754712514035	-2.5644766857614245
0.07159423828125	0.21229514063763072	-2.471001345204124
0.072113037109375	0.188761165441313	-2.3086437198669487
0.0726318359375	0.16393426841610706	-2.089001387453432
0.073150634765625	0.1390930964419327	-1.8236719256671092
0.07366943359375	0.11551629639870964	-1.5242529122115132
0.074188232421875	0.09448251516635761	-1.2023419247901779
0.07470703125	0.0772703996247964	-0.8695365411066381
0.075225830078125	0.06515859665394576	-0.5374343388644274
0.07574462890625	0.05942575313372546	-0.21763289576707895
0.076263427734375	0.061350515944055314	0.07827021048187136
0.0767822265625	0.07221153196485504	0.3386774021788919
0.077301025390625	0.0932874480760443	0.5519911016204476
0.07781982421875	0.12585691115754313	0.7066137311030036
0.078338623046875	0.1711976026284171	0.7909531688439513
0.078857421875	0.22975233189472086	0.7981352426968045
0.079376220703125	0.2996036855578636	0.7346236480550182
0.07989501953125	0.3784200999935066	0.6092224868371431
0.080413818359375	0.46387001157731084	0.4307358609617265
0.0809326171875	0.5536218566849376	0.2079678723473174
0.081451416015625	0.6453440716920481	-0.05027737708753416
0.08197021484375	0.7367050929743033	-0.3351957854242801
0.082489013671875	0.8253733569073642	-0.6379832507443716
0.0830078125	0.9090172998668922	-0.9498356711292586
0.083526611328125	0.9853053582285487	-1.2619489446603938
0.08404541015625	1.0519059683679945	-1.5655189694192275
0.084564208984375	1.1064875666608902	-1.8517416434872098
0.0850830078125	1.146718589482898	-2.1118128649457937
0.085601806640625	1.1702674732096787	-2.336928531876429
0.08612060546875	1.1748026756855598	-2.518284590058234
0.086639404296875	1.1589733234086004	-2.649255770134018
0.087158203125	1.1250270503698938	-2.731211729093924
0.087677001953125	1.0760366715147385	-2.7673554564874507
0.08819580078125	1.0150750017884305	-2.760889941864098
0.088714599609375	0.9452148561362679	-2.715018174773366
0.0892333984375	0.8695290495035479	-2.6329431447647536
0.089752197265625	0.791090396835568	-2.517867841387761
0.09027099609375	0.7129717130776254	-2.3729952541918875
0.090789794921875	0.6382458131750176	-2.2015283727266337
0.09130859375	0.5699855120730417	-2.006670186541499
0.091827392578125	0.5112636247169956	-1.7916236851859821
0.09234619140625	0.46515296605217604	-1.5595918582095836
0.092864990234375	0.4347263510238805	-1.3137776951618028
0.0933837890625	0.4230565945774069	-1.0573841855921402
0.093902587890625	0.433216511658052	-0.793614319050094
0.09442138671875	0.4674181516893375	-0.5256070601500371
0.094940185546875	0.5237559688754889	-0.25619510105451604
0.095458984375	0.5990946003110992	0.011880341578775183
0.095977783203125	0.6902984649733557	0.2758780673160162
0.09649658203125	0.7942319818394454	0.5330568757233886
0.097015380859375	0.9077595698865565	0.780675566367073
0.0975341796875	1.027745648091876	1.0159929388132505
0.098052978515625	1.1510546354325917	1.236267792628102
0.09857177734375	1.274550950885891	1.4387589273778072
0.099090576171875	1.395099013428961	1.6207251426285487
0.099609375	1.5095632420389897	1.779425237946506
0.100128173828125	1.6148080556931643	1.9121180128978605
0.10064697265625	1.7076978733686723	2.016062267048793
0.101165771484375	1.7850971140427012	2.088516799965485
0.1016845703125	1.8438701966924385	2.126740411214115
0.102203369140625	1.8813999672244652	2.128581568566648
0.10272216796875	1.898318269315829	2.095584208871351
0.103240966796875	1.896512846331722	2.0307207520929387
0.103759765625	1.8778741465881723	1.9369666948563353
0.104278564453125	1.8442926184012067	1.8172975337864656
0.10479736328125	1.7976587100868522	1.6746887655082527
0.105316162109375	1.7398628699611356	1.5121158866466222
0.1058349609375	1.672795546340084	1.3325543938264972
0.106353759765625	1.598347187539725	1.1389797836728022
0.10687255859375	1.5184082418760851	0.9343675528104614
0.107391357421875	1.4348691576651917	0.7216931978643993
0.10791015625	1.3496203832230715	0.5039322154595395
0.108428955078125	1.2645523668657521	0.28406010222080647
0.10894775390625	1.18155555690926	0.06505235477312453
0.109466552734375	1.1025204016696224	-0.15011553025858237
0.1099853515625	1.029190209088703	-0.35856358637747093
0.110504150390625	0.9620853244523468	-0.558205849275636
0.11102294921875	0.9011200466954449	-0.7473498271088574
0.111541748046875	0.8462043305539503	-0.9243058484816402
0.112060546875	0.7972481307638158	-1.0873842419984903
0.112579345703125	0.7541614020609946	-1.234895336263914
0.11309814453125	0.7168540991814389	-1.365149459882416
0.113616943359375	0.6852361768611022	-1.476456941458503
0.1141357421875	0.6592175898359371	-1.56712810959668
0.114654541015625	0.6387082928418968	-1.6354732929014535
0.11517333984375	0.6236182406149338	-1.6798028199773287
0.115692138671875	0.613857387891001	-1.6984270194288118
0.1162109375	0.6093356894060513	-1.6896562198604081
0.116729736328125	0.6099630998960378	-1.651800749876624
0.11724853515625	0.6156495740969135	-1.5831709380819645
0.117767333984375	0.6262696168773083	-1.4824371700923713
0.1182861328125	0.6412987179516627	-1.352322546379642
0.118804931640625	0.6599610200338342	-1.198103047206075
0.11932373046875	0.6814767416908238	-1.025094509586506
0.119842529296875	0.7050661014896337	-0.8386127705357694
0.120361328125	0.729949317997265	-0.6439736670687005
0.120880126953125	0.7553466097807195	-0.4464930362001347
0.12139892578125	0.780478195406999	-0.25148671494490615
0.121917724609375	0.8045642934431048	-0.0642705403178504
0.1224365234375	0.8268251224560382	0.10983965066619775
0.122955322265625	0.8464809010128014	0.26552802099240275
0.12347412109375	0.8627518476803956	0.3974787336459302
0.123992919921875	0.8748581810258227	0.5003759516119454
0.12451171875	0.8820201196160837	0.5689038378756125
0.125030517578125	0.8834578820181807	0.5977465554220968
0.12554931640625	0.8784432174877641	0.5819192652958868
0.126068115234375	0.8670590381290709	0.5216474864023108
0.1265869140625	0.850033863176982	0.4213036782937342
0.127105712890625	0.8281140895835977	0.2853751348059332
0.12762451171875	0.8020461143010186	0.11834914977468278
0.128143310546875	0.7725763342813445	-0.07528698296424113
0.128662109375	0.7404511464766761	-0.29104596957506246
0.129180908203125	0.7064169478391135	-0.5244405162220065
0.12969970703125	0.6712201353207569	-0.7709833290692961
0.130218505859375	0.635607105873707	-1.026187114281157
0.1307373046875	0.6003242564500634	-1.2855645780218132
0.131256103515625	0.566117984001927	-1.5446284264554884
0.13177490234375	0.5337346854813977	-1.798891365746407
0.132293701171875	0.503920757840576	-2.043866102058794
0.1328125	0.4774225980315621	-2.2750653415568727
0.133331298828125	0.45495994725393196	-2.488063125339217
0.13385009765625	0.43663663833441785	-2.6798507007745287
0.134368896484375	0.4219390215876813	-2.848840143598828
0.1348876953125	0.4103264767473704	-2.9935055889033975
0.135406494140625	0.4012583835471334	-3.112321171779523
0.13592529296875	0.39419412172061863	-3.203761027318489
0.136444091796875	0.38859307100147433	-3.2662992906115784
0.136962890625	0.3839146111233487	-3.298410096750075
0.137481689453125	0.37961812181988996	-3.2985675808252646
0.13800048828125	0.37516298282474647	-3.265245877928429
0.138519287109375	0.3700085738715663	-3.196919123150855
0.1390380859375	0.3636142746939981	-3.0920614515838243
0.139556884765625	0.3554394650256897	-2.949146998318623
0.14007568359375	0.3449435246002895	-2.766649898446534
0.140594482421875	0.33158583315144574	-2.5430442870588417
0.14111328125	0.3148412457239693	-2.2769022263474086
0.141632080078125	0.29474976991188406	-1.97037203942368
0.14215087890625	0.2720651491089206	-1.6301185387097337
0.142669677734375	0.24758682713410352	-1.2630957269448704
0.1431884765625	0.2221142478064574	-0.8762576068683928
0.143707275390625	0.19644685494500688	-0.4765581812196028
0.14422607421875	0.17138409236877658	-0.07095145273780334
0.144744873046875	0.14772540389679112	0.3336085758377041
0.145263671875	0.12627023334807516	0.7301679017676171
0.145782470703125	0.10781802454165319	1.1117725223126347
0.14630126953125	0.09316822129654995	1.471468434733454
0.146820068359375	0.08312026743179007	1.8023016362907713
0.1473388671875	0.07847360676639803	2.0973181242452874
0.147857666015625	0.08002768311939851	2.349563895857699
0.14837646484375	0.08858194030981625	2.552084948388702
0.148895263671875	0.10492439160919809	2.697997974436986
0.1494140625	0.12910016482827902	2.785014244318691
0.149932861328125	0.15996885385892406	2.8181772861666206
0.15045166015625	0.19628398359195562	2.8031866407755754
0.150970458984375	0.2367990789181962	2.7457418489403524
0.1514892578125	0.28026766472846826	2.6515424514557493
0.152008056640625	0.3254432659135941	2.526287989116565
0.15252685546875	0.3710794073643964	2.3756780027175965
0.153045654296875	0.4159296139716976	2.2054120330536415
0.153564453125	0.4587474106263202	2.021189620919499
0.154083251953125	0.49828632221908636	1.8287103071099664
0.15460205078125	0.5332998736408189	1.6336736324198404
0.155120849609375	0.5625415897823401	1.441779137643921
0.1556396484375	0.5847649955344727	1.2587263635770047
0.156158447265625	0.5987236157880388	1.09021485101389
0.15667724609375	0.6031761725214756	0.941931438175173
0.157196044921875	0.5976216491706117	0.817753637214775
0.15771484375	0.5830609270984513	0.717888063953998
0.158233642578125	0.5606767571219825	0.6420968140509791
0.15875244140625	0.531651890058193	0.5901419831638554
0.159271240234375	0.4971690767240703	0.5617856669507635
0.1597900390625	0.4584110679366027	0.5567899610698407
0.160308837890625	0.4165606145127778	0.574916961179224
0.16082763671875	0.37280046726958344	0.6159287629370501
0.161346435546875	0.3283133770240073	0.6795874620014564
0.161865234375	0.2842820945930374	0.7656551540305792
0.162384033203125	0.24188937079366163	0.8738939346825559
0.16290283203125	0.20231795644286765	1.0040658996155238
0.163421630859375	0.16675060235764336	1.1559331444876189
0.1639404296875	0.13637005935497665	1.3292577649569794
0.164459228515625	0.11235812534860869	1.5237985061662473
0.16497802734375	0.09543833550475932	1.7377028096533456
0.165496826171875	0.0851420294285908	1.9649262226434887
0.166015625	0.08080915168574951	2.198751325775002
0.166534423828125	0.0817796468418817	2.4324606996862133
0.16705322265625	0.08739345946263377	2.659336925015447
0.167572021484375	0.0969905341136521	2.8726625824010297
0.1680908203125	0.10991081536058295	3.065720252481288
0.168609619140625	0.1254942477690727	3.2317925158945484
0.16912841796875	0.14308077590476767	3.3641619532791363
0.169647216796875	0.1620103443333142	3.4561111452733773
0.170166015625	0.18162289762035871	3.5009226725155993
0.170684814453125	0.20125838033154744	3.4918791156441267
0.17120361328125	0.22025673703252677	3.422263055297287
0.171722412109375	0.23795791228894309	3.2853570721134053
0.1722412109375	0.2537018790227297	3.074444330443315
0.172760009765625	0.2670043945684085	2.7864265064587497
0.17327880859375	0.27797319719421937	2.4303911691240216
0.173797607421875	0.28684050922228155	2.017988384349809
0.17431640625	0.29383855297471434	1.560868218046791
0.174835205078125	0.2991995507736372	1.0706807361256454
0.17535400390625	0.30315572494116916	0.5590760044970493
0.175872802734375	0.3059392977994296	0.037704089071682656
0.1763916015625	0.30778249167053795	-0.4817849442397772
0.176910400390625	0.3089175288766133	-0.9877410295266528
0.17742919921875	0.30957663173977507	-1.4685141008782647
0.177947998046875	0.3099920225821424	-1.9124540923839348
0.178466796875	0.3103959237258349	-2.3079109381329865
0.178985595703125	0.31102055749297153	-2.6432345722147397
0.17950439453125	0.3120981462056717	-2.9067749287185163
0.180023193359375	0.3138609121860548	-3.08688194173364
0.1805419921875	0.3164697453987504	-3.1750025571983307
0.181060791015625	0.31977263016804747	-3.176169035062975
0.18157958984375	0.3235317768484929	-3.0991376535211064
0.182098388671875	0.3275093935201434	-2.9526647895170033
0.1826171875	0.3314676882630556	-2.7455068199949437
0.183135986328125	0.33516886915728616	-2.486420121899207
0.18365478515625	0.33837514428289184	-2.1841610721740707
0.184173583984375	0.3408487217199292	-1.8474860477638146
0.1846923828125	0.3423518095484549	-1.4851514256127147
0.185211181640625	0.34264661584852557	-1.1059135826650524
0.18572998046875	0.341495348700198	-0.7185288958651038
0.186248779296875	0.3386602161835287	-0.33175374215714803
0.186767578125	0.3339034263785745	0.04565550151453579
0.187286376953125	0.32698718736539184	0.40494245820567026
0.18780517578125	0.3176737072240376	0.7373507509719767
0.188323974609375	0.3057983423131175	1.0353749898913558
0.1888427734375	0.291615831503866	1.2986820943705615
0.189361572265625	0.27553010587536975	1.5294904794842583
0.18988037109375	0.2579452769208612	1.7300216457625641
0.190399169921875	0.23926545613357278	1.9024970937355983
0.19091796875	0.21989475500673694	2.0491383239334784
0.191436767578125	0.200237285033586	2.1721668368863236
0.19195556640625	0.1806971577073524	2.2738041331242513
0.192474365234375	0.16167848452126857	2.3562717131773807
0.1929931640625	0.14358537696856688	2.421791077575831
0.193511962890625	0.12682194654247986	2.4725837268497184
0.19403076171875	0.11179230473623977	2.5108711615291623
0.194549560546875	0.09890056304307909	2.5388748821442833
0.195068359375	0.0885508329562303	2.5588163892251967
0.195587158203125	0.08114722596892571	2.5729171833020223
0.19610595703125	0.07702941095551008	2.583161566250234
0.196624755859375	0.0760494279718142	2.5897389889334534
0.1971435546875	0.07783623565001302	2.5920177901239447
0.197662353515625	0.08201763966487162	2.5893620648194178
0.19818115234375	0.08822144569115509	2.5811359080175804
0.198699951171875	0.09607545940362858	2.5667034147161396
0.19921875	0.1052074864770571	2.5454286799128054
0.199737548828125	0.11524533258620584	2.516675798605285
0.20025634765625	0.12581680340583987	2.479808865791287
0.200775146484375	0.13654970461072424	2.4341919764685187
0.2012939453125	0.14707184187562417	2.37918922563469
0.201812744140625	0.15701102087530455	2.314164708287507
0.20233154296875	0.16599504728453068	2.2384825194246796
0.202850341796875	0.17365172677806762	2.1515067540439166
0.203369140625	0.17960886503068038	2.0526015071429238
0.203887939453125	0.18352726685904175	1.941260072748647
0.20440673828125	0.18540323287715046	1.8182892860536972
0.204925537109375	0.1854286583783874	1.6852617792150622
0.2054443359375	0.183797877850147	1.5437597343804406
0.205963134765625	0.18070522577982373	1.3953653336975314
0.20648193359375	0.1763450366548119	1.2416607593140327
0.207000732421875	0.17091164496250602	1.0842281933776439
0.20751953125	0.16459938519030048	0.9246498180360629
0.208038330078125	0.15760259182558972	0.764507815436989
0.20855712890625	0.15011559935576813	0.6053843677281201
0.209075927734375	0.14233274226823014	0.4488616570571558
0.2095947265625	0.13444835505037012	0.2965218655717938
0.210113525390625	0.12665677218958254	0.14994717541973313
0.21063232421875	0.11915232817326184	0.010719768748672628
0.211151123046875	0.11212935748880237	-0.11957817229368933
0.211669921875	0.10577276893707176	-0.23945340224470785
0.212188720703125	0.10013504708218547	-0.3486621732357881
0.21270751953125	0.09517096855420318	-0.4478826670353612
0.213226318359375	0.0908330293670489	-0.5378145843153783
0.2137451171875	0.08707372553464678	-0.6191576257477902
0.214263916015625	0.08384555307092086	-0.6926114920045476
0.21478271484375	0.08110100798979525	-0.7588758837576011
0.215301513671875	0.07879258630519405	-0.8186505016789017
0.2158203125	0.07687278403104135	-0.8726350464404005
0.216339111328125	0.07529409718126119	-0.9215292187140475
0.21685791015625	0.0740090217697777	-0.966032719171794
0.217376708984375	0.07297005381051495	-1.0068452484855908
0.2178955078125	0.07212968931739706	-1.0446665073273886
0.218414306640625	0.07144042430434809	-1.0801961963691382
0.21893310546875	0.07085475478529214	-1.1141340162827906
0.219451904296875	0.07032662541519723	-1.1471370128658074
0.219970703125	0.0698393222497742	-1.1789982816836462
0.220489501953125	0.0694034197300677	-1.208707418596796
0.22100830078125	0.06903052965768616	-1.2352234746424915
0.221527099609375	0.06873226383423797	-1.2575055008579659
0.2220458984375	0.0685202340613316	-1.2745125482804536
0.222564697265625	0.06840605214057546	-1.2852036679471892
0.22308349609375	0.06840132987357794	-1.288537910895406
0.223602294921875	0.06851767906194753	-1.2834743281623386
0.22412109375	0.06876671150729258	-1.2689719707852214
0.224639892578125	0.06916003901122156	-1.2439898898012878
0.22515869140625	0.06970927337534288	-1.2074871362477724
0.225677490234375	0.07042602640126497	-1.1584227611619091
0.2261962890625	0.07132190989059624	-1.0957558155809324
0.226715087890625	0.07240853564494514	-1.018445350542076
0.22723388671875	0.07369648841497423	-0.9255162783581478
0.227752685546875	0.07516437544111863	-0.8180441200501382
0.228271484375	0.0767533539685459	-0.6995059371551878
0.228790283203125	0.07840245112503158	-0.5735153883764635
0.22930908203125	0.08005069403835116	-0.4436861324171315
0.229827880859375	0.0816371098362801	-0.31363182798035866
0.2303466796875	0.08310072564659399	-0.18696613376931176
0.230865478515625	0.08438056859706825	-0.0673027084871569
0.23138427734375	0.08541566581547841	0.04174478916293889
0.231903076171875	0.08614504442959998	0.13656270047780872
0.232421875	0.08650773156720848	0.21353736675428656
0.232940673828125	0.0864427543560794	0.26905512928920544
0.23345947265625	0.08588913992398824	0.2995023293793986
0.233978271484375	0.0847859153987105	0.30126530832169984
0.2344970703125	0.08307210790802169	0.2707304074129421
0.235015869140625	0.08068791666774697	0.20435173919494568
0.23553466796875	0.07763559711014947	0.10217156562237792
0.236053466796875	0.07400911636164069	-0.030464994031385376
0.236572265625	0.06990982988345346	-0.1877856199517035
0.237091064453125	0.06543909313682061	-0.3640179923239349
0.23760986328125	0.060698261582975005	-0.553389791333439
0.238128662109375	0.05578869068314947	-0.7501286971655745
0.2386474609375	0.05081173589857682	-0.9484623900057005
0.239166259765625	0.04586875269048993	-1.1426185500391766
0.23968505859375	0.04106109652012161	-1.326824857451361
0.240203857421875	0.03649012284870473	-1.4953089924276126
0.24072265625	0.032257187137472096	-1.642298635153291
0.241241455078125	0.028463644847656566	-1.7620214658137554
0.24176025390625	0.025210851440490983	-1.8487051645943637
0.242279052734375	0.02260016237720816	-1.8965774116804766
0.2427978515625	0.020732455484764087	-1.8999020085426033
0.243316650390625	0.01965758377192972	-1.8568015291404298
0.24383544921875	0.0193297493010789	-1.7726321888977332
0.244354248046875	0.019692630695472755	-1.6535460425726383
0.244873046875	0.020689906578372413	-1.50569514492327
0.245391845703125	0.02226525557303901	-1.3352315507077541
0.24591064453125	0.024362356302733673	-1.148307314684215
0.246429443359375	0.026924887390717536	-0.9510744916107786
0.2469482421875	0.02989652746025173	-0.7496851362455701
0.247467041015625	0.033220955134597385	-0.5502913033467148
0.24798583984375	0.036841849037015637	-0.3590450476723374
0.248504638671875	0.0407028877907676	-0.18209842398056333
0.2490234375	0.04474775001911443	-0.02560348702951827
0.249542236328125	0.04892011434531723	0.10428770842267318
0.25006103515625	0.05316365939263715	0.2014231076178858
0.250579833984375	0.05742207041803694	0.2596610269182093
0.2510986328125	0.061641025023836615	0.27597461274380314
0.251617431640625	0.06577097553357163	0.2548018042559226
0.25213623046875	0.06976307468774472	0.20167557156264418
0.252655029296875	0.07356847522685864	0.12212888477204403
0.253173828125	0.07713832989141615	0.021694713992199577
0.253692626953125	0.08042379142192	-0.09409397066881321
0.25421142578125	0.08337601255887292	-0.21970419910291814
0.254730224609375	0.0859461460427777	-0.34960300120203774
0.2552490234375	0.08808534461413706	-0.4782574068580961
0.255767822265625	0.08974476101345376	-0.6001344459630162
0.25628662109375	0.09087554798123054	-0.709701148408722
0.256805419921875	0.0914288582579702	-0.8014245440871369
0.25732421875	0.09135584458417542	-0.8697716628901838
0.257843017578125	0.09060765970034901	-0.9092095347097867
0.25836181640625	0.08913547414344367	-0.9142062727564029
0.258880615234375	0.08692584013909152	-0.8813837703016217
0.2593994140625	0.08407474279881771	-0.8140253993780877
0.259918212890625	0.08069925928107034	-0.7166984625431594
0.26043701171875	0.07691646674429758	-0.5939702623541945
0.260955810546875	0.07284344234694762	-0.45040810136855114
0.261474609375	0.06859726324746859	-0.2905792821435874
0.261993408203125	0.06429500660430866	-0.11905110723666146
0.26251220703125	0.06005374957591601	0.05960912079486913
0.263031005859375	0.05599056932073882	0.24083409939364514
0.2635498046875	0.05222254299722521	0.42005652600230986
0.264068603515625	0.04886674776382336	0.5927090980635044
0.26458740234375	0.04604026077898145	0.7542245130198706
0.265106201171875	0.043860159201147615	0.9000354683140511
0.265625	0.042443520188770054	1.0255746613886874
0.266143798828125	0.04190742090029689	1.126274789686421
0.26666259765625	0.04232640905562443	1.1987992549880233
0.267181396484375	0.04360391294637775	1.2447632625751375
0.2677001953125	0.04560032911586923	1.267027257759113
0.268218994140625	0.048176054107090624	1.2684516858605785
0.26873779296875	0.05119148446303368	1.2518969922001613
0.269256591796875	0.05450701672669017	1.2202236220984881
0.269775390625	0.057983047441051844	1.1762920208761871
0.270294189453125	0.06147997314911046	1.1229626338538854
0.27081298828125	0.06485819039385778	1.0630959063522107
0.271331787109375	0.06797809571828553	0.9995522836917909
0.2718505859375	0.07070008566538553	0.9351922111932531
0.272369384765625	0.07288455677814949	0.8728761341772246
0.27288818359375	0.07439190559956917	0.8154644979643338
0.273406982421875	0.07508252867263633	0.7658177478752075
0.27392578125	0.07481682254034276	0.7267963292304732
0.274444580078125	0.07349006260464111	0.7006611423114845
0.27496337890625	0.07118065423416446	0.6865252016505656
0.275482177734375	0.0680268973508763	0.6824719731251083
0.2760009765625	0.06416712592810395	0.6865843372915718
0.276519775390625	0.05973967393917471	0.696945174706415
0.27703857421875	0.05488287535741591	0.7116373659260977
0.277557373046875	0.04973506415615485	0.7287437915070786
0.278076171875	0.04443457430871888	0.746347332005817
0.278594970703125	0.039119739788435304	0.7625308679787721
0.27911376953125	0.033928894568631435	0.7753772799824031
0.279632568359375	0.029000372622634593	0.7829694485731693
0.2801513671875	0.02447250792377211	0.7833902543075297
0.280670166015625	0.02048363444537129	0.7747225777419433
0.28118896484375	0.01717208616075945	0.7550492994328697
0.281707763671875	0.014676197043263933	0.722453299936768
0.2822265625	0.013112268505935989	0.6754049515013837
0.282745361328125	0.012444535563426177	0.6150490530033219
0.28326416015625	0.012573073362519501	0.5436587976319891
0.283782958984375	0.013397730827480768	0.46351135720414366
0.2843017578125	0.014818356882574771	0.37688390353654555
0.284820556640625	0.016734800452066337	0.2860536084459533
0.28533935546875	0.01904691046022026	0.19329764374912564
0.285858154296875	0.02165453583130134	0.10089318126282217
0.286376953125	0.024457525489574403	0.01111739280380128
0.286895751953125	0.02735572835930424	-0.0737525498111775
0.28741455078125	0.03024899336475566	-0.15143947476535552
0.287933349609375	0.03303716943019349	-0.21966621024197377
0.2884521484375	0.035620105479882494	-0.276155584424273
0.288970947265625	0.03789765043808753	-0.31863042549549453
0.28948974609375	0.03976965322907337	-0.3448135616388792
0.290008544921875	0.04114592063431983	-0.35270618146890115
0.29052734375	0.04202797501191212	-0.3428732769267368
0.291046142578125	0.04246678999848568	-0.3172621934986137
0.29156494140625	0.04251381928727369	-0.27783369610012815
0.292083740234375	0.04222051657150935	-0.22654854964687707
0.2926025390625	0.041638335544425885	-0.1653675190544573
0.293121337890625	0.04081872989925649	-0.09625136923846545
0.29364013671875	0.039813153329234324	-0.02116086511449798
0.294158935546875	0.03867305952759263	0.057943228401847735
0.294677734375	0.0374499021875646	0.13910014639497545
0.295196533203125	0.03619513500238342	0.2203491239492884
0.29571533203125	0.034960211665282306	0.2997293961491895
0.296234130859375	0.033796585869494446	0.3752801980790825
0.2967529296875	0.032755711308253034	0.44504076482337046
0.297271728515625	0.031889041674791285	0.5070503314664563
0.29779052734375	0.031244345738297416	0.5594871200206899
0.298309326171875	0.030822980799080513	0.6022798872183288
0.298828125	0.030594571792195924	0.6365542622126745
0.299346923828125	0.030528128242439497	0.6634590860279794
0.29986572265625	0.03059265967460705	0.684143199688495
0.300384521484375	0.03075717561349443	0.6997554442184735
0.3009033203125	0.03099068558389749	0.7114446606421672
0.301422119140625	0.03126219911061205	0.7203596899838276
0.30194091796875	0.03154072571843397	0.727649373267707
0.302459716796875	0.03179527493215906	0.7344625515180574
0.302978515625	0.03199485627658319	0.7419480657591309
0.303497314453125	0.03210847927650216	0.7512547570151791
0.30401611328125	0.032105153456711846	0.7635314663104545
0.304534912109375	0.031953888342008074	0.7799270346692087
0.3050537109375	0.03162369345718668	0.8015903031156939
0.305572509765625	0.031085268511867034	0.8296102862752173
0.30609130859375	0.030339524017772262	0.8640066461946362
0.306610107421875	0.029413432172818076	0.9038765559636113
0.30712890625	0.028334819855031456	0.9482869361026176
0.307647705078125	0.027131513942439407	0.996304707132132
0.30816650390625	0.02583134131306891	1.04699678957263
0.308685302734375	0.024462128844946952	1.099430103944588
0.3092041015625	0.023051703416100536	1.1526715707684811
0.309722900390625	0.021627891904556645	1.2057881105647863
0.31024169921875	0.02021852118834227	1.257846643853979
0.310760498046875	0.018851418145484404	1.3079140911565357
0.311279296875	0.017554409654010037	1.3550573729929318
0.311798095703125	0.016355322591946157	1.3983434098836438
0.31231689453125	0.01528198383731976	1.4368391223491472
0.312835693359375	0.014362220268157833	1.4696114309099184
0.3133544921875	0.013623065312389873	1.4957529829204086
0.313873291015625	0.013070268354148028	1.5150465397861304
0.31439208984375	0.012686458408077871	1.5280245180063527
0.314910888671875	0.012453102984926436	1.535256994694482
0.3154296875	0.012351669595440762	1.537314046963926
0.315948486328125	0.012363625750367889	1.5347657519280906
0.31646728515625	0.012470438960454846	1.5281821867003826
0.316986083984375	0.012653576736448676	1.5181334283942092
0.3175048828125	0.012894506589096418	1.5051895541229765
0.318023681640625	0.013174696029145103	1.4899206410000916
0.31854248046875	0.013475612567341769	1.4728967661389607
0.319061279296875	0.013778723714433457	1.4546880066529915
0.319580078125	0.014065496981167196	1.4358644396555902
0.320098876953125	0.014317399878290034	1.416996142260163
0.32061767578125	0.014515899916549002	1.3986531915801175
0.321136474609375	0.014642692116798205	1.3814019034232852
0.3216552734375	0.014689458393567978	1.3656434855091362
0.322174072265625	0.014661556552861818	1.3515530491981564
0.32269287109375	0.014565332642368565	1.33928936776806
0.323211669921875	0.014407132709777067	1.3290112144965611
0.32373046875	0.01419330280277617	1.3208773626613746
0.324249267578125	0.013930188969054728	1.3150465855402145
0.32476806640625	0.013624137256301579	1.311677656410795
0.325286865234375	0.013281493712205578	1.3109293485508304
0.3258056640625	0.012908604384455569	1.3129604352380355
0.326324462890625	0.012511815320740399	1.3179296897501243
0.32684326171875	0.012097472568748916	1.3259958853648113
0.327362060546875	0.011671922176169965	1.33731779535981
0.327880859375	0.011241510190692396	1.352054193012836
0.328399658203125	0.010812582660005059	1.370363851601603
0.32891845703125	0.010391459952979906	1.3924037632572683
0.329437255859375	0.009982335436136011	1.4181833859417543
0.3299560546875	0.009585715303305598	1.447456426156036
0.330474853515625	0.009201738114105441	1.47995109037826
0.33099365234375	0.008830542428152323	1.5153955850865708
0.331512451171875	0.00847226680506302	1.5535181167591146
0.33203125	0.008127049804454318	1.5940468918740378
0.332550048828125	0.007795029985942989	1.6367101169094858
0.33306884765625	0.007476345909145818	1.6812359983436038
0.333587646484375	0.007171136133679581	1.7273527426545385
0.3341064453125	0.0068795392191610604	1.774788556320435
0.334625244140625	0.006601693725207034	1.8232716458194396
0.33514404296875	0.006337738211434281	1.8725302176296976
0.335662841796875	0.006087811237459583	1.9222924782293558
0.336181640625	0.005852051362899717	1.9722866340965584
0.336700439453125	0.0056305957497284585	2.0222379815706697
0.33721923828125	0.005423297726789646	2.071280826447821
0.337738037109375	0.005229383369434252	2.117243422328712
0.3382568359375	0.005047994806069344	2.157779230498582
0.338775634765625	0.004878274165101984	2.190541712242671
0.33929443359375	0.004719363574939236	2.2131843288462187
0.339813232421875	0.004570405163988162	2.2233605415944657
0.34033203125	0.004430541060655828	2.2187238117726507
0.340850830078125	0.004298913393349296	2.1969276006660143
0.34136962890625	0.0041746642904756295	2.1556253695597962
0.341888427734375	0.004056935880441892	2.0924705797392362
0.3424072265625	0.0039448702916551484	2.0051166924895742
0.342926025390625	0.003837609652522461	1.89121716909605
0.34344482421875	0.0037342960914508944	1.7484254708439038
0.343963623046875	0.0036340717368475114	1.5743950590183755
0.344482421875	0.003536079182497242	1.3667813270457077
0.345001220703125	0.0034398821930655796	1.1249882722012927
0.34552001953125	0.0033462419970026326	0.8533914837665396
0.346038818359375	0.0032561312088296795	0.5572441769812724
0.3465576171875	0.0031705224430680023	0.24179956708531758
0.347076416015625	0.0030903883142388813	-0.0876891306815013
0.34759521484375	0.0030167014368635966	-0.42596870107935936
0.348114013671875	0.00295043442546343	-0.7677859288684303
0.3486328125	0.002892559894559662	-1.1078875988088908
0.349151611328125	0.002844050458673572	-1.441020495660915
0.34967041015625	0.002805878732326442	-1.7619314041846788
0.350189208984375	0.002779017330039553	-2.0653671091403565
0.3507080078125	0.0027644388663341847	-2.346074395288124
0.351226806640625	0.0027631159557316184	-2.5988000473881554
0.35174560546875	0.0027760212127531346	-2.818290850200627
0.352264404296875	0.002804127247286208	-2.999293617708351
0.352783203125	0.0028481466929222163	-3.1381946783627477
0.353302001953125	0.0029078326125125207	-3.2374317973637106
0.35382080078125	0.0029827167304496403	-3.3008385887295684
0.354339599609375	0.0030723307711260964	-3.3322486664786486
0.3548583984375	0.0031762064589344083	-3.3354956446292823
0.355377197265625	0.0032938755182670984	-3.3144131371997965
0.35589599609375	0.0034248696735166857	-3.2728347582085195
0.356414794921875	0.0035687206490756926	-3.2145941216737812
0.35693359375	0.003724960169336638	-3.14352484161391
0.357452392578125	0.0038931199586920424	-3.063460532047234
0.35797119140625	0.004072731741534426	-2.9782348069920834
0.358489990234375	0.004263327242256313	-2.891681280466785
0.3590087890625	0.004464438185250219	-2.8076335664896686
0.359527587890625	0.0046755962949086675	-2.7299252790790627
0.36004638671875	0.004896333295624179	-2.662390032253296
0.360565185546875	0.005126177960636258	-2.608106522923521
0.361083984375	0.005364644862269272	-2.5665207953664715
0.361602783203125	0.005611244306699328	-2.5359875955464837
0.36212158203125	0.005865486599273322	-2.5148614573132213
0.362640380859375	0.006126882045338154	-2.5014969145163497
0.3631591796875	0.006394940950240721	-2.4942485010055333
0.363677978515625	0.006669173619327921	-2.4914707506304365
0.36419677734375	0.006949090357946652	-2.491518197240723
0.364715576171875	0.007234201471443812	-2.492745374686058
0.365234375	0.007524017265166298	-2.4935068168161054
0.365753173828125	0.00781804804446101	-2.49215705748053
0.36627197265625	0.008115804114674843	-2.487050630528996
0.366790771484375	0.008416795781154701	-2.4765420698111695
0.3673095703125	0.008720533349247479	-2.4589859091767123
0.367828369140625	0.009026527124300068	-2.4327366824752903
0.36834716796875	0.009333975129818114	-2.3964266550020743
0.368865966796875	0.009640106341681231	-2.3504392871945075
0.369384765625	0.009941384318681046	-2.2958387719764537
0.369903564453125	0.01023427091293463	-2.233690820122402
0.37042236328125	0.010515227976559056	-2.1650611424068424
0.370941162109375	0.010780717361671398	-2.0910154496042646
0.3714599609375	0.011027200920388728	-2.0126194524891585
0.371978759765625	0.01125114050482812	-1.9309388618360135
0.37249755859375	0.01144899796710665	-1.847039388419319
0.373016357421875	0.01161723515934139	-1.7619867430135652
0.37353515625	0.011752313933649412	-1.6768466363932415
0.374053955078125	0.011850696142147791	-1.5926847793328376
0.37457275390625	0.0119088436369536	-1.510566882606844
0.375091552734375	0.011923218270183913	-1.4315586569897487
0.3756103515625	0.011890281893955803	-1.3567258132560427
0.376129150390625	0.011806973012606348	-1.2870502363492033
0.37664794921875	0.011674217514430804	-1.2228125750496723
0.377166748046875	0.011494927962549766	-1.1639440941191124
0.377685546875	0.011272031457127	-1.110373501780745
0.378204345703125	0.011008455098326268	-1.0620295062577911
0.37872314453125	0.010707125986311329	-1.0188408157734707
0.379241943359375	0.010370971221245955	-0.9807361385510055
0.3797607421875	0.010002917903293905	-0.9476441828136161
0.380279541015625	0.009605893132618941	-0.9194936567845234
0.38079833984375	0.00918282400938483	-0.8962132686869483
0.381317138671875	0.008736637633755335	-0.8777317267441116
0.3818359375	0.00827026110589422	-0.8639777391792344
0.382354736328125	0.007786621525965246	-0.8548800142155375
0.38287353515625	0.007288645994132179	-0.8503672600762415
0.383392333984375	0.006779261610558783	-0.8503681849845676
0.3839111328125	0.0062616885429955475	-0.85477312713593
0.384429931640625	0.005742468951453761	-0.8630374911432109
0.38494873046875	0.005230248571344198	-0.8743412699046331
0.385467529296875	0.00473370645877066	-0.8878600937891754
0.385986328125	0.0042615216698369445	-0.9027695931658164
0.386505126953125	0.0038223732606468474	-0.9182453984035353
0.38702392578125	0.003424940287304168	-0.9334631398713105
0.387542724609375	0.003077901805912702	-0.947598447938121
0.3880615234375	0.002789936872576248	-0.9598269529729455
0.388580322265625	0.0025697245433986037	-0.9693242853447628
0.38909912109375	0.002425943874483566	-0.9752660754225517
0.389617919921875	0.002367273921934933	-0.9768279535752912
0.39013671875	0.002402393741856501	-0.9731855501719597
0.390655517578125	0.0025399823903520693	-0.9635144955815361
0.39117431640625	0.0027887189235254344	-0.9469904201729993
0.391693115234375	0.0031564423485386972	-0.9228492445816524
0.3922119140625	0.0036376631586526207	-0.8912834761521399
0.392730712890625	0.004216228994699443	-0.8532508945612123
0.39324951171875	0.004875688916047704	-0.809730708660841
0.393768310546875	0.005599591982065946	-0.7617021273029976
0.394287109375	0.006371487252122707	-0.7101443593396541
0.394805908203125	0.007174923785586523	-0.656036613622782
0.39532470703125	0.007993450641825935	-0.6003580990043531
0.395843505859375	0.008810616880209485	-0.5440880243363391
0.3963623046875	0.009609971560105714	-0.4882055984707115
0.396881103515625	0.010375063740883154	-0.4336900302594422
0.39739990234375	0.011089442481910346	-0.3815205285545029
0.397918701171875	0.011736656842555836	-0.33267630220786515
0.3984375	0.012300255882188157	-0.2881365600715006
0.398956298828125	0.012763788660175851	-0.24888051099738126
0.39947509765625	0.01311140007071988	-0.2158571638906593
0.399993896484375	0.01334112996854141	-0.18931126022207773
0.4005126953125	0.013465019979903063	-0.16877786030089933
0.401031494140625	0.013495728928496823	-0.15376074172425042
0.40155029296875	0.013445915638014665	-0.14376368208925722
0.402069091796875	0.013328238932148583	-0.13829045899304598
0.402587890625	0.01315535763459056	-0.13684485003274305
0.403106689453125	0.012939930569032573	-0.13893063280547466
0.40362548828125	0.012694616559166611	-0.14405158490836706
0.404144287109375	0.012432074428684659	-0.15171148393854655
0.4046630859375	0.012164963001278698	-0.16141410749313945
0.405181884765625	0.01190594110064071	-0.1726632331692719
0.40570068359375	0.011667667550462685	-0.1849626385640703
0.406219482421875	0.011462801174436602	-0.19781610127466087
0.40673828125	0.011304000796254444	-0.21072739889816985
0.407257080078125	0.01120369508905066	-0.22320612000516254
0.40777587890625	0.011165812450596599	-0.23497647299979277
0.408294677734375	0.011183490879522182	-0.24603510848004445
0.4088134765625	0.011249172012464323	-0.25639625919138204
0.409332275390625	0.011355297486059932	-0.2660741578792702
0.40985107421875	0.011494308936945924	-0.2750830372891732
0.410369873046875	0.011658648001759205	-0.2834371301665557
0.410888671875	0.01184075631713669	-0.29115066925688227
0.411407470703125	0.012033075519715285	-0.2982378873056171
0.41192626953125	0.012228047246131909	-0.304713017058225
0.412445068359375	0.012418113133023465	-0.31059029126017035
0.4129638671875	0.012595714817026862	-0.31588394265691766
0.413482666015625	0.01275329393477902	-0.32060820399393136
0.41400146484375	0.012883292122916848	-0.3247773080166761
0.414520263671875	0.012978151018077248	-0.3284054874706162
0.4150390625	0.01303036328883195	-0.3315081169981924
0.415557861328125	0.013035787229125038	-0.33417588089745776
0.41607666015625	0.012995680410363529	-0.3366202783764147
0.416595458984375	0.012911786870177529	-0.3390636938723103
0.4171142578125	0.012785850646197153	-0.3417285118223916
0.417633056640625	0.012619615776052513	-0.3448371166639056
0.41815185546875	0.012414826297373723	-0.34861189283409916
0.418670654296875	0.01217322624779089	-0.35327522477021933
0.419189453125	0.011896559664934131	-0.35904949690951304
0.419708251953125	0.011586570586433559	-0.3661570936892273
0.42022705078125	0.011245003049919286	-0.374820399546609
0.420745849609375	0.010873601093021417	-0.3852617989189052
0.4212646484375	0.010474108753370072	-0.3977036762433629
0.421783447265625	0.010048270068595362	-0.41236841595722895
0.42230224609375	0.009597829076327398	-0.42947840249775054
0.422821044921875	0.00912454416735579	-0.44925401590550323
0.42333984375	0.008632261521458594	-0.47162407969655823
0.423858642578125	0.008129086161666237	-0.4959226764701914
0.42437744140625	0.007623642158765426	-0.5214114046039906
0.424896240234375	0.0071245535835428725	-0.5473518624755437
0.4254150390625	0.006640444506785295	-0.5730056484624382
0.425933837890625	0.006179938999279398	-0.5976343609422621
0.42645263671875	0.005751661131811898	-0.6204995982926031
0.426971435546875	0.0053642349751695075	-0.640862958891049
0.427490234375	0.005026284600138937	-0.6579860411151878
0.428009033203125	0.004746434077506898	-0.6711304433426071
0.42852783203125	0.004533307478060106	-0.6795577639508945
0.429046630859375	0.00439552887258527	-0.6825296013176382
0.4295654296875	0.004341722331869101	-0.6793075538204257
0.430084228515625	0.004380511926698317	-0.669153219836845
0.43060302734375	0.004520511578834039	-0.6513290812530301
0.431121826171875	0.004765277097706506	-0.6255379465101691
0.431640625	0.00510513118064298	-0.5926346132271825
0.432159423828125	0.005528259115876968	-0.5536599480387467
0.43267822265625	0.006022846191641977	-0.5096548175795387
0.433197021484375	0.006577077696171517	-0.46166008848423495
0.4337158203125	0.00717913891769909	-0.41071662738751263
0.434234619140625	0.007817215144458206	-0.357865300924048
0.43475341796875	0.008479491664682376	-0.30414697572851807
0.435272216796875	0.009154153766605102	-0.25060251843559944
0.435791015625	0.00982938673845989	-0.19827279567996908
0.436309814453125	0.010493375868480254	-0.14819867409630336
0.43682861328125	0.011134306444899695	-0.10142102031927921
0.437347412109375	0.011740363755951722	-0.05898070098357344
0.4378662109375	0.012299733089869844	-0.0219185827238626
0.438385009765625	0.012800600161311947	0.008724528023884997
0.43890380859375	0.013234067136161605	0.03231954283295685
0.439422607421875	0.013601115062032626	0.04963198378266559
0.43994140625	0.01390481465597328	0.06172237344195386
0.440460205078125	0.014148236635031845	0.06965123437976438
0.44097900390625	0.014334451716256583	0.07447908916503987
0.441497802734375	0.014466530616695776	0.07726646036672308
0.4420166015625	0.014547544053397688	0.07907387055375664
0.442535400390625	0.014580562743410595	0.08096184229508331
0.44305419921875	0.014568657403782766	0.08399089815964578
0.443572998046875	0.014514898751562477	0.08922156071638676
0.444091796875	0.014422357503797997	0.09771435253424904
0.444610595703125	0.014294104377537593	0.1105297961821752
0.44512939453125	0.014133210089829547	0.12872841422910808
0.445648193359375	0.013942745357722124	0.15337072924399028
0.4461669921875	0.013725780898263595	0.18551726379576464
0.446685791015625	0.013485633861142864	0.22583090136229192
0.44720458984375	0.013226708770625496	0.27321995818057043
0.447723388671875	0.012953709972351495	0.32610896433606995
0.4482421875	0.012671341821474592	0.382922434563107
0.448760986328125	0.012384308673148506	0.4420848835959985
0.44927978515625	0.012097314882526963	0.5020208261690611
0.449798583984375	0.01181506480476369	0.5611547770166114
0.4503173828125	0.011542262795012408	0.6179112508729664
0.450836181640625	0.011283613208426847	0.6707147624724427
0.45135498046875	0.011043820400160727	0.7179898265493567
0.451873779296875	0.010827588725367774	0.7581609578380256
0.452392578125	0.01063962253920171	0.789652671072766
0.452911376953125	0.010484626196816263	0.8108894809878944
0.45343017578125	0.010367304053365159	0.8202959023177278
0.453948974609375	0.01029236046400212	0.8162964497965826
0.4544677734375	0.010263098764689286	0.7977663959189197
0.454986572265625	0.010274741321979385	0.766180948777994
0.45550537109375	0.010319619382053368	0.7239454928350285
0.456024169921875	0.010390060538051823	0.673466587864412
0.45654296875	0.010478392383115325	0.6171507936405336
0.457061767578125	0.010576942510384456	0.5574046699377821
0.45758056640625	0.01067803851299979	0.4966347765305469
0.458099365234375	0.010774007984101906	0.43724767319321656
0.4586181640625	0.010857178516831387	0.38164991970018025
0.459136962890625	0.01091987770432881	0.3322480758258268
0.45965576171875	0.010954433139734751	0.2914487013445454
0.460174560546875	0.010953172416189795	0.2616583560307249
0.460693359375	0.010908423126834512	0.24528359965875424
0.461212158203125	0.01081251286480949	0.2447309920030226
0.46173095703125	0.0106577692232553	0.26240709283791863
0.462249755859375	0.010437830210154887	0.30029217670237524
0.4627685546875	0.010156312433646156	0.35712042401377575
0.463287353515625	0.009821422555161975	0.4301328453273018
0.46380615234375	0.009441391530742924	0.5165625480271414
0.464324951171875	0.009024450316429584	0.6136426394974825
0.46484375	0.00857882986826254	0.7186062271225129
0.465362548828125	0.008112761142282373	0.8286864182864206
0.46588134765625	0.007634475094529667	0.9411163203733937
0.466400146484375	0.007152202681045003	1.0531290407676197
0.4669189453125	0.006674174857868967	1.1619576868532864
0.467437744140625	0.006208622581042138	1.2648353660145824
0.46795654296875	0.0057637768066051	1.3589951856356957
0.468475341796875	0.005347868490598437	1.4416702531008128
0.468994140625	0.004969128589062731	1.5100936757941232
0.469512939453125	0.004635788058038564	1.5614985610998142
0.47003173828125	0.004355436064411788	1.5934031113026896
0.470550537109375	0.004129092172242942	1.6062438707174225
0.4710693359375	0.003953925557003663	1.6021677992118202
0.471588134765625	0.003827056601178496	1.5833435314228925
0.47210693359375	0.003745605687251986	1.551939701987648
0.472625732421875	0.0037066931977086815	1.5101249455430974
0.47314453125	0.003707439515033127	1.460067896726249
0.473663330078125	0.003744965021709868	1.4039371901741127
0.47418212890625	0.0038163901002234517	1.3439014605236974
0.474700927734375	0.0039188351330584235	1.2821293424120128
0.4752197265625	0.00404942050269933	1.2207894704760687
0.475738525390625	0.004205266591630716	1.1620504793528739
0.47625732421875	0.004383493782337129	1.1080810036794377
0.476776123046875	0.004581222457303114	1.0610496780927696
0.477294921875	0.004795572999013217	1.0231251372298793
0.477813720703125	0.005023593974738262	0.9963382382052658
0.47833251953125	0.005261317316239795	0.9807694224136678
0.478851318359375	0.005504020957432049	0.9750525860124715
0.4793701171875	0.005746965019715369	0.9777874518424988
0.479888916015625	0.005985409624490106	0.9875737427445721
0.48040771484375	0.006214614893156607	1.0030111815595135
0.480926513671875	0.0064298409471152205	1.022699491128145
0.4814453125	0.00662634790776629	1.0452383942912888
0.481964111328125	0.006799395896510171	1.0692276138897674
0.48248291015625	0.006944245034747208	1.0932668727644028
0.483001708984375	0.0070561554438777485	1.1159558937560168
0.4835205078125	0.00713038724530214	1.135894399705432
0.484039306640625	0.007162200560420733	1.1516821134534705
0.48455810546875	0.007146855510633872	1.1619187578409542
0.485076904296875	0.007079612217341907	1.1652040557087058
0.485595703125	0.006956092670249956	1.1602202468623237
0.486114501953125	0.0067793125907579495	1.147335566509014
0.48663330078125	0.006559199309452137	1.128494306681795
0.487152099609375	0.006305945463263449	1.1057012573186153
0.4876708984375	0.006029743689122813	1.0809612083574232
0.488189697265625	0.005740786623961157	1.056278949736166
0.48870849609375	0.005449266904709411	1.0336592713927921
0.489227294921875	0.005165377168298505	1.0151069632652492
0.48974609375	0.004899310051659361	1.0026268152914852
0.490264892578125	0.004661258191722913	0.9982236174094488
0.49078369140625	0.00446141422542009	1.0039021595570872
0.491302490234375	0.004309970789681818	1.0216672316723483
0.4918212890625	0.004217120521439025	1.0535236236931804
0.492340087890625	0.004193056057622642	1.1014761255575318
0.49285888671875	0.0042479700351635945	1.1675295272033495
0.493377685546875	0.004391702657458837	1.2535824489139775
0.493896484375	0.004623005235656922	1.3581930119950345
0.494415283203125	0.004927575801154072	1.4759870723200457
0.49493408203125	0.005290363795376644	1.6013649750466716
0.495452880859375	0.005696318659750996	1.7287270653325733
0.4959716796875	0.0061303898357034795	1.8524736883354107
0.496490478515625	0.0065775267646604515	1.9670051892128444
0.49700927734375	0.007022678888048269	2.066721913122535
0.497528076171875	0.007450795647293285	2.1460242052221434
0.498046875	0.007846826483821854	2.1993124106693296
0.498565673828125	0.008195720839060333	2.2209868746217545
0.49908447265625	0.00848242815443508	2.205447942237078
0.499603271484375	0.008691897871372447	2.1470959586729608
0.5001220703125	0.008809079431298788	2.040331269087063
0.500640869140625	0.008818922275640462	1.8795542186370473
0.50115966796875	0.008706597788421947	1.659281091290204
0.501678466796875	0.00846918598701855	1.38024902625614
0.502197265625	0.008121458250920513	1.0524368111783406
0.502716064453125	0.007679621551165938	0.686573160828226
0.50323486328125	0.007159882858792933	0.2933867899772155
0.503753662109375	0.006578449144839611	-0.1163935866032692
0.5042724609375	0.005951527380344079	-0.5320392541418086
0.504791259765625	0.005295324536344443	-0.9428214978669832
0.50531005859375	0.004626047583878819	-1.3380116030073714
0.505828857421875	0.00395990349398531	-1.7068808547915544
0.50634765625	0.003313099237702029	-2.038700538448111
0.506866455078125	0.002701841786067082	-2.322741939205622
0.50738525390625	0.002142338110118579	-2.548276342292666
0.507904052734375	0.00165079518089463	-2.7045750329378233
0.5084228515625	0.0012434199694333421	-2.780909296369674
0.508941650390625	0.0009363369238857594	-2.7666223746913214
0.50946044921875	0.0007366908330082135	-2.658887437524101
0.509979248046875	0.0006347029416032059	-2.469634352565029
0.510498046875	0.000618720255617512	-2.212427253773023
0.511016845703125	0.0006770897809979092	-1.9008302751070025
0.51153564453125	0.0007981585236911737	-1.5484075505258872
0.512054443359375	0.0009702734896440814	-1.1687232139885977
0.5125732421875	0.0011817816848034104	-0.7753413994540512
0.513092041015625	0.0014210301151159363	-0.38182624088116834
0.51361083984375	0.0016763657865284342	-0.0017418722288697897
0.514129638671875	0.0019361357049876827	0.35134757254392757
0.5146484375	0.002188686876440458	0.6638779594783024
0.515167236328125	0.002422366306833535	0.9222851546153356
0.51568603515625	0.0026255210021136934	1.1130050239961093
0.516204833984375	0.0027864979682277057	1.2224734336617027
0.5167236328125	0.0028936605746442143	1.2371504041993444
0.517242431640625	0.0029404323038328493	1.1509652977002762
0.51776123046875	0.0029324308438203337	0.9758476050390594
0.518280029296875	0.0028770737725272296	0.7263836732284621
0.518798828125	0.0027817786678740993	0.4171598492812514
0.519317626953125	0.0026539631077815047	0.0627624802101952
0.51983642578125	0.0025010446701700076	-0.32222208697193944
0.520355224609375	0.0023304409329601692	-0.7232075052523849
0.5208740234375	0.002149569474072552	-1.1256074276183736
0.521392822265625	0.001965847871427717	-1.514835507057139
0.52191162109375	0.0017866937029462275	-1.8763053965559113
0.522430419921875	0.001619524546548644	-2.1954307491019267
0.52294921875	0.0014717579801555285	-2.4576252176824145
0.523468017578125	0.0013508115816874438	-2.648302455284608
0.52398681640625	0.0012641029290649504	-2.752876114895741
0.524505615234375	0.0012190482713786911	-2.7567628161947724
0.5250244140625	0.0012202487764390083	-2.6516640150340876
0.525543212890625	0.0012635484861672217	-2.4488319709844917
0.52606201171875	0.0013430935341740837	-2.16330962477548
0.526580810546875	0.0014530300540703484	-1.8101399171365449
0.527099609375	0.0015875041794667674	-1.4043657887971812
0.527618408203125	0.0017406620439740946	-0.9610301804868824
0.52813720703125	0.001906649781203083	-0.4951760329351423
0.528656005859375	0.0020796135247644855	-0.02184628687145418
0.5291748046875	0.0022536994082690536	0.44391611697468547
0.529693603515625	0.002423053565327543	0.8870682378737855
0.53021240234375	0.0025818221295507045	1.2925671350963521
0.530731201171875	0.0027241512345492908	1.6453698679128885
0.53125	0.002844187013934057	1.9304334955939033
