0.0	0.08565330153440702
0.125	0.06792050489015197
0.25	0.05005711587017156
0.375	0.032098195074356885
0.5	0.014197245308266434
0.625	-0.0035484155175087772
0.75	-0.021053211702050104
0.875	-0.036907516061329984
1.0	-0.049379574599351786
1.125	-0.057088895691149784
1.25	-0.05968428041669041
1.375	-0.05777149436280653
1.5	-0.05297835291655904
1.625	-0.04737868170357828
1.75	-0.04283922486655547
1.875	-0.0400212950502347
2.0	-0.03836212872398724
2.125	-0.03628568004979966
2.25	-0.03206276108846449
2.375	-0.025252378928377544
2.5	-0.017319965211518736
2.625	-0.010892646640660244
2.75	-0.00945219136488215
2.875	-0.015345440635818237
3.0	-0.030361681624048165
3.125	-0.05461683661963387
3.25	-0.08655949736797229
3.375	-0.12286324591859822
3.5	-0.15892016946106835
3.625	-0.18886606465647918
3.75	-0.20711231923901968
3.875	-0.21000184934631386
4.0	-0.1970674066298225
4.125	-0.1713781994065786
4.25	-0.13869663360416776
4.375	-0.10719057948078405
4.5	-0.08465207552203627
4.625	-0.07403817286406102
4.75	-0.0741505534995114
4.875	-0.07874711184984858
5.0	-0.08003669027855202
5.125	-0.07222189970481126
5.25	-0.0530438395992134
5.375	-0.026165518075143918
5.5	0.0015372116209546364
5.625	0.02156262472165603
5.75	0.0260881048099996
5.875	0.010777869316566307
6.0	-0.024446902770189908
6.125	-0.07429304950967346
6.25	-0.1321118336016363
6.375	-0.19047152193841485
6.5	-0.2434876857194269
6.625	-0.2855664953221109
6.75	-0.31356760292717684
6.875	-0.32525458377551775
7.0	-0.3207357953536539
7.125	-0.30302052103207117
7.25	-0.2764827943122519
7.375	-0.2470791963668195
7.5	-0.2210593819281023
7.625	-0.2039977889467198
7.75	-0.197829472520674
7.875	-0.20137574764862748
8.0	-0.2115305633369273
8.125	-0.22312469213023106
8.25	-0.2303885056584411
8.375	-0.22952249120268575
8.5	-0.21935171584310226
8.625	-0.2003633514731422
8.75	-0.17415392362354498
8.875	-0.14330281182992666
9.0	-0.11048178741182003
9.125	-0.07777074933043318
9.25	-0.04663902627396197
9.375	-0.01770979880712567
9.5	0.0096310464964482
9.625	0.035955297835506474
9.75	0.061988057505537084
9.875	0.08812841939446617
10.0	0.11423503388582855
10.125	0.13950332787980244
10.25	0.1625504178873482
10.375	0.1820993570519259
10.5	0.19737569037245228
10.625	0.20672600322579202
10.75	0.2104368815561722
10.875	0.20802595816822994
11.0	0.20073620306667497
11.125	0.18855997974724883
11.25	0.17272493117963297
11.375	0.15421814328845554
11.5	0.13451258577215067
11.625	0.11349166358270117
11.75	0.09178112391510322
11.875	0.06878109325094049
12.0	0.04591093013957357
12.125	0.022909835911611453
12.25	0.000844096563910379
12.375	-0.01973865771881364
12.5	-0.03721874079344955
12.625	-0.05192633795084366
12.75	-0.06404994379873419
12.875	-0.07312519242791164
13.0	-0.07954637410334454
13.125	-0.08259354382696173
13.25	-0.08256477339937542
13.375	-0.0797995487709517
13.5	-0.07283317678714496
13.625	-0.0638111601920028
13.75	-0.0530027938757577
13.875	-0.04275029160178376
14.0	-0.03408256268005317
14.125	-0.028429732594565202
14.25	-0.02622828927537451
14.375	-0.027567473277339074
14.5	-0.031625633462782236
14.625	-0.03715694595290578
14.75	-0.04249851602971791
14.875	-0.04677412309581187
15.0	-0.049181885262168074
15.125	-0.0491998283410696
15.25	-0.04771459110810952
15.375	-0.045399747377824456
15.5	-0.04386917183254515
15.625	-0.043726449170910384
15.75	-0.045928650720348935
15.875	-0.05009481337118076
16.0	-0.055498082860499454
16.125	-0.06100234618395594
16.25	-0.0654375253675703
16.375	-0.06778741414670354
16.5	-0.06779695515576914
16.625	-0.06528102304231896
16.75	-0.06103831996932801
16.875	-0.05575180985608424
17.0	-0.050887936003701215
17.125	-0.04743804664964931
17.25	-0.04653076937502082
17.375	-0.04884720229900799
17.5	-0.054380901034187995
17.625	-0.06328799052078092
17.75	-0.07572223218452087
17.875	-0.09125638111464547
18.0	-0.10934646104517587
18.125	-0.12873374566096038
18.25	-0.14793163930168018
18.375	-0.1644626484011883
18.5	-0.17629315219506986
18.625	-0.1817239141777603
18.75	-0.1788432562908193
18.875	-0.1688946286437456
19.0	-0.1530699077835262
19.125	-0.13451711490432566
19.25	-0.11579130434744449
19.375	-0.10010878713323648
19.5	-0.0879274488840399
19.625	-0.07868718040740712
19.75	-0.07714159952118019
19.875	-0.08486566569400376
20.0	-0.09895955334655596
20.125	-0.11803664467554875
20.25	-0.1409588061545454
20.375	-0.16487687997287104
20.5	-0.19030855662683108
20.625	-0.21319911435637393
20.75	-0.23188782441820616
20.875	-0.24732003940133637
21.0	-0.25796656732495865
21.125	-0.26361074425473663
21.25	-0.26064622840250284
21.375	-0.2490652275207194
21.5	-0.22969267370572277
21.625	-0.20379013415323116
21.75	-0.17310975504476186
21.875	-0.14020863750482096
22.0	-0.1071778061654653
22.125	-0.0767437191442734
22.25	-0.0497298155793263
22.375	-0.02813883239788792
22.5	-0.012983308396438126
22.625	-0.004930876975138052
22.75	-0.0040566690338636364
22.875	-0.008730391271214114
23.0	-0.015821961850585597
23.125	-0.023039741900219974
23.25	-0.02903743543460491
23.375	-0.033516353284237486
23.5	-0.03625199756074385
23.625	-0.037461341110094255
23.75	-0.038074234696653546
23.875	-0.03929947815442377
24.0	-0.04240880981507689
24.125	-0.048735144717052245
24.25	-0.05851507460175712
24.375	-0.07134984480104267
24.5	-0.08577185451997212
24.625	-0.09952764260283153
24.75	-0.109786943523261
24.875	-0.1137535663201825
25.0	-0.11090244402325544
25.125	-0.10107599746259252
25.25	-0.08645769793188117
25.375	-0.06929602725777219
25.5	-0.053475048657387565
25.625	-0.04181726656507117
25.75	-0.03636115760438355
25.875	-0.039303400863769204
26.0	-0.05165720722862377
26.125	-0.07267245195474342
26.25	-0.09990971239494126
26.375	-0.12959509230294897
26.5	-0.15848989304332783
26.625	-0.18240659230471126
26.75	-0.19765874016582222
26.875	-0.20267264461729417
27.0	-0.19789491120686464
27.125	-0.18447676707186542
27.25	-0.16638318391759288
27.375	-0.1469744979636657
27.5	-0.1295121811001108
27.625	-0.11601703062471558
27.75	-0.10550608161927387
27.875	-0.09794087169122863
28.0	-0.09198978645143718
28.125	-0.08697889918725729
28.25	-0.08276852430928762
28.375	-0.07796823435252424
28.5	-0.07345792887997467
28.625	-0.06876921422744142
28.75	-0.0634879328965262
28.875	-0.057372483922234624
29.0	-0.04905723943295108
29.125	-0.03836149627609922
29.25	-0.02469467301351233
29.375	-0.009524561803336792
29.5	0.00545659229941047
29.625	0.019489192296946845
29.75	0.030869710609845544
29.875	0.03961265250513057
30.0	0.044897362846352956
30.125	0.04732510489761565
30.25	0.04785975553000167
30.375	0.047012116342883055
30.5	0.045203223026815134
30.625	0.04216635130492246
30.75	0.037905604068279995
30.875	0.03289566690005991
31.0	0.027506295744452444
31.125	0.02245470807535253
31.25	0.01827463070414026
31.375	0.015426165975953558
31.5	0.014599122396531414
31.625	0.015592834314898333
31.75	0.017573606193181823
31.875	0.020356643834139383
32.0	0.023069626352659408
32.125	0.025966878504425295
32.25	0.029049417337141697
32.375	0.033046953199268925
32.5	0.03883500647486595
32.625	0.04602795809799705
32.75	0.055138214681204736
32.875	0.06566309334830935
33.0	0.07677082327549659
33.125	0.08796345535383912
33.25	0.09832291884389752
33.375	0.10797457210001894
33.5	0.11693484516900265
33.625	0.1246637923273437
33.75	0.13202339558437592
33.875	0.13702886758765295
34.0	0.13928610598028668
34.125	0.13725525264799082
34.25	0.13047412016049048
34.375	0.11864651677758045
34.5	0.1018084917186083
34.625	0.08313659195795532
34.75	0.06296166133421474
34.875	0.04442652082644343
35.0	0.029110336490912006
35.125	0.016544645650494457
35.25	0.006733256233828746
35.375	-0.0005106398186282097
35.5	-0.006195209626287829
35.625	-0.010508493981017712
35.75	-0.013518751963688277
35.875	-0.01506004699788452
36.0	-0.01520712273329463
36.125	-0.013933212283288324
36.25	-0.012421157434367619
36.375	-0.011417616965872002
36.5	-0.011899712216942856
36.625	-0.014389048415569629
36.75	-0.019101786651930422
36.875	-0.025773317401026122
37.0	-0.033650519082468064
37.125	-0.04230220694260793
37.25	-0.051112763353382266
37.375	-0.05957887553214351
37.5	-0.06692997735435059
37.625	-0.07216363924001708
37.75	-0.07409020451826662
37.875	-0.07261536810424614
38.0	-0.06743357580679174
38.125	-0.0592325139369933
38.25	-0.04863739673127715
38.375	-0.03629043575977854
38.5	-0.021722145089760427
38.625	-0.003998781496759899
38.75	0.016856243544630015
38.875	0.03972615471128538
39.0	0.06281875406035528
39.125	0.08379434918048548
39.25	0.10076444519460707
39.375	0.11326678441630207
39.5	0.12251600305800976
39.625	0.1296253942426711
39.75	0.136242507181808
39.875	0.14268485418210627
40.0	0.14920769752188176
40.125	0.15368669738542715
40.25	0.15496935863585018
40.375	0.152034150755223
40.5	0.14447794993168095
40.625	0.13221678161684883
40.75	0.11740606311694897
40.875	0.10309687925899615
41.0	0.09040863481916861
41.125	0.07734745330467922
41.25	0.06395887038951382
41.375	0.04812266635782807
41.5	0.033000144752585066
41.625	0.01812033724638831
41.75	0.007240082787821785
41.875	0.0010578978090967027
42.0	0.003841651343925669
42.125	0.01380802517944982
42.25	0.028472654698835902
42.375	0.042776455943134985
42.5	0.056746069196784425
42.625	0.0701319183010036
42.75	0.0812790380812368
42.875	0.09297645120337321
43.0	0.10412098890087931
43.125	0.11619111561823729
43.25	0.12731365432446945
43.375	0.13568968728391784
43.5	0.13932088580315025
43.625	0.13555392322265686
43.75	0.12371780388802797
43.875	0.10408330510769835
44.0	0.07828737249421211
44.125	0.04893377375803372
44.25	0.01857910247498644
44.375	-0.010645383155369796
44.5	-0.03690600062275876
44.625	-0.05981937568279247
44.75	-0.0771245483080571
44.875	-0.09022644506516496
45.0	-0.100527837680349
45.125	-0.10968275563439912
45.25	-0.11939750674613946
45.375	-0.1311614666442709
45.5	-0.14693293883899466
45.625	-0.16677105282128438
45.75	-0.19022390159122837
45.875	-0.2156666782755946
46.0	-0.24074724193719854
46.125	-0.2632289767900972
46.25	-0.2793166316138001
46.375	-0.2866790368363016
46.5	-0.28322038122004123
46.625	-0.26910541667449145
46.75	-0.24530037254420753
46.875	-0.21295179021666613
47.0	-0.17581045749574917
47.125	-0.1363502898289298
47.25	-0.09725183572169165
47.375	-0.06183588659175645
47.5	-0.02929095903983968
47.625	-0.001622394664692308
47.75	0.02261650673051626
47.875	0.04365590452760598
48.0	0.06357711723715177
48.125	0.08536164649531527
48.25	0.10564773814980251
48.375	0.12707832297322766
48.5	0.14812945773664662
48.625	0.16973056755096672
48.75	0.18436128574300994
48.875	0.19573699242826087
49.0	0.200428370996076
49.125	0.19945201797924272
49.25	0.19064730253980097
49.375	0.17675581746955982
49.5	0.158365792848062
49.625	0.13642613676400434
49.75	0.11324986605922635
49.875	0.09114582374118582
50.0	0.07077049818499515
50.125	0.0537222011466403
50.25	0.04033508164652819
50.375	0.031080342201214757
50.5	0.023827319888610737
50.625	0.017314264319278596
50.75	0.010211847094814224
50.875	0.001973009992957911
51.0	-0.0066743782897128135
51.125	-0.014853912559954956
51.25	-0.020256583912653912
51.375	-0.021646060079745885
51.5	-0.01831534565979924
51.625	-0.010209219495539585
51.75	0.0019234046760144175
51.875	0.017331153090567143
52.0	0.03509751442051258
52.125	0.05503062702525571
52.25	0.07803191431119161
52.375	0.10382115541667458
52.5	0.13246968890466532
52.625	0.1619934228535866
52.75	0.19102096500172805
52.875	0.21775786577972112
53.0	0.24106873249121374
53.125	0.25977636936742554
53.25	0.27332441869328017
53.375	0.2821251077462048
53.5	0.2872598222612698
53.625	0.28846361860565917
53.75	0.2859930874128409
53.875	0.2792627733356963
54.0	0.2679606968680983
54.125	0.25056026157175815
54.25	0.2273625604942291
54.375	0.1986824243244728
54.5	0.16607199002637676
54.625	0.1310585426886278
54.75	0.09691989252898527
54.875	0.06455916211709208
55.0	0.035228466067471174
55.125	0.009158699379734877
55.25	-0.013633055994505105
55.375	-0.03461820957821098
55.5	-0.054173811138075574
55.625	-0.07250077165679265
55.75	-0.08834849958638534
55.875	-0.10211648551498337
56.0	-0.11145477286801367
56.125	-0.11512918203497441
56.25	-0.11377526410429867
56.375	-0.1077016740374188
56.5	-0.09936849263799533
56.625	-0.09026610280801682
56.75	-0.08232209528051812
56.875	-0.0758507965707257
57.0	-0.06968374721316759
57.125	-0.06223405159755614
57.25	-0.05223017273272007
57.375	-0.03976527245885783
57.5	-0.02612665039368755
57.625	-0.013839990034789012
57.75	-0.005322984004872866
57.875	-0.001399140077239837
58.0	-0.002342292584050461
58.125	-0.007297473463293892
58.25	-0.015014685367730183
58.375	-0.023764824943277786
58.5	-0.03200234736525972
58.625	-0.038413999817598694
58.75	-0.041420182395480086
58.875	-0.03981774903860205
59.0	-0.032395028196403386
59.125	-0.01873631828103445
59.25	0.00015214058019181987
59.375	0.02256419919018829
59.5	0.04652785502595428
59.625	0.07005076066808556
59.75	0.09173468162994373
59.875	0.11038019896419304
60.0	0.12521068377403466
60.125	0.13568529339154548
60.25	0.14163296418112353
60.375	0.14402707737043957
60.5	0.14400616844249858
60.625	0.14271808100754
60.75	0.1415330412776012
60.875	0.140453888952256
61.0	0.13969047277206403
61.125	0.13774498632203042
61.25	0.13412098940364212
61.375	0.12830400120417448
61.5	0.1212774918833771
61.625	0.11410190657918425
61.75	0.10680640600423312
61.875	0.09910891738144594
62.0	0.08998913642681163
62.125	0.07945794288522538
62.25	0.06983126719243485
62.375	0.062116422486604136
62.5	0.0569746325187468
62.625	0.05527129924693582
62.75	0.056171109022306674
62.875	0.05933298262459394
63.0	0.06580761857183198
63.125	0.07417511654420794
63.25	0.08458994594373143
63.375	0.09675421487850676
63.5	0.10920542740167191
63.625	0.12182216530547108
63.75	0.13444322219480365
63.875	0.14638899151852355
64.0	0.1569623602598916
64.125	0.16496890307467219
64.25	0.16969053548567822
64.375	0.1704691782627175
64.5	0.16786543268424672
64.625	0.16320186859664113
64.75	0.1574454475087403
64.875	0.15102176218628005
65.0	0.14450061599088512
65.125	0.13696270027976262
65.25	0.12855866629061086
65.375	0.1186308116487245
65.5	0.10794588621860897
65.625	0.09714273726200691
65.75	0.08714291614994812
65.875	0.07906786057305751
66.0	0.07355670224523612
66.125	0.07062554282848647
66.25	0.06935591702403503
66.375	0.06778302916647005
66.5	0.0649809494154361
66.625	0.05969293896677526
66.75	0.05236164270065098
66.875	0.043309407047876794
67.0	0.03443377877239102
67.125	0.026088500759401976
67.25	0.01945621655431365
67.375	0.01447780832086757
67.5	0.011126158032967319
67.625	0.009237523359510868
67.75	0.00932621193134371
67.875	0.011247027679442271
68.0	0.015535519815616619
68.125	0.02087975063790766
68.25	0.028311991779262056
68.375	0.035174690295578695
68.5	0.041936728259900406
68.625	0.048267900895766866
68.75	0.05442464860807739
68.875	0.05984510364242961
69.0	0.06522628383269857
69.125	0.07089723750995613
69.25	0.07700597390727691
69.375	0.08191821390436037
69.5	0.08670105652354407
69.625	0.09064333662885427
69.75	0.09261782554950371
69.875	0.09197461660812613
70.0	0.08707262003275164
70.125	0.07900262182161984
70.25	0.06703384022925434
70.375	0.05391641754309817
70.5	0.03963500971134093
70.625	0.026793756683311812
70.75	0.016718227340169145
70.875	0.009698695767955045
71.0	0.005770850921244024
71.125	0.003758094697398553
71.25	0.004848792967558531
71.375	0.008677121835878555
71.5	0.015142551499456177
71.625	0.02401713384576618
71.75	0.035166491923803826
71.875	0.047113823852195716
72.0	0.058803000810942814
72.125	0.06923704112235426
72.25	0.07885317762900633
72.375	0.08680912716379204
72.5	0.0925438254797845
72.625	0.09491904715618224
72.75	0.09258886888300824
72.875	0.08445324477351411
73.0	0.07058468735777361
73.125	0.0522931577051053
73.25	0.032376527787408675
73.375	0.013152949711430457
73.5	-0.00319035693281943
73.625	-0.01613822675298892
73.75	-0.025863380459795113
73.875	-0.03325150494572423
74.0	-0.03903808941160296
74.125	-0.04320357452262545
74.25	-0.04499209942831685
74.375	-0.0441322361347249
74.5	-0.03973554119296359
74.625	-0.032619459047417906
74.75	-0.023646901454439498
74.875	-0.014839575472320109
75.0	-0.007759915980218847
75.125	-0.003169305428341317
75.25	-0.0016960740954485092
75.375	-0.003176405952278292
75.5	-0.006937551132884452
75.625	-0.012936344495192478
75.75	-0.019661257655881306
75.875	-0.027492440427268974
76.0	-0.03489615182705413
76.125	-0.04178675829283386
76.25	-0.04665568440783357
76.375	-0.04832082759077691
76.5	-0.04512069296557332
76.625	-0.036147544016001495
76.75	-0.02236315687878092
76.875	-0.00553310730221683
77.0	0.012087971817716408
77.125	0.027186578502842635
77.25	0.03845807221897562
77.375	0.04427509726892352
77.5	0.04584026157442792
77.625	0.04304111737386278
77.75	0.037018401329383645
77.875	0.028160285708790225
78.0	0.01662078150478433
78.125	0.0023771173509160707
78.25	-0.014192189796859747
78.375	-0.032363394999242824
78.5	-0.05037016371643084
78.625	-0.06654467723314442
78.75	-0.07943070061602375
78.875	-0.08771166306001998
79.0	-0.09075857785330906
79.125	-0.088595624532815
79.25	-0.08021489774628132
79.375	-0.06582036061564549
79.5	-0.045564669849655716
79.625	-0.02144321164629679
79.75	0.004997252704923847
79.875	0.031676606157010664
80.0	0.056110921751185254
80.125	0.07632209469894811
80.25	0.09205095028208284
80.375	0.10292171336709222
80.5	0.11017019545839099
80.625	0.11370166536576728
80.75	0.11435238586874562
80.875	0.11147848827949092
81.0	0.10471661462696703
81.125	0.09384055438611273
81.25	0.07931791082410819
81.375	0.061732921216672794
81.5	0.042850341676254816
81.625	0.023718294208784206
81.75	0.00617941959861855
81.875	-0.009929683973286016
82.0	-0.024688957348050235
82.125	-0.03787916192289266
82.25	-0.048829094590530774
82.375	-0.057781860643018136
82.5	-0.06539249628378475
82.625	-0.07422803326646862
82.75	-0.08457429534205538
82.875	-0.09768206893394238
83.0	-0.11026987753436363
83.125	-0.12179867301159446
83.25	-0.13400870984894755
83.375	-0.14315312841594188
83.5	-0.14613272228924956
83.625	-0.1450416514624033
83.75	-0.13927468193139522
83.875	-0.12933795712610419
84.0	-0.11718194298104648
84.125	-0.10074168546462942
84.25	-0.0815931465198529
84.375	-0.06162770512622131
84.5	-0.03872285789463772
84.625	-0.014068265987164895
84.75	0.013638353714696613
84.875	0.043069462514415284
85.0	0.07376288742316822
85.125	0.1033013458050471
85.25	0.1296022751144191
85.375	0.15048439266997277
85.5	0.16541119410266628
85.625	0.17394983564876754
85.75	0.17706502318944697
85.875	0.17572862313855095
86.0	0.17173857098155543
86.125	0.16574089615845516
86.25	0.15780112834849047
86.375	0.14659614864526546
86.5	0.1323640494410453
86.625	0.1151100908390667
86.75	0.0961516670294041
86.875	0.07593786814194133
87.0	0.05658411429800393
87.125	0.03864222772899383
87.25	0.023556690338677747
87.375	0.01149854206995957
87.5	0.0034698646851151357
87.625	-0.001758397425000676
87.75	-0.004333408280584797
87.875	-0.005830496319540309
88.0	-0.0066989214449543035
88.125	-0.008515790467031017
88.25	-0.011245641915045434
88.375	-0.015009378070930156
88.5	-0.019072477299031793
88.625	-0.023840083305000957
88.75	-0.02801518134976831
88.875	-0.032157331451406285
89.0	-0.03499059187875045
89.125	-0.037709173992174536
89.25	-0.039551361309153335
89.375	-0.04096473211685544
89.5	-0.04141790277947621
89.625	-0.04100565715950303
89.75	-0.039556284120844484
89.875	-0.0382499040766665
90.0	-0.037393789202134806
90.125	-0.038015448618882425
90.25	-0.03952582546830975
90.375	-0.04258813525014069
90.5	-0.04606268930742857
90.625	-0.05003459014418984
90.75	-0.052514360103339194
90.875	-0.054786841711118646
91.0	-0.05601900342259484
91.125	-0.058277970498525185
91.25	-0.06138002360799116
91.375	-0.06591857678779954
91.5	-0.07050223781613395
91.625	-0.07475563027787387
91.75	-0.07735555270284827
91.875	-0.07735621455839026
92.0	-0.07398938631496275
92.125	-0.06881615870910159
92.25	-0.0616056186960947
92.375	-0.053900368215690275
92.5	-0.04496203539894223
92.625	-0.0353014204766517
92.75	-0.023506160903609415
92.875	-0.00977604122205633
93.0	0.005294916182401521
93.125	0.020776126802122537
93.25	0.036018914063661846
93.375	0.04988656310232697
93.5	0.062160761885922386
93.625	0.07189970675009286
93.75	0.07943517545554993
93.875	0.08347847588548014
94.0	0.08429781693790682
94.125	0.08030747725744165
94.25	0.07213524696454077
94.375	0.05950925271412261
94.5	0.04416704572842039
94.625	0.026992379042387517
94.75	0.009798730550109592
94.875	-0.006935071770115981
95.0	-0.02174659351957975
95.125	-0.034691778040877363
95.25	-0.044036843212412115
95.375	-0.05066860796521154
95.5	-0.05395568648875636
95.625	-0.05550906342443275
95.75	-0.05519511624537685
95.875	-0.054011281440415816
96.0	-0.05135737676567216
96.125	-0.04729115130173149
96.25	-0.0406896287049959
96.375	-0.03268774452901257
96.5	-0.0232308068855228
96.625	-0.014731146849059757
96.75	-0.00847935539245494
96.875	-0.006970252546907776
97.0	-0.010177060798391731
97.125	-0.018264383604021415
97.25	-0.028599334106033308
97.375	-0.040230496879739695
97.5	-0.049368905353658205
97.625	-0.05673424856327149
97.75	-0.060276635753563484
97.875	-0.06173100924893515
98.0	-0.0606972781081173
98.125	-0.05901641222202393
98.25	-0.0576382512862598
98.375	-0.05771231091910723
98.5	-0.05993695607697
98.625	-0.06713765777994618
98.75	-0.07844196419663103
98.875	-0.09498551921524466
99.0	-0.11485179706046318
99.125	-0.13790302770275553
99.25	-0.16112111950751143
99.375	-0.1829300474872294
99.5	-0.20012746168249573
99.625	-0.21296727455947928
99.75	-0.2185906487926815
99.875	-0.2177269231666318
100.0	-0.20894101255367284
100.125	-0.19488520129140355
100.25	-0.17602698070046288
100.375	-0.15531008182097483
100.5	-0.1325558448215144
100.625	-0.11029023322620063
100.75	-0.08660477977375282
100.875	-0.06321449125599674
101.0	-0.038373056400192986
101.125	-0.014566722796157087
101.25	0.009221373614442271
101.375	0.030059489501653564
101.5	0.0485698334136614
101.625	0.06213419406201478
101.75	0.07259795398040073
101.875	0.0770135638000194
102.0	0.078832392371317
102.125	0.07684149992811384
102.25	0.0757009311795896
102.375	0.07322477247735316
102.5	0.07313999622583517
102.625	0.07215444745716258
102.75	0.07194364616695524
102.875	0.06877333805134908
103.0	0.06662745462113666
103.125	0.06416664005083524
103.25	0.0676304387772893
103.375	0.07451425444980736
103.5	0.08821896112972713
103.625	0.1013128100245118
103.75	0.11449089777580197
103.875	0.12063412500041917
104.0	0.121153288996515
104.125	0.11170619855294474
104.25	0.09715522217226452
104.375	0.07400164545181094
104.5	0.06081525099536545
104.625	0.045821680897008575
104.75	0.04235158684571277
104.875	0.018655149941362137
105.0	-0.02087065269819558
105.125	-0.11653457222454339
105.25	-0.005740272736743173
