0.0	-0.01354181687285162
0.125	-0.09197597880842823
0.25	-0.1775989070288234
0.375	-0.27244752420142265
0.5	-0.37725912742747436
0.625	-0.49372443638668223
0.75	-0.6225018368705949
0.875	-0.7654762936894273
1.0	-0.9216471153897334
1.125	-1.0903016889065091
1.25	-1.2681420567927535
1.375	-1.4527061172813331
1.5	-1.6395535407796702
1.625	-1.8259148689417275
1.75	-2.008101830351157
1.875	-2.1846494283614932
2.0	-2.352797594481264
2.125	-2.5112368837160344
2.25	-2.6561260864712306
2.375	-2.7838419260299476
2.5	-2.8887452717644804
2.625	-2.9663927914468657
2.75	-3.011389017287925
2.875	-3.0205436582301592
3.0	-2.989766868481675
3.125	-2.9182358962973605
3.25	-2.8050307007514004
3.375	-2.6523586118478195
3.5	-2.461720296574058
3.625	-2.236624644006137
3.75	-1.9778191440216322
3.875	-1.686689842686221
4.0	-1.3622585694771212
4.125	-1.005760349881966
4.25	-0.618050706331059
4.375	-0.20388097301196975
4.5	0.22872725767622523
4.625	0.667506656636518
4.75	1.1014893827549157
4.875	1.5190948259073127
5.0	1.9145955887105417
5.125	2.282588761510618
5.25	2.621115887944062
5.375	2.925869648733442
5.5	3.192054065857422
5.625	3.4127051527770904
5.75	3.5819663491125477
5.875	3.6943158533699028
6.0	3.7486340095437636
6.125	3.7466501192442854
6.25	3.695937834479953
6.375	3.603472119589131
6.5	3.4770746534132684
6.625	3.3199158608893207
6.75	3.1347907098929864
6.875	2.919556880301704
7.0	2.6747226979307452
7.125	2.39888376461622
7.25	2.095005646892038
7.375	1.7672622912468121
7.5	1.4250131742686956
7.625	1.0767561226610443
7.75	0.7326406666344243
7.875	0.4003361602836426
8.0	0.08706914220193784
8.125	-0.20480491025831524
8.25	-0.47189436208928814
8.375	-0.7132638484949126
8.5	-0.9268297488671836
8.625	-1.1131348214303636
8.75	-1.2702974809416245
8.875	-1.3985465388470002
9.0	-1.4965829798932277
9.125	-1.565844384634262
9.25	-1.605955686806189
9.375	-1.6194727397633282
9.5	-1.606506513223334
9.625	-1.5692282050213504
9.75	-1.5081211727804429
9.875	-1.426541274374071
10.0	-1.3265210517566153
10.125	-1.2133538821800396
10.25	-1.0904092123996145
10.375	-0.9639180890880603
10.5	-0.8360689424225515
10.625	-0.7117955555215593
10.75	-0.5930593360585679
10.875	-0.4840777572566352
11.0	-0.38687035968718225
11.125	-0.3053610853214938
11.25	-0.24183634005976876
11.375	-0.1994671364578587
11.5	-0.1778895635131342
11.625	-0.17810681767106706
11.75	-0.19879584740233874
11.875	-0.24091208505961417
12.0	-0.30331768123119085
12.125	-0.3858027079128856
12.25	-0.48670756467774956
12.375	-0.6043920239457709
12.5	-0.7344568618833219
12.625	-0.8723316682987551
12.75	-1.0137886358773445
12.875	-1.1555103392401198
13.0	-1.2938667746500634
13.125	-1.4277090979211289
13.25	-1.553329591087115
13.375	-1.6709324721884606
13.5	-1.7760525459315033
13.625	-1.8656642351221338
13.75	-1.9357378720586196
13.875	-1.9829577347341447
14.0	-2.004618333645588
14.125	-1.999113155467877
14.25	-1.9653520133359768
14.375	-1.903507538599792
14.5	-1.8135454121591403
14.625	-1.6964572736391852
14.75	-1.5522449014752313
14.875	-1.3818609644369602
15.0	-1.186296507719727
15.125	-0.9670189840316206
15.25	-0.725296264102823
15.375	-0.46383367428190364
15.5	-0.18486088541557216
15.625	0.10754907620172705
15.75	0.41044278901025194
15.875	0.7188075893573578
16.0	1.0297553824958479
16.125	1.3390325337953313
16.25	1.644402622855409
16.375	1.9425294118450858
16.5	2.2314706096933414
16.625	2.507589165050756
16.75	2.7685955979592562
16.875	3.0102654680953114
17.0	3.2301987744979272
17.125	3.42404447730745
17.25	3.5898756879333233
17.375	3.7237750997528924
17.5	3.8245120411566673
17.625	3.8898630331230746
17.75	3.9197009120260127
17.875	3.91271508944084
18.0	3.870012629438639
18.125	3.7909184574314065
18.25	3.676716128912516
18.375	3.526595926969641
18.5	3.3427932282025297
18.625	3.1248881919920297
18.75	2.8768730497884563
18.875	2.6012990610112356
19.0	2.302541609902253
19.125	1.9834383390287638
19.25	1.64771082091162
19.375	1.2974737904511653
19.5	0.9349455404498656
19.625	0.565726053848758
19.75	0.19533525547857764
19.875	-0.17755704578383297
20.0	-0.5499165464547835
20.125	-0.9180651422572664
20.25	-1.2790000174358038
20.375	-1.6301489052463045
20.5	-1.9688666568182145
20.625	-2.2962672158401274
20.75	-2.605995255002472
20.875	-2.8980497332821042
21.0	-3.169397272515758
21.125	-3.4202918035252714
21.25	-3.647516157310654
21.375	-3.8474463356081623
21.5	-4.0169346566669475
21.625	-4.155152956049958
21.75	-4.2599795337342785
21.875	-4.331766256017094
22.0	-4.368657920721082
22.125	-4.370568325526637
22.25	-4.33481259900151
22.375	-4.259274541214305
22.5	-4.141699595363378
22.625	-3.9819647928434403
22.75	-3.7809457025542854
22.875	-3.5430831683821933
23.0	-3.271113145228119
23.125	-2.968532882110666
23.25	-2.637278827014496
23.375	-2.2811215739870523
23.5	-1.9028721494024174
23.625	-1.506825336039227
23.75	-1.0962128057797431
23.875	-0.6762887066870122
24.0	-0.25073994688957396
24.125	0.17484330267203868
24.25	0.5962274626896465
24.375	1.008007993946669
24.5	1.4062292401145557
24.625	1.786324955228384
24.75	2.145715583257205
24.875	2.4823540685007597
25.0	2.7956147958284943
25.125	3.0829703311054684
25.25	3.3426998215838952
25.375	3.570120862529033
25.5	3.7620175615308344
25.625	3.912456661822869
25.75	4.0200251725240665
25.875	4.0828873371347045
26.0	4.102047451563305
26.125	4.077580904228221
26.25	4.011957473868734
26.375	3.906428131262736
26.5	3.763688144333129
26.625	3.583731936105771
26.75	3.3697436643611174
26.875	3.1236487204625587
27.0	2.848871517960473
27.125	2.5479341596799707
27.25	2.2257347803278087
27.375	1.8842156183771295
27.5	1.5289037253211883
27.625	1.1619341770554055
27.75	0.7897274463702165
27.875	0.41724575514375944
28.0	0.05025351144966616
28.125	-0.3071496853781975
28.25	-0.6515452999424796
28.375	-0.9812211014361227
28.5	-1.2928352280969586
28.625	-1.586674928766875
28.75	-1.85933693504202
28.875	-2.1106195886010948
29.0	-2.33730041894458
29.125	-2.538357689934068
29.25	-2.710851067271305
29.375	-2.8535838398132793
29.5	-2.965647803055431
29.625	-3.047394982686665
29.75	-3.0978347200319547
29.875	-3.1180783883455065
30.0	-3.106783109292579
30.125	-3.066066771542277
30.25	-2.9948646193548654
30.375	-2.895074153155936
30.5	-2.7666310987826583
30.625	-2.61269763527563
30.75	-2.4353259743546136
30.875	-2.238912619858444
31.0	-2.0254998694578914
31.125	-1.7992112954608193
31.25	-1.5612756619347419
31.375	-1.3151732805589786
31.5	-1.0614308615780186
31.625	-0.8021121292348156
31.75	-0.5377225499546847
31.875	-0.27086047846950434
32.0	-0.0019280829095896014
32.125	0.26570749448319314
32.25	0.5314371416423292
32.375	0.7910489819206521
32.5	1.043819374066191
32.625	1.2856297351710069
32.75	1.5149380483894368
32.875	1.7289544988100205
33.0	1.927260519966916
33.125	2.10783280253874
33.25	2.2712786705091608
33.375	2.414979397395647
33.5	2.5395648537612545
33.625	2.6412105241971506
33.75	2.7197477483792043
33.875	2.7729845740958434
34.0	2.800542848790365
34.125	2.8022949529855694
34.25	2.779235157653399
34.375	2.7333347685101286
34.5	2.6664074202328676
34.625	2.5768017987865557
34.75	2.467109493566104
34.875	2.334773646938042
35.0	2.181937610562447
35.125	2.008121244330789
35.25	1.8154315677374828
35.375	1.6049292115634028
35.5	1.379978290683492
35.625	1.1410145218898045
35.75	0.8911027096290435
35.875	0.630963500057541
36.0	0.36421724447953613
36.125	0.09294226283483863
36.25	-0.17754378070000912
36.375	-0.44509316509672536
36.5	-0.7048457771668029
36.625	-0.9560763795540116
36.75	-1.1957345284019145
36.875	-1.424617684228438
37.0	-1.640194628607252
37.125	-1.8428264180516187
37.25	-2.0299412355740674
37.375	-2.2023333427801743
37.5	-2.35828375358968
37.625	-2.4997187426503826
37.75	-2.6248468893152253
37.875	-2.734640634106848
38.0	-2.8266145642184615
38.125	-2.9005409019538573
38.25	-2.9537422789926944
38.375	-2.9873064061332943
38.5	-3.000448568436772
38.625	-2.9948585903673903
38.75	-2.9686098546393627
38.875	-2.922759968355471
39.0	-2.854971011900435
39.125	-2.7664276705201263
39.25	-2.6560325885474234
39.375	-2.5273806984108877
39.5	-2.3805417457679674
39.625	-2.2193093569651183
39.75	-2.0432748550177795
39.875	-1.8546557450777572
40.0	-1.650743342829087
40.125	-1.431757611121095
40.25	-1.1957633934941372
40.375	-0.94443059583436
40.5	-0.6775530511178304
40.625	-0.40086163363079946
40.75	-0.1176080243361773
40.875	0.16596051511220686
41.0	0.451074769983222
41.125	0.7325326980402428
41.25	1.0120328092639466
41.375	1.2855141137658075
41.5	1.5542935307532162
41.625	1.813406040710519
41.75	2.0635398942930343
41.875	2.301147560093002
42.0	2.52300582386604
42.125	2.7309710358547843
42.25	2.9245657254584816
42.375	3.102347199559173
42.5	3.2602432861495516
42.625	3.399502789823237
42.75	3.517612425374675
42.875	3.6133306943811663
43.0	3.6865348359349763
43.125	3.735199067701602
43.25	3.760916939277019
43.375	3.7611873765022175
43.5	3.736621320985156
43.625	3.6841220599999542
43.75	3.6021000500626705
43.875	3.4873066958829497
44.0	3.338969857741096
44.125	3.1555245197846773
44.25	2.9394426809684293
44.375	2.691797190628483
44.5	2.4177310499778737
44.625	2.1194212961039196
44.75	1.8028249854421976
44.875	1.4724885799560237
45.0	1.1312397110479677
45.125	0.7798569540524537
45.25	0.41959179029339594
45.375	0.05119179705331871
45.5	-0.3227520222758781
45.625	-0.6999686214935261
45.75	-1.0743279494944322
45.875	-1.4415717899650613
46.0	-1.7950687360745594
46.125	-2.1321692290466143
46.25	-2.4491135592577815
46.375	-2.7443996035071025
46.5	-3.015557249752431
46.625	-3.2613327517608184
46.75	-3.480248013028676
46.875	-3.670569335897715
47.0	-3.8291172614104507
47.125	-3.955533684584419
47.25	-4.045895138039874
47.375	-4.100760900114559
47.5	-4.1181384563506676
47.625	-4.097353192056035
47.75	-4.039966664711154
47.875	-3.9467578226896483
48.0	-3.8226646331907883
48.125	-3.667207092399183
48.25	-3.4845224659616516
48.375	-3.2785604204531067
48.5	-3.0510322370191245
48.625	-2.8015267204281247
48.75	-2.5323798451769486
48.875	-2.250152742435876
49.0	-1.9545021402761125
49.125	-1.6529917975617838
49.25	-1.3481212740215984
49.375	-1.0487432036915632
49.5	-0.7545440349671273
49.625	-0.471525382068534
49.75	-0.1992210937707845
49.875	0.06007789453866632
50.0	0.30840020776838917
50.125	0.5429166446930404
50.25	0.7655633317854139
50.375	0.9741511956551543
50.5	1.1711422590176999
50.625	1.3529215475510346
50.75	1.5212274089042959
50.875	1.672148346351004
51.0	1.8071775501249205
51.125	1.9233031237826466
51.25	2.0229569132249328
51.375	2.1056232868504035
51.5	2.1749819550988723
51.625	2.230891976512208
51.75	2.2770180259472608
51.875	2.312150395667532
52.0	2.3388960424000396
52.125	2.354445931477784
52.25	2.3615261491111847
52.375	2.358920424868806
52.5	2.350438868243066
52.625	2.3359596133655134
52.75	2.318550415937199
52.875	2.297276647135521
53.0	2.274329706569504
53.125	2.2475331810901404
53.25	2.217708939683069
53.375	2.1814439067016007
53.5	2.140749417028322
53.625	2.093763638200727
53.75	2.042619459573224
53.875	1.9854762161415245
54.0	1.92461539329628
54.125	1.8575741581367646
54.25	1.7852062952692263
54.375	1.7049017702909237
54.5	1.61765037399227
54.625	1.5198033842156708
54.75	1.4117460259034662
54.875	1.290373447163619
55.0	1.1552138171859152
55.125	1.003610138230033
55.25	0.8378302835160492
55.375	0.6577301390443752
55.5	0.466776211178327
55.625	0.26511089863869075
55.75	0.05619164519698652
55.875	-0.16125438651723592
56.0	-0.3872284476142074
56.125	-0.6220724249759739
56.25	-0.864012068315953
56.375	-1.1123946445932158
56.5	-1.362481723036506
56.625	-1.6125839376602396
56.75	-1.8570153807696779
56.875	-2.0949231123528547
57.0	-2.3214473699448885
57.125	-2.5351997653284397
57.25	-2.7305611114618453
57.375	-2.9054092120747916
57.5	-3.054319459359626
57.625	-3.17640819043967
57.75	-3.268974493772614
57.875	-3.3336032342474113
58.0	-3.368275514196363
58.125	-3.374885219223425
58.25	-3.3512661345485584
58.375	-3.2994213093382787
58.5	-3.217429065632173
58.625	-3.1084572356865223
58.75	-2.9722312291449695
58.875	-2.8126767246326807
59.0	-2.6294402222708344
59.125	-2.4250308557502738
59.25	-2.1977047414803974
59.375	-1.9506008393773702
59.5	-1.6838252416137447
59.625	-1.4032197945790499
59.75	-1.1116291969432253
59.875	-0.8164464915991846
60.0	-0.5208648720361496
60.125	-0.23156802498378684
60.25	0.049332994597171755
60.375	0.3161799260789957
60.5	0.5689339356484969
60.625	0.8032150343027127
60.75	1.0203425398867028
60.875	1.2175117856304198
61.0	1.3970295620667286
61.125	1.556989848589957
61.25	1.6988930922372225
61.375	1.820090882879647
61.5	1.9217621231610404
61.625	2.0028083869423994
61.75	2.0669105754848305
61.875	2.1141256377346718
62.0	2.148686319534076
62.125	2.168719636214485
62.25	2.1774499788087454
62.375	2.174444375622496
62.5	2.1619632343513686
62.625	2.13816890716949
62.75	2.105675873391661
62.875	2.0612557854751006
63.0	2.0087880048144235
63.125	1.9484779298331283
63.25	1.8841327508050194
63.375	1.8166994105161434
63.5	1.7496894586035792
63.625	1.6808149539489525
63.75	1.6126432437833031
63.875	1.5425515371662009
64.0	1.4725502263235273
64.125	1.399627153415127
64.25	1.3253564521112902
64.375	1.246530374654367
64.5	1.1647589514443775
64.625	1.0780653934669504
64.75	0.9902071086473148
64.875	0.8994847866215023
65.0	0.8093365529343132
65.125	0.7172198167044884
65.25	0.6247817782011599
65.375	0.5287251048680853
65.5	0.4300921690069572
65.625	0.3262009590091822
65.75	0.2189211871716457
65.875	0.10586263449362683
66.0	-0.010047213829940792
66.125	-0.13061761496773958
66.25	-0.2518306958122495
66.375	-0.3755632649064777
66.5	-0.49834222438626513
66.625	-0.6222585046951585
66.75	-0.7444912738568479
66.875	-0.8678221558069203
67.0	-0.9896947154548197
67.125	-1.1123512991792706
67.25	-1.2332364213046532
67.375	-1.353938887782815
67.5	-1.471271221913372
67.625	-1.5871539653298958
67.75	-1.6977872614030407
67.875	-1.8048758944855567
68.0	-1.9039761008729315
68.125	-1.9968803728085254
68.25	-2.079238508917731
68.375	-2.151799708722096
68.5	-2.21269801240988
68.625	-2.262971119752244
68.75	-2.2998700771173683
68.875	-2.3250489917465726
69.0	-2.3362122796301903
69.125	-2.334362272884489
69.25	-2.315628069272695
69.375	-2.2816981000640304
69.5	-2.231094270789054
69.625	-2.164147889335933
69.75	-2.079454603163797
69.875	-1.9782279696380762
70.0	-1.8592500145050996
70.125	-1.724719764212868
70.25	-1.5730133283101402
70.375	-1.4077413633683995
70.5	-1.2269788624287463
70.625	-1.0361823819994704
70.75	-0.83242762068742
70.875	-0.6200010790154792
71.0	-0.3962530307423654
71.125	-0.1662850383415028
71.25	0.07076236680918263
71.375	0.3107788533299633
71.5	0.5544662891858585
71.625	0.7970543101055078
71.75	1.0400652251729572
71.875	1.2792131026861746
72.0	1.5150997571660783
72.125	1.7418247127726476
72.25	1.9594602474553655
72.375	2.163077042680505
72.5	2.353003449685285
72.625	2.5247470131461047
72.75	2.6793737509392788
72.875	2.812014290170767
73.0	2.923352007990249
73.125	3.0081950465943414
73.25	3.068251196563175
73.375	3.1003668893392775
73.5	3.108152746549671
73.625	3.09001829045078
73.75	3.0499637052861623
73.875	2.9857817096740833
74.0	2.9005094428295237
74.125	2.790667651752568
74.25	2.659746133809122
74.375	2.5053018211099705
74.5	2.332379390239921
74.625	2.1409308885487124
74.75	1.9372482885939972
74.875	1.7215760428589741
75.0	1.4989260628134784
75.125	1.2676513266194036
75.25	1.0318357151804671
75.375	0.7881404105230506
75.5	0.5407092677504708
75.625	0.28628594429171866
75.75	0.029511321577975008
75.875	-0.23151904410528856
76.0	-0.4922647604843488
76.125	-0.7540877423318693
76.25	-1.0128800109922116
76.375	-1.2699563086370544
76.5	-1.520222317572141
76.625	-1.7632754104045998
76.75	-1.9917067152684154
76.875	-2.2053108882724928
77.0	-2.3967402661165327
77.125	-2.5672669080232855
77.25	-2.712103204019923
77.375	-2.8343476047858944
77.5	-2.9306505911895364
77.625	-3.003636462579964
77.75	-3.0502402339529255
77.875	-3.0728385086133994
78.0	-3.0679368353625285
78.125	-3.038843106432205
78.25	-2.9826475872932625
78.375	-2.903532595664404
78.5	-2.7987432768643226
78.625	-2.6718864778215288
78.75	-2.5197962442542976
78.875	-2.346671697241206
79.0	-2.1496606151826527
79.125	-1.9348501244672973
79.25	-1.7010546564204958
79.375	-1.4543508454178462
79.5	-1.1933191879457798
79.625	-0.9240480174998088
79.75	-0.6459654892683011
79.875	-0.3653228865775089
80.0	-0.08129793224807332
80.125	0.19810451252235936
80.25	0.47284473888060624
80.375	0.7347109421573597
80.5	0.9834768078694751
80.625	1.2112473110248771
80.75	1.4175809210116654
80.875	1.5950722708450895
81.0	1.7436645180959218
81.125	1.8564966720843075
81.25	1.9359252299943532
81.375	1.9775652003838546
81.5	1.9869149669579294
81.625	1.9626045968487071
81.75	1.9123878031117874
81.875	1.836354124275365
82.0	1.7410087756399681
82.125	1.6240825044696423
82.25	1.492043941894903
82.375	1.3432854662276428
82.5	1.1857936922708667
82.625	1.0180357260060997
82.75	0.8473056479372004
82.875	0.6721122967488049
83.0	0.49939378438216014
83.125	0.33161982737264967
83.25	0.17405504408007846
83.375	0.022542891607529234
83.5	-0.11297624421680881
83.625	-0.23341578812376224
83.75	-0.3335499425932747
83.875	-0.41442044367643105
84.0	-0.4712861396594193
84.125	-0.5078296997530296
84.25	-0.515966446109543
84.375	-0.5031351132669329
84.5	-0.46522861128564474
84.625	-0.40815862043845297
84.75	-0.329053622244842
84.875	-0.23376999815560204
85.0	-0.11960423468784327
85.125	0.007517219212886077
85.25	0.15013971660254125
85.375	0.30076393164996434
85.5	0.46060201031210873
85.625	0.6206263738669018
85.75	0.780723171881878
85.875	0.9309269010196859
86.0	1.0720142276286373
86.125	1.1960172336620158
86.25	1.3062550156403543
86.375	1.39549305835003
86.5	1.4670858846732255
86.625	1.5145317490727126
86.75	1.5426660064596316
86.875	1.5458423197541362
87.0	1.5297214259953564
87.125	1.4898592027791255
87.25	1.4324842244298064
87.375	1.3530735360540416
87.5	1.2583983730426629
87.625	1.1442903788544339
87.75	1.0172508906270343
87.875	0.8731950201493989
88.0	0.7192651625767569
88.125	0.5517428591462995
88.25	0.3779607793037092
88.375	0.19455646285799133
88.5	0.01043356308272698
88.625	-0.17756543624303583
88.75	-0.36048460022796214
88.875	-0.5416186418240065
89.0	-0.7129096590041364
89.125	-0.8787980621096725
89.25	-1.0336391198609687
89.375	-1.1832552487675216
89.5	-1.322128730888461
89.625	-1.4558718233552623
89.75	-1.5770963528471906
89.875	-1.6907779998679302
90.0	-1.789436057071089
90.125	-1.8788257315142016
90.25	-1.951672630333181
90.375	-2.0143636065056754
90.5	-2.060469783136616
90.625	-2.0974569943983
90.75	-2.1188177465761036
90.875	-2.1314680723344064
91.0	-2.1293404450702247
91.125	-2.118867083449331
91.25	-2.094204166477264
91.375	-2.0618092592064317
91.5	-2.0149203603832007
91.625	-1.959793301296933
91.75	-1.8902131063850698
91.875	-1.8139570215777865
92.0	-1.7239921602398258
92.125	-1.6285233015072709
92.25	-1.521077147195725
92.375	-1.4091044531947625
92.5	-1.2853116617797948
92.625	-1.1562915667520532
92.75	-1.014337314433312
92.875	-0.8657461321371116
93.0	-0.7034558330883794
93.125	-0.5366502219385604
93.25	-0.3592429015361408
93.375	-0.18150006392904358
93.5	0.0031586886533148235
93.625	0.18507234181827517
93.75	0.3723618654404433
93.875	0.5562854354089326
94.0	0.745113455052957
94.125	0.9291067878420369
94.25	1.1145163166729295
94.375	1.289873330147792
94.5	1.4610907998280989
94.625	1.6172086070174572
94.75	1.766135385033483
94.875	1.8977767152033083
95.0	2.0210374486944356
95.125	2.125223955821727
95.25	2.2191877151296904
95.375	2.292552222782887
95.5	2.354564158962208
95.625	2.395484697058682
95.75	2.425495516125365
95.875	2.4352176592949983
96.0	2.4353931211698225
96.125	2.4156585091813363
96.25	2.38715412268476
96.375	2.339067051386627
96.5	2.2826606240832668
96.625	2.2073465365728206
96.75	2.124756978188817
96.875	2.0229283816684496
97.0	1.9125718816708472
97.125	1.7800483593564704
97.25	1.6366834262764787
97.375	1.4693247945146892
97.5	1.2919631807953884
97.625	1.0943267467002342
97.75	0.8913660915827961
97.875	0.6730541424267903
98.0	0.45359408530639855
98.125	0.2214748592646196
98.25	-0.009670877891050977
98.375	-0.25284785452559516
98.5	-0.490607963603579
98.625	-0.7350571782453038
98.75	-0.9675030212943585
98.875	-1.198549468531398
99.0	-1.4082706047139133
99.125	-1.608641162443798
99.25	-1.7809001408906968
99.375	-1.9395483360858483
99.5	-2.065750804234123
99.625	-2.1767580735626253
99.75	-2.2555405522356935
99.875	-2.320480879744073
100.0	-2.3529143792898037
100.125	-2.370483842325855
100.25	-2.352530565043151
100.375	-2.317559354207394
100.5	-2.243729278087489
100.625	-2.1518703637699352
100.75	-2.020594004374767
100.875	-1.8721895679846938
101.0	-1.6842830812380463
101.125	-1.4812480764901512
101.25	-1.241580148037732
101.375	-0.9946418420818328
101.5	-0.7211136848129315
101.625	-0.4552700405079478
101.75	-0.1759451415301379
101.875	0.08155380427777266
102.0	0.3413716437568235
102.125	0.5682890272288071
102.25	0.7903999878392385
102.375	0.9704030760731823
102.5	1.1394001806246772
102.625	1.261641399230835
102.75	1.3764926956318906
102.875	1.4462901727148645
103.0	1.5133891701229805
103.125	1.5319277394884396
103.25	1.5458219514669473
103.375	1.5036027207315685
103.5	1.4594666494927442
103.625	1.3615942052060241
103.75	1.2773394794623225
103.875	1.1486096576825597
104.0	1.0534781772801893
104.125	0.9140807018151239
104.25	0.8214599204217756
104.375	0.6659262486507993
104.5	0.5655435996867825
104.625	0.38540786004442756
104.75	0.2895759286710872
104.875	0.08087436810154862
105.0	0.021928464204150618
105.125	-0.4053434403445813
105.25	-0.6188088155520637
