0.0	0.01489547405973719	3.141592653589793
0.007827788649706457	0.04021664894835782	2.7333180258020167
0.015655577299412915	0.0571538007450535	2.987366030299744
0.023483365949119372	0.06269398837688564	-2.973824554151003
0.03131115459882583	0.046809121291729094	-2.817531659348414
0.03913894324853229	0.034958183893985126	-2.9654402571311786
0.046966731898238745	0.052214699752479256	2.8548244072946045
0.0547945205479452	0.0785051579677217	-3.1186207227689837
0.06262230919765166	0.06873696944947479	-1.949516760950043
0.07045009784735812	0.04396120111392735	0.6664720829354686
0.07827788649706457	0.2940935398697581	-2.6897082718807326
0.08610567514677103	0.7446796365058902	-2.7582384742481802
0.09393346379647749	0.7792009145021033	0.7207867889910338
0.10176125244618395	1.1949124742300181	2.9752351772772276
0.1095890410958904	1.217998916902861	1.2525832444166978
0.11741682974559686	0.8519088463681274	-0.5269804210069444
0.12524461839530332	0.6018710337920418	-1.2399777358788173
0.13307240704500978	0.7774675908306116	2.237796379694977
0.14090019569471623	0.42795437233899786	2.6562959822429257
0.1487279843444227	0.4803099590508394	0.42801870603396885
0.15655577299412915	0.4518554871655251	0.8443191771928629
0.1643835616438356	0.4924740322119093	-0.4324858254711074
0.17221135029354206	0.11021658026762537	0.8503655535867157
0.18003913894324852	0.1442804597149007	-0.5436280985601896
0.18786692759295498	0.33720092897169857	-1.4437290537378922
0.19569471624266144	0.19827562129854676	-0.20057709588495184
0.2035225048923679	0.10801342153467097	-1.8336379198505597
0.21135029354207435	0.10092132701824323	-2.4547820062882777
0.2191780821917808	0.0517344291735666	-2.5103918531860137
0.22700587084148727	0.06802663253443417	-2.338777671200845
0.23483365949119372	0.07438911370627545	-0.9673188985496474
0.24266144814090018	0.026720499404450253	1.58574075768981
0.25048923679060664	0.03849002322985544	-3.0746178688750634
0.2583170254403131	0.04084883102363958	-2.973370722367881
0.26614481409001955	0.02474624571528316	-1.6805134862783884
0.273972602739726	0.008232173187359075	-1.213367891017117
0.28180039138943247	0.016098780559418206	1.2022702712113442
0.2896281800391389	0.006580794697041353	2.453028725112392
0.2974559686888454	0.012954993077942154	3.1291654406976654
0.30528375733855184	0.012812689322767832	-2.8195869677871
0.3131115459882583	0.001743383023715153	-0.36110407024941743
0.32093933463796476	0.007900157407279274	0.28784160509913015
0.3287671232876712	0.01037686827715634	0.9929197470035102
0.33659491193737767	0.0076033724750602	1.4047279434840652
0.34442270058708413	0.003388641408678192	-0.9082333210254294
0.3522504892367906	0.010273070886479644	-2.221307520005679
0.36007827788649704	0.007042392929942913	-0.30494828059132606
0.3679060665362035	0.009449984699301466	0.5552164149314862
0.37573385518590996	0.002271192120635387	2.206546346555746
0.3835616438356164	0.006420639725430253	-0.0789362550480844
0.3913894324853229	0.0024006513743879167	-2.252469741976441
0.39921722113502933	0.006736072934731557	-1.7493201730090442
0.4070450097847358	0.00336684884404286	0.30656225448405017
0.41487279843444225	0.0042262465388210185	-0.7185761187609585
0.4227005870841487	0.00466462115263493	0.15491816650032572
0.43052837573385516	0.0023666618603653414	1.1217420408595598
0.4383561643835616	0.0071281103629095436	-2.6149891968077865
0.4461839530332681	0.004097621154298802	-1.3013163771017204
0.45401174168297453	0.005492780440388214	-0.9717422537117781
0.461839530332681	0.004282075605526678	-0.08005627150874253
0.46966731898238745	0.0042854227484268904	2.240579584513038
0.4774951076320939	0.004958419558265795	2.5736770173798065
0.48532289628180036	0.005520019790255649	-2.130601217460116
0.4931506849315068	0.002820848249896689	-1.5598696587530791
0.5009784735812133	0.0047254898610859025	0.3797821242519675
0.5088062622309197	0.00598180300040973	1.1449749247373862
0.5166340508806262	0.0030862402652440013	2.325931725912166
0.5244618395303327	0.0029564968587083166	2.9206582145222177
0.5322896281800391	0.0035326078229952888	-1.0470535267940209
0.5401174168297456	0.003686272167859028	-0.1503017438635383
0.547945205479452	0.005986559835718421	0.3433725178260153
0.5557729941291585	0.002443271264463914	1.2296832767621204
0.5636007827788649	0.0017040938302220724	2.435045564190009
0.5714285714285714	0.00456617965331387	-1.7417320690306894
0.5792563600782779	0.003377858052865643	-0.49656876768878927
0.5870841487279843	0.003419622478627932	-0.46852979505874415
0.5949119373776908	0.0022786536063128617	-0.251633064469946
0.6027397260273972	0.0024001386982456818	2.1936979147723585
0.6105675146771037	0.0028156503980524264	-2.862648736105442
0.6183953033268101	0.0024902065839369557	-1.7359298873502247
0.6262230919765166	0.002471128594320106	-1.3721132397092435
0.6340508806262231	0.0020660070405362375	0.1830735286948132
0.6418786692759295	0.0025070343417131617	1.0284334522704992
0.649706457925636	0.0034398283523874853	2.2008890213379266
0.6575342465753424	0.001915752669892487	-2.964860885031377
0.6653620352250489	0.002566039921115612	-1.4931403778091277
0.6731898238747553	0.00335397877061691	-0.5711053701509187
0.6810176125244618	0.003941791609711821	0.6908877980858917
0.6888454011741683	0.0020811886335181627	1.186325004344635
0.6966731898238747	0.002606881921355693	2.8660986817995973
0.7045009784735812	0.002608500375102235	-1.8301847849400288
0.7123287671232876	0.003982286729112163	-1.2259464648532385
0.7201565557729941	0.001781626000850026	-0.39767731037400567
0.7279843444227005	0.003783711635295916	1.1183353833225562
0.735812133072407	0.0020274433420019375	2.5151062815043863
0.7436399217221135	0.00288470516544175	-3.0096443147808136
0.7514677103718199	0.002986061365913877	-1.6180668255672996
0.7592954990215264	0.0014986863367300231	-1.0036825311226334
0.7671232876712328	0.003040386298779783	0.6371437262906294
0.7749510763209393	0.0025346591103404597	1.6010129761330498
0.7827788649706457	0.00276274251482641	2.439517931985402
0.7906066536203522	0.0025080262291210602	-2.852058855933583
0.7984344422700587	0.0019487088640480175	-1.2569743861369407
0.8062622309197651	0.0033143158522251893	0.13829765663130394
0.8140900195694716	0.004053020479552469	0.8508842871555818
0.821917808219178	0.002777729478832816	1.7938960693854307
0.8297455968688845	0.0015149856289752902	-3.0805241034604767
0.837573385518591	0.002359773168305508	-1.4339576818603423
0.8454011741682974	0.002927067921411596	-0.733492662120824
0.8532289628180039	0.003144645640897883	0.3022883202477097
0.8610567514677103	0.002806219016205738	1.091085132494073
0.8688845401174168	0.0015278393351422026	2.8407629408633013
0.8767123287671232	0.0020537700467030953	-2.3305426407398238
0.8845401174168297	0.0026490032098176073	-1.3037469590217718
0.8923679060665362	0.0026890126867919464	-0.49196401312313165
0.9001956947162426	0.002318655131429343	0.7311613341714115
0.9080234833659491	0.0018542803290561407	1.8374939359170959
0.9158512720156555	0.002052412983523221	-3.0318419022253047
0.923679060665362	0.002446600471096523	-2.161759621478508
0.9315068493150684	0.0020538975630410863	-0.9387096631006238
0.9393346379647749	0.0019739662611670907	0.15272856147361127
0.9471624266144814	0.0022995993616520033	1.2019719432522962
0.9549902152641878	0.0022775647582686945	2.2191230816004204
0.9628180039138943	0.001954690056537436	-2.8074902526837637
0.9706457925636007	0.0017628763050758676	-1.5465820764756228
0.9784735812133072	0.0023323637446555474	-0.3557939036520693
0.9863013698630136	0.002451608349259961	0.4593969737719877
0.9941291585127201	0.0021985756320642477	1.6915857421225522
1.0019569471624266	0.0016485382230285136	2.793424702343943
1.009784735812133	0.0015976389157893824	-2.112392250524085
1.0176125244618395	0.0020307409455796923	-1.082812870488194
1.025440313111546	0.0020059374316782684	-0.10976068787865506
1.0332681017612524	0.0022360757886565304	1.0018794247025145
1.0410958904109588	0.0014762025071005558	1.958872140349497
1.0489236790606653	0.0016867729643643805	3.1312621435165107
1.0567514677103718	0.0017620300703817923	-1.6498571666429742
1.0645792563600782	0.0022247618755762344	-0.7511438005571164
1.0724070450097847	0.0020104108872248607	0.3171100942335058
1.0802348336594911	0.001799106677428103	1.3906018464688752
1.0880626223091976	0.0014964246284083211	2.47771507888916
1.095890410958904	0.0016265915639655563	-2.4245148414987554
1.1037181996086105	0.001841752694640135	-1.3925590944120443
1.111545988258317	0.0019012137895004911	-0.3872604220288057
1.1193737769080234	0.0018038669304952478	0.7983331283683087
1.1272015655577299	0.0016200470858970463	1.7647904692633671
1.1350293542074363	0.0015108481437547281	2.914128878039811
1.1428571428571428	0.0015778776661988436	-2.0694610586060076
1.1506849315068493	0.0018417376139438213	-1.0168105607654718
1.1585127201565557	0.001807001870010595	0.035452193866078535
1.1663405088062622	0.001789457843856494	1.0896082206085387
1.1741682974559686	0.0016912693962243366	2.186641104501119
1.181996086105675	0.0015470952459449008	-2.82285038667666
1.1898238747553815	0.0016273532339970951	-1.6813572199065285
1.197651663405088	0.0019029907798012028	-0.5907452962493145
1.2054794520547945	0.0018415793843354756	0.4628250342129844
1.213307240704501	0.0017310888325554887	1.5267780694310498
1.2211350293542074	0.001623331830178654	2.668150787465535
1.2289628180039138	0.0015822521649432669	-2.3604868066481792
1.2367906066536203	0.0017509100389893402	-1.2194828446226076
1.2446183953033267	0.0018912324382195532	-0.15115190068767162
1.2524461839530332	0.0018222095605118374	0.8963621961347752
1.2602739726027397	0.0016194621145895107	1.9780816843997613
1.2681017612524461	0.0015852803542496447	-3.094549390081846
1.2759295499021526	0.0016235760756002277	-1.8567405850814305
1.283757338551859	0.001779430406753096	-0.7971734956412303
1.2915851272015655	0.0018166577992471283	0.271772148464046
1.299412915851272	0.0017276150049168803	1.3384400588663499
1.3072407045009784	0.0015294552848087648	2.453223148495103
1.3150684931506849	0.0015754820951692052	-2.6031933139766883
1.3228962818003913	0.0016657598405735476	-1.417123154950602
1.3307240704500978	0.0017615021517969648	-0.36280137233514104
1.3385518590998042	0.0017494211669547418	0.6964778882399565
1.3463796477495107	0.0016360347781363396	1.7791362185211494
1.3542074363992171	0.0014786947636783003	2.945597052829113
1.3620352250489236	0.0015733938399407812	-2.125556507351117
1.36986301369863	0.0016891088969759511	-0.9845716363827418
1.3776908023483365	0.0017301782118388305	0.055285312797808704
1.385518590998043	0.0016752405851978304	1.1237621850577215
1.3933463796477494	0.0015377081929987067	2.2446612249924893
1.401174168297456	0.0014764793578570974	-2.8583943831601992
1.4090019569471623	0.0015760021482145213	-1.665404310140949
1.4168297455968688	0.0017016920732522629	-0.5599916421202255
1.4246575342465753	0.0016726984417998795	0.4669650615304428
1.4324853228962817	0.0016064416426132865	1.5625274783460257
1.4403131115459882	0.0015050697040342375	2.7141368658500213
1.4481409001956946	0.001482536905333129	-2.376850573958598
1.455968688845401	0.001578817737673133	-1.2015420298272952
1.4637964774951076	0.0016930711768729956	-0.14588862372348568
1.471624266144814	0.0016194387964755756	0.8952159669926034
1.4794520547945205	0.0015398317765451597	2.005570482900899
1.487279843444227	0.0014513458642603026	-3.085877347911193
1.4951076320939334	0.0014884127590353037	-1.8966300588422156
1.5029354207436398	0.0016169443859134808	-0.7728028975718997
1.5107632093933463	0.0016487946847913585	0.2605939987569681
1.5185909980430528	0.0015533719695538031	1.3203848923491375
1.5264187866927592	0.001466013212774749	2.4719433805386193
1.5342465753424657	0.0014520311216361028	-2.595671111862324
1.5420743639921721	0.0015628812258060712	-1.4639090800501837
1.5499021526418786	0.001594227011765589	-0.35331089314907055
1.557729941291585	0.0016109511454968596	0.7015043413779102
1.5655577299412915	0.0014820085743732538	1.776306412309349
1.573385518590998	0.0014355438377042103	2.9535912729194664
1.5812133072407044	0.0014755903443844634	-2.131837725038048
1.5890410958904109	0.0015484915158964516	-1.0257726135061176
1.5968688845401173	0.0015833055157950886	0.08256998982412735
1.6046966731898238	0.0015427718947016247	1.1231704530805724
1.6125244618395302	0.0014642134629366682	2.2363613084506464
1.6203522504892367	0.0014112639832345856	-2.850764176639478
1.6281800391389432	0.0014954500579085566	-1.6693413017169865
1.6360078277886496	0.0015618631428191618	-0.5788985319293557
1.643835616438356	0.001540926193903208	0.5141487193838522
1.6516634050880625	0.001494878946937119	1.5710495169374707
1.659491193737769	0.0013942838918072462	2.7010035058860553
1.6673189823874754	0.0014085541696403294	-2.3729127076519854
1.675146771037182	0.0015142661192292216	-1.218031553698282
1.6829745596868884	0.0015455634590629728	-0.1528005931189656
1.6908023483365948	0.0015009162160885708	0.943333312083217
1.6986301369863013	0.0014444274449719864	2.019180426615417
1.7064579256360077	0.0013636093545240312	-3.0911654181323276
1.7142857142857142	0.00141579726098639	-1.9004822227185365
1.7221135029354206	0.0015192174768196638	-0.7798773999479356
1.729941291585127	0.001511323627613953	0.27655261510569806
1.7377690802348336	0.0014464787342440954	1.3725457241386358
1.74559686888454	0.0013927026460400663	2.4867136375652463
1.7534246575342465	0.00136954336599236	-2.611338331946927
1.761252446183953	0.0014242601170653666	-1.4389408126421657
1.7690802348336594	0.0015052491365288808	-0.3490249263436964
1.7769080234833659	0.0014669922825408831	0.7091111552055187
1.7847358121330723	0.001399314444643407	1.8279652176937693
1.7925636007827788	0.0013506144290364808	2.955112687193783
1.8003913894324852	0.001347130905140885	-2.1423024365564842
1.8082191780821917	0.0014545169677936858	-0.9969695796952293
1.8160469667318981	0.0014696243197784616	0.08475158323095167
1.8238747553816046	0.001427296686742902	1.140646170396504
1.831702544031311	0.0013337392755909806	2.2888348567732275
1.8395303326810175	0.0013356874353990912	-2.86425671654174
1.847358121330724	0.0013528769101659674	-1.6700086005739088
1.8551859099804304	0.0014343637929219407	-0.5733680605863244
1.8630136986301369	0.0014603214952569666	0.5115879804322822
1.8708414872798433	0.0013644040725070956	1.5819110366731968
1.8786692759295498	0.0013060644879558877	2.745381113750667
1.8864970645792563	0.0013102966662632226	-2.3875795934124544
1.8943248532289627	0.001399407888876284	-1.2323248420602413
1.9021526418786692	0.0014184462365096399	-0.13585002644821983
1.9099804305283756	0.0014120398370357046	0.9430211317877956
1.917808219178082	0.0013241442410168603	2.041988528034553
1.9256360078277885	0.0012950821966842719	-3.0731781000132403
1.933463796477495	0.0013124042303776597	-1.9132444457262305
1.9412915851272015	0.0013832003433785045	-0.7950287757411632
1.949119373776908	0.0014149442357101957	0.3064587673537584
1.9569471624266144	0.0013749085183776483	1.3797902046149486
1.9647749510763208	0.0012691654632768015	2.5044708465644323
1.9726027397260273	0.0012628519481690547	-2.5965530454946077
1.9804305283757337	0.0013416301423004404	-1.4578100453915774
1.9882583170254402	0.0013680980561259165	-0.34831678751007117
1.9960861056751467	0.0013721622644033893	0.7251313946842914
2.003913894324853	0.0013118932870060725	1.827993234561169
2.01174168297456	0.0012449947463271482	2.9738295032664257
2.019569471624266	0.0012674450810087007	-2.134618566037811
2.0273972602739727	0.0013222696318990269	-1.0165537911182083
2.035225048923679	0.00137733522151068	0.07820710796650861
2.0430528375733856	0.00132291234645168	1.1623006420350386
2.050880626223092	0.0012737635852105732	2.2826773821341453
2.0587084148727985	0.0012268509412884125	-2.8363705404939905
2.0665362035225048	0.0012770741658188819	-1.6812459022385535
2.0743639921722115	0.0013254862555110143	-0.5666123075971247
2.0821917808219177	0.0013349105630552824	0.5000770684462565
2.0900195694716244	0.0012928971242783989	1.6123139864100828
2.0978473581213306	0.0012318751195319133	2.742999943434693
2.1056751467710373	0.0012340743366311068	-2.370669787282119
2.1135029354207435	0.0012626251973920995	-1.2179910959456506
2.12133072407045	0.0013258800863924604	-0.1435352203193744
2.1291585127201564	0.0012975677689247812	0.9476559810234405
2.136986301369863	0.0012447148246926354	2.0553621518578344
2.1448140900195694	0.001203773539051985	-3.0644509979379095
2.152641878669276	0.0012124875082130699	-1.9103986379956124
2.1604696673189823	0.001279734288765823	-0.7937178285398384
2.168297455968689	0.0012907552313688498	0.2938431526109207
2.176125244618395	0.0012740582997941559	1.3833342507378825
2.183953033268102	0.0011925614864993148	2.5126126490665492
2.191780821917808	0.001197645318805043	-2.6166236964418657
2.1996086105675148	0.0012213612731453154	-1.4502344957499034
2.207436399217221	0.001283512671940979	-0.36426046356714303
2.2152641878669277	0.0012792844726400028	0.7378462748125852
2.223091976516634	0.001228854240105088	1.8170187356980791
2.2309197651663406	0.0011752670850557429	2.992563658201952
2.238747553816047	0.0011684347946626034	-2.1452356674937345
2.2465753424657535	0.0012553385904188784	-1.014606793146836
2.2544031311154598	0.0012579100360138964	0.07652273428247411
2.2622309197651664	0.0012477610478059298	1.1695714406416353
2.2700587084148727	0.0011860539517809135	2.2831372322031034
2.2778864970645794	0.0011527043713719315	-2.8307867707483796
2.2857142857142856	0.0011974021534335757	-1.6781822365043424
2.2935420743639923	0.0012225928173538953	-0.5731786502259529
2.3013698630136985	0.001243468574805773	0.5031577802839922
2.309197651663405	0.0012039034915514973	1.6235528483833237
2.3170254403131114	0.0011560271937009832	2.7375324031253228
2.324853228962818	0.0011402381015160202	-2.3682525224748945
2.3326810176125243	0.0011981845934233505	-1.239610295851974
2.340508806262231	0.0012302173673330744	-0.12673583147567566
2.3483365949119372	0.0012137209192920515	0.9398782224557404
2.356164383561644	0.0011689845938072823	2.07414983735121
2.36399217221135	0.001123331441935149	-3.0765107263074563
2.371819960861057	0.0011474192591001537	-1.898178484012074
2.379647749510763	0.001182501875952532	-0.7937007110648613
2.3874755381604698	0.0012225884102356134	0.29427033271639624
2.395303326810176	0.0011658643715444148	1.3902070801108337
2.4031311154598827	0.0011351045169579299	2.5262599694320564
2.410958904109589	0.0011122444971045492	-2.6042425098095126
2.4187866927592956	0.0011425886562722802	-1.4600296831789523
2.426614481409002	0.0011890758479199358	-0.3479533225935593
2.4344422700587085	0.0011816483306254576	0.7278380030929854
2.4422700587084147	0.0011463464892534153	1.8355127902984223
2.4500978473581214	0.0010998308374748059	2.9941334790799776
2.4579256360078277	0.0011043075984173798	-2.1465616982079982
2.4657534246575343	0.001140074696234074	-1.010262239230973
2.4735812133072406	0.0011773741955815066	0.077694363943529
2.4814090019569472	0.0011635408927075943	1.1693591853941845
2.4892367906066535	0.0011053995184153054	2.283236638011088
2.49706457925636	0.0010872057195527073	-2.817894224420735
2.5048923679060664	0.0011032600661012128	-1.6834851714080905
2.512720156555773	0.0011446950288949366	-0.574590039771315
2.5205479452054793	0.0011532657005393825	0.5127285077689394
2.528375733855186	0.001132449596239562	1.6166889318917608
2.5362035225048922	0.0010690674444462079	2.751225739656933
2.544031311154599	0.0010793320241550843	-2.3590500019894893
2.551859099804305	0.001104947968759744	-1.2330058827707695
2.559686888454012	0.001136828042238104	-0.13905838965588474
2.567514677103718	0.0011285280755782133	0.95135141195138
2.5753424657534247	0.0010908392053570026	2.0715354456882746
2.583170254403131	0.0010559654237612861	-3.0681438711759275
2.5909980430528377	0.001071265255551265	-1.8954020650702752
2.598825831702544	0.00110228539655487	-0.7914070316270789
2.6066536203522506	0.0011183554956307247	0.2972538370646594
2.614481409001957	0.0010983822571476343	1.3946083542328882
2.6223091976516635	0.001062114172710294	2.5273235420755102
2.6301369863013697	0.001037071736899389	-2.599508355924473
2.6379647749510764	0.0010729515481185626	-1.443299564647481
2.6457925636007826	0.0010953523005208037	-0.34893825802868156
2.6536203522504893	0.0010981676846438311	0.7293609901278459
2.6614481409001955	0.0010604525529723551	1.8482893843184625
2.6692759295499022	0.0010404285109161617	2.990775287738655
2.6771037181996085	0.001026114098133493	-2.131298788137805
2.684931506849315	0.001068040081033688	-0.999255435630022
2.6927592954990214	0.0010817954452478603	0.08849745884643438
2.700587084148728	0.0010682377195631565	1.1696229732083603
2.7084148727984343	0.0010297808069140084	2.3019795572037793
2.716242661448141	0.0010151226131955163	-2.823485560580401
2.724070450097847	0.001025092966490584	-1.6752493043824497
2.731898238747554	0.001061169484291917	-0.5566787500502033
2.73972602739726	0.0010599655293555249	0.5195524254050494
2.747553816046967	0.0010324065563029556	1.6163394413652685
2.755381604696673	0.0010067406792760858	2.7618561913821544
2.7632093933463797	0.0010011528678143542	-2.3592043106503007
2.771037181996086	0.0010239269325660275	-1.2247458287064754
2.7788649706457926	0.0010498758136318967	-0.11941481273884941
2.786692759295499	0.0010352177296356724	0.9604277868367782
2.7945205479452055	0.0010009233731087077	2.0651128512423993
2.802348336594912	0.0009784681392917079	-3.04901298308084
2.8101761252446185	0.0009991445293046606	-1.9020142132676403
2.8180039138943247	0.0010164887112582397	-0.7770899909023053
2.8258317025440314	0.0010281945613009101	0.31376287019090104
2.8336594911937376	0.00100373930672196	1.4048490068756476
2.8414872798434443	0.000969812766802056	2.523573109322987
2.8493150684931505	0.0009649774561030766	-2.586453590902649
2.857142857142857	0.0009891656938075736	-1.444959371001436
2.8649706457925634	0.001006611800725743	-0.3389310157992774
2.87279843444227	0.0010044204381594412	0.7511590342794575
2.8806262230919764	0.0009676433140064643	1.8471784211527564
2.888454011741683	0.0009425691265579116	2.98895061652944
2.8962818003913893	0.0009598016691066715	-2.130751726949958
2.904109589041096	0.0009825665175856864	-0.9938360580675152
2.911937377690802	0.0009926304437617597	0.09319364001297432
2.919765166340509	0.0009755573388536574	1.1928104837255806
2.927592954990215	0.0009418130643499384	2.30279988420714
2.935420743639922	0.0009238723796756234	-2.83156018838952
2.943248532289628	0.0009438405845493452	-1.6608851695297526
2.9510763209393347	0.0009827929188938617	-0.5605089324071902
2.958904109589041	0.0009697696612145302	0.5333455660859049
2.9667318982387476	0.0009397509048083211	1.6343911874135109
2.974559686888454	0.0009118499104167016	2.769724099052995
2.9823874755381605	0.0009086049092990583	-2.3679122125745455
2.9902152641878668	0.000943147089070853	-1.2101443962158438
2.9980430528375734	0.0009612690573173081	-0.12539482724099962
3.0058708414872797	0.0009391973560352975	0.97307301694547
3.0136986301369864	0.0009089769689571326	2.085185690699228
3.0215264187866926	0.0008839111560561499	-3.0555729796169233
3.0293542074363993	0.000897326801403807	-1.9046984191939502
3.0371819960861055	0.0009439683536926703	-0.7794752217104096
3.045009784735812	0.000935734249185077	0.31945032244757116
3.0528375733855184	0.0009060271243764958	1.4032144872184875
3.060665362035225	0.0008801063615693527	2.547498847952949
3.0684931506849313	0.0008761934766757772	-2.6005252116774673
3.076320939334638	0.0008935927759520771	-1.4544293301565692
3.0841487279843443	0.0009286643037808865	-0.33556539388625856
3.091976516634051	0.0009190766559843403	0.7550755137538039
3.099804305283757	0.0008791521790715953	1.857983797842136
3.107632093933464	0.0008538891387545807	3.007155475151431
3.11545988258317	0.0008659082772317044	-2.128940846449555
3.1232876712328768	0.0008820112681818278	-1.0006855807215038
3.131115459882583	0.0009068104369697702	0.10727948431697608
3.1389432485322897	0.0008855388729592675	1.1834500162255743
3.146771037181996	0.0008395879780466479	2.316706587634429
3.1545988258317026	0.0008412990906530296	-2.821274754583175
3.162426614481409	0.0008476178800361616	-1.673149542164789
3.1702544031311155	0.0008770244528228631	-0.5511025822308271
3.1780821917808217	0.000882390150186381	0.5219766304964761
3.1859099804305284	0.0008443935892800398	1.6332658922487815
3.1937377690802347	0.0008281883880074975	2.7603682263337546
3.2015655577299413	0.0008229425883972183	-2.344149545176843
3.2093933463796476	0.0008454337078153569	-1.23356795027041
3.2172211350293543	0.0008627632859944552	-0.12556293971703678
3.2250489236790605	0.0008634999401631241	0.9730046938115048
3.232876712328767	0.0008250205632837108	2.0816086719244655
3.2407045009784734	0.000791644280954849	-3.0440463408591256
3.24853228962818	0.0008189678401540986	-1.8959332951524985
3.2563600782778863	0.0008398690592171944	-0.77769832703479
3.264187866927593	0.000843541598346681	0.31421553664632385
3.2720156555772992	0.0008133953530035193	1.4077643536853084
3.279843444227006	0.000804052430050333	2.537414648278824
3.287671232876712	0.000783295736809909	-2.5794475114014968
3.295499021526419	0.0008065800262699747	-1.4495197350694389
3.303326810176125	0.0008210009699836091	-0.33613570084886246
3.3111545988258317	0.0008319793451406963	0.749280952517925
3.318982387475538	0.0007879357366762679	1.8579917164455153
3.3268101761252447	0.0007761994180575037	3.0004786596697746
3.334637964774951	0.0007759272251722277	-2.108890145902858
3.3424657534246576	0.0007962244733134613	-0.993953703656208
3.350293542074364	0.0008086720832217672	0.10406383419759674
3.3581213307240705	0.0007874578198214902	1.1792400374685514
3.3659491193737767	0.0007794822095932428	2.3297233629382528
3.3737769080234834	0.0007363349184744433	-2.8197672041025665
3.3816046966731896	0.000774937520058703	-1.6532323140823924
3.3894324853228963	0.0007868626888454053	-0.5504148982777765
3.3972602739726026	0.0007938955026589054	0.5490513133168059
3.4050880626223092	0.000757872012244769	1.6493343274118122
3.4129158512720155	0.0007250363760894195	2.7767484320281763
3.420743639921722	0.0007342344140392954	-2.333453209705823
3.4285714285714284	0.0007574165886783352	-1.2038667544692467
3.436399217221135	0.00076923376798284	-0.11548845544026988
3.4442270058708413	0.0007509798256447946	0.9866502795689156
3.452054794520548	0.0007322938627109905	2.091969162094908
3.459882583170254	0.0007100523251082836	-3.0284487602470946
3.467710371819961	0.0007264818108880642	-1.8815862524699105
3.475538160469667	0.0007463324160219669	-0.7415138936302735
3.483365949119374	0.0007451299215863554	0.3233255950374134
3.49119373776908	0.0007259264426488812	1.447685743095537
3.4990215264187867	0.000687377790631629	2.5531062661677786
3.506849315068493	0.0007042722330121339	-2.5545585843482077
3.5146771037181996	0.0006997535069724474	-1.4173083959249382
3.522504892367906	0.0007352373137031097	-0.299611710249747
3.5303326810176126	0.0007114619249601346	0.7734814867036679
3.538160469667319	0.0006983869694538428	1.8973698155131749
3.5459882583170255	0.0006571804953948764	3.039823403252883
3.5538160469667317	0.0006715488273925105	-2.0884583364073697
3.5616438356164384	0.0006938432704561764	-0.9618526927767793
3.5694716242661446	0.0007109705705943522	0.1393299358980781
3.5772994129158513	0.0006826713255295118	1.221504068506591
3.5851272015655575	0.0006476292807991898	2.3641058758196687
3.592954990215264	0.0006490887348368316	-2.7734834229672605
3.6007827788649704	0.0006579094590004192	-1.6125260416873093
3.608610567514677	0.0006731032996835853	-0.5111908934940754
3.6164383561643834	0.0006831760277139859	0.5947694574509531
3.62426614481409	0.0006431908890255889	1.6722611757788701
3.6320939334637963	0.000625665941325642	2.8569903850253406
3.639921722113503	0.0006083724709068846	-2.2913547258506552
3.647749510763209	0.0006565146776655764	-1.1513120065221214
3.655577299412916	0.0006396120249221231	-0.04823603927917364
3.663405088062622	0.0006477500851675967	1.0463617392094084
3.671232876712329	0.0005932259431698268	2.1616536983501082
3.679060665362035	0.0005968631699714848	-2.9667804240618008
3.6868884540117417	0.0005899373403342015	-1.7899663328722937
3.694716242661448	0.0006179580199369994	-0.6928845965329076
3.7025440313111546	0.0006150075898228374	0.40723440698157565
3.710371819960861	0.0006025856537156186	1.4888687528694582
3.7181996086105675	0.0005597650798303927	2.6576647393444626
3.7260273972602738	0.000554633239929259	-2.4686430233674126
3.7338551859099804	0.0005820784673582008	-1.3199008027238892
3.7416829745596867	0.0005884711567609888	-0.21822770627790863
3.7495107632093934	0.000569328676442161	0.8655721728865915
3.7573385518590996	0.0005499283709790605	1.984235288669996
3.7651663405088063	0.0005196167508615109	3.1367826033445065
3.7729941291585125	0.0005363531891032548	-1.9496236340469402
3.780821917808219	0.000533552634212781	-0.8426338203641734
3.7886497064579254	0.0005620588344073482	0.23596961520007076
3.796477495107632	0.0005170270736807765	1.35436808521844
3.8043052837573383	0.0005061130035580844	2.4837861819713094
3.812133072407045	0.0004716910763754981	-2.6076003437263053
3.8199608610567513	0.0005013930839417455	-1.4696286589478764
3.827788649706458	0.0005097298204122308	-0.3332253035103725
3.835616438356164	0.0004978862611577342	0.7142750129514315
3.843444227005871	0.0004676420962908729	1.859120231520117
3.851272015655577	0.00044385251754378675	3.0056103508970122
3.8590998043052838	0.0004455031515292141	-2.056861094106236
3.86692759295499	0.000454275287504825	-0.9488632997625663
3.8747553816046967	0.0004696106652557065	0.15741658587055063
3.882583170254403	0.0004397233712022769	1.2738741183317486
3.8904109589041096	0.0004055439585573534	2.3916325513315297
3.898238747553816	0.0003908461207826013	-2.6611449121514146
3.9060665362035225	0.00039493740734553295	-1.4719951087601009
3.9138943248532287	0.00042698948368141763	-0.3569818137478326
3.9217221135029354	0.0003823444063148337	0.7343760999901714
3.9295499021526417	0.00037782370285980844	1.8572739493641488
3.9373776908023483	0.00033807603842809136	3.1340150796563626
3.9452054794520546	0.0003427979881096672	-1.9808636082903979
3.9530332681017613	0.00035498691723586653	-0.7188602484590413
3.9608610567514675	0.0003544643530617054	0.37103088595372924
3.968688845401174	0.00033723954619122574	1.591671573273882
3.9765166340508804	0.0002969203153067785	2.795216334973878
3.984344422700587	0.00030627607046245994	-2.076805754739024
3.9921722113502933	0.00034707927213017373	-0.7432025104676249
4.0	0.0002081494299350089	0.5515370689900497
