0.0	0.01489547405973719	3.141592653589793
0.000518798828125	0.016857413812240072	2.8188334447612196
0.00103759765625	0.018777524521533116	2.5555782238144142
0.001556396484375	0.02065616120165031	2.3478098481055047
0.0020751953125	0.02249367886662565	2.1915111749906173
0.002593994140625	0.024290432530493122	2.082665061825879
0.00311279296875	0.026046777207286716	2.0172543659674176
0.003631591796875	0.02776306791104042	1.9912619447713586
0.004150390625	0.029439659655788222	2.0006706555938303
0.004669189453125	0.031076907455564115	2.0414633557909587
0.00518798828125	0.03267516632440209	2.1096229027188715
0.005706787109375	0.03423479127633613	2.201132153733695
0.0062255859375	0.03575613732540023	2.311973966191556
0.006744384765625	0.037239559485628376	2.438131197448582
0.00726318359375	0.038685412771054556	2.5755867048608994
0.007781982421875	0.040094052195712784	2.7203233457846356
0.00830078125	0.041465832773637024	2.8683239775759173
0.008819580078125	0.04280110951886125	3.015571457590871
0.00933837890625	0.044100237445419486	3.1580486431856247
0.009857177734375	0.045363571567345704	3.2917383917163043
0.0103759765625	0.04659146689867389	3.412623560539037
0.010894775390625	0.04778427845343806	3.51668700700995
0.01141357421875	0.04894236124567217	3.59991158848517
0.011932373046875	0.050066070289410236	3.658280162320824
0.012451171875	0.05115576059868622	3.6877755858730383
0.012969970703125	0.05221178718753415	3.684380716497941
0.01348876953125	0.05323450506998797	3.6440784115516585
0.014007568359375	0.05422426926008169	3.5628515283903175
0.0145263671875	0.05518143477184931	3.436682924370045
0.015045166015625	0.05610635661932482	3.261555456846969
0.01556396484375	0.056999389816542186	3.0334519831772133
0.016082763671875	0.05786020148402008	2.7494802538029903
0.0166015625	0.058683740291049585	2.414463970901108
0.017120361328125	0.05946297509514102	2.0364643676532097
0.01763916015625	0.0601908679690739	1.6235537721220086
0.018157958984375	0.06086038098562781	1.1838045123702174
0.0186767578125	0.06146447621758225	0.7252889164605506
0.019195556640625	0.06199611573771675	0.2560793124557201
0.01971435546875	0.06244826161881088	-0.21575197158156129
0.020233154296875	0.06281387593364417	-0.6821326075885787
0.020751953125	0.06308592075499615	-1.134990267502621
0.021270751953125	0.06325735815564637	-1.5662526232609741
0.02178955078125	0.06332115020837437	-1.9678473468009248
0.022308349609375	0.06327025898595967	-2.3317021100597604
0.0228271484375	0.06309764656118182	-2.649744584974768
0.023345947265625	0.06279627500682036	-2.9139024434832335
0.02386474609375	0.06236025303001941	-3.117083423726015
0.024383544921875	0.0617941805772022	-3.2611624720217605
0.02490234375	0.06110828412870467	-3.3528237187685885
0.025421142578125	0.06031284380477605	-3.3987971421673424
0.02593994140625	0.05941813972566555	-3.4058127204188637
0.026458740234375	0.05843445201162239	-3.380600431723993
0.0269775390625	0.057372060782895765	-3.3298902542835718
0.027496337890625	0.0562412461597349	-3.2604121662984427
0.02801513671875	0.05505228826238903	-3.178896145969447
0.028533935546875	0.053815467211107346	-3.0920721714974246
0.029052734375	0.052541063126139056	-3.006670221083218
0.029571533203125	0.051239356127733386	-2.92942027292767
0.03009033203125	0.049920626336139556	-2.86705230523162
0.030609130859375	0.04859515387160678	-2.8262962961959106
0.0311279296875	0.04727321885438426	-2.8138822240213837
0.031646728515625	0.04596510626811259	-2.83589234984781
0.03216552734375	0.04468116190612537	-2.8903101674163767
0.032684326171875	0.04343177292286844	-2.9696106074186774
0.033203125	0.04222732726442848	-3.0661631680944614
0.033721923828125	0.0410782128768922	-3.172337347683481
0.03424072265625	0.03999481770634629	-3.2805026444254834
0.034759521484375	0.03898752969887743	-3.3830285565602214
0.0352783203125	0.038066736800572334	-3.4722845823274437
0.035797119140625	0.03724282695751769	-3.5406402199669023
0.03631591796875	0.03652618811580019	-3.5804649677183455
0.036834716796875	0.035927208221506524	-3.584128323821524
0.037353515625	0.03545627522072339	-3.5439997865161885
0.037872314453125	0.03512377705953749	-3.45244885404209
0.03839111328125	0.03494010168403549	-3.3018450246389763
0.038909912109375	0.03491563704030412	-3.084557796546601
0.0394287109375	0.03506023607431357	-2.7935510149706957
0.039947509765625	0.03537426784856893	-2.4323244431281807
0.04046630859375	0.03584996182683649	-2.0134203578087484
0.040985107421875	0.036479283300383344	-1.5496745126043505
0.04150390625	0.037254197560476585	-1.0539226611069448
0.042022705078125	0.038166669898383306	-0.5390005569084861
0.04254150390625	0.03920866560537056	-0.017743953600929285
0.043060302734375	0.04037214997270548	0.49701139522377025
0.0435791015625	0.041649088291655145	0.992429735973656
0.044097900390625	0.04303144585348663	1.455675315056774
0.04461669921875	0.044511187949467027	1.8739123788811696
0.045135498046875	0.04608027987086344	2.2343051738548843
0.045654296875	0.04773068690894296	2.524017946385967
0.046173095703125	0.049454374354972644	2.7302149428824602
0.04669189453125	0.051243307500219604	2.8400604097524074
0.047210693359375	0.053089360167727494	2.8411609187316227
0.0477294921875	0.054981976480732206	2.732872671355752
0.048248291015625	0.05690797468581172	2.5272501780343877
0.04876708984375	0.058854042251781064	2.236980368991519
0.049285888671875	0.06080686664745523	1.8747501744511343
0.0498046875	0.0627531353416492	1.4532465246372217
0.050323486328125	0.064679535803178	0.9851563497737715
0.05084228515625	0.0665727555008566	0.4831665800847713
0.051361083984375	0.0684194819035	-0.04003585420579081
0.0518798828125	0.07020640247992323	-0.5717640228739231
0.052398681640625	0.07192020469894128	-1.0993309956956407
0.05291748046875	0.07354757602936912	-1.610049842446953
0.053436279296875	0.07507520394002176	-2.0912336329038705
0.053955078125	0.07648977589971422	-2.5301954368424058
0.054473876953125	0.07777797937726147	-2.91424832403857
0.05499267578125	0.07892646313250656	-3.2308680882057637
0.055511474609375	0.07992019731154013	-3.474587043167768
0.0560302734375	0.08074186524156725	-3.6495507824153033
0.056549072265625	0.0813739862426723	-3.76059434901857
0.05706787109375	0.08179907963493965	-3.81255278604777
0.057586669921875	0.08199966473845366	-3.8102611365731045
0.05810546875	0.08195826087329872	-3.7585544436647753
0.058624267578125	0.08165738735955916	-3.6622677503929837
0.05914306640625	0.08107956351731938	-3.526236099827932
0.059661865234375	0.0802073086666637	-3.3552945350398202
0.0601806640625	0.07902314212767653	-3.1542780990988497
0.060699462890625	0.07750958322044223	-2.9280218350752234
0.06121826171875	0.07564915126504516	-2.681360786039142
0.061737060546875	0.07342436558156969	-2.4191299950608056
0.062255859375	0.07081774549010014	-2.146164505210418
0.062774658203125	0.06781239058319902	-1.8672928625061347
0.06329345703125	0.06443868918681957	-1.5868141421165647
0.063812255859375	0.06080857225601616	-1.3081144227731352
0.0643310546875	0.05704204600836233	-1.0344893680956833
0.064849853515625	0.05325911666143179	-0.7692346417040483
0.06536865234375	0.049579790432798136	-0.5156459072180685
0.065887451171875	0.04612407354003498	-0.27701882825758123
0.06640625	0.04301197220071595	-0.056649068442425704
0.066925048828125	0.04036349263241469	0.14216770860756034
0.06744384765625	0.03829864105270483	0.3161358392725383
0.067962646484375	0.03693742367915996	0.4619596599326702
0.0684814453125	0.03639984672935374	0.5763435069681178
0.069000244140625	0.036805916420859786	0.6559917167590424
0.06951904296875	0.03827563897125172	0.6976086256856066
0.070037841796875	0.040929020598103154	0.6978985701279713
0.070556640625	0.044885957609161795	0.6535779458384675
0.071075439453125	0.05024456224723042	0.5637533092688436
0.07159423828125	0.05705506821343441	0.43278447924189717
0.072113037109375	0.06536134175821164	0.2657299150971138
0.0726318359375	0.07520724913200003	0.06764807617397939
0.073150634765625	0.08663665658523742	-0.15640257818801998
0.07366943359375	0.09969343036836174	-0.4013635886493995
0.074188232421875	0.11442143673181088	-0.6621764958706724
0.07470703125	0.13086454192602276	-0.9337828405123535
0.075225830078125	0.14906661220143522	-1.2111241632349572
0.07574462890625	0.16907151380848617	-1.4891420046989972
0.076263427734375	0.1909231129976135	-1.7627779055649877
0.0767822265625	0.2146652760192551	-2.0269734064934437
0.077301025390625	0.24034186912384892	-2.2766700481448794
0.07781982421875	0.2679967585618328	-2.506809371179808
0.078338623046875	0.2976736850568073	-2.712334473217427
0.078857421875	0.32930784133379226	-2.889534815350969
0.079376220703125	0.36252754977402374	-3.0385060921145266
0.07989501953125	0.39690728596855185	-3.160011880936841
0.080413818359375	0.43202152550842676	-3.254815759246654
0.0809326171875	0.4674447439846984	-3.323681304472706
0.081451416015625	0.5027514169884171	-3.3673720940437386
0.08197021484375	0.5375160201106328	-3.386651705388493
0.082489013671875	0.5713130289423957	-3.382283715935711
0.0830078125	0.6037169190747558	-3.3550317031141326
0.083526611328125	0.6343021660987637	-3.3056592443525004
0.08404541015625	0.6626432456054687	-3.234929917079554
0.084564208984375	0.6883146331859213	-3.143607298724037
0.0850830078125	0.7108908044311719	-3.0324549667146883
0.085601806640625	0.7299462349322703	-2.9022364984802507
0.08612060546875	0.7450554042799421	-2.753715474574129
0.086639404296875	0.7559754934997215	-2.587798207353381
0.087158203125	0.7631340960746519	-2.405914755358817
0.087677001953125	0.7671125391099691	-2.209615278416716
0.08819580078125	0.7684921497109104	-2.000449936353357
0.088714599609375	0.7678542549827122	-1.7799688889950178
0.0892333984375	0.7657801820306114	-1.5497222961679777
0.089752197265625	0.7628512579598443	-1.3112603176985154
0.09027099609375	0.7596488098756482	-1.066133113412909
0.090789794921875	0.7567541648832592	-0.8158908431374372
0.09130859375	0.7547486500879143	-0.5620836666983786
0.091827392578125	0.7542135925948501	-0.3062617439220126
0.09234619140625	0.755730319509303	-0.049975234634616506
0.092864990234375	0.7598801579365101	0.20522570133753038
0.0933837890625	0.7672444349817079	0.4577909041681493
0.093902587890625	0.7784044777501331	0.7061702140309621
0.09442138671875	0.7937906971145174	0.9488382402190514
0.094940185546875	0.8131115745234264	1.1843880786573275
0.095458984375	0.8358599701439501	1.4114482141030962
0.095977783203125	0.8615287059011054	1.6286471375901406
0.09649658203125	0.88961060371991	1.8346133401522438
0.097015380859375	0.9195984855253814	2.02797531282319
0.0975341796875	0.950985173242537	2.207361546636763
0.098052978515625	0.9832634887963944	2.3714005326267458
0.09857177734375	1.0159262541119707	2.5187207618269207
0.099090576171875	1.048466291114284	2.6479507252710723
0.099609375	1.0803764217283514	2.757718913992984
0.100128173828125	1.11114946787919	2.8466538190264394
0.10064697265625	1.1402782514918177	2.913383931405222
0.101165771484375	1.167255594491252	2.956537742163114
0.1016845703125	1.1915743188025105	2.9747437423339007
0.102203369140625	1.212789434593256	2.96700172960947
0.10272216796875	1.2308456876915685	2.93463849211362
0.103240966796875	1.2458384761970773	2.879880315835096
0.103759765625	1.2578635226835637	2.804955424096909
0.104278564453125	1.2670165497248098	2.712092040222071
0.10479736328125	1.2733932798945968	2.6035183875335917
0.105316162109375	1.277089435766707	2.4814626893544824
0.1058349609375	1.2782007399149218	2.3481531690077553
0.106353759765625	1.276822914913023	2.20581804981642
0.10687255859375	1.2730516833347927	2.056685555103489
0.107391357421875	1.266982767754012	1.9029839081919724
0.10791015625	1.258711890744463	1.7469413324048815
0.108428955078125	1.2483347748799276	1.5907860510652272
0.10894775390625	1.2359471427341866	1.4367462874960208
0.109466552734375	1.2216447168810234	1.2870502650202738
0.1099853515625	1.2055257896813152	1.1437091164169668
0.110504150390625	1.1877100123763389	1.0069296183878984
0.11102294921875	1.168327620726417	0.8760243883479716
0.111541748046875	1.1475089263627296	0.7502996342917254
0.112060546875	1.125384240916457	0.6290615642136977
0.112579345703125	1.1020838760187797	0.5116163861084267
0.11309814453125	1.0777381433008777	0.39727030797045054
0.113616943359375	1.0524773543939312	0.2853295377943076
0.1141357421875	1.0264318209291203	0.1751002835745359
0.114654541015625	0.9997318545376253	0.06588875330567354
0.11517333984375	0.9725077668506267	-0.04299884501774112
0.115692138671875	0.9448898694993042	-0.15225630340117002
0.1162109375	0.9170084741148385	-0.262577413850075
0.116729736328125	0.8889938923284095	-0.3746559683699178
0.11724853515625	0.8609764357711976	-0.48918575896616046
0.117767333984375	0.8330933662893963	-0.6066959465017381
0.1182861328125	0.8055601756726286	-0.7258626434170804
0.118804931640625	0.778641634193879	-0.8441946927944475
0.11932373046875	0.7526032814848471	-0.9591827137612837
0.119842529296875	0.7277106571772335	-1.068317325445034
0.120361328125	0.7042293009027378	-1.169089146973144
0.120880126953125	0.6824247522930602	-1.2589887974730574
0.12139892578125	0.6625625509799007	-1.3355068960722192
0.121917724609375	0.6449082365949592	-1.3961340618980747
0.1224365234375	0.629727348769936	-1.438360914078068
0.122955322265625	0.6172854271365306	-1.4596780717396443
0.12347412109375	0.6078480113264434	-1.4575761540102479
0.123992919921875	0.6016806409713745	-1.4295457800173244
0.12451171875	0.5990488557030238	-1.3730775688883181
0.125030517578125	0.6002181951530909	-1.2856621397506733
0.12554931640625	0.6054232285435351	-1.165006066421759
0.126068115234375	0.6144110088909899	-1.0122153420947737
0.1265869140625	0.6265405734899566	-0.8311015688217467
0.127105712890625	0.6411602149652638	-0.6255512705503737
0.12762451171875	0.6576182259417402	-0.39945097122835
0.128143310546875	0.6752628990442144	-0.1566871948033703
0.128662109375	0.6934425268975151	0.0988535347768692
0.129180908203125	0.7115054021264711	0.3632846935646736
0.12969970703125	0.7287998173559107	0.6327197576123469
0.130218505859375	0.7446740652106629	0.9032722029721946
0.1307373046875	0.7584764383155564	1.1710555056965215
0.131256103515625	0.7695552292954195	1.4321831418376305
0.13177490234375	0.777258730775081	1.682768587447828
0.132293701171875	0.7809352353793698	1.9189253185794184
0.1328125	0.7799330357331142	2.136766811284705
0.133331298828125	0.7736280177501363	2.332494755354874
0.13385009765625	0.7620336384542638	2.5043491090684182
0.134368896484375	0.7458025554842045	2.652613308599753
0.1348876953125	0.725615345669299	2.7776600457460257
0.135406494140625	0.7021525858388884	2.879862012304383
0.13592529296875	0.6760948528223133	2.9595919000719713
0.136444091796875	0.6481227234489144	3.0172224008459367
0.136962890625	0.6189167745480326	3.0531262064234275
0.137481689453125	0.5891575829490089	3.067676008601589
0.13800048828125	0.5595257254811836	3.061244499177568
0.138519287109375	0.5307017789738979	3.034204369948511
0.1390380859375	0.5033663202564924	2.986928312711566
0.139556884765625	0.4781999261583078	2.9197890192638773
0.14007568359375	0.455883173508685	2.833159181402594
0.140594482421875	0.43709663913696495	2.7274114909248612
0.14111328125	0.42250782759865063	2.6029503231828786
0.141632080078125	0.41230684892026565	2.461337125055104
0.14215087890625	0.40608090765371174	2.305594618561126
0.142669677734375	0.403378604379206	2.1388390910082045
0.1431884765625	0.40374853967696517	1.964186829703599
0.143707275390625	0.4067393141272063	1.7847541219545708
0.14422607421875	0.4118995283101464	1.6036572550683792
0.144744873046875	0.4187777828060022	1.4240125163522848
0.145263671875	0.42692267819499086	1.2489361931135474
0.145782470703125	0.43588281505732906	1.0815445726594275
0.14630126953125	0.44520679397323415	0.9249539422971851
0.146820068359375	0.4544432155229227	0.7822805893340807
0.1473388671875	0.4631406802866118	0.6566408010773739
0.147857666015625	0.47084778884451844	0.551150864834325
0.14837646484375	0.47711314177685943	0.4689270679121947
0.148895263671875	0.4814894366137774	0.41304820074822524
0.1494140625	0.48379563674358783	0.3841560856802626
0.149932861328125	0.48427562598036705	0.37900350899221835
0.15045166015625	0.48321130551109526	0.3939953072698198
0.150970458984375	0.4808845765227524	0.4255363170987939
0.1514892578125	0.47757734020231835	0.4700313750648681
0.152008056640625	0.4735714977367732	0.5238853177537693
0.15252685546875	0.469148950313097	0.5835029817512247
0.153045654296875	0.46459159911826964	0.6452892036429616
0.153564453125	0.460181345339271	0.7056488200147071
0.154083251953125	0.45620009016308116	0.7609866674521881
0.15460205078125	0.4529297347766801	0.8077075825411323
0.155120849609375	0.45065218036704774	0.8422164018672663
0.1556396484375	0.4496493281211642	0.8609179620163175
0.156158447265625	0.4502030792260093	0.8602170995740133
0.15667724609375	0.45259384520784024	0.8365342316932173
0.157196044921875	0.4568898536738407	0.7885090364267222
0.15771484375	0.4627288375930451	0.719283794674159
0.158233642578125	0.4696964000104988	0.6325460214062948
0.15875244140625	0.4773781439712471	0.531983231593895
0.159271240234375	0.4853596725203352	0.42128294020772494
0.1597900390625	0.49322658870280844	0.3041326622185519
0.160308837890625	0.5005644955637121	0.184219912597141
0.16082763671875	0.5069589961480911	0.06523220631425833
0.161346435546875	0.5119956935009913	-0.04914294165933021
0.161865234375	0.5152601906674577	-0.1552180163528585
0.162384033203125	0.5163380906925353	-0.2493055027955603
0.16290283203125	0.5148149966212698	-0.32771788601667
0.163421630859375	0.5102765114987062	-0.3867676510454219
0.1639404296875	0.5023082383698899	-0.42276728291104915
0.164459228515625	0.4904962615757034	-0.4320331003209375
0.16497802734375	0.47465812647216893	-0.412725084378388
0.165496826171875	0.4552135368850943	-0.36779960458263283
0.166015625	0.43267886714291653	-0.30098304248173247
0.166534423828125	0.40757049157407277	-0.21600177962374686
0.16705322265625	0.3804047845069995	-0.11658219755673614
0.167572021484375	0.3516981202701337	-0.006450677828760215
0.1680908203125	0.3219668731919126	0.11066639801212036
0.168609619140625	0.2917274176007727	0.2310426484178461
0.16912841796875	0.26149612782515114	0.3509516918403564
0.169647216796875	0.23178937819348489	0.4666671467315912
0.170166015625	0.20312354303421065	0.5744626315434906
0.170684814453125	0.17601499667576542	0.6706117647279946
0.17120361328125	0.15098011344658618	0.7513881647370426
0.171722412109375	0.12853526767510975	0.8130654500225755
0.1722412109375	0.10919681139296603	0.8519174232800878
0.172760009765625	0.09334287574602008	0.8653600376247486
0.17327880859375	0.08088611187647955	0.8546556126494437
0.173797607421875	0.0716412879804054	0.8218752968545107
0.17431640625	0.06542317225385866	0.7690902387402871
0.174835205078125	0.06204653289290027	0.6983715868071112
0.17535400390625	0.06132613809359121	0.6117904895553206
0.175872802734375	0.06307675605199248	0.5114180954852525
0.1763916015625	0.06711315496416506	0.39932555309724554
0.176910400390625	0.0732501030261699	0.27758401089163676
0.17742919921875	0.08130236843406799	0.14826461736876415
0.177947998046875	0.09108471938392029	0.013438521028965783
0.178466796875	0.10241192407178787	-0.12482312962742112
0.178985595703125	0.11509875069373157	-0.2644491861000584
0.17950439453125	0.12895996744581245	-0.40336849988860823
0.180023193359375	0.14381034252409147	-0.5395099224927333
0.1805419921875	0.15945858226651724	-0.6709678631732524
0.181060791015625	0.17568680213894222	-0.7965629648259185
0.18157958984375	0.19226982849393823	-0.9153149461501697
0.182098388671875	0.20898248749079007	-1.0262435311243894
0.1826171875	0.2255996052887822	-1.1283684437269594
0.183135986328125	0.2418960080471993	-1.2207094079362624
0.18365478515625	0.257646521925326	-1.3022861477306806
0.184173583984375	0.2726259730824469	-1.3721183870885971
0.1846923828125	0.28660918767784654	-1.429225849988393
0.185211181640625	0.2993709918708096	-1.4726282604084517
0.18572998046875	0.31068621182062073	-1.501345342327156
0.186248779296875	0.3203296736865645	-1.5143968197228872
0.186767578125	0.32807620362792567	-1.5108024165740286
0.187286376953125	0.33370062780398857	-1.4895818568589623
0.18780517578125	0.3369777723740381	-1.4497548645560707
0.188323974609375	0.33773419534920085	-1.3908074124889636
0.1888427734375	0.3360930500185625	-1.3148986274651815
0.189361572265625	0.3322830012341014	-1.2251385909286245
0.18988037109375	0.32653284144010597	-1.1246385342871925
0.190399169921875	0.31907136308086453	-1.016509688948787
0.19091796875	0.3101273586006657	-0.9038632863213089
0.191436767578125	0.2999296204437979	-0.7898105578126593
0.19195556640625	0.2887069410545497	-0.6774627348307386
0.192474365234375	0.2766881128772095	-0.5699310487834479
0.1929931640625	0.26410192835606594	-0.4703267310786884
0.193511962890625	0.2511771799354074	-0.38176101312436095
0.19403076171875	0.2381426600595223	-0.3073451263283662
0.194549560546875	0.22522716117269928	-0.25019030209860516
0.195068359375	0.2126594757192268	-0.21340777184297915
0.195587158203125	0.20066839614339324	-0.20010876696938854
0.19610595703125	0.18946161872701292	-0.21292237535999717
0.196624755859375	0.17908720786604426	-0.2508293682725454
0.1971435546875	0.16952019923663783	-0.3111414776553161
0.197662353515625	0.16073525107874947	-0.39116180931817324
0.19818115234375	0.1527070216323351	-0.4881934690709814
0.198699951171875	0.14541016913735064	-0.5995395627236045
0.19921875	0.138819351833752	-0.7225031960859069
0.199737548828125	0.132909227961495	-0.854387474967753
0.20025634765625	0.12765445576053563	-0.9924955051790066
0.200775146484375	0.12302969347082976	-1.1341303925295316
0.2012939453125	0.11900959933233328	-1.276595242829193
0.201812744140625	0.11556883158500206	-1.4171931618878548
0.20233154296875	0.11268204846879205	-1.5532272555153805
0.202850341796875	0.11032390822365912	-1.6820006295216354
0.203369140625	0.10846906908955918	-1.800816389716483
0.203887939453125	0.10708975404581571	-1.9071862654714105
0.20440673828125	0.1061334272549971	-2.000743020951589
0.204925537109375	0.10553311844304483	-2.0823559875869226
0.2054443359375	0.10522167732900285	-2.1529099176126207
0.205963134765625	0.10513195363191512	-2.213289563263892
0.20648193359375	0.10519679707082552	-2.2643796767759468
0.207000732421875	0.10534905736477809	-2.307065010383993
0.20751953125	0.10552158423281671	-2.3422303163232394
0.208038330078125	0.10564722739398535	-2.3707603468288965
0.20855712890625	0.10565883656732797	-2.393539854136172
0.209075927734375	0.1054892614718885	-2.4114535904802765
0.2095947265625	0.1050713518267109	-2.425386308096418
0.210113525390625	0.10433795735083912	-2.4362227592198056
0.21063232421875	0.10322192776331705	-2.444847696085649
0.211151123046875	0.10165611278318874	-2.452145870929158
0.211669921875	0.09957890776830124	-2.4589651207657703
0.212188720703125	0.09700662038386813	-2.4656346498526176
0.21270751953125	0.09401304513268656	-2.472100994314535
0.213226318359375	0.09067331832680006	-2.4783017583597693
0.2137451171875	0.08706257627825231	-2.4841745461965665
0.214263916015625	0.08325595529908691	-2.489656962033174
0.21478271484375	0.07932859170134747	-2.4946866100778378
0.215301513671875	0.07535562179707761	-2.4992010945388055
0.2158203125	0.07141218189832094	-2.503138019624324
0.216339111328125	0.06757340831712107	-2.5064349895426385
0.21685791015625	0.06391443736552162	-2.509029608501997
0.217376708984375	0.060510405355566205	-2.5108594807106455
0.2178955078125	0.057436448599298445	-2.5118622103768318
0.218414306640625	0.05476770340876194	-2.5119754017088005
0.21893310546875	0.05257930609600033	-2.511136658914801
0.219451904296875	0.0509434370034349	-2.5092840314697913
0.219970703125	0.04987240498935767	-2.5063645874728437
0.220489501953125	0.049322836630776544	-2.5023337826147545
0.22100830078125	0.04924924175788583	-2.497147391438343
0.221527099609375	0.04960613020087982	-2.4907611884864274
0.2220458984375	0.050348011789952796	-2.4831309483018256
0.222564697265625	0.051429396355299056	-2.4742124454273586
0.22308349609375	0.052804793727112886	-2.463961454405844
0.223602294921875	0.05442871373558858	-2.4523337497801005
0.22412109375	0.05625566621092043	-2.439285106092948
0.224639892578125	0.05824016098330272	-2.4247712978872045
0.22515869140625	0.06033670788292976	-2.408748099705689
0.225677490234375	0.06249981673999583	-2.3911712860912195
0.2261962890625	0.06468399738469519	-2.3719966315866166
0.226715087890625	0.06684375964722217	-2.351179910734698
0.22723388671875	0.06893390475825756	-2.328656870564051
0.227752685546875	0.070918306781797	-2.303739696006558
0.228271484375	0.07277146529840342	-2.2750102963283507
0.228790283203125	0.07446848425714452	-2.2410090434632983
0.22930908203125	0.07598446760708785	-2.200276309345269
0.229827880859375	0.07729451929730113	-2.151352465908132
0.2303466796875	0.07837374327685198	-2.0927778850857557
0.230865478515625	0.07919724349480803	-2.0230929388120096
0.23138427734375	0.07974012390023688	-1.9408379990207614
0.231903076171875	0.07997748844220624	-1.8445534376458823
0.232421875	0.07988444106978372	-1.732779626621239
0.232940673828125	0.07943608573203695	-1.604056937880701
0.23345947265625	0.07860752637803357	-1.4569257433581377
0.233978271484375	0.07737386695684122	-1.2899264149874174
0.2344970703125	0.07571021141752755	-1.1015993247024094
0.235015869140625	0.07359233475373639	-0.890538089919066
0.23553466796875	0.07103154042258597	-0.6581554107677371
0.236053466796875	0.06809163871713692	-0.41003025574835694
0.236572265625	0.06484066990447836	-0.1520772297914805
0.237091064453125	0.061346674251699415	0.10978906217233744
0.23760986328125	0.057677692025889196	0.36965401521254193
0.238128662109375	0.05390176349413682	0.6216030243985782
0.2386474609375	0.0500869289235314	0.8597214847998914
0.239166259765625	0.04630122858116206	1.0780947914859267
0.23968505859375	0.0426127027341179	1.2708083395261291
0.240203857421875	0.03908939164948807	1.4319475239899433
0.24072265625	0.03579933559436164	1.555597739946816
0.241241455078125	0.03281057483582776	1.6358443824661906
0.24176025390625	0.030191149640975537	1.6667728466175127
0.242279052734375	0.028009100276894086	1.6424685274702284
0.2427978515625	0.026332112283117805	1.5570575609537305
0.243316650390625	0.025189976286984474	1.4090183564254988
0.24383544921875	0.02454144524545541	1.2049880798478139
0.244354248046875	0.02433745660893319	0.9525015169305904
0.244873046875	0.024528947827820412	0.6590934533837413
0.245391845703125	0.02506685635251965	0.3322986749171815
0.24591064453125	0.025902119633433508	-0.020348032759175905
0.246429443359375	0.026985675120964562	-0.39131188393541566
0.2469482421875	0.028268460265515417	-0.773058092901625
0.247467041015625	0.02970141251748864	-1.1580518739478878
0.24798583984375	0.031235469327286818	-1.5387584413642912
0.248504638671875	0.032821568145312556	-1.9076430094409216
0.2490234375	0.034410646421968435	-2.2571707924678632
0.249542236328125	0.035953641607657044	-2.5798070047352035
0.25006103515625	0.03740149115278097	-2.8680168605330274
0.250579833984375	0.03870518310795692	-3.114275196987466
0.2510986328125	0.03983090263506546	-3.313946943937242
0.251617431640625	0.04078125527325777	-3.469323233517787
0.25213623046875	0.04156418916684354	-3.5837112215000007
0.252655029296875	0.04218765246013246	-3.6604180636547845
0.253173828125	0.04265959329743423	-3.702750915753042
0.253692626953125	0.04298795982305856	-3.714016933565672
0.25421142578125	0.04318070018131512	-3.6975232728635765
0.254730224609375	0.04324576251651363	-3.656577089417657
0.2552490234375	0.04319109497296378	-3.5944855389988146
0.255767822265625	0.04302464569497528	-3.5145557773779506
0.25628662109375	0.04275436282685781	-3.4200949603259656
0.256805419921875	0.04238819451292107	-3.3144102436137617
0.25732421875	0.041934088897474776	-3.2008087830122403
0.257843017578125	0.04139999412482861	-3.0825977342923014
0.25836181640625	0.0407938576434721	-2.9630839566502143
0.258880615234375	0.04012224351964421	-2.84498467981297
0.2593994140625	0.039387437122958106	-2.7291934541740233
0.259918212890625	0.038590899148896636	-2.616252334963727
0.26043701171875	0.03773409029294262	-2.5067033774124337
0.260955810546875	0.03681847125057892	-2.4010886367504956
0.261474609375	0.03584550271728834	-2.299950168208265
0.261993408203125	0.03481664538855375	-2.203830027016094
0.26251220703125	0.03373335995985798	-2.1132702684043365
0.263031005859375	0.03259710712668386	-2.028812947603344
0.2635498046875	0.03140934758451423	-1.951000119843469
0.264068603515625	0.03017154202883194	-1.8803738403550647
0.26458740234375	0.028885151155119818	-1.8174761643684831
0.265106201171875	0.0275516356588607	-1.7628491471140766
0.265625	0.026172456235537427	-1.7170348438221974
0.266143798828125	0.02474907358063284	-1.6805753097231988
0.26666259765625	0.023285645338223304	-1.6535994229867637
0.267181396484375	0.02179718046660688	-1.6345736221924043
0.2677001953125	0.0203014167259902	-1.6215462888775294
0.268218994140625	0.01881609187660018	-1.6125658045764335
0.26873779296875	0.01735894367866377	-1.6056805508234107
0.269256591796875	0.0159477098924079	-1.598938909152755
0.269775390625	0.014600128278059503	-1.5903892610987609
0.270294189453125	0.01333393659584552	-1.5780799881957224
0.27081298828125	0.012166872605992885	-1.5600594719779344
0.271331787109375	0.011116674068728533	-1.5343760939796902
0.2718505859375	0.0102010787442794	-1.4990782357352845
0.272369384765625	0.009437824392872426	-1.4522142787790113
0.27288818359375	0.008844648774734544	-1.391832604645165
0.273406982421875	0.00843928965009269	-1.31598159486804
0.27392578125	0.0082394847791738	-1.2227096309819303
0.274444580078125	0.008257093415995167	-1.1106135178641856
0.27496337890625	0.008473109967547203	-0.9811695338477814
0.275482177734375	0.00885843417275589	-0.8367957188985788
0.2760009765625	0.009383960031507585	-0.6799106483945311
0.276519775390625	0.010020581543688642	-0.5129328977135907
0.27703857421875	0.010739192709185417	-0.3382810422337098
0.277557373046875	0.011510687527884266	-0.15837365733284092
0.278076171875	0.012305959999671549	0.024370681611063233
0.278594970703125	0.01309590412443361	0.20753339922004985
0.27911376953125	0.013851413902056815	0.38869592011616705
0.279632568359375	0.014543383332427521	0.5654396689214619
0.2801513671875	0.015142706415432073	0.7353460702579816
0.280670166015625	0.015620277150956832	0.8959965487477743
0.28118896484375	0.015946989538888158	1.0449725290128873
0.281707763671875	0.016093737579112404	1.1798554356753674
0.2822265625	0.016036481573898167	1.2986611798738452
0.282745361328125	0.015786148908178255	1.4024044526845771
0.28326416015625	0.01536842028140449	1.493365190672497
0.283782958984375	0.014809028412025967	1.573827791556103
0.2843017578125	0.01413370601849179	1.6460766530538917
0.284820556640625	0.01336818581925106	1.71239617288436
0.28533935546875	0.012538200532752862	1.7750707487660053
0.285858154296875	0.011669482877446305	1.8363847784173248
0.286376953125	0.010787765571780478	1.8986226595568159
0.286895751953125	0.009918781334204489	1.9640687899029754
0.28741455078125	0.009088262883167426	2.0350075671743006
0.287933349609375	0.008321942937118396	2.1137233890892886
0.2884521484375	0.007645554214506489	2.202500653366436
0.288970947265625	0.007084829433780806	2.3036237577242407
0.28948974609375	0.006665501313390444	2.4193770998812005
0.290008544921875	0.006410581235679162	2.551521427680278
0.29052734375	0.006318016063119681	2.696994478427445
0.291046142578125	0.006372238350149531	2.8501335147182347
0.29156494140625	0.006557549458789653	3.0052505546028687
0.292083740234375	0.006858250751060989	3.156657616131568
0.2926025390625	0.007258643588984478	3.298666717354555
0.293121337890625	0.007743029334581061	3.425589876322052
0.29364013671875	0.00829570934987168	3.531739111084279
0.294158935546875	0.00890098499687727	3.6114264396914586
0.294677734375	0.009543157637618777	3.658963880193813
0.295196533203125	0.01020652863411714	3.6686634506415627
0.29571533203125	0.010875399348393301	3.63483716908493
0.296234130859375	0.011534071142468199	3.5517970535741368
0.2967529296875	0.01216684537836277	3.4138551221594042
0.297271728515625	0.01275802341809796	3.215323392890954
0.29779052734375	0.01329251529740026	2.951210569348059
0.298309326171875	0.013762897272628645	2.6253000810895184
0.298828125	0.014166987134596833	2.24737479739256
0.299346923828125	0.014502704327243167	1.8273339393009598
0.29986572265625	0.014767968294505964	1.3750767278584903
0.300384521484375	0.014960698480323557	0.9005023841089279
0.3009033203125	0.015078814328634275	0.4135101290960465
0.301422119140625	0.015120235283376443	-0.07600081613637821
0.30194091796875	0.015082880788488393	-0.5581312305445731
0.302459716796875	0.01496467028790845	-1.022981893084761
0.302978515625	0.014763523225574948	-1.4606535827131708
0.303497314453125	0.01447735904542621	-1.861247078386025
0.30401611328125	0.014104097191400565	-2.2148631590595484
0.304534912109375	0.013641657107436344	-2.5116026036899695
0.3050537109375	0.013087958237471874	-2.7415661912335105
0.305572509765625	0.012441448695296512	-2.8953590417568686
0.30609130859375	0.011710026176795736	-2.9726009992013074
0.306610107421875	0.0109097401654969	-2.9806885598434114
0.30712890625	0.010056907478772038	-2.927273251427577
0.307647705078125	0.009167844933993188	-2.8200066016982017
0.30816650390625	0.00825886934853239	-2.6665401383996805
0.308685302734375	0.00734629753976168	-2.47452538927641
0.3092041015625	0.006446446325053095	-2.2516138820727867
0.309722900390625	0.005575632521778676	-2.0054571445332083
0.31024169921875	0.004750172947310456	-1.7437067044020678
0.310760498046875	0.003986384419020475	-1.4740140894237637
0.311279296875	0.003300583754280773	-1.2040308273426925
0.311798095703125	0.0027090877704633825	-0.9414084459032496
0.31231689453125	0.0022282132849403445	-0.6937984728498311
0.312835693359375	0.0018742771150836953	-0.46885243592683457
0.3133544921875	0.0016630770235146358	-0.27404194334238613
0.313873291015625	0.001596487296022085	-0.11201231958239619
0.31439208984375	0.001661257464285026	0.019833792378652182
0.314910888671875	0.0018433772338527857	0.1243571274944633
0.3154296875	0.0021288363102746934	0.2044184207187416
0.315948486328125	0.0025036243991000797	0.26287840700519094
0.31646728515625	0.002953731205878274	0.30259782130751584
0.316986083984375	0.0034651464361586046	0.32643739857942056
0.3175048828125	0.004023859795490401	0.33725787377460903
0.318023681640625	0.004615860989422992	0.33791998184678584
0.31854248046875	0.005227139723505707	0.3312844577496551
0.319061279296875	0.005843685703287878	0.32021203643692087
0.319580078125	0.00645148863431883	0.3075634528622877
0.320098876953125	0.0070365382221478975	0.2961994419794597
0.32061767578125	0.0075848241723244034	0.28898073874214086
0.321136474609375	0.008082493635480015	0.28873704705440684
0.3216552734375	0.008522605047715561	0.29693591686024207
0.322174072265625	0.00890768104822453	0.31317958639291704
0.32269287109375	0.00924092817457976	0.33693550349252516
0.323211669921875	0.009525552964354093	0.36767111599915947
0.32373046875	0.009764761955120379	0.40485387175291365
0.324249267578125	0.009961761684451457	0.44795121859388065
0.32476806640625	0.01011975868992017	0.4964306043621539
0.325286865234375	0.010241959509099365	0.5497594768978267
0.3258056640625	0.010331570679561882	0.6074052840409925
0.326324462890625	0.010391798738880565	0.6688354736317441
0.32684326171875	0.010425850224628259	0.7335174935101753
0.327362060546875	0.010436931674377809	0.8009187915163793
0.327880859375	0.010428249625702053	0.8705068154904492
0.328399658203125	0.010403010616173838	0.9417490132724782
0.32891845703125	0.010364401471585153	1.0141094889974007
0.329437255859375	0.010313976270999888	1.0867753843227939
0.3299560546875	0.010250458716198983	1.1584537246146815
0.330474853515625	0.01017229030261717	1.2278036646370967
0.33099365234375	0.010077912525689164	1.2934843591540717
0.331512451171875	0.009965766880849703	1.3541549629296394
0.33203125	0.009834294863533505	1.4084746307278329
0.332550048828125	0.009681937969175297	1.4551025173126844
0.33306884765625	0.009507137693209811	1.4926977774482268
0.333587646484375	0.009308335531071764	1.5199195658984932
0.3341064453125	0.009083972978195888	1.535427037427516
0.334625244140625	0.00883249153001691	1.5378793467993277
0.33514404296875	0.008552332681969553	1.5259356487779614
0.335662841796875	0.008241937929488546	1.4982550981274505
0.336181640625	0.007899748768008611	1.4534968496118266
0.336700439453125	0.0075242224577671945	1.390324251290414
0.33721923828125	0.00711701777275087	1.3082522249954447
0.337738037109375	0.006686868632409409	1.208677617419728
0.3382568359375	0.006243455841058336	1.0932491380874778
0.338775634765625	0.005796460203013173	0.9636154965229068
0.33929443359375	0.0053555625225894365	0.8214254022502281
0.339813232421875	0.0049304436041026495	0.6683275647936547
0.34033203125	0.004530784251868336	0.5059706936774002
0.340850830078125	0.004166265270202011	0.3360034984256771
0.34136962890625	0.0038465674634191984	0.160074688562699
0.341888427734375	0.0035813716358354193	-0.02016702638732132
0.3424072265625	0.0033803585917661955	-0.20307293690017042
0.342926025390625	0.0032532091355270453	-0.3869943334516354
0.34344482421875	0.0032096040714334906	-0.5702825065175035
0.343963623046875	0.003259224203801053	-0.7512887465735606
0.344482421875	0.0034117439961214788	-0.9283644449403081
0.345001220703125	0.0036710994130723174	-1.0999522582516925
0.34552001953125	0.004024910845712139	-1.2647543266736088
0.346038818359375	0.0044579185270098845	-1.4215185965207973
0.3465576171875	0.004954862689934494	-1.5689930141079969
0.347076416015625	0.005500483567454915	-1.7059255257499468
0.34759521484375	0.006079521392540085	-1.8310640777613871
0.348114013671875	0.006676716398158948	-1.943156616457057
0.3486328125	0.007276808817280444	-2.040951088151696
0.349151611328125	0.007864538882873515	-2.123195439160044
0.34967041015625	0.008424646827907105	-2.1886376157968397
0.350189208984375	0.008941872885350154	-2.2360255643768236
0.3507080078125	0.009400957288171606	-2.2641072312147337
0.351226806640625	0.009786640269340402	-2.271630562625311
0.35174560546875	0.010083662061825484	-2.257343504923295
0.352264404296875	0.010276762993665192	-2.2199940173338404
0.352783203125	0.010356017191201836	-2.159054388456228
0.353302001953125	0.01033118579402683	-2.076670401681331
0.35382080078125	0.010216571027646296	-1.975604519496421
0.354339599609375	0.010026475117566363	-1.858619204388767
0.3548583984375	0.009775200289293155	-1.7284769188456397
0.355377197265625	0.009477048768332805	-1.5879401253543082
0.35589599609375	0.009146322780191438	-1.4397712864020429
0.356414794921875	0.008797324550375176	-1.2867328644761142
0.35693359375	0.008444356304390152	-1.1315873220637913
0.357452392578125	0.00810172026774249	-0.9770971216523451
0.35797119140625	0.007783718665938319	-0.826024725729045
0.358489990234375	0.007504653724483763	-0.681132596781161
0.3590087890625	0.007278827668884952	-0.5451831972959633
0.359527587890625	0.007120542724648011	-0.4209389897607223
0.36004638671875	0.007044101117279069	-0.31116243666270726
0.360565185546875	0.00705984603333548	-0.21791684988270513
0.361083984375	0.007159069808452911	-0.13990123644159372
0.361602783203125	0.007327341643259974	-0.07480392037305426
0.36212158203125	0.007550229625984667	-0.020313029265224686
0.362640380859375	0.007813301844854997	0.02588330929375754
0.3631591796875	0.008102126388098966	0.06609696771575505
0.363677978515625	0.00840227134394457	0.1026398184126302
0.36419677734375	0.008699304800619815	0.13782373379624546
0.364715576171875	0.0089787948463527	0.1739605862784635
0.365234375	0.009226309569371227	0.21336224827114664
0.365753173828125	0.0094274170579034	0.2583405921861574
0.36627197265625	0.009567685400177217	0.31120749043535834
0.366790771484375	0.009632682684420682	0.3742748154306118
0.3673095703125	0.009607976998861798	0.44985443958378035
0.367828369140625	0.00947913643172856	0.5402582353067267
0.36834716796875	0.00923493170281854	0.6472274850256357
0.368865966796875	0.008884327258415287	0.7689056991919456
0.369384765625	0.008444137341383573	0.9020378460827738
0.369903564453125	0.007931193697526396	1.0433657756017811
0.37042236328125	0.0073623280726467615	1.1896313376526293
0.370941162109375	0.006754372212547666	1.3375763821389792
0.3714599609375	0.006124157863032118	1.483942758964492
0.371978759765625	0.0054885167699031115	1.6254723180328299
0.37249755859375	0.00486428067896365	1.758906909247654
0.373016357421875	0.004268281336016736	1.8809883825126248
0.37353515625	0.0037173504868653713	1.9884585877314043
0.374053955078125	0.0032283198773125537	2.078059374807654
0.37457275390625	0.002818021253161286	2.1465325936450346
0.375091552734375	0.0025032863602145712	2.1906200941472083
0.3756103515625	0.002300946944275408	2.2070637262178345
0.376129150390625	0.0022253875008450188	2.193027068958784
0.37664794921875	0.0022705203107040556	2.1492016326742784
0.377166748046875	0.002420057575074518	2.07803668467884
0.377685546875	0.0026576368584059606	1.981994354275887
0.378204345703125	0.002966895725147938	1.8635367707688355
0.37872314453125	0.0033314717397500073	1.725126063461102
0.379241943359375	0.0037350024666617182	1.569224361656104
0.3797607421875	0.0041611254703326295	1.3982937946572578
0.380279541015625	0.0045934783152122936	1.2147964917679803
0.38079833984375	0.005015698565750266	1.021194582291688
0.381317138671875	0.005411423786396101	0.8199501955317974
0.3818359375	0.0057642915415993526	0.6135254607917258
0.382354736328125	0.006057939395809577	0.40438250737488923
0.38287353515625	0.0062760049134763275	0.19498346458470506
0.383392333984375	0.006402125659049159	-0.012209538275410228
0.3839111328125	0.006421514745472921	-0.21483527102581199
0.384429931640625	0.006337244510475036	-0.4116762195560151
0.38494873046875	0.006163696236222715	-0.6022391017218428
0.385467529296875	0.005915430338878608	-0.7860421072336696
0.385986328125	0.005607007234605372	-0.9626034258018712
0.386505126953125	0.005252987339565656	-1.1314412471368227
0.38702392578125	0.004867931069922114	-1.2920737609488988
0.387542724609375	0.0044663988418374	-1.4440191569484753
0.3880615234375	0.0040629510714741655	-1.586795624845927
0.388580322265625	0.003672148174995062	-1.7199213543516285
0.38909912109375	0.0033085505685627446	-1.8429145351759555
0.389617919921875	0.002986718668339863	-1.955293357029284
0.39013671875	0.002721212890489072	-2.0565760096219874
0.390655517578125	0.002526593651173024	-2.146280682664442
0.39117431640625	0.0024174213665543723	-2.223925565867022
0.391693115234375	0.0024073346766829602	-2.2890419270243054
0.3922119140625	0.00249534699547758	-2.341368535444694
0.392730712890625	0.0026687715106259793	-2.380810162290736
0.39324951171875	0.002914593779784724	-2.4072762271131
0.393768310546875	0.0032197993606103764	-2.4206761494624565
0.394287109375	0.003571373810759501	-2.420919348889476
0.394805908203125	0.00395630268788866	-2.407915244944828
0.39532470703125	0.004361571549654418	-2.3815732571791832
0.395843505859375	0.004774165953713338	-2.341802805143211
0.3963623046875	0.005181071457721984	-2.288513308387582
0.396881103515625	0.005569273619336922	-2.2216141864629666
0.39739990234375	0.00592575799621471	-2.1410148589200344
0.397918701171875	0.006237510146011916	-2.046624745309456
0.3984375	0.0064915156263851016	-1.9383532651819002
0.398956298828125	0.006674759994990831	-1.8161098380880387
0.39947509765625	0.0067746885103547655	-1.6798632009079983
0.399993896484375	0.006789466726426084	-1.53096537982647
0.4005126953125	0.0067280628998430975	-1.3721623237233616
0.401031494140625	0.006599921469869308	-1.2062614255252604
0.40155029296875	0.006414486875768216	-1.0360700781587555
0.402069091796875	0.006181203556803325	-0.8643956745504341
0.402587890625	0.005909515952238138	-0.6940456076268858
0.403106689453125	0.005608868501336153	-0.5278272703146984
0.40362548828125	0.005288705643360876	-0.3685480555404601
0.404144287109375	0.0049584718175758056	-0.2190153562307594
0.4046630859375	0.0046276114632444465	-0.08203656531218512
0.405181884765625	0.004305569019630299	0.03958092428867509
0.40570068359375	0.0040017889259968634	0.14302971964523273
0.406219482421875	0.0037257156216076457	0.22550242783089913
0.40673828125	0.0034867935457261446	0.2841916559190861
0.407257080078125	0.0032943150109478797	0.31635663383093027
0.40777587890625	0.0031519537531342528	0.32171720925531433
0.408294677734375	0.003056251187959602	0.3031167813796646
0.4088134765625	0.0030032884444457387	0.263600328824968
0.409332275390625	0.002989146651614469	0.20621283021221135
0.40985107421875	0.003009906938487599	0.1339992641623815
0.410369873046875	0.0030616504340869395	0.050004609296465746
0.410888671875	0.0031404582674342957	-0.04272615576454919
0.411407470703125	0.003242411567551476	-0.1411480523996764
0.41192626953125	0.003363591463460288	-0.2422161019879291
0.412445068359375	0.00350007908418254	-0.3428853259083201
0.4129638671875	0.003647955558740038	-0.44011074553986224
0.413482666015625	0.003803302016154591	-0.5308473822615692
0.41400146484375	0.0039621995854480065	-0.6120502574524539
0.414520263671875	0.004120729395642091	-0.680674392491529
0.4150390625	0.004274983701936099	-0.7336952123506211
0.415557861328125	0.004421788546034655	-0.7694337866438119
0.41607666015625	0.004559147140748121	-0.7883699245911068
0.416595458984375	0.004685168760111836	-0.7911779343820424
0.4171142578125	0.004797962678161147	-0.7785321242061556
0.417633056640625	0.004895638168931392	-0.7511068022529821
0.41815185546875	0.004976304506457918	-0.7095762767120583
0.418670654296875	0.005038070964776065	-0.6546148557729208
0.419189453125	0.0050790468179211755	-0.5868968476251055
0.419708251953125	0.005097341339928594	-0.5070965604581493
0.42022705078125	0.005091063804833662	-0.41588830246158826
0.420745849609375	0.005058323486671723	-0.3139463818249586
0.4212646484375	0.0049972296594781185	-0.20194510673779667
0.421783447265625	0.004905891597288192	-0.08055878538963913
0.42230224609375	0.004782418574137287	0.04953827402997802
0.422821044921875	0.004624939324660509	0.18766586593846563
0.42333984375	0.004434413293059321	0.33228595883151346
0.423858642578125	0.004217574237128535	0.480110657517132
0.42437744140625	0.003981859660806495	0.6276388016589992
0.424896240234375	0.0037347070680315503	0.771369230920793
0.4254150390625	0.0034835539627420444	0.9078007849661909
0.425933837890625	0.0032358378488763226	1.0334323034588704
0.42645263671875	0.0029989962303727307	1.1447626260625088
0.426971435546875	0.0027804666111696155	1.2382905924407845
0.427490234375	0.0025876864952053213	1.3105150422573755
0.428009033203125	0.0024280933864181935	1.3579348151759587
0.42852783203125	0.002309124788746579	1.3770487508602116
0.429046630859375	0.0022382182061288225	1.364355688973813
0.4295654296875	0.0022228111425032695	1.3163544691804399
0.430084228515625	0.0022703411018082666	1.2295439311437693
0.43060302734375	0.0023882365575550028	1.1004277813585268
0.431121826171875	0.002579425362523933	0.9279352772180451
0.431640625	0.002835060775582466	0.7173414400791688
0.432159423828125	0.0031443942260125594	0.47494625757250397
0.43267822265625	0.0034966771430961713	0.20704971732865535
0.433197021484375	0.0038811609561152597	-0.08004819302177157
0.4337158203125	0.0042870970943517835	-0.38004748584817083
0.434234619140625	0.004703736987087699	-0.6866481735199377
0.43475341796875	0.0051203320636049685	-0.9935502684064669
0.435272216796875	0.005526133753185544	-1.2944537828771527
0.435791015625	0.005910393485111388	-1.5830587293013894
0.436309814453125	0.006262362688664457	-1.8530651200485724
0.43682861328125	0.006571292793126709	-2.0981729674880962
0.437347412109375	0.006826435227780102	-2.312082283989355
0.4378662109375	0.007017041421906595	-2.4884930819217432
0.438385009765625	0.007132363388150572	-2.621105687656745
0.43890380859375	0.0071656429393148965	-2.7057679871679494
0.439422607421875	0.007123636519801904	-2.7456022851235082
0.43994140625	0.007015959309784093	-2.745269636306673
0.440460205078125	0.006852226489433951	-2.709431095500698
0.44097900390625	0.0066420532389239745	-2.642747717488833
0.441497802734375	0.006395054738426661	-2.5498805570543346
0.4420166015625	0.006120846168114501	-2.435490668980452
0.442535400390625	0.00582904270815999	-2.304239108050439
0.44305419921875	0.005529259538735624	-2.160786929047549
0.443572998046875	0.005231111840013895	-2.0097951867550337
0.444091796875	0.0049442147921672985	-1.8559249359561463
0.444610595703125	0.004678183575368329	-1.703837231434139
0.44512939453125	0.00444263336978948	-1.5581931279722647
0.445648193359375	0.004247179355603246	-1.4236536803537763
0.4461669921875	0.004101436712982122	-1.3048799433619263
0.446685791015625	0.0040126091122437745	-1.2055578064220387
0.44720458984375	0.003977259528947235	-1.1250702792129053
0.447723388671875	0.003989016983972018	-1.061613940033213
0.4482421875	0.004041510405099504	-1.0133853295346629
0.448760986328125	0.004128368720111071	-0.978580988368958
0.44927978515625	0.0042432208567880995	-0.9553974571877997
0.449798583984375	0.00437969574291197	-0.9420312766428901
0.4503173828125	0.0045314223062640595	-0.9366789873859314
0.450836181640625	0.004692029474625751	-0.9375371300686253
0.45135498046875	0.0048551461757784225	-0.9428022453426743
0.451873779296875	0.005014401337503454	-0.9506708738597801
0.452392578125	0.005163423887582225	-0.9593395562716447
0.452911376953125	0.005295842753796114	-0.9670048332299701
0.45343017578125	0.0054052868639265055	-0.9718632453864584
0.453948974609375	0.005485385145754772	-0.9721113333928115
0.4544677734375	0.005530893734844605	-0.9661330248522699
0.454986572265625	0.005543070413319295	-0.9533930806872795
0.45550537109375	0.005525499050911929	-0.9337429504796908
0.456024169921875	0.005481766456455631	-0.9070345724071612
0.45654296875	0.005415459438783521	-0.8731198846473487
0.457061767578125	0.00533016480672872	-0.8318508253779098
0.45758056640625	0.0052294693691243505	-0.7830793327765018
0.458099365234375	0.005116959934803534	-0.7266573450207823
0.4586181640625	0.004996223312599391	-0.6624368002884085
0.459136962890625	0.004870846311345043	-0.5902696367570375
0.45965576171875	0.004744415739873613	-0.5100077926043269
0.460174560546875	0.004620518407018221	-0.4215032060079338
0.460693359375	0.004502741121611988	-0.3246078151455155
0.461212158203125	0.004394670692488036	-0.21917355819472922
0.46173095703125	0.004299893928479486	-0.10505237333323235
0.462249755859375	0.004221594665537519	0.017818962136854848
0.4627685546875	0.00415988816534799	0.14885763450330106
0.463287353515625	0.0041134781770400175	0.2871836599591884
0.46380615234375	0.004081060978774156	0.4319154818115323
0.464324951171875	0.004061332848710968	0.5821715433673473
0.46484375	0.004052990065011007	0.7370702879336486
0.465362548828125	0.004054728905834832	0.8957301588174509
0.46588134765625	0.0040652456493430016	1.0572695993257695
0.466400146484375	0.004083236573696071	1.2208070527656192
0.4669189453125	0.004107397957054601	1.3854609624440144
0.467437744140625	0.004136426077579147	1.5503497716679706
0.46795654296875	0.004169017213430267	1.7145919237445026
0.468475341796875	0.004203867642768519	1.8773058619806258
0.468994140625	0.0042396736437544606	2.037610029683354
0.469512939453125	0.00427513149454865	2.1946228701597033
0.47003173828125	0.004309051895651016	2.3473641642765597
0.470550537109375	0.004341416819027332	2.4938437458790608
0.4710693359375	0.004372894708931952	2.6314795274144482
0.471588134765625	0.004404162708749915	2.7576819203693606
0.47210693359375	0.004435897961866258	2.869861336230434
0.472625732421875	0.004468777611666022	2.9654281864843073
0.47314453125	0.004503478801534242	3.0417928826176164
0.473663330078125	0.004540678674855959	3.0963658361169983
0.47418212890625	0.004581054375016208	3.126557458469091
0.474700927734375	0.004625283045400031	3.129778161160532
0.4752197265625	0.004674041829392465	3.103438355677957
0.475738525390625	0.004728007870378548	3.0449484535080056
0.47625732421875	0.004787858311743317	2.951718866137313
0.476776123046875	0.004854270296871813	2.8211600050525165
0.477294921875	0.004927920969149072	2.6506822817402544
0.477813720703125	0.005009354428310948	2.4380243341224928
0.47833251953125	0.005097231372359406	2.185571261949243
0.478851318359375	0.005188815655648892	1.8991542596465423
0.4793701171875	0.005281338133372176	1.5846859324952252
0.479888916015625	0.0053720296607220296	1.2480788857761227
0.48040771484375	0.005458121092891221	0.8952457247700683
0.480926513671875	0.005536843285072522	0.5320990547578953
0.4814453125	0.005605427092458702	0.16455148102043493
0.481964111328125	0.005661103370242529	-0.2014843911614792
0.48248291015625	0.005701102973616779	-0.560095956507014
0.483001708984375	0.005722656757774216	-0.9053706097353382
0.4835205078125	0.005722995577907615	-1.2313957455656177
0.484039306640625	0.0056993502892097436	-1.5322587587170204
0.48455810546875	0.005648951746873373	-1.8020470439087135
0.485076904296875	0.005569030806091274	-2.034847995859865
0.485595703125	0.005457004130779395	-2.2249661487295422
0.486114501953125	0.005314084848450111	-2.371142652809893
0.48663330078125	0.005145034994495002	-2.4762659764304598
0.487152099609375	0.004954752831304563	-2.543383785259504
0.4876708984375	0.004748136621269281	-2.5755437449652865
0.488189697265625	0.004530084626779642	-2.575793521216067
0.48870849609375	0.004305495110226138	-2.5471807796801054
0.489227294921875	0.004079266333999255	-2.492753186025664
0.48974609375	0.0038562965604894825	-2.4155584059210025
0.490264892578125	0.003641484052087308	-2.318644105034381
0.49078369140625	0.003439727071183221	-2.2050579490340594
0.491302490234375	0.0032559238801677095	-2.0778476035883
0.4918212890625	0.0030949727414312633	-1.9400607343653617
0.492340087890625	0.0029617719173643687	-1.7947450070335056
0.49285888671875	0.002861219670357516	-1.6449480872609927
0.493377685546875	0.002798102784236834	-1.4936826983918672
0.493896484375	0.0027737005054661074	-1.3428621460622259
0.494415283203125	0.0027851631859895504	-1.193105557320704
0.49493408203125	0.0028294043905926964	-1.044957839622993
0.495452880859375	0.0029033376840610844	-0.898963900424786
0.4959716796875	0.0030038766311802478	-0.7556686471817751
0.496490478515625	0.0031279347967357236	-0.6156169873496516
0.49700927734375	0.003272425745513048	-0.47935382838410845
0.497528076171875	0.003434263042297755	-0.3474240777408377
0.498046875	0.0036103602518753816	-0.2203726428755316
0.498565673828125	0.0037976309390314635	-0.09874443124388205
0.49908447265625	0.003992988668551537	0.01691564969841866
0.499603271484375	0.004193347005221137	0.12606269249567825
0.5001220703125	0.004395619513825799	0.22815178969220468
0.500640869140625	0.00459671975915106	0.3226380338323057
0.50115966796875	0.004793570960690487	0.408985957891029
0.501678466796875	0.0049836143744886995	0.48716663405358523
0.502197265625	0.0051650608471842585	0.5579036447495088
0.502716064453125	0.005336183674974141	0.6219816359567155
0.50323486328125	0.005495256154055328	0.6801852536531215
0.503753662109375	0.005640551580624802	0.7332991438166431
0.5042724609375	0.0057703432508795435	0.7821079524251959
0.504791259765625	0.00588290446101653	0.8273963254566963
0.50531005859375	0.005976508507232744	0.8699489088890601
0.505828857421875	0.006049428685725167	0.9105503487002036
0.50634765625	0.006099938292690775	0.9499852908680424
0.506866455078125	0.006126310624326554	0.989038381370493
0.50738525390625	0.006126818976829481	1.0284942661854712
0.507904052734375	0.0060997366463965376	1.0691375912908934
0.5084228515625	0.006043336929224707	1.111753002664675
0.508941650390625	0.005955909709432425	1.157123367273712
0.50946044921875	0.00583754987203031	1.2058379704787425
0.509979248046875	0.005691754102764696	1.2581212634439658
0.510498046875	0.005522395828041897	1.3141572928870355
0.511016845703125	0.005333348474268223	1.3741301055256054
0.51153564453125	0.005128485467849986	1.4382237480773288
0.512054443359375	0.004911680235193498	1.5066222672598597
0.5125732421875	0.004686806202705073	1.5795097097908513
0.513092041015625	0.004457736796791019	1.6570701223879571
0.51361083984375	0.004228345443857651	1.739487551768831
0.514129638671875	0.004002505570311279	1.8269460446511268
0.5146484375	0.0037840906025582155	1.9196296477524977
0.515167236328125	0.0035769739670047733	2.0177224077905964
0.51568603515625	0.0033850290900572623	2.1214083714830787
0.516204833984375	0.0032121293981219965	2.2308715855475962
0.5167236328125	0.003062143549468647	2.346293132038158
0.517242431640625	0.002937465745315185	2.466937326240451
0.51776123046875	0.002836936939675416	2.5898591963316284
0.518280029296875	0.002758873619946348	2.711787675154416
0.518798828125	0.002701592273524985	2.8294516955515387
0.519317626953125	0.0026634093878083326	2.939580190365721
0.51983642578125	0.0026426414501933976	3.0389020924396863
0.520355224609375	0.002637604948077186	3.124146334616162
0.5208740234375	0.002646616368856703	3.192041849737871
0.521392822265625	0.002667992199928955	3.239317570647539
0.52191162109375	0.002700048928690948	3.26270243018789
0.522430419921875	0.002741103042539688	3.25892536120165
0.52294921875	0.00278947102887218	3.2247152965315418
0.523468017578125	0.00284346937508543	3.1568011690202926
0.52398681640625	0.0029014145685764456	3.051911911510626
0.524505615234375	0.0029616231914514892	2.9067773806014534
0.5250244140625	0.003022612464180671	2.720084379158534
0.525543212890625	0.0030835237509924496	2.4966073583641184
0.52606201171875	0.0031436194305768483	2.2423010960052587
0.526580810546875	0.0032021618816238905	1.9631203698690045
0.527099609375	0.0032584134828235966	1.6650199577424085
0.527618408203125	0.0033116366128659908	1.353954637412521
0.52813720703125	0.003361093650441094	1.0358791866663923
0.528656005859375	0.0034060469742389302	0.7167483832910745
0.5291748046875	0.0034457589629495206	0.40251700507361865
0.529693603515625	0.0034794919952628876	0.09913982980107444
0.53021240234375	0.0035065084498690537	-0.18742836473950583
0.530731201171875	0.0035260707054580423	-0.4512328007610709
0.53125	0.0035374411407198747	-0.6863187004765707
