0.0	1.524694101446229e-5
0.1	1.6720383697541383e-5
0.2	1.8198405554455864e-5
0.3	1.9655132430679352e-5
0.4	2.105989767454081e-5
0.5	2.2376859143736023e-5
0.6	2.356463650469313e-5
0.7	2.4575979147363888e-5
0.8	2.5357476355658408e-5
0.9	2.584932271191454e-5
1.0	2.5985153051232172e-5
1.1	2.5691962593315327e-5
1.2	2.4890129137055884e-5
1.3	2.3493555373987708e-5
1.4	2.14099504246629e-5
1.5	1.854127058686342e-5
1.6	1.4784339962609934e-5
1.7	1.0031672054994025e-5
1.8	4.172513545650764e-6
1.9	-2.9058687737465894e-6
2.0	-1.1316637592304006e-5
2.1	-2.1171551987845617e-5
2.2	-3.257883409107783e-5
2.3	-4.5640720171888673e-5
2.4	-6.045068367820603e-5
2.5	-7.709032131252888e-5
2.6	-9.562589752441375e-5
2.7	-0.00011610454787150206
2.8	-0.00013855014759239274
2.9	-0.00016295885846796568
3.0	-0.00018929437463882645
3.1	-0.0002174828964974936
3.2	-0.00024740787107206403
3.3	-0.0002789045474334138
3.4	-0.00031175440654169616
3.5	-0.00034567953653000325
3.6	-0.00038033703661060215
3.7	-0.0004153135454647286
3.8	-0.0004501200029965687
3.9	-0.0004841867675246795
4.0	-0.0005168592236499122
4.1	-0.0005473940289490774
4.2	-0.0005749561600403901
4.3	-0.0005986169301631043
4.4	-0.0006173531608953967
4.5	-0.0006300476996603837
4.6	-0.0006354914818753033
4.7	-0.0006323873415976637
4.8	-0.0006193557769114628
4.9	-0.0005949428756610082
5.0	-0.0005576306030573943
5.1	-0.0005058496447301273
5.2	-0.0004379949865582748
5.3	-0.00035244439569063747
5.4	-0.00024757994517595003
5.5	-0.00012181269722929045
5.6	2.6389372939558536e-5
5.7	0.00019847016985874872
5.8	0.00039575098938472654
5.9	0.0006193928028426992
6.0	0.0008703554250336199
6.1	0.0011493537411794163
6.2	0.0014568112375528313
6.3	0.0017928111557941203
6.4	0.0021570456712784658
6.5	0.0025487635807444047
6.6	0.002966717072947941
6.7	0.0034091082474328356
6.8	0.003873536139501597
6.9	0.004356945102863243
7.0	0.004855575493785304
7.1	0.005364917690285838
7.2	0.005879670565207671
7.3	0.006393705611013805
7.4	0.0069000379847896235
7.5	0.007390805802078373
7.6	0.007857259055560218
7.7	0.008289759566895889
7.8	0.00867779339493715
7.9	0.009009997118601062
8.0	0.009274199385693712
8.1	0.009457479067604057
8.2	0.009546241281959338
8.3	0.009526312439088622
8.4	0.009383055331768158
8.5	0.009101505119783141
8.6	0.008666526860230615
8.7	0.008062995000503507
8.8	0.007275994983268941
8.9	0.00629104681172832
9.0	0.005094350089815907
9.1	0.0036730496871513127
9.2	0.0020155207845548692
9.3	0.00011167163548659631
9.4	-0.0020467380646792006
9.5	-0.004465765771906574
9.6	-0.00714894469581887
9.7	-0.010096935942043583
9.8	-0.013307178211778892
9.9	-0.01677353955673814
10.0	-0.020485976155517796
10.1	-0.024430203523844687
10.2	-0.02858738598715832
10.3	-0.032933850620148475
10.4	-0.03744083218444993
10.5	-0.04207425586269136
10.6	-0.04679456478439267
10.7	-0.05155659945676951
10.8	-0.05630953624147161
10.9	-0.060996891947208566
11.0	-0.06555660142921937
11.1	-0.06992117479150067
11.2	-0.07401794036949294
11.3	-0.07776937912355872
11.4	-0.0810935553925041
11.5	-0.08390464813858116
11.6	-0.08611358585966908
11.7	-0.08762878725139851
11.8	-0.08835700847475718
11.9	-0.08820429652836767
12.0	-0.08707704674674843
12.1	-0.08488316085658192
12.2	-0.08153330033500045
12.3	-0.07694222804251098
12.4	-0.07103022926633194
12.5	-0.06372460142814933
12.6	-0.05496119980661002
12.7	-0.0446860247245891
12.8	-0.032856833781934526
12.9	-0.019444760905379856
13.0	-0.004435922269724912
13.1	0.012167012449465423
13.2	0.030343306468255074
13.3	0.0500527241545372
13.4	0.07123420640043966
13.5	0.09380467911532278
13.6	0.11765802132194121
13.7	0.14266421949221847
13.8	0.16866873456431106
13.9	0.19549210751386215
14.0	0.22292982838747516
14.1	0.2507524923275595
14.2	0.27870626431150464
14.3	0.30651367208640307
14.4	0.33387474410091483
14.5	0.36046850612200404
14.6	0.3859548466864732
14.7	0.4099767575927458
14.8	0.4321629513114371
14.9	0.45213085251568547
15.0	0.46948995594294507
15.1	0.4838455375453185
15.2	0.494802700419034
15.3	0.5019707313856289
15.4	0.5049677383945061
15.5	0.5034255332014609
15.6	0.4969947181281887
15.7	0.4853499302060268
15.8	0.4681951907387452
15.9	0.4452693033722483
16.0	0.4163512392229413
16.1	0.38126544358057357
16.2	0.3398869952538377
16.3	0.292146546853256
16.4	0.23803497228741158
16.5	0.1776076465611488
16.6	0.11098828267696201
16.7	0.038372251113672644
16.8	-0.0399706909595796
16.9	-0.12369433084174453
17.0	-0.21237465812684905
17.1	-0.3055093105933117
17.2	-0.4025178635574525
17.3	-0.5027430110279048
17.4	-0.605452678891928
17.5	-0.7098431012673401
17.6	-0.8150428811302995
17.7	-0.920118045462182
17.8	-1.0240780935464189
17.9	-1.1258830248031642
18.0	-1.2244513198053937
18.1	-1.318668835017508
18.2	-1.4073985584931716
18.3	-1.4894911604291907
18.4	-1.5637962592731174
18.5	-1.6291743112068715
18.6	-1.684509018464406
18.7	-1.7287201402789094
18.8	-1.7607765794832142
18.9	-1.7797096080930181
19.0	-1.784626086766588
19.1	-1.7747215260285338
19.2	-1.7492928317293044
19.3	-1.707750573531687
19.4	-1.649630613399052
19.5	-1.574604931215912
19.6	-1.482491486885728
19.7	-1.373262962584895
19.8	-1.247054235341453
19.9	-1.104168438758635
20.0	-0.94508148349498
20.1	-0.7704449189919552
20.2	-0.581087033823438
20.3	-0.37801210881557856
20.4	-0.16239775560556377
20.5	0.06440970659960328
20.6	0.30090186183928613
20.7	0.5454167989600293
20.8	0.7961496835934804
20.9	1.051165256110494
21.0	1.308412186671539
21.1	1.565739194035262
21.2	1.820912810627558
21.3	2.0716366528357337
21.4	2.3155720329040266
21.5	2.550359727491527
21.6	2.7736426982288265
21.7	2.983089541782902
21.8	3.1764184312996937
21.9	3.351421297910403
22.0	3.505987990505671
22.1	3.6381301444152974
22.2	3.746004485163302
22.3	3.8279352922429966
22.4	3.882435749980886
22.5	3.9082279180945445
22.6	3.904261063517238
22.7	3.8697281074349927
22.8	3.804079957186498
22.9	3.707037511593852
23.0	3.578601150256877
23.1	3.4190575421456124
23.2	3.2289836362113684
23.3	3.0092477264136583
23.4	2.7610075151973192
23.5	2.4857051326881847
23.6	2.1850591033147144
23.7	1.8610532867897085
23.8	1.515922855966662
23.9	1.1521374095717403
24.0	0.772381352749024
24.1	0.3795317122896916
24.2	-0.02336641410597896
24.3	-0.4331265445976031
24.4	-0.8464493777934903
24.5	-1.2599529513791106
24.6	-1.6702040885070055
24.7	-2.073750806573423
24.8	-2.467155347599026
24.9	-2.8470274779549665
25.0	-3.2100576978268442
25.1	-3.553049997726965
25.2	-3.8729538006383057
25.3	-4.166894734029317
25.4	-4.432203885990914
25.5	-4.666445214027929
25.6	-4.867440793443679
25.7	-5.0332936145895415
25.8	-5.1624076642575405
25.9	-5.2535050558698115
26.0	-5.305640005515207
26.1	-5.318209485906955
26.2	-5.290960427558508
26.3	-5.223993375436592
26.4	-5.117762549566552
26.5	-4.973072299031673
26.6	-4.791069980010689
26.7	-4.57323532941657
26.8	-4.3213664458183985
26.9	-4.037562528140294
27.0	-3.7242035596461327
27.1	-3.3839271594707556
27.2	-3.0196028560099197
27.3	-2.6343040654332626
27.4	-2.2312780840762745
27.5	-1.8139144251868926
27.6	-1.3857118481877941
27.7	-0.950244442056724
27.8	-0.5111271334738205
27.9	-0.07198099494350543
28.0	0.36360127186646113
28.1	0.7920893067867277
28.2	1.2100481539003667
28.3	1.61417006762354
28.4	2.0013047305625533
28.5	2.3684875726376298
28.6	2.712965905527892
28.7	3.032222614243791
28.8	3.3239971781893387
28.9	3.5863038270252856
29.0	3.817446671547084
29.1	4.016031686185938
29.2	4.180975457154079
29.3	4.311510648203487
29.4	4.407188173967775
29.5	4.467876108433166
29.6	4.493755392769559
29.7	4.485312442102016
29.8	4.443328784392516
29.9	4.368867896039446
30.0	4.263259427729676
30.1	4.128081040175948
30.2	3.9651380923636617
30.3	3.776441444585451
30.4	3.5641836546759444
30.5	3.3307138583388585
30.6	3.0785116332025004
30.7	2.8101601512139647
30.8	2.5283189252056824
30.9	2.2356964530071126
31.0	1.935023056441285
31.1	1.6290242031008908
31.2	1.3203945861368833
31.3	1.0117732216540092
31.4	0.7057198049595756
31.5	0.40469254615226236
31.6	0.11102768269216849
31.7	-0.17307915800049986
31.8	-0.4455895988545601
31.9	-0.7046370363115864
32.0	-0.9485389539616047
32.1	-1.1758069622300993
32.2	-1.3851545275933919
32.3	-1.5755023822809646
32.4	-1.7459816321593997
32.5	-1.8959346061690203
32.6	-2.0249135150130755
32.7	-2.132677009517179
32.8	-2.2191847499520128
32.9	-2.2845901164435616
33.0	-2.329231207214327
33.1	-2.3536202856742556
33.2	-2.3584318492128387
33.3	-2.3444895018725207
33.4	-2.3127518198807904
33.5	-2.264297403291489
33.6	-2.200309308774601
33.7	-2.1220590579696927
33.8	-2.0308904128811425
33.9	-1.928203104670213
34.0	-1.8154366950407026
34.1	-1.6940547403923933
34.2	-1.5655294182195831
34.3	-1.4313267630637716
34.4	-1.2928926459049412
34.5	-1.1516396164172433
34.6	-1.008934712248319
34.7	-0.8660883236355126
34.8	-0.7243441854714053
34.9	-0.5848705525959444
35.0	-0.4487525978359687
35.1	-0.31698605633562094
35.2	-0.19047212421337467
35.3	-0.07001360471634532
35.4	0.04368771902176849
35.5	0.15003251863680267
35.6	0.24852420868540284
35.7	0.3387681452739352
35.8	0.42046980180696536
35.9	0.49343199685431405
36.0	0.5575512561498802
36.1	0.6128133963873501
36.2	0.6592884227653005
36.3	0.6971248351744397
36.4	0.7265434395462445
36.5	0.7478307612443346
36.6	0.7613321565409479
36.7	0.7674447162566587
36.8	0.7666100526388425
36.9	0.7593070566092954
37.0	0.7460447077269998
37.1	0.7273550136976977
37.2	0.7037861501306077
37.3	0.6758958646101128
37.4	0.6442452021329127
37.5	0.6093926016750725
37.6	0.5718884062120466
37.7	0.5322698210286608
37.8	0.491056347729986
37.9	0.4487457140965484
38.0	0.40581031290871655
38.1	0.36269415617514633
38.2	0.31981034490749316
38.3	0.27753904874225527
38.4	0.23622598435927444
38.5	0.19618137680615647
38.6	0.15767938351043487
38.7	0.12095795692899926
38.8	0.08621911840934954
38.9	0.05362961286433953
39.0	0.023321911220910128
39.1	-0.004604474784938127
39.2	-0.0300814031088326
39.3	-0.053070276945142145
39.4	-0.07356002711792968
39.5	-0.09156494510021729
39.6	-0.10712241231828275
39.7	-0.12029057302355647
39.8	-0.13114599917396164
39.9	-0.13978139613853258
40.0	-0.1463033972030602
40.1	-0.15083049229972367
40.2	-0.15349113153512656
40.3	-0.15442203635448837
40.4	-0.15376674000509294
40.5	-0.15167436392907896
40.6	-0.14829861763686492
40.7	-0.14379698664994292
40.8	-0.13833004688824874
40.9	-0.13206081563050487
41.0	-0.1251540207890095
41.1	-0.11777514433036786
41.2	-0.11008907556746234
41.3	-0.10225819968405866
41.4	-0.09443975058258039
41.5	-0.08678227941641152
41.6	-0.07942113509391131
41.7	-0.07247292385643489
41.8	-0.06602901346002836
41.9	-0.0601482730627819
42.0	-0.05484938931108258
42.1	-0.05010326556225387
42.2	-0.045826184068566464
42.3	-0.04187457569521585
42.4	-0.03804238003979138
42.5	-0.03406206932228656
42.6	-0.029610428976012168
42.7	-0.024320113302596237
42.8	-0.01779780490708309
42.9	-0.009649485886843171
43.0	0.0004871312106039388
43.1	0.012903561066936856
43.2	0.027776156867390538
43.3	0.04511844482523784
43.4	0.06473309574526229
43.5	0.08616726585396785
43.6	0.10867575230392312
43.7	0.1311969265808836
43.8	0.15234663675344548
43.9	0.17043511545777285
44.0	0.18351131546023666
44.1	0.1894379620312055
44.2	0.1859989377934902
44.3	0.17103842060924965
44.4	0.14262854844727438
44.5	0.09925941226357256
44.6	0.040042059634429014
44.7	-0.03508783992103638
44.8	-0.1251806898717701
44.9	-0.22811506107609003
45.0	-0.3404892873668455
45.1	-0.45758049631420483
45.2	-0.573387388515652
45.3	-0.6807698647809748
45.4	-0.771693762545469
45.5	-0.8375826020452511
45.6	-0.869770606708424
45.7	-0.8600427479240033
45.8	-0.801238708959788
45.9	-0.6878891197786169
46.0	-0.5168449157871466
46.1	-0.2878549787649713
46.2	-0.004044053710263408
46.3	0.32775707285414596
46.4	0.6968735415420982
46.5	1.0888774966860575
46.6	1.4859339971729448
46.7	1.8674128348337848
46.8	2.2107599551530286
46.9	2.49260307078048
47.0	2.690046488820432
47.1	2.7820915852376378
47.2	2.7511032887882627
47.3	2.5842308877434053
47.4	2.2746847930351555
47.5	1.822770644147788
47.6	1.2365889909644707
47.7	0.5323228935510269
47.8	-0.2659432339932996
47.9	-1.1269033090662228
48.0	-2.013206255563459
48.1	-2.883094372968411
48.2	-3.692434222666665
48.3	-4.397039347838346
48.4	-4.955157508591068
48.5	-5.329975644611028
48.6	-5.491985365317806
48.7	-5.421051726319946
48.8	-5.108038978128653
48.9	-4.555868661592849
49.0	-3.7799168374439565
49.1	-2.807696549327266
49.2	-1.6778163253276264
49.3	-0.43825260567181623
49.4	0.855979866102009
49.5	2.1456337886869297
49.6	3.3703508461973
49.7	4.471914360592546
49.8	5.397436081953487
49.9	6.102281045347694
50.0	6.552548659555239
50.1	6.7269549285302315
50.2	6.617998165267102
50.3	6.232336153906168
50.4	5.590353248324178
50.5	4.724947792824801
50.6	3.67961984655869
50.7	2.5059830089948534
50.8	1.2608591535481783
50.9	0.003138735858255056
51.0	-1.209399440207293
51.1	-2.3231170817274296
51.2	-3.2912166863497907
51.3	-4.075962139149219
51.4	-4.650303862434831
51.5	-4.998834570395015
51.6	-5.118046834206824
51.7	-5.015908886535119
51.8	-4.710817243501467
51.9	-4.2300210106760705
52.0	-3.60764093326287
52.1	-2.8824248105303654
52.2	-2.09538905866832
52.3	-1.2874940058885889
52.4	-0.4974887166484464
52.5	0.2399588095337472
52.6	0.8957564155752665
52.7	1.447448092384868
52.8	1.8798121980668812
52.9	2.185001127850241
53.0	2.3622543511738825
53.1	2.417240614540203
53.2	2.3611032335278552
53.3	2.209294025137605
53.4	1.9802863541935505
53.5	1.6942562764405154
53.6	1.371813580204989
53.7	1.0328527194170594
53.8	0.6955784802252137
53.9	0.375744124993471
54.0	0.08612209665487633
54.1	-0.16378958183833908
54.2	-0.36783723242426714
54.3	-0.5230823218231371
54.4	-0.6295070514051045
54.5	-0.6895945980528595
54.6	-0.7078264188985434
54.7	-0.6901384546354574
54.8	-0.6433748120045321
54.9	-0.5747721618229704
55.0	-0.4915013110267117
55.1	-0.4002848643788949
55.2	-0.3071022132590393
55.3	-0.21698582417070023
55.4	-0.1339063871808868
55.5	-0.0607391366762172
55.6	0.0007002452544439656
55.7	0.04956423239734753
55.8	0.08584180551569282
55.9	0.11020173533548405
56.0	0.12382492385973362
56.1	0.12823811431892645
56.2	0.12515896271504165
56.3	0.11635989438022815
56.4	0.10355557101977278
56.5	0.08831635348466695
56.6	0.07200800422379416
56.7	0.05575612472605949
56.8	0.0404325151340347
56.9	0.026659782456500265
57.0	0.01483008346894388
57.1	0.005133816151250443
57.2	-0.002405699469890132
57.3	-0.007895060866915972
57.4	-0.011534058695106562
57.5	-0.013581637907093394
57.6	-0.014326117301329358
57.7	-0.014060604513885544
57.8	-0.013063984245831101
57.9	-0.011587398029435854
58.0	-0.009845784655065911
58.1	-0.008013811596400524
58.2	-0.006225391284831923
58.3	-0.004575928048111951
58.4	-0.0031264647051471857
58.5	-0.001908973663260661
58.6	-0.0009321477871543764
58.7	-0.00018717491106482373
58.8	0.000346887164821518
58.9	0.0006983917990849866
59.0	0.0008991848741937578
59.1	0.000981536793008995
59.2	0.0009759026225504266
59.3	0.0009094358630789022
59.4	0.0008051485258666493
59.5	0.0006815940054058767
59.6	0.0005529464110022035
59.7	0.00042935718624617793
59.8	0.0003174837401679664
59.9	0.0002211025476892825
60.0	0.00014173834788290863
60.1	7.925982434286206e-5
60.2	3.2409186956789216e-5
60.3	0.0
60.4	-2.2490135036082837e-5
60.5	-3.512910127587597e-5
60.6	-4.08685178561084e-5
60.7	-4.166453322188151e-5
60.8	-3.916877953919189e-5
60.9	-3.470935062124507e-5
61.0	-2.9301966975042064e-5
61.1	-2.368068190525247e-5
61.2	-1.833940850570917e-5
61.3	-1.3577540066620545e-5
61.4	-9.544816754291104e-6
61.5	-6.282245162076898e-6
61.6	-3.7572445949357562e-6
61.7	-1.8922572081117828e-6
61.8	0.0
61.9	0.0
62.0	0.0
62.1	1.017636953615828e-6
62.2	1.0865309956537203e-6
62.3	1.0400610190277811e-6
62.4	0.0
62.5	0.0
62.6	0.0
62.7	0.0
62.8	0.0
62.9	0.0
63.0	0.0
63.1	0.0
63.2	0.0
63.3	0.0
63.4	0.0
63.5	0.0
63.6	0.0
63.7	0.0
63.8	0.0
63.9	0.0
64.0	0.0
64.1	0.0
64.2	0.0
64.3	0.0
64.4	0.0
64.5	0.0
64.6	0.0
64.7	0.0
64.8	0.0
64.9	0.0
65.0	0.0
65.1	0.0
65.2	0.0
65.3	0.0
65.4	0.0
65.5	0.0
65.6	0.0
65.7	0.0
65.8	0.0
65.9	0.0
66.0	0.0
66.1	0.0
66.2	0.0
66.3	0.0
66.4	0.0
66.5	0.0
66.6	0.0
66.7	0.0
66.8	0.0
66.9	0.0
67.0	0.0
67.1	0.0
67.2	0.0
67.3	0.0
67.4	0.0
67.5	0.0
67.6	0.0
67.7	0.0
67.8	0.0
67.9	0.0
68.0	0.0
68.1	0.0
68.2	0.0
68.3	0.0
68.4	0.0
68.5	0.0
68.6	0.0
68.7	0.0
68.8	0.0
68.9	0.0
69.0	0.0
69.1	0.0
69.2	0.0
69.3	0.0
69.4	0.0
69.5	0.0
69.6	0.0
69.7	0.0
69.8	0.0
69.9	0.0
70.0	0.0
70.1	0.0
70.2	0.0
70.3	0.0
70.4	0.0
70.5	0.0
70.6	0.0
70.7	0.0
70.8	0.0
70.9	0.0
71.0	0.0
71.1	0.0
71.2	0.0
71.3	0.0
71.4	0.0
71.5	0.0
71.6	0.0
71.7	0.0
71.8	0.0
71.9	0.0
72.0	0.0
72.1	0.0
72.2	0.0
72.3	0.0
72.4	0.0
72.5	0.0
72.6	0.0
72.7	0.0
72.8	0.0
72.9	0.0
73.0	0.0
73.1	0.0
73.2	0.0
73.3	0.0
73.4	0.0
73.5	0.0
73.6	0.0
73.7	0.0
73.8	0.0
73.9	0.0
74.0	0.0
74.1	0.0
74.2	0.0
74.3	0.0
74.4	0.0
74.5	0.0
74.6	0.0
74.7	0.0
74.8	0.0
74.9	0.0
75.0	0.0
75.1	0.0
75.2	0.0
75.3	0.0
75.4	0.0
75.5	0.0
75.6	0.0
75.7	0.0
75.8	0.0
75.9	0.0
76.0	0.0
76.1	0.0
76.2	0.0
76.3	0.0
76.4	0.0
76.5	0.0
76.6	0.0
76.7	0.0
76.8	0.0
76.9	0.0
77.0	0.0
77.1	0.0
77.2	0.0
77.3	0.0
77.4	0.0
77.5	0.0
77.6	0.0
77.7	0.0
77.8	0.0
77.9	0.0
78.0	0.0
78.1	0.0
78.2	0.0
78.3	0.0
78.4	0.0
78.5	0.0
78.6	0.0
78.7	0.0
78.8	0.0
78.9	0.0
79.0	0.0
79.1	0.0
79.2	0.0
79.3	0.0
79.4	0.0
79.5	0.0
79.6	0.0
79.7	0.0
79.8	0.0
79.9	0.0
80.0	0.0
80.1	0.0
80.2	0.0
80.3	0.0
80.4	0.0
80.5	0.0
80.6	0.0
80.7	0.0
80.8	0.0
80.9	0.0
81.0	0.0
81.1	0.0
81.2	0.0
81.3	0.0
81.4	0.0
81.5	0.0
81.6	0.0
81.7	0.0
81.8	0.0
81.9	0.0
82.0	0.0
82.1	0.0
82.2	0.0
82.3	0.0
82.4	0.0
82.5	0.0
82.6	0.0
82.7	0.0
82.8	0.0
82.9	0.0
83.0	0.0
83.1	0.0
83.2	0.0
83.3	0.0
83.4	0.0
83.5	0.0
83.6	0.0
83.7	0.0
83.8	0.0
83.9	0.0
84.0	0.0
84.1	0.0
84.2	0.0
84.3	0.0
84.4	0.0
84.5	0.0
84.6	0.0
84.7	0.0
84.8	0.0
84.9	0.0
85.0	0.0
85.1	0.0
85.2	0.0
85.3	0.0
85.4	0.0
85.5	0.0
85.6	0.0
85.7	0.0
85.8	0.0
85.9	0.0
86.0	0.0
86.1	0.0
86.2	0.0
86.3	0.0
86.4	0.0
86.5	0.0
86.6	0.0
86.7	0.0
86.8	0.0
86.9	0.0
87.0	0.0
87.1	0.0
87.2	0.0
87.3	0.0
87.4	0.0
87.5	0.0
87.6	0.0
87.7	0.0
87.8	0.0
87.9	0.0
88.0	0.0
88.1	0.0
88.2	0.0
88.3	0.0
88.4	0.0
88.5	0.0
88.6	0.0
88.7	0.0
88.8	0.0
88.9	0.0
89.0	0.0
89.1	0.0
89.2	0.0
89.3	0.0
89.4	0.0
89.5	0.0
89.6	0.0
89.7	0.0
89.8	0.0
89.9	0.0
90.0	0.0
90.1	0.0
90.2	0.0
90.3	0.0
90.4	0.0
90.5	0.0
90.6	0.0
90.7	0.0
90.8	0.0
90.9	0.0
91.0	0.0
91.1	0.0
91.2	0.0
91.3	0.0
91.4	0.0
91.5	0.0
91.6	0.0
91.7	0.0
91.8	0.0
91.9	0.0
92.0	0.0
92.1	0.0
92.2	0.0
92.3	0.0
92.4	0.0
92.5	0.0
92.6	0.0
92.7	0.0
92.8	0.0
92.9	0.0
93.0	0.0
93.1	0.0
93.2	0.0
93.3	0.0
93.4	0.0
93.5	0.0
93.6	0.0
93.7	0.0
93.8	0.0
93.9	0.0
94.0	0.0
94.1	0.0
94.2	0.0
94.3	0.0
94.4	0.0
94.5	0.0
94.6	0.0
94.7	0.0
94.8	0.0
94.9	0.0
95.0	0.0
95.1	0.0
95.2	0.0
95.3	0.0
95.4	0.0
95.5	0.0
95.6	0.0
95.7	0.0
95.8	0.0
95.9	0.0
96.0	0.0
96.1	0.0
96.2	0.0
96.3	0.0
96.4	0.0
96.5	0.0
96.6	0.0
96.7	0.0
96.8	0.0
96.9	0.0
97.0	0.0
97.1	0.0
97.2	0.0
97.3	0.0
97.4	0.0
97.5	0.0
97.6	0.0
97.7	0.0
97.8	0.0
97.9	0.0
98.0	0.0
98.1	0.0
98.2	0.0
98.3	0.0
98.4	0.0
98.5	0.0
98.6	0.0
98.7	0.0
98.8	0.0
98.9	0.0
99.0	0.0
99.1	0.0
99.2	0.0
99.3	0.0
99.4	0.0
99.5	0.0
99.6	0.0
99.7	0.0
99.8	0.0
99.9	0.0
