0.0	0.0
0.1	0.0
0.2	0.0
0.3	0.0
0.4	0.0
0.5	0.0
0.6	0.0
0.7	0.0
0.8	0.0
0.9	0.0
1.0	0.0
1.1	0.0
1.2	0.0
1.3	0.0
1.4	0.0
1.5	0.0
1.6	0.0
1.7	0.0
1.8	0.0
1.9	0.0
2.0	0.0
2.1	0.0
2.2	0.0
2.3	0.0
2.4	0.0
2.5	0.0
2.6	1.3795225496257221e-6
2.7	1.8087988326951114e-6
2.8	2.225250367322421e-6
2.9	2.540379306696808e-6
3.0	2.619701044860165e-6
3.1	2.2748061531583913e-6
3.2	1.2597490844897241e-6
3.3	0.0
3.4	-4.014678141347613e-6
3.5	-8.949384034276061e-6
3.6	-1.5815248929598766e-5
3.7	-2.4763157897323373e-5
3.8	-3.56965967706906e-5
3.9	-4.813158189863714e-5
4.0	-6.103464627770976e-5
4.1	-7.265238678917382e-5
4.2	-8.035515745295219e-5
4.3	-8.052789026333474e-5
4.4	-6.85517268464056e-5
4.5	-3.8929559860448996e-5
4.6	1.4385484169801869e-5
4.7	9.739987753336041e-5
4.8	0.00021517869880697965
4.9	0.00037060669863677576
5.0	0.0005628213769748235
5.1	0.0007853816250660892
5.2	0.0010243051968421416
5.3	0.0012561909728961067
5.4	0.00144673112059537
5.5	0.0015500033919107947
5.6	0.0015090005346027368
5.7	0.001257884309946154
5.8	0.0007264260001665013
5.9	-0.00015300628018811914
6.0	-0.0014357473937392355
6.1	-0.003152552777801174
6.2	-0.0052952625411578184
6.3	-0.0078014238261499246
6.4	-0.010539416607437289
6.5	-0.01329615711143647
6.6	-0.01576990351466903
6.7	-0.01757097078012816
6.8	-0.018233177542944717
6.9	-0.017238503033163526
7.0	-0.014056648832745018
7.1	-0.008199935739527363
7.2	0.0007077715800477507
7.3	0.012851555404434122
7.4	0.02814117731312768
7.5	0.04613027718172672
7.6	0.0659493772081173
7.7	0.08626450411100846
7.8	0.10527370836481034
7.9	0.12075287285083669
8.0	0.13015970214559208
8.1	0.13080054258754525
8.2	0.12005876664754445
8.3	0.09567615684945906
8.4	0.05607058652466372
8.5	0.0006650967277328694
8.6	-0.06980381671452979
8.7	-0.15303618027941146
8.8	-0.24501646698278087
8.9	-0.33999733886680594
9.0	-0.43065059598042627
9.1	-0.5084053501285509
9.2	-0.5639775175918162
9.3	-0.588075195370658
9.4	-0.572242913613954
9.5	-0.5097862406110552
9.6	-0.3966992249675619
9.7	-0.23250329270163073
9.8	-0.02089990974406894
9.9	0.2298574829621516
10.0	0.5069529144036822
10.1	0.7934148042091548
10.2	1.068962340391109
10.3	1.311272051003702
10.4	1.4976005113793902
10.5	1.6066552374574805
10.6	1.6205677404442664
10.7	1.5267953007486401
10.8	1.3197654524033375
10.9	1.0020824306752458
11.0	0.5851392101793774
11.1	0.08902151973276483
11.2	-0.4583514872617207
11.3	-1.022836236404972
11.4	-1.566336477912108
11.5	-2.049580723161312
11.6	-2.4351889618529423
11.7	-2.690770615063209
11.8	-2.7917772437491326
11.9	-2.7238415632852364
12.0	-2.484369379418768
12.1	-2.0832108221895993
12.2	-1.542316598060185
12.3	-0.8943764756445471
12.4	-0.18053186656298137
12.5	0.5526574530876552
12.6	1.2567398828902447
12.7	1.8850899759821014
12.8	2.396495468065364
12.9	2.758301428105752
13.0	2.9488401656892362
13.1	2.9589421059966896
13.2	2.792408602698683
13.3	2.46542380310475
13.4	2.004979421272939
13.5	1.446473920735592
13.6	0.8307176164241149
13.7	0.2006210867861317
13.8	-0.4021377430033667
13.9	-0.940183183567354
14.0	-1.3830004859161238
14.1	-1.7087947813256859
14.2	-1.9055346857087032
14.3	-1.971144938641485
14.4	-1.9128907483727489
14.5	-1.7460655801218905
14.6	-1.4921478019760899
14.7	-1.1766257412002585
14.8	-0.8267034603545522
14.9	-0.4690914240465847
15.0	-0.1280597743684293
15.1	0.1761086077396163
15.2	0.4281774283036459
15.3	0.6184933520934256
15.4	0.7430142696196608
15.5	0.8028875676448387
15.6	0.8036694048624298
15.7	0.754296522617706
15.8	0.6659297687887551
15.9	0.5507841324236652
16.0	0.4210456402896846
16.1	0.2879536833746012
16.2	0.16110133137070437
16.3	0.0479790690044576
16.4	-0.046238062163917786
16.5	-0.11868149295535203
16.6	-0.16859607889915756
16.7	-0.19701079587609582
16.8	-0.20632496630276198
16.9	-0.19986028994812882
17.0	-0.18142303180543187
17.1	-0.15491172504714756
17.2	-0.12399509540505528
17.3	-0.09187393729545447
17.4	-0.06113049691758376
17.5	-0.033660380401365646
17.6	-0.01067561989560686
17.7	0.007236504923932341
17.8	0.020016056630792072
17.9	0.028011393389633477
18.0	0.0318536784203778
18.1	0.03233733301993344
18.2	0.030315470257099558
18.3	0.02661589878708526
18.4	0.02198010083579972
18.5	0.0170249180829365
18.6	0.012224667000354409
18.7	0.007910094217161233
18.8	0.004279934110442915
18.9	0.0014207479842125348
19.0	-0.000668924552414889
19.1	-0.0020534297039622794
19.2	-0.002836412294486716
19.3	-0.0031404816446229194
19.4	-0.003091063416332675
19.5	-0.0028047180033857577
19.6	-0.0023817061018788855
19.7	-0.0019022430716237296
19.8	-0.001425695136880151
19.9	-0.000991909160615631
20.0	-0.0006239036713558176
20.1	-0.0003312503599338028
20.2	-0.00011361292990656043
20.3	3.594073433372989e-5
20.4	0.0001280952865096061
20.5	0.0001750335032125149
20.6	0.00018879466338048403
20.7	0.0001802015776432161
20.8	0.00015827029990478621
20.9	0.00012999699827956427
21.0	0.00010041406764544989
21.1	7.281701297771679e-5
21.2	4.9080043249693484e-5
21.3	2.9997649830491847e-5
21.4	1.5608674565642586e-5
21.5	5.476492774837353e-6
21.6	-1.0871579493270455e-6
21.7	-4.856858199318572e-6
21.8	-6.581982976658634e-6
21.9	-6.9203625635179485e-6
22.0	-6.406953691593963e-6
22.1	-5.447447617460327e-6
22.2	-4.327890811606343e-6
22.3	-3.2330802020014408e-6
22.4	-2.2683330689563113e-6
22.5	-1.4809610205780684e-6
22.6	0.0
22.7	0.0
22.8	0.0
22.9	0.0
23.0	0.0
23.1	0.0
23.2	0.0
23.3	0.0
23.4	0.0
23.5	0.0
23.6	0.0
23.7	0.0
23.8	0.0
23.9	0.0
24.0	0.0
24.1	0.0
24.2	0.0
24.3	0.0
24.4	0.0
24.5	0.0
24.6	0.0
24.7	0.0
24.8	0.0
24.9	0.0
25.0	0.0
25.1	0.0
25.2	0.0
25.3	0.0
25.4	0.0
25.5	0.0
25.6	0.0
25.7	0.0
25.8	0.0
25.9	0.0
26.0	0.0
26.1	0.0
26.2	0.0
26.3	0.0
26.4	0.0
26.5	0.0
26.6	0.0
26.7	0.0
26.8	0.0
26.9	0.0
27.0	0.0
27.1	0.0
27.2	0.0
27.3	0.0
27.4	0.0
27.5	0.0
27.6	0.0
27.7	0.0
27.8	0.0
27.9	0.0
28.0	0.0
28.1	0.0
28.2	0.0
28.3	0.0
28.4	0.0
28.5	0.0
28.6	0.0
28.7	0.0
28.8	0.0
28.9	0.0
29.0	0.0
29.1	0.0
29.2	0.0
29.3	0.0
29.4	0.0
29.5	0.0
29.6	0.0
29.7	0.0
29.8	0.0
29.9	0.0
30.0	0.0
30.1	0.0
30.2	0.0
30.3	0.0
30.4	0.0
30.5	0.0
30.6	0.0
30.7	0.0
30.8	0.0
30.9	0.0
31.0	0.0
31.1	0.0
31.2	0.0
31.3	0.0
31.4	0.0
31.5	0.0
31.6	0.0
31.7	0.0
31.8	0.0
31.9	0.0
32.0	0.0
32.1	0.0
32.2	0.0
32.3	0.0
32.4	0.0
32.5	0.0
32.6	0.0
32.7	0.0
32.8	0.0
32.9	0.0
33.0	0.0
33.1	0.0
33.2	0.0
33.3	0.0
33.4	0.0
33.5	0.0
33.6	0.0
33.7	0.0
33.8	0.0
33.9	0.0
34.0	0.0
34.1	0.0
34.2	0.0
34.3	0.0
34.4	0.0
34.5	0.0
34.6	0.0
34.7	0.0
34.8	0.0
34.9	0.0
35.0	0.0
35.1	0.0
35.2	0.0
35.3	0.0
35.4	0.0
35.5	0.0
35.6	0.0
35.7	0.0
35.8	0.0
35.9	0.0
36.0	0.0
36.1	0.0
36.2	0.0
36.3	0.0
36.4	0.0
36.5	0.0
36.6	0.0
36.7	0.0
36.8	0.0
36.9	0.0
37.0	0.0
37.1	0.0
37.2	0.0
37.3	0.0
37.4	0.0
37.5	0.0
37.6	0.0
37.7	0.0
37.8	0.0
37.9	0.0
38.0	0.0
38.1	0.0
38.2	0.0
38.3	0.0
38.4	0.0
38.5	0.0
38.6	0.0
38.7	0.0
38.8	0.0
38.9	0.0
39.0	0.0
39.1	0.0
39.2	0.0
39.3	0.0
39.4	0.0
39.5	0.0
39.6	0.0
39.7	0.0
39.8	0.0
39.9	0.0
40.0	0.0
40.1	0.0
40.2	0.0
40.3	0.0
40.4	0.0
40.5	0.0
40.6	0.0
40.7	0.0
40.8	0.0
40.9	0.0
41.0	0.0
41.1	0.0
41.2	0.0
41.3	0.0
41.4	0.0
41.5	0.0
41.6	0.0
41.7	0.0
41.8	0.0
41.9	0.0
42.0	0.0
42.1	0.0
42.2	0.0
42.3	0.0
42.4	0.0
42.5	0.0
42.6	0.0
42.7	0.0
42.8	0.0
42.9	0.0
43.0	0.0
43.1	0.0
43.2	0.0
43.3	0.0
43.4	0.0
43.5	0.0
43.6	0.0
43.7	0.0
43.8	0.0
43.9	0.0
44.0	0.0
44.1	0.0
44.2	0.0
44.3	0.0
44.4	0.0
44.5	0.0
44.6	0.0
44.7	0.0
44.8	0.0
44.9	0.0
45.0	0.0
45.1	0.0
45.2	0.0
45.3	0.0
45.4	0.0
45.5	0.0
45.6	0.0
45.7	0.0
45.8	0.0
45.9	0.0
46.0	0.0
46.1	0.0
46.2	0.0
46.3	0.0
46.4	0.0
46.5	0.0
46.6	0.0
46.7	0.0
46.8	0.0
46.9	0.0
47.0	0.0
47.1	0.0
47.2	0.0
47.3	0.0
47.4	0.0
47.5	0.0
47.6	0.0
47.7	0.0
47.8	0.0
47.9	0.0
48.0	0.0
48.1	0.0
48.2	0.0
48.3	0.0
48.4	0.0
48.5	0.0
48.6	0.0
48.7	0.0
48.8	0.0
48.9	0.0
49.0	0.0
49.1	0.0
49.2	0.0
49.3	0.0
49.4	0.0
49.5	0.0
49.6	0.0
49.7	0.0
49.8	0.0
49.9	0.0
50.0	0.0
50.1	0.0
50.2	0.0
50.3	0.0
50.4	0.0
50.5	0.0
50.6	0.0
50.7	0.0
50.8	0.0
50.9	0.0
51.0	0.0
51.1	0.0
51.2	0.0
51.3	0.0
51.4	0.0
51.5	0.0
51.6	0.0
51.7	0.0
51.8	0.0
51.9	0.0
52.0	0.0
52.1	0.0
52.2	0.0
52.3	0.0
52.4	0.0
52.5	0.0
52.6	0.0
52.7	0.0
52.8	0.0
52.9	0.0
53.0	0.0
53.1	0.0
53.2	0.0
53.3	0.0
53.4	0.0
53.5	0.0
53.6	0.0
53.7	0.0
53.8	0.0
53.9	0.0
54.0	0.0
54.1	0.0
54.2	0.0
54.3	0.0
54.4	0.0
54.5	0.0
54.6	0.0
54.7	0.0
54.8	0.0
54.9	0.0
55.0	0.0
55.1	0.0
55.2	0.0
55.3	0.0
55.4	0.0
55.5	0.0
55.6	0.0
55.7	0.0
55.8	0.0
55.9	0.0
56.0	0.0
56.1	0.0
56.2	0.0
56.3	0.0
56.4	0.0
56.5	0.0
56.6	0.0
56.7	0.0
56.8	0.0
56.9	0.0
57.0	0.0
57.1	0.0
57.2	0.0
57.3	0.0
57.4	0.0
57.5	0.0
57.6	0.0
57.7	0.0
57.8	0.0
57.9	0.0
58.0	0.0
58.1	0.0
58.2	0.0
58.3	0.0
58.4	0.0
58.5	0.0
58.6	0.0
58.7	0.0
58.8	0.0
58.9	0.0
59.0	0.0
59.1	0.0
59.2	0.0
59.3	0.0
59.4	0.0
59.5	0.0
59.6	0.0
59.7	0.0
59.8	0.0
59.9	0.0
60.0	0.0
60.1	0.0
60.2	0.0
60.3	0.0
60.4	0.0
60.5	0.0
60.6	0.0
60.7	0.0
60.8	0.0
60.9	0.0
61.0	0.0
61.1	0.0
61.2	0.0
61.3	0.0
61.4	0.0
61.5	0.0
61.6	0.0
61.7	0.0
61.8	0.0
61.9	0.0
62.0	0.0
62.1	0.0
62.2	0.0
62.3	0.0
62.4	0.0
62.5	0.0
62.6	0.0
62.7	0.0
62.8	0.0
62.9	0.0
63.0	0.0
63.1	0.0
63.2	0.0
63.3	0.0
63.4	0.0
63.5	0.0
63.6	0.0
63.7	0.0
63.8	0.0
63.9	0.0
64.0	0.0
64.1	0.0
64.2	0.0
64.3	0.0
64.4	0.0
64.5	0.0
64.6	0.0
64.7	0.0
64.8	0.0
64.9	0.0
65.0	0.0
65.1	0.0
65.2	0.0
65.3	0.0
65.4	0.0
65.5	0.0
65.6	0.0
65.7	0.0
65.8	0.0
65.9	0.0
66.0	0.0
66.1	0.0
66.2	0.0
66.3	0.0
66.4	0.0
66.5	0.0
66.6	0.0
66.7	0.0
66.8	0.0
66.9	0.0
67.0	0.0
67.1	0.0
67.2	0.0
67.3	0.0
67.4	0.0
67.5	0.0
67.6	0.0
67.7	0.0
67.8	0.0
67.9	0.0
68.0	0.0
68.1	0.0
68.2	0.0
68.3	0.0
68.4	0.0
68.5	0.0
68.6	0.0
68.7	0.0
68.8	0.0
68.9	0.0
69.0	0.0
69.1	0.0
69.2	0.0
69.3	0.0
69.4	0.0
69.5	0.0
69.6	0.0
69.7	0.0
69.8	0.0
69.9	0.0
70.0	0.0
70.1	0.0
70.2	0.0
70.3	0.0
70.4	0.0
70.5	0.0
70.6	0.0
70.7	0.0
70.8	0.0
70.9	0.0
71.0	0.0
71.1	0.0
71.2	0.0
71.3	0.0
71.4	0.0
71.5	0.0
71.6	0.0
71.7	0.0
71.8	0.0
71.9	0.0
72.0	0.0
72.1	0.0
72.2	0.0
72.3	0.0
72.4	0.0
72.5	0.0
72.6	0.0
72.7	0.0
72.8	0.0
72.9	0.0
73.0	0.0
73.1	0.0
73.2	0.0
73.3	0.0
73.4	0.0
73.5	0.0
73.6	0.0
73.7	0.0
73.8	0.0
73.9	0.0
74.0	0.0
74.1	0.0
74.2	0.0
74.3	0.0
74.4	0.0
74.5	0.0
74.6	0.0
74.7	0.0
74.8	0.0
74.9	0.0
75.0	0.0
75.1	0.0
75.2	0.0
75.3	0.0
75.4	0.0
75.5	0.0
75.6	0.0
75.7	0.0
75.8	0.0
75.9	0.0
76.0	0.0
76.1	0.0
76.2	0.0
76.3	0.0
76.4	0.0
76.5	0.0
76.6	0.0
76.7	0.0
76.8	0.0
76.9	0.0
77.0	0.0
77.1	0.0
77.2	0.0
77.3	0.0
77.4	0.0
77.5	0.0
77.6	0.0
77.7	0.0
77.8	0.0
77.9	0.0
78.0	0.0
78.1	0.0
78.2	0.0
78.3	0.0
78.4	0.0
78.5	0.0
78.6	0.0
78.7	0.0
78.8	0.0
78.9	0.0
79.0	0.0
79.1	0.0
79.2	0.0
79.3	0.0
79.4	0.0
79.5	0.0
79.6	0.0
79.7	0.0
79.8	0.0
79.9	0.0
80.0	0.0
80.1	0.0
80.2	0.0
80.3	0.0
80.4	0.0
80.5	0.0
80.6	0.0
80.7	0.0
80.8	0.0
80.9	0.0
81.0	0.0
81.1	0.0
81.2	0.0
81.3	0.0
81.4	0.0
81.5	0.0
81.6	0.0
81.7	0.0
81.8	0.0
81.9	0.0
82.0	0.0
82.1	0.0
82.2	0.0
82.3	0.0
82.4	0.0
82.5	0.0
82.6	0.0
82.7	0.0
82.8	0.0
82.9	0.0
83.0	0.0
83.1	0.0
83.2	0.0
83.3	0.0
83.4	0.0
83.5	0.0
83.6	0.0
83.7	0.0
83.8	0.0
83.9	0.0
84.0	0.0
84.1	0.0
84.2	0.0
84.3	0.0
84.4	0.0
84.5	0.0
84.6	0.0
84.7	0.0
84.8	0.0
84.9	0.0
85.0	0.0
85.1	0.0
85.2	0.0
85.3	0.0
85.4	0.0
85.5	0.0
85.6	0.0
85.7	0.0
85.8	0.0
85.9	0.0
86.0	0.0
86.1	0.0
86.2	0.0
86.3	0.0
86.4	0.0
86.5	0.0
86.6	0.0
86.7	0.0
86.8	0.0
86.9	0.0
87.0	0.0
87.1	0.0
87.2	0.0
87.3	0.0
87.4	0.0
87.5	0.0
87.6	0.0
87.7	0.0
87.8	0.0
87.9	0.0
88.0	0.0
88.1	0.0
88.2	0.0
88.3	0.0
88.4	0.0
88.5	0.0
88.6	0.0
88.7	0.0
88.8	0.0
88.9	0.0
89.0	0.0
89.1	0.0
89.2	0.0
89.3	0.0
89.4	0.0
89.5	0.0
89.6	0.0
89.7	0.0
89.8	0.0
89.9	0.0
90.0	0.0
90.1	0.0
90.2	0.0
90.3	0.0
90.4	0.0
90.5	0.0
90.6	0.0
90.7	0.0
90.8	0.0
90.9	0.0
91.0	0.0
91.1	0.0
91.2	0.0
91.3	0.0
91.4	0.0
91.5	0.0
91.6	0.0
91.7	0.0
91.8	0.0
91.9	0.0
92.0	0.0
92.1	0.0
92.2	0.0
92.3	0.0
92.4	0.0
92.5	0.0
92.6	0.0
92.7	0.0
92.8	0.0
92.9	0.0
93.0	0.0
93.1	0.0
93.2	0.0
93.3	0.0
93.4	0.0
93.5	0.0
93.6	0.0
93.7	0.0
93.8	0.0
93.9	0.0
94.0	0.0
94.1	0.0
94.2	0.0
94.3	0.0
94.4	0.0
94.5	0.0
94.6	0.0
94.7	0.0
94.8	0.0
94.9	0.0
95.0	0.0
95.1	0.0
95.2	0.0
95.3	0.0
95.4	0.0
95.5	0.0
95.6	0.0
95.7	0.0
95.8	0.0
95.9	0.0
96.0	0.0
96.1	0.0
96.2	0.0
96.3	0.0
96.4	0.0
96.5	0.0
96.6	0.0
96.7	0.0
96.8	0.0
96.9	0.0
97.0	0.0
97.1	0.0
97.2	0.0
97.3	0.0
97.4	0.0
97.5	0.0
97.6	0.0
97.7	0.0
97.8	0.0
97.9	0.0
98.0	0.0
98.1	0.0
98.2	0.0
98.3	0.0
98.4	0.0
98.5	0.0
98.6	0.0
98.7	0.0
98.8	0.0
98.9	0.0
99.0	0.0
99.1	0.0
99.2	0.0
99.3	0.0
99.4	0.0
99.5	0.0
99.6	0.0
99.7	0.0
99.8	0.0
99.9	0.0
