0.0	0.0
0.1	0.0
0.2	0.0
0.3	0.0
0.4	0.0
0.5	0.0
0.6	0.0
0.7	0.0
0.8	0.0
0.9	0.0
1.0	0.0
1.1	0.0
1.2	0.0
1.3	0.0
1.4	0.0
1.5	0.0
1.6	0.0
1.7	0.0
1.8	0.0
1.9	0.0
2.0	0.0
2.1	0.0
2.2	0.0
2.3	0.0
2.4	0.0
2.5	0.0
2.6	0.0
2.7	0.0
2.8	0.0
2.9	0.0
3.0	0.0
3.1	0.0
3.2	0.0
3.3	0.0
3.4	0.0
3.5	0.0
3.6	0.0
3.7	0.0
3.8	0.0
3.9	0.0
4.0	0.0
4.1	0.0
4.2	0.0
4.3	0.0
4.4	0.0
4.5	0.0
4.6	0.0
4.7	0.0
4.8	0.0
4.9	0.0
5.0	0.0
5.1	0.0
5.2	0.0
5.3	0.0
5.4	0.0
5.5	0.0
5.6	0.0
5.7	0.0
5.8	0.0
5.9	0.0
6.0	0.0
6.1	0.0
6.2	0.0
6.3	0.0
6.4	0.0
6.5	0.0
6.6	0.0
6.7	0.0
6.8	0.0
6.9	0.0
7.0	0.0
7.1	0.0
7.2	0.0
7.3	0.0
7.4	0.0
7.5	0.0
7.6	0.0
7.7	0.0
7.8	0.0
7.9	0.0
8.0	0.0
8.1	0.0
8.2	0.0
8.3	0.0
8.4	0.0
8.5	0.0
8.6	0.0
8.7	0.0
8.8	0.0
8.9	0.0
9.0	0.0
9.1	0.0
9.2	0.0
9.3	0.0
9.4	0.0
9.5	0.0
9.6	0.0
9.7	0.0
9.8	0.0
9.9	0.0
10.0	0.0
10.1	0.0
10.2	0.0
10.3	0.0
10.4	0.0
10.5	0.0
10.6	0.0
10.7	0.0
10.8	0.0
10.9	0.0
11.0	0.0
11.1	0.0
11.2	0.0
11.3	0.0
11.4	0.0
11.5	0.0
11.6	0.0
11.7	0.0
11.8	0.0
11.9	0.0
12.0	0.0
12.1	0.0
12.2	0.0
12.3	0.0
12.4	0.0
12.5	0.0
12.6	0.0
12.7	0.0
12.8	0.0
12.9	0.0
13.0	0.0
13.1	0.0
13.2	0.0
13.3	0.0
13.4	0.0
13.5	0.0
13.6	0.0
13.7	0.0
13.8	0.0
13.9	0.0
14.0	0.0
14.1	0.0
14.2	0.0
14.3	0.0
14.4	0.0
14.5	0.0
14.6	0.0
14.7	0.0
14.8	0.0
14.9	0.0
15.0	0.0
15.1	0.0
15.2	0.0
15.3	0.0
15.4	0.0
15.5	0.0
15.6	0.0
15.7	0.0
15.8	0.0
15.9	0.0
16.0	0.0
16.1	0.0
16.2	0.0
16.3	0.0
16.4	0.0
16.5	0.0
16.6	0.0
16.7	0.0
16.8	0.0
16.9	0.0
17.0	0.0
17.1	0.0
17.2	0.0
17.3	0.0
17.4	0.0
17.5	0.0
17.6	0.0
17.7	0.0
17.8	0.0
17.9	0.0
18.0	0.0
18.1	0.0
18.2	0.0
18.3	0.0
18.4	0.0
18.5	0.0
18.6	0.0
18.7	0.0
18.8	0.0
18.9	0.0
19.0	0.0
19.1	0.0
19.2	0.0
19.3	0.0
19.4	0.0
19.5	0.0
19.6	0.0
19.7	0.0
19.8	0.0
19.9	0.0
20.0	0.0
20.1	0.0
20.2	0.0
20.3	0.0
20.4	0.0
20.5	0.0
20.6	0.0
20.7	0.0
20.8	0.0
20.9	0.0
21.0	0.0
21.1	0.0
21.2	0.0
21.3	0.0
21.4	0.0
21.5	0.0
21.6	1.0062897662718458e-6
21.7	2.160007474210464e-6
21.8	3.554803823551808e-6
21.9	4.210044376598032e-6
22.0	1.8694170984474913e-6
22.1	-7.250666200038585e-6
22.2	-2.769338505611701e-5
22.3	-6.188956140361819e-5
22.4	-0.00010421866231400526
22.5	-0.00013224065643351477
22.6	-9.818954932063686e-5
22.7	7.173863880555859e-5
22.8	0.0004582808120043305
22.9	0.0010973061656006362
23.0	0.0018907068861121412
23.1	0.002497754516601277
23.2	0.002261070720803465
23.3	0.000260596305144691
23.4	-0.004394689784119906
23.5	-0.011970439938575078
23.6	-0.021272176244494314
23.7	-0.028858893352840642
23.8	-0.02883417892368679
23.9	-0.013867975554503698
24.0	0.022074626119832998
24.1	0.07943491335520005
24.2	0.14834398965741316
24.3	0.2057384417235956
24.4	0.2171471303497876
24.5	0.1453760331586416
24.6	-0.033916354842307636
24.7	-0.31334802635780223
24.8	-0.6389765097528212
24.9	-0.9087538083781107
25.0	-0.9916899633840348
25.1	-0.7686749532293384
25.2	-0.18606387648463252
25.3	0.696506942866811
25.4	1.6871096685865847
25.5	2.4896000937503335
25.6	2.7821845416289754
25.7	2.3288474400704007
25.8	1.086993073785765
25.9	-0.7329058323300781
26.0	-2.689720819305349
26.1	-4.223162730476112
26.2	-4.826339902302022
26.3	-4.222547783657818
26.4	-2.4804405184965925
26.5	-0.01888917034893065
26.6	2.5085186444217444
26.7	4.41389370693127
26.8	5.1912886796987605
26.9	4.672338416791119
27.0	3.0673555254174474
27.1	0.8811074750105611
27.2	-1.2614624967566814
27.3	-2.813908453077579
27.4	-3.462070230267276
27.5	-3.186272572599054
27.6	-2.222770825571726
27.7	-0.9516383952198403
27.8	0.24030539385402844
27.9	1.0724498871117158
28.0	1.4274007620115876
28.1	1.3455708336720393
28.2	0.9733447838217839
28.3	0.4926732071037696
28.4	0.05924541897554333
28.5	-0.23360667490333403
28.6	-0.3614055865510738
28.7	-0.3524412711287496
28.8	-0.2613672729615615
28.9	-0.14417023414263352
29.0	-0.04182530411543128
29.1	0.02543454492096041
29.2	0.05545297072610399
29.3	0.05719013333239994
29.4	0.04335874199333613
29.5	0.025109336537631546
29.6	0.009536136501968509
29.7	-0.00046626358025339353
29.8	-0.00501731445603533
29.9	-0.0057248241547327595
30.0	-0.004458643766404247
30.1	-0.0026617420672942343
30.2	-0.0011462687444454645
30.3	-0.00019066964838252212
30.4	0.00025039532742949226
30.5	0.00035039045667270975
30.6	0.0002843309936077269
30.7	0.00017365890608416599
30.8	8.000746804750916e-5
30.9	2.175724261792125e-5
31.0	-5.372775776879434e-6
31.1	-1.288406504152008e-5
31.2	-1.1218441072978573e-5
31.3	-7.011910287520631e-6
31.4	-3.3609518093375486e-6
31.5	-1.1080336051061329e-6
31.6	0.0
31.7	0.0
31.8	0.0
31.9	0.0
32.0	0.0
32.1	0.0
32.2	0.0
32.3	0.0
32.4	0.0
32.5	0.0
32.6	0.0
32.7	0.0
32.8	0.0
32.9	0.0
33.0	0.0
33.1	0.0
33.2	0.0
33.3	0.0
33.4	0.0
33.5	0.0
33.6	0.0
33.7	0.0
33.8	0.0
33.9	0.0
34.0	0.0
34.1	0.0
34.2	0.0
34.3	0.0
34.4	0.0
34.5	0.0
34.6	0.0
34.7	0.0
34.8	0.0
34.9	0.0
35.0	0.0
35.1	0.0
35.2	0.0
35.3	0.0
35.4	0.0
35.5	0.0
35.6	0.0
35.7	0.0
35.8	0.0
35.9	0.0
36.0	0.0
36.1	0.0
36.2	0.0
36.3	0.0
36.4	0.0
36.5	0.0
36.6	0.0
36.7	0.0
36.8	0.0
36.9	0.0
37.0	0.0
37.1	0.0
37.2	0.0
37.3	0.0
37.4	0.0
37.5	0.0
37.6	0.0
37.7	0.0
37.8	0.0
37.9	0.0
38.0	0.0
38.1	0.0
38.2	0.0
38.3	0.0
38.4	0.0
38.5	0.0
38.6	0.0
38.7	0.0
38.8	0.0
38.9	0.0
39.0	0.0
39.1	0.0
39.2	0.0
39.3	0.0
39.4	0.0
39.5	0.0
39.6	0.0
39.7	0.0
39.8	0.0
39.9	0.0
40.0	0.0
40.1	0.0
40.2	0.0
40.3	0.0
40.4	0.0
40.5	0.0
40.6	0.0
40.7	0.0
40.8	0.0
40.9	0.0
41.0	0.0
41.1	0.0
41.2	0.0
41.3	0.0
41.4	0.0
41.5	0.0
41.6	0.0
41.7	0.0
41.8	0.0
41.9	0.0
42.0	0.0
42.1	0.0
42.2	0.0
42.3	0.0
42.4	0.0
42.5	0.0
42.6	0.0
42.7	0.0
42.8	0.0
42.9	0.0
43.0	0.0
43.1	0.0
43.2	0.0
43.3	0.0
43.4	0.0
43.5	0.0
43.6	0.0
43.7	0.0
43.8	0.0
43.9	0.0
44.0	0.0
44.1	0.0
44.2	0.0
44.3	0.0
44.4	0.0
44.5	0.0
44.6	0.0
44.7	0.0
44.8	0.0
44.9	0.0
45.0	0.0
45.1	0.0
45.2	0.0
45.3	0.0
45.4	0.0
45.5	0.0
45.6	0.0
45.7	0.0
45.8	0.0
45.9	0.0
46.0	0.0
46.1	0.0
46.2	0.0
46.3	0.0
46.4	0.0
46.5	0.0
46.6	0.0
46.7	0.0
46.8	0.0
46.9	0.0
47.0	0.0
47.1	0.0
47.2	0.0
47.3	0.0
47.4	0.0
47.5	0.0
47.6	0.0
47.7	0.0
47.8	0.0
47.9	0.0
48.0	0.0
48.1	0.0
48.2	0.0
48.3	0.0
48.4	0.0
48.5	0.0
48.6	0.0
48.7	0.0
48.8	0.0
48.9	0.0
49.0	0.0
49.1	0.0
49.2	0.0
49.3	0.0
49.4	0.0
49.5	0.0
49.6	0.0
49.7	0.0
49.8	0.0
49.9	0.0
50.0	0.0
50.1	0.0
50.2	0.0
50.3	0.0
50.4	0.0
50.5	0.0
50.6	0.0
50.7	0.0
50.8	0.0
50.9	0.0
51.0	0.0
51.1	0.0
51.2	0.0
51.3	0.0
51.4	0.0
51.5	0.0
51.6	0.0
51.7	0.0
51.8	0.0
51.9	0.0
52.0	0.0
52.1	0.0
52.2	0.0
52.3	0.0
52.4	0.0
52.5	0.0
52.6	0.0
52.7	0.0
52.8	0.0
52.9	0.0
53.0	0.0
53.1	0.0
53.2	0.0
53.3	0.0
53.4	0.0
53.5	0.0
53.6	0.0
53.7	0.0
53.8	0.0
53.9	0.0
54.0	0.0
54.1	0.0
54.2	0.0
54.3	0.0
54.4	0.0
54.5	0.0
54.6	0.0
54.7	0.0
54.8	0.0
54.9	0.0
55.0	0.0
55.1	0.0
55.2	0.0
55.3	0.0
55.4	0.0
55.5	0.0
55.6	0.0
55.7	0.0
55.8	0.0
55.9	0.0
56.0	0.0
56.1	0.0
56.2	0.0
56.3	0.0
56.4	0.0
56.5	0.0
56.6	0.0
56.7	0.0
56.8	0.0
56.9	0.0
57.0	0.0
57.1	0.0
57.2	0.0
57.3	0.0
57.4	0.0
57.5	0.0
57.6	0.0
57.7	0.0
57.8	0.0
57.9	0.0
58.0	0.0
58.1	0.0
58.2	0.0
58.3	0.0
58.4	0.0
58.5	0.0
58.6	0.0
58.7	0.0
58.8	0.0
58.9	0.0
59.0	0.0
59.1	0.0
59.2	0.0
59.3	0.0
59.4	0.0
59.5	0.0
59.6	0.0
59.7	0.0
59.8	0.0
59.9	0.0
60.0	0.0
60.1	0.0
60.2	0.0
60.3	0.0
60.4	0.0
60.5	0.0
60.6	0.0
60.7	0.0
60.8	0.0
60.9	0.0
61.0	0.0
61.1	0.0
61.2	0.0
61.3	0.0
61.4	0.0
61.5	0.0
61.6	0.0
61.7	0.0
61.8	0.0
61.9	0.0
62.0	0.0
62.1	0.0
62.2	0.0
62.3	0.0
62.4	0.0
62.5	0.0
62.6	0.0
62.7	0.0
62.8	0.0
62.9	0.0
63.0	0.0
63.1	0.0
63.2	0.0
63.3	0.0
63.4	0.0
63.5	0.0
63.6	0.0
63.7	0.0
63.8	0.0
63.9	0.0
64.0	0.0
64.1	0.0
64.2	0.0
64.3	0.0
64.4	0.0
64.5	0.0
64.6	0.0
64.7	0.0
64.8	0.0
64.9	0.0
65.0	0.0
65.1	0.0
65.2	0.0
65.3	0.0
65.4	0.0
65.5	0.0
65.6	0.0
65.7	0.0
65.8	0.0
65.9	0.0
66.0	0.0
66.1	0.0
66.2	0.0
66.3	0.0
66.4	0.0
66.5	0.0
66.6	0.0
66.7	0.0
66.8	0.0
66.9	0.0
67.0	0.0
67.1	0.0
67.2	0.0
67.3	0.0
67.4	0.0
67.5	0.0
67.6	0.0
67.7	0.0
67.8	0.0
67.9	0.0
68.0	0.0
68.1	0.0
68.2	0.0
68.3	0.0
68.4	0.0
68.5	0.0
68.6	0.0
68.7	0.0
68.8	0.0
68.9	0.0
69.0	0.0
69.1	0.0
69.2	0.0
69.3	0.0
69.4	0.0
69.5	0.0
69.6	0.0
69.7	0.0
69.8	0.0
69.9	0.0
70.0	0.0
70.1	0.0
70.2	0.0
70.3	0.0
70.4	0.0
70.5	0.0
70.6	0.0
70.7	0.0
70.8	0.0
70.9	0.0
71.0	0.0
71.1	0.0
71.2	0.0
71.3	0.0
71.4	0.0
71.5	0.0
71.6	0.0
71.7	0.0
71.8	0.0
71.9	0.0
72.0	0.0
72.1	0.0
72.2	0.0
72.3	0.0
72.4	0.0
72.5	0.0
72.6	0.0
72.7	0.0
72.8	0.0
72.9	0.0
73.0	0.0
73.1	0.0
73.2	0.0
73.3	0.0
73.4	0.0
73.5	0.0
73.6	0.0
73.7	0.0
73.8	0.0
73.9	0.0
74.0	0.0
74.1	0.0
74.2	0.0
74.3	0.0
74.4	0.0
74.5	0.0
74.6	0.0
74.7	0.0
74.8	0.0
74.9	0.0
75.0	0.0
75.1	0.0
75.2	0.0
75.3	0.0
75.4	0.0
75.5	0.0
75.6	0.0
75.7	0.0
75.8	0.0
75.9	0.0
76.0	0.0
76.1	0.0
76.2	0.0
76.3	0.0
76.4	0.0
76.5	0.0
76.6	0.0
76.7	0.0
76.8	0.0
76.9	0.0
77.0	0.0
77.1	0.0
77.2	0.0
77.3	0.0
77.4	0.0
77.5	0.0
77.6	0.0
77.7	0.0
77.8	0.0
77.9	0.0
78.0	0.0
78.1	0.0
78.2	0.0
78.3	0.0
78.4	0.0
78.5	0.0
78.6	0.0
78.7	0.0
78.8	0.0
78.9	0.0
79.0	0.0
79.1	0.0
79.2	0.0
79.3	0.0
79.4	0.0
79.5	0.0
79.6	0.0
79.7	0.0
79.8	0.0
79.9	0.0
80.0	0.0
80.1	0.0
80.2	0.0
80.3	0.0
80.4	0.0
80.5	0.0
80.6	0.0
80.7	0.0
80.8	0.0
80.9	0.0
81.0	0.0
81.1	0.0
81.2	0.0
81.3	0.0
81.4	0.0
81.5	0.0
81.6	0.0
81.7	0.0
81.8	0.0
81.9	0.0
82.0	0.0
82.1	0.0
82.2	0.0
82.3	0.0
82.4	0.0
82.5	0.0
82.6	0.0
82.7	0.0
82.8	0.0
82.9	0.0
83.0	0.0
83.1	0.0
83.2	0.0
83.3	0.0
83.4	0.0
83.5	0.0
83.6	0.0
83.7	0.0
83.8	0.0
83.9	0.0
84.0	0.0
84.1	0.0
84.2	0.0
84.3	0.0
84.4	0.0
84.5	0.0
84.6	0.0
84.7	0.0
84.8	0.0
84.9	0.0
85.0	0.0
85.1	0.0
85.2	0.0
85.3	0.0
85.4	0.0
85.5	0.0
85.6	0.0
85.7	0.0
85.8	0.0
85.9	0.0
86.0	0.0
86.1	0.0
86.2	0.0
86.3	0.0
86.4	0.0
86.5	0.0
86.6	0.0
86.7	0.0
86.8	0.0
86.9	0.0
87.0	0.0
87.1	0.0
87.2	0.0
87.3	0.0
87.4	0.0
87.5	0.0
87.6	0.0
87.7	0.0
87.8	0.0
87.9	0.0
88.0	0.0
88.1	0.0
88.2	0.0
88.3	0.0
88.4	0.0
88.5	0.0
88.6	0.0
88.7	0.0
88.8	0.0
88.9	0.0
89.0	0.0
89.1	0.0
89.2	0.0
89.3	0.0
89.4	0.0
89.5	0.0
89.6	0.0
89.7	0.0
89.8	0.0
89.9	0.0
90.0	0.0
90.1	0.0
90.2	0.0
90.3	0.0
90.4	0.0
90.5	0.0
90.6	0.0
90.7	0.0
90.8	0.0
90.9	0.0
91.0	0.0
91.1	0.0
91.2	0.0
91.3	0.0
91.4	0.0
91.5	0.0
91.6	0.0
91.7	0.0
91.8	0.0
91.9	0.0
92.0	0.0
92.1	0.0
92.2	0.0
92.3	0.0
92.4	0.0
92.5	0.0
92.6	0.0
92.7	0.0
92.8	0.0
92.9	0.0
93.0	0.0
93.1	0.0
93.2	0.0
93.3	0.0
93.4	0.0
93.5	0.0
93.6	0.0
93.7	0.0
93.8	0.0
93.9	0.0
94.0	0.0
94.1	0.0
94.2	0.0
94.3	0.0
94.4	0.0
94.5	0.0
94.6	0.0
94.7	0.0
94.8	0.0
94.9	0.0
95.0	0.0
95.1	0.0
95.2	0.0
95.3	0.0
95.4	0.0
95.5	0.0
95.6	0.0
95.7	0.0
95.8	0.0
95.9	0.0
96.0	0.0
96.1	0.0
96.2	0.0
96.3	0.0
96.4	0.0
96.5	0.0
96.6	0.0
96.7	0.0
96.8	0.0
96.9	0.0
97.0	0.0
97.1	0.0
97.2	0.0
97.3	0.0
97.4	0.0
97.5	0.0
97.6	0.0
97.7	0.0
97.8	0.0
97.9	0.0
98.0	0.0
98.1	0.0
98.2	0.0
98.3	0.0
98.4	0.0
98.5	0.0
98.6	0.0
98.7	0.0
98.8	0.0
98.9	0.0
99.0	0.0
99.1	0.0
99.2	0.0
99.3	0.0
99.4	0.0
99.5	0.0
99.6	0.0
99.7	0.0
99.8	0.0
99.9	0.0
