0.0	0.1103804832369596
0.1	0.11463887693858534
0.2	0.1183529106260698
0.30000000000000004	0.12150196762273155
0.4	0.12407009521970849
0.5	0.12604685698134255
0.6000000000000001	0.12742766206228415
0.7000000000000001	0.12821352172843534
0.8	0.12841027109229694
0.9	0.12802737602998238
1.0	0.12707650866645304
1.1	0.1255701098892191
1.2000000000000002	0.12352015865484663
1.3	0.12093733518466834
1.4000000000000001	0.11783070355675415
1.5	0.11420795821234726
1.6	0.11007619102820237
1.7000000000000002	0.10544305444571614
1.8	0.1003181342417185
1.9000000000000001	0.09471431244440248
2.0	0.08864890175597925
2.1	0.08214436750712367
2.2	0.07522851627764206
2.3000000000000003	0.06793411211271393
2.4000000000000004	0.060297969095784824
2.5	0.0523596493236799
2.6	0.044159955647281146
2.7	0.03573943956112313
2.8000000000000003	0.027137141543061717
2.9000000000000004	0.01838974443290435
3.0	0.009531255767124902
3.1	0.0005932523552008204
3.2	-0.008394367429834555
3.3000000000000003	-0.01740225758270771
3.4000000000000004	-0.02640031726910121
3.5	-0.035356424075105884
3.6	-0.044235423920587304
3.7	-0.05299855502401229
3.8000000000000003	-0.06160341698822967
3.9000000000000004	-0.07000451250877784
4.0	-0.07815430129899395
4.1000000000000005	-0.08600462716770932
4.2	-0.09350832193847593
4.3	-0.10062076292265941
4.4	-0.10730116813253572
4.5	-0.1135134542000352
4.6000000000000005	-0.11922654975354655
4.7	-0.12441414132170765
4.800000000000001	-0.12905391663745497
4.9	-0.13312644791915962
5.0	-0.13661391327351735
5.1000000000000005	-0.13949887917852108
5.2	-0.14176335719743605
5.300000000000001	-0.14338830513287973
5.4	-0.14435367336766225
5.5	-0.14463901187865175
5.6000000000000005	-0.14422456552652502
5.7	-0.14309270831161275
5.800000000000001	-0.14122951325161306
5.9	-0.13862623176202288
6.0	-0.1352804684571476
6.1000000000000005	-0.13119688231144366
6.2	-0.1263873161966901
6.300000000000001	-0.12087034297353
6.4	-0.11467030425663159
6.5	-0.1078159940945107
6.6000000000000005	-0.10033919232761494
6.7	-0.09227327317165987
6.800000000000001	-0.08365210037988387
6.9	-0.07450937334035405
7.0	-0.06487851591289386
7.1000000000000005	-0.054793112917892656
7.2	-0.044287811401910356
7.300000000000001	-0.033399528722727896
7.4	-0.022168758771094806
7.5	-0.010640749174804951
7.6000000000000005	0.0011336609690696193
7.7	0.013097703937140479
7.800000000000001	0.025188933474070103
7.9	0.0373400607765967
8.0	0.04948028694116123
8.1	0.061536967966296575
8.200000000000001	0.07343739902421051
8.3	0.08511048810082564
8.4	0.09648810784786077
8.5	0.10750596572499417
8.6	0.11810390833447908
8.700000000000001	0.12822566454951373
8.8	0.1378181198871998
8.9	0.14683028796527295
9.0	0.155212192415963
9.1	0.1629138869016516
9.200000000000001	0.16988481961482169
9.3	0.17607369507442064
9.4	0.18142890838560166
9.5	0.18589953738250342
9.600000000000001	0.18943679009353578
9.700000000000001	0.19199573237474943
9.8	0.19353707461416628
9.9	0.19402878427960724
10.0	0.19344731470801643
10.100000000000001	0.19177829633099966
10.200000000000001	0.18901661593195118
10.3	0.18516590030105823
10.4	0.18023750878232167
10.5	0.1742492110630076
10.600000000000001	0.16722377100812183
10.700000000000001	0.15918766747916804
10.8	0.15017015728677202
10.9	0.14020282765898126
11.0	0.12931970476763766
11.100000000000001	0.11755789344249927
11.200000000000001	0.1049586353756806
11.3	0.09156860251443098
11.4	0.07744119995589785
11.5	0.0626376451491653
11.600000000000001	0.04722761884757641
11.700000000000001	0.031289343718517694
11.8	0.014909029552186683
11.9	-0.0018202831541231834
12.0	-0.018800361138449566
12.100000000000001	-0.035929707586357065
12.200000000000001	-0.05310555122705236
12.3	-0.07022565822815173
12.4	-0.08718976046568618
12.5	-0.10390045607459165
12.600000000000001	-0.12026352257510978
12.700000000000001	-0.13618767628116268
12.8	-0.15158389966062766
12.9	-0.16636452717893255
13.0	-0.1804423191866296
13.100000000000001	-0.19372975647372898
13.200000000000001	-0.2061387546294741
13.3	-0.21758093239569604
13.4	-0.22796848175309697
13.5	-0.23721559285621668
13.600000000000001	-0.2452402987635943
13.700000000000001	-0.25196653686323095
13.8	-0.25732618656539136
13.9	-0.2612608420936776
14.0	-0.2637231152766659
14.100000000000001	-0.2646773306553054
14.200000000000001	-0.26409956364152093
14.3	-0.26197706827973005
14.4	-0.2583072295842055
14.5	-0.25309624276822984
14.600000000000001	-0.24635775748979646
14.700000000000001	-0.23811172391491459
14.8	-0.22838363907962717
14.9	-0.21720432258525954
15.0	-0.20461026079581016
15.100000000000001	-0.19064446232593327
15.200000000000001	-0.17535767966828175
15.3	-0.1588097860060175
15.4	-0.1410710629002261
15.5	-0.1222231589522919
15.600000000000001	-0.10235952120579299
15.700000000000001	-0.08158517368963639
15.8	-0.060015810016838235
15.9	-0.03777626513127622
16.0	-0.014998520005459785
16.1	0.008180541380425886
16.2	0.0316213712752384
16.3	0.055183748328735155
16.400000000000002	0.07872831714811941
16.5	0.10211755023057124
16.6	0.1252160991287165
16.7	0.14789060037926263
16.8	0.17000908990006824
16.900000000000002	0.1914402435084672
17.0	0.21205269091352533
17.1	0.23171464124123994
17.2	0.25029401114404537
17.3	0.26765916895656633
17.400000000000002	0.28368031208437383
17.5	0.2982313946919051
17.6	0.31119243428202836
17.7	0.32245196268418924
17.8	0.3319093591630487
17.900000000000002	0.3394768152762909
18.0	0.3450807310695579
18.1	0.3486624226257171
18.2	0.35017811956962047
18.3	0.34959833269914464
18.400000000000002	0.3469067607851552
18.5	0.34209896798403533
18.6	0.3351810895166275
18.7	0.32616880913830293
18.8	0.3150867995459092
18.900000000000002	0.3019687342641681
19.0	0.2868578794712978
19.1	0.26980817216687547
19.200000000000003	0.25088560293254897
19.3	0.23016966107857534
19.400000000000002	0.2077545767660892
19.5	0.18375011257526122
19.6	0.1582817134347342
19.700000000000003	0.13148991033514554
19.8	0.10352897662280994
19.900000000000002	0.07456494004362865
20.0	0.044773142992243796
20.1	0.01433560379487376
20.200000000000003	-0.016561546089118945
20.3	-0.047730293835001415
20.400000000000002	-0.07898244953058757
20.5	-0.11013071505475629
20.6	-0.14098911444222262
20.700000000000003	-0.17137288743578658
20.8	-0.20109803646663763
20.900000000000002	-0.229980775722698
21.0	-0.2578371500299889
21.1	-0.2844830678096182
21.200000000000003	-0.3097349297916784
21.3	-0.3334109429595761
21.400000000000002	-0.3553331014997537
21.5	-0.37532970995229936
21.6	-0.3932382348217316
21.700000000000003	-0.40890821349082823
21.8	-0.42220393245211296
21.900000000000002	-0.4330066134610717
22.0	-0.44121591234656293
22.1	-0.44675063087146444
22.200000000000003	-0.44954865258722976
22.3	-0.449566222062746
22.400000000000002	-0.4467767764322021
22.5	-0.44116959498751157
22.6	-0.4327485476424749
22.700000000000003	-0.42153119404279005
22.8	-0.40754841624883514
22.900000000000002	-0.39084466983261473
23.0	-0.37147882605410737
23.1	-0.34952546893135655
23.200000000000003	-0.32507642248967666
23.3	-0.2982422292095272
23.400000000000002	-0.2691532893982577
23.5	-0.23796040498487167
23.6	-0.2048345452032122
23.700000000000003	-0.16996575465554656
23.8	-0.13356124063671138
23.900000000000002	-0.09584278849075452
24.0	-0.05704374390417683
24.1	-0.01740585542195934
24.200000000000003	0.022823719427077522
24.3	0.06339497691077679
24.400000000000002	0.10405700780374857
24.5	0.1445592304498429
24.6	0.18465194863308365
24.700000000000003	0.22408637907713672
24.8	0.26261438256289127
24.900000000000002	0.2999881846030545
25.0	0.33596037801081713
25.1	0.37028445923669406
25.200000000000003	0.402716068978772
25.3	0.4330149976418555
25.400000000000002	0.46094789458680285
25.5	0.48629150556074385
25.6	0.5088361730469971
25.700000000000003	0.5283892835989985
25.8	0.5447783426592474
25.900000000000002	0.557853401804836
26.0	0.5674886492710309
26.1	0.5735830889883894
26.200000000000003	0.5760603587428207
26.3	0.5748678551396255
26.400000000000002	0.5699754237007022
26.5	0.5613739225137577
26.6	0.5490739694527169
26.700000000000003	0.5331051356424821
26.8	0.5135157586857542
26.900000000000002	0.4903734318797265
27.0	0.4637660983632523
27.1	0.4338035616665152
27.200000000000003	0.40061913492053036
27.3	0.3643711042067355
27.400000000000002	0.32524368489299577
27.5	0.2834472032950745
27.6	0.2392173318330694
27.700000000000003	0.19281332960920158
27.8	0.14451537316938187
27.900000000000002	0.09462118373227975
28.0	0.04344224858557934
28.1	-0.008700018604292308
28.200000000000003	-0.06147783863752761
28.3	-0.11456006503819056
28.400000000000002	-0.16761443508773105
28.5	-0.22030901586187246
28.6	-0.27231292253998346
28.700000000000003	-0.32329650849482316
28.8	-0.3729313169595176
28.900000000000002	-0.42089012808091714
29.0	-0.46684742565685594
29.1	-0.5104805458302668
29.200000000000003	-0.5514716646538277
29.3	-0.5895106487310997
29.400000000000002	-0.6242986534541679
29.5	-0.6555522283229385
29.6	-0.6830075979936437
29.700000000000003	-0.7064247454764219
29.8	-0.7255909372891575
29.900000000000002	-0.7403233978240801
30.0	-0.7504709517572817
30.1	-0.7559145921752293
30.200000000000003	-0.7565670769940697
30.3	-0.7523717848870515
30.400000000000002	-0.7433011543385508
30.5	-0.7293550710971747
30.6	-0.7105595534521804
30.700000000000003	-0.6869660135264919
30.8	-0.6586512569055339
30.900000000000002	-0.625718240172677
31.0	-0.5882974584017622
31.1	-0.5465487054101772
31.200000000000003	-0.5006628590232042
31.3	-0.450863306345686
31.400000000000002	-0.3974066465484856
31.5	-0.34058238820756165
31.6	-0.2807114831611545
31.700000000000003	-0.2181436903986017
31.8	-0.1532539185750313
31.900000000000002	-0.08643783050168681
32.0	-0.018107086455230546
32.1	0.05131535935912064
32.2	0.12139951956564574
32.300000000000004	0.19171188549932877
32.4	0.26181801392093995
32.5	0.3312841685379545
32.6	0.39967815489839287
32.7	0.4665696234471822
32.800000000000004	0.5315302079163878
32.9	0.5941338998980896
33.0	0.6539580295342146
33.1	0.7105851308468901
33.2	0.7636058318714154
33.300000000000004	0.8126227454333756
33.4	0.8572551713915133
33.5	0.8971442811006898
33.6	0.9319583618036291
33.7	0.9613976676598909
33.800000000000004	0.9851984607359464
33.9	1.003135924662762
34.0	1.0150257811869001
34.1	1.0207246132490855
34.2	1.0201290710205324
34.300000000000004	1.013174282824738
34.4	0.9998318883347658
34.5	0.9801081416494817
34.6	0.9540424915715225
34.7	0.9217069412842872
34.800000000000004	0.8832063354477899
34.9	0.8386795431052388
35.0	0.7883013275512666
35.1	0.7322845472619509
35.2	0.6708822385761384
35.300000000000004	0.6043891064534498
35.4	0.5331419991867367
35.5	0.4575190598661682
35.6	0.37793741458212793
35.7	0.29484944969370736
35.800000000000004	0.2087379186302606
35.9	0.12011027355897091
36.0	0.029492714553007945
36.1	-0.06257552703859261
36.2	-0.15554720800021607
36.300000000000004	-0.2488710563581223
36.4	-0.3419945548184417
36.5	-0.4343655618884826
36.6	-0.5254330027869367
36.7	-0.6146470205716221
36.800000000000004	-0.701459074611167
36.9	-0.7853224926506089
37.0	-0.8656939201685226
37.1	-0.9420359750447489
37.2	-1.0138212268030136
37.300000000000004	-1.0805374064616422
37.4	-1.1416935481519042
37.5	-1.1968265991766223
37.6	-1.2455079373242224
37.7	-1.2873492193226594
37.800000000000004	-1.322007055987671
37.9	-1.349186158184523
38.0	-1.3686408013993252
38.1	-1.380174684845284
38.2	-1.383639478695926
38.300000000000004	-1.3789325264246233
38.400000000000006	-1.3659942708848922
38.5	-1.3448059859592765
38.6	-1.31538831709562
38.7	-1.2778009748028518
38.800000000000004	-1.2321437088898477
38.900000000000006	-1.1785584508537752
39.0	-1.1172322846044282
39.1	-1.048400727474931
39.2	-0.9723507030360848
39.300000000000004	-0.889422581820785
39.400000000000006	-0.8000107584228418
39.5	-0.7045624111568817
39.6	-0.6035743276594759
39.7	-0.49758794087359576
39.800000000000004	-0.3871829648297347
39.900000000000006	-0.272970210326338
40.0	-0.1555842665523643
40.1	-0.035676738014572086
40.2	0.08608937544041509
40.300000000000004	0.20904376021390678
40.400000000000006	0.3325111919233623
40.5	0.4558123985571509
40.6	0.5782637825667499
40.7	0.6991766005801554
40.800000000000004	0.8178563069536947
40.900000000000006	0.9336027638526446
41.0	1.0457119042066738
41.1	1.1534792204816715
41.2	1.2562051729350723
41.300000000000004	1.3532023079797888
41.400000000000006	1.4438035971811187
41.5	1.5273712944200668
41.6	1.6033054975916607
41.7	1.6710516115416953
41.800000000000004	1.7301060420261332
41.900000000000006	1.7800196885165138
42.0	1.8203991121822882
42.1	1.8509055881292475
42.2	1.8712525568961467
42.300000000000004	1.8812022212090773
42.400000000000006	1.880562152458855
42.5	1.8691827562699652
42.6	1.8469562970767903
42.7	1.8138179178759224
42.800000000000004	1.7697487516086552
42.900000000000006	1.714780856053237
43.0	1.6490033709667833
43.1	1.5725690474009235
43.2	1.4857001758215498
43.300000000000004	1.3886929647011201
43.400000000000006	1.2819195950143407
43.5	1.165827475850414
43.6	1.040935609232609
43.7	0.9078283811375579
43.800000000000004	0.7671474678436844
43.900000000000006	0.6195828231590316
44.0	0.46586384690069516
44.1	0.30675180289909987
44.2	0.14303435555961305
44.300000000000004	-0.02447724668166882
44.400000000000006	-0.19494824638172162
44.5	-0.3675180782677672
44.6	-0.5412964841500931
44.7	-0.7153591398837397
44.800000000000004	-0.8887440421042879
44.900000000000006	-1.0604498616000988
45.0	-1.229437238546911
45.1	-1.3946336014491887
45.2	-1.55494159164511
45.300000000000004	-1.7092506423411518
45.400000000000006	-1.8564507769475393
45.5	-1.9954473332265612
45.6	-2.1251751482647094
45.7	-2.244610788950815
45.800000000000004	-2.3527816851458088
45.900000000000006	-2.448771485375057
46.0	-2.5317215442059133
46.1	-2.600829080678079
46.2	-2.655343122225863
46.300000000000004	-2.6945597764905296
46.400000000000006	-2.717818580536194
46.5	-2.724501619851207
46.6	-2.714036783092443
46.7	-2.6859059587289553
46.800000000000004	-2.6396582599963394
46.900000000000006	-2.5749275865832915
47.0	-2.491453111269919
47.1	-2.389100730926927
47.2	-2.2678832378058424
47.300000000000004	-2.127977007984516
47.400000000000006	-1.9697333825965764
47.5	-1.7936835971724265
47.6	-1.6005370103556038
47.7	-1.391173372564359
47.800000000000004	-1.1666308125268203
47.900000000000006	-0.9280919571083167
48.0	-0.6768710082706765
48.1	-0.41440458973287025
48.2	-0.14224870838798578
48.300000000000004	0.13791672196171587
48.400000000000006	0.42427558492135503
48.5	0.7148567181010397
48.6	1.0075111928390872
48.7	1.29988964789586
48.800000000000004	1.589424491610424
48.900000000000006	1.8733221400437898
49.0	2.148570184677645
49.1	2.4119634596469646
49.2	2.6601514632580083
49.300000000000004	2.8897076170998783
49.400000000000006	3.097218617926148
49.5	3.279389894325777
49.6	3.43316117773057
49.7	3.5558246745414563
49.800000000000004	3.6451374758864885
49.900000000000006	3.6994197857279514
50.0	3.717631321497763
50.1	3.6994197857279505
50.2	3.6451374758864823
50.300000000000004	3.5558246745414483
50.400000000000006	3.433161177730559
50.5	3.279389894325777
50.6	3.0972186179261336
50.7	2.8897076170998623
50.800000000000004	2.6601514632579897
50.900000000000006	2.4119634596469472
51.0	2.148570184677645
51.1	1.8733221400437703
51.2	1.589424491610403
51.300000000000004	1.299889647895839
51.400000000000006	1.007511192839067
51.5	0.7148567181010397
51.6	0.42427558492133444
51.7	0.13791672196169583
51.800000000000004	-0.14224870838800557
51.900000000000006	-0.414404589732889
52.0	-0.6768710082706765
52.1	-0.9280919571083337
52.2	-1.1666308125268365
52.300000000000004	-1.391173372564374
52.400000000000006	-1.6005370103556191
52.5	-1.7936835971724265
52.6	-1.9697333825965884
52.7	-2.127977007984527
52.800000000000004	-2.267883237805853
52.900000000000006	-2.3891007309269345
53.0	-2.491453111269919
53.1	-2.5749275865832963
53.2	-2.639658259996343
53.300000000000004	-2.685905958728957
53.400000000000006	-2.7140367830924435
53.5	-2.724501619851207
53.6	-2.7178185805361927
53.7	-2.694559776490526
53.800000000000004	-2.6553431222258586
53.900000000000006	-2.600829080678075
54.0	-2.5317215442059133
54.1	-2.448771485375049
54.2	-2.352781685145802
54.300000000000004	-2.244610788950807
54.400000000000006	-2.1251751482647006
54.5	-1.9954473332265612
54.6	-1.8564507769475287
54.7	-1.7092506423411407
54.800000000000004	-1.5549415916450984
54.900000000000006	-1.3946336014491778
55.0	-1.229437238546911
55.1	-1.0604498616000866
55.2	-0.8887440421042756
55.300000000000004	-0.7153591398837277
55.400000000000006	-0.5412964841500795
55.5	-0.3675180782677672
55.6	-0.1949482463817103
55.7	-0.024477246681656663
55.800000000000004	0.1430343555596244
55.900000000000006	0.3067518028991123
56.0	0.46586384690069516
56.1	0.6195828231590426
56.2	0.7671474678436941
56.300000000000004	0.9078283811375678
56.400000000000006	1.0409356092326172
56.5	1.165827475850414
56.6	1.281919595014349
56.7	1.3886929647011272
56.800000000000004	1.4857001758215567
56.900000000000006	1.5725690474009306
57.0	1.6490033709667833
57.1	1.7147808560532423
57.2	1.7697487516086587
57.300000000000004	1.8138179178759266
57.400000000000006	1.8469562970767917
57.5	1.8691827562699652
57.6	1.8805621524588552
57.7	1.881202221209077
57.800000000000004	1.8712525568961447
57.900000000000006	1.8509055881292455
58.0	1.8203991121822882
58.1	1.7800196885165112
58.2	1.7301060420261285
58.300000000000004	1.6710516115416898
58.400000000000006	1.6033054975916552
58.5	1.5273712944200668
58.6	1.4438035971811118
58.7	1.353202307979783
58.800000000000004	1.2562051729350654
58.900000000000006	1.1534792204816644
59.0	1.0457119042066738
59.1	0.9336027638526355
59.2	0.8178563069536862
59.300000000000004	0.6991766005801477
59.400000000000006	0.5782637825667413
59.5	0.4558123985571509
59.6	0.3325111919233533
59.7	0.20904376021389884
59.800000000000004	0.08608937544040664
59.900000000000006	-0.03567673801458001
60.0	-0.1555842665523643
60.1	-0.27297021032634655
60.2	-0.3871829648297427
60.300000000000004	-0.49758794087360364
60.400000000000006	-0.603574327659484
60.5	-0.7045624111568817
60.6	-0.8000107584228486
60.7	-0.8894225818207913
60.800000000000004	-0.97235070303609
60.900000000000006	-1.048400727474936
61.0	-1.1172322846044282
61.1	-1.178558450853779
61.2	-1.2321437088898521
61.300000000000004	-1.2778009748028543
61.400000000000006	-1.3153883170956235
61.5	-1.3448059859592765
61.6	-1.3659942708848936
61.7	-1.3789325264246253
61.800000000000004	-1.3836394786959265
61.900000000000006	-1.3801746848452843
62.0	-1.3686408013993252
62.1	-1.349186158184523
62.2	-1.3220070559876682
62.300000000000004	-1.2873492193226563
62.400000000000006	-1.24550793732422
62.5	-1.1968265991766223
62.6	-1.1416935481519042
62.7	-1.0805374064616382
62.800000000000004	-1.0138212268030091
62.900000000000006	-0.9420359750447428
63.0	-0.8656939201685226
63.1	-0.7853224926506089
63.2	-0.701459074611161
63.300000000000004	-0.6146470205716149
63.400000000000006	-0.5254330027869308
63.5	-0.4343655618884826
63.6	-0.3419945548184417
63.7	-0.24887105635811624
63.800000000000004	-0.15554720800021044
63.900000000000006	-0.06257552703858663
64.0	0.029492714553007945
64.10000000000001	0.12011027355897753
64.2	0.20873791863026667
64.3	0.29484944969370736
64.4	0.3779374145821346
64.5	0.4575190598661682
64.60000000000001	0.5331419991867429
64.7	0.6043891064534544
64.8	0.6708822385761384
64.9	0.7322845472619547
65.0	0.7883013275512666
65.10000000000001	0.8386795431052421
65.2	0.8832063354477928
65.3	0.9217069412842872
65.4	0.9540424915715273
65.5	0.9801081416494817
65.60000000000001	0.999831888334766
65.7	1.0131742828247388
65.8	1.0201290710205324
65.9	1.0207246132490848
66.0	1.0150257811869001
66.10000000000001	1.0031359246627614
66.2	0.9851984607359445
66.3	0.9613976676598909
66.4	0.9319583618036265
66.5	0.8971442811006898
66.60000000000001	0.8572551713915093
66.7	0.8126227454333734
66.8	0.7636058318714154
66.9	0.7105851308468859
67.0	0.6539580295342146
67.10000000000001	0.5941338998980864
67.2	0.5315302079163834
67.3	0.4665696234471822
67.4	0.3996781548983886
67.5	0.3312841685379545
67.60000000000001	0.2618180139209353
67.7	0.19171188549932472
67.8	0.12139951956564574
67.9	0.05131535935911397
68.0	-0.018107086455230546
68.10000000000001	-0.08643783050169325
68.2	-0.15325391857503348
68.3	-0.2181436903986017
68.4	-0.2807114831611588
68.5	-0.34058238820756165
68.60000000000001	-0.39740664654849217
68.7	-0.4508633063456884
68.8	-0.5006628590232042
68.9	-0.54654870541018
69.0	-0.5882974584017622
69.10000000000001	-0.6257182401726815
69.2	-0.6586512569055347
69.3	-0.6869660135264919
69.4	-0.7105595534521831
69.5	-0.7293550710971747
69.60000000000001	-0.7433011543385523
69.7	-0.752371784887051
69.8	-0.7565670769940697
69.9	-0.7559145921752293
70.0	-0.7504709517572817
70.10000000000001	-0.7403233978240777
70.2	-0.7255909372891571
70.3	-0.7064247454764219
70.4	-0.6830075979936411
70.5	-0.6555522283229385
70.60000000000001	-0.6242986534541634
70.7	-0.5895106487310986
70.8	-0.5514716646538277
70.9	-0.5104805458302639
71.0	-0.46684742565685594
71.10000000000001	-0.4208901280809139
71.2	-0.37293131695951753
71.3	-0.32329650849482316
71.4	-0.27231292253997985
71.5	-0.22030901586187246
71.60000000000001	-0.16761443508772722
71.7	-0.11456006503818776
71.8	-0.06147783863752761
71.9	-0.008700018604286892
72.0	0.04344224858557934
72.10000000000001	0.09462118373228807
72.2	0.14451537316938454
72.3	0.19281332960920158
72.4	0.2392173318330742
72.5	0.2834472032950745
72.60000000000001	0.32524368489299865
72.7	0.3643711042067344
72.8	0.40061913492053036
72.9	0.43380356166651657
73.0	0.4637660983632523
73.10000000000001	0.4903734318797292
73.2	0.5135157586857555
73.3	0.5331051356424821
73.4	0.5490739694527185
73.5	0.5613739225137577
73.60000000000001	0.5699754237007023
73.7	0.5748678551396268
73.8	0.5760603587428207
73.9	0.573583088988389
74.0	0.5674886492710309
74.10000000000001	0.5578534018048358
74.2	0.5447783426592472
74.3	0.5283892835989985
74.4	0.508836173046996
74.5	0.48629150556074385
74.60000000000001	0.46094789458680163
74.7	0.43301499764185475
74.8	0.402716068978772
74.9	0.3702844592366911
75.0	0.33596037801081713
75.10000000000001	0.29998818460304943
75.2	0.2626143825628915
75.3	0.22408637907713672
75.4	0.1846519486330815
75.5	0.1445592304498429
75.60000000000001	0.10405700780374362
75.7	0.06339497691077392
75.8	0.022823719427077522
75.9	-0.01740585542196369
76.0	-0.05704374390417683
76.10000000000001	-0.09584278849075682
76.2	-0.13356124063670988
76.3	-0.16996575465554656
76.4	-0.20483454520321379
76.5	-0.23796040498487167
76.60000000000001	-0.26915328939825983
76.7	-0.2982422292095291
76.80000000000001	-0.32507642248968
76.9	-0.3495254689313586
77.0	-0.37147882605410737
77.10000000000001	-0.3908446698326185
77.2	-0.4075484162488356
77.30000000000001	-0.42153119404279027
77.4	-0.43274854764247755
77.5	-0.44116959498751157
77.60000000000001	-0.44677677643220276
77.7	-0.4495662220627459
77.80000000000001	-0.4495486525872297
77.9	-0.4467506308714634
78.0	-0.44121591234656293
78.10000000000001	-0.43300661346106906
78.2	-0.4222039324521131
78.30000000000001	-0.40890821349082723
78.4	-0.39323823482173015
78.5	-0.37532970995229936
78.60000000000001	-0.3553331014997504
78.7	-0.3334109429595744
78.80000000000001	-0.3097349297916741
78.9	-0.28448306780961813
79.0	-0.2578371500299889
79.10000000000001	-0.22998077572269549
79.2	-0.20109803646663468
79.30000000000001	-0.17137288743578086
79.4	-0.14098911444221965
79.5	-0.11013071505475629
79.60000000000001	-0.07898244953058575
79.7	-0.047730293835002546
79.80000000000001	-0.016561546089115003
79.9	0.014335603794873794
80.0	0.044773142992243796
80.10000000000001	0.07456494004363144
80.2	0.10352897662281137
80.30000000000001	0.13148991033514762
80.4	0.158281713434737
80.5	0.18375011257526122
80.60000000000001	0.20775457676609416
80.7	0.23016966107857775
80.80000000000001	0.25088560293255496
80.9	0.26980817216687925
81.0	0.2868578794712978
81.10000000000001	0.30196873426417015
81.2	0.3150867995459058
81.30000000000001	0.326168809138305
81.4	0.3351810895166258
81.5	0.34209896798403533
81.60000000000001	0.34690676078515226
81.7	0.3495983326991465
81.80000000000001	0.35017811956961986
81.9	0.3486624226257207
82.0	0.3450807310695579
82.10000000000001	0.33947681527629386
82.2	0.3319093591630487
82.30000000000001	0.32245196268418685
82.4	0.3111924342820276
82.5	0.2982313946919051
82.60000000000001	0.2836803120843722
82.7	0.26765916895656633
82.80000000000001	0.25029401114404376
82.9	0.23171464124123659
83.0	0.21205269091352533
83.10000000000001	0.1914402435084613
83.2	0.17000908990006824
83.30000000000001	0.1478906003792609
83.4	0.12521609912871856
83.5	0.10211755023057124
83.60000000000001	0.0787283171481179
83.7	0.055183748328735155
83.80000000000001	0.03162137127523369
83.9	0.00818054138042096
84.0	-0.014998520005459785
84.10000000000001	-0.03777626513127965
84.2	-0.060015810016838235
84.30000000000001	-0.08158517368963758
84.4	-0.10235952120579206
84.5	-0.1222231589522919
84.60000000000001	-0.14107106290022806
84.7	-0.1588097860060175
84.80000000000001	-0.17535767966828458
84.9	-0.19064446232593218
85.0	-0.20461026079581016
85.10000000000001	-0.21720432258525835
85.2	-0.22838363907962717
85.30000000000001	-0.23811172391491361
85.4	-0.24635775748979963
85.5	-0.25309624276822984
85.60000000000001	-0.25830722958420815
85.7	-0.26197706827973005
85.80000000000001	-0.2640995636415248
85.9	-0.2646773306553053
86.0	-0.2637231152766659
86.10000000000001	-0.261260842093677
86.2	-0.25732618656539136
86.30000000000001	-0.2519665368632288
86.4	-0.24524029876359216
86.5	-0.23721559285621668
86.60000000000001	-0.22796848175309448
86.7	-0.21758093239569604
86.80000000000001	-0.20613875462947095
86.9	-0.19372975647372967
87.0	-0.1804423191866296
87.10000000000001	-0.16636452717893332
87.2	-0.15158389966062766
87.30000000000001	-0.13618767628116354
87.4	-0.12026352257510736
87.5	-0.10390045607459165
87.60000000000001	-0.0871897604656842
87.7	-0.07022565822815173
87.80000000000001	-0.053105551227050796
87.9	-0.035929707586356927
88.0	-0.018800361138449566
88.10000000000001	-0.0018202831541226816
88.2	0.014909029552186683
88.30000000000001	0.03128934371852042
88.4	0.04722761884757641
88.5	0.0626376451491653
88.60000000000001	0.07744119995589577
88.7	0.09156860251443098
88.80000000000001	0.10495863537568359
88.9	0.11755789344249883
89.0	0.12931970476763766
89.10000000000001	0.14020282765898096
89.2	0.15017015728677202
89.30000000000001	0.15918766747916538
89.4	0.16722377100812363
89.5	0.1742492110630076
89.60000000000001	0.18023750878232866
89.7	0.18516590030105823
89.80000000000001	0.18901661593194724
89.9	0.19177829633099774
90.0	0.19344731470801643
90.10000000000001	0.19402878427960543
90.2	0.19353707461416628
90.30000000000001	0.19199573237475373
90.4	0.18943679009353473
90.5	0.18589953738250342
90.60000000000001	0.18142890838560205
90.7	0.17607369507442064
90.80000000000001	0.16988481961482027
90.9	0.1629138869016512
91.0	0.155212192415963
91.10000000000001	0.14683028796527384
91.2	0.1378181198871998
91.30000000000001	0.1282256645495124
91.4	0.11810390833447726
91.5	0.10750596572499417
91.60000000000001	0.09648810784786074
91.7	0.08511048810082564
91.80000000000001	0.07343739902421034
91.9	0.06153696796629477
92.0	0.04948028694116123
92.10000000000001	0.03734006077659569
92.2	0.025188933474070103
92.30000000000001	0.013097703937142624
92.4	0.0011336609690737055
92.5	-0.010640749174804951
92.60000000000001	-0.022168758771090417
92.7	-0.033399528722727896
92.80000000000001	-0.04428781140190544
92.9	-0.054793112917893814
93.0	-0.06487851591289386
93.10000000000001	-0.07450937334035557
93.2	-0.08365210037988387
93.30000000000001	-0.09227327317166269
93.4	-0.10033919232761651
93.5	-0.1078159940945107
93.60000000000001	-0.11467030425663258
93.7	-0.12087034297353
93.80000000000001	-0.12638731619669227
93.9	-0.13119688231144408
94.0	-0.1352804684571476
94.10000000000001	-0.13862623176202296
94.2	-0.14122951325161306
94.30000000000001	-0.1430927083116136
94.4	-0.14422456552652543
94.5	-0.14463901187865175
94.60000000000001	-0.14435367336766242
94.7	-0.14338830513287973
94.80000000000001	-0.14176335719743924
94.9	-0.13949887917852102
95.0	-0.13661391327351735
95.10000000000001	-0.13312644791915934
95.2	-0.12905391663745497
95.30000000000001	-0.12441414132170645
95.4	-0.11922654975354749
95.5	-0.1135134542000352
95.60000000000001	-0.10730116813253313
95.7	-0.10062076292265941
95.80000000000001	-0.09350832193847801
95.9	-0.0860046271677093
96.0	-0.07815430129899395
96.10000000000001	-0.07000451250878242
96.2	-0.06160341698822967
96.30000000000001	-0.05299855502400972
96.4	-0.04423542392058694
96.5	-0.035356424075105884
96.60000000000001	-0.02640031726910102
96.7	-0.01740225758270771
96.80000000000001	-0.008394367429829705
96.9	0.0005932523552018543
97.0	0.009531255767124902
97.10000000000001	0.018389744432905343
97.2	0.027137141543061717
97.30000000000001	0.03573943956112552
97.4	0.044159955647290035
97.5	0.0523596493236799
97.60000000000001	0.060297969095786226
97.7	0.06793411211271393
97.80000000000001	0.0752285162776506
97.9	0.08214436750712376
98.0	0.08864890175597925
98.10000000000001	0.09471431244440465
98.2	0.1003181342417185
98.30000000000001	0.10544305444571808
98.4	0.11007619102820276
98.5	0.11420795821234726
98.60000000000001	0.11783070355675397
98.7	0.12093733518466834
98.80000000000001	0.12352015865484518
98.9	0.12557010988921932
99.0	0.12707650866645304
99.10000000000001	0.12802737602998232
99.2	0.12841027109229694
99.30000000000001	0.12821352172843706
99.4	0.12742766206228492
99.5	0.12604685698134255
99.60000000000001	0.1240700952197085
99.7	0.12150196762273155
99.80000000000001	0.11835291062607008
99.9	0.11463887693858474
100.0	0.1103804832369596
