0.0	0.1549353704306498
0.1	0.16091265723219925
0.2	0.16612585406090855
0.30000000000000004	0.1705460223549503
0.4	0.1741507701226931
0.5	0.1769254482796498
0.6000000000000001	0.17886361289385014
0.7000000000000001	0.17996668342689226
0.8	0.1802428503241367
0.9	0.17970540034587903
1.0	0.17837071704971547
1.1	0.17625626306543657
1.2000000000000002	0.17337885263427877
1.3	0.16975347703006094
1.4000000000000001	0.16539285902996423
1.5	0.160307798922856
1.6	0.15450825120902298
1.7000000000000002	0.14800495722432208
1.8	0.14081137202747793
1.9000000000000001	0.13294557745462188
2.0	0.12443187444964886
2.1	0.11530179643430054
2.2	0.10559437406523253
2.3000000000000003	0.09535559653661962
2.4000000000000004	0.08463713787169887
2.5	0.07349452933783622
2.6	0.06198504378463916
2.7	0.0501656012458218
2.8000000000000003	0.03809100081920474
2.9000000000000004	0.02581273230812408
3.0	0.01337853033111472
3.1	0.000832717621054205
3.2	-0.01178273902353159
3.3000000000000003	-0.024426648134147723
3.4000000000000004	-0.03705675872784433
3.5	-0.04962798223504646
3.6	-0.062090974693234206
3.7	-0.07439132819618828
3.8000000000000003	-0.0864695275013008
3.9000000000000004	-0.09826171039748482
4.0	-0.10970114704529335
4.1000000000000005	-0.12072024309200705
4.2	-0.131252791010025
4.3	-0.14123615624122215
4.4	-0.15061309522052588
4.5	-0.15933295959204655
4.6000000000000005	-0.1673521360798751
4.7	-0.1746336898263877
4.800000000000001	-0.18114630225731057
4.9	-0.18686270360125795
5.0	-0.19175787818915602
5.1000000000000005	-0.19580735548861652
5.2	-0.19898588606217335
5.300000000000001	-0.20126674136308753
5.4	-0.20262177878158588
5.5	-0.20302229367880176
5.6000000000000005	-0.20244055678829967
5.7	-0.2008518274067606
5.800000000000001	-0.19823655695006318
5.9	-0.19458246548301425
6.0	-0.18988619072671248
6.1000000000000005	-0.18415427224242864
6.2	-0.17740333325622815
6.300000000000001	-0.16965944353116416
6.4	-0.16095677013169332
6.5	-0.15133572977318202
6.6000000000000005	-0.14084093017257068
6.7	-0.12951921698882982
6.800000000000001	-0.11741812301940965
6.9	-0.10458495035087798
7.0	-0.09106661432506967
7.1000000000000005	-0.0769102562158339
7.2	-0.06216450828890883
7.300000000000001	-0.04688118952837003
7.4	-0.03111713911248047
7.5	-0.014935868794113166
7.6000000000000005	0.0015912612178776776
7.7	0.018384569008775224
7.800000000000001	0.03535640200251712
7.9	0.05241231038919612
8.0	0.06945291741281948
8.1	0.08637625644897302
8.200000000000001	0.1030802754944788
8.3	0.11946518636928241
8.4	0.13543536224124048
8.5	0.150900558999632
8.6	0.16577634243390407
8.700000000000001	0.17998372767626208
8.8	0.19344816067655374
8.9	0.2060980744893246
9.0	0.2178633198741821
9.1	0.228673789742503
9.200000000000001	0.2384585271389099
9.3	0.24714553125197988
9.4	0.2546623669621642
9.5	0.2609375574612492
9.600000000000001	0.26590261598444936
9.700000000000001	0.26949447079993666
9.8	0.27165797311321965
9.9	0.2723481605170551
10.0	0.2715319817794139
10.100000000000001	0.2691892670809873
10.200000000000001	0.26531283926431354
10.3	0.25990778906703627
10.4	0.2529900610123085
10.5	0.24458459749029088
10.600000000000001	0.23472335095991165
10.700000000000001	0.22344348842837483
10.8	0.21078607616626557
10.9	0.19679545153046887
11.0	0.18151937529702103
11.100000000000001	0.16500992959470737
11.200000000000001	0.14732500325185663
11.3	0.12853010726483097
11.4	0.10870020360396047
11.5	0.08792122003357915
11.600000000000001	0.06629096382010313
11.700000000000001	0.04391923207251576
11.8	0.02092703301063366
11.9	-0.0025550372357702623
12.0	-0.026389093721962853
12.100000000000001	-0.05043267062354361
12.200000000000001	-0.07454151322769514
12.3	-0.09857212119607493
12.4	-0.12238375335348649
12.5	-0.14583969174398523
12.600000000000001	-0.16880768115019798
12.700000000000001	-0.1911595913873131
12.8	-0.21277047315351746
12.9	-0.23351727487597296
13.0	-0.2532775427747445
13.100000000000001	-0.27192843066523564
13.200000000000001	-0.2893462990197915
13.3	-0.3054070916414109
13.4	-0.31998755695882203
13.5	-0.3329672481339328
13.600000000000001	-0.3442311124140655
13.700000000000001	-0.35367238464816825
13.8	-0.3611954474907188
13.9	-0.3667183197767854
14.0	-0.37017448518320756
14.100000000000001	-0.37151386791486996
14.200000000000001	-0.3707028862659571
14.3	-0.36772364939841734
14.4	-0.36257248679215104
14.5	-0.3552580943473453
14.600000000000001	-0.3457996313823456
14.700000000000001	-0.3342251009124508
14.8	-0.3205702918072904
14.9	-0.30487846394585594
15.0	-0.2872008313485611
15.100000000000001	-0.2675977629814382
15.200000000000001	-0.24614049749120148
15.3	-0.2229130757656963
15.4	-0.19801414839406598
15.5	-0.17155832129150173
15.600000000000001	-0.14367676123575127
15.700000000000001	-0.11451688501958125
15.8	-0.08424108577865709
15.9	-0.05302458786157002
16.0	-0.021052646127384646
16.1	0.011482602466766079
16.2	0.04438528196634772
16.3	0.07745857092063804
16.400000000000002	0.11050686337855486
16.5	0.1433371191035551
16.6	0.17575935648642516
16.7	0.20758638013735334
16.8	0.23863295890541036
16.900000000000002	0.2687147598334356
17.0	0.2976473852444796
17.1	0.325245847110911
17.2	0.3513247468750983
17.3	0.37569931998231904
17.400000000000002	0.39818736925005555
17.5	0.4186119706637406
17.6	0.4368047110030914
17.7	0.4526091281672943
17.8	0.46588398603882586
17.900000000000002	0.4765060324526459
18.0	0.4843719589627526
18.1	0.48939939399246307
18.2	0.4915268993319726
18.3	0.49071308251478074
18.400000000000002	0.4869350623493911
18.5	0.4801866124717419
18.6	0.4704763445737376
18.7	0.45782627313091706
18.8	0.4422710299306533
18.900000000000002	0.42385788075647524
19.0	0.40264755610305686
19.1	0.3787157645446347
19.200000000000003	0.35215513364463946
19.3	0.3230772384330836
19.400000000000002	0.29161434490929056
19.5	0.2579205211251427
19.6	0.22217184763327003
19.700000000000003	0.18456558051058825
19.8	0.14531826526729896
19.900000000000002	0.10466294645583231
20.0	0.06284574311887947
20.1	0.020122144958703066
20.200000000000003	-0.023246584930357857
20.3	-0.06699654267878345
20.400000000000002	-0.11086357584856282
20.5	-0.15458478376263907
20.6	-0.1978991215856606
20.700000000000003	-0.24054725090878307
20.8	-0.28227090386937354
20.900000000000002	-0.3228121098367633
21.0	-0.36191266045575
21.1	-0.3993141559066156
21.200000000000003	-0.4347588873982795
21.3	-0.46799168148393633
21.400000000000002	-0.4987626806176362
21.5	-0.5268308847701836
21.6	-0.5519681540875816
21.700000000000003	-0.5739632919827918
21.8	-0.5926258044306328
21.900000000000002	-0.6077889685578828
22.0	-0.6193119364458655
22.1	-0.6270807343323913
22.200000000000003	-0.631008172574118
22.3	-0.6310328339374093
22.400000000000002	-0.6271174335025635
22.5	-0.6192469231666013
22.6	-0.6074267349271968
22.700000000000003	-0.5916815163500343
22.8	-0.5720546149846445
22.900000000000002	-0.5486084308161902
23.0	-0.5214255983848091
23.1	-0.49061080741575813
23.200000000000003	-0.4562929465400643
23.3	-0.4186271785152737
23.400000000000002	-0.3777965395025897
23.5	-0.3340127023634334
23.6	-0.2875156477610609
23.700000000000003	-0.23857213146594122
23.8	-0.18747299963166955
23.900000000000002	-0.13452956086488044
24.0	-0.08006935042648398
24.1	-0.024431698234861677
24.200000000000003	0.032036473480987794
24.3	0.0889842474237771
24.400000000000002	0.14605943530224105
24.5	0.20291030861709977
24.6	0.2591863817156103
24.700000000000003	0.3145384503911465
24.8	0.36861821446686655
24.900000000000002	0.4210778857211012
25.0	0.4715701914928566
25.1	0.5197491275100735
25.200000000000003	0.5652716992700113
25.3	0.6078007369984385
25.400000000000002	0.6470086984826792
25.5	0.6825822132848235
25.6	0.7142269960017097
25.700000000000003	0.7416726851091061
25.8	0.7646771589258979
25.900000000000002	0.7830299426129883
26.0	0.7965544407089165
26.1	0.8051088902591067
26.200000000000003	0.8085861055765601
26.3	0.8069122499991723
26.400000000000002	0.8000449972469909
26.5	0.7879715152909644
26.6	0.7707067078910829
26.700000000000003	0.7482920825046107
26.8	0.7207954881222443
26.900000000000002	0.6883118019562603
27.0	0.6509644652382558
27.1	0.6089076034995269
27.200000000000003	0.5623283414810727
27.3	0.5114488571616664
27.400000000000002	0.45652772411719933
27.5	0.39786016650948414
27.6	0.33577698551493657
27.700000000000003	0.27064208971469517
27.8	0.20284874842280598
27.900000000000002	0.13281485750225955
28.0	0.06097763553451629
28.1	-0.012211765754964838
28.200000000000003	-0.08629325967103295
28.3	-0.16080203304734408
28.400000000000002	-0.23527170590557958
28.5	-0.30923636118257053
28.6	-0.3822315529839795
28.700000000000003	-0.45379457340343554
28.8	-0.5234643846799711
28.900000000000002	-0.5907816852443846
29.0	-0.6552895648541696
29.1	-0.7165351169559823
29.200000000000003	-0.7740722285272482
29.3	-0.8274655813735631
29.400000000000002	-0.8762957027886052
29.5	-0.9201647279783195
29.6	-0.9587024091470935
29.700000000000003	-0.9915718468708319
29.8	-1.0184744381729214
29.900000000000002	-1.039153630394186
30.0	-1.0533972265581062
30.1	-1.0610381828205946
30.200000000000003	-1.061954041984668
30.3	-1.0560653276249903
30.400000000000002	-1.0433333530688131
30.5	-1.0237579579473701
30.6	-0.9973756627864451
30.700000000000003	-0.9642586321216176
30.8	-0.9245146739772769
30.900000000000002	-0.8782883031799124
31.0	-0.8257626889095459
31.1	-0.7671621254758548
31.200000000000003	-0.7027545382013223
31.3	-0.6328534840012948
31.400000000000002	-0.557819137848956
31.5	-0.4780578679458536
31.6	-0.3940201777731279
31.700000000000003	-0.3061970059187005
31.8	-0.2151145922544808
31.900000000000002	-0.1213283081869705
32.0	-0.025415979936764598
32.1	0.07202871357266459
32.2	0.17040222132048288
32.300000000000004	0.2690960496343537
32.4	0.367500393028495
32.5	0.4650064383216194
32.6	0.5610075365341988
32.7	0.6548996282729911
32.800000000000004	0.7460814379822446
32.9	0.8339549997122542
33.0	0.9179270336629143
33.1	0.9974115644513752
33.2	1.0718339778420873
33.300000000000004	1.1406364820292272
33.4	1.2032847079316045
33.5	1.2592749863549437
33.6	1.3081417092730976
33.7	1.3494641389663014
33.800000000000004	1.3828720801497583
33.9	1.4080499697239637
34.0	1.4247391458438032
34.1	1.4327383014072128
34.2	1.4319023696094701
34.300000000000004	1.4221402934363763
34.4	1.4034122649650937
34.5	1.3757270627504548
34.6	1.3391400590346378
34.7	1.2937523209589072
34.800000000000004	1.2397110135451994
34.9	1.1772110600808554
35.0	1.1064977667558604
35.1	1.0278699119943822
35.2	0.9416826698067341
35.300000000000004	0.8483497022892179
35.4	0.748343825953425
35.5	0.6421958206803005
35.6	0.5304911847702196
35.7	0.4138649095374816
35.800000000000004	0.2929946109809501
35.9	0.16859257343923936
36.0	0.041397396716104165
36.1	-0.08783402805733666
36.2	-0.2183335639075848
36.300000000000004	-0.34932741890191144
36.4	-0.48004005311618664
36.5	-0.6096964541189402
36.6	-0.7375231067662524
36.7	-0.862748205331943
36.800000000000004	-0.9846017917271763
36.9	-1.102316530406366
37.0	-1.2151297427547474
37.1	-1.3222871333080497
37.2	-1.4230483752093726
37.300000000000004	-1.5166944230069446
37.4	-1.6025361333258694
37.5	-1.6799235430652246
37.6	-1.7482550174144205
37.7	-1.8069854590252294
37.800000000000004	-1.8556328702753782
37.9	-1.8937827690921987
38.0	-1.9210902446955689
38.1	-1.9372797598326543
38.2	-1.9421431116043861
38.300000000000004	-1.9355362063583914
38.400000000000006	-1.917375446811151
38.5	-1.8876345480809558
38.6	-1.8463424891142246
38.7	-1.7935830824614034
38.800000000000004	-1.7294963417656228
38.900000000000006	-1.6542814889223176
39.0	-1.568201123931193
39.1	-1.4715858302811085
39.2	-1.3648383477356865
39.300000000000004	-1.2484364367925376
39.400000000000006	-1.1229336887270023
39.5	-0.9889577845909608
39.6	-0.8472060394734611
39.7	-0.6984384347690628
39.800000000000004	-0.5434686850532451
39.900000000000006	-0.3831541538249249
40.0	-0.21838558107888476
40.1	-0.05007759033069828
40.2	0.1208391998553765
40.300000000000004	0.29342390497990456
40.400000000000006	0.46672874753036886
40.5	0.6398002685468258
40.6	0.8116789375371098
40.7	0.9813980010830101
40.800000000000004	1.1479825614179313
40.900000000000006	1.3104498713061827
41.0	1.4678116682474485
41.1	1.6190790714852066
41.2	1.7632701732947673
41.300000000000004	1.8994200306622415
41.400000000000006	2.026592370302826
41.5	2.143892021002466
41.6	2.2504769312305797
41.7	2.345568644478045
41.800000000000004	2.4284602915732605
41.900000000000006	2.498521493352292
42.0	2.5552000000952133
42.1	2.5980203612022503
42.2	2.626580347991516
42.300000000000004	2.6405461767392957
42.400000000000006	2.639647745368019
42.5	2.6236750759965877
42.6	2.5924769457885186
42.7	2.5459623183254756
42.800000000000004	2.4841047108938143
42.900000000000006	2.4069491213373775
43.0	2.3146206705188743
43.1	2.2073337671822584
43.2	2.0854004289475494
43.300000000000004	1.949236428314189
43.400000000000006	1.7993641764502772
43.5	1.6364116783340208
43.6	1.461107430239139
43.7	1.2742717045100604
43.800000000000004	1.076805188922184
43.900000000000006	0.8696763359201299
44.0	0.6539089662694874
44.1	0.4305716266019024
44.2	0.20076992066943178
44.300000000000004	-0.034357444092769786
44.400000000000006	-0.27363876187347624
44.5	-0.5158661017467883
44.6	-0.7597898543763714
44.7	-1.004112593807948
44.800000000000004	-1.2474840057173655
44.900000000000006	-1.4884985761244458
45.0	-1.725697409446743
45.1	-1.9575749925980581
45.2	-2.182591020029994
45.300000000000004	-2.3991866466234084
45.400000000000006	-2.605803855697609
45.5	-2.800906126535141
45.6	-2.982998345092889
45.7	-3.150643971291123
45.800000000000004	-3.3024778587711063
45.900000000000006	-3.43721377240319
46.0	-3.5536464760416866
46.1	-3.6506491476088954
46.2	-3.7271676857887472
46.300000000000004	-3.782214073314548
46.400000000000006	-3.81486125255232
46.5	-3.8242418888886482
46.6	-3.809552939246757
46.7	-3.7700671572909017
46.800000000000004	-3.705151656610219
46.900000000000006	-3.6142925611490577
47.0	-3.4971237612406787
47.1	-3.353457023264392
47.2	-3.183310303041469
47.300000000000004	-2.986931170542213
47.400000000000006	-2.7648127851285853
47.5	-2.517700814614998
47.6	-2.2465909490091556
47.7	-1.95271804843253
47.800000000000004	-1.637539280441654
47.900000000000006	-1.3027146371482452
48.0	-0.9500887958159417
48.1	-0.5816782707916712
48.2	-0.199667148403953
48.300000000000004	0.19358656330437682
48.400000000000006	0.5955336757618042
48.5	1.003407370359633
48.6	1.4141913071755956
48.7	1.8245878094532202
48.800000000000004	2.2309928816904443
48.900000000000006	2.6294853147230786
49.0	3.015836746652478
49.1	3.3855482520705764
49.2	3.7339169051899073
49.300000000000004	4.056132995273271
49.400000000000006	4.3474054452446405
49.5	4.603109835759123
49.6	4.818950626243547
49.7	4.991127026992896
49.800000000000004	5.1164907829286745
49.900000000000006	5.1926840513080466
50.0	5.218246641340828
50.1	5.192684051308045
50.2	5.1164907829286665
50.300000000000004	4.991127026992884
50.400000000000006	4.818950626243532
50.5	4.603109835759123
50.6	4.347405445244621
50.7	4.0561329952732486
50.800000000000004	3.733916905189881
50.900000000000006	3.385548252070552
51.0	3.015836746652478
51.1	2.629485314723051
51.2	2.230992881690415
51.300000000000004	1.8245878094531909
51.400000000000006	1.4141913071755672
51.5	1.003407370359633
51.6	0.5955336757617753
51.7	0.19358656330434867
51.800000000000004	-0.19966714840398078
51.900000000000006	-0.5816782707916975
52.0	-0.9500887958159417
52.1	-1.3027146371482692
52.2	-1.6375392804416766
52.300000000000004	-1.952718048432551
52.400000000000006	-2.246590949009177
52.5	-2.517700814614998
52.6	-2.764812785128602
52.7	-2.9869311705422277
52.800000000000004	-3.183310303041484
52.900000000000006	-3.3534570232644025
53.0	-3.4971237612406787
53.1	-3.614292561149065
53.2	-3.705151656610224
53.300000000000004	-3.770067157290904
53.400000000000006	-3.8095529392467573
53.5	-3.8242418888886482
53.6	-3.8148612525523182
53.7	-3.782214073314543
53.800000000000004	-3.7271676857887406
53.900000000000006	-3.65064914760889
54.0	-3.5536464760416866
54.1	-3.4372137724031786
54.2	-3.302477858771097
54.300000000000004	-3.150643971291112
54.400000000000006	-2.9829983450928768
54.5	-2.800906126535141
54.6	-2.605803855697594
54.7	-2.399186646623393
54.800000000000004	-2.1825910200299776
54.900000000000006	-1.9575749925980428
55.0	-1.725697409446743
55.1	-1.4884985761244287
55.2	-1.2474840057173482
55.300000000000004	-1.0041125938079312
55.400000000000006	-0.7597898543763523
55.5	-0.5158661017467883
55.6	-0.27363876187346037
55.7	-0.03435744409275272
55.800000000000004	0.2007699206694477
55.900000000000006	0.43057162660191983
56.0	0.6539089662694874
56.1	0.8696763359201454
56.2	1.0768051889221977
56.300000000000004	1.2742717045100744
56.400000000000006	1.4611074302391505
56.5	1.6364116783340208
56.6	1.7993641764502888
56.7	1.949236428314199
56.800000000000004	2.085400428947559
56.900000000000006	2.2073337671822686
57.0	2.3146206705188743
57.1	2.406949121337385
57.2	2.4841047108938192
57.300000000000004	2.545962318325482
57.400000000000006	2.5924769457885204
57.5	2.6236750759965877
57.6	2.6396477453680194
57.7	2.6405461767392957
57.800000000000004	2.6265803479915135
57.900000000000006	2.598020361202247
58.0	2.5552000000952133
58.1	2.4985214933522886
58.2	2.4284602915732543
58.300000000000004	2.3455686444780373
58.400000000000006	2.2504769312305717
58.5	2.143892021002466
58.6	2.0265923703028164
58.7	1.8994200306622333
58.800000000000004	1.7632701732947578
58.900000000000006	1.6190790714851966
59.0	1.4678116682474485
59.1	1.3104498713061699
59.2	1.1479825614179193
59.300000000000004	0.9813980010829993
59.400000000000006	0.8116789375370977
59.5	0.6398002685468258
59.6	0.46672874753035626
59.7	0.2934239049798934
59.800000000000004	0.12083919985536465
59.900000000000006	-0.0500775903307094
60.0	-0.21838558107888476
60.1	-0.38315415382493695
60.2	-0.5434686850532563
60.300000000000004	-0.6984384347690737
60.400000000000006	-0.8472060394734725
60.5	-0.9889577845909608
60.6	-1.1229336887270118
60.7	-1.2484364367925462
60.800000000000004	-1.3648383477356936
60.900000000000006	-1.4715858302811156
61.0	-1.568201123931193
61.1	-1.6542814889223227
61.2	-1.729496341765629
61.300000000000004	-1.7935830824614067
61.400000000000006	-1.8463424891142295
61.5	-1.8876345480809558
61.6	-1.9173754468111528
61.7	-1.9355362063583943
61.800000000000004	-1.9421431116043866
61.900000000000006	-1.9372797598326548
62.0	-1.9210902446955689
62.1	-1.8937827690921987
62.2	-1.8556328702753742
62.300000000000004	-1.806985459025225
62.400000000000006	-1.7482550174144171
62.5	-1.6799235430652246
62.6	-1.6025361333258694
62.7	-1.5166944230069388
62.800000000000004	-1.4230483752093663
62.900000000000006	-1.322287133308041
63.0	-1.2151297427547474
63.1	-1.102316530406366
63.2	-0.9846017917271679
63.300000000000004	-0.8627482053319327
63.400000000000006	-0.7375231067662441
63.5	-0.6096964541189402
63.6	-0.48004005311618664
63.7	-0.34932741890190294
63.800000000000004	-0.21833356390757688
63.900000000000006	-0.08783402805732826
64.0	0.041397396716104165
64.10000000000001	0.16859257343924866
64.2	0.29299461098095864
64.3	0.4138649095374816
64.4	0.5304911847702289
64.5	0.6421958206803005
64.60000000000001	0.7483438259534337
64.7	0.8483497022892245
64.8	0.9416826698067341
64.9	1.0278699119943875
65.0	1.1064977667558604
65.10000000000001	1.17721106008086
65.2	1.2397110135452034
65.3	1.2937523209589072
65.4	1.3391400590346445
65.5	1.3757270627504548
65.60000000000001	1.403412264965094
65.7	1.4221402934363774
65.8	1.4319023696094701
65.9	1.4327383014072117
66.0	1.4247391458438032
66.10000000000001	1.4080499697239628
66.2	1.3828720801497556
66.3	1.3494641389663014
66.4	1.3081417092730938
66.5	1.2592749863549437
66.60000000000001	1.203284707931599
66.7	1.140636482029224
66.8	1.0718339778420873
66.9	0.9974115644513694
67.0	0.9179270336629143
67.10000000000001	0.8339549997122497
67.2	0.7460814379822382
67.3	0.6548996282729911
67.4	0.5610075365341928
67.5	0.4650064383216194
67.60000000000001	0.36750039302848847
67.7	0.26909604963434797
67.8	0.17040222132048288
67.9	0.07202871357265524
68.0	-0.025415979936764598
68.10000000000001	-0.12132830818697954
68.2	-0.21511459225448387
68.3	-0.3061970059187005
68.4	-0.3940201777731339
68.5	-0.4780578679458536
68.60000000000001	-0.5578191378489651
68.7	-0.6328534840012981
68.8	-0.7027545382013223
68.9	-0.7671621254758588
69.0	-0.8257626889095459
69.10000000000001	-0.8782883031799187
69.2	-0.924514673977278
69.3	-0.9642586321216176
69.4	-0.997375662786449
69.5	-1.0237579579473701
69.60000000000001	-1.0433333530688151
69.7	-1.0560653276249896
69.8	-1.061954041984668
69.9	-1.0610381828205946
70.0	-1.0533972265581062
70.10000000000001	-1.0391536303941828
70.2	-1.018474438172921
70.3	-0.9915718468708319
70.4	-0.9587024091470897
70.5	-0.9201647279783195
70.60000000000001	-0.8762957027885989
70.7	-0.8274655813735615
70.8	-0.7740722285272482
70.9	-0.7165351169559783
71.0	-0.6552895648541696
71.10000000000001	-0.5907816852443801
71.2	-0.5234643846799711
71.3	-0.45379457340343554
71.4	-0.38223155298397443
71.5	-0.30923636118257053
71.60000000000001	-0.2352717059055742
71.7	-0.16080203304734017
71.8	-0.08629325967103295
71.9	-0.012211765754957235
72.0	0.06097763553451629
72.10000000000001	0.13281485750227123
72.2	0.20284874842280973
72.3	0.27064208971469517
72.4	0.3357769855149433
72.5	0.39786016650948414
72.60000000000001	0.4565277241172034
72.7	0.5114488571616649
72.8	0.5623283414810727
72.9	0.6089076034995288
73.0	0.6509644652382558
73.10000000000001	0.6883118019562641
73.2	0.7207954881222461
73.3	0.7482920825046107
73.4	0.770706707891085
73.5	0.7879715152909644
73.60000000000001	0.8000449972469911
73.7	0.8069122499991742
73.8	0.8085861055765601
73.9	0.8051088902591061
74.0	0.7965544407089165
74.10000000000001	0.783029942612988
74.2	0.7646771589258976
74.3	0.7416726851091061
74.4	0.7142269960017081
74.5	0.6825822132848235
74.60000000000001	0.6470086984826775
74.7	0.6078007369984375
74.8	0.5652716992700113
74.9	0.5197491275100693
75.0	0.4715701914928566
75.10000000000001	0.4210778857210941
75.2	0.3686182144668668
75.3	0.3145384503911465
75.4	0.25918638171560726
75.5	0.20291030861709977
75.60000000000001	0.1460594353022341
75.7	0.08898424742377307
75.8	0.032036473480987794
75.9	-0.024431698234867783
76.0	-0.08006935042648398
76.10000000000001	-0.13452956086488366
76.2	-0.18747299963166744
76.3	-0.23857213146594122
76.4	-0.28751564776106314
76.5	-0.3340127023634334
76.60000000000001	-0.3777965395025927
76.7	-0.4186271785152763
76.80000000000001	-0.45629294654006897
76.9	-0.490610807415761
77.0	-0.5214255983848091
77.10000000000001	-0.5486084308161954
77.2	-0.5720546149846452
77.30000000000001	-0.5916815163500346
77.4	-0.6074267349272006
77.5	-0.6192469231666013
77.60000000000001	-0.6271174335025644
77.7	-0.6310328339374092
77.80000000000001	-0.6310081725741179
77.9	-0.6270807343323899
78.0	-0.6193119364458655
78.10000000000001	-0.607788968557879
78.2	-0.5926258044306331
78.30000000000001	-0.5739632919827905
78.4	-0.5519681540875796
78.5	-0.5268308847701836
78.60000000000001	-0.4987626806176315
78.7	-0.467991681483934
78.80000000000001	-0.4347588873982735
78.9	-0.39931415590661556
79.0	-0.36191266045575
79.10000000000001	-0.32281210983675973
79.2	-0.2822709038693694
79.30000000000001	-0.24054725090877505
79.4	-0.19789912158565642
79.5	-0.15458478376263907
79.60000000000001	-0.11086357584856027
79.7	-0.06699654267878503
79.80000000000001	-0.023246584930352327
79.9	0.020122144958703115
80.0	0.06284574311887947
80.10000000000001	0.10466294645583622
80.2	0.14531826526730096
80.30000000000001	0.18456558051059116
80.4	0.2221718476332739
80.5	0.2579205211251427
80.60000000000001	0.2916143449092975
80.7	0.323077238433087
80.80000000000001	0.3521551336446479
80.9	0.37871576454464
81.0	0.40264755610305686
81.10000000000001	0.4238578807564781
81.2	0.4422710299306486
81.30000000000001	0.45782627313091995
81.4	0.4704763445737352
81.5	0.4801866124717419
81.60000000000001	0.48693506234938694
81.7	0.4907130825147833
81.80000000000001	0.4915268993319717
81.9	0.4893993939924681
82.0	0.4843719589627526
82.10000000000001	0.47650603245265005
82.2	0.46588398603882586
82.30000000000001	0.45260912816729093
82.4	0.43680471100309026
82.5	0.4186119706637406
82.60000000000001	0.3981873692500533
82.7	0.37569931998231904
82.80000000000001	0.351324746875096
82.9	0.32524584711090626
83.0	0.2976473852444796
83.10000000000001	0.26871475983342735
83.2	0.23863295890541036
83.30000000000001	0.20758638013735092
83.4	0.17575935648642804
83.5	0.1433371191035551
83.60000000000001	0.11050686337855274
83.7	0.07745857092063804
83.80000000000001	0.04438528196634112
83.9	0.011482602466759162
84.0	-0.021052646127384646
84.10000000000001	-0.05302458786157483
84.2	-0.08424108577865709
84.30000000000001	-0.11451688501958292
84.4	-0.14367676123574996
84.5	-0.17155832129150173
84.60000000000001	-0.19801414839406872
84.7	-0.2229130757656963
84.80000000000001	-0.24614049749120545
84.9	-0.2675977629814367
85.0	-0.2872008313485611
85.10000000000001	-0.30487846394585427
85.2	-0.3205702918072904
85.30000000000001	-0.33422510091244945
85.4	-0.34579963138235004
85.5	-0.3552580943473453
85.60000000000001	-0.36257248679215476
85.7	-0.36772364939841734
85.80000000000001	-0.37070288626596254
85.9	-0.3715138679148698
86.0	-0.37017448518320756
86.10000000000001	-0.3667183197767845
86.2	-0.3611954474907188
86.30000000000001	-0.35367238464816525
86.4	-0.34423111241406246
86.5	-0.3329672481339328
86.60000000000001	-0.31998755695881853
86.7	-0.3054070916414109
86.80000000000001	-0.2893462990197871
86.9	-0.27192843066523664
87.0	-0.2532775427747445
87.10000000000001	-0.23351727487597407
87.2	-0.21277047315351746
87.30000000000001	-0.1911595913873143
87.4	-0.1688076811501946
87.5	-0.14583969174398523
87.60000000000001	-0.12238375335348371
87.7	-0.09857212119607493
87.80000000000001	-0.07454151322769295
87.9	-0.05043267062354342
88.0	-0.026389093721962853
88.10000000000001	-0.002555037235769558
88.2	0.02092703301063366
88.30000000000001	0.04391923207251959
88.4	0.06629096382010313
88.5	0.08792122003357915
88.60000000000001	0.10870020360395755
88.7	0.12853010726483097
88.80000000000001	0.14732500325186082
88.9	0.16500992959470676
89.0	0.18151937529702103
89.10000000000001	0.19679545153046846
89.2	0.21078607616626557
89.30000000000001	0.2234434884283711
89.4	0.23472335095991417
89.5	0.24458459749029088
89.60000000000001	0.2529900610123183
89.7	0.25990778906703627
89.80000000000001	0.26531283926430804
89.9	0.2691892670809846
90.0	0.2715319817794139
90.10000000000001	0.27234816051705263
90.2	0.27165797311321965
90.30000000000001	0.2694944707999427
90.4	0.26590261598444787
90.5	0.2609375574612492
90.60000000000001	0.25466236696216477
90.7	0.24714553125197988
90.80000000000001	0.23845852713890792
90.9	0.22867378974250246
91.0	0.2178633198741821
91.10000000000001	0.20609807448932585
91.2	0.19344816067655374
91.30000000000001	0.17998372767626022
91.4	0.16577634243390155
91.5	0.150900558999632
91.60000000000001	0.13543536224124045
91.7	0.11946518636928241
91.80000000000001	0.10308027549447857
91.9	0.0863762564489705
92.0	0.06945291741281948
92.10000000000001	0.052412310389194715
92.2	0.03535640200251712
92.30000000000001	0.018384569008778235
92.4	0.001591261217883413
92.5	-0.014935868794113166
92.60000000000001	-0.031117139112474313
92.7	-0.04688118952837003
92.80000000000001	-0.06216450828890193
92.9	-0.07691025621583553
93.0	-0.09106661432506967
93.10000000000001	-0.1045849503508801
93.2	-0.11741812301940965
93.30000000000001	-0.12951921698883376
93.4	-0.14084093017257288
93.5	-0.15133572977318202
93.60000000000001	-0.1609567701316947
93.7	-0.16965944353116416
93.80000000000001	-0.17740333325623117
93.9	-0.18415427224242925
94.0	-0.18988619072671248
94.10000000000001	-0.1945824654830144
94.2	-0.19823655695006318
94.30000000000001	-0.20085182740676183
94.4	-0.20244055678830025
94.5	-0.20302229367880176
94.60000000000001	-0.20262177878158613
94.7	-0.20126674136308753
94.80000000000001	-0.19898588606217782
94.9	-0.19580735548861644
95.0	-0.19175787818915602
95.10000000000001	-0.18686270360125756
95.2	-0.18114630225731057
95.30000000000001	-0.174633689826386
95.4	-0.1673521360798764
95.5	-0.15933295959204655
95.60000000000001	-0.15061309522052224
95.7	-0.14123615624122215
95.80000000000001	-0.1312527910100279
95.9	-0.12072024309200702
96.0	-0.10970114704529335
96.10000000000001	-0.09826171039749125
96.2	-0.0864695275013008
96.30000000000001	-0.07439132819618467
96.4	-0.0620909746932337
96.5	-0.04962798223504646
96.60000000000001	-0.03705675872784406
96.7	-0.024426648134147723
96.80000000000001	-0.011782739023524783
96.9	0.0008327176210556562
97.0	0.01337853033111472
97.10000000000001	0.025812732308125474
97.2	0.03809100081920474
97.30000000000001	0.05016560124582515
97.4	0.06198504378465164
97.5	0.07349452933783622
97.60000000000001	0.08463713787170084
97.7	0.09535559653661962
97.80000000000001	0.10559437406524452
97.9	0.11530179643430066
98.0	0.12443187444964886
98.10000000000001	0.1329455774546249
98.2	0.14081137202747793
98.30000000000001	0.1480049572243248
98.4	0.15450825120902353
98.5	0.160307798922856
98.60000000000001	0.16539285902996398
98.7	0.16975347703006094
98.80000000000001	0.17337885263427674
98.9	0.17625626306543687
99.0	0.17837071704971547
99.10000000000001	0.17970540034587895
99.2	0.1802428503241367
99.30000000000001	0.17996668342689467
99.4	0.17886361289385122
99.5	0.1769254482796498
99.60000000000001	0.17415077012269312
99.7	0.1705460223549503
99.80000000000001	0.16612585406090893
99.9	0.16091265723219841
100.0	0.1549353704306498
