0.0	0.0
0.125	0.0
0.25	0.0
0.375	0.0
0.5	0.0
0.625	0.0
0.75	0.0
0.875	0.0
1.0	0.0
1.125	0.0
1.25	0.0
1.375	0.0
1.5	0.0
1.625	0.0
1.75	0.0
1.875	0.0
2.0	0.0
2.125	0.0
2.25	0.0
2.375	0.0
2.5	0.0
2.625	0.0
2.75	0.0
2.875	0.0
3.0	0.0
3.125	-0.0002902461741538494
3.25	-0.0003100605166567777
3.375	-0.00032866691919327404
3.5	-0.00034856276553470015
3.625	-0.0003671727103177235
3.75	-0.00038716813314554533
3.875	-0.0004057951241465595
4.0	-0.0004258979315818287
4.125	-0.00044454280353361256
4.25	-0.0004647463357099462
4.375	-0.0004833943497301891
4.5	-0.0005036760671017961
4.625	-0.0005222971092497027
4.75	-0.0005426204359608953
4.875	-0.0005611724537897848
5.0	-0.0005814916715191734
5.125	-0.0005999268109466724
5.25	-0.0006201941566917185
5.375	-0.0006384664843892408
5.5	-0.0006586401244014003
5.625	-0.0006767134621528844
5.75	-0.0006967647980497965
5.875	-0.0007146191344918973
6.0	-0.0007345379966122
6.125	-0.0007521731971610879
6.25	-0.0007719698798142351
6.375	-0.0007894059398877632
6.5	-0.0008091096557894026
6.625	-0.0008263834313761314
6.75	-0.0008460374820401294
6.875	-0.0008631965440613182
7.0	-0.0008828511706537588
7.125	-0.0008999460167302821
7.25	-0.0009196503707557805
7.375	-0.0009367265648382487
7.5	-0.0009565214174787049
7.625	-0.0009736132385985554
7.75	-0.000993525887999812
7.875	-0.0010106527466522456
8.0	-0.0010306951119395489
8.125	-0.0010478613980577703
8.25	-0.0010680316010828678
8.375	-0.0010852298826376993
8.5	-0.0011055168558884044
8.625	-0.0011227336077989328
8.75	-0.001143123590937216
8.875	-0.001160346058983621
9.0	-0.0011808294050363354
9.125	-0.0011980519271117273
9.25	-0.001218628533858015
9.375	-0.0012358567210288575
9.5	-0.0012565386671947094
9.625	-0.0012737902835855302
9.75	-0.001294600838304896
9.875	-0.0013119029309513737
10.0	-0.0013328719034882447
10.125	-0.0013502545766509247
10.25	-0.0013714108173743954
10.375	-0.0013888988449056866
10.5	-0.0014102614183405904
10.625	-0.0014278654679083331
10.75	-0.0014494354354810275
10.875	-0.0014671449062947292
11.0	-0.0014888996783164596
11.125	-0.0015066789634106943
11.25	-0.0015285707825876348
11.375	-0.0015463601793861954
11.5	-0.001568319546321557
11.625	-0.0015860411584248863
11.75	-0.001607985043644103
11.875	-0.0016255530138483683
12.0	-0.0016473967120717097
12.125	-0.0016647302040958027
12.25	-0.0016864008791808173
12.375	-0.0017034375772951604
12.5	-0.0017248870943793186
12.625	-0.0017415947620342059
12.75	-0.0017628094145749492
12.875	-0.0017791933077801743
13.0	-0.0018001985375285805
13.125	-0.0018163031735906811
13.25	-0.0018371622681808406
13.375	-0.0018530670770237985
13.5	-0.0018738739464110189
13.625	-0.0018896834821109066
13.75	-0.0019105507409075701
13.875	-0.0019263811744939172
14.0	-0.0019474256636854447
14.125	-0.00196338999906839
14.25	-0.001984718376074688
14.375	-0.002000913072907351
14.5	-0.002022610071822056
14.625	-0.00203910546086072
14.75	-0.002061226867720261
14.875	-0.002078062954791448
15.0	-0.0021006343594058754
15.125	-0.0021178224861754785
15.25	-0.0021408436574712744
15.375	-0.0021583732495874183
15.5	-0.0021818267862078406
15.625	-0.002199675330772387
15.75	-0.002223537316677835
15.875	-0.0022416810077276225
16.0	-0.002265930959033113
16.125	-0.0022843532940506495
16.25	-0.002308980829152455
16.375	-0.002327676884393651
16.5	-0.0023526832740629793
16.625	-0.0023716583572795744
16.75	-0.0023970522810983458
16.875	-0.0024163149688507467
17.0	-0.002442103183396548
17.125	-0.002461654126653018
17.25	-0.0024878290497588437
17.375	-0.0025076480797146805
17.5	-0.00253417522645014
17.625	-0.0025542099506178097
17.75	-0.002581018497854454
17.875	-0.0026011775731471093
18.0	-0.002628156971909623
18.125	-0.002648310537662016
18.25	-0.002675315069285425
18.375	-0.002695303524979816
18.5	-0.0027221651837422115
18.625	-0.002741815840606228
18.75	-0.0027683642099884495
18.875	-0.0027875136572112222
19.0	-0.00281359987371881
19.125	-0.0028321185270910937
19.25	-0.0028576393292233846
19.375	-0.0028754538738358856
19.5	-0.0029003713661576364
19.625	-0.0029174808551866312
19.75	-0.0029418340941398595
19.875	-0.002958316355794066
20.0	-0.0029822221329730897
20.125	-0.0029982287308943593
20.25	-0.0030218707745148597
20.375	-0.0030376107770744864
20.5	-0.003061218670445114
20.625	-0.0030769335279444486
20.75	-0.0031007545500800564
20.875	-0.0031166880500597053
21.0	-0.0031409564920418143
21.125	-0.003157324715751644
21.25	-0.0031822337297616955
21.375	-0.003199199955085443
21.5	-0.00322488052630825
21.625	-0.003242539083616724
21.75	-0.0032690493464506937
21.875	-0.0032874207002012317
22.0	-0.0033147468058910474
22.125	-0.003333783940068919
22.25	-0.0033618514194902736
22.375	-0.0033814553899463185
22.5	-0.003410147904802206
22.625	-0.003430188644938651
22.75	-0.0034593696146604383
22.875	-0.0034797071248514944
23.0	-0.0035092392670499715
23.125	-0.0035297404059799658
23.25	-0.003559498855915313
23.375	-0.0035800460934339333
23.5	-0.003609922369682542
23.625	-0.0036304128433383566
23.75	-0.0036603091881275166
23.875	-0.0036806448267738523
24.0	-0.0037104609010252683
24.125	-0.0037305327260007295
24.25	-0.0037601487491650248
24.375	-0.0037798202138418363
24.5	-0.003809081922512006
24.625	-0.0038281768837813827
24.75	-0.003856887807607732
24.875	-0.0038751882129961514
25.0	-0.0039031136287100117
25.125	-0.003920370277763436
25.25	-0.003947254962802114
25.375	-0.003963212050185414
25.5	-0.003988811021597859
25.625	-0.004003242095023305
25.75	-0.004027360464473565
25.875	-0.0040401105570504695
26.0	-0.004062646097892167
26.125	-0.004073672743083233
26.25	-0.0040946533214815195
26.375	-0.004104058418445898
26.5	-0.004123666466962315
26.625	-0.004131711783201349
26.75	-0.004150289592773795
26.875	-0.004157391012503576
27.0	-0.004175423571739307
27.125	-0.004182122655643988
27.25	-0.004200198571459477
27.375	-0.00420711396845177
27.5	-0.004225868955674876
27.625	-0.004233633944503259
27.75	-0.004253684704175996
27.875	-0.004262879896822184
28.0	-0.004284758230934017
28.125	-0.004295849656714499
28.25	-0.00431994693823983
28.375	-0.004333239052548516
28.5	-0.004359769564805675
28.625	-0.004375380255164645
28.75	-0.0044043686855761875
28.875	-0.0044222295098738295
29.0	-0.0044535236186668695
29.125	-0.004473404026212369
29.25	-0.004506709028529959
29.375	-0.00452825905997249
29.5	-0.004563186449681886
29.625	-0.0045859892439237444
29.75	-0.004622110429968286
29.875	-0.004645734447441461
30.0	-0.004682629174864204
30.125	-0.004706670697842417
30.25	-0.0047439619019414014
30.375	-0.004768070994301982
30.5	-0.0048054411729091485
30.625	-0.004829328356563557
30.75	-0.0048665170445185355
30.875	-0.004889942632592419
31.0	-0.004926729173841221
31.125	-0.004949481483548433
31.25	-0.004985661005639439
31.375	-0.005007532589795751
31.5	-0.0050428950263303
31.625	-0.0050636668945940625
31.75	-0.005097988547479638
31.875	-0.005117430793882957
32.0	-0.005150485222205984
32.125	-0.005168378734245742
32.25	-0.005199969152833108
32.375	-0.005216147837603728
32.5	-0.005246157600879676
32.625	-0.005260564885873086
32.75	-0.005289017196135487
32.875	-0.005301765677202697
33.0	-0.0053288796144802895
33.125	-0.005340299782762344
33.25	-0.00536652812348457
33.375	-0.00537719193213243
33.5	-0.005403227589380605
33.625	-0.005413935523616034
33.75	-0.00544067780231083
33.875	-0.005452403777068161
34.0	-0.005480882368340218
34.125	-0.005494678285752635
34.25	-0.0055259408660562085
34.375	-0.005542810661849021
34.5	-0.005577787621214834
34.625	-0.005598547559542516
34.75	-0.005637913218365485
34.875	-0.005663059609954502
35.0	-0.005707112015351626
35.125	-0.005736718393164962
35.25	-0.00578529867151172
35.375	-0.005818961362817073
35.5	-0.005871428619189477
35.625	-0.005908272962374162
35.75	-0.005963542596752973
35.875	-0.006002292851312936
36.0	-0.0060589362948724945
36.125	-0.006098042213866786
36.25	-0.006154436270591111
36.375	-0.006192240217676364
36.5	-0.006246746282291995
36.625	-0.006281668425033527
36.75	-0.006332817380441752
36.875	-0.006363534135382338
37.0	-0.006410192613373849
37.125	-0.006435785648268026
37.25	-0.006477283613870397
37.375	-0.0064973429208247
37.5	-0.006533550361898992
37.625	-0.006548223941015597
37.75	-0.006579574197256846
37.875	-0.0065895668460504795
38.0	-0.006617033727609683
38.125	-0.0066235661741857275
38.25	-0.006648609394151848
38.375	-0.006653354588342949
38.5	-0.00667785147338654
38.625	-0.006682865927358703
38.75	-0.00670904598644434
38.875	-0.006716710248211331
39.0	-0.006747103124739149
39.125	-0.006760077478222375
39.25	-0.006797475319104589
39.375	-0.006818666346676635
39.5	-0.006866090811785935
39.625	-0.006898613952727018
39.75	-0.006959268565875127
39.875	-0.007006383912026401
40.0	-0.007083566783264329
40.125	-0.007148562398829212
40.25	-0.007245514482078331
40.375	-0.007331514979307224
40.5	-0.007451185837967889
40.625	-0.007560873986602235
40.75	-0.0077056000167350525
40.875	-0.007840854593664829
41.0	-0.008011961899545778
41.125	-0.008173433282528397
41.25	-0.008370795889192508
41.375	-0.008557458665400194
41.5	-0.008779058870653706
41.625	-0.00898779430993338
41.75	-0.00922934221245843
41.875	-0.00945460966616245
42.0	-0.00970928058416832
42.125	-0.009942933706307023
42.25	-0.010201274111201057
42.375	-0.010432564937090553
42.5	-0.010682600287944063
42.625	-0.010898393213951233
42.75	-0.011125947165388464
42.875	-0.011311139042938729
43.0	-0.011500346884850647
43.125	-0.01163846325430601
43.25	-0.011772437910076204
43.375	-0.01184635371096735
43.5	-0.01190794485764192
43.625	-0.011900665036109441
43.75	-0.011873244550233525
43.875	-0.011768678632652785
44.0	-0.011636890385990155
44.125	-0.01142056594026286
44.25	-0.011170994406413136
44.375	-0.010830675591564596
44.5	-0.010452412838490096
44.625	-0.009978617962389823
44.75	-0.00946373753498265
44.875	-0.008850178184467716
45.0	-0.008194151220902827
45.125	-0.007438139095546749
45.25	-0.0066402469772027725
45.375	-0.005743127766423186
45.5	-0.004806932192039548
45.625	-0.003774605257982974
45.75	-0.002708528692191885
45.875	-0.00155209619634339
46.0	-0.0003701438885430182
46.125	0.0008932944760300411
46.25	0.0021706716839541913
46.375	0.0035170971972836584
46.5	0.004862036434364928
46.625	0.006259517942765844
46.75	0.007635745304524869
46.875	0.009043458913242782
47.0	0.010405353936848192
47.125	0.01177271948751867
47.25	0.013064550746785347
47.375	0.014330592936339471
47.5	0.015486029273890043
47.625	0.016579061461888707
47.75	0.017521047952578004
47.875	0.018358757164205153
48.0	0.018999823099141267
48.125	0.019489812773135384
48.25	0.019732859098786106
48.375	0.01977369064715486
48.5	0.019513295323570976
48.625	0.018996068975533888
48.75	0.01812035794585287
48.875	0.016930893297793147
49.0	0.015324055670644897
49.125	0.013345773727333683
49.25	0.0108913502855833
49.375	0.008009016315677037
49.5	0.004594152110832234
49.625	0.0006987007434203888
49.75	-0.003780389183644936
49.875	-0.008785675505047373
50.0	-0.014416742223764533
50.125	-0.020608413177273847
50.25	-0.027454433568227316
50.375	-0.034879156587093875
50.5	-0.04296760689658456
50.625	-0.05163041058243487
50.75	-0.06094048755265033
50.875	-0.07079099832693529
51.0	-0.08123894479880525
51.125	-0.0921559136953574
51.25	-0.10357890229157773
51.375	-0.115353646289152
51.5	-0.12749302715870536
51.625	-0.13981277946611548
51.75	-0.1522978773038948
51.875	-0.16473042004054486
52.0	-0.17706443422616927
52.125	-0.1890457344415572
52.25	-0.20059561151640776
52.375	-0.21142245374834068
52.5	-0.2214148198707269
52.625	-0.2302445828458986
52.75	-0.23776990485231422
52.875	-0.2436296291066595
53.0	-0.24765668296602952
53.125	-0.24946339146417515
53.25	-0.24886583301109494
53.375	-0.24545968098871218
53.5	-0.23905602493423048
53.625	-0.2292472639108076
53.75	-0.2158548858641466
53.875	-0.1984848396825608
54.0	-0.17698773893589193
54.125	-0.15100303050691766
54.25	-0.12043205940416
54.375	-0.08497023331310789
54.5	-0.04459335677812709
54.625	0.0009231335446288037
54.75	0.05150417928750347
54.875	0.10726984611894903
55.0	0.1680213029600019
55.125	0.23375072422817728
55.25	0.3041128539794589
55.375	0.37895135639134986
55.5	0.4577555475796785
55.625	0.540204590009854
55.75	0.6256089092664158
55.875	0.7134737155201923
56.0	0.802924518426644
56.125	0.8932915265609185
56.25	0.9835185251511666
56.375	1.0727697509602736
56.5	1.1598212001450574
56.625	1.2436916019075703
56.75	1.323014974259166
56.875	1.3966973278139474
57.0	1.4632689840093425
57.125	1.5215686362919028
57.25	1.5700735882560524
57.375	1.607612791674711
57.5	1.6326727521984103
57.625	1.6441411637643426
57.75	1.6405857691149164
57.875	1.6210302329945991
58.0	1.584202736771004
58.125	1.5293457973134514
58.25	1.4554308230274218
58.375	1.36200371494859
58.5	1.248361019551915
58.625	1.1144333727633937
58.75	0.9599182569656063
58.875	0.7852037037463115
59.0	0.5904520014447536
59.125	0.37656660310628143
59.25	0.14422043611622506
59.375	-0.10513027841901489
59.5	-0.3702801990739736
59.625	-0.6492093751769138
59.75	-0.9401877892665629
59.875	-1.2406520233692655
60.0	-1.5483889679517835
60.125	-1.8603466009797347
60.25	-2.1739067665617164
60.375	-2.485619605665522
60.5	-2.7925767474568755
60.625	-3.091055830349187
60.75	-3.3780074440566836
60.875	-3.649592214762826
61.0	-3.9027977263916345
61.125	-4.133845529791854
61.25	-4.339958578171515
61.375	-4.517608782009483
61.5	-4.664462026127089
61.625	-4.777427693621887
61.75	-4.85481840354588
61.875	-4.894149739048278
62.0	-4.894567716979311
62.125	-4.854326856210568
62.25	-4.773564280453552
62.375	-4.6513513335228724
62.5	-4.488937775810082
62.625	-4.286213328586628
62.75	-4.04562863628246
62.875	-3.767785682520827
63.0	-3.456418134445941
63.125	-3.11255417736399
63.25	-2.7413935535501217
63.375	-2.3436328713590653
63.5	-1.9268224251056147
63.625	-1.4865554814876396
63.75	-1.0310494863090967
63.875	-0.5762565349531539
64.0	-0.11747326209308026
64.125	0.33715056501034646
64.25	0.7859645031383458
64.375	1.2225441548902867
64.5	1.6443953132419853
64.625	2.0461074641331884
64.75	2.4252175666917735
64.875	2.7772609671165434
65.0	3.100211387086445
65.125	3.390593290759331
65.25	3.647052746681217
65.375	3.867146826110788
65.5	4.05032395969126
65.625	4.195181506057401
65.75	4.302016931229015
65.875	4.370428088370577
66.0	4.401538127428829
66.125	4.395858021417637
66.25	4.355255727411557
66.375	4.281026942242989
66.5	4.175659540453691
66.625	4.04107500876731
66.75	3.8802265944412997
66.875	3.6954845009024373
67.0	3.4900975122769147
67.125	3.266702041593226
67.25	3.028670683295674
67.375	2.778729869828223
67.5	2.5202139849289
67.625	2.255779500093935
67.75	1.9885794773145953
67.875	1.7210641471714314
68.0	1.456087566300835
68.125	1.1957860197621153
68.25	0.9426261134028998
68.375	0.698353379757503
68.5	0.46498907489192515
68.625	0.24384210636117812
68.75	0.036460193926031156
68.875	-0.15630116967968474
69.0	-0.33336880429527516
69.125	-0.49433162348743215
69.25	-0.6385685577110544
69.375	-0.7660823747952066
69.5	-0.8766627724495712
69.625	-0.9706790742231487
69.75	-1.0482763656187768
69.875	-1.1101314475398092
70.0	-1.1566802732080215
70.125	-1.1888410924138333
70.25	-1.2072717031148672
70.375	-1.2130632787267266
70.5	-1.2070261073472601
70.625	-1.1903571650362932
70.75	-1.1639531014870672
70.875	-1.1290542098364897
71.0	-1.0865834511198502
71.125	-1.0377690810737863
71.25	-0.9835085046572332
71.375	-0.9249714579713664
71.5	-0.862987463643329
71.625	-0.7986311364079096
71.75	-0.7326319828749638
71.875	-0.6659431067229438
72.0	-0.5991720724780438
72.125	-0.5331340337132121
72.25	-0.46830236761651756
72.375	-0.405347038648095
72.5	-0.3446037140182118
72.625	-0.2865980058707325
72.75	-0.23153180008304977
72.875	-0.17979389054201858
73.0	-0.13146229552530006
73.125	-0.08680170490207981
73.25	-0.04578061858077474
73.375	-0.00855596725804384
73.5	0.02499601650921032
73.625	0.05480767607826313
73.75	0.08107632798530996
73.875	0.10380432090950005
74.0	0.12324360528992832
74.125	0.13944765013084978
74.25	0.15270498768717286
74.375	0.16310264745310363
74.5	0.17094937699661772
74.625	0.1763502288146377
74.75	0.1796200601544718
74.875	0.18086888284377303
75.0	0.18040615338064828
75.125	0.17833647216863066
75.25	0.17495509302082812
75.375	0.17035353954303795
75.5	0.16480669254679192
75.625	0.1583878799173105
75.75	0.15134784256986542
75.875	0.1437388514291374
76.0	0.1357858079694679
76.125	0.12751894842475647
76.25	0.11913730325327748
76.375	0.11064956400791418
76.5	0.10223010608245041
76.625	0.09386761661256737
76.75	0.08571387472779296
76.875	0.07773976759559541
77.0	0.07007701976076584
77.125	0.06268125674679981
77.25	0.055666877304329704
77.375	0.048976857462826866
77.5	0.04271096405192013
77.625	0.03680202450694501
77.75	0.03133768458553888
77.875	0.02624289871486825
78.0	0.021595437626282032
78.125	0.017314379304073268
78.25	0.013469572179367076
78.375	0.00997592717954483
78.5	0.006897038726947845
78.625	0.004145094033370207
78.75	0.0017788476418921161
78.875	-0.00029102444105425635
79.0	-0.002009409846663604
79.125	-0.0034661250480322097
79.25	-0.0046086836419503745
79.375	-0.005526538887012803
79.5	-0.006168969417802304
79.625	-0.006624351874428364
79.75	-0.006843008431741174
79.875	-0.006911657067629675
80.0	-0.006781074166477838
80.125	-0.0065358642154639485
80.25	-0.0061267980436896475
80.375	-0.005636037222720845
80.5	-0.005014014266956832
80.625	-0.004340239877326955
80.75	-0.0035645959829635676
80.875	-0.002763846582163209
81.0	-0.0018872183584818288
81.125	-0.0010087287368212127
81.25	-7.693251369615487e-5
81.375	0.0008368256603621733
81.5	0.0017846161616595386
81.625	0.002697645598207339
81.75	0.0036285260649135875
81.875	0.004510872243163688
82.0	0.005397742530247648
82.125	0.006225017181543422
82.25	0.007046112897429045
82.375	0.00779904921970863
82.5	0.008537532009900569
82.625	0.009201616907264891
82.75	0.009845251161649457
82.875	0.01041044453835363
83.0	0.010951353584250156
83.125	0.011411872323029069
83.25	0.011846338551573844
83.375	0.012200459277402773
83.5	0.012528715225510674
83.625	0.01277853932300542
83.75	0.013004493225040692
83.875	0.013155621161747115
84.0	0.013286470774683649
84.125	0.01334754906591646
84.25	0.013393258855900623
84.375	0.013375388075134607
84.5	0.013348032333023238
84.625	0.013264053006123409
84.75	0.013177055382698751
84.875	0.013040754614709799
85.0	0.012908077394081346
85.125	0.012733377642895897
85.25	0.012568727534205385
85.375	0.012368926733102319
85.5	0.012185045795873062
85.625	0.011972173927242754
85.75	0.011780274514236043
85.875	0.011564616938160516
86.0	0.01137400046390449
86.125	0.011163815922149625
86.25	0.010981690670738297
86.375	0.010783126245503727
86.5	0.01061461391798999
86.625	0.010431794966579304
86.75	0.010280093692332517
86.875	0.010115347966103467
87.0	0.00998200455008035
87.125	0.009836169101123933
87.25	0.00972140728334544
87.375	0.009594165408283393
87.5	0.009497220009897892
87.625	0.009387422637667096
87.75	0.009306840116359958
87.875	0.009212779477120877
88.0	0.009146660818203303
88.125	0.0090662807433276
88.25	0.009012459360289595
88.375	0.008943502704529998
88.5	0.008899664791167997
88.625	0.00883977120616812
88.75	0.008803536170123583
88.875	0.008750310734158065
89.0	0.008719293513290295
89.125	0.008670367769053416
89.25	0.008642242899829794
89.375	0.008595345237765086
89.5	0.008567925675027932
89.625	0.008520969403128903
89.75	0.00849230336678945
89.875	0.008443490593048913
90.0	0.008411969649720855
90.125	0.008359899789142734
90.25	0.008324363359150717
90.375	0.008268128810732463
90.5	0.008227946119531478
90.625	0.008167195801298916
90.75	0.008122306837137909
90.875	0.008057261162708076
91.0	0.008008163275675344
91.125	0.007939571117560556
91.25	0.007887246358946342
91.375	0.007816284049368011
91.5	0.007762072389299981
91.625	0.007690194852655561
91.75	0.007635627939491535
91.875	0.007564390570157779
92.0	0.007511007779120069
92.125	0.007441882976271372
92.25	0.007391054751419481
92.375	0.007325268088641907
92.5	0.007278050420627187
92.625	0.007216458112706421
92.75	0.007173496704495447
92.875	0.0071165190415393206
93.0	0.007078013371507155
93.125	0.007025629507587711
93.25	0.006991357223944569
93.375	0.0069431569019023824
93.5	0.006912549600421722
93.625	0.006867828858703044
93.75	0.0068400829780619265
93.875	0.006797965089858647
94.0	0.0067721676081690125
94.125	0.006731728330412559
94.25	0.006706976690765903
94.375	0.006667354507331626
94.5	0.006642853527402152
94.625	0.0066033303974042815
94.75	0.006578454957418541
94.875	0.006538499996129331
95.0	0.006512819726470878
95.125	0.006472095804040815
95.25	0.006445365309880991
95.375	0.006403705280439713
95.5	0.006375829273639611
95.625	0.0063331932357436884
95.75	0.006304179304548588
95.875	0.006260606215677593
96.0	0.006230518412213955
96.125	0.006186084399446248
96.25	0.006155008527935509
96.375	0.006109800800245182
96.5	0.006077827941836782
96.625	0.0060319382203952235
96.75	0.005999167691871636
96.875	0.005952703687578875
97.0	0.005919261489299441
97.125	0.005872370331543839
97.25	0.00583843526754218
97.375	0.005791329858231132
97.5	0.005757157658110545
97.625	0.005710136221844774
97.75	0.00567607245207469
97.875	0.005629523121741733
98.0	0.005595998244278743
98.125	0.005550383934471495
98.25	0.005517887926453234
98.375	0.005473711216065861
98.5	0.005442749799621492
98.625	0.005400502095322084
98.75	0.005371540849924773
98.875	0.0053316437783199775
99.0	0.00530504934836206
99.125	0.005267798381780888
99.25	0.0052437870671908846
99.375	0.005209307433892106
99.5	0.005187910474346384
99.625	0.005156133462422431
99.75	0.005137185526531294
99.875	0.005107849781948344
100.0	0.005091003136164584
100.125	0.005063681196570761
100.25	0.005048443565635285
100.375	0.005022589523894208
100.5	0.005008379632384402
100.625	0.004983390317410814
100.75	0.004969602272370789
100.875	0.004944882306461777
101.0	0.00493094883678789
101.125	0.004905969705931782
101.25	0.004891414964293531
101.375	0.004865759787466542
101.5	0.0048502347350974015
101.625	0.004823623368598986
101.75	0.004806920191121491
101.875	0.004779213032006858
102.0	0.004761258875004452
102.125	0.004732441492636568
102.25	0.004713275315366388
102.375	0.004683429132360351
102.5	0.00466316801593209
102.625	0.004632434137663741
102.75	0.004611236532164296
102.875	0.004579780211142029
103.0	0.004557813239643546
103.125	0.004525795385943601
103.25	0.0045032116192683545
103.375	0.004470771543799187
103.5	0.0044476980469076825
103.625	0.004414948770614006
103.75	0.00439148828249944
103.875	0.004358522875216828
104.0	0.004334764331785981
104.125	0.004301669440873326
104.25	0.004277703204968165
104.375	0.0042445746297581615
104.5	0.0042205070825152464
104.625	0.004187462154847374
104.75	0.004163424808479924
104.875	0.004130607403848719
105.0	0.004106757246919897
105.125	0.004074333192890539
105.25	0.0040508431987944125
105.375	0.004018986218884357
105.5	0.003996027340687792
105.625	0.003964897956032699
105.75	0.0039426159858033894
105.875	0.003912337516168813
106.0	0.0038908294835840857
106.125	0.0038614661003295164
106.25	0.0038407611739365603
106.375	0.0038123027146464757
106.5	0.0037923518138192626
106.625	0.003764708845865242
106.75	0.0037453855503989707
106.875	0.0037183962387315043
107.0	0.0036995094429524964
107.125	0.003672957541218623
107.25	0.003654274081696582
107.375	0.003627915278182857
107.5	0.003609188910782396
107.625	0.0035827812318883754
107.75	0.0035637832013690903
107.875	0.00353711649001779
108.0	0.003517662725371762
108.125	0.003490582480045662
108.25	0.0034705531742704613
108.375	0.0034429751739206206
108.5	0.003422323997149673
108.625	0.003394237898430194
108.75	0.003372990034020679
108.875	0.0033444521485714034
109.0	0.0033226923429418307
109.125	0.0032938096860535213
109.25	0.0032716631792452365
109.375	0.0032425722728563725
109.5	0.003220182522744166
109.625	0.003191027093090847
109.75	0.0031685344529333013
109.875	0.0031394459986720425
110.0	0.003116970951222028
110.125	0.0030880552482489246
110.25	0.0030656885932225184
110.375	0.003037019768388958
110.5	0.003014820577197286
110.625	0.002986442736281121
110.75	0.002964443263102167
110.875	0.002936378137881662
111.0	0.0029145935349374932
111.125	0.0028868515161238517
111.25	0.002865291395797365
111.375	0.002837882839848799
111.5	0.0028165615897360868
111.625	0.0027895054906857415
111.75	0.0027684487706084674
111.875	0.0027417766947909353
112.0	0.002721022585135865
112.125	0.0026947769796041594
112.25	0.0026743715675590822
112.375	0.002648598901609927
112.5	0.00262858739875732
112.625	0.002603327794643568
112.75	0.0025837433042329243
112.875	0.0025590191140652863
113.0	0.0025398717044055282
113.125	0.0025156777416841776
113.25	0.002496946437857355
113.375	0.002473244238547944
113.5	0.00245487394391039
113.625	0.002431591599672243
113.75	0.00241349594117361
113.875	0.002390533900538081
114.0	0.002372603777850789
114.125	0.0023498457939211017
114.25	0.002331962254910093
114.375	0.0023092896200250152
114.5	0.0022913388188889046
114.625	0.0022686453746974503
114.75	0.002250532961944546
114.875	0.0022277382292688382
115.0	0.002209400646025079
115.125	0.0021864587995096803
115.25	0.002167869563779902
115.375	0.002144772791949893
115.5	0.0021259428364504445
115.625	0.0021027187045870254
115.75	0.0020836909516120817
115.875	0.00206039450258887
116.0	0.002041233914865702
116.125	0.0020179361801090975
116.25	0.001998717302188667
116.375	0.001975492473633431
116.5	0.0019562868347306225
116.625	0.0019332004684663212
116.75	0.001914066099951158
116.875	0.0018911663784368677
117.0	0.001872141150902566
117.125	0.0018494545097632632
117.25	0.0018305541421933832
117.375	0.0018080856298971796
117.5	0.001789306249667343
117.625	0.0017670440296277613
117.75	0.001748368267441522
117.875	0.001726290885529556
118.0	0.0017076958491383594
118.125	0.0
118.25	0.0
118.375	0.0
118.5	0.0
118.625	0.0
118.75	0.0
118.875	0.0
119.0	0.0
119.125	0.0
119.25	0.0
119.375	0.0
119.5	0.0
119.625	0.0
119.75	0.0
119.875	0.0
120.0	0.0
120.125	0.0
120.25	0.0
120.375	0.0
120.5	0.0
120.625	0.0
120.75	0.0
120.875	0.0
121.0	0.0
121.125	0.0
121.25	0.0
121.375	0.0
121.5	0.0
121.625	0.0
121.75	0.0
121.875	0.0
122.0	0.0
122.125	0.0
122.25	0.0
122.375	0.0
