0.0	0.0
0.125	0.0
0.25	0.0
0.375	0.0
0.5	0.0
0.625	0.0
0.75	0.0
0.875	0.0
1.0	0.0
1.125	0.0
1.25	0.0
1.375	0.0
1.5	0.0
1.625	0.0
1.75	0.0
1.875	0.0
2.0	0.0
2.125	0.0
2.25	0.0
2.375	0.0
2.5	0.0
2.625	0.0
2.75	0.0
2.875	0.0
3.0	0.0
3.125	0.026711291496230555
3.25	0.031631232774859824
3.375	0.03704433675215823
3.5	0.04294345186337928
3.625	0.04930935664830702
3.75	0.056108852501403024
3.875	0.06329283515607338
4.0	0.07079438881697574
4.125	0.07852695354635211
4.25	0.0863826228592588
4.375	0.09423063424580622
4.5	0.10191612025534415
4.625	0.1092591915747969
4.75	0.11605442593290884
4.875	0.12207083738931186
5.0	0.12705239936048826
5.125	0.1307191913558044
5.25	0.1327692336424856
5.375	0.13288106577129646
5.5	0.13071711397467145
5.625	0.1259278788641244
5.75	0.11815695864960842
5.875	0.10704690441202343
6.0	0.09224588300541807
6.125	0.0734151002684029
6.25	0.050236912802885274
6.375	0.022423531145836215
6.5	-0.010273808680303264
6.625	-0.04805535381744701
6.75	-0.09106319653902417
6.875	-0.1393716853622368
7.0	-0.19297810118548445
7.125	-0.25179383088697016
7.25	-0.3156362830623148
7.375	-0.38422179773570214
7.5	-0.4571598032571485
7.625	-0.5339484686103229
7.75	-0.6139720875476182
7.875	-0.6965004120507882
8.0	-0.7806901264792975
8.125	-0.8655886205128118
8.25	-0.9501401789348694
8.375	-1.0331946599853226
8.5	-1.1135186822006928
8.625	-1.1898092833566938
8.75	-1.2607099555263919
8.875	-1.3248288987558758
9.0	-1.380759273977586
9.125	-1.427101175187715
9.25	-1.4624849833407294
9.375	-1.485595711617752
9.5	-1.4951979054345028
9.625	-1.4901606224122745
9.75	-1.4694819890448296
9.875	-1.4323128132614351
10.0	-1.3779787265705936
10.125	-1.3060003367344546
10.25	-1.2161108924004078
10.375	-1.1082709948713338
10.5	-0.9826799389106351
10.625	-0.8397833234441
10.75	-0.6802766431393009
10.875	-0.5051046516489108
11.0	-0.31545637498910134
11.125	-0.11275574698421374
11.25	0.1013520644002275
11.375	0.3250184732180909
11.5	0.5562131715046188
11.625	0.7927493506529217
11.75	1.03231200910045
11.875	1.27248883194358
12.0	1.5108030645041066
12.125	1.7447477519063448
12.25	1.9718206819755233
12.375	2.1895593504003203
12.5	2.3955752658170626
12.625	2.5875869284723167
12.75	2.763450849099693
12.875	2.921190023790162
13.0	3.0590193446359084
13.125	3.1753675030266355
13.25	3.2688950305067372
13.375	3.3385082185572483
13.5	3.3833687607770577
13.625	3.402899065757378
13.75	3.396783293439195
13.875	3.3649642688939774
14.0	3.307636522359807
14.125	3.2252357902844895
14.25	3.1184253866476093
14.375	2.988079914893409
14.5	2.835266836774222
14.625	2.661226444128971
14.75	2.4673507924706675
14.875	2.2551621511305147
15.0	2.0262915040419736
15.125	1.782457598998268
15.25	1.525446992821163
15.375	1.2570954772074603
15.5	0.9792711973131869
15.625	0.6938596949311782
15.75	0.4027510231582047
15.875	0.10782899259783983
16.0	-0.18903747670660617
16.125	-0.4860010054471324
16.25	-0.7812405907244481
16.375	-1.0729648772596831
16.5	-1.3594141698315572
16.625	-1.63886153554619
16.75	-1.9096133734522045
16.875	-2.17000984308053
17.0	-2.4184255423821015
17.125	-2.6532708094170823
17.25	-2.87299399165364
17.375	-3.076084982960475
17.5	-3.2610802728326913
17.625	-3.426569686950282
17.75	-3.571204925003789
17.875	-3.6937099232339685
18.0	-3.792892987875693
18.125	-3.8676605642939754
18.25	-3.9170324276690858
18.375	-3.9401580071540128
18.5	-3.9363334888561106
18.625	-3.905019285917098
18.75	-3.845857418222069
18.875	-3.7586883113559977
19.0	-3.6435665054607633
19.125	-3.5007747603322246
19.25	-3.3308360537166135
19.375	-3.1345229951714306
19.5	-2.9128642174840254
19.625	-2.6671473605311142
19.75	-2.3989183272880914
19.875	-2.1099765668124952
20.0	-1.802366222507407
20.125	-1.4783630736821711
20.25	-1.140457292072021
20.375	-0.7913321301682262
20.5	-0.43383875253037296
20.625	-0.07096751232006832
20.75	0.29418393916870994
20.875	0.658445244333928
21.0	1.018610098500312
21.125	1.3714745855716326
21.25	1.7138764546767256
21.375	2.0427346716245407
21.5	2.3550885626030302
21.625	2.6481358659075607
21.75	2.9192690205673815
21.875	3.1661090481961054
22.0	3.3865364255374457
22.125	3.578718399006569
22.25	3.7411322577555604
22.375	3.872584156888885
22.5	3.9722231656834497
22.625	4.03955030513488
22.75	4.074422432849342
22.875	4.077050929161225
23.0	4.047995234302184
23.125	3.98815138043275
23.25	3.898735752415451
23.375	3.7812643955248264
23.5	3.6375282651879277
23.625	3.4695648818607974
23.75	3.279626912032247
23.875	3.0701482431149434
24.0	2.843708154910485
24.125	2.602994212967139
24.25	2.350764519311207
24.375	2.0898099538194925
24.5	1.8229170252674622
24.625	1.552831925435181
24.75	1.282226343402244
24.875	1.013665551334707
25.0	0.7495792188457406
25.125	0.4922353517215144
25.25	0.2437176838656701
25.375	0.005906780220422456
25.5	-0.2195349653091984
25.625	-0.4311743277520823
25.75	-0.6278142100972317
25.875	-0.8084966014604329
26.0	-0.9725016419952474
26.125	-1.1193429674280937
26.25	-1.2487595659818946
26.375	-1.36070443402534
26.5	-1.4553303632884742
26.625	-1.532973231331541
26.75	-1.5941331977309912
26.875	-1.639454230911677
27.0	-1.6697024046353819
27.125	-1.6857434089380428
27.25	-1.6885197180256257
27.375	-1.6790278476606209
27.5	-1.65829611738455
27.625	-1.6273633091172017
27.75	-1.5872585839240467
27.875	-1.538982983790235
28.0	-1.4834928058710586
28.125	-1.4216850937246603
28.25	-1.3543854443071217
28.375	-1.2823382818569549
28.5	-1.2061997010351269
28.625	-1.1265329326125337
28.75	-1.0438064363676824
28.875	-0.9583945783879648
29.0	-0.8705808043230874
29.125	-0.7805631769282073
29.25	-0.6884621060094351
29.375	-0.5943300621369793
29.5	-0.49816303265320205
29.625	-0.3999134499454082
29.75	-0.2995042979875819
29.875	-0.19684408403563414
30.0	-0.09184234828238699
30.125	0.015574624616949646
30.25	0.12544823186571366
30.375	0.23777245473755018
30.5	0.35247956777259715
30.625	0.4694269738988182
30.75	0.5883854671932043
30.875	0.7090292028846096
31.0	0.8309276274400306
31.125	0.95353959046838
31.25	1.0762098250758076
31.375	1.1981679446290618
31.5	1.318530062101704
31.625	1.436303093821571
31.75	1.5503917630933894
31.875	1.6596082714744138
32.0	1.7626845571193106
32.125	1.85828701130867
32.25	1.945033476792891
32.375	2.0215123057030904
32.5	2.0863032112981825
32.625	2.1379996075286827
32.75	2.1752320940845027
32.875	2.196692713009594
33.0	2.201159576819182
33.125	2.1875214479940013
33.25	2.154801836321503
33.375	2.102182174286025
33.5	2.0290236319494617
33.625	1.9348871417627778
33.75	1.819551220624306
33.875	1.6830272012295144
34.0	1.5255715171660718
34.125	1.3476947259701322
34.25	1.1501670009958807
34.375	0.9340198758269387
34.5	0.7005440833000508
34.625	0.45128339410436824
34.75	0.18802442633011007
34.875	-0.08721753387126042
35.0	-0.3722165904138125
35.125	-0.6645579942848954
35.25	-0.9616633511868102
35.375	-1.2608189660236344
35.5	-1.5592069490224825
35.625	-1.8539386522530068
35.75	-2.142089955878501
35.875	-2.4207378817391625
36.0	-2.6869979788014238
36.125	-2.938061901429079
36.25	-3.1712345879866546
36.375	-3.3839704444283125
36.5	-3.573907945507018
36.625	-3.7389020850909467
36.75	-3.8770541366130975
36.875	-3.9867382244968756
37.0	-4.0666242568732685
37.125	-4.11569682820383
37.25	-4.133269766525913
37.375	-4.1189960727477475
37.5	-4.072873077394481
37.625	-3.995242721973271
37.75	-3.8867869561220636
37.875	-3.7485183263075874
38.0	-3.5817659153900174
38.125	-3.3881568732287133
38.25	-3.1695938550604588
38.375	-2.9282287551121597
38.5	-2.6664331863939603
38.625	-2.3867662125801807
38.75	-2.091939883212945
38.875	-1.7847831582411213
39.0	-1.4682048314319958
39.125	-1.1451560739893172
39.25	-0.8185932195476147
39.375	-0.49144139959860456
39.5	-0.16655961460363386
39.625	0.1532922089442707
39.75	0.46548367068789376
39.875	0.7675414079245958
40.0	1.0571732798910947
40.125	1.3322889085447613
40.25	1.5910163354390516
40.375	1.8317146341186255
40.5	2.052982399575522
40.625	2.25366211898981
40.75	2.4328405094922463
40.875	2.589844987323473
41.0	2.7242365068743797
41.125	2.8357990761228042
41.25	2.9245263155077277
41.375	2.990605479039468
41.5	3.034399398355773
41.625	3.056426841633782
41.75	3.0573417991223266
41.875	3.0379122151795457
42.0	2.9989986829556683
42.125	2.941533602378696
42.25	2.86650127527061
42.375	2.7749193738860862
42.5	2.667822171808918
42.625	2.5462458700724278
42.75	2.4112162879002432
42.875	2.2637391180797564
43.0	2.104792873312893
43.125	1.9353245736774563
43.25	1.7562481483884518
43.375	1.5684454492142257
43.5	1.3727697000089376
43.625	1.1700511386490293
43.75	0.9611045458912251
43.875	0.7467383018518896
44.0	0.527764566317647
44.125	0.30501014510196595
44.25	0.07932758208915136
44.375	-0.14839399388166225
44.5	-0.3772187361683335
44.625	-0.6061551158798839
44.75	-0.8341485533821801
44.875	-1.0600760347145395
45.0	-1.2827430523483985
45.125	-1.5008831503700062
45.25	-1.713160286376068
45.375	-1.9181741477435192
45.5	-2.114468480275181
45.625	-2.3005424044884957
45.75	-2.474864611068021
45.875	-2.635890244362876
46.0	-2.782080203401372
46.125	-2.9119225157885222
46.25	-3.023955373017185
46.375	-3.116791357972303
46.5	-3.189142348347663
46.625	-3.2398445446833977
46.75	-3.267883049839728
46.875	-3.2724154186969674
47.0	-3.252793603119049
47.125	-3.2085837377830897
47.25	-3.1395832470417058
47.375	-3.0458348008669964
47.5	-2.927636708097227
47.625	-2.7855494063157114
47.75	-2.6203977880910236
47.875	-2.4332691911000217
48.0	-2.2255069727375503
48.125	-1.9986996859350679
48.25	-1.7546659697173352
48.375	-1.495435363142569
48.5	-1.2232253423473793
48.625	-0.9404149651969822
48.75	-0.6495155844176315
48.875	-0.3531391561648255
49.0	-0.05396472511775509
49.125	0.24529629195045813
49.25	0.5419353755972002
49.375	0.8332820659382042
49.5	1.1167383610027604
49.625	1.3898117131079233
49.75	1.6501460182571426
49.875	1.895550040357807
50.0	2.1240227713044897
50.125	2.333775298172121
50.25	2.523248828121753
50.375	2.6911286081423182
50.5	2.836353568272896
50.625	2.958121611206441
50.75	3.055890565858535
50.875	3.1293749153009953
51.0	3.1785384981939546
51.125	3.203583465416963
51.25	3.2049358481002748
51.375	3.1832281580222324
51.5	3.1392794949677794
51.625	3.0740736770375623
51.75	2.9887359382811245
51.875	2.8845087529626494
52.0	2.7627273471561775
52.125	2.624795446448354
52.25	2.4721617838630707
52.375	2.3062978555777076
52.5	2.128677364711975
52.625	1.9407577368119477
52.75	1.74396402619573
52.875	1.5396754617980521
53.0	1.329214806380627
53.125	1.1138406258529492
53.25	0.8947424878746552
53.375	0.6730390327496083
53.5	0.4497787866572988
53.625	0.22594351916171282
53.75	0.0024538851971115747
53.875	-0.21982296232787452
54.0	-0.4400641484375783
54.125	-0.6574806352499278
54.25	-0.8713059844581624
54.375	-1.080784757865913
54.5	-1.2851609945870726
54.625	-1.4836671967383765
54.75	-1.675514238363814
54.875	-1.8598825855127143
55.0	-2.035915179623361
55.125	-2.202712292591916
55.25	-2.359328611232118
55.375	-2.5047727524743983
55.5	-2.6380093499237067
55.625	-2.7579637886639503
55.75	-2.863529599863376
55.875	-2.953578461200347
56.0	-3.0269726847656933
56.125	-3.0825800122261016
56.25	-3.119290478894659
56.375	-3.136035055093283
56.5	-3.131805725833464
56.625	-3.105676629280005
56.75	-3.0568258414456584
56.875	-2.9845573696869607
57.0	-2.888322901266362
57.125	-2.7677428457828652
57.25	-2.62262621175786
57.375	-2.452988868038408
57.5	-2.259069759732491
57.625	-2.041344675756082
57.75	-1.8005372002446214
57.875	-1.5376265224264705
58.0	-1.2538518283198432
58.125	-0.9507130519411798
58.25	-0.6299678226563309
58.375	-0.29362450784898303
58.5	0.05606868485020202
58.625	0.4166385150462984
58.75	0.7854053292807917
58.875	1.159505329541876
59.0	1.5359162632333183
59.125	1.9114862463673716
59.25	2.282965374960529
59.375	2.6470397278936226
59.5	3.0003673187410365
59.625	3.3396155150738713
59.75	3.6614994121872124
59.875	3.9628206246609463
60.0	4.240505944077237
60.125	4.491645304888967
60.25	4.713528503023444
60.375	4.903680123329712
60.5	5.059892152303906
60.625	5.180253781377584
60.75	5.263177943008304
60.875	5.30742416631294
61.0	5.312117390346885
61.125	5.276762430552986
61.25	5.201253856473748
61.375	5.085881105539805
61.5	4.931328727542242
61.625	4.738671726135492
61.75	4.509366036232092
61.875	4.245234248254246
62.0	3.948446760715189
62.125	3.62149861035463
62.25	3.2671822929289434
62.375	2.8885569467031704
62.5	2.488914323734964
62.625	2.071742020306502
62.75	1.6406844765899882
62.875	1.199502286195558
63.0	0.7520303781576618
63.125	0.3021356468267758
63.25	-0.1463253911366601
63.375	-0.5895483389451297
63.5	-1.0238215018699919
63.625	-1.4455647735827843
63.75	-1.8513663224645323
63.875	-2.2380166131014354
64.0	-2.602539344614195
64.125	-2.9422189400778325
64.25	-3.2546242791319675
64.375	-3.537628427924092
64.5	-3.7894241856677175
64.625	-4.00853533418359
64.75	-4.193823544648642
64.875	-4.344490963222363
65.0	-4.460078563089668
65.125	-4.5404604136261355
65.25	-4.585834076788909
65.375	-4.596707395474939
65.5	-4.573881987574949
65.625	-4.518433802005847
65.75	-4.431691128471786
65.875	-4.3152104805676155
66.0	-4.170750791727864
66.125	-4.00024637522079
66.25	-3.805779102828208
66.375	-3.5895502521297122
66.5	-3.353852459669999
66.625	-3.101042197122026
66.75	-2.8335131603966532
66.875	-2.553670928148148
67.0	-2.2639092070549176
67.125	-1.9665879374835498
67.25	-1.6640134856197273
67.375	-1.358421097880326
67.5	-1.0519597414562247
67.625	-0.7466794022441874
67.75	-0.4445208592756823
67.875	-0.14730790408582362
68.0	0.14325807471267046
68.125	0.42560126613887955
68.25	0.6982725357972301
68.375	0.9599486494694185
68.5	1.2094298514888753
68.625	1.4456360515897364
68.75	1.6676018908847727
68.875	1.8744709677638411
69.0	2.065489507723342
69.125	2.239999757493397
69.25	2.3974333735251707
69.375	2.537305058280203
69.5	2.6592066753046497
69.625	2.7628020463759104
69.75	2.847822601788916
69.875	2.91406401891143
70.0	2.961383945366014
70.125	2.989700862533182
70.25	2.9989941034954946
70.375	2.989304998052043
70.5	2.9607390770177453
70.625	2.9134692296454934
70.75	2.847739672586849
70.875	2.763870557185278
71.0	2.662263014834447
71.125	2.543404418288085
71.25	2.4078736207138522
71.375	2.256345924346902
71.5	2.0895975270846625
71.625	1.9085091983913698
71.75	1.7140689454184228
71.875	1.5073734461147485
72.0	1.2896280479750544
72.125	1.062145158489451
72.25	0.8263408857235548
72.375	0.5837298240671469
72.5	0.33591792023500605
72.625	0.0845933971981441
72.75	-0.16848424208222035
72.875	-0.4214970644410494
73.0	-0.6725832987315472
73.125	-0.9198535163891346
73.25	-1.1614082056071218
73.375	-1.3953565070543383
73.5	-1.6198358458762965
73.625	-1.833032166445927
73.75	-2.033200453626021
73.875	-2.218685207706086
74.0	-2.3879405300860057
74.125	-2.5395494734570554
74.25	-2.672242313794228
74.375	-2.7849134118907677
74.5	-2.876636349260139
74.625	-2.94667704668925
74.75	-2.9945046031055433
74.875	-3.0197996271607335
75.0	-3.0224598733740615
75.125	-3.0026030380728033
75.25	-2.960566616906885
75.375	-2.8969047745415155
75.5	-2.812382227365317
75.625	-2.707965190804233
75.75	-2.5848094932287604
75.875	-2.4442460076390944
76.0	-2.2877635995081826
76.125	-2.1169898336107926
76.25	-1.933669723684958
76.375	-1.7396428457464679
76.5	-1.5368191682622738
76.625	-1.3271539797071088
76.75	-1.112622315863584
76.875	-0.8951933052189185
77.0	-0.6768048606471607
77.125	-0.4593391489671923
77.25	-0.24459926668721937
77.375	-0.03428754006166825
77.5	0.1700141497058622
77.625	0.3668616398590896
77.75	0.5549630138448323
77.875	0.7331900787403959
78.0	0.9005865347927279
78.125	1.0563726341555002
78.25	1.1999461878910915
78.375	1.3308798492704343
78.5	1.4489146767996273
78.625	1.553950061424821
78.75	1.6460301879277142
78.875	1.725327289215722
79.0	1.7921220422874382
79.125	1.8467815440206679
79.25	1.889735391154853
79.375	1.9214504691822913
79.5	1.9424051263299875
79.625	1.9530634682384787
79.75	1.9538505530868113
79.875	1.9451292925916452
80.0	1.927179868544788
80.125	1.900182454735816
80.25	1.864203988162583
80.375	1.8191896600018618
80.5	1.764959695410741
80.625	1.701211862393419
80.75	1.6275299953709745
80.875	1.5433986416185517
81.0	1.4482237425076006
81.125	1.3413590518381677
81.25	1.2221377769059545
81.375	1.08990871170847
81.5	0.9440759239657825
81.625	0.7841408669627122
81.75	0.6097456222593575
81.875	0.4207158484356028
82.0	0.2171019219233582
82.125	-0.0007832847581307259
82.25	-0.23233152928507664
82.375	-0.47661270268808503
82.5	-0.732356054207089
82.625	-0.9979402983114946
82.75	-1.2713935268087553
82.875	-1.55040356430175
83.0	-1.8323390819044119
83.125	-2.1142814326304205
83.25	-2.3930668045437127
83.375	-2.6653379182235906
83.5	-2.9276041377386384
83.625	-3.176308533683372
83.75	-3.4079001469555994
83.875	-3.618909465736756
84.0	-3.806024956698564
84.125	-3.966168393567893
84.25	-4.096566707784416
84.375	-4.1948181498498895
84.5	-4.258950695465571
84.625	-4.287470853604346
84.75	-4.279401326837789
84.875	-4.234306327028342
85.0	-4.152303748738156
85.125	-4.034063833130934
85.25	-3.8807944000442647
85.375	-3.694213167877315
85.5	-3.476508102638532
85.625	-3.2302871224470384
85.75	-2.958518817086722
85.875	-2.664466111229538
86.0	-2.351614994831592
86.125	-2.0236005583350494
86.25	-1.6841326005274517
86.375	-1.3369230236273049
86.5	-0.9856170972772275
86.625	-0.6337304677725728
86.75	-0.28459352102673374
86.875	0.058695610192823294
87.0	0.39330845826917443
87.125	0.7167134904973802
87.25	1.0266930556109983
87.375	1.3213501969245796
87.5	1.5991058689912194
87.625	1.8586874053512428
87.75	2.0991093487280548
87.875	2.3196479637995866
88.0	2.519810900979711
88.125	2.6993035647798247
88.25	2.8579937623031264
88.375	2.9958761688448052
88.5	3.113038053328848
88.625	3.20962756326662
88.75	3.285825685478777
88.875	3.34182278446907
89.0	3.3778003851796767
89.125	3.3939186211366756
89.25	3.3903095226629465
89.375	3.3670760821571477
89.5	3.324296812659991
89.625	3.262035319027975
89.75	3.18035423353313
89.875	3.0793327335769645
90.0	2.9590867608447784
90.125	2.8197909995019383
90.25	2.661701645396084
90.375	2.4851790068662414
90.5	2.290709017789873
90.625	2.07892281119372
90.75	1.8506135927627425
90.875	1.6067501631658798
91.0	1.3484865613645338
91.125	1.0771674330957794
91.25	0.7943288648428862
91.375	0.5016945594768258
91.5	0.20116736148693198
91.625	-0.10518373604578728
91.75	-0.41514085662394484
91.875	-0.7263584300675177
92.0	-1.0363878718133799
92.125	-1.3427052445152097
92.25	-1.6427413380770328
92.375	-1.9339135634061844
92.5	-2.2136590297742007
92.625	-2.479468165090492
92.75	-2.728918241731139
92.875	-2.959706186726459
93.0	-3.169680082855674
93.125	-3.3568688051900986
93.25	-3.519509284474776
93.375	-3.656070943033307
93.5	-3.7652769092152916
93.625	-3.8461216814022343
93.75	-3.8978849809098426
93.875	-3.920141603486377
94.0	-3.9127671502842896
94.125	-3.8759395900143936
94.25	-3.810136673387502
94.375	-3.7161292878883443
94.5	-3.594970904468014
94.625	-3.447983327021374
94.75	-3.276739009757757
94.875	-3.0830402560894314
95.0	-2.8688956548632514
95.125	-2.6364941451578248
95.25	-2.3881771290824214
95.375	-2.1264090727790457
95.5	-1.8537470489959342
95.625	-1.5728096801434333
95.75	-1.2862459387527108
95.875	-0.9967042529504785
96.0	-0.7068023482672249
96.125	-0.41909823425584675
96.25	-0.1360627155574308
96.375	0.13994622715173408
96.5	0.4067068797411405
96.625	0.6621547968448552
96.75	0.904401145545202
96.875	1.13174822021237
97.0	1.3427020073098976
97.125	1.5359817284596669
97.25	1.7105263390365508
97.375	1.8654980071905374
97.5	2.0002826436854804
97.625	2.1144875955698965
97.75	2.2079366558085374
97.875	2.2806625760396444
98.0	2.3328973001149222
98.125	2.365060161662638
98.25	2.3777443093281363
98.375	2.371701638439642
98.5	2.3478265175737425
98.625	2.3071386029131395
98.75	2.250765032555064
98.875	2.179922287289839
99.0	2.095897994156058
99.125	2.0000329346942816
99.25	1.893703501729606
99.375	1.7783048272281607
99.5	1.6552347798440445
99.625	1.5258790047752357
99.75	1.3915971510653702
99.875	1.2537104031066095
100.0	1.1134904043890972
100.125	0.9721496330515818
100.25	0.8308332610299165
100.375	0.6906125020470616
100.5	0.5524794287612446
100.625	0.4173432164557168
100.75	0.28602775001958103
100.875	0.15927051287974256
101.0	0.037722661178023774
101.125	-0.07804982603861368
101.25	-0.1875640394797488
101.375	-0.29041720073740335
101.5	-0.38628302141221776
101.625	-0.4749074909920518
101.75	-0.5561042229032359
101.875	-0.6297494844765016
102.0	-0.6957770307785957
102.125	-0.7541728546173071
102.25	-0.8049699558125286
102.375	-0.8482432223306581
102.5	-0.8841045044031227
102.625	-0.9126979505886604
102.75	-0.934195662184496
102.875	-0.94879370972184
103.0	-0.9567085427576786
103.125	-0.9581738120382359
103.25	-0.9534376115751815
103.375	-0.942760137432601
103.5	-0.9264117502302076
103.625	-0.9046714196557236
103.75	-0.8778255217452808
103.875	-0.8461669534033103
104.0	-0.8099945236311252
104.125	-0.7696125772266226
104.25	-0.7253308042899301
104.375	-0.6774641876813209
104.5	-0.6263330405662512
104.625	-0.5722630872674555
104.75	-0.5155855427293121
104.875	-0.45663714887582
105.0	-0.3957601298921169
105.125	-0.3333020328546707
105.25	-0.26961542504845765
105.375	-0.20505742461009335
105.5	-0.13998904669575366
105.625	-0.07477435306723274
105.75	-0.009779398699590392
105.875	0.05462902537094121
106.0	0.11808484832219207
106.125	0.18022436517841783
106.25	0.24068805727324366
106.375	0.2991225686939209
106.5	0.3551828160286382
106.625	0.4085342054483463
106.75	0.4588549284346098
106.875	0.5058383053365846
107.0	0.5491951444124695
107.125	0.5886560830827939
107.25	0.623973877784296
107.375	0.654925609044155
107.5	0.6813147691682475
107.625	0.7029732012195434
107.75	0.7197628597143655
107.875	0.7315773656403642
108.0	0.7383433309525743
108.125	0.7400214305819959
108.25	0.7366072031418809
108.375	0.728131564886755
108.5	0.7146610250142056
108.625	0.6962975940464421
108.75	0.6731783807355041
108.875	0.6454748766526635
109.0	0.6133919313010715
109.125	0.577166424186138
109.25	0.5370656437483651
109.375	0.49338538637004015
109.5	0.446447791775416
109.625	0.39659893402252444
109.75	0.3442061899068016
109.875	0.28965540893883984
110.0	0.23334791110159883
110.125	0.17569734032150788
110.25	0.1171264029914998
110.375	0.0580635219546439
110.5	-0.0010605629086056956
110.625	-0.05981621594893981
110.75	-0.1177783172680522
110.875	-0.174529633147701
111.0	-0.2296641146264445
111.125	-0.28279009434735397
111.25	-0.3335333529751286
111.375	-0.3815400279287841
111.5	-0.4264793388765383
111.625	-0.4680461063715519
111.75	-0.5059630421475627
111.875	-0.5399827919171638
112.0	-0.5698897139970913
112.125	-0.595501379697512
112.25	-0.6166697841282276
112.375	-0.6332822588664292
112.5	-0.6452620807697225
112.625	-0.6525687740768964
112.75	-0.6551981057893255
112.875	-0.6531817771411328
113.0	-0.6465868167197987
113.125	-0.6355146834654537
113.25	-0.6201000903326102
113.375	-0.600509561819846
113.5	-0.5769397408398707
113.625	-0.5496154624952464
113.75	-0.5187876142264678
113.875	-0.48473080349373376
114.0	-0.44774085562871335
114.125	-0.40813216573685224
114.25	-0.36623492953612224
114.375	-0.3223922787781917
114.5	-0.27695734740957384
114.625	-0.23029029489193584
114.75	-0.1827553131136183
114.875	-0.1347176430924653
115.0	-0.08654062719873666
115.125	-0.038582821924734445
115.25	0.00880480469543504
115.375	0.05528156804411417
115.5	0.10051963261079633
115.625	0.14420642827502209
115.75	0.18604689870801044
115.875	0.22576556522989327
116.0	0.26310839139325054
116.125	0.2978444356009938
116.25	0.3297672811859323
116.375	0.35869623555940006
116.5	0.3844772922552943
116.625	0.40698385193174014
116.75	0.4261172006241902
116.875	0.4418067457495971
117.0	0.45401001252118206
117.125	0.46271240552727744
117.25	0.4679267422373174
117.375	0.46969256710573226
117.5	0.46807525673399625
117.625	0.46316492820787364
117.75	0.4550751642377571
117.875	0.443941570083562
118.0	0.42992017843222563
118.125	0.0
118.25	0.0
118.375	0.0
118.5	0.0
118.625	0.0
118.75	0.0
118.875	0.0
119.0	0.0
119.125	0.0
119.25	0.0
119.375	0.0
119.5	0.0
119.625	0.0
119.75	0.0
119.875	0.0
120.0	0.0
120.125	0.0
120.25	0.0
120.375	0.0
120.5	0.0
120.625	0.0
120.75	0.0
120.875	0.0
121.0	0.0
121.125	0.0
121.25	0.0
121.375	0.0
121.5	0.0
121.625	0.0
121.75	0.0
121.875	0.0
122.0	0.0
122.125	0.0
122.25	0.0
122.375	0.0
