-133.625	0.0	2.0e-6
-133.5	0.0	2.0e-6
-133.375	0.0	2.0e-6
-133.25	0.0	2.0e-6
-133.125	0.0	2.0e-6
-133.0	0.0	2.0e-6
-132.875	0.0	2.0e-6
-132.75	0.0	2.0e-6
-132.625	0.0	2.0e-6
-132.5	0.0	2.0e-6
-132.375	0.0	2.0e-6
-132.25	0.0	2.0e-6
-132.125	0.0	2.0e-6
-132.0	0.0	2.0e-6
-131.875	0.0	2.0e-6
-131.75	0.0	2.0e-6
-131.625	0.0	2.0e-6
-131.5	0.0	2.0e-6
-131.375	0.0	2.0e-6
-131.25	0.0	2.0e-6
-131.125	0.0	2.0e-6
-131.0	0.0	2.0e-6
-130.875	0.0	2.0e-6
-130.75	0.0	2.0e-6
-130.625	0.0	2.0e-6
-130.5	0.0	2.0e-6
-130.375	0.0	2.0e-6
-130.25	0.0	2.0e-6
-130.125	0.0	2.0e-6
-130.0	0.0	2.0e-6
-129.875	0.0	2.0e-6
-129.75	0.0	2.0e-6
-129.625	0.0	2.0e-6
-129.5	0.0	2.0e-6
-129.375	0.0	2.0e-6
-129.25	0.0	2.0e-6
-129.125	0.0	2.0e-6
-129.0	0.0	2.0e-6
-128.875	0.0	2.0e-6
-128.75	0.0	2.0e-6
-128.625	0.0	2.0e-6
-128.5	0.0	2.0e-6
-128.375	0.0	2.0e-6
-128.25	0.0	2.0e-6
-128.125	0.0	2.0e-6
-128.0	0.0	3.0e-6
-127.875	0.0	3.0e-6
-127.75	0.0	3.0e-6
-127.625	0.0	3.0e-6
-127.5	0.0	3.0e-6
-127.375	0.0	3.0e-6
-127.25	0.0	3.0e-6
-127.125	0.0	3.0e-6
-127.0	0.0	3.0e-6
-126.875	0.0	3.0e-6
-126.75	0.0	3.0e-6
-126.625	0.0	3.0e-6
-126.5	0.0	3.0e-6
-126.375	0.0	3.0e-6
-126.25	0.0	3.0e-6
-126.125	0.0	3.0e-6
-126.0	0.0	3.0e-6
-125.875	0.0	3.0e-6
-125.75	0.0	3.0e-6
-125.625	0.0	3.0e-6
-125.5	0.0	3.0e-6
-125.375	0.0	3.0e-6
-125.25	0.0	3.0e-6
-125.125	0.0	3.0e-6
-125.0	0.0	3.0e-6
-124.875	0.0	3.0e-6
-124.75	0.0	3.0e-6
-124.625	0.0	3.0e-6
-124.5	0.0	3.0e-6
-124.375	0.0	3.0e-6
-124.25	0.0	3.0e-6
-124.125	0.0	3.0e-6
-124.0	0.0	3.0e-6
-123.875	0.0	3.0e-6
-123.75	0.0	3.0e-6
-123.625	0.0	3.0e-6
-123.5	0.0	3.0e-6
-123.375	0.0	3.0e-6
-123.25	0.0	3.0e-6
-123.125	0.0	3.0e-6
-123.0	0.0	3.0e-6
-122.875	0.0	3.0e-6
-122.75	0.0	3.0e-6
-122.625	0.0	3.0e-6
-122.5	0.0	3.0e-6
-122.375	0.0	3.0e-6
-122.25	0.0	3.0e-6
-122.125	0.0	3.0e-6
-122.0	0.0	3.0e-6
-121.875	0.0	3.0e-6
-121.75	0.0	3.0e-6
-121.625	0.0	3.0e-6
-121.5	0.0	3.0e-6
-121.375	0.0	3.0e-6
-121.25	0.0	3.0e-6
-121.125	0.0	3.0e-6
-121.0	0.0	3.0e-6
-120.875	0.0	3.0e-6
-120.75	0.0	4.0e-6
-120.625	0.0	4.0e-6
-120.5	0.0	4.0e-6
-120.375	0.0	4.0e-6
-120.25	0.0	4.0e-6
-120.125	0.0	4.0e-6
-120.0	0.0	4.0e-6
-119.875	0.0	4.0e-6
-119.75	0.0	4.0e-6
-119.625	0.0	4.0e-6
-119.5	0.0	4.0e-6
-119.375	0.0	4.0e-6
-119.25	0.0	4.0e-6
-119.125	0.0	4.0e-6
-119.0	0.0	4.0e-6
-118.875	0.0	4.0e-6
-118.75	0.0	4.0e-6
-118.625	0.0	4.0e-6
-118.5	0.0	4.0e-6
-118.375	0.0	4.0e-6
-118.25	0.0	4.0e-6
-118.125	0.0	4.0e-6
-118.0	0.0	4.0e-6
-117.875	0.0	4.0e-6
-117.75	0.0	4.0e-6
-117.625	0.0	4.0e-6
-117.5	0.0	4.0e-6
-117.375	0.0	4.0e-6
-117.25	0.0	4.0e-6
-117.125	0.0	4.0e-6
-117.0	0.0	4.0e-6
-116.875	0.0	4.0e-6
-116.75	0.0	4.0e-6
-116.625	0.0	4.0e-6
-116.5	0.0	4.0e-6
-116.375	0.0	4.0e-6
-116.25	0.0	4.0e-6
-116.125	0.0	4.0e-6
-116.0	0.0	4.0e-6
-115.875	0.0	4.0e-6
-115.75	0.0	4.0e-6
-115.625	0.0	4.0e-6
-115.5	0.0	4.0e-6
-115.375	0.0	4.0e-6
-115.25	0.0	4.0e-6
-115.125	0.0	4.0e-6
-115.0	0.0	4.0e-6
-114.875	0.0	5.0e-6
-114.75	0.0	5.0e-6
-114.625	0.0	5.0e-6
-114.5	0.0	5.0e-6
-114.375	0.0	5.0e-6
-114.25	0.0	5.0e-6
-114.125	0.0	5.0e-6
-114.0	0.0	5.0e-6
-113.875	0.0	5.0e-6
-113.75	0.0	5.0e-6
-113.625	0.0	5.0e-6
-113.5	0.0	5.0e-6
-113.375	0.0	5.0e-6
-113.25	0.0	5.0e-6
-113.125	0.0	5.0e-6
-113.0	0.0	5.0e-6
-112.875	0.0	5.0e-6
-112.75	0.0	5.0e-6
-112.625	0.0	5.0e-6
-112.5	0.0	5.0e-6
-112.375	0.0	5.0e-6
-112.25	0.0	5.0e-6
-112.125	0.0	5.0e-6
-112.0	0.0	5.0e-6
-111.875	0.0	5.0e-6
-111.75	0.0	5.0e-6
-111.625	0.0	5.0e-6
-111.5	0.0	5.0e-6
-111.375	0.0	5.0e-6
-111.25	0.0	5.0e-6
-111.125	0.0	5.0e-6
-111.0	0.0	5.0e-6
-110.875	0.0	5.0e-6
-110.75	0.0	5.0e-6
-110.625	0.0	5.0e-6
-110.5	0.0	5.0e-6
-110.375	0.0	5.0e-6
-110.25	0.0	5.0e-6
-110.125	0.0	5.0e-6
-110.0	0.0	6.0e-6
-109.875	0.0	6.0e-6
-109.75	0.0	6.0e-6
-109.625	0.0	6.0e-6
-109.5	0.0	6.0e-6
-109.375	0.0	6.0e-6
-109.25	0.0	6.0e-6
-109.125	0.0	6.0e-6
-109.0	0.0	6.0e-6
-108.875	0.0	6.0e-6
-108.75	0.0	6.0e-6
-108.625	0.0	6.0e-6
-108.5	0.0	6.0e-6
-108.375	0.0	6.0e-6
-108.25	0.0	6.0e-6
-108.125	0.0	6.0e-6
-108.0	0.0	6.0e-6
-107.875	0.0	6.0e-6
-107.75	0.0	6.0e-6
-107.625	0.0	6.0e-6
-107.5	0.0	6.0e-6
-107.375	0.0	6.0e-6
-107.25	0.0	6.0e-6
-107.125	0.0	6.0e-6
-107.0	0.0	6.0e-6
-106.875	0.0	6.0e-6
-106.75	0.0	6.0e-6
-106.625	0.0	6.0e-6
-106.5	0.0	6.0e-6
-106.375	0.0	6.0e-6
-106.25	0.0	6.0e-6
-106.125	0.0	6.0e-6
-106.0	0.0	7.0e-6
-105.875	0.0	7.0e-6
-105.75	0.0	7.0e-6
-105.625	0.0	7.0e-6
-105.5	0.0	7.0e-6
-105.375	0.0	7.0e-6
-105.25	0.0	7.0e-6
-105.125	0.0	7.0e-6
-105.0	0.0	7.0e-6
-104.875	0.0	7.0e-6
-104.75	0.0	7.0e-6
-104.625	0.0	7.0e-6
-104.5	0.0	7.0e-6
-104.375	0.0	7.0e-6
-104.25	0.0	7.0e-6
-104.125	0.0	7.0e-6
-104.0	0.0	7.0e-6
-103.875	0.0	7.0e-6
-103.75	0.0	7.0e-6
-103.625	0.0	7.0e-6
-103.5	0.0	7.0e-6
-103.375	0.0	7.0e-6
-103.25	0.0	7.0e-6
-103.125	0.0	7.0e-6
-103.0	0.0	7.0e-6
-102.875	0.0	7.0e-6
-102.75	0.0	7.0e-6
-102.625	0.0	8.0e-6
-102.5	0.0	8.0e-6
-102.375	0.0	8.0e-6
-102.25	0.0	8.0e-6
-102.125	0.0	8.0e-6
-102.0	0.0	8.0e-6
-101.875	0.0	8.0e-6
-101.75	0.0	8.0e-6
-101.625	0.0	8.0e-6
-101.5	0.0	8.0e-6
-101.375	0.0	8.0e-6
-101.25	0.0	8.0e-6
-101.125	0.0	8.0e-6
-101.0	0.0	8.0e-6
-100.875	0.0	8.0e-6
-100.75	0.0	8.0e-6
-100.625	0.0	8.0e-6
-100.5	0.0	8.0e-6
-100.375	0.0	8.0e-6
-100.25	0.0	8.0e-6
-100.125	0.0	8.0e-6
-100.0	0.0	8.0e-6
-99.875	0.0	8.0e-6
-99.75	0.0	8.0e-6
-99.625	0.0	9.0e-6
-99.5	0.0	9.0e-6
-99.375	0.0	9.0e-6
-99.25	0.0	9.0e-6
-99.125	0.0	9.0e-6
-99.0	0.0	9.0e-6
-98.875	0.0	9.0e-6
-98.75	0.0	9.0e-6
-98.625	0.0	9.0e-6
-98.5	0.0	9.0e-6
-98.375	0.0	9.0e-6
-98.25	0.0	9.0e-6
-98.125	0.0	9.0e-6
-98.0	0.0	9.0e-6
-97.875	0.0	9.0e-6
-97.75	0.0	9.0e-6
-97.625	0.0	9.0e-6
-97.5	0.0	9.0e-6
-97.375	0.0	9.0e-6
-97.25	0.0	9.0e-6
-97.125	0.0	1.0e-5
-97.0	0.0	1.0e-5
-96.875	0.0	1.0e-5
-96.75	0.0	1.0e-5
-96.625	0.0	1.0e-5
-96.5	0.0	1.0e-5
-96.375	0.0	1.0e-5
-96.25	0.0	1.0e-5
-96.125	0.0	1.0e-5
-96.0	0.0	1.0e-5
-95.875	0.0	1.0e-5
-95.75	0.0	1.0e-5
-95.625	0.0	1.0e-5
-95.5	0.0	1.0e-5
-95.375	0.0	1.0e-5
-95.25	0.0	1.0e-5
-95.125	0.0	1.0e-5
-95.0	0.0	1.0e-5
-94.875	0.0	1.1e-5
-94.75	0.0	1.1e-5
-94.625	0.0	1.1e-5
-94.5	0.0	1.1e-5
-94.375	0.0	1.1e-5
-94.25	0.0	1.1e-5
-94.125	0.0	1.1e-5
-94.0	0.0	1.1e-5
-93.875	0.0	1.1e-5
-93.75	0.0	1.1e-5
-93.625	0.0	1.1e-5
-93.5	0.0	1.1e-5
-93.375	0.0	1.1e-5
-93.25	0.0	1.1e-5
-93.125	0.0	1.1e-5
-93.0	0.0	1.1e-5
-92.875	0.0	1.2e-5
-92.75	0.0	1.2e-5
-92.625	0.0	1.2e-5
-92.5	0.0	1.2e-5
-92.375	0.0	1.2e-5
-92.25	0.0	1.2e-5
-92.125	0.0	1.2e-5
-92.0	0.0	1.2e-5
-91.875	0.0	1.2e-5
-91.75	0.0	1.2e-5
-91.625	0.0	1.2e-5
-91.5	0.0	1.2e-5
-91.375	0.0	1.2e-5
-91.25	0.0	1.2e-5
-91.125	0.0	1.2e-5
-91.0	0.0	1.3e-5
-90.875	0.0	1.3e-5
-90.75	0.0	1.3e-5
-90.625	0.0	1.3e-5
-90.5	0.0	1.3e-5
-90.375	0.0	1.3e-5
-90.25	0.0	1.3e-5
-90.125	0.0	1.3e-5
-90.0	0.0	1.3e-5
-89.875	0.0	1.3e-5
-89.75	0.0	1.3e-5
-89.625	0.0	1.3e-5
-89.5	0.0	1.3e-5
-89.375	0.0	1.4e-5
-89.25	0.0	1.4e-5
-89.125	0.0	1.4e-5
-89.0	0.0	1.4e-5
-88.875	0.0	1.4e-5
-88.75	0.0	1.4e-5
-88.625	0.0	1.4e-5
-88.5	0.0	1.4e-5
-88.375	0.0	1.4e-5
-88.25	0.0	1.4e-5
-88.125	0.0	1.4e-5
-88.0	0.0	1.4e-5
-87.875	0.0	1.5e-5
-87.75	0.0	1.5e-5
-87.625	0.0	1.5e-5
-87.5	0.0	1.5e-5
-87.375	0.0	1.5e-5
-87.25	0.0	1.5e-5
-87.125	0.0	1.5e-5
-87.0	0.0	1.5e-5
-86.875	0.0	1.5e-5
-86.75	0.0	1.5e-5
-86.625	0.0	1.5e-5
-86.5	0.0	1.5e-5
-86.375	0.0	1.6e-5
-86.25	0.0	1.6e-5
-86.125	0.0	1.6e-5
-86.0	0.0	1.6e-5
-85.875	0.0	1.6e-5
-85.75	0.0	1.6e-5
-85.625	0.0	1.6e-5
-85.5	0.0	1.6e-5
-85.375	0.0	1.6e-5
-85.25	0.0	1.6e-5
-85.125	0.0	1.7e-5
-85.0	0.0	1.7e-5
-84.875	0.0	1.7e-5
-84.75	0.0	1.7e-5
-84.625	0.0	1.7e-5
-84.5	0.0	1.7e-5
-84.375	0.0	1.7e-5
-84.25	0.0	1.7e-5
-84.125	0.0	1.7e-5
-84.0	0.0	1.8e-5
-83.875	0.0	1.8e-5
-83.75	0.0	1.8e-5
-83.625	0.0	1.8e-5
-83.5	0.0	1.8e-5
-83.375	0.0	1.8e-5
-83.25	0.0	1.8e-5
-83.125	0.0	1.8e-5
-83.0	0.0	1.8e-5
-82.875	0.0	1.9e-5
-82.75	0.0	1.9e-5
-82.625	0.0	1.9e-5
-82.5	0.0	1.9e-5
-82.375	0.0	1.9e-5
-82.25	0.0	1.9e-5
-82.125	0.0	1.9e-5
-82.0	0.0	1.9e-5
-81.875	0.0	2.0e-5
-81.75	0.0	2.0e-5
-81.625	0.0	2.0e-5
-81.5	0.0	2.0e-5
-81.375	0.0	2.0e-5
-81.25	0.0	2.0e-5
-81.125	0.0	2.0e-5
-81.0	0.0	2.0e-5
-80.875	0.0	2.1e-5
-80.75	0.0	2.1e-5
-80.625	0.0	2.1e-5
-80.5	0.0	2.1e-5
-80.375	0.0	2.1e-5
-80.25	0.0	2.1e-5
-80.125	0.0	2.1e-5
-80.0	0.0	2.2e-5
-79.875	0.0	2.2e-5
-79.75	0.0	2.2e-5
-79.625	0.0	2.2e-5
-79.5	0.0	2.2e-5
-79.375	0.0	2.2e-5
-79.25	0.0	2.2e-5
-79.125	0.0	2.3e-5
-79.0	0.0	2.3e-5
-78.875	0.0	2.3e-5
-78.75	0.0	2.3e-5
-78.625	0.0	2.3e-5
-78.5	0.0	2.3e-5
-78.375	0.0	2.3e-5
-78.25	0.0	2.4e-5
-78.125	0.0	2.4e-5
-78.0	0.0	2.4e-5
-77.875	0.0	2.4e-5
-77.75	0.0	2.4e-5
-77.625	0.0	2.4e-5
-77.5	0.0	2.5e-5
-77.375	0.0	2.5e-5
-77.25	0.0	2.5e-5
-77.125	0.0	2.5e-5
-77.0	0.0	2.5e-5
-76.875	0.0	2.5e-5
-76.75	0.0	2.6e-5
-76.625	0.0	2.6e-5
-76.5	0.0	2.6e-5
-76.375	0.0	2.6e-5
-76.25	0.0	2.6e-5
-76.125	0.0	2.7e-5
-76.0	0.0	2.7e-5
-75.875	0.0	2.7e-5
-75.75	0.0	2.7e-5
-75.625	0.0	2.7e-5
-75.5	0.0	2.7e-5
-75.375	0.0	2.8e-5
-75.25	0.0	2.8e-5
-75.125	0.0	2.8e-5
-75.0	0.0	2.8e-5
-74.875	0.0	2.8e-5
-74.75	0.0	2.9e-5
-74.625	0.0	2.9e-5
-74.5	0.0	2.9e-5
-74.375	0.0	2.9e-5
-74.25	0.0	2.9e-5
-74.125	0.0	3.0e-5
-74.0	0.0	3.0e-5
-73.875	0.0	3.0e-5
-73.75	0.0	3.0e-5
-73.625	0.0	3.1e-5
-73.5	0.0	3.1e-5
-73.375	0.0	3.1e-5
-73.25	0.0	3.1e-5
-73.125	0.0	3.1e-5
-73.0	0.0	3.2e-5
-72.875	0.0	3.2e-5
-72.75	0.0	3.2e-5
-72.625	0.0	3.2e-5
-72.5	0.0	3.3e-5
-72.375	0.0	3.3e-5
-72.25	0.0	3.3e-5
-72.125	0.0	3.3e-5
-72.0	0.0	3.4e-5
-71.875	0.0	3.4e-5
-71.75	0.0	3.4e-5
-71.625	0.0	3.4e-5
-71.5	0.0	3.5e-5
-71.375	0.0	3.5e-5
-71.25	0.0	3.5e-5
-71.125	0.0	3.5e-5
-71.0	0.0	3.6e-5
-70.875	0.0	3.6e-5
-70.75	0.0	3.6e-5
-70.625	0.0	3.7e-5
-70.5	0.0	3.7e-5
-70.375	0.0	3.7e-5
-70.25	0.0	3.7e-5
-70.125	0.0	3.8e-5
-70.0	0.0	3.8e-5
-69.875	0.0	3.8e-5
-69.75	0.0	3.9e-5
-69.625	0.0	3.9e-5
-69.5	0.0	3.9e-5
-69.375	0.0	3.9e-5
-69.25	0.0	4.0e-5
-69.125	0.0	4.0e-5
-69.0	0.0	4.0e-5
-68.875	0.0	4.1e-5
-68.75	0.0	4.1e-5
-68.625	0.0	4.1e-5
-68.5	0.0	4.2e-5
-68.375	0.0	4.2e-5
-68.25	0.0	4.2e-5
-68.125	0.0	4.3e-5
-68.0	0.0	4.3e-5
-67.875	0.0	4.3e-5
-67.75	0.0	4.4e-5
-67.625	0.0	4.4e-5
-67.5	0.0	4.4e-5
-67.375	0.0	4.5e-5
-67.25	0.0	4.5e-5
-67.125	0.0	4.5e-5
-67.0	0.0	4.6e-5
-66.875	0.0	4.6e-5
-66.75	0.0	4.7e-5
-66.625	0.0	4.7e-5
-66.5	0.0	4.7e-5
-66.375	0.0	4.8e-5
-66.25	0.0	4.8e-5
-66.125	0.0	4.8e-5
-66.0	0.0	4.9e-5
-65.875	0.0	4.9e-5
-65.75	0.0	5.0e-5
-65.625	0.0	5.0e-5
-65.5	0.0	5.1e-5
-65.375	0.0	5.1e-5
-65.25	0.0	5.1e-5
-65.125	0.0	5.2e-5
-65.0	0.0	5.2e-5
-64.875	0.0	5.3e-5
-64.75	0.0	5.3e-5
-64.625	0.0	5.4e-5
-64.5	0.0	5.4e-5
-64.375	0.0	5.4e-5
-64.25	0.0	5.5e-5
-64.125	0.0	5.5e-5
-64.0	0.0	5.6e-5
-63.875	0.0	5.6e-5
-63.75	0.0	5.7e-5
-63.625	0.0	5.7e-5
-63.5	0.0	5.8e-5
-63.375	0.0	5.8e-5
-63.25	0.0	5.9e-5
-63.125	0.0	5.9e-5
-63.0	0.0	6.0e-5
-62.875	0.0	6.0e-5
-62.75	0.0	6.1e-5
-62.625	0.0	6.1e-5
-62.5	0.0	6.2e-5
-62.375	0.0	6.3e-5
-62.25	0.0	6.3e-5
-62.125	0.0	6.4e-5
-62.0	0.0	6.4e-5
-61.875	0.0	6.5e-5
-61.75	0.0	6.5e-5
-61.625	0.0	6.6e-5
-61.5	0.0	6.7e-5
-61.375	0.0	6.7e-5
-61.25	0.0	6.8e-5
-61.125	0.0	6.8e-5
-61.0	0.0	6.9e-5
-60.875	0.0	7.0e-5
-60.75	0.0	7.0e-5
-60.625	0.0	7.1e-5
-60.5	0.0	7.2e-5
-60.375	0.0	7.2e-5
-60.25	0.0	7.3e-5
-60.125	0.0	7.4e-5
-60.0	0.0	7.4e-5
-59.875	0.0	7.5e-5
-59.75	0.0	7.6e-5
-59.625	0.0	7.6e-5
-59.5	0.0	7.7e-5
-59.375	0.0	7.8e-5
-59.25	0.0	7.8e-5
-59.125	0.0	7.9e-5
-59.0	0.0	8.0e-5
-58.875	0.0	8.0e-5
-58.75	0.0	8.1e-5
-58.625	0.0	8.1e-5
-58.5	0.0	8.2e-5
-58.375	0.0	8.3e-5
-58.25	0.0	8.3e-5
-58.125	0.0	8.4e-5
-58.0	0.0	8.4e-5
-57.875	0.0	8.5e-5
-57.75	0.0	8.5e-5
-57.625	0.0	8.6e-5
-57.5	0.0	8.6e-5
-57.375	0.0	8.7e-5
-57.25	0.0	8.7e-5
-57.125	0.0	8.7e-5
-57.0	0.0	8.8e-5
-56.875	0.0	8.8e-5
-56.75	0.0	8.9e-5
-56.625	0.0	8.9e-5
-56.5	0.0	9.0e-5
-56.375	0.0	9.0e-5
-56.25	0.0	9.1e-5
-56.125	0.0	9.1e-5
-56.0	0.0	9.2e-5
-55.875	0.0	9.3e-5
-55.75	0.0	9.5e-5
-55.625	0.0	9.6e-5
-55.5	0.0	9.8e-5
-55.375	0.0	0.0001
-55.25	0.0	0.000102
-55.125	0.0	0.000105
-55.0	0.0	0.000108
-54.875	0.0	0.000112
-54.75	0.0	0.000116
-54.625	0.0	0.000121
-54.5	0.0	0.000127
-54.375	0.0	0.000133
-54.25	0.0	0.000141
-54.125	0.0	0.000149
-54.0	0.0	0.000158
-53.875	0.0	0.000168
-53.75	0.0	0.000179
-53.625	0.0	0.000192
-53.5	0.0	0.000205
-53.375	0.0	0.000219
-53.25	0.0	0.000235
-53.125	0.0	0.000252
-53.0	0.0	0.000269
-52.875	0.0	0.000288
-52.75	0.0	0.000307
-52.625	0.0	0.000327
-52.5	0.0	0.000347
-52.375	0.0	0.000368
-52.25	0.0	0.000388
-52.125	0.0	0.000408
-52.0	0.0	0.000426
-51.875	0.0	0.000444
-51.75	0.0	0.000459
-51.625	0.0	0.000472
-51.5	0.0	0.000481
-51.375	0.0	0.000487
-51.25	0.0	0.000488
-51.125	0.0	0.000482
-51.0	0.0	0.00047
-50.875	0.0	0.000451
-50.75	0.0	0.000422
-50.625	0.0	0.000383
-50.5	0.0	0.000333
-50.375	0.0	0.000271
-50.25	0.0	0.000194
-50.125	0.0	0.000103
-50.0	0.0	-4.0e-6
-49.875	0.0	-0.000129
-49.75	1.0e-6	-0.000272
-49.625	1.0e-6	-0.000434
-49.5	1.0e-6	-0.000617
-49.375	1.0e-6	-0.000821
-49.25	1.0e-6	-0.001046
-49.125	1.0e-6	-0.001293
-49.0	1.0e-6	-0.001561
-48.875	2.0e-6	-0.00185
-48.75	2.0e-6	-0.00216
-48.625	2.0e-6	-0.002489
-48.5	3.0e-6	-0.002835
-48.375	3.0e-6	-0.003196
-48.25	4.0e-6	-0.003569
-48.125	5.0e-6	-0.003951
-48.0	5.0e-6	-0.004337
-47.875	6.0e-6	-0.004723
-47.75	7.0e-6	-0.005103
-47.625	8.0e-6	-0.005471
-47.5	1.0e-5	-0.005818
-47.375	1.1e-5	-0.006138
-47.25	1.3e-5	-0.00642
-47.125	1.5e-5	-0.006657
-47.0	1.8e-5	-0.006835
-46.875	2.0e-5	-0.006946
-46.75	2.4e-5	-0.006976
-46.625	2.7e-5	-0.006913
-46.5	3.1e-5	-0.006743
-46.375	3.6e-5	-0.006453
-46.25	4.2e-5	-0.006029
-46.125	4.8e-5	-0.005458
-46.0	5.5e-5	-0.004724
-45.875	6.4e-5	-0.003814
-45.75	7.3e-5	-0.002714
-45.625	8.4e-5	-0.001413
-45.5	9.6e-5	0.000103
-45.375	0.000111	0.001843
-45.25	0.000127	0.003816
-45.125	0.000145	0.00603
-45.0	0.000165	0.008488
-44.875	0.000189	0.011194
-44.75	0.000216	0.014147
-44.625	0.000246	0.017342
-44.5	0.00028	0.020771
-44.375	0.000319	0.024424
-44.25	0.000362	0.028283
-44.125	0.000411	0.032328
-44.0	0.000467	0.036533
-43.875	0.00053	0.040866
-43.75	0.0006	0.045292
-43.625	0.000679	0.049767
-43.5	0.000768	0.054243
-43.375	0.000868	0.058666
-43.25	0.00098	0.062976
-43.125	0.001106	0.067108
-43.0	0.001246	0.070989
-42.875	0.001404	0.074544
-42.75	0.001579	0.07769
-42.625	0.001775	0.080341
-42.5	0.001994	0.082407
-42.375	0.002237	0.083796
-42.25	0.002508	0.084411
-42.125	0.00281	0.084155
-42.0	0.003145	0.082931
-41.875	0.003516	0.080643
-41.75	0.003929	0.077196
-41.625	0.004385	0.072499
-41.5	0.004891	0.066466
-41.375	0.00545	0.059018
-41.25	0.006068	0.050084
-41.125	0.00675	0.039602
-41.0	0.007501	0.027522
-40.875	0.008329	0.013809
-40.75	0.009241	-0.001559
-40.625	0.010243	-0.018586
-40.5	0.011344	-0.037257
-40.375	0.012553	-0.057538
-40.25	0.013878	-0.079373
-40.125	0.015329	-0.102682
-40.0	0.016918	-0.127362
-39.875	0.018654	-0.153282
-39.75	0.020551	-0.180289
-39.625	0.022621	-0.208199
-39.5	0.024878	-0.236805
-39.375	0.027335	-0.265871
-39.25	0.03001	-0.295133
-39.125	0.032917	-0.324305
-39.0	0.036074	-0.353072
-38.875	0.039499	-0.381101
-38.75	0.043211	-0.408032
-38.625	0.047231	-0.43349
-38.5	0.05158	-0.457084
-38.375	0.056279	-0.478407
-38.25	0.061354	-0.497045
-38.125	0.066827	-0.512578
-38.0	0.072724	-0.524585
-37.875	0.079073	-0.532648
-37.75	0.0859	-0.536359
-37.625	0.093235	-0.535321
-37.5	0.101108	-0.52916
-37.375	0.10955	-0.517524
-37.25	0.118593	-0.500093
-37.125	0.128269	-0.476585
-37.0	0.138614	-0.446757
-36.875	0.149662	-0.410418
-36.75	0.161448	-0.367429
-36.625	0.174011	-0.31771
-36.5	0.187386	-0.261244
-36.375	0.201613	-0.198084
-36.25	0.21673	-0.128357
-36.125	0.232776	-0.052262
-36.0	0.249791	0.02992
-35.875	0.267816	0.117827
-35.75	0.286889	0.211016
-35.625	0.307052	0.308961
-35.5	0.328343	0.411055
-35.375	0.350804	0.516608
-35.25	0.374472	0.624854
-35.125	0.399387	0.734953
-35.0	0.425587	0.845992
-34.875	0.453109	0.956999
-34.75	0.481987	1.066939
-34.625	0.512257	1.174733
-34.5	0.543951	1.279257
-34.375	0.5771	1.379357
-34.25	0.611732	1.473862
-34.125	0.647875	1.561586
-34.0	0.685553	1.641351
-33.875	0.724786	1.711992
-33.75	0.765593	1.772373
-33.625	0.807989	1.821401
-33.5	0.851986	1.858037
-33.375	0.897591	1.881313
-33.25	0.94481	1.890343
-33.125	0.993641	1.884335
-33.0	1.04408	1.862609
-32.875	1.096119	1.824602
-32.75	1.149744	1.769886
-32.625	1.204935	1.698171
-32.5	1.26167	1.609321
-32.375	1.319919	1.503356
-32.25	1.379647	1.380465
-32.125	1.440815	1.241002
-32.0	1.503377	1.085496
-31.875	1.567281	0.91465
-31.75	1.63247	0.72934
-31.625	1.698881	0.530613
-31.5	1.766445	0.319681
-31.375	1.835087	0.097918
-31.25	1.904727	-0.133155
-31.125	1.975277	-0.371871
-31.0	2.046646	-0.616438
-30.875	2.118736	-0.864949
-30.75	2.191444	-1.115398
-30.625	2.264661	-1.365698
-30.5	2.338275	-1.613701
-30.375	2.412166	-1.857214
-30.25	2.486213	-2.094024
-30.125	2.560288	-2.321918
-30.0	2.63426	-2.538706
-29.875	2.707995	-2.742243
-29.75	2.781355	-2.930453
-29.625	2.854201	-3.101349
-29.5	2.926388	-3.253057
-29.375	2.997773	-3.383839
-29.25	3.068209	-3.49211
-29.125	3.137549	-3.576459
-29.0	3.205645	-3.635668
-28.875	3.27235	-3.668723
-28.75	3.337517	-3.674834
-28.625	3.401	-3.653445
-28.5	3.462654	-3.604241
-28.375	3.522338	-3.527157
-28.25	3.579912	-3.422386
-28.125	3.63524	-3.290373
-28.0	3.688189	-3.131823
-27.875	3.738631	-2.94769
-27.75	3.786443	-2.739177
-27.625	3.831508	-2.507721
-27.5	3.873712	-2.254987
-27.375	3.912951	-1.982849
-27.25	3.949124	-1.693379
-27.125	3.982141	-1.38882
-27.0	4.011916	-1.071575
-26.875	4.038373	-0.744177
-26.75	4.061443	-0.409267
-26.625	4.081067	-0.069571
-26.5	4.097193	0.272131
-26.375	4.10978	0.613028
-26.25	4.118795	0.950309
-26.125	4.124213	1.281188
-26.0	4.126021	1.602931
-25.875	4.124213	1.912889
-25.75	4.118795	2.208515
-25.625	4.109781	2.487397
-25.5	4.097194	2.747276
-25.375	4.081068	2.986072
-25.25	4.061444	3.201901
-25.125	4.038373	3.393094
-25.0	4.011917	3.558214
-24.875	3.982142	3.696065
-24.75	3.949126	3.805706
-24.625	3.912952	3.886459
-24.5	3.873714	3.93791
-24.375	3.831509	3.959913
-24.25	3.786445	3.952591
-24.125	3.738633	3.916328
-24.0	3.688191	3.851768
-23.875	3.635242	3.759801
-23.75	3.579914	3.641553
-23.625	3.522341	3.498372
-23.5	3.462657	3.331814
-23.375	3.401002	3.14362
-23.25	3.33752	2.935701
-23.125	3.272353	2.710115
-23.0	3.205647	2.469042
-22.875	3.137551	2.214764
-22.75	3.068211	1.949639
-22.625	2.997775	1.676078
-22.5	2.926391	1.396518
-22.375	2.854203	1.113398
-22.25	2.781358	0.829136
-22.125	2.707998	0.546108
-22.0	2.634263	0.26662
-21.875	2.560291	-0.007109
-21.75	2.486216	-0.272967
-21.625	2.412169	-0.528968
-21.5	2.338278	-0.773271
-21.375	2.264664	-1.004187
-21.25	2.191447	-1.220199
-21.125	2.118739	-1.419968
-21.0	2.046649	-1.602344
-20.875	1.97528	-1.766368
-20.75	1.90473	-1.91128
-20.625	1.83509	-2.036517
-20.5	1.766448	-2.141715
-20.375	1.698884	-2.226704
-20.25	1.632473	-2.291505
-20.125	1.567283	-2.336322
-20.0	1.503379	-2.361536
-19.875	1.440817	-2.367692
-19.75	1.379649	-2.355489
-19.625	1.319921	-2.325769
-19.5	1.261672	-2.279502
-19.375	1.204937	-2.217769
-19.25	1.149746	-2.141753
-19.125	1.096121	-2.052717
-19.0	1.044082	-1.951993
-18.875	0.993643	-1.840962
-18.75	0.944811	-1.721041
-18.625	0.897593	-1.593666
-18.5	0.851987	-1.460278
-18.375	0.80799	-1.322308
-18.25	0.765594	-1.18116
-18.125	0.724787	-1.038204
-18.0	0.685554	-0.894759
-17.875	0.647877	-0.752086
-17.75	0.611734	-0.611375
-17.625	0.577101	-0.473737
-17.5	0.543952	-0.340198
-17.375	0.512258	-0.211692
-17.25	0.481988	-0.089057
-17.125	0.45311	0.02697
-17.0	0.425588	0.135752
-16.875	0.399388	0.236757
-16.75	0.374473	0.329557
-16.625	0.350805	0.413823
-16.5	0.328344	0.489329
-16.375	0.307052	0.555942
-16.25	0.28689	0.613623
-16.125	0.267816	0.66242
-16.0	0.249792	0.702463
-15.875	0.232777	0.733957
-15.75	0.21673	0.757177
-15.625	0.201613	0.772458
-15.5	0.187387	0.780192
-15.375	0.174011	0.780818
-15.25	0.161449	0.774814
-15.125	0.149662	0.762691
-15.0	0.138614	0.744986
-14.875	0.12827	0.722252
-14.75	0.118593	0.695055
-14.625	0.109551	0.663964
-14.5	0.101109	0.629549
-14.375	0.093236	0.592368
-14.25	0.0859	0.552971
-14.125	0.079073	0.511886
-14.0	0.072724	0.469623
-13.875	0.066827	0.426663
-13.75	0.061354	0.383461
-13.625	0.05628	0.340437
-13.5	0.05158	0.297981
-13.375	0.047231	0.256446
-13.25	0.043211	0.216147
-13.125	0.039499	0.177364
-13.0	0.036074	0.14034
-12.875	0.032917	0.10528
-12.75	0.03001	0.072353
-12.625	0.027336	0.041693
-12.5	0.024878	0.013399
-12.375	0.022621	-0.012459
-12.25	0.020551	-0.035845
-12.125	0.018654	-0.056749
-12.0	0.016918	-0.075189
-11.875	0.015329	-0.091204
-11.75	0.013878	-0.104858
-11.625	0.012553	-0.116231
-11.5	0.011345	-0.12542
-11.375	0.010243	-0.132537
-11.25	0.009241	-0.137704
-11.125	0.00833	-0.141053
-11.0	0.007501	-0.142723
-10.875	0.00675	-0.142859
-10.75	0.006068	-0.141606
-10.625	0.00545	-0.139111
-10.5	0.004891	-0.135523
-10.375	0.004385	-0.130984
-10.25	0.003929	-0.125635
-10.125	0.003516	-0.119613
-10.0	0.003145	-0.113046
-9.875	0.00281	-0.106058
-9.75	0.002508	-0.098764
-9.625	0.002237	-0.09127
-9.5	0.001994	-0.083677
-9.375	0.001775	-0.076072
-9.25	0.001579	-0.068537
-9.125	0.001404	-0.061143
-9.0	0.001246	-0.053954
-8.875	0.001106	-0.047022
-8.75	0.00098	-0.040395
-8.625	0.000868	-0.034108
-8.5	0.000768	-0.028192
-8.375	0.000679	-0.022668
-8.25	0.0006	-0.017553
-8.125	0.00053	-0.012856
-8.0	0.000467	-0.00858
-7.875	0.000411	-0.004724
-7.75	0.000362	-0.001282
-7.625	0.000319	0.001756
-7.5	0.00028	0.004405
-7.375	0.000246	0.006679
-7.25	0.000216	0.008599
-7.125	0.000189	0.010185
-7.0	0.000165	0.011459
-6.875	0.000145	0.012444
-6.75	0.000127	0.013164
-6.625	0.000111	0.013644
-6.5	9.6e-5	0.013907
-6.375	8.4e-5	0.013977
-6.25	7.3e-5	0.013877
-6.125	6.4e-5	0.013631
-6.0	5.5e-5	0.013258
-5.875	4.8e-5	0.01278
-5.75	4.2e-5	0.012215
-5.625	3.6e-5	0.011581
-5.5	3.1e-5	0.010895
-5.375	2.7e-5	0.010171
-5.25	2.4e-5	0.009424
-5.125	2.0e-5	0.008664
-5.0	1.8e-5	0.007903
-4.875	1.5e-5	0.00715
-4.75	1.3e-5	0.006414
-4.625	1.1e-5	0.0057
-4.5	1.0e-5	0.005015
-4.375	8.0e-6	0.004363
-4.25	7.0e-6	0.003747
-4.125	6.0e-6	0.003171
-4.0	5.0e-6	0.002636
-3.875	5.0e-6	0.002142
-3.75	4.0e-6	0.001691
-3.625	3.0e-6	0.001282
-3.5	3.0e-6	0.000915
-3.375	2.0e-6	0.000587
-3.25	2.0e-6	0.000298
-3.125	2.0e-6	4.6e-5
-3.0	1.0e-6	-0.000171
-2.875	1.0e-6	-0.000356
-2.75	1.0e-6	-0.000511
-2.625	1.0e-6	-0.000637
-2.5	1.0e-6	-0.000739
-2.375	1.0e-6	-0.000817
-2.25	1.0e-6	-0.000874
-2.125	0.0	-0.000914
-2.0	0.0	-0.000937
-1.875	0.0	-0.000946
-1.75	0.0	-0.000942
-1.625	0.0	-0.000929
-1.5	0.0	-0.000907
-1.375	0.0	-0.000879
-1.25	0.0	-0.000844
-1.125	0.0	-0.000806
-1.0	0.0	-0.000764
-0.875	0.0	-0.000721
-0.75	0.0	-0.000677
-0.625	0.0	-0.000632
-0.5	0.0	-0.000587
-0.375	0.0	-0.000543
-0.25	0.0	-0.000501
-0.125	0.0	-0.00046
0.0	0.0	-0.000422
0.125	0.0	-0.000385
0.25	0.0	-0.000351
0.375	0.0	-0.00032
0.5	0.0	-0.00029
0.625	0.0	-0.000264
0.75	0.0	-0.000239
0.875	0.0	-0.000217
1.0	0.0	-0.000198
1.125	0.0	-0.00018
1.25	0.0	-0.000165
1.375	0.0	-0.000151
1.5	0.0	-0.000139
1.625	0.0	-0.000129
1.75	0.0	-0.000121
1.875	0.0	-0.000113
2.0	0.0	-0.000107
2.125	0.0	-0.000102
2.25	0.0	-9.8e-5
2.375	0.0	-9.5e-5
2.5	0.0	-9.2e-5
2.625	0.0	-9.0e-5
2.75	0.0	-8.9e-5
2.875	0.0	-8.8e-5
3.0	0.0	-8.7e-5
3.125	0.0	-8.7e-5
3.25	0.0	-8.6e-5
3.375	0.0	-8.6e-5
3.5	0.0	-8.7e-5
3.625	0.0	-8.7e-5
3.75	0.0	-8.7e-5
3.875	0.0	-8.7e-5
4.0	0.0	-8.8e-5
4.125	0.0	-8.8e-5
4.25	0.0	-8.8e-5
4.375	0.0	-8.9e-5
4.5	0.0	-8.9e-5
4.625	0.0	-8.9e-5
4.75	0.0	-8.9e-5
4.875	0.0	-8.9e-5
5.0	0.0	-8.9e-5
5.125	0.0	-8.8e-5
5.25	0.0	-8.8e-5
5.375	0.0	-8.8e-5
5.5	0.0	-8.8e-5
5.625	0.0	-8.7e-5
5.75	0.0	-8.7e-5
5.875	0.0	-8.6e-5
6.0	0.0	-8.6e-5
6.125	0.0	-8.5e-5
6.25	0.0	-8.4e-5
6.375	0.0	-8.4e-5
6.5	0.0	-8.3e-5
6.625	0.0	-8.2e-5
6.75	0.0	-8.2e-5
6.875	0.0	-8.1e-5
7.0	0.0	-8.0e-5
7.125	0.0	-8.0e-5
7.25	0.0	-7.9e-5
7.375	0.0	-7.8e-5
7.5	0.0	-7.7e-5
7.625	0.0	-7.7e-5
7.75	0.0	-7.6e-5
7.875	0.0	-7.5e-5
8.0	0.0	-7.5e-5
8.125	0.0	-7.4e-5
8.25	0.0	-7.3e-5
8.375	0.0	-7.2e-5
8.5	0.0	-7.2e-5
8.625	0.0	-7.1e-5
8.75	0.0	-7.0e-5
8.875	0.0	-7.0e-5
9.0	0.0	-6.9e-5
9.125	0.0	-6.8e-5
9.25	0.0	-6.8e-5
9.375	0.0	-6.7e-5
9.5	0.0	-6.7e-5
9.625	0.0	-6.6e-5
9.75	0.0	-6.5e-5
9.875	0.0	-6.5e-5
10.0	0.0	-6.4e-5
10.125	0.0	-6.4e-5
10.25	0.0	-6.3e-5
10.375	0.0	-6.3e-5
10.5	0.0	-6.2e-5
10.625	0.0	-6.1e-5
10.75	0.0	-6.1e-5
10.875	0.0	-6.0e-5
11.0	0.0	-6.0e-5
11.125	0.0	-5.9e-5
11.25	0.0	-5.9e-5
11.375	0.0	-5.8e-5
11.5	0.0	-5.8e-5
11.625	0.0	-5.7e-5
11.75	0.0	-5.7e-5
11.875	0.0	-5.6e-5
12.0	0.0	-5.6e-5
12.125	0.0	-5.5e-5
12.25	0.0	-5.5e-5
12.375	0.0	-5.4e-5
12.5	0.0	-5.4e-5
12.625	0.0	-5.4e-5
12.75	0.0	-5.3e-5
12.875	0.0	-5.3e-5
13.0	0.0	-5.2e-5
13.125	0.0	-5.2e-5
13.25	0.0	-5.1e-5
13.375	0.0	-5.1e-5
13.5	0.0	-5.1e-5
13.625	0.0	-5.0e-5
13.75	0.0	-5.0e-5
13.875	0.0	-4.9e-5
14.0	0.0	-4.9e-5
14.125	0.0	-4.8e-5
14.25	0.0	-4.8e-5
14.375	0.0	-4.8e-5
14.5	0.0	-4.7e-5
14.625	0.0	-4.7e-5
14.75	0.0	-4.7e-5
14.875	0.0	-4.6e-5
15.0	0.0	-4.6e-5
15.125	0.0	-4.5e-5
15.25	0.0	-4.5e-5
15.375	0.0	-4.5e-5
15.5	0.0	-4.4e-5
15.625	0.0	-4.4e-5
15.75	0.0	-4.4e-5
15.875	0.0	-4.3e-5
16.0	0.0	-4.3e-5
16.125	0.0	-4.3e-5
16.25	0.0	-4.2e-5
16.375	0.0	-4.2e-5
16.5	0.0	-4.2e-5
16.625	0.0	-4.1e-5
16.75	0.0	-4.1e-5
16.875	0.0	-4.1e-5
17.0	0.0	-4.0e-5
17.125	0.0	-4.0e-5
17.25	0.0	-4.0e-5
17.375	0.0	-3.9e-5
17.5	0.0	-3.9e-5
17.625	0.0	-3.9e-5
17.75	0.0	-3.9e-5
17.875	0.0	-3.8e-5
18.0	0.0	-3.8e-5
18.125	0.0	-3.8e-5
18.25	0.0	-3.7e-5
18.375	0.0	-3.7e-5
18.5	0.0	-3.7e-5
18.625	0.0	-3.7e-5
18.75	0.0	-3.6e-5
18.875	0.0	-3.6e-5
19.0	0.0	-3.6e-5
19.125	0.0	-3.5e-5
19.25	0.0	-3.5e-5
19.375	0.0	-3.5e-5
19.5	0.0	-3.5e-5
19.625	0.0	-3.4e-5
19.75	0.0	-3.4e-5
19.875	0.0	-3.4e-5
20.0	0.0	-3.4e-5
20.125	0.0	-3.3e-5
20.25	0.0	-3.3e-5
20.375	0.0	-3.3e-5
20.5	0.0	-3.3e-5
20.625	0.0	-3.2e-5
20.75	0.0	-3.2e-5
20.875	0.0	-3.2e-5
21.0	0.0	-3.2e-5
21.125	0.0	-3.1e-5
21.25	0.0	-3.1e-5
21.375	0.0	-3.1e-5
21.5	0.0	-3.1e-5
21.625	0.0	-3.1e-5
21.75	0.0	-3.0e-5
21.875	0.0	-3.0e-5
22.0	0.0	-3.0e-5
22.125	0.0	-3.0e-5
22.25	0.0	-2.9e-5
22.375	0.0	-2.9e-5
22.5	0.0	-2.9e-5
22.625	0.0	-2.9e-5
22.75	0.0	-2.9e-5
22.875	0.0	-2.8e-5
23.0	0.0	-2.8e-5
23.125	0.0	-2.8e-5
23.25	0.0	-2.8e-5
23.375	0.0	-2.8e-5
23.5	0.0	-2.7e-5
23.625	0.0	-2.7e-5
23.75	0.0	-2.7e-5
23.875	0.0	-2.7e-5
24.0	0.0	-2.7e-5
24.125	0.0	-2.7e-5
24.25	0.0	-2.6e-5
24.375	0.0	-2.6e-5
24.5	0.0	-2.6e-5
24.625	0.0	-2.6e-5
24.75	0.0	-2.6e-5
24.875	0.0	-2.5e-5
25.0	0.0	-2.5e-5
25.125	0.0	-2.5e-5
25.25	0.0	-2.5e-5
25.375	0.0	-2.5e-5
25.5	0.0	-2.5e-5
25.625	0.0	-2.4e-5
25.75	0.0	-2.4e-5
25.875	0.0	-2.4e-5
26.0	0.0	-2.4e-5
26.125	0.0	-2.4e-5
26.25	0.0	-2.4e-5
26.375	0.0	-2.3e-5
26.5	0.0	-2.3e-5
26.625	0.0	-2.3e-5
26.75	0.0	-2.3e-5
26.875	0.0	-2.3e-5
27.0	0.0	-2.3e-5
27.125	0.0	-2.3e-5
27.25	0.0	-2.2e-5
27.375	0.0	-2.2e-5
27.5	0.0	-2.2e-5
27.625	0.0	-2.2e-5
27.75	0.0	-2.2e-5
27.875	0.0	-2.2e-5
28.0	0.0	-2.2e-5
28.125	0.0	-2.1e-5
28.25	0.0	-2.1e-5
28.375	0.0	-2.1e-5
28.5	0.0	-2.1e-5
28.625	0.0	-2.1e-5
28.75	0.0	-2.1e-5
28.875	0.0	-2.1e-5
29.0	0.0	-2.0e-5
29.125	0.0	-2.0e-5
29.25	0.0	-2.0e-5
29.375	0.0	-2.0e-5
29.5	0.0	-2.0e-5
29.625	0.0	-2.0e-5
29.75	0.0	-2.0e-5
29.875	0.0	-2.0e-5
30.0	0.0	-1.9e-5
30.125	0.0	-1.9e-5
30.25	0.0	-1.9e-5
30.375	0.0	-1.9e-5
30.5	0.0	-1.9e-5
30.625	0.0	-1.9e-5
30.75	0.0	-1.9e-5
30.875	0.0	-1.9e-5
31.0	0.0	-1.8e-5
31.125	0.0	-1.8e-5
31.25	0.0	-1.8e-5
31.375	0.0	-1.8e-5
31.5	0.0	-1.8e-5
31.625	0.0	-1.8e-5
31.75	0.0	-1.8e-5
31.875	0.0	-1.8e-5
32.0	0.0	-1.8e-5
32.125	0.0	-1.7e-5
32.25	0.0	-1.7e-5
32.375	0.0	-1.7e-5
32.5	0.0	-1.7e-5
32.625	0.0	-1.7e-5
32.75	0.0	-1.7e-5
32.875	0.0	-1.7e-5
33.0	0.0	-1.7e-5
33.125	0.0	-1.7e-5
33.25	0.0	-1.6e-5
33.375	0.0	-1.6e-5
33.5	0.0	-1.6e-5
33.625	0.0	-1.6e-5
33.75	0.0	-1.6e-5
33.875	0.0	-1.6e-5
34.0	0.0	-1.6e-5
34.125	0.0	-1.6e-5
34.25	0.0	-1.6e-5
34.375	0.0	-1.6e-5
34.5	0.0	-1.6e-5
34.625	0.0	-1.5e-5
34.75	0.0	-1.5e-5
34.875	0.0	-1.5e-5
35.0	0.0	-1.5e-5
35.125	0.0	-1.5e-5
35.25	0.0	-1.5e-5
35.375	0.0	-1.5e-5
35.5	0.0	-1.5e-5
35.625	0.0	-1.5e-5
35.75	0.0	-1.5e-5
35.875	0.0	-1.5e-5
36.0	0.0	-1.4e-5
36.125	0.0	-1.4e-5
36.25	0.0	-1.4e-5
36.375	0.0	-1.4e-5
36.5	0.0	-1.4e-5
36.625	0.0	-1.4e-5
36.75	0.0	-1.4e-5
36.875	0.0	-1.4e-5
37.0	0.0	-1.4e-5
37.125	0.0	-1.4e-5
37.25	0.0	-1.4e-5
37.375	0.0	-1.4e-5
37.5	0.0	-1.3e-5
37.625	0.0	-1.3e-5
37.75	0.0	-1.3e-5
37.875	0.0	-1.3e-5
38.0	0.0	-1.3e-5
38.125	0.0	-1.3e-5
38.25	0.0	-1.3e-5
38.375	0.0	-1.3e-5
38.5	0.0	-1.3e-5
38.625	0.0	-1.3e-5
38.75	0.0	-1.3e-5
38.875	0.0	-1.3e-5
39.0	0.0	-1.3e-5
39.125	0.0	-1.2e-5
39.25	0.0	-1.2e-5
39.375	0.0	-1.2e-5
39.5	0.0	-1.2e-5
39.625	0.0	-1.2e-5
39.75	0.0	-1.2e-5
39.875	0.0	-1.2e-5
40.0	0.0	-1.2e-5
40.125	0.0	-1.2e-5
40.25	0.0	-1.2e-5
40.375	0.0	-1.2e-5
40.5	0.0	-1.2e-5
40.625	0.0	-1.2e-5
40.75	0.0	-1.2e-5
40.875	0.0	-1.2e-5
41.0	0.0	-1.1e-5
41.125	0.0	-1.1e-5
41.25	0.0	-1.1e-5
41.375	0.0	-1.1e-5
41.5	0.0	-1.1e-5
41.625	0.0	-1.1e-5
41.75	0.0	-1.1e-5
41.875	0.0	-1.1e-5
42.0	0.0	-1.1e-5
42.125	0.0	-1.1e-5
42.25	0.0	-1.1e-5
42.375	0.0	-1.1e-5
42.5	0.0	-1.1e-5
42.625	0.0	-1.1e-5
42.75	0.0	-1.1e-5
42.875	0.0	-1.1e-5
43.0	0.0	-1.0e-5
43.125	0.0	-1.0e-5
43.25	0.0	-1.0e-5
43.375	0.0	-1.0e-5
43.5	0.0	-1.0e-5
43.625	0.0	-1.0e-5
43.75	0.0	-1.0e-5
43.875	0.0	-1.0e-5
44.0	0.0	-1.0e-5
44.125	0.0	-1.0e-5
44.25	0.0	-1.0e-5
44.375	0.0	-1.0e-5
44.5	0.0	-1.0e-5
44.625	0.0	-1.0e-5
44.75	0.0	-1.0e-5
44.875	0.0	-1.0e-5
45.0	0.0	-1.0e-5
45.125	0.0	-1.0e-5
45.25	0.0	-9.0e-6
45.375	0.0	-9.0e-6
45.5	0.0	-9.0e-6
45.625	0.0	-9.0e-6
45.75	0.0	-9.0e-6
45.875	0.0	-9.0e-6
46.0	0.0	-9.0e-6
46.125	0.0	-9.0e-6
46.25	0.0	-9.0e-6
46.375	0.0	-9.0e-6
46.5	0.0	-9.0e-6
46.625	0.0	-9.0e-6
46.75	0.0	-9.0e-6
46.875	0.0	-9.0e-6
47.0	0.0	-9.0e-6
47.125	0.0	-9.0e-6
47.25	0.0	-9.0e-6
47.375	0.0	-9.0e-6
47.5	0.0	-9.0e-6
47.625	0.0	-9.0e-6
47.75	0.0	-8.0e-6
47.875	0.0	-8.0e-6
48.0	0.0	-8.0e-6
48.125	0.0	-8.0e-6
48.25	0.0	-8.0e-6
48.375	0.0	-8.0e-6
48.5	0.0	-8.0e-6
48.625	0.0	-8.0e-6
48.75	0.0	-8.0e-6
48.875	0.0	-8.0e-6
49.0	0.0	-8.0e-6
49.125	0.0	-8.0e-6
49.25	0.0	-8.0e-6
49.375	0.0	-8.0e-6
49.5	0.0	-8.0e-6
49.625	0.0	-8.0e-6
49.75	0.0	-8.0e-6
49.875	0.0	-8.0e-6
50.0	0.0	-8.0e-6
50.125	0.0	-8.0e-6
50.25	0.0	-8.0e-6
50.375	0.0	-8.0e-6
50.5	0.0	-8.0e-6
50.625	0.0	-8.0e-6
50.75	0.0	-7.0e-6
50.875	0.0	-7.0e-6
51.0	0.0	-7.0e-6
51.125	0.0	-7.0e-6
51.25	0.0	-7.0e-6
51.375	0.0	-7.0e-6
51.5	0.0	-7.0e-6
51.625	0.0	-7.0e-6
51.75	0.0	-7.0e-6
51.875	0.0	-7.0e-6
52.0	0.0	-7.0e-6
52.125	0.0	-7.0e-6
52.25	0.0	-7.0e-6
52.375	0.0	-7.0e-6
52.5	0.0	-7.0e-6
52.625	0.0	-7.0e-6
52.75	0.0	-7.0e-6
52.875	0.0	-7.0e-6
53.0	0.0	-7.0e-6
53.125	0.0	-7.0e-6
53.25	0.0	-7.0e-6
53.375	0.0	-7.0e-6
53.5	0.0	-7.0e-6
53.625	0.0	-7.0e-6
53.75	0.0	-7.0e-6
53.875	0.0	-7.0e-6
54.0	0.0	-7.0e-6
54.125	0.0	-6.0e-6
54.25	0.0	-6.0e-6
54.375	0.0	-6.0e-6
54.5	0.0	-6.0e-6
54.625	0.0	-6.0e-6
54.75	0.0	-6.0e-6
54.875	0.0	-6.0e-6
55.0	0.0	-6.0e-6
55.125	0.0	-6.0e-6
55.25	0.0	-6.0e-6
55.375	0.0	-6.0e-6
55.5	0.0	-6.0e-6
55.625	0.0	-6.0e-6
55.75	0.0	-6.0e-6
55.875	0.0	-6.0e-6
56.0	0.0	-6.0e-6
56.125	0.0	-6.0e-6
56.25	0.0	-6.0e-6
56.375	0.0	-6.0e-6
56.5	0.0	-6.0e-6
56.625	0.0	-6.0e-6
56.75	0.0	-6.0e-6
56.875	0.0	-6.0e-6
57.0	0.0	-6.0e-6
57.125	0.0	-6.0e-6
57.25	0.0	-6.0e-6
57.375	0.0	-6.0e-6
57.5	0.0	-6.0e-6
57.625	0.0	-6.0e-6
57.75	0.0	-6.0e-6
57.875	0.0	-6.0e-6
58.0	0.0	-6.0e-6
58.125	0.0	-5.0e-6
58.25	0.0	-5.0e-6
58.375	0.0	-5.0e-6
58.5	0.0	-5.0e-6
58.625	0.0	-5.0e-6
58.75	0.0	-5.0e-6
58.875	0.0	-5.0e-6
59.0	0.0	-5.0e-6
59.125	0.0	-5.0e-6
59.25	0.0	-5.0e-6
59.375	0.0	-5.0e-6
59.5	0.0	-5.0e-6
59.625	0.0	-5.0e-6
59.75	0.0	-5.0e-6
59.875	0.0	-5.0e-6
60.0	0.0	-5.0e-6
60.125	0.0	-5.0e-6
60.25	0.0	-5.0e-6
60.375	0.0	-5.0e-6
60.5	0.0	-5.0e-6
60.625	0.0	-5.0e-6
60.75	0.0	-5.0e-6
60.875	0.0	-5.0e-6
61.0	0.0	-5.0e-6
61.125	0.0	-5.0e-6
61.25	0.0	-5.0e-6
61.375	0.0	-5.0e-6
61.5	0.0	-5.0e-6
61.625	0.0	-5.0e-6
61.75	0.0	-5.0e-6
61.875	0.0	-5.0e-6
62.0	0.0	-5.0e-6
62.125	0.0	-5.0e-6
62.25	0.0	-5.0e-6
62.375	0.0	-5.0e-6
62.5	0.0	-5.0e-6
62.625	0.0	-5.0e-6
62.75	0.0	-5.0e-6
62.875	0.0	-5.0e-6
63.0	0.0	-4.0e-6
63.125	0.0	-4.0e-6
63.25	0.0	-4.0e-6
63.375	0.0	-4.0e-6
63.5	0.0	-4.0e-6
63.625	0.0	-4.0e-6
63.75	0.0	-4.0e-6
63.875	0.0	-4.0e-6
64.0	0.0	-4.0e-6
64.125	0.0	-4.0e-6
64.25	0.0	-4.0e-6
64.375	0.0	-4.0e-6
64.5	0.0	-4.0e-6
64.625	0.0	-4.0e-6
64.75	0.0	-4.0e-6
64.875	0.0	-4.0e-6
65.0	0.0	-4.0e-6
65.125	0.0	-4.0e-6
65.25	0.0	-4.0e-6
65.375	0.0	-4.0e-6
65.5	0.0	-4.0e-6
65.625	0.0	-4.0e-6
65.75	0.0	-4.0e-6
65.875	0.0	-4.0e-6
66.0	0.0	-4.0e-6
66.125	0.0	-4.0e-6
66.25	0.0	-4.0e-6
66.375	0.0	-4.0e-6
66.5	0.0	-4.0e-6
66.625	0.0	-4.0e-6
66.75	0.0	-4.0e-6
66.875	0.0	-4.0e-6
67.0	0.0	-4.0e-6
67.125	0.0	-4.0e-6
67.25	0.0	-4.0e-6
67.375	0.0	-4.0e-6
67.5	0.0	-4.0e-6
67.625	0.0	-4.0e-6
67.75	0.0	-4.0e-6
67.875	0.0	-4.0e-6
68.0	0.0	-4.0e-6
68.125	0.0	-4.0e-6
68.25	0.0	-4.0e-6
68.375	0.0	-4.0e-6
68.5	0.0	-4.0e-6
68.625	0.0	-4.0e-6
68.75	0.0	-4.0e-6
68.875	0.0	-3.0e-6
69.0	0.0	-3.0e-6
69.125	0.0	-3.0e-6
69.25	0.0	-3.0e-6
69.375	0.0	-3.0e-6
69.5	0.0	-3.0e-6
69.625	0.0	-3.0e-6
69.75	0.0	-3.0e-6
69.875	0.0	-3.0e-6
70.0	0.0	-3.0e-6
70.125	0.0	-3.0e-6
70.25	0.0	-3.0e-6
70.375	0.0	-3.0e-6
70.5	0.0	-3.0e-6
70.625	0.0	-3.0e-6
70.75	0.0	-3.0e-6
70.875	0.0	-3.0e-6
71.0	0.0	-3.0e-6
71.125	0.0	-3.0e-6
71.25	0.0	-3.0e-6
71.375	0.0	-3.0e-6
71.5	0.0	-3.0e-6
71.625	0.0	-3.0e-6
71.75	0.0	-3.0e-6
71.875	0.0	-3.0e-6
72.0	0.0	-3.0e-6
72.125	0.0	-3.0e-6
72.25	0.0	-3.0e-6
72.375	0.0	-3.0e-6
72.5	0.0	-3.0e-6
72.625	0.0	-3.0e-6
72.75	0.0	-3.0e-6
72.875	0.0	-3.0e-6
73.0	0.0	-3.0e-6
73.125	0.0	-3.0e-6
73.25	0.0	-3.0e-6
73.375	0.0	-3.0e-6
73.5	0.0	-3.0e-6
73.625	0.0	-3.0e-6
73.75	0.0	-3.0e-6
73.875	0.0	-3.0e-6
74.0	0.0	-3.0e-6
74.125	0.0	-3.0e-6
74.25	0.0	-3.0e-6
74.375	0.0	-3.0e-6
74.5	0.0	-3.0e-6
74.625	0.0	-3.0e-6
74.75	0.0	-3.0e-6
74.875	0.0	-3.0e-6
75.0	0.0	-3.0e-6
75.125	0.0	-3.0e-6
75.25	0.0	-3.0e-6
75.375	0.0	-3.0e-6
75.5	0.0	-3.0e-6
75.625	0.0	-3.0e-6
75.75	0.0	-3.0e-6
75.875	0.0	-3.0e-6
76.0	0.0	-3.0e-6
76.125	0.0	-2.0e-6
76.25	0.0	-2.0e-6
76.375	0.0	-2.0e-6
76.5	0.0	-2.0e-6
76.625	0.0	-2.0e-6
76.75	0.0	-2.0e-6
76.875	0.0	-2.0e-6
77.0	0.0	-2.0e-6
77.125	0.0	-2.0e-6
77.25	0.0	-2.0e-6
77.375	0.0	-2.0e-6
77.5	0.0	-2.0e-6
77.625	0.0	-2.0e-6
77.75	0.0	-2.0e-6
77.875	0.0	-2.0e-6
78.0	0.0	-2.0e-6
78.125	0.0	-2.0e-6
78.25	0.0	-2.0e-6
78.375	0.0	-2.0e-6
78.5	0.0	-2.0e-6
78.625	0.0	-2.0e-6
78.75	0.0	-2.0e-6
78.875	0.0	-2.0e-6
79.0	0.0	-2.0e-6
79.125	0.0	-2.0e-6
79.25	0.0	-2.0e-6
79.375	0.0	-2.0e-6
79.5	0.0	-2.0e-6
79.625	0.0	-2.0e-6
79.75	0.0	-2.0e-6
79.875	0.0	-2.0e-6
80.0	0.0	-2.0e-6
80.125	0.0	-2.0e-6
80.25	0.0	-2.0e-6
80.375	0.0	-2.0e-6
80.5	0.0	-2.0e-6
80.625	0.0	-2.0e-6
80.75	0.0	-2.0e-6
80.875	0.0	-2.0e-6
81.0	0.0	-2.0e-6
81.125	0.0	-2.0e-6
81.25	0.0	-2.0e-6
81.375	0.0	-2.0e-6
81.5	0.0	-2.0e-6
81.625	0.0	-2.0e-6
81.75	0.0	-2.0e-6
81.875	0.0	-2.0e-6
82.0	0.0	-2.0e-6
82.125	0.0	-2.0e-6
82.25	0.0	-2.0e-6
82.375	0.0	-2.0e-6
82.5	0.0	-2.0e-6
82.625	0.0	-2.0e-6
82.75	0.0	-2.0e-6
82.875	0.0	-2.0e-6
83.0	0.0	-2.0e-6
83.125	0.0	-2.0e-6
83.25	0.0	-2.0e-6
83.375	0.0	-2.0e-6
83.5	0.0	-2.0e-6
83.625	0.0	-2.0e-6
83.75	0.0	-2.0e-6
83.875	0.0	-2.0e-6
84.0	0.0	-2.0e-6
84.125	0.0	-2.0e-6
84.25	0.0	-2.0e-6
84.375	0.0	-2.0e-6
84.5	0.0	-2.0e-6
84.625	0.0	-2.0e-6
84.75	0.0	-2.0e-6
84.875	0.0	-2.0e-6
85.0	0.0	-2.0e-6
85.125	0.0	-2.0e-6
85.25	0.0	-1.0e-6
85.375	0.0	-1.0e-6
85.5	0.0	-1.0e-6
85.625	0.0	-1.0e-6
85.75	0.0	-1.0e-6
85.875	0.0	-1.0e-6
86.0	0.0	-1.0e-6
86.125	0.0	-1.0e-6
86.25	0.0	-1.0e-6
86.375	0.0	-1.0e-6
86.5	0.0	-1.0e-6
86.625	0.0	-1.0e-6
86.75	0.0	-1.0e-6
86.875	0.0	-1.0e-6
87.0	0.0	-1.0e-6
87.125	0.0	-1.0e-6
87.25	0.0	-1.0e-6
87.375	0.0	-1.0e-6
87.5	0.0	-1.0e-6
87.625	0.0	-1.0e-6
87.75	0.0	-1.0e-6
87.875	0.0	-1.0e-6
88.0	0.0	-1.0e-6
88.125	0.0	-1.0e-6
88.25	0.0	-1.0e-6
88.375	0.0	-1.0e-6
88.5	0.0	-1.0e-6
88.625	0.0	-1.0e-6
88.75	0.0	-1.0e-6
88.875	0.0	-1.0e-6
89.0	0.0	-1.0e-6
89.125	0.0	-1.0e-6
89.25	0.0	-1.0e-6
89.375	0.0	-1.0e-6
89.5	0.0	-1.0e-6
89.625	0.0	-1.0e-6
89.75	0.0	-1.0e-6
89.875	0.0	-1.0e-6
90.0	0.0	-1.0e-6
90.125	0.0	-1.0e-6
90.25	0.0	-1.0e-6
90.375	0.0	-1.0e-6
90.5	0.0	0.0
90.625	0.0	0.0
90.75	0.0	0.0
90.875	0.0	0.0
91.0	0.0	0.0
91.125	0.0	0.0
91.25	0.0	0.0
91.375	0.0	0.0
91.5	0.0	0.0
91.625	0.0	0.0
91.75	0.0	0.0
91.875	0.0	0.0
92.0	0.0	0.0
92.125	0.0	0.0
92.25	0.0	0.0
92.375	0.0	0.0
92.5	0.0	0.0
92.625	0.0	0.0
92.75	0.0	0.0
92.875	0.0	0.0
93.0	0.0	0.0
93.125	0.0	0.0
93.25	0.0	0.0
93.375	0.0	0.0
93.5	0.0	0.0
93.625	0.0	0.0
93.75	0.0	0.0
93.875	0.0	0.0
94.0	0.0	0.0
94.125	0.0	0.0
94.25	0.0	0.0
94.375	0.0	0.0
94.5	0.0	0.0
94.625	0.0	0.0
94.75	0.0	0.0
94.875	0.0	0.0
95.0	0.0	0.0
95.125	0.0	0.0
95.25	0.0	0.0
95.375	0.0	0.0
95.5	0.0	0.0
95.625	0.0	0.0
95.75	0.0	0.0
95.875	0.0	0.0
96.0	0.0	0.0
96.125	0.0	0.0
96.25	0.0	0.0
96.375	0.0	0.0
96.5	0.0	0.0
96.625	0.0	0.0
96.75	0.0	0.0
96.875	0.0	0.0
97.0	0.0	0.0
97.125	0.0	0.0
97.25	0.0	0.0
97.375	0.0	0.0
97.5	0.0	0.0
97.625	0.0	0.0
97.75	0.0	0.0
97.875	0.0	0.0
98.0	0.0	0.0
98.125	0.0	0.0
98.25	0.0	0.0
98.375	0.0	0.0
98.5	0.0	0.0
98.625	0.0	0.0
98.75	0.0	0.0
98.875	0.0	0.0
99.0	0.0	0.0
99.125	0.0	0.0
99.25	0.0	0.0
99.375	0.0	0.0
99.5	0.0	0.0
99.625	0.0	0.0
99.75	0.0	0.0
99.875	0.0	0.0
100.0	0.0	0.0
100.125	0.0	0.0
100.25	0.0	0.0
100.375	0.0	0.0
100.5	0.0	0.0
100.625	0.0	0.0
100.75	0.0	0.0
100.875	0.0	0.0
101.0	0.0	0.0
101.125	0.0	0.0
101.25	0.0	0.0
101.375	0.0	0.0
101.5	0.0	0.0
101.625	0.0	0.0
101.75	0.0	0.0
101.875	0.0	0.0
102.0	0.0	0.0
102.125	0.0	0.0
102.25	0.0	0.0
102.375	0.0	0.0
102.5	0.0	0.0
102.625	0.0	0.0
102.75	0.0	0.0
102.875	0.0	0.0
103.0	0.0	0.0
103.125	0.0	0.0
103.25	0.0	0.0
103.375	0.0	0.0
103.5	0.0	0.0
103.625	0.0	0.0
103.75	0.0	0.0
103.875	0.0	0.0
104.0	0.0	0.0
104.125	0.0	0.0
104.25	0.0	0.0
104.375	0.0	0.0
104.5	0.0	0.0
104.625	0.0	0.0
104.75	0.0	0.0
104.875	0.0	0.0
105.0	0.0	0.0
105.125	0.0	0.0
105.25	0.0	0.0
105.375	0.0	0.0
105.5	0.0	0.0
105.625	0.0	0.0
105.75	0.0	0.0
105.875	0.0	0.0
106.0	0.0	0.0
106.125	0.0	0.0
106.25	0.0	0.0
106.375	0.0	0.0
106.5	0.0	0.0
106.625	0.0	0.0
106.75	0.0	0.0
106.875	0.0	0.0
107.0	0.0	0.0
107.125	0.0	0.0
107.25	0.0	0.0
107.375	0.0	0.0
107.5	0.0	0.0
107.625	0.0	0.0
107.75	0.0	0.0
107.875	0.0	0.0
108.0	0.0	0.0
108.125	0.0	0.0
108.25	0.0	0.0
108.375	0.0	0.0
108.5	0.0	0.0
108.625	0.0	0.0
108.75	0.0	0.0
108.875	0.0	0.0
109.0	0.0	0.0
109.125	0.0	0.0
109.25	0.0	0.0
109.375	0.0	0.0
109.5	0.0	0.0
109.625	0.0	0.0
109.75	0.0	0.0
109.875	0.0	0.0
110.0	0.0	0.0
110.125	0.0	0.0
110.25	0.0	0.0
110.375	0.0	0.0
110.5	0.0	0.0
110.625	0.0	0.0
110.75	0.0	0.0
110.875	0.0	0.0
111.0	0.0	0.0
111.125	0.0	0.0
111.25	0.0	0.0
111.375	0.0	0.0
111.5	0.0	0.0
111.625	0.0	0.0
111.75	0.0	0.0
111.875	0.0	0.0
112.0	0.0	0.0
112.125	0.0	0.0
112.25	0.0	0.0
112.375	0.0	0.0
112.5	0.0	0.0
112.625	0.0	0.0
112.75	0.0	0.0
112.875	0.0	0.0
113.0	0.0	0.0
113.125	0.0	0.0
113.25	0.0	0.0
113.375	0.0	1.0e-6
113.5	0.0	1.0e-6
113.625	0.0	1.0e-6
113.75	0.0	1.0e-6
113.875	0.0	1.0e-6
114.0	0.0	1.0e-6
114.125	0.0	1.0e-6
114.25	0.0	1.0e-6
114.375	0.0	1.0e-6
114.5	0.0	1.0e-6
114.625	0.0	1.0e-6
114.75	0.0	1.0e-6
114.875	0.0	1.0e-6
115.0	0.0	1.0e-6
115.125	0.0	1.0e-6
115.25	0.0	1.0e-6
115.375	0.0	1.0e-6
115.5	0.0	1.0e-6
115.625	0.0	1.0e-6
115.75	0.0	1.0e-6
115.875	0.0	1.0e-6
116.0	0.0	1.0e-6
116.125	0.0	1.0e-6
116.25	0.0	1.0e-6
116.375	0.0	1.0e-6
116.5	0.0	1.0e-6
116.625	0.0	1.0e-6
116.75	0.0	1.0e-6
116.875	0.0	1.0e-6
117.0	0.0	1.0e-6
117.125	0.0	1.0e-6
117.25	0.0	1.0e-6
117.375	0.0	1.0e-6
117.5	0.0	1.0e-6
117.625	0.0	1.0e-6
117.75	0.0	1.0e-6
117.875	0.0	1.0e-6
118.0	0.0	1.0e-6
118.125	0.0	1.0e-6
118.25	0.0	1.0e-6
118.375	0.0	1.0e-6
118.5	0.0	1.0e-6
118.625	0.0	2.0e-6
118.75	0.0	2.0e-6
118.875	0.0	2.0e-6
119.0	0.0	2.0e-6
119.125	0.0	2.0e-6
119.25	0.0	2.0e-6
119.375	0.0	2.0e-6
119.5	0.0	2.0e-6
119.625	0.0	2.0e-6
119.75	0.0	2.0e-6
119.875	0.0	2.0e-6
120.0	0.0	2.0e-6
120.125	0.0	2.0e-6
120.25	0.0	2.0e-6
120.375	0.0	2.0e-6
120.5	0.0	2.0e-6
120.625	0.0	2.0e-6
120.75	0.0	2.0e-6
120.875	0.0	2.0e-6
121.0	0.0	2.0e-6
121.125	0.0	2.0e-6
121.25	0.0	2.0e-6
121.375	0.0	2.0e-6
121.5	0.0	2.0e-6
121.625	0.0	2.0e-6
121.75	0.0	2.0e-6
121.875	0.0	2.0e-6
122.0	0.0	2.0e-6
122.125	0.0	2.0e-6
122.25	0.0	2.0e-6
