-133.625	0.0	-3.0e-5
-133.5	0.0	-3.0e-5
-133.375	0.0	-3.0e-5
-133.25	0.0	-3.0e-5
-133.125	0.0	-3.1e-5
-133.0	0.0	-3.1e-5
-132.875	0.0	-3.1e-5
-132.75	0.0	-3.1e-5
-132.625	0.0	-3.1e-5
-132.5	0.0	-3.1e-5
-132.375	0.0	-3.1e-5
-132.25	0.0	-3.1e-5
-132.125	0.0	-3.1e-5
-132.0	0.0	-3.1e-5
-131.875	0.0	-3.1e-5
-131.75	0.0	-3.1e-5
-131.625	0.0	-3.1e-5
-131.5	0.0	-3.1e-5
-131.375	0.0	-3.1e-5
-131.25	0.0	-3.1e-5
-131.125	0.0	-3.1e-5
-131.0	0.0	-3.1e-5
-130.875	0.0	-3.1e-5
-130.75	0.0	-3.1e-5
-130.625	0.0	-3.1e-5
-130.5	0.0	-3.1e-5
-130.375	0.0	-3.1e-5
-130.25	0.0	-3.1e-5
-130.125	0.0	-3.1e-5
-130.0	0.0	-3.1e-5
-129.875	0.0	-3.1e-5
-129.75	0.0	-3.1e-5
-129.625	0.0	-3.1e-5
-129.5	0.0	-3.1e-5
-129.375	0.0	-3.1e-5
-129.25	0.0	-3.1e-5
-129.125	0.0	-3.1e-5
-129.0	0.0	-3.1e-5
-128.875	0.0	-3.1e-5
-128.75	0.0	-3.1e-5
-128.625	0.0	-3.1e-5
-128.5	0.0	-3.1e-5
-128.375	0.0	-3.1e-5
-128.25	0.0	-3.1e-5
-128.125	0.0	-3.1e-5
-128.0	0.0	-3.1e-5
-127.875	0.0	-3.1e-5
-127.75	0.0	-3.1e-5
-127.625	0.0	-3.1e-5
-127.5	0.0	-3.1e-5
-127.375	0.0	-3.1e-5
-127.25	0.0	-3.1e-5
-127.125	0.0	-3.1e-5
-127.0	0.0	-3.1e-5
-126.875	0.0	-3.1e-5
-126.75	0.0	-3.1e-5
-126.625	0.0	-3.1e-5
-126.5	0.0	-3.1e-5
-126.375	0.0	-3.1e-5
-126.25	0.0	-3.1e-5
-126.125	0.0	-3.1e-5
-126.0	0.0	-3.1e-5
-125.875	0.0	-3.1e-5
-125.75	0.0	-3.1e-5
-125.625	0.0	-3.1e-5
-125.5	0.0	-3.1e-5
-125.375	0.0	-3.1e-5
-125.25	0.0	-3.1e-5
-125.125	0.0	-3.1e-5
-125.0	0.0	-3.1e-5
-124.875	0.0	-3.1e-5
-124.75	0.0	-3.1e-5
-124.625	0.0	-3.1e-5
-124.5	0.0	-3.1e-5
-124.375	0.0	-3.1e-5
-124.25	0.0	-3.1e-5
-124.125	0.0	-3.1e-5
-124.0	0.0	-3.1e-5
-123.875	0.0	-3.1e-5
-123.75	0.0	-3.1e-5
-123.625	0.0	-3.1e-5
-123.5	0.0	-3.1e-5
-123.375	0.0	-3.1e-5
-123.25	0.0	-3.1e-5
-123.125	0.0	-3.1e-5
-123.0	0.0	-3.1e-5
-122.875	0.0	-3.1e-5
-122.75	0.0	-3.1e-5
-122.625	0.0	-3.1e-5
-122.5	0.0	-3.1e-5
-122.375	0.0	-3.1e-5
-122.25	0.0	-3.1e-5
-122.125	0.0	-3.1e-5
-122.0	0.0	-3.1e-5
-121.875	0.0	-3.1e-5
-121.75	0.0	-3.1e-5
-121.625	0.0	-3.1e-5
-121.5	0.0	-3.1e-5
-121.375	0.0	-3.1e-5
-121.25	0.0	-3.1e-5
-121.125	0.0	-3.1e-5
-121.0	0.0	-3.1e-5
-120.875	0.0	-3.1e-5
-120.75	0.0	-3.1e-5
-120.625	0.0	-3.1e-5
-120.5	0.0	-3.1e-5
-120.375	0.0	-3.1e-5
-120.25	0.0	-3.1e-5
-120.125	0.0	-3.1e-5
-120.0	0.0	-3.1e-5
-119.875	0.0	-3.1e-5
-119.75	0.0	-3.1e-5
-119.625	0.0	-3.1e-5
-119.5	0.0	-3.1e-5
-119.375	0.0	-3.1e-5
-119.25	0.0	-3.1e-5
-119.125	0.0	-3.1e-5
-119.0	0.0	-3.1e-5
-118.875	0.0	-3.1e-5
-118.75	0.0	-3.1e-5
-118.625	0.0	-3.1e-5
-118.5	0.0	-3.1e-5
-118.375	0.0	-3.1e-5
-118.25	0.0	-3.1e-5
-118.125	0.0	-3.1e-5
-118.0	0.0	-3.1e-5
-117.875	0.0	-3.1e-5
-117.75	0.0	-3.1e-5
-117.625	0.0	-3.1e-5
-117.5	0.0	-3.1e-5
-117.375	0.0	-3.1e-5
-117.25	0.0	-3.2e-5
-117.125	0.0	-3.2e-5
-117.0	0.0	-3.2e-5
-116.875	0.0	-3.2e-5
-116.75	0.0	-3.2e-5
-116.625	0.0	-3.2e-5
-116.5	0.0	-3.2e-5
-116.375	0.0	-3.2e-5
-116.25	0.0	-3.2e-5
-116.125	0.0	-3.2e-5
-116.0	0.0	-3.2e-5
-115.875	0.0	-3.2e-5
-115.75	0.0	-3.2e-5
-115.625	0.0	-3.2e-5
-115.5	0.0	-3.2e-5
-115.375	0.0	-3.2e-5
-115.25	0.0	-3.2e-5
-115.125	0.0	-3.2e-5
-115.0	0.0	-3.2e-5
-114.875	0.0	-3.2e-5
-114.75	0.0	-3.2e-5
-114.625	0.0	-3.2e-5
-114.5	0.0	-3.2e-5
-114.375	0.0	-3.2e-5
-114.25	0.0	-3.2e-5
-114.125	0.0	-3.2e-5
-114.0	0.0	-3.2e-5
-113.875	0.0	-3.2e-5
-113.75	0.0	-3.2e-5
-113.625	0.0	-3.2e-5
-113.5	0.0	-3.2e-5
-113.375	0.0	-3.2e-5
-113.25	0.0	-3.2e-5
-113.125	0.0	-3.2e-5
-113.0	0.0	-3.2e-5
-112.875	0.0	-3.2e-5
-112.75	0.0	-3.2e-5
-112.625	0.0	-3.2e-5
-112.5	0.0	-3.2e-5
-112.375	0.0	-3.2e-5
-112.25	0.0	-3.2e-5
-112.125	0.0	-3.2e-5
-112.0	0.0	-3.2e-5
-111.875	0.0	-3.2e-5
-111.75	0.0	-3.2e-5
-111.625	0.0	-3.2e-5
-111.5	0.0	-3.2e-5
-111.375	0.0	-3.2e-5
-111.25	0.0	-3.2e-5
-111.125	0.0	-3.2e-5
-111.0	0.0	-3.2e-5
-110.875	0.0	-3.2e-5
-110.75	0.0	-3.2e-5
-110.625	0.0	-3.2e-5
-110.5	0.0	-3.2e-5
-110.375	0.0	-3.2e-5
-110.25	0.0	-3.2e-5
-110.125	0.0	-3.2e-5
-110.0	0.0	-3.2e-5
-109.875	0.0	-3.2e-5
-109.75	0.0	-3.2e-5
-109.625	0.0	-3.2e-5
-109.5	0.0	-3.2e-5
-109.375	0.0	-3.2e-5
-109.25	0.0	-3.2e-5
-109.125	0.0	-3.2e-5
-109.0	0.0	-3.2e-5
-108.875	0.0	-3.2e-5
-108.75	0.0	-3.2e-5
-108.625	0.0	-3.2e-5
-108.5	0.0	-3.2e-5
-108.375	0.0	-3.2e-5
-108.25	0.0	-3.2e-5
-108.125	0.0	-3.2e-5
-108.0	0.0	-3.2e-5
-107.875	0.0	-3.2e-5
-107.75	0.0	-3.2e-5
-107.625	0.0	-3.2e-5
-107.5	0.0	-3.2e-5
-107.375	0.0	-3.2e-5
-107.25	0.0	-3.2e-5
-107.125	0.0	-3.2e-5
-107.0	0.0	-3.2e-5
-106.875	0.0	-3.2e-5
-106.75	0.0	-3.2e-5
-106.625	0.0	-3.2e-5
-106.5	0.0	-3.2e-5
-106.375	0.0	-3.2e-5
-106.25	0.0	-3.2e-5
-106.125	0.0	-3.2e-5
-106.0	0.0	-3.2e-5
-105.875	0.0	-3.2e-5
-105.75	0.0	-3.2e-5
-105.625	0.0	-3.2e-5
-105.5	0.0	-3.2e-5
-105.375	0.0	-3.2e-5
-105.25	0.0	-3.2e-5
-105.125	0.0	-3.2e-5
-105.0	0.0	-3.2e-5
-104.875	0.0	-3.2e-5
-104.75	0.0	-3.2e-5
-104.625	0.0	-3.2e-5
-104.5	0.0	-3.2e-5
-104.375	0.0	-3.2e-5
-104.25	0.0	-3.2e-5
-104.125	0.0	-3.2e-5
-104.0	0.0	-3.2e-5
-103.875	0.0	-3.2e-5
-103.75	0.0	-3.2e-5
-103.625	0.0	-3.2e-5
-103.5	0.0	-3.2e-5
-103.375	0.0	-3.2e-5
-103.25	0.0	-3.2e-5
-103.125	0.0	-3.2e-5
-103.0	0.0	-3.2e-5
-102.875	0.0	-3.2e-5
-102.75	0.0	-3.2e-5
-102.625	0.0	-3.2e-5
-102.5	0.0	-3.2e-5
-102.375	0.0	-3.2e-5
-102.25	0.0	-3.2e-5
-102.125	0.0	-3.2e-5
-102.0	0.0	-3.2e-5
-101.875	0.0	-3.2e-5
-101.75	0.0	-3.2e-5
-101.625	0.0	-3.2e-5
-101.5	0.0	-3.2e-5
-101.375	0.0	-3.2e-5
-101.25	0.0	-3.2e-5
-101.125	0.0	-3.2e-5
-101.0	0.0	-3.2e-5
-100.875	0.0	-3.2e-5
-100.75	0.0	-3.2e-5
-100.625	0.0	-3.2e-5
-100.5	0.0	-3.2e-5
-100.375	0.0	-3.2e-5
-100.25	0.0	-3.2e-5
-100.125	0.0	-3.2e-5
-100.0	0.0	-3.2e-5
-99.875	0.0	-3.2e-5
-99.75	0.0	-3.2e-5
-99.625	0.0	-3.2e-5
-99.5	0.0	-3.2e-5
-99.375	0.0	-3.2e-5
-99.25	0.0	-3.2e-5
-99.125	0.0	-3.2e-5
-99.0	0.0	-3.2e-5
-98.875	0.0	-3.2e-5
-98.75	0.0	-3.2e-5
-98.625	0.0	-3.2e-5
-98.5	0.0	-3.2e-5
-98.375	0.0	-3.2e-5
-98.25	0.0	-3.2e-5
-98.125	0.0	-3.2e-5
-98.0	0.0	-3.2e-5
-97.875	0.0	-3.2e-5
-97.75	0.0	-3.2e-5
-97.625	0.0	-3.2e-5
-97.5	0.0	-3.2e-5
-97.375	0.0	-3.2e-5
-97.25	0.0	-3.2e-5
-97.125	0.0	-3.2e-5
-97.0	0.0	-3.2e-5
-96.875	0.0	-3.2e-5
-96.75	0.0	-3.2e-5
-96.625	0.0	-3.2e-5
-96.5	0.0	-3.2e-5
-96.375	0.0	-3.2e-5
-96.25	0.0	-3.2e-5
-96.125	0.0	-3.2e-5
-96.0	0.0	-3.2e-5
-95.875	0.0	-3.2e-5
-95.75	0.0	-3.2e-5
-95.625	0.0	-3.2e-5
-95.5	0.0	-3.2e-5
-95.375	0.0	-3.2e-5
-95.25	0.0	-3.2e-5
-95.125	0.0	-3.2e-5
-95.0	0.0	-3.2e-5
-94.875	0.0	-3.2e-5
-94.75	0.0	-3.2e-5
-94.625	0.0	-3.2e-5
-94.5	0.0	-3.2e-5
-94.375	0.0	-3.2e-5
-94.25	0.0	-3.2e-5
-94.125	0.0	-3.2e-5
-94.0	0.0	-3.2e-5
-93.875	0.0	-3.2e-5
-93.75	0.0	-3.2e-5
-93.625	0.0	-3.2e-5
-93.5	0.0	-3.2e-5
-93.375	0.0	-3.2e-5
-93.25	0.0	-3.2e-5
-93.125	0.0	-3.2e-5
-93.0	0.0	-3.2e-5
-92.875	0.0	-3.2e-5
-92.75	0.0	-3.2e-5
-92.625	0.0	-3.2e-5
-92.5	0.0	-3.2e-5
-92.375	0.0	-3.2e-5
-92.25	0.0	-3.2e-5
-92.125	0.0	-3.2e-5
-92.0	0.0	-3.2e-5
-91.875	0.0	-3.2e-5
-91.75	0.0	-3.2e-5
-91.625	0.0	-3.2e-5
-91.5	0.0	-3.2e-5
-91.375	0.0	-3.3e-5
-91.25	0.0	-3.3e-5
-91.125	0.0	-3.3e-5
-91.0	0.0	-3.3e-5
-90.875	0.0	-3.3e-5
-90.75	0.0	-3.3e-5
-90.625	0.0	-3.3e-5
-90.5	0.0	-3.3e-5
-90.375	0.0	-3.3e-5
-90.25	0.0	-3.3e-5
-90.125	0.0	-3.3e-5
-90.0	0.0	-3.3e-5
-89.875	0.0	-3.3e-5
-89.75	0.0	-3.3e-5
-89.625	0.0	-3.3e-5
-89.5	0.0	-3.3e-5
-89.375	0.0	-3.3e-5
-89.25	0.0	-3.3e-5
-89.125	0.0	-3.3e-5
-89.0	0.0	-3.3e-5
-88.875	0.0	-3.3e-5
-88.75	0.0	-3.3e-5
-88.625	0.0	-3.3e-5
-88.5	0.0	-3.3e-5
-88.375	0.0	-3.3e-5
-88.25	0.0	-3.3e-5
-88.125	0.0	-3.3e-5
-88.0	0.0	-3.3e-5
-87.875	0.0	-3.3e-5
-87.75	0.0	-3.3e-5
-87.625	0.0	-3.3e-5
-87.5	0.0	-3.3e-5
-87.375	0.0	-3.3e-5
-87.25	0.0	-3.3e-5
-87.125	0.0	-3.3e-5
-87.0	0.0	-3.3e-5
-86.875	0.0	-3.3e-5
-86.75	0.0	-3.3e-5
-86.625	0.0	-3.3e-5
-86.5	0.0	-3.3e-5
-86.375	0.0	-3.3e-5
-86.25	0.0	-3.3e-5
-86.125	0.0	-3.3e-5
-86.0	0.0	-3.3e-5
-85.875	0.0	-3.3e-5
-85.75	0.0	-3.3e-5
-85.625	0.0	-3.3e-5
-85.5	0.0	-3.3e-5
-85.375	0.0	-3.3e-5
-85.25	0.0	-3.3e-5
-85.125	0.0	-3.3e-5
-85.0	0.0	-3.3e-5
-84.875	0.0	-3.3e-5
-84.75	0.0	-3.3e-5
-84.625	0.0	-3.3e-5
-84.5	0.0	-3.3e-5
-84.375	0.0	-3.3e-5
-84.25	0.0	-3.3e-5
-84.125	0.0	-3.3e-5
-84.0	0.0	-3.3e-5
-83.875	0.0	-3.3e-5
-83.75	0.0	-3.3e-5
-83.625	0.0	-3.3e-5
-83.5	0.0	-3.3e-5
-83.375	0.0	-3.3e-5
-83.25	0.0	-3.3e-5
-83.125	0.0	-3.3e-5
-83.0	0.0	-3.3e-5
-82.875	0.0	-3.3e-5
-82.75	0.0	-3.3e-5
-82.625	0.0	-3.3e-5
-82.5	0.0	-3.3e-5
-82.375	0.0	-3.3e-5
-82.25	0.0	-3.3e-5
-82.125	0.0	-3.3e-5
-82.0	0.0	-3.3e-5
-81.875	0.0	-3.3e-5
-81.75	0.0	-3.3e-5
-81.625	0.0	-3.3e-5
-81.5	0.0	-3.3e-5
-81.375	0.0	-3.3e-5
-81.25	0.0	-3.3e-5
-81.125	0.0	-3.3e-5
-81.0	0.0	-3.3e-5
-80.875	0.0	-3.3e-5
-80.75	0.0	-3.3e-5
-80.625	0.0	-3.3e-5
-80.5	0.0	-3.3e-5
-80.375	0.0	-3.3e-5
-80.25	0.0	-3.3e-5
-80.125	0.0	-3.3e-5
-80.0	0.0	-3.3e-5
-79.875	0.0	-3.3e-5
-79.75	0.0	-3.3e-5
-79.625	0.0	-3.3e-5
-79.5	0.0	-3.3e-5
-79.375	0.0	-3.3e-5
-79.25	0.0	-3.3e-5
-79.125	0.0	-3.3e-5
-79.0	0.0	-3.3e-5
-78.875	0.0	-3.3e-5
-78.75	0.0	-3.3e-5
-78.625	0.0	-3.3e-5
-78.5	0.0	-3.3e-5
-78.375	0.0	-3.3e-5
-78.25	0.0	-3.3e-5
-78.125	0.0	-3.3e-5
-78.0	0.0	-3.3e-5
-77.875	0.0	-3.3e-5
-77.75	0.0	-3.4e-5
-77.625	0.0	-3.4e-5
-77.5	0.0	-3.4e-5
-77.375	0.0	-3.4e-5
-77.25	0.0	-3.4e-5
-77.125	0.0	-3.4e-5
-77.0	0.0	-3.4e-5
-76.875	0.0	-3.4e-5
-76.75	0.0	-3.4e-5
-76.625	0.0	-3.4e-5
-76.5	0.0	-3.4e-5
-76.375	0.0	-3.4e-5
-76.25	0.0	-3.4e-5
-76.125	0.0	-3.4e-5
-76.0	0.0	-3.4e-5
-75.875	0.0	-3.4e-5
-75.75	0.0	-3.4e-5
-75.625	0.0	-3.4e-5
-75.5	0.0	-3.4e-5
-75.375	0.0	-3.4e-5
-75.25	0.0	-3.4e-5
-75.125	0.0	-3.4e-5
-75.0	0.0	-3.4e-5
-74.875	0.0	-3.4e-5
-74.75	0.0	-3.4e-5
-74.625	0.0	-3.4e-5
-74.5	0.0	-3.4e-5
-74.375	0.0	-3.4e-5
-74.25	0.0	-3.4e-5
-74.125	0.0	-3.4e-5
-74.0	0.0	-3.4e-5
-73.875	0.0	-3.4e-5
-73.75	0.0	-3.4e-5
-73.625	0.0	-3.4e-5
-73.5	0.0	-3.4e-5
-73.375	0.0	-3.4e-5
-73.25	0.0	-3.4e-5
-73.125	0.0	-3.4e-5
-73.0	0.0	-3.4e-5
-72.875	0.0	-3.4e-5
-72.75	0.0	-3.4e-5
-72.625	0.0	-3.4e-5
-72.5	0.0	-3.4e-5
-72.375	0.0	-3.4e-5
-72.25	0.0	-3.4e-5
-72.125	0.0	-3.4e-5
-72.0	0.0	-3.4e-5
-71.875	0.0	-3.4e-5
-71.75	0.0	-3.4e-5
-71.625	0.0	-3.4e-5
-71.5	0.0	-3.4e-5
-71.375	0.0	-3.4e-5
-71.25	0.0	-3.4e-5
-71.125	0.0	-3.4e-5
-71.0	0.0	-3.4e-5
-70.875	0.0	-3.4e-5
-70.75	0.0	-3.4e-5
-70.625	0.0	-3.4e-5
-70.5	0.0	-3.4e-5
-70.375	0.0	-3.4e-5
-70.25	0.0	-3.4e-5
-70.125	0.0	-3.5e-5
-70.0	0.0	-3.5e-5
-69.875	0.0	-3.5e-5
-69.75	0.0	-3.5e-5
-69.625	0.0	-3.5e-5
-69.5	0.0	-3.5e-5
-69.375	0.0	-3.5e-5
-69.25	0.0	-3.5e-5
-69.125	0.0	-3.5e-5
-69.0	0.0	-3.5e-5
-68.875	0.0	-3.5e-5
-68.75	0.0	-3.5e-5
-68.625	0.0	-3.5e-5
-68.5	0.0	-3.5e-5
-68.375	0.0	-3.5e-5
-68.25	0.0	-3.5e-5
-68.125	0.0	-3.5e-5
-68.0	0.0	-3.5e-5
-67.875	0.0	-3.5e-5
-67.75	0.0	-3.5e-5
-67.625	0.0	-3.5e-5
-67.5	0.0	-3.5e-5
-67.375	0.0	-3.5e-5
-67.25	0.0	-3.5e-5
-67.125	0.0	-3.5e-5
-67.0	0.0	-3.5e-5
-66.875	0.0	-3.5e-5
-66.75	0.0	-3.5e-5
-66.625	0.0	-3.5e-5
-66.5	0.0	-3.5e-5
-66.375	0.0	-3.5e-5
-66.25	0.0	-3.5e-5
-66.125	0.0	-3.5e-5
-66.0	0.0	-3.5e-5
-65.875	0.0	-3.5e-5
-65.75	0.0	-3.5e-5
-65.625	0.0	-3.5e-5
-65.5	0.0	-3.5e-5
-65.375	0.0	-3.5e-5
-65.25	0.0	-3.5e-5
-65.125	0.0	-3.5e-5
-65.0	0.0	-3.5e-5
-64.875	0.0	-3.5e-5
-64.75	0.0	-3.6e-5
-64.625	0.0	-3.6e-5
-64.5	0.0	-3.6e-5
-64.375	0.0	-3.6e-5
-64.25	0.0	-3.6e-5
-64.125	0.0	-3.6e-5
-64.0	0.0	-3.6e-5
-63.875	0.0	-3.6e-5
-63.75	0.0	-3.6e-5
-63.625	0.0	-3.6e-5
-63.5	0.0	-3.6e-5
-63.375	0.0	-3.6e-5
-63.25	0.0	-3.6e-5
-63.125	0.0	-3.6e-5
-63.0	0.0	-3.6e-5
-62.875	0.0	-3.6e-5
-62.75	0.0	-3.6e-5
-62.625	0.0	-3.6e-5
-62.5	0.0	-3.6e-5
-62.375	0.0	-3.6e-5
-62.25	0.0	-3.6e-5
-62.125	0.0	-3.6e-5
-62.0	0.0	-3.6e-5
-61.875	0.0	-3.6e-5
-61.75	0.0	-3.6e-5
-61.625	0.0	-3.6e-5
-61.5	0.0	-3.6e-5
-61.375	0.0	-3.6e-5
-61.25	0.0	-3.6e-5
-61.125	0.0	-3.6e-5
-61.0	0.0	-3.6e-5
-60.875	0.0	-3.6e-5
-60.75	0.0	-3.7e-5
-60.625	0.0	-3.7e-5
-60.5	0.0	-3.7e-5
-60.375	0.0	-3.7e-5
-60.25	0.0	-3.7e-5
-60.125	0.0	-3.7e-5
-60.0	0.0	-3.7e-5
-59.875	0.0	-3.7e-5
-59.75	0.0	-3.7e-5
-59.625	0.0	-3.7e-5
-59.5	0.0	-3.7e-5
-59.375	0.0	-3.7e-5
-59.25	0.0	-3.7e-5
-59.125	0.0	-3.7e-5
-59.0	0.0	-3.7e-5
-58.875	0.0	-3.7e-5
-58.75	0.0	-3.7e-5
-58.625	0.0	-3.7e-5
-58.5	0.0	-3.7e-5
-58.375	0.0	-3.7e-5
-58.25	0.0	-3.7e-5
-58.125	0.0	-3.7e-5
-58.0	0.0	-3.7e-5
-57.875	0.0	-3.7e-5
-57.75	0.0	-3.7e-5
-57.625	0.0	-3.7e-5
-57.5	0.0	-3.8e-5
-57.375	0.0	-3.8e-5
-57.25	0.0	-3.8e-5
-57.125	0.0	-3.8e-5
-57.0	0.0	-3.8e-5
-56.875	0.0	-3.8e-5
-56.75	0.0	-3.8e-5
-56.625	0.0	-3.8e-5
-56.5	0.0	-3.8e-5
-56.375	0.0	-3.8e-5
-56.25	0.0	-3.8e-5
-56.125	0.0	-3.8e-5
-56.0	0.0	-3.8e-5
-55.875	0.0	-3.8e-5
-55.75	0.0	-3.8e-5
-55.625	0.0	-3.8e-5
-55.5	0.0	-3.8e-5
-55.375	0.0	-3.8e-5
-55.25	0.0	-3.8e-5
-55.125	0.0	-3.8e-5
-55.0	0.0	-3.8e-5
-54.875	0.0	-3.9e-5
-54.75	0.0	-3.9e-5
-54.625	0.0	-3.9e-5
-54.5	0.0	-3.9e-5
-54.375	0.0	-3.9e-5
-54.25	0.0	-3.9e-5
-54.125	0.0	-3.9e-5
-54.0	0.0	-3.9e-5
-53.875	0.0	-3.9e-5
-53.75	0.0	-3.9e-5
-53.625	0.0	-3.9e-5
-53.5	0.0	-3.9e-5
-53.375	0.0	-3.9e-5
-53.25	0.0	-3.9e-5
-53.125	0.0	-3.9e-5
-53.0	0.0	-3.9e-5
-52.875	0.0	-3.9e-5
-52.75	0.0	-3.9e-5
-52.625	0.0	-4.0e-5
-52.5	0.0	-4.0e-5
-52.375	0.0	-4.0e-5
-52.25	0.0	-4.0e-5
-52.125	0.0	-4.0e-5
-52.0	0.0	-4.0e-5
-51.875	0.0	-4.0e-5
-51.75	0.0	-4.0e-5
-51.625	0.0	-4.0e-5
-51.5	0.0	-4.0e-5
-51.375	0.0	-4.0e-5
-51.25	0.0	-4.0e-5
-51.125	0.0	-4.0e-5
-51.0	0.0	-4.0e-5
-50.875	0.0	-4.0e-5
-50.75	0.0	-4.0e-5
-50.625	0.0	-4.1e-5
-50.5	0.0	-4.1e-5
-50.375	0.0	-4.1e-5
-50.25	0.0	-4.1e-5
-50.125	0.0	-4.1e-5
-50.0	0.0	-4.1e-5
-49.875	0.0	-4.1e-5
-49.75	0.0	-4.1e-5
-49.625	0.0	-4.1e-5
-49.5	0.0	-4.1e-5
-49.375	0.0	-4.1e-5
-49.25	0.0	-4.1e-5
-49.125	0.0	-4.1e-5
-49.0	0.0	-4.1e-5
-48.875	0.0	-4.1e-5
-48.75	0.0	-4.2e-5
-48.625	0.0	-4.2e-5
-48.5	0.0	-4.2e-5
-48.375	0.0	-4.2e-5
-48.25	0.0	-4.2e-5
-48.125	0.0	-4.2e-5
-48.0	0.0	-4.2e-5
-47.875	0.0	-4.2e-5
-47.75	0.0	-4.2e-5
-47.625	0.0	-4.2e-5
-47.5	0.0	-4.2e-5
-47.375	0.0	-4.2e-5
-47.25	0.0	-4.3e-5
-47.125	0.0	-4.3e-5
-47.0	0.0	-4.3e-5
-46.875	0.0	-4.3e-5
-46.75	0.0	-4.3e-5
-46.625	0.0	-4.3e-5
-46.5	0.0	-4.3e-5
-46.375	0.0	-4.3e-5
-46.25	0.0	-4.3e-5
-46.125	0.0	-4.3e-5
-46.0	0.0	-4.3e-5
-45.875	0.0	-4.3e-5
-45.75	0.0	-4.4e-5
-45.625	0.0	-4.4e-5
-45.5	0.0	-4.4e-5
-45.375	0.0	-4.4e-5
-45.25	0.0	-4.4e-5
-45.125	0.0	-4.4e-5
-45.0	0.0	-4.4e-5
-44.875	0.0	-4.4e-5
-44.75	0.0	-4.4e-5
-44.625	0.0	-4.4e-5
-44.5	0.0	-4.5e-5
-44.375	0.0	-4.5e-5
-44.25	0.0	-4.5e-5
-44.125	0.0	-4.5e-5
-44.0	0.0	-4.5e-5
-43.875	0.0	-4.5e-5
-43.75	0.0	-4.5e-5
-43.625	0.0	-4.5e-5
-43.5	0.0	-4.5e-5
-43.375	0.0	-4.5e-5
-43.25	0.0	-4.6e-5
-43.125	0.0	-4.6e-5
-43.0	0.0	-4.6e-5
-42.875	0.0	-4.6e-5
-42.75	0.0	-4.6e-5
-42.625	0.0	-4.6e-5
-42.5	0.0	-4.6e-5
-42.375	0.0	-4.6e-5
-42.25	0.0	-4.6e-5
-42.125	0.0	-4.7e-5
-42.0	0.0	-4.7e-5
-41.875	0.0	-4.7e-5
-41.75	0.0	-4.7e-5
-41.625	0.0	-4.7e-5
-41.5	0.0	-4.7e-5
-41.375	0.0	-4.7e-5
-41.25	0.0	-4.7e-5
-41.125	0.0	-4.8e-5
-41.0	0.0	-4.8e-5
-40.875	0.0	-4.8e-5
-40.75	0.0	-4.8e-5
-40.625	0.0	-4.8e-5
-40.5	0.0	-4.8e-5
-40.375	0.0	-4.8e-5
-40.25	0.0	-4.8e-5
-40.125	0.0	-4.9e-5
-40.0	0.0	-4.9e-5
-39.875	0.0	-4.9e-5
-39.75	0.0	-4.9e-5
-39.625	0.0	-4.9e-5
-39.5	0.0	-4.9e-5
-39.375	0.0	-4.9e-5
-39.25	0.0	-5.0e-5
-39.125	0.0	-5.0e-5
-39.0	0.0	-5.0e-5
-38.875	0.0	-5.0e-5
-38.75	0.0	-5.0e-5
-38.625	0.0	-5.0e-5
-38.5	0.0	-5.0e-5
-38.375	0.0	-5.1e-5
-38.25	0.0	-5.1e-5
-38.125	0.0	-5.1e-5
-38.0	0.0	-5.1e-5
-37.875	0.0	-5.1e-5
-37.75	0.0	-5.1e-5
-37.625	0.0	-5.2e-5
-37.5	0.0	-5.2e-5
-37.375	0.0	-5.2e-5
-37.25	0.0	-5.2e-5
-37.125	0.0	-5.2e-5
-37.0	0.0	-5.2e-5
-36.875	0.0	-5.3e-5
-36.75	0.0	-5.3e-5
-36.625	0.0	-5.3e-5
-36.5	0.0	-5.3e-5
-36.375	0.0	-5.3e-5
-36.25	0.0	-5.3e-5
-36.125	0.0	-5.4e-5
-36.0	0.0	-5.4e-5
-35.875	0.0	-5.4e-5
-35.75	0.0	-5.4e-5
-35.625	0.0	-5.4e-5
-35.5	0.0	-5.5e-5
-35.375	0.0	-5.5e-5
-35.25	0.0	-5.5e-5
-35.125	0.0	-5.5e-5
-35.0	0.0	-5.5e-5
-34.875	0.0	-5.6e-5
-34.75	0.0	-5.6e-5
-34.625	0.0	-5.6e-5
-34.5	0.0	-5.6e-5
-34.375	0.0	-5.6e-5
-34.25	0.0	-5.7e-5
-34.125	0.0	-5.7e-5
-34.0	0.0	-5.7e-5
-33.875	0.0	-5.7e-5
-33.75	0.0	-5.7e-5
-33.625	0.0	-5.8e-5
-33.5	0.0	-5.8e-5
-33.375	0.0	-5.8e-5
-33.25	0.0	-5.8e-5
-33.125	0.0	-5.9e-5
-33.0	0.0	-5.9e-5
-32.875	0.0	-5.9e-5
-32.75	0.0	-5.9e-5
-32.625	0.0	-6.0e-5
-32.5	0.0	-6.0e-5
-32.375	0.0	-6.0e-5
-32.25	0.0	-6.0e-5
-32.125	0.0	-6.1e-5
-32.0	0.0	-6.1e-5
-31.875	0.0	-6.1e-5
-31.75	0.0	-6.1e-5
-31.625	0.0	-6.2e-5
-31.5	0.0	-6.2e-5
-31.375	0.0	-6.2e-5
-31.25	0.0	-6.2e-5
-31.125	0.0	-6.3e-5
-31.0	0.0	-6.3e-5
-30.875	0.0	-6.3e-5
-30.75	0.0	-6.3e-5
-30.625	0.0	-6.4e-5
-30.5	0.0	-6.4e-5
-30.375	0.0	-6.4e-5
-30.25	0.0	-6.5e-5
-30.125	0.0	-6.5e-5
-30.0	0.0	-6.5e-5
-29.875	0.0	-6.5e-5
-29.75	0.0	-6.6e-5
-29.625	0.0	-6.6e-5
-29.5	0.0	-6.6e-5
-29.375	0.0	-6.7e-5
-29.25	0.0	-6.7e-5
-29.125	0.0	-6.7e-5
-29.0	0.0	-6.8e-5
-28.875	0.0	-6.8e-5
-28.75	0.0	-6.8e-5
-28.625	0.0	-6.9e-5
-28.5	0.0	-6.9e-5
-28.375	0.0	-6.9e-5
-28.25	0.0	-7.0e-5
-28.125	0.0	-7.0e-5
-28.0	0.0	-7.0e-5
-27.875	0.0	-7.1e-5
-27.75	0.0	-7.1e-5
-27.625	0.0	-7.1e-5
-27.5	0.0	-7.2e-5
-27.375	0.0	-7.2e-5
-27.25	0.0	-7.2e-5
-27.125	0.0	-7.3e-5
-27.0	0.0	-7.3e-5
-26.875	0.0	-7.4e-5
-26.75	0.0	-7.4e-5
-26.625	0.0	-7.4e-5
-26.5	0.0	-7.5e-5
-26.375	0.0	-7.5e-5
-26.25	0.0	-7.6e-5
-26.125	0.0	-7.6e-5
-26.0	0.0	-7.6e-5
-25.875	0.0	-7.7e-5
-25.75	0.0	-7.7e-5
-25.625	0.0	-7.8e-5
-25.5	0.0	-7.8e-5
-25.375	0.0	-7.9e-5
-25.25	0.0	-7.9e-5
-25.125	0.0	-8.0e-5
-25.0	0.0	-8.0e-5
-24.875	0.0	-8.0e-5
-24.75	0.0	-8.1e-5
-24.625	0.0	-8.1e-5
-24.5	0.0	-8.2e-5
-24.375	0.0	-8.2e-5
-24.25	0.0	-8.3e-5
-24.125	0.0	-8.3e-5
-24.0	0.0	-8.4e-5
-23.875	0.0	-8.4e-5
-23.75	0.0	-8.5e-5
-23.625	0.0	-8.5e-5
-23.5	0.0	-8.6e-5
-23.375	0.0	-8.6e-5
-23.25	0.0	-8.7e-5
-23.125	0.0	-8.7e-5
-23.0	0.0	-8.8e-5
-22.875	0.0	-8.9e-5
-22.75	0.0	-8.9e-5
-22.625	0.0	-9.0e-5
-22.5	0.0	-9.0e-5
-22.375	0.0	-9.1e-5
-22.25	0.0	-9.1e-5
-22.125	0.0	-9.2e-5
-22.0	0.0	-9.3e-5
-21.875	0.0	-9.3e-5
-21.75	0.0	-9.4e-5
-21.625	0.0	-9.5e-5
-21.5	0.0	-9.5e-5
-21.375	0.0	-9.6e-5
-21.25	0.0	-9.6e-5
-21.125	0.0	-9.7e-5
-21.0	0.0	-9.8e-5
-20.875	0.0	-9.8e-5
-20.75	0.0	-9.9e-5
-20.625	0.0	-0.0001
-20.5	0.0	-0.0001
-20.375	0.0	-0.000101
-20.25	0.0	-0.000102
-20.125	0.0	-0.000103
-20.0	0.0	-0.000103
-19.875	0.0	-0.000104
-19.75	0.0	-0.000105
-19.625	0.0	-0.000106
-19.5	0.0	-0.000106
-19.375	0.0	-0.000107
-19.25	0.0	-0.000108
-19.125	0.0	-0.000109
-19.0	0.0	-0.00011
-18.875	0.0	-0.00011
-18.75	0.0	-0.000111
-18.625	0.0	-0.000112
-18.5	0.0	-0.000113
-18.375	0.0	-0.000114
-18.25	0.0	-0.000115
-18.125	0.0	-0.000116
-18.0	0.0	-0.000116
-17.875	0.0	-0.000117
-17.75	0.0	-0.000118
-17.625	0.0	-0.000119
-17.5	0.0	-0.00012
-17.375	0.0	-0.000121
-17.25	0.0	-0.000122
-17.125	0.0	-0.000123
-17.0	0.0	-0.000124
-16.875	0.0	-0.000125
-16.75	0.0	-0.000126
-16.625	0.0	-0.000127
-16.5	0.0	-0.000128
-16.375	0.0	-0.000129
-16.25	0.0	-0.00013
-16.125	0.0	-0.000132
-16.0	0.0	-0.000133
-15.875	0.0	-0.000134
-15.75	0.0	-0.000135
-15.625	0.0	-0.000136
-15.5	0.0	-0.000137
-15.375	0.0	-0.000139
-15.25	0.0	-0.00014
-15.125	0.0	-0.000141
-15.0	0.0	-0.000142
-14.875	0.0	-0.000144
-14.75	0.0	-0.000145
-14.625	0.0	-0.000146
-14.5	0.0	-0.000147
-14.375	0.0	-0.000149
-14.25	0.0	-0.00015
-14.125	0.0	-0.000152
-14.0	0.0	-0.000153
-13.875	0.0	-0.000154
-13.75	0.0	-0.000156
-13.625	0.0	-0.000157
-13.5	0.0	-0.000159
-13.375	0.0	-0.00016
-13.25	0.0	-0.000162
-13.125	0.0	-0.000163
-13.0	0.0	-0.000165
-12.875	0.0	-0.000167
-12.75	0.0	-0.000168
-12.625	0.0	-0.00017
-12.5	0.0	-0.000171
-12.375	0.0	-0.000173
-12.25	0.0	-0.000175
-12.125	0.0	-0.000177
-12.0	0.0	-0.000178
-11.875	0.0	-0.00018
-11.75	0.0	-0.000182
-11.625	0.0	-0.000184
-11.5	0.0	-0.000186
-11.375	0.0	-0.000188
-11.25	0.0	-0.00019
-11.125	0.0	-0.000192
-11.0	0.0	-0.000194
-10.875	0.0	-0.000196
-10.75	0.0	-0.000198
-10.625	0.0	-0.0002
-10.5	0.0	-0.000202
-10.375	0.0	-0.000204
-10.25	0.0	-0.000207
-10.125	0.0	-0.000209
-10.0	0.0	-0.000211
-9.875	0.0	-0.000213
-9.75	0.0	-0.000216
-9.625	0.0	-0.000218
-9.5	0.0	-0.000221
-9.375	0.0	-0.000223
-9.25	0.0	-0.000226
-9.125	0.0	-0.000228
-9.0	0.0	-0.000231
-8.875	0.0	-0.000233
-8.75	0.0	-0.000236
-8.625	0.0	-0.000239
-8.5	0.0	-0.000242
-8.375	0.0	-0.000245
-8.25	0.0	-0.000247
-8.125	0.0	-0.00025
-8.0	0.0	-0.000253
-7.875	0.0	-0.000256
-7.75	0.0	-0.00026
-7.625	0.0	-0.000263
-7.5	0.0	-0.000266
-7.375	0.0	-0.000269
-7.25	0.0	-0.000273
-7.125	0.0	-0.000276
-7.0	0.0	-0.000279
-6.875	0.0	-0.000283
-6.75	0.0	-0.000287
-6.625	0.0	-0.00029
-6.5	0.0	-0.000294
-6.375	0.0	-0.000298
-6.25	0.0	-0.000301
-6.125	0.0	-0.000305
-6.0	0.0	-0.000309
-5.875	0.0	-0.000313
-5.75	0.0	-0.000318
-5.625	0.0	-0.000322
-5.5	0.0	-0.000326
-5.375	0.0	-0.000331
-5.25	0.0	-0.000335
-5.125	0.0	-0.00034
-5.0	0.0	-0.000344
-4.875	0.0	-0.000349
-4.75	0.0	-0.000354
-4.625	0.0	-0.000359
-4.5	0.0	-0.000364
-4.375	0.0	-0.000369
-4.25	0.0	-0.000374
-4.125	0.0	-0.000379
-4.0	0.0	-0.000385
-3.875	0.0	-0.00039
-3.75	0.0	-0.000396
-3.625	0.0	-0.000402
-3.5	0.0	-0.000408
-3.375	0.0	-0.000414
-3.25	0.0	-0.00042
-3.125	0.0	-0.000426
-3.0	0.0	-0.000432
-2.875	0.0	-0.000439
-2.75	0.0	-0.000445
-2.625	0.0	-0.000452
-2.5	0.0	-0.000459
-2.375	0.0	-0.000466
-2.25	0.0	-0.000474
-2.125	0.0	-0.000481
-2.0	0.0	-0.000488
-1.875	0.0	-0.000496
-1.75	0.0	-0.000504
-1.625	0.0	-0.000512
-1.5	0.0	-0.00052
-1.375	0.0	-0.000529
-1.25	0.0	-0.000537
-1.125	0.0	-0.000546
-1.0	0.0	-0.000555
-0.875	0.0	-0.000564
-0.75	0.0	-0.000574
-0.625	0.0	-0.000583
-0.5	0.0	-0.000593
-0.375	0.0	-0.000603
-0.25	0.0	-0.000614
-0.125	0.0	-0.000624
0.0	0.0	-0.000635
0.125	0.0	-0.000646
0.25	0.0	-0.000657
0.375	0.0	-0.000669
0.5	0.0	-0.000681
0.625	0.0	-0.000693
0.75	0.0	-0.000706
0.875	0.0	-0.000718
1.0	0.0	-0.000731
1.125	0.0	-0.000745
1.25	0.0	-0.000758
1.375	0.0	-0.000772
1.5	0.0	-0.000787
1.625	0.0	-0.000801
1.75	0.0	-0.000816
1.875	0.0	-0.000832
2.0	0.0	-0.000848
2.125	0.0	-0.000864
2.25	0.0	-0.00088
2.375	0.0	-0.000897
2.5	0.0	-0.000915
2.625	0.0	-0.000932
2.75	0.0	-0.000951
2.875	0.0	-0.000969
3.0	0.0	-0.000988
3.125	0.0	-0.001008
3.25	0.0	-0.001028
3.375	0.0	-0.001049
3.5	0.0	-0.00107
3.625	0.0	-0.001092
3.75	0.0	-0.001115
3.875	0.0	-0.001139
4.0	0.0	-0.001164
4.125	0.0	-0.00119
4.25	0.0	-0.001217
4.375	0.0	-0.001246
4.5	0.0	-0.001276
4.625	0.0	-0.001309
4.75	0.0	-0.001344
4.875	0.0	-0.001382
5.0	0.0	-0.001423
5.125	0.0	-0.001468
5.25	0.0	-0.001517
5.375	0.0	-0.001572
5.5	0.0	-0.001632
5.625	0.0	-0.001698
5.75	0.0	-0.001773
5.875	0.0	-0.001855
6.0	0.0	-0.001947
6.125	0.0	-0.002049
6.25	0.0	-0.002163
6.375	0.0	-0.002289
6.5	0.0	-0.002428
6.625	0.0	-0.002582
6.75	0.0	-0.00275
6.875	0.0	-0.002934
7.0	0.0	-0.003134
7.125	0.0	-0.003349
7.25	0.0	-0.003579
7.375	1.0e-6	-0.003822
7.5	1.0e-6	-0.004078
7.625	1.0e-6	-0.004342
7.75	1.0e-6	-0.004612
7.875	2.0e-6	-0.004883
8.0	2.0e-6	-0.005148
8.125	3.0e-6	-0.0054
8.25	4.0e-6	-0.00563
8.375	5.0e-6	-0.005826
8.5	7.0e-6	-0.005975
8.625	9.0e-6	-0.006064
8.75	1.1e-5	-0.006073
8.875	1.5e-5	-0.005984
9.0	1.9e-5	-0.005775
9.125	2.4e-5	-0.005422
9.25	3.1e-5	-0.004897
9.375	3.9e-5	-0.004173
9.5	4.9e-5	-0.003218
9.625	6.2e-5	-0.002001
9.75	7.8e-5	-0.000488
9.875	9.9e-5	0.001356
10.0	0.000124	0.003564
10.125	0.000155	0.00617
10.25	0.000193	0.009205
10.375	0.000241	0.012698
10.5	0.000299	0.016675
10.625	0.000371	0.021154
10.75	0.000458	0.026147
10.875	0.000565	0.03166
11.0	0.000694	0.037685
11.125	0.000852	0.044203
11.25	0.001042	0.051182
11.375	0.001272	0.058574
11.5	0.001549	0.06631
11.625	0.001882	0.074305
11.75	0.00228	0.082451
11.875	0.002756	0.090615
12.0	0.003323	0.098643
12.125	0.003996	0.106351
12.25	0.004795	0.113533
12.375	0.005738	0.119954
12.5	0.00685	0.125352
12.625	0.008157	0.129442
12.75	0.009689	0.131912
12.875	0.011481	0.13243
13.0	0.013571	0.130645
13.125	0.016002	0.126191
13.25	0.018821	0.118688
13.375	0.022082	0.107756
13.5	0.025843	0.093012
13.625	0.030171	0.074082
13.75	0.035136	0.050607
13.875	0.040818	0.022254
14.0	0.0473	-0.01128
14.125	0.054677	-0.050252
14.25	0.063047	-0.094869
14.375	0.072519	-0.145275
14.5	0.083208	-0.201542
14.625	0.095236	-0.26366
14.75	0.108733	-0.331527
14.875	0.123835	-0.404942
15.0	0.140687	-0.483597
15.125	0.159435	-0.567069
15.25	0.180236	-0.65482
15.375	0.203246	-0.746185
15.5	0.228626	-0.840382
15.625	0.25654	-0.936502
15.75	0.287149	-1.033522
15.875	0.320615	-1.130302
16.0	0.357096	-1.225599
16.125	0.396744	-1.318078
16.25	0.439703	-1.40632
16.375	0.486108	-1.488846
16.5	0.536081	-1.564128
16.625	0.589728	-1.630615
16.75	0.647138	-1.686754
16.875	0.708381	-1.731016
17.0	0.773501	-1.761919
17.125	0.842517	-1.778058
17.25	0.915421	-1.778131
17.375	0.992172	-1.760969
17.5	1.072698	-1.725559
17.625	1.156889	-1.671072
17.75	1.244602	-1.596891
17.875	1.335651	-1.502625
18.0	1.429815	-1.388137
18.125	1.526831	-1.253553
18.25	1.626394	-1.099279
18.375	1.728164	-0.926007
18.5	1.831759	-0.734719
18.625	1.936759	-0.526686
18.75	2.042712	-0.303461
18.875	2.14913	-0.06687
19.0	2.255498	0.181011
19.125	2.361274	0.437868
19.25	2.465893	0.701184
19.375	2.568777	0.968265
19.5	2.669332	1.236276
19.625	2.76696	1.50228
19.75	2.861062	1.763279
19.875	2.951045	2.016256
20.0	3.036327	2.258222
20.125	3.116343	2.48626
20.25	3.190555	2.69757
20.375	3.258451	2.889516
20.5	3.319558	3.059663
20.625	3.373444	3.205823
20.75	3.419723	3.326085
20.875	3.458059	3.418853
21.0	3.488173	3.482866
21.125	3.509843	3.517225
21.25	3.52291	3.521408
21.375	3.527276	3.495276
21.5	3.52291	3.43908
21.625	3.509843	3.353456
21.75	3.488173	3.239415
21.875	3.458059	3.098328
22.0	3.419723	2.931903
22.125	3.373444	2.74216
22.25	3.319558	2.531394
22.375	3.258451	2.302145
22.5	3.190554	2.05715
22.625	3.116343	1.799308
22.75	3.036326	1.531628
22.875	2.951045	1.257187
23.0	2.861062	0.979085
23.125	2.76696	0.700393
23.25	2.669331	0.424113
23.375	2.568776	0.153138
23.5	2.465893	-0.109793
23.625	2.361273	-0.362128
23.75	2.255498	-0.601533
23.875	2.14913	-0.825918
24.0	2.042712	-1.033462
24.125	1.936759	-1.22263
24.25	1.831758	-1.392183
24.375	1.728164	-1.541181
24.5	1.626394	-1.668993
24.625	1.52683	-1.775285
24.75	1.429815	-1.860013
24.875	1.335651	-1.923415
25.0	1.244602	-1.965985
25.125	1.156889	-1.988462
25.25	1.072698	-1.991797
25.375	0.992172	-1.977136
25.5	0.915421	-1.945786
25.625	0.842517	-1.89919
25.75	0.773501	-1.838895
25.875	0.708381	-1.766525
26.0	0.647138	-1.683751
26.125	0.589728	-1.592261
26.25	0.53608	-1.49374
26.375	0.486108	-1.389839
26.5	0.439703	-1.282156
26.625	0.396744	-1.172215
26.75	0.357096	-1.061449
26.875	0.320615	-0.951188
27.0	0.287149	-0.842643
27.125	0.25654	-0.7369
27.25	0.228626	-0.634915
27.375	0.203246	-0.537508
27.5	0.180236	-0.445364
27.625	0.159435	-0.359034
27.75	0.140687	-0.278939
27.875	0.123835	-0.205375
28.0	0.108733	-0.138521
28.125	0.095236	-0.078446
28.25	0.083208	-0.025122
28.375	0.072519	0.021571
28.5	0.063047	0.06183
28.625	0.054677	0.09592
28.75	0.0473	0.124161
28.875	0.040818	0.146919
29.0	0.035136	0.164594
29.125	0.030171	0.177613
29.25	0.025843	0.186415
29.375	0.022082	0.191446
29.5	0.018821	0.193152
29.625	0.016002	0.191971
29.75	0.013571	0.188326
29.875	0.011481	0.18262
30.0	0.009689	0.175236
30.125	0.008157	0.166526
30.25	0.00685	0.156818
30.375	0.005738	0.146406
30.5	0.004795	0.135555
30.625	0.003996	0.124497
30.75	0.003323	0.113436
30.875	0.002756	0.102543
31.0	0.00228	0.091963
31.125	0.001882	0.081811
31.25	0.001549	0.072179
31.375	0.001272	0.063137
31.5	0.001042	0.054732
31.625	0.000852	0.046993
31.75	0.000694	0.039935
31.875	0.000565	0.033558
32.0	0.000458	0.027848
32.125	0.000371	0.022785
32.25	0.000299	0.018339
32.375	0.000241	0.014475
32.5	0.000193	0.011154
32.625	0.000155	0.008333
32.75	0.000124	0.005968
32.875	9.9e-5	0.004016
33.0	7.8e-5	0.002431
33.125	6.2e-5	0.001173
33.25	4.9e-5	0.000198
33.375	3.9e-5	-0.00053
33.5	3.1e-5	-0.001049
33.625	2.4e-5	-0.00139
33.75	1.9e-5	-0.001586
33.875	1.5e-5	-0.001662
34.0	1.1e-5	-0.001644
34.125	9.0e-6	-0.001551
34.25	7.0e-6	-0.001403
34.375	5.0e-6	-0.001216
34.5	4.0e-6	-0.001003
34.625	3.0e-6	-0.000775
34.75	2.0e-6	-0.000541
34.875	2.0e-6	-0.000309
35.0	1.0e-6	-8.4e-5
35.125	1.0e-6	0.00013
35.25	1.0e-6	0.000329
35.375	1.0e-6	0.000512
35.5	0.0	0.000676
35.625	0.0	0.000822
35.75	0.0	0.00095
35.875	0.0	0.00106
36.0	0.0	0.001153
36.125	0.0	0.001229
36.25	0.0	0.001291
36.375	0.0	0.00134
36.5	0.0	0.001376
36.625	0.0	0.001401
36.75	0.0	0.001417
36.875	0.0	0.001424
37.0	0.0	0.001425
37.125	0.0	0.001419
37.25	0.0	0.001408
37.375	0.0	0.001393
37.5	0.0	0.001375
37.625	0.0	0.001354
37.75	0.0	0.001331
37.875	0.0	0.001306
38.0	0.0	0.001281
38.125	0.0	0.001254
38.25	0.0	0.001228
38.375	0.0	0.001201
38.5	0.0	0.001174
38.625	0.0	0.001148
38.75	0.0	0.001122
38.875	0.0	0.001096
39.0	0.0	0.001071
39.125	0.0	0.001047
39.25	0.0	0.001023
39.375	0.0	0.001
39.5	0.0	0.000977
39.625	0.0	0.000955
39.75	0.0	0.000934
39.875	0.0	0.000914
40.0	0.0	0.000894
40.125	0.0	0.000874
40.25	0.0	0.000856
40.375	0.0	0.000838
40.5	0.0	0.00082
40.625	0.0	0.000803
40.75	0.0	0.000786
40.875	0.0	0.00077
41.0	0.0	0.000754
41.125	0.0	0.000739
41.25	0.0	0.000724
41.375	0.0	0.000709
41.5	0.0	0.000695
41.625	0.0	0.000681
41.75	0.0	0.000668
41.875	0.0	0.000655
42.0	0.0	0.000642
42.125	0.0	0.000629
42.25	0.0	0.000617
42.375	0.0	0.000605
42.5	0.0	0.000594
42.625	0.0	0.000582
42.75	0.0	0.000571
42.875	0.0	0.00056
43.0	0.0	0.00055
43.125	0.0	0.00054
43.25	0.0	0.00053
43.375	0.0	0.00052
43.5	0.0	0.00051
43.625	0.0	0.000501
43.75	0.0	0.000491
43.875	0.0	0.000482
44.0	0.0	0.000474
44.125	0.0	0.000465
44.25	0.0	0.000457
44.375	0.0	0.000448
44.5	0.0	0.00044
44.625	0.0	0.000432
44.75	0.0	0.000425
44.875	0.0	0.000417
45.0	0.0	0.00041
45.125	0.0	0.000402
45.25	0.0	0.000395
45.375	0.0	0.000388
45.5	0.0	0.000382
45.625	0.0	0.000375
45.75	0.0	0.000369
45.875	0.0	0.000362
46.0	0.0	0.000356
46.125	0.0	0.00035
46.25	0.0	0.000344
46.375	0.0	0.000338
46.5	0.0	0.000332
46.625	0.0	0.000326
46.75	0.0	0.000321
46.875	0.0	0.000316
47.0	0.0	0.00031
47.125	0.0	0.000305
47.25	0.0	0.0003
47.375	0.0	0.000295
47.5	0.0	0.00029
47.625	0.0	0.000285
47.75	0.0	0.00028
47.875	0.0	0.000276
48.0	0.0	0.000271
48.125	0.0	0.000267
48.25	0.0	0.000262
48.375	0.0	0.000258
48.5	0.0	0.000254
48.625	0.0	0.00025
48.75	0.0	0.000246
48.875	0.0	0.000242
49.0	0.0	0.000238
49.125	0.0	0.000234
49.25	0.0	0.00023
49.375	0.0	0.000226
49.5	0.0	0.000223
49.625	0.0	0.000219
49.75	0.0	0.000216
49.875	0.0	0.000212
50.0	0.0	0.000209
50.125	0.0	0.000205
50.25	0.0	0.000202
50.375	0.0	0.000199
50.5	0.0	0.000196
50.625	0.0	0.000193
50.75	0.0	0.00019
50.875	0.0	0.000187
51.0	0.0	0.000184
51.125	0.0	0.000181
51.25	0.0	0.000178
51.375	0.0	0.000175
51.5	0.0	0.000172
51.625	0.0	0.00017
51.75	0.0	0.000167
51.875	0.0	0.000164
52.0	0.0	0.000162
52.125	0.0	0.000159
52.25	0.0	0.000157
52.375	0.0	0.000154
52.5	0.0	0.000152
52.625	0.0	0.00015
52.75	0.0	0.000147
52.875	0.0	0.000145
53.0	0.0	0.000143
53.125	0.0	0.00014
53.25	0.0	0.000138
53.375	0.0	0.000136
53.5	0.0	0.000134
53.625	0.0	0.000132
53.75	0.0	0.00013
53.875	0.0	0.000128
54.0	0.0	0.000126
54.125	0.0	0.000124
54.25	0.0	0.000122
54.375	0.0	0.00012
54.5	0.0	0.000118
54.625	0.0	0.000116
54.75	0.0	0.000115
54.875	0.0	0.000113
55.0	0.0	0.000111
55.125	0.0	0.000109
55.25	0.0	0.000108
55.375	0.0	0.000106
55.5	0.0	0.000104
55.625	0.0	0.000103
55.75	0.0	0.000101
55.875	0.0	0.0001
56.0	0.0	9.8e-5
56.125	0.0	9.6e-5
56.25	0.0	9.5e-5
56.375	0.0	9.3e-5
56.5	0.0	9.2e-5
56.625	0.0	9.1e-5
56.75	0.0	8.9e-5
56.875	0.0	8.8e-5
57.0	0.0	8.6e-5
57.125	0.0	8.5e-5
57.25	0.0	8.4e-5
57.375	0.0	8.2e-5
57.5	0.0	8.1e-5
57.625	0.0	8.0e-5
57.75	0.0	7.8e-5
57.875	0.0	7.7e-5
58.0	0.0	7.6e-5
58.125	0.0	7.5e-5
58.25	0.0	7.4e-5
58.375	0.0	7.2e-5
58.5	0.0	7.1e-5
58.625	0.0	7.0e-5
58.75	0.0	6.9e-5
58.875	0.0	6.8e-5
59.0	0.0	6.7e-5
59.125	0.0	6.6e-5
59.25	0.0	6.5e-5
59.375	0.0	6.3e-5
59.5	0.0	6.2e-5
59.625	0.0	6.1e-5
59.75	0.0	6.0e-5
59.875	0.0	5.9e-5
60.0	0.0	5.8e-5
60.125	0.0	5.7e-5
60.25	0.0	5.6e-5
60.375	0.0	5.5e-5
60.5	0.0	5.5e-5
60.625	0.0	5.4e-5
60.75	0.0	5.3e-5
60.875	0.0	5.2e-5
61.0	0.0	5.1e-5
61.125	0.0	5.0e-5
61.25	0.0	4.9e-5
61.375	0.0	4.8e-5
61.5	0.0	4.7e-5
61.625	0.0	4.7e-5
61.75	0.0	4.6e-5
61.875	0.0	4.5e-5
62.0	0.0	4.4e-5
62.125	0.0	4.3e-5
62.25	0.0	4.3e-5
62.375	0.0	4.2e-5
62.5	0.0	4.1e-5
62.625	0.0	4.0e-5
62.75	0.0	4.0e-5
62.875	0.0	3.9e-5
63.0	0.0	3.8e-5
63.125	0.0	3.7e-5
63.25	0.0	3.7e-5
63.375	0.0	3.6e-5
63.5	0.0	3.5e-5
63.625	0.0	3.5e-5
63.75	0.0	3.4e-5
63.875	0.0	3.3e-5
64.0	0.0	3.3e-5
64.125	0.0	3.2e-5
64.25	0.0	3.1e-5
64.375	0.0	3.1e-5
64.5	0.0	3.0e-5
64.625	0.0	2.9e-5
64.75	0.0	2.9e-5
64.875	0.0	2.8e-5
65.0	0.0	2.8e-5
65.125	0.0	2.7e-5
65.25	0.0	2.6e-5
65.375	0.0	2.6e-5
65.5	0.0	2.5e-5
65.625	0.0	2.5e-5
65.75	0.0	2.4e-5
65.875	0.0	2.4e-5
66.0	0.0	2.3e-5
66.125	0.0	2.3e-5
66.25	0.0	2.2e-5
66.375	0.0	2.2e-5
66.5	0.0	2.1e-5
66.625	0.0	2.1e-5
66.75	0.0	2.0e-5
66.875	0.0	2.0e-5
67.0	0.0	1.9e-5
67.125	0.0	1.9e-5
67.25	0.0	1.8e-5
67.375	0.0	1.8e-5
67.5	0.0	1.7e-5
67.625	0.0	1.7e-5
67.75	0.0	1.6e-5
67.875	0.0	1.6e-5
68.0	0.0	1.5e-5
68.125	0.0	1.5e-5
68.25	0.0	1.4e-5
68.375	0.0	1.4e-5
68.5	0.0	1.4e-5
68.625	0.0	1.3e-5
68.75	0.0	1.3e-5
68.875	0.0	1.2e-5
69.0	0.0	1.2e-5
69.125	0.0	1.1e-5
69.25	0.0	1.1e-5
69.375	0.0	1.1e-5
69.5	0.0	1.0e-5
69.625	0.0	1.0e-5
69.75	0.0	9.0e-6
69.875	0.0	9.0e-6
70.0	0.0	9.0e-6
70.125	0.0	8.0e-6
70.25	0.0	8.0e-6
70.375	0.0	8.0e-6
70.5	0.0	7.0e-6
70.625	0.0	7.0e-6
70.75	0.0	7.0e-6
70.875	0.0	6.0e-6
71.0	0.0	6.0e-6
71.125	0.0	5.0e-6
71.25	0.0	5.0e-6
71.375	0.0	5.0e-6
71.5	0.0	4.0e-6
71.625	0.0	4.0e-6
71.75	0.0	4.0e-6
71.875	0.0	4.0e-6
72.0	0.0	3.0e-6
72.125	0.0	3.0e-6
72.25	0.0	3.0e-6
72.375	0.0	2.0e-6
72.5	0.0	2.0e-6
72.625	0.0	2.0e-6
72.75	0.0	1.0e-6
72.875	0.0	1.0e-6
73.0	0.0	0.0
73.125	0.0	0.0
73.25	0.0	0.0
73.375	0.0	0.0
73.5	0.0	0.0
73.625	0.0	0.0
73.75	0.0	0.0
73.875	0.0	-1.0e-6
74.0	0.0	-1.0e-6
74.125	0.0	-2.0e-6
74.25	0.0	-2.0e-6
74.375	0.0	-2.0e-6
74.5	0.0	-3.0e-6
74.625	0.0	-3.0e-6
74.75	0.0	-3.0e-6
74.875	0.0	-3.0e-6
75.0	0.0	-4.0e-6
75.125	0.0	-4.0e-6
75.25	0.0	-4.0e-6
75.375	0.0	-4.0e-6
75.5	0.0	-5.0e-6
75.625	0.0	-5.0e-6
75.75	0.0	-5.0e-6
75.875	0.0	-5.0e-6
76.0	0.0	-5.0e-6
76.125	0.0	-6.0e-6
76.25	0.0	-6.0e-6
76.375	0.0	-6.0e-6
76.5	0.0	-6.0e-6
76.625	0.0	-7.0e-6
76.75	0.0	-7.0e-6
76.875	0.0	-7.0e-6
77.0	0.0	-7.0e-6
77.125	0.0	-7.0e-6
77.25	0.0	-8.0e-6
77.375	0.0	-8.0e-6
77.5	0.0	-8.0e-6
77.625	0.0	-8.0e-6
77.75	0.0	-8.0e-6
77.875	0.0	-9.0e-6
78.0	0.0	-9.0e-6
78.125	0.0	-9.0e-6
78.25	0.0	-9.0e-6
78.375	0.0	-9.0e-6
78.5	0.0	-1.0e-5
78.625	0.0	-1.0e-5
78.75	0.0	-1.0e-5
78.875	0.0	-1.0e-5
79.0	0.0	-1.0e-5
79.125	0.0	-1.1e-5
79.25	0.0	-1.1e-5
79.375	0.0	-1.1e-5
79.5	0.0	-1.1e-5
79.625	0.0	-1.1e-5
79.75	0.0	-1.1e-5
79.875	0.0	-1.2e-5
80.0	0.0	-1.2e-5
80.125	0.0	-1.2e-5
80.25	0.0	-1.2e-5
80.375	0.0	-1.2e-5
80.5	0.0	-1.2e-5
80.625	0.0	-1.3e-5
80.75	0.0	-1.3e-5
80.875	0.0	-1.3e-5
81.0	0.0	-1.3e-5
81.125	0.0	-1.3e-5
81.25	0.0	-1.3e-5
81.375	0.0	-1.3e-5
81.5	0.0	-1.4e-5
81.625	0.0	-1.4e-5
81.75	0.0	-1.4e-5
81.875	0.0	-1.4e-5
82.0	0.0	-1.4e-5
82.125	0.0	-1.4e-5
82.25	0.0	-1.4e-5
82.375	0.0	-1.5e-5
82.5	0.0	-1.5e-5
82.625	0.0	-1.5e-5
82.75	0.0	-1.5e-5
82.875	0.0	-1.5e-5
83.0	0.0	-1.5e-5
83.125	0.0	-1.5e-5
83.25	0.0	-1.6e-5
83.375	0.0	-1.6e-5
83.5	0.0	-1.6e-5
83.625	0.0	-1.6e-5
83.75	0.0	-1.6e-5
83.875	0.0	-1.6e-5
84.0	0.0	-1.6e-5
84.125	0.0	-1.6e-5
84.25	0.0	-1.7e-5
84.375	0.0	-1.7e-5
84.5	0.0	-1.7e-5
84.625	0.0	-1.7e-5
84.75	0.0	-1.7e-5
84.875	0.0	-1.7e-5
85.0	0.0	-1.7e-5
85.125	0.0	-1.7e-5
85.25	0.0	-1.8e-5
85.375	0.0	-1.8e-5
85.5	0.0	-1.8e-5
85.625	0.0	-1.8e-5
85.75	0.0	-1.8e-5
85.875	0.0	-1.8e-5
86.0	0.0	-1.8e-5
86.125	0.0	-1.8e-5
86.25	0.0	-1.8e-5
86.375	0.0	-1.9e-5
86.5	0.0	-1.9e-5
86.625	0.0	-1.9e-5
86.75	0.0	-1.9e-5
86.875	0.0	-1.9e-5
87.0	0.0	-1.9e-5
87.125	0.0	-1.9e-5
87.25	0.0	-1.9e-5
87.375	0.0	-1.9e-5
87.5	0.0	-1.9e-5
87.625	0.0	-2.0e-5
87.75	0.0	-2.0e-5
87.875	0.0	-2.0e-5
88.0	0.0	-2.0e-5
88.125	0.0	-2.0e-5
88.25	0.0	-2.0e-5
88.375	0.0	-2.0e-5
88.5	0.0	-2.0e-5
88.625	0.0	-2.0e-5
88.75	0.0	-2.0e-5
88.875	0.0	-2.1e-5
89.0	0.0	-2.1e-5
89.125	0.0	-2.1e-5
89.25	0.0	-2.1e-5
89.375	0.0	-2.1e-5
89.5	0.0	-2.1e-5
89.625	0.0	-2.1e-5
89.75	0.0	-2.1e-5
89.875	0.0	-2.1e-5
90.0	0.0	-2.1e-5
90.125	0.0	-2.1e-5
90.25	0.0	-2.1e-5
90.375	0.0	-2.2e-5
90.5	0.0	-2.2e-5
90.625	0.0	-2.2e-5
90.75	0.0	-2.2e-5
90.875	0.0	-2.2e-5
91.0	0.0	-2.2e-5
91.125	0.0	-2.2e-5
91.25	0.0	-2.2e-5
91.375	0.0	-2.2e-5
91.5	0.0	-2.2e-5
91.625	0.0	-2.2e-5
91.75	0.0	-2.2e-5
91.875	0.0	-2.2e-5
92.0	0.0	-2.3e-5
92.125	0.0	-2.3e-5
92.25	0.0	-2.3e-5
92.375	0.0	-2.3e-5
92.5	0.0	-2.3e-5
92.625	0.0	-2.3e-5
92.75	0.0	-2.3e-5
92.875	0.0	-2.3e-5
93.0	0.0	-2.3e-5
93.125	0.0	-2.3e-5
93.25	0.0	-2.3e-5
93.375	0.0	-2.3e-5
93.5	0.0	-2.3e-5
93.625	0.0	-2.3e-5
93.75	0.0	-2.3e-5
93.875	0.0	-2.4e-5
94.0	0.0	-2.4e-5
94.125	0.0	-2.4e-5
94.25	0.0	-2.4e-5
94.375	0.0	-2.4e-5
94.5	0.0	-2.4e-5
94.625	0.0	-2.4e-5
94.75	0.0	-2.4e-5
94.875	0.0	-2.4e-5
95.0	0.0	-2.4e-5
95.125	0.0	-2.4e-5
95.25	0.0	-2.4e-5
95.375	0.0	-2.4e-5
95.5	0.0	-2.4e-5
95.625	0.0	-2.4e-5
95.75	0.0	-2.4e-5
95.875	0.0	-2.5e-5
96.0	0.0	-2.5e-5
96.125	0.0	-2.5e-5
96.25	0.0	-2.5e-5
96.375	0.0	-2.5e-5
96.5	0.0	-2.5e-5
96.625	0.0	-2.5e-5
96.75	0.0	-2.5e-5
96.875	0.0	-2.5e-5
97.0	0.0	-2.5e-5
97.125	0.0	-2.5e-5
97.25	0.0	-2.5e-5
97.375	0.0	-2.5e-5
97.5	0.0	-2.5e-5
97.625	0.0	-2.5e-5
97.75	0.0	-2.5e-5
97.875	0.0	-2.5e-5
98.0	0.0	-2.5e-5
98.125	0.0	-2.5e-5
98.25	0.0	-2.6e-5
98.375	0.0	-2.6e-5
98.5	0.0	-2.6e-5
98.625	0.0	-2.6e-5
98.75	0.0	-2.6e-5
98.875	0.0	-2.6e-5
99.0	0.0	-2.6e-5
99.125	0.0	-2.6e-5
99.25	0.0	-2.6e-5
99.375	0.0	-2.6e-5
99.5	0.0	-2.6e-5
99.625	0.0	-2.6e-5
99.75	0.0	-2.6e-5
99.875	0.0	-2.6e-5
100.0	0.0	-2.6e-5
100.125	0.0	-2.6e-5
100.25	0.0	-2.6e-5
100.375	0.0	-2.6e-5
100.5	0.0	-2.6e-5
100.625	0.0	-2.6e-5
100.75	0.0	-2.6e-5
100.875	0.0	-2.6e-5
101.0	0.0	-2.7e-5
101.125	0.0	-2.7e-5
101.25	0.0	-2.7e-5
101.375	0.0	-2.7e-5
101.5	0.0	-2.7e-5
101.625	0.0	-2.7e-5
101.75	0.0	-2.7e-5
101.875	0.0	-2.7e-5
102.0	0.0	-2.7e-5
102.125	0.0	-2.7e-5
102.25	0.0	-2.7e-5
102.375	0.0	-2.7e-5
102.5	0.0	-2.7e-5
102.625	0.0	-2.7e-5
102.75	0.0	-2.7e-5
102.875	0.0	-2.7e-5
103.0	0.0	-2.7e-5
103.125	0.0	-2.7e-5
103.25	0.0	-2.7e-5
103.375	0.0	-2.7e-5
103.5	0.0	-2.7e-5
103.625	0.0	-2.7e-5
103.75	0.0	-2.7e-5
103.875	0.0	-2.7e-5
104.0	0.0	-2.7e-5
104.125	0.0	-2.7e-5
104.25	0.0	-2.7e-5
104.375	0.0	-2.8e-5
104.5	0.0	-2.8e-5
104.625	0.0	-2.8e-5
104.75	0.0	-2.8e-5
104.875	0.0	-2.8e-5
105.0	0.0	-2.8e-5
105.125	0.0	-2.8e-5
105.25	0.0	-2.8e-5
105.375	0.0	-2.8e-5
105.5	0.0	-2.8e-5
105.625	0.0	-2.8e-5
105.75	0.0	-2.8e-5
105.875	0.0	-2.8e-5
106.0	0.0	-2.8e-5
106.125	0.0	-2.8e-5
106.25	0.0	-2.8e-5
106.375	0.0	-2.8e-5
106.5	0.0	-2.8e-5
106.625	0.0	-2.8e-5
106.75	0.0	-2.8e-5
106.875	0.0	-2.8e-5
107.0	0.0	-2.8e-5
107.125	0.0	-2.8e-5
107.25	0.0	-2.8e-5
107.375	0.0	-2.8e-5
107.5	0.0	-2.8e-5
107.625	0.0	-2.8e-5
107.75	0.0	-2.8e-5
107.875	0.0	-2.8e-5
108.0	0.0	-2.8e-5
108.125	0.0	-2.8e-5
108.25	0.0	-2.8e-5
108.375	0.0	-2.8e-5
108.5	0.0	-2.8e-5
108.625	0.0	-2.9e-5
108.75	0.0	-2.9e-5
108.875	0.0	-2.9e-5
109.0	0.0	-2.9e-5
109.125	0.0	-2.9e-5
109.25	0.0	-2.9e-5
109.375	0.0	-2.9e-5
109.5	0.0	-2.9e-5
109.625	0.0	-2.9e-5
109.75	0.0	-2.9e-5
109.875	0.0	-2.9e-5
110.0	0.0	-2.9e-5
110.125	0.0	-2.9e-5
110.25	0.0	-2.9e-5
110.375	0.0	-2.9e-5
110.5	0.0	-2.9e-5
110.625	0.0	-2.9e-5
110.75	0.0	-2.9e-5
110.875	0.0	-2.9e-5
111.0	0.0	-2.9e-5
111.125	0.0	-2.9e-5
111.25	0.0	-2.9e-5
111.375	0.0	-2.9e-5
111.5	0.0	-2.9e-5
111.625	0.0	-2.9e-5
111.75	0.0	-2.9e-5
111.875	0.0	-2.9e-5
112.0	0.0	-2.9e-5
112.125	0.0	-2.9e-5
112.25	0.0	-2.9e-5
112.375	0.0	-2.9e-5
112.5	0.0	-2.9e-5
112.625	0.0	-2.9e-5
112.75	0.0	-2.9e-5
112.875	0.0	-2.9e-5
113.0	0.0	-2.9e-5
113.125	0.0	-2.9e-5
113.25	0.0	-2.9e-5
113.375	0.0	-2.9e-5
113.5	0.0	-2.9e-5
113.625	0.0	-2.9e-5
113.75	0.0	-2.9e-5
113.875	0.0	-2.9e-5
114.0	0.0	-2.9e-5
114.125	0.0	-2.9e-5
114.25	0.0	-3.0e-5
114.375	0.0	-3.0e-5
114.5	0.0	-3.0e-5
114.625	0.0	-3.0e-5
114.75	0.0	-3.0e-5
114.875	0.0	-3.0e-5
115.0	0.0	-3.0e-5
115.125	0.0	-3.0e-5
115.25	0.0	-3.0e-5
115.375	0.0	-3.0e-5
115.5	0.0	-3.0e-5
115.625	0.0	-3.0e-5
115.75	0.0	-3.0e-5
115.875	0.0	-3.0e-5
116.0	0.0	-3.0e-5
116.125	0.0	-3.0e-5
116.25	0.0	-3.0e-5
116.375	0.0	-3.0e-5
116.5	0.0	-3.0e-5
116.625	0.0	-3.0e-5
116.75	0.0	-3.0e-5
116.875	0.0	-3.0e-5
117.0	0.0	-3.0e-5
117.125	0.0	-3.0e-5
117.25	0.0	-3.0e-5
117.375	0.0	-3.0e-5
117.5	0.0	-3.0e-5
117.625	0.0	-3.0e-5
117.75	0.0	-3.0e-5
117.875	0.0	-3.0e-5
118.0	0.0	-3.0e-5
118.125	0.0	-3.0e-5
118.25	0.0	-3.0e-5
118.375	0.0	-3.0e-5
118.5	0.0	-3.0e-5
118.625	0.0	-3.0e-5
118.75	0.0	-3.0e-5
118.875	0.0	-3.0e-5
119.0	0.0	-3.0e-5
119.125	0.0	-3.0e-5
119.25	0.0	-3.0e-5
119.375	0.0	-3.0e-5
119.5	0.0	-3.0e-5
119.625	0.0	-3.0e-5
119.75	0.0	-3.0e-5
119.875	0.0	-3.0e-5
120.0	0.0	-3.0e-5
120.125	0.0	-3.0e-5
120.25	0.0	-3.0e-5
120.375	0.0	-3.0e-5
120.5	0.0	-3.0e-5
120.625	0.0	-3.0e-5
120.75	0.0	-3.0e-5
120.875	0.0	-3.0e-5
121.0	0.0	-3.0e-5
121.125	0.0	-3.0e-5
121.25	0.0	-3.0e-5
121.375	0.0	-3.0e-5
121.5	0.0	-3.0e-5
121.625	0.0	-3.0e-5
121.75	0.0	-3.0e-5
121.875	0.0	-3.0e-5
122.0	0.0	-3.0e-5
122.125	0.0	-3.0e-5
122.25	0.0	-3.0e-5
