-133.625	0.0	0.0
-133.5	0.0	0.0
-133.375	0.0	0.0
-133.25	0.0	0.0
-133.125	0.0	0.0
-133.0	0.0	0.0
-132.875	0.0	0.0
-132.75	0.0	0.0
-132.625	0.0	0.0
-132.5	0.0	0.0
-132.375	0.0	0.0
-132.25	0.0	0.0
-132.125	0.0	0.0
-132.0	0.0	0.0
-131.875	0.0	0.0
-131.75	0.0	0.0
-131.625	0.0	0.0
-131.5	0.0	0.0
-131.375	0.0	0.0
-131.25	0.0	0.0
-131.125	0.0	0.0
-131.0	0.0	0.0
-130.875	0.0	0.0
-130.75	0.0	0.0
-130.625	0.0	0.0
-130.5	0.0	0.0
-130.375	0.0	0.0
-130.25	0.0	0.0
-130.125	0.0	0.0
-130.0	0.0	0.0
-129.875	0.0	0.0
-129.75	0.0	0.0
-129.625	0.0	0.0
-129.5	0.0	0.0
-129.375	0.0	0.0
-129.25	0.0	0.0
-129.125	0.0	0.0
-129.0	0.0	0.0
-128.875	0.0	0.0
-128.75	0.0	0.0
-128.625	0.0	0.0
-128.5	0.0	0.0
-128.375	0.0	0.0
-128.25	0.0	0.0
-128.125	0.0	0.0
-128.0	0.0	0.0
-127.875	0.0	0.0
-127.75	0.0	0.0
-127.625	0.0	0.0
-127.5	0.0	0.0
-127.375	0.0	0.0
-127.25	0.0	0.0
-127.125	0.0	0.0
-127.0	0.0	0.0
-126.875	0.0	0.0
-126.75	0.0	0.0
-126.625	0.0	0.0
-126.5	0.0	0.0
-126.375	0.0	0.0
-126.25	0.0	0.0
-126.125	0.0	0.0
-126.0	0.0	0.0
-125.875	0.0	0.0
-125.75	0.0	0.0
-125.625	0.0	0.0
-125.5	0.0	0.0
-125.375	0.0	0.0
-125.25	0.0	0.0
-125.125	0.0	0.0
-125.0	0.0	0.0
-124.875	0.0	0.0
-124.75	0.0	0.0
-124.625	0.0	0.0
-124.5	0.0	0.0
-124.375	0.0	0.0
-124.25	0.0	0.0
-124.125	0.0	0.0
-124.0	0.0	0.0
-123.875	0.0	0.0
-123.75	0.0	0.0
-123.625	0.0	0.0
-123.5	0.0	0.0
-123.375	0.0	0.0
-123.25	0.0	0.0
-123.125	0.0	0.0
-123.0	0.0	0.0
-122.875	0.0	0.0
-122.75	0.0	0.0
-122.625	0.0	0.0
-122.5	0.0	0.0
-122.375	0.0	0.0
-122.25	0.0	0.0
-122.125	0.0	0.0
-122.0	0.0	0.0
-121.875	0.0	0.0
-121.75	0.0	0.0
-121.625	0.0	0.0
-121.5	0.0	0.0
-121.375	0.0	0.0
-121.25	0.0	0.0
-121.125	0.0	0.0
-121.0	0.0	0.0
-120.875	0.0	0.0
-120.75	0.0	0.0
-120.625	0.0	0.0
-120.5	0.0	0.0
-120.375	0.0	0.0
-120.25	0.0	0.0
-120.125	0.0	0.0
-120.0	0.0	0.0
-119.875	0.0	0.0
-119.75	0.0	0.0
-119.625	0.0	0.0
-119.5	0.0	0.0
-119.375	0.0	0.0
-119.25	0.0	0.0
-119.125	0.0	0.0
-119.0	0.0	0.0
-118.875	0.0	0.0
-118.75	0.0	0.0
-118.625	0.0	0.0
-118.5	0.0	0.0
-118.375	0.0	0.0
-118.25	0.0	0.0
-118.125	0.0	0.0
-118.0	0.0	0.0
-117.875	0.0	0.0
-117.75	0.0	0.0
-117.625	0.0	0.0
-117.5	0.0	0.0
-117.375	0.0	0.0
-117.25	0.0	0.0
-117.125	0.0	0.0
-117.0	0.0	0.0
-116.875	0.0	0.0
-116.75	0.0	0.0
-116.625	0.0	0.0
-116.5	0.0	0.0
-116.375	0.0	0.0
-116.25	0.0	0.0
-116.125	0.0	0.0
-116.0	0.0	0.0
-115.875	0.0	0.0
-115.75	0.0	0.0
-115.625	0.0	0.0
-115.5	0.0	0.0
-115.375	0.0	0.0
-115.25	0.0	0.0
-115.125	0.0	0.0
-115.0	0.0	0.0
-114.875	0.0	0.0
-114.75	0.0	0.0
-114.625	0.0	0.0
-114.5	0.0	0.0
-114.375	0.0	0.0
-114.25	0.0	0.0
-114.125	0.0	0.0
-114.0	0.0	0.0
-113.875	0.0	0.0
-113.75	0.0	0.0
-113.625	0.0	0.0
-113.5	0.0	0.0
-113.375	0.0	0.0
-113.25	0.0	0.0
-113.125	0.0	0.0
-113.0	0.0	0.0
-112.875	0.0	0.0
-112.75	0.0	0.0
-112.625	0.0	0.0
-112.5	0.0	0.0
-112.375	0.0	0.0
-112.25	0.0	0.0
-112.125	0.0	0.0
-112.0	0.0	0.0
-111.875	0.0	0.0
-111.75	0.0	0.0
-111.625	0.0	0.0
-111.5	0.0	0.0
-111.375	0.0	0.0
-111.25	0.0	0.0
-111.125	0.0	0.0
-111.0	0.0	0.0
-110.875	0.0	0.0
-110.75	0.0	0.0
-110.625	0.0	0.0
-110.5	0.0	0.0
-110.375	0.0	0.0
-110.25	0.0	0.0
-110.125	0.0	0.0
-110.0	0.0	0.0
-109.875	0.0	0.0
-109.75	0.0	0.0
-109.625	0.0	0.0
-109.5	0.0	0.0
-109.375	0.0	0.0
-109.25	0.0	0.0
-109.125	0.0	0.0
-109.0	0.0	0.0
-108.875	0.0	0.0
-108.75	0.0	0.0
-108.625	0.0	0.0
-108.5	0.0	0.0
-108.375	0.0	0.0
-108.25	0.0	0.0
-108.125	0.0	0.0
-108.0	0.0	0.0
-107.875	0.0	0.0
-107.75	0.0	0.0
-107.625	0.0	0.0
-107.5	0.0	0.0
-107.375	0.0	0.0
-107.25	0.0	0.0
-107.125	0.0	0.0
-107.0	0.0	0.0
-106.875	0.0	0.0
-106.75	0.0	0.0
-106.625	0.0	0.0
-106.5	0.0	0.0
-106.375	0.0	0.0
-106.25	0.0	0.0
-106.125	0.0	0.0
-106.0	0.0	0.0
-105.875	0.0	0.0
-105.75	0.0	0.0
-105.625	0.0	0.0
-105.5	0.0	0.0
-105.375	0.0	0.0
-105.25	0.0	0.0
-105.125	0.0	0.0
-105.0	0.0	0.0
-104.875	0.0	0.0
-104.75	0.0	0.0
-104.625	0.0	0.0
-104.5	0.0	0.0
-104.375	0.0	0.0
-104.25	0.0	0.0
-104.125	0.0	0.0
-104.0	0.0	0.0
-103.875	0.0	0.0
-103.75	0.0	0.0
-103.625	0.0	0.0
-103.5	0.0	0.0
-103.375	0.0	0.0
-103.25	0.0	0.0
-103.125	0.0	0.0
-103.0	0.0	0.0
-102.875	0.0	0.0
-102.75	0.0	0.0
-102.625	0.0	0.0
-102.5	0.0	0.0
-102.375	0.0	0.0
-102.25	0.0	0.0
-102.125	0.0	0.0
-102.0	0.0	0.0
-101.875	0.0	0.0
-101.75	0.0	0.0
-101.625	0.0	0.0
-101.5	0.0	0.0
-101.375	0.0	0.0
-101.25	0.0	0.0
-101.125	0.0	0.0
-101.0	0.0	0.0
-100.875	0.0	0.0
-100.75	0.0	0.0
-100.625	0.0	0.0
-100.5	0.0	0.0
-100.375	0.0	0.0
-100.25	0.0	0.0
-100.125	0.0	0.0
-100.0	0.0	0.0
-99.875	0.0	0.0
-99.75	0.0	0.0
-99.625	0.0	0.0
-99.5	0.0	0.0
-99.375	0.0	0.0
-99.25	0.0	0.0
-99.125	0.0	0.0
-99.0	0.0	0.0
-98.875	0.0	0.0
-98.75	0.0	0.0
-98.625	0.0	0.0
-98.5	0.0	0.0
-98.375	0.0	0.0
-98.25	0.0	0.0
-98.125	0.0	0.0
-98.0	0.0	0.0
-97.875	0.0	0.0
-97.75	0.0	0.0
-97.625	0.0	0.0
-97.5	0.0	0.0
-97.375	0.0	0.0
-97.25	0.0	0.0
-97.125	0.0	0.0
-97.0	0.0	0.0
-96.875	0.0	0.0
-96.75	0.0	0.0
-96.625	0.0	0.0
-96.5	0.0	0.0
-96.375	0.0	0.0
-96.25	0.0	0.0
-96.125	0.0	0.0
-96.0	0.0	0.0
-95.875	0.0	0.0
-95.75	0.0	0.0
-95.625	0.0	0.0
-95.5	0.0	0.0
-95.375	0.0	0.0
-95.25	0.0	0.0
-95.125	0.0	0.0
-95.0	0.0	0.0
-94.875	0.0	0.0
-94.75	0.0	0.0
-94.625	0.0	0.0
-94.5	0.0	0.0
-94.375	0.0	0.0
-94.25	0.0	0.0
-94.125	0.0	0.0
-94.0	0.0	0.0
-93.875	0.0	0.0
-93.75	0.0	0.0
-93.625	0.0	0.0
-93.5	0.0	0.0
-93.375	0.0	0.0
-93.25	0.0	0.0
-93.125	0.0	0.0
-93.0	0.0	0.0
-92.875	0.0	0.0
-92.75	0.0	0.0
-92.625	0.0	0.0
-92.5	0.0	0.0
-92.375	0.0	0.0
-92.25	0.0	0.0
-92.125	0.0	0.0
-92.0	0.0	0.0
-91.875	0.0	0.0
-91.75	0.0	0.0
-91.625	0.0	0.0
-91.5	0.0	0.0
-91.375	0.0	-1.0e-6
-91.25	0.0	-1.0e-6
-91.125	0.0	-1.0e-6
-91.0	0.0	-1.0e-6
-90.875	0.0	-1.0e-6
-90.75	0.0	-1.0e-6
-90.625	0.0	-1.0e-6
-90.5	0.0	-1.0e-6
-90.375	0.0	-1.0e-6
-90.25	0.0	-1.0e-6
-90.125	0.0	-1.0e-6
-90.0	0.0	-1.0e-6
-89.875	0.0	-1.0e-6
-89.75	0.0	-1.0e-6
-89.625	0.0	-1.0e-6
-89.5	0.0	-1.0e-6
-89.375	0.0	-1.0e-6
-89.25	0.0	-1.0e-6
-89.125	0.0	-1.0e-6
-89.0	0.0	-1.0e-6
-88.875	0.0	-1.0e-6
-88.75	0.0	-1.0e-6
-88.625	0.0	-1.0e-6
-88.5	0.0	-1.0e-6
-88.375	0.0	-1.0e-6
-88.25	0.0	-1.0e-6
-88.125	0.0	-1.0e-6
-88.0	0.0	-1.0e-6
-87.875	0.0	-1.0e-6
-87.75	0.0	-1.0e-6
-87.625	0.0	-1.0e-6
-87.5	0.0	-1.0e-6
-87.375	0.0	-1.0e-6
-87.25	0.0	-1.0e-6
-87.125	0.0	-1.0e-6
-87.0	0.0	-1.0e-6
-86.875	0.0	-1.0e-6
-86.75	0.0	-1.0e-6
-86.625	0.0	-1.0e-6
-86.5	0.0	-1.0e-6
-86.375	0.0	-1.0e-6
-86.25	0.0	-1.0e-6
-86.125	0.0	-1.0e-6
-86.0	0.0	-1.0e-6
-85.875	0.0	-1.0e-6
-85.75	0.0	-1.0e-6
-85.625	0.0	-1.0e-6
-85.5	0.0	-1.0e-6
-85.375	0.0	-1.0e-6
-85.25	0.0	-1.0e-6
-85.125	0.0	-1.0e-6
-85.0	0.0	-1.0e-6
-84.875	0.0	-1.0e-6
-84.75	0.0	-1.0e-6
-84.625	0.0	-1.0e-6
-84.5	0.0	-1.0e-6
-84.375	0.0	-1.0e-6
-84.25	0.0	-1.0e-6
-84.125	0.0	-1.0e-6
-84.0	0.0	-1.0e-6
-83.875	0.0	-1.0e-6
-83.75	0.0	-1.0e-6
-83.625	0.0	-1.0e-6
-83.5	0.0	-1.0e-6
-83.375	0.0	-1.0e-6
-83.25	0.0	-1.0e-6
-83.125	0.0	-1.0e-6
-83.0	0.0	-1.0e-6
-82.875	0.0	-1.0e-6
-82.75	0.0	-1.0e-6
-82.625	0.0	-1.0e-6
-82.5	0.0	-1.0e-6
-82.375	0.0	-1.0e-6
-82.25	0.0	-1.0e-6
-82.125	0.0	-1.0e-6
-82.0	0.0	-1.0e-6
-81.875	0.0	-1.0e-6
-81.75	0.0	-1.0e-6
-81.625	0.0	-1.0e-6
-81.5	0.0	-1.0e-6
-81.375	0.0	-1.0e-6
-81.25	0.0	-1.0e-6
-81.125	0.0	-1.0e-6
-81.0	0.0	-1.0e-6
-80.875	0.0	-1.0e-6
-80.75	0.0	-1.0e-6
-80.625	0.0	-1.0e-6
-80.5	0.0	-1.0e-6
-80.375	0.0	-1.0e-6
-80.25	0.0	-1.0e-6
-80.125	0.0	-1.0e-6
-80.0	0.0	-1.0e-6
-79.875	0.0	-1.0e-6
-79.75	0.0	-1.0e-6
-79.625	0.0	-2.0e-6
-79.5	0.0	-2.0e-6
-79.375	0.0	-2.0e-6
-79.25	0.0	-2.0e-6
-79.125	0.0	-2.0e-6
-79.0	0.0	-2.0e-6
-78.875	0.0	-2.0e-6
-78.75	0.0	-2.0e-6
-78.625	0.0	-2.0e-6
-78.5	0.0	-2.0e-6
-78.375	0.0	-2.0e-6
-78.25	0.0	-2.0e-6
-78.125	0.0	-2.0e-6
-78.0	0.0	-2.0e-6
-77.875	0.0	-2.0e-6
-77.75	0.0	-2.0e-6
-77.625	0.0	-2.0e-6
-77.5	0.0	-2.0e-6
-77.375	0.0	-2.0e-6
-77.25	0.0	-2.0e-6
-77.125	0.0	-2.0e-6
-77.0	0.0	-2.0e-6
-76.875	0.0	-2.0e-6
-76.75	0.0	-2.0e-6
-76.625	0.0	-2.0e-6
-76.5	0.0	-2.0e-6
-76.375	0.0	-2.0e-6
-76.25	0.0	-2.0e-6
-76.125	0.0	-2.0e-6
-76.0	0.0	-2.0e-6
-75.875	0.0	-2.0e-6
-75.75	0.0	-2.0e-6
-75.625	0.0	-2.0e-6
-75.5	0.0	-2.0e-6
-75.375	0.0	-2.0e-6
-75.25	0.0	-2.0e-6
-75.125	0.0	-2.0e-6
-75.0	0.0	-2.0e-6
-74.875	0.0	-2.0e-6
-74.75	0.0	-2.0e-6
-74.625	0.0	-2.0e-6
-74.5	0.0	-2.0e-6
-74.375	0.0	-2.0e-6
-74.25	0.0	-2.0e-6
-74.125	0.0	-2.0e-6
-74.0	0.0	-2.0e-6
-73.875	0.0	-2.0e-6
-73.75	0.0	-2.0e-6
-73.625	0.0	-2.0e-6
-73.5	0.0	-2.0e-6
-73.375	0.0	-2.0e-6
-73.25	0.0	-2.0e-6
-73.125	0.0	-2.0e-6
-73.0	0.0	-2.0e-6
-72.875	0.0	-2.0e-6
-72.75	0.0	-2.0e-6
-72.625	0.0	-2.0e-6
-72.5	0.0	-2.0e-6
-72.375	0.0	-2.0e-6
-72.25	0.0	-2.0e-6
-72.125	0.0	-2.0e-6
-72.0	0.0	-2.0e-6
-71.875	0.0	-2.0e-6
-71.75	0.0	-2.0e-6
-71.625	0.0	-2.0e-6
-71.5	0.0	-2.0e-6
-71.375	0.0	-2.0e-6
-71.25	0.0	-2.0e-6
-71.125	0.0	-2.0e-6
-71.0	0.0	-2.0e-6
-70.875	0.0	-2.0e-6
-70.75	0.0	-2.0e-6
-70.625	0.0	-2.0e-6
-70.5	0.0	-2.0e-6
-70.375	0.0	-2.0e-6
-70.25	0.0	-2.0e-6
-70.125	0.0	-2.0e-6
-70.0	0.0	-2.0e-6
-69.875	0.0	-2.0e-6
-69.75	0.0	-2.0e-6
-69.625	0.0	-2.0e-6
-69.5	0.0	-2.0e-6
-69.375	0.0	-2.0e-6
-69.25	0.0	-2.0e-6
-69.125	0.0	-2.0e-6
-69.0	0.0	-2.0e-6
-68.875	0.0	-2.0e-6
-68.75	0.0	-2.0e-6
-68.625	0.0	-2.0e-6
-68.5	0.0	-2.0e-6
-68.375	0.0	-2.0e-6
-68.25	0.0	-2.0e-6
-68.125	0.0	-2.0e-6
-68.0	0.0	-2.0e-6
-67.875	0.0	-2.0e-6
-67.75	0.0	-2.0e-6
-67.625	0.0	-2.0e-6
-67.5	0.0	-2.0e-6
-67.375	0.0	-2.0e-6
-67.25	0.0	-2.0e-6
-67.125	0.0	-2.0e-6
-67.0	0.0	-2.0e-6
-66.875	0.0	-2.0e-6
-66.75	0.0	-2.0e-6
-66.625	0.0	-2.0e-6
-66.5	0.0	-2.0e-6
-66.375	0.0	-2.0e-6
-66.25	0.0	-2.0e-6
-66.125	0.0	-2.0e-6
-66.0	0.0	-2.0e-6
-65.875	0.0	-2.0e-6
-65.75	0.0	-2.0e-6
-65.625	0.0	-2.0e-6
-65.5	0.0	-2.0e-6
-65.375	0.0	-2.0e-6
-65.25	0.0	-2.0e-6
-65.125	0.0	-2.0e-6
-65.0	0.0	-2.0e-6
-64.875	0.0	-2.0e-6
-64.75	0.0	-2.0e-6
-64.625	0.0	-2.0e-6
-64.5	0.0	-2.0e-6
-64.375	0.0	-2.0e-6
-64.25	0.0	-2.0e-6
-64.125	0.0	-2.0e-6
-64.0	0.0	-2.0e-6
-63.875	0.0	-2.0e-6
-63.75	0.0	-2.0e-6
-63.625	0.0	-2.0e-6
-63.5	0.0	-2.0e-6
-63.375	0.0	-2.0e-6
-63.25	0.0	-2.0e-6
-63.125	0.0	-2.0e-6
-63.0	0.0	-2.0e-6
-62.875	0.0	-2.0e-6
-62.75	0.0	-2.0e-6
-62.625	0.0	-2.0e-6
-62.5	0.0	-2.0e-6
-62.375	0.0	-2.0e-6
-62.25	0.0	-2.0e-6
-62.125	0.0	-2.0e-6
-62.0	0.0	-2.0e-6
-61.875	0.0	-2.0e-6
-61.75	0.0	-2.0e-6
-61.625	0.0	-2.0e-6
-61.5	0.0	-2.0e-6
-61.375	0.0	-2.0e-6
-61.25	0.0	-2.0e-6
-61.125	0.0	-2.0e-6
-61.0	0.0	-2.0e-6
-60.875	0.0	-2.0e-6
-60.75	0.0	-2.0e-6
-60.625	0.0	-2.0e-6
-60.5	0.0	-2.0e-6
-60.375	0.0	-2.0e-6
-60.25	0.0	-2.0e-6
-60.125	0.0	-2.0e-6
-60.0	0.0	-2.0e-6
-59.875	0.0	-2.0e-6
-59.75	0.0	-2.0e-6
-59.625	0.0	-2.0e-6
-59.5	0.0	-2.0e-6
-59.375	0.0	-2.0e-6
-59.25	0.0	-2.0e-6
-59.125	0.0	-2.0e-6
-59.0	0.0	-2.0e-6
-58.875	0.0	-2.0e-6
-58.75	0.0	-2.0e-6
-58.625	0.0	-2.0e-6
-58.5	0.0	-2.0e-6
-58.375	0.0	-2.0e-6
-58.25	0.0	-2.0e-6
-58.125	0.0	-2.0e-6
-58.0	0.0	-2.0e-6
-57.875	0.0	-2.0e-6
-57.75	0.0	-2.0e-6
-57.625	0.0	-2.0e-6
-57.5	0.0	-2.0e-6
-57.375	0.0	-2.0e-6
-57.25	0.0	-2.0e-6
-57.125	0.0	-2.0e-6
-57.0	0.0	-2.0e-6
-56.875	0.0	-2.0e-6
-56.75	0.0	-2.0e-6
-56.625	0.0	-2.0e-6
-56.5	0.0	-2.0e-6
-56.375	0.0	-2.0e-6
-56.25	0.0	-2.0e-6
-56.125	0.0	-2.0e-6
-56.0	0.0	-2.0e-6
-55.875	0.0	-2.0e-6
-55.75	0.0	-2.0e-6
-55.625	0.0	-2.0e-6
-55.5	0.0	-2.0e-6
-55.375	0.0	-2.0e-6
-55.25	0.0	-2.0e-6
-55.125	0.0	-2.0e-6
-55.0	0.0	-2.0e-6
-54.875	0.0	-2.0e-6
-54.75	0.0	-2.0e-6
-54.625	0.0	-2.0e-6
-54.5	0.0	-2.0e-6
-54.375	0.0	-2.0e-6
-54.25	0.0	-2.0e-6
-54.125	0.0	-2.0e-6
-54.0	0.0	-2.0e-6
-53.875	0.0	-2.0e-6
-53.75	0.0	-2.0e-6
-53.625	0.0	-2.0e-6
-53.5	0.0	-2.0e-6
-53.375	0.0	-2.0e-6
-53.25	0.0	-2.0e-6
-53.125	0.0	-2.0e-6
-53.0	0.0	-2.0e-6
-52.875	0.0	-2.0e-6
-52.75	0.0	-2.0e-6
-52.625	0.0	-2.0e-6
-52.5	0.0	-2.0e-6
-52.375	0.0	-2.0e-6
-52.25	0.0	-2.0e-6
-52.125	0.0	-2.0e-6
-52.0	0.0	-2.0e-6
-51.875	0.0	-2.0e-6
-51.75	0.0	-2.0e-6
-51.625	0.0	-2.0e-6
-51.5	0.0	-2.0e-6
-51.375	0.0	-2.0e-6
-51.25	0.0	-2.0e-6
-51.125	0.0	-2.0e-6
-51.0	0.0	-2.0e-6
-50.875	0.0	-2.0e-6
-50.75	0.0	-2.0e-6
-50.625	0.0	-2.0e-6
-50.5	0.0	-2.0e-6
-50.375	0.0	-2.0e-6
-50.25	0.0	-2.0e-6
-50.125	0.0	-2.0e-6
-50.0	0.0	-2.0e-6
-49.875	0.0	-2.0e-6
-49.75	0.0	-2.0e-6
-49.625	0.0	-2.0e-6
-49.5	0.0	-2.0e-6
-49.375	0.0	-2.0e-6
-49.25	0.0	-2.0e-6
-49.125	0.0	-2.0e-6
-49.0	0.0	-2.0e-6
-48.875	0.0	-2.0e-6
-48.75	0.0	-2.0e-6
-48.625	0.0	-2.0e-6
-48.5	0.0	-2.0e-6
-48.375	0.0	-2.0e-6
-48.25	0.0	-2.0e-6
-48.125	0.0	-2.0e-6
-48.0	0.0	-2.0e-6
-47.875	0.0	-2.0e-6
-47.75	0.0	-2.0e-6
-47.625	0.0	-2.0e-6
-47.5	0.0	-2.0e-6
-47.375	0.0	-2.0e-6
-47.25	0.0	-2.0e-6
-47.125	0.0	-2.0e-6
-47.0	0.0	-2.0e-6
-46.875	0.0	-2.0e-6
-46.75	0.0	-2.0e-6
-46.625	0.0	-2.0e-6
-46.5	0.0	-2.0e-6
-46.375	0.0	-2.0e-6
-46.25	0.0	-2.0e-6
-46.125	0.0	-2.0e-6
-46.0	0.0	-2.0e-6
-45.875	0.0	-2.0e-6
-45.75	0.0	-2.0e-6
-45.625	0.0	-2.0e-6
-45.5	0.0	-2.0e-6
-45.375	0.0	-2.0e-6
-45.25	0.0	-2.0e-6
-45.125	0.0	-2.0e-6
-45.0	0.0	-2.0e-6
-44.875	0.0	-2.0e-6
-44.75	0.0	-2.0e-6
-44.625	0.0	-2.0e-6
-44.5	0.0	-2.0e-6
-44.375	0.0	-2.0e-6
-44.25	0.0	-2.0e-6
-44.125	0.0	-2.0e-6
-44.0	0.0	-2.0e-6
-43.875	0.0	-2.0e-6
-43.75	0.0	-2.0e-6
-43.625	0.0	-2.0e-6
-43.5	0.0	-2.0e-6
-43.375	0.0	-2.0e-6
-43.25	0.0	-2.0e-6
-43.125	0.0	-2.0e-6
-43.0	0.0	-2.0e-6
-42.875	0.0	-2.0e-6
-42.75	0.0	-2.0e-6
-42.625	0.0	-2.0e-6
-42.5	0.0	-2.0e-6
-42.375	0.0	-2.0e-6
-42.25	0.0	-2.0e-6
-42.125	0.0	-2.0e-6
-42.0	0.0	-2.0e-6
-41.875	0.0	-2.0e-6
-41.75	0.0	-2.0e-6
-41.625	0.0	-2.0e-6
-41.5	0.0	-2.0e-6
-41.375	0.0	-2.0e-6
-41.25	0.0	-2.0e-6
-41.125	0.0	-2.0e-6
-41.0	0.0	-2.0e-6
-40.875	0.0	-2.0e-6
-40.75	0.0	-2.0e-6
-40.625	0.0	-2.0e-6
-40.5	0.0	-2.0e-6
-40.375	0.0	-2.0e-6
-40.25	0.0	-2.0e-6
-40.125	0.0	-2.0e-6
-40.0	0.0	-2.0e-6
-39.875	0.0	-2.0e-6
-39.75	0.0	-2.0e-6
-39.625	0.0	-2.0e-6
-39.5	0.0	-2.0e-6
-39.375	0.0	-2.0e-6
-39.25	0.0	-2.0e-6
-39.125	0.0	-2.0e-6
-39.0	0.0	-1.0e-6
-38.875	0.0	-1.0e-6
-38.75	0.0	0.0
-38.625	0.0	0.0
-38.5	0.0	0.0
-38.375	0.0	0.0
-38.25	0.0	0.0
-38.125	0.0	2.0e-6
-38.0	0.0	2.0e-6
-37.875	0.0	3.0e-6
-37.75	0.0	4.0e-6
-37.625	0.0	5.0e-6
-37.5	0.0	6.0e-6
-37.375	0.0	7.0e-6
-37.25	0.0	8.0e-6
-37.125	0.0	9.0e-6
-37.0	0.0	1.1e-5
-36.875	0.0	1.2e-5
-36.75	0.0	1.4e-5
-36.625	0.0	1.5e-5
-36.5	0.0	1.7e-5
-36.375	0.0	1.9e-5
-36.25	0.0	2.0e-5
-36.125	0.0	2.2e-5
-36.0	0.0	2.3e-5
-35.875	0.0	2.5e-5
-35.75	0.0	2.6e-5
-35.625	0.0	2.7e-5
-35.5	0.0	2.8e-5
-35.375	0.0	2.8e-5
-35.25	0.0	2.9e-5
-35.125	0.0	2.8e-5
-35.0	0.0	2.7e-5
-34.875	0.0	2.6e-5
-34.75	0.0	2.4e-5
-34.625	0.0	2.1e-5
-34.5	0.0	1.7e-5
-34.375	0.0	1.2e-5
-34.25	0.0	6.0e-6
-34.125	0.0	0.0
-34.0	0.0	-9.0e-6
-33.875	0.0	-1.9e-5
-33.75	0.0	-3.0e-5
-33.625	0.0	-4.3e-5
-33.5	0.0	-5.7e-5
-33.375	0.0	-7.4e-5
-33.25	0.0	-9.2e-5
-33.125	0.0	-0.000111
-33.0	0.0	-0.000133
-32.875	0.0	-0.000157
-32.75	0.0	-0.000182
-32.625	0.0	-0.000209
-32.5	0.0	-0.000237
-32.375	0.0	-0.000267
-32.25	0.0	-0.000299
-32.125	0.0	-0.000331
-32.0	0.0	-0.000364
-31.875	0.0	-0.000397
-31.75	0.0	-0.00043
-31.625	0.0	-0.000463
-31.5	0.0	-0.000494
-31.375	0.0	-0.000524
-31.25	0.0	-0.000551
-31.125	0.0	-0.000574
-31.0	0.0	-0.000594
-30.875	0.0	-0.000608
-30.75	0.0	-0.000616
-30.625	0.0	-0.000617
-30.5	0.0	-0.00061
-30.375	0.0	-0.000593
-30.25	0.0	-0.000564
-30.125	0.0	-0.000524
-30.0	0.0	-0.00047
-29.875	0.0	-0.000401
-29.75	0.0	-0.000316
-29.625	0.0	-0.000213
-29.5	1.0e-6	-9.1e-5
-29.375	1.0e-6	5.1e-5
-29.25	1.0e-6	0.000215
-29.125	1.0e-6	0.0004
-29.0	1.0e-6	0.000609
-28.875	1.0e-6	0.000842
-28.75	1.0e-6	0.001099
-28.625	1.0e-6	0.001381
-28.5	2.0e-6	0.001687
-28.375	2.0e-6	0.002016
-28.25	2.0e-6	0.002369
-28.125	3.0e-6	0.002744
-28.0	3.0e-6	0.003139
-27.875	3.0e-6	0.003551
-27.75	4.0e-6	0.003979
-27.625	4.0e-6	0.004418
-27.5	5.0e-6	0.004866
-27.375	6.0e-6	0.005316
-27.25	6.0e-6	0.005764
-27.125	7.0e-6	0.006204
-27.0	8.0e-6	0.00663
-26.875	1.0e-5	0.007033
-26.75	1.1e-5	0.007407
-26.625	1.2e-5	0.007741
-26.5	1.4e-5	0.008028
-26.375	1.6e-5	0.008257
-26.25	1.8e-5	0.008416
-26.125	2.1e-5	0.008497
-26.0	2.3e-5	0.008486
-25.875	2.7e-5	0.008372
-25.75	3.0e-5	0.008143
-25.625	3.4e-5	0.007787
-25.5	3.9e-5	0.007291
-25.375	4.4e-5	0.006645
-25.25	4.9e-5	0.005836
-25.125	5.6e-5	0.004853
-25.0	6.3e-5	0.003686
-24.875	7.1e-5	0.002327
-24.75	8.0e-5	0.000766
-24.625	9.0e-5	-0.001003
-24.5	0.000102	-0.002984
-24.375	0.000115	-0.005181
-24.25	0.000129	-0.007595
-24.125	0.000145	-0.010223
-24.0	0.000163	-0.013061
-23.875	0.000182	-0.016101
-23.75	0.000205	-0.019333
-23.625	0.000229	-0.022743
-23.5	0.000257	-0.026313
-23.375	0.000288	-0.030021
-23.25	0.000322	-0.03384
-23.125	0.00036	-0.037742
-23.0	0.000402	-0.041691
-22.875	0.000449	-0.045649
-22.75	0.000501	-0.049573
-22.625	0.000559	-0.053415
-22.5	0.000623	-0.057124
-22.375	0.000694	-0.060645
-22.25	0.000772	-0.063917
-22.125	0.000859	-0.066877
-22.0	0.000955	-0.06946
-21.875	0.00106	-0.071597
-21.75	0.001177	-0.073215
-21.625	0.001306	-0.074244
-21.5	0.001448	-0.074608
-21.375	0.001605	-0.074234
-21.25	0.001777	-0.073049
-21.125	0.001966	-0.07098
-21.0	0.002174	-0.06796
-20.875	0.002403	-0.063922
-20.75	0.002654	-0.058805
-20.625	0.00293	-0.052554
-20.5	0.003232	-0.045121
-20.375	0.003562	-0.036464
-20.25	0.003924	-0.026555
-20.125	0.004321	-0.015372
-20.0	0.004754	-0.002906
-19.875	0.005227	0.010837
-19.75	0.005743	0.02584
-19.625	0.006307	0.042069
-19.5	0.006921	0.059474
-19.375	0.00759	0.077987
-19.25	0.008319	0.097526
-19.125	0.009111	0.117986
-19.0	0.009973	0.139246
-18.875	0.010909	0.161165
-18.75	0.011926	0.183582
-18.625	0.013028	0.206317
-18.5	0.014224	0.229172
-18.375	0.015519	0.25193
-18.25	0.016922	0.274356
-18.125	0.018439	0.296199
-18.0	0.020079	0.317194
-17.875	0.021851	0.337061
-17.75	0.023765	0.355509
-17.625	0.025829	0.372236
-17.5	0.028054	0.386937
-17.375	0.030452	0.399298
-17.25	0.033033	0.409008
-17.125	0.03581	0.415754
-17.0	0.038796	0.419233
-16.875	0.042003	0.419147
-16.75	0.045447	0.415212
-16.625	0.049141	0.407163
-16.5	0.053101	0.394753
-16.375	0.057344	0.377761
-16.25	0.061885	0.355995
-16.125	0.066744	0.329298
-16.0	0.071937	0.297546
-15.875	0.077485	0.260661
-15.75	0.083407	0.218607
-15.625	0.089723	0.171396
-15.5	0.096456	0.119093
-15.375	0.103628	0.061818
-15.25	0.111261	-0.000255
-15.125	0.11938	-0.06689
-15.0	0.128009	-0.137792
-14.875	0.137173	-0.212605
-14.75	0.146899	-0.290909
-14.625	0.157213	-0.372226
-14.5	0.168143	-0.456014
-14.375	0.179718	-0.541674
-14.25	0.191966	-0.62855
-14.125	0.204916	-0.715933
-14.0	0.2186	-0.803063
-13.875	0.233047	-0.889136
-13.75	0.24829	-0.973308
-13.625	0.264359	-1.054703
-13.5	0.281288	-1.132416
-13.375	0.299108	-1.205525
-13.25	0.317852	-1.273095
-13.125	0.337554	-1.334189
-13.0	0.358247	-1.387879
-12.875	0.379964	-1.43325
-12.75	0.402737	-1.469415
-12.625	0.426602	-1.495525
-12.5	0.45159	-1.510776
-12.375	0.477734	-1.514422
-12.25	0.505067	-1.505785
-12.125	0.533621	-1.484265
-12.0	0.563426	-1.449349
-11.875	0.594514	-1.400624
-11.75	0.626913	-1.337781
-11.625	0.660653	-1.260626
-11.5	0.695761	-1.169088
-11.375	0.732264	-1.063225
-11.25	0.770186	-0.94323
-11.125	0.809552	-0.809433
-11.0	0.850382	-0.662307
-10.875	0.892697	-0.50247
-10.75	0.936515	-0.330685
-10.625	0.981852	-0.147858
-10.5	1.028723	0.044964
-10.375	1.077137	0.246596
-10.25	1.127105	0.455721
-10.125	1.178633	0.670895
-10.0	1.231723	0.890562
-9.875	1.286378	1.113057
-9.75	1.342594	1.336621
-9.625	1.400365	1.559413
-9.5	1.459683	1.779526
-9.375	1.520536	1.995002
-9.25	1.582907	2.203847
-9.125	1.646777	2.404051
-9.0	1.712122	2.593605
-8.875	1.778916	2.770522
-8.75	1.847127	2.932853
-8.625	1.91672	3.078711
-8.5	1.987657	3.206288
-8.375	2.059893	3.313877
-8.25	2.133382	3.399889
-8.125	2.208072	3.462875
-8.0	2.283908	3.50154
-7.875	2.360829	3.514766
-7.75	2.438772	3.50162
-7.625	2.517668	3.461376
-7.5	2.597445	3.393524
-7.375	2.678027	3.297781
-7.25	2.759334	3.174101
-7.125	2.841281	3.022683
-7.0	2.92378	2.843975
-6.875	3.00674	2.638674
-6.75	3.090067	2.407729
-6.625	3.17366	2.15234
-6.5	3.257419	1.873948
-6.375	3.341239	1.574231
-6.25	3.425012	1.255094
-6.125	3.508628	0.918656
-6.0	3.591974	0.567234
-5.875	3.674935	0.203326
-5.75	3.757395	-0.170405
-5.625	3.839235	-0.551156
-5.5	3.920335	-0.936006
-5.375	4.000575	-1.321941
-5.25	4.079832	-1.70588
-5.125	4.157983	-2.084699
-5.0	4.234907	-2.455266
-4.875	4.310481	-2.814463
-4.75	4.384582	-3.159217
-4.625	4.457089	-3.486533
-4.5	4.527882	-3.793517
-4.375	4.596842	-4.077406
-4.25	4.663851	-4.335598
-4.125	4.728795	-4.565674
-4.0	4.79156	-4.765425
-3.875	4.852036	-4.932876
-3.75	4.910116	-5.066301
-3.625	4.965697	-5.164251
-3.5	5.018678	-5.225563
-3.375	5.068962	-5.249374
-3.25	5.116459	-5.235136
-3.125	5.161079	-5.18262
-3.0	5.202742	-5.091923
-2.875	5.241368	-4.963467
-2.75	5.276886	-4.798001
-2.625	5.309229	-4.596594
-2.5	5.338335	-4.360629
-2.375	5.364149	-4.091787
-2.25	5.386622	-3.792042
-2.125	5.405712	-3.463636
-2.0	5.421381	-3.109064
-1.875	5.433599	-2.731051
-1.75	5.442343	-2.332529
-1.625	5.447596	-1.916607
-1.5	5.449349	-1.486547
-1.375	5.447596	-1.045734
-1.25	5.442343	-0.597643
-1.125	5.433598	-0.145809
-1.0	5.42138	0.306206
-0.875	5.405711	0.754843
-0.75	5.386621	1.196582
-0.625	5.364148	1.627971
-0.5	5.338333	2.045658
-0.375	5.309227	2.446422
-0.25	5.276884	2.8272
-0.125	5.241366	3.185114
0.0	5.20274	3.517499
0.125	5.161077	3.821922
0.25	5.116456	4.096204
0.375	5.06896	4.33844
0.5	5.018675	4.54701
0.625	4.965694	4.720595
0.75	4.910114	4.858185
0.875	4.852033	4.959084
1.0	4.791557	5.022914
1.125	4.728792	5.049618
1.25	4.663848	5.039451
1.375	4.596838	4.992978
1.5	4.527879	4.911066
1.625	4.457085	4.794869
1.75	4.384578	4.645814
1.875	4.310477	4.465589
2.0	4.234903	4.256117
2.125	4.157979	4.019539
2.25	4.079827	3.758191
2.375	4.000571	3.47458
2.5	3.920331	3.171356
2.625	3.839231	2.851287
2.75	3.757391	2.517233
2.875	3.674931	2.172116
3.0	3.591969	1.818894
3.125	3.508623	1.460532
3.25	3.425007	1.099977
3.375	3.341235	0.740129
3.5	3.257415	0.383819
3.625	3.173656	0.033782
3.75	3.090062	-0.307366
3.875	3.006736	-0.637146
4.0	2.923776	-0.953238
4.125	2.841276	-1.253496
4.25	2.759329	-1.535966
4.375	2.678023	-1.798897
4.5	2.597441	-2.040752
4.625	2.517664	-2.260215
4.75	2.438768	-2.456201
4.875	2.360825	-2.627854
5.0	2.283904	-2.774553
5.125	2.208068	-2.895908
5.25	2.133378	-2.99176
5.375	2.059889	-3.062169
5.5	1.987653	-3.107417
5.625	1.916717	-3.127987
5.75	1.847123	-3.124561
5.875	1.778912	-3.098005
6.0	1.712119	-3.049352
6.125	1.646773	-2.97979
6.25	1.582904	-2.890646
6.375	1.520533	-2.783368
6.5	1.45968	-2.659507
6.625	1.400362	-2.5207
6.75	1.342591	-2.368652
6.875	1.286375	-2.205118
7.0	1.231721	-2.031883
7.125	1.17863	-1.850748
7.25	1.127102	-1.663508
7.375	1.077135	-1.471942
7.5	1.02872	-1.277791
7.625	0.98185	-1.082747
7.75	0.936513	-0.888438
7.875	0.892695	-0.696418
8.0	0.85038	-0.508152
8.125	0.80955	-0.325009
8.25	0.770184	-0.148252
8.375	0.732262	0.020968
8.5	0.695759	0.18162
8.625	0.660651	0.332792
8.75	0.626911	0.473702
8.875	0.594512	0.603691
9.0	0.563425	0.722231
9.125	0.533619	0.828917
9.25	0.505066	0.92347
9.375	0.477733	1.005732
9.5	0.451589	1.07566
9.625	0.426601	1.133323
9.75	0.402736	1.178895
9.875	0.379962	1.212647
10.0	0.358246	1.234942
10.125	0.337553	1.246224
10.25	0.317851	1.247012
10.375	0.299107	1.237891
10.5	0.281287	1.2195
10.625	0.264359	1.192526
10.75	0.248289	1.157697
10.875	0.233047	1.115766
11.0	0.218599	1.067509
11.125	0.204916	1.013715
11.25	0.191965	0.955175
11.375	0.179717	0.892675
11.5	0.168143	0.826994
11.625	0.157213	0.75889
11.75	0.146898	0.689097
11.875	0.137173	0.618322
12.0	0.128008	0.547234
12.125	0.11938	0.476466
12.25	0.111261	0.406606
12.375	0.103628	0.338199
12.5	0.096456	0.27174
12.625	0.089723	0.207676
12.75	0.083406	0.1464
12.875	0.077484	0.088257
13.0	0.071937	0.033539
13.125	0.066743	-0.017512
13.25	0.061885	-0.064707
13.375	0.057343	-0.107902
13.5	0.053101	-0.147
13.625	0.049141	-0.181952
13.75	0.045447	-0.212747
13.875	0.042003	-0.239415
14.0	0.038796	-0.262022
14.125	0.03581	-0.280667
14.25	0.033033	-0.29548
14.375	0.030452	-0.306615
14.5	0.028054	-0.314252
14.625	0.025829	-0.318588
14.75	0.023764	-0.319838
14.875	0.021851	-0.31823
15.0	0.020079	-0.314001
15.125	0.018439	-0.307395
15.25	0.016921	-0.298659
15.375	0.015519	-0.288044
15.5	0.014224	-0.275796
15.625	0.013028	-0.26216
15.75	0.011926	-0.247373
15.875	0.010909	-0.231665
16.0	0.009973	-0.215257
16.125	0.009111	-0.198357
16.25	0.008319	-0.181164
16.375	0.00759	-0.163861
16.5	0.006921	-0.146618
16.625	0.006307	-0.12959
16.75	0.005743	-0.112918
16.875	0.005227	-0.096726
17.0	0.004754	-0.081124
17.125	0.004321	-0.066208
17.25	0.003924	-0.052056
17.375	0.003562	-0.038734
17.5	0.003232	-0.026295
17.625	0.00293	-0.014776
17.75	0.002654	-0.004204
17.875	0.002403	0.005407
18.0	0.002174	0.014054
18.125	0.001966	0.021742
18.25	0.001777	0.028487
18.375	0.001605	0.034312
18.5	0.001448	0.039248
18.625	0.001306	0.043331
18.75	0.001177	0.046602
18.875	0.00106	0.049108
19.0	0.000955	0.050898
19.125	0.000859	0.052024
19.25	0.000772	0.052539
19.375	0.000694	0.052499
19.5	0.000623	0.051959
19.625	0.000559	0.050974
19.75	0.000501	0.049598
19.875	0.000449	0.047884
20.0	0.000402	0.045883
20.125	0.00036	0.043645
20.25	0.000322	0.041216
20.375	0.000288	0.03864
20.5	0.000257	0.035958
20.625	0.000229	0.033209
20.75	0.000205	0.030428
20.875	0.000182	0.027645
21.0	0.000163	0.02489
21.125	0.000145	0.022189
21.25	0.000129	0.019562
21.375	0.000115	0.017029
21.5	0.000102	0.014606
21.625	9.0e-5	0.012306
21.75	8.0e-5	0.010139
21.875	7.1e-5	0.008114
22.0	6.3e-5	0.006236
22.125	5.6e-5	0.004509
22.25	4.9e-5	0.002933
22.375	4.4e-5	0.001509
22.5	3.9e-5	0.000234
22.625	3.4e-5	-0.000895
22.75	3.0e-5	-0.001882
22.875	2.7e-5	-0.002733
23.0	2.3e-5	-0.003456
23.125	2.1e-5	-0.004055
23.25	1.8e-5	-0.004541
23.375	1.6e-5	-0.00492
23.5	1.4e-5	-0.005201
23.625	1.2e-5	-0.005392
23.75	1.1e-5	-0.005503
23.875	1.0e-5	-0.005541
24.0	8.0e-6	-0.005514
24.125	7.0e-6	-0.005431
24.25	6.0e-6	-0.005299
24.375	6.0e-6	-0.005126
24.5	5.0e-6	-0.004918
24.625	4.0e-6	-0.004683
24.75	4.0e-6	-0.004425
24.875	3.0e-6	-0.004152
25.0	3.0e-6	-0.003867
25.125	3.0e-6	-0.003576
25.25	2.0e-6	-0.003282
25.375	2.0e-6	-0.002989
25.5	2.0e-6	-0.0027
25.625	1.0e-6	-0.002419
25.75	1.0e-6	-0.002147
25.875	1.0e-6	-0.001886
26.0	1.0e-6	-0.001639
26.125	1.0e-6	-0.001405
26.25	1.0e-6	-0.001186
26.375	1.0e-6	-0.000983
26.5	1.0e-6	-0.000795
26.625	0.0	-0.000624
26.75	0.0	-0.000468
26.875	0.0	-0.000329
27.0	0.0	-0.000204
27.125	0.0	-9.4e-5
27.25	0.0	2.0e-6
27.375	0.0	8.5e-5
27.5	0.0	0.000155
27.625	0.0	0.000214
27.75	0.0	0.000262
27.875	0.0	0.0003
28.0	0.0	0.000329
28.125	0.0	0.00035
28.25	0.0	0.000364
28.375	0.0	0.000371
28.5	0.0	0.000373
28.625	0.0	0.00037
28.75	0.0	0.000363
28.875	0.0	0.000353
29.0	0.0	0.000339
29.125	0.0	0.000324
29.25	0.0	0.000306
29.375	0.0	0.000288
29.5	0.0	0.000268
29.625	0.0	0.000248
29.75	0.0	0.000228
29.875	0.0	0.000208
30.0	0.0	0.000189
30.125	0.0	0.00017
30.25	0.0	0.000151
30.375	0.0	0.000134
30.5	0.0	0.000117
30.625	0.0	0.000102
30.75	0.0	8.7e-5
30.875	0.0	7.4e-5
31.0	0.0	6.2e-5
31.125	0.0	5.0e-5
31.25	0.0	4.0e-5
31.375	0.0	3.1e-5
31.5	0.0	2.3e-5
31.625	0.0	1.6e-5
31.75	0.0	1.0e-5
31.875	0.0	5.0e-6
32.0	0.0	0.0
32.125	0.0	-3.0e-6
32.25	0.0	-6.0e-6
32.375	0.0	-9.0e-6
32.5	0.0	-1.1e-5
32.625	0.0	-1.2e-5
32.75	0.0	-1.3e-5
32.875	0.0	-1.4e-5
33.0	0.0	-1.4e-5
33.125	0.0	-1.4e-5
33.25	0.0	-1.4e-5
33.375	0.0	-1.4e-5
33.5	0.0	-1.3e-5
33.625	0.0	-1.2e-5
33.75	0.0	-1.2e-5
33.875	0.0	-1.1e-5
34.0	0.0	-1.0e-5
34.125	0.0	-9.0e-6
34.25	0.0	-8.0e-6
34.375	0.0	-7.0e-6
34.5	0.0	-6.0e-6
34.625	0.0	-5.0e-6
34.75	0.0	-5.0e-6
34.875	0.0	-4.0e-6
35.0	0.0	-3.0e-6
35.125	0.0	-2.0e-6
35.25	0.0	-2.0e-6
35.375	0.0	-1.0e-6
35.5	0.0	0.0
35.625	0.0	0.0
35.75	0.0	0.0
35.875	0.0	0.0
36.0	0.0	1.0e-6
36.125	0.0	2.0e-6
36.25	0.0	2.0e-6
36.375	0.0	2.0e-6
36.5	0.0	2.0e-6
36.625	0.0	2.0e-6
36.75	0.0	3.0e-6
36.875	0.0	3.0e-6
37.0	0.0	3.0e-6
37.125	0.0	3.0e-6
37.25	0.0	3.0e-6
37.375	0.0	3.0e-6
37.5	0.0	3.0e-6
37.625	0.0	3.0e-6
37.75	0.0	3.0e-6
37.875	0.0	3.0e-6
38.0	0.0	3.0e-6
38.125	0.0	3.0e-6
38.25	0.0	3.0e-6
38.375	0.0	3.0e-6
38.5	0.0	3.0e-6
38.625	0.0	3.0e-6
38.75	0.0	3.0e-6
38.875	0.0	3.0e-6
39.0	0.0	3.0e-6
39.125	0.0	3.0e-6
39.25	0.0	3.0e-6
39.375	0.0	3.0e-6
39.5	0.0	3.0e-6
39.625	0.0	3.0e-6
39.75	0.0	3.0e-6
39.875	0.0	3.0e-6
40.0	0.0	3.0e-6
40.125	0.0	3.0e-6
40.25	0.0	3.0e-6
40.375	0.0	3.0e-6
40.5	0.0	3.0e-6
40.625	0.0	3.0e-6
40.75	0.0	3.0e-6
40.875	0.0	3.0e-6
41.0	0.0	3.0e-6
41.125	0.0	3.0e-6
41.25	0.0	3.0e-6
41.375	0.0	3.0e-6
41.5	0.0	3.0e-6
41.625	0.0	3.0e-6
41.75	0.0	3.0e-6
41.875	0.0	3.0e-6
42.0	0.0	3.0e-6
42.125	0.0	3.0e-6
42.25	0.0	3.0e-6
42.375	0.0	3.0e-6
42.5	0.0	3.0e-6
42.625	0.0	3.0e-6
42.75	0.0	3.0e-6
42.875	0.0	3.0e-6
43.0	0.0	3.0e-6
43.125	0.0	3.0e-6
43.25	0.0	3.0e-6
43.375	0.0	3.0e-6
43.5	0.0	3.0e-6
43.625	0.0	3.0e-6
43.75	0.0	3.0e-6
43.875	0.0	3.0e-6
44.0	0.0	3.0e-6
44.125	0.0	3.0e-6
44.25	0.0	3.0e-6
44.375	0.0	3.0e-6
44.5	0.0	3.0e-6
44.625	0.0	3.0e-6
44.75	0.0	3.0e-6
44.875	0.0	3.0e-6
45.0	0.0	3.0e-6
45.125	0.0	3.0e-6
45.25	0.0	3.0e-6
45.375	0.0	3.0e-6
45.5	0.0	3.0e-6
45.625	0.0	3.0e-6
45.75	0.0	3.0e-6
45.875	0.0	3.0e-6
46.0	0.0	3.0e-6
46.125	0.0	3.0e-6
46.25	0.0	3.0e-6
46.375	0.0	3.0e-6
46.5	0.0	3.0e-6
46.625	0.0	3.0e-6
46.75	0.0	3.0e-6
46.875	0.0	3.0e-6
47.0	0.0	3.0e-6
47.125	0.0	3.0e-6
47.25	0.0	3.0e-6
47.375	0.0	3.0e-6
47.5	0.0	3.0e-6
47.625	0.0	3.0e-6
47.75	0.0	3.0e-6
47.875	0.0	3.0e-6
48.0	0.0	3.0e-6
48.125	0.0	3.0e-6
48.25	0.0	3.0e-6
48.375	0.0	3.0e-6
48.5	0.0	3.0e-6
48.625	0.0	3.0e-6
48.75	0.0	3.0e-6
48.875	0.0	3.0e-6
49.0	0.0	3.0e-6
49.125	0.0	3.0e-6
49.25	0.0	3.0e-6
49.375	0.0	3.0e-6
49.5	0.0	3.0e-6
49.625	0.0	3.0e-6
49.75	0.0	3.0e-6
49.875	0.0	3.0e-6
50.0	0.0	3.0e-6
50.125	0.0	3.0e-6
50.25	0.0	3.0e-6
50.375	0.0	3.0e-6
50.5	0.0	3.0e-6
50.625	0.0	3.0e-6
50.75	0.0	3.0e-6
50.875	0.0	3.0e-6
51.0	0.0	3.0e-6
51.125	0.0	3.0e-6
51.25	0.0	3.0e-6
51.375	0.0	3.0e-6
51.5	0.0	3.0e-6
51.625	0.0	3.0e-6
51.75	0.0	3.0e-6
51.875	0.0	3.0e-6
52.0	0.0	3.0e-6
52.125	0.0	3.0e-6
52.25	0.0	3.0e-6
52.375	0.0	3.0e-6
52.5	0.0	3.0e-6
52.625	0.0	3.0e-6
52.75	0.0	3.0e-6
52.875	0.0	3.0e-6
53.0	0.0	3.0e-6
53.125	0.0	3.0e-6
53.25	0.0	3.0e-6
53.375	0.0	3.0e-6
53.5	0.0	3.0e-6
53.625	0.0	3.0e-6
53.75	0.0	3.0e-6
53.875	0.0	3.0e-6
54.0	0.0	3.0e-6
54.125	0.0	3.0e-6
54.25	0.0	3.0e-6
54.375	0.0	3.0e-6
54.5	0.0	3.0e-6
54.625	0.0	3.0e-6
54.75	0.0	3.0e-6
54.875	0.0	3.0e-6
55.0	0.0	3.0e-6
55.125	0.0	3.0e-6
55.25	0.0	3.0e-6
55.375	0.0	3.0e-6
55.5	0.0	3.0e-6
55.625	0.0	3.0e-6
55.75	0.0	3.0e-6
55.875	0.0	3.0e-6
56.0	0.0	3.0e-6
56.125	0.0	3.0e-6
56.25	0.0	3.0e-6
56.375	0.0	3.0e-6
56.5	0.0	3.0e-6
56.625	0.0	3.0e-6
56.75	0.0	3.0e-6
56.875	0.0	3.0e-6
57.0	0.0	3.0e-6
57.125	0.0	3.0e-6
57.25	0.0	3.0e-6
57.375	0.0	3.0e-6
57.5	0.0	3.0e-6
57.625	0.0	3.0e-6
57.75	0.0	3.0e-6
57.875	0.0	3.0e-6
58.0	0.0	3.0e-6
58.125	0.0	3.0e-6
58.25	0.0	3.0e-6
58.375	0.0	3.0e-6
58.5	0.0	3.0e-6
58.625	0.0	3.0e-6
58.75	0.0	3.0e-6
58.875	0.0	3.0e-6
59.0	0.0	3.0e-6
59.125	0.0	3.0e-6
59.25	0.0	3.0e-6
59.375	0.0	3.0e-6
59.5	0.0	3.0e-6
59.625	0.0	3.0e-6
59.75	0.0	3.0e-6
59.875	0.0	3.0e-6
60.0	0.0	3.0e-6
60.125	0.0	3.0e-6
60.25	0.0	3.0e-6
60.375	0.0	3.0e-6
60.5	0.0	3.0e-6
60.625	0.0	3.0e-6
60.75	0.0	3.0e-6
60.875	0.0	3.0e-6
61.0	0.0	3.0e-6
61.125	0.0	3.0e-6
61.25	0.0	3.0e-6
61.375	0.0	3.0e-6
61.5	0.0	3.0e-6
61.625	0.0	3.0e-6
61.75	0.0	3.0e-6
61.875	0.0	3.0e-6
62.0	0.0	3.0e-6
62.125	0.0	3.0e-6
62.25	0.0	3.0e-6
62.375	0.0	3.0e-6
62.5	0.0	3.0e-6
62.625	0.0	3.0e-6
62.75	0.0	3.0e-6
62.875	0.0	3.0e-6
63.0	0.0	3.0e-6
63.125	0.0	3.0e-6
63.25	0.0	3.0e-6
63.375	0.0	3.0e-6
63.5	0.0	3.0e-6
63.625	0.0	3.0e-6
63.75	0.0	3.0e-6
63.875	0.0	3.0e-6
64.0	0.0	3.0e-6
64.125	0.0	3.0e-6
64.25	0.0	3.0e-6
64.375	0.0	3.0e-6
64.5	0.0	3.0e-6
64.625	0.0	3.0e-6
64.75	0.0	3.0e-6
64.875	0.0	3.0e-6
65.0	0.0	3.0e-6
65.125	0.0	3.0e-6
65.25	0.0	3.0e-6
65.375	0.0	3.0e-6
65.5	0.0	3.0e-6
65.625	0.0	3.0e-6
65.75	0.0	3.0e-6
65.875	0.0	3.0e-6
66.0	0.0	3.0e-6
66.125	0.0	3.0e-6
66.25	0.0	3.0e-6
66.375	0.0	3.0e-6
66.5	0.0	3.0e-6
66.625	0.0	3.0e-6
66.75	0.0	3.0e-6
66.875	0.0	3.0e-6
67.0	0.0	3.0e-6
67.125	0.0	3.0e-6
67.25	0.0	3.0e-6
67.375	0.0	3.0e-6
67.5	0.0	3.0e-6
67.625	0.0	3.0e-6
67.75	0.0	3.0e-6
67.875	0.0	3.0e-6
68.0	0.0	3.0e-6
68.125	0.0	3.0e-6
68.25	0.0	3.0e-6
68.375	0.0	3.0e-6
68.5	0.0	3.0e-6
68.625	0.0	3.0e-6
68.75	0.0	3.0e-6
68.875	0.0	3.0e-6
69.0	0.0	3.0e-6
69.125	0.0	3.0e-6
69.25	0.0	3.0e-6
69.375	0.0	3.0e-6
69.5	0.0	3.0e-6
69.625	0.0	3.0e-6
69.75	0.0	3.0e-6
69.875	0.0	3.0e-6
70.0	0.0	3.0e-6
70.125	0.0	3.0e-6
70.25	0.0	3.0e-6
70.375	0.0	3.0e-6
70.5	0.0	3.0e-6
70.625	0.0	3.0e-6
70.75	0.0	3.0e-6
70.875	0.0	3.0e-6
71.0	0.0	3.0e-6
71.125	0.0	3.0e-6
71.25	0.0	3.0e-6
71.375	0.0	3.0e-6
71.5	0.0	3.0e-6
71.625	0.0	3.0e-6
71.75	0.0	3.0e-6
71.875	0.0	3.0e-6
72.0	0.0	3.0e-6
72.125	0.0	3.0e-6
72.25	0.0	3.0e-6
72.375	0.0	3.0e-6
72.5	0.0	3.0e-6
72.625	0.0	3.0e-6
72.75	0.0	3.0e-6
72.875	0.0	3.0e-6
73.0	0.0	3.0e-6
73.125	0.0	3.0e-6
73.25	0.0	3.0e-6
73.375	0.0	3.0e-6
73.5	0.0	3.0e-6
73.625	0.0	3.0e-6
73.75	0.0	3.0e-6
73.875	0.0	3.0e-6
74.0	0.0	3.0e-6
74.125	0.0	3.0e-6
74.25	0.0	3.0e-6
74.375	0.0	3.0e-6
74.5	0.0	3.0e-6
74.625	0.0	3.0e-6
74.75	0.0	3.0e-6
74.875	0.0	3.0e-6
75.0	0.0	3.0e-6
75.125	0.0	3.0e-6
75.25	0.0	3.0e-6
75.375	0.0	3.0e-6
75.5	0.0	3.0e-6
75.625	0.0	3.0e-6
75.75	0.0	3.0e-6
75.875	0.0	3.0e-6
76.0	0.0	3.0e-6
76.125	0.0	3.0e-6
76.25	0.0	3.0e-6
76.375	0.0	3.0e-6
76.5	0.0	3.0e-6
76.625	0.0	3.0e-6
76.75	0.0	3.0e-6
76.875	0.0	3.0e-6
77.0	0.0	3.0e-6
77.125	0.0	3.0e-6
77.25	0.0	3.0e-6
77.375	0.0	3.0e-6
77.5	0.0	3.0e-6
77.625	0.0	3.0e-6
77.75	0.0	3.0e-6
77.875	0.0	3.0e-6
78.0	0.0	3.0e-6
78.125	0.0	3.0e-6
78.25	0.0	3.0e-6
78.375	0.0	3.0e-6
78.5	0.0	3.0e-6
78.625	0.0	3.0e-6
78.75	0.0	3.0e-6
78.875	0.0	3.0e-6
79.0	0.0	3.0e-6
79.125	0.0	3.0e-6
79.25	0.0	3.0e-6
79.375	0.0	3.0e-6
79.5	0.0	3.0e-6
79.625	0.0	3.0e-6
79.75	0.0	3.0e-6
79.875	0.0	3.0e-6
80.0	0.0	3.0e-6
80.125	0.0	3.0e-6
80.25	0.0	3.0e-6
80.375	0.0	3.0e-6
80.5	0.0	3.0e-6
80.625	0.0	3.0e-6
80.75	0.0	3.0e-6
80.875	0.0	3.0e-6
81.0	0.0	3.0e-6
81.125	0.0	3.0e-6
81.25	0.0	3.0e-6
81.375	0.0	3.0e-6
81.5	0.0	3.0e-6
81.625	0.0	3.0e-6
81.75	0.0	3.0e-6
81.875	0.0	3.0e-6
82.0	0.0	3.0e-6
82.125	0.0	3.0e-6
82.25	0.0	3.0e-6
82.375	0.0	3.0e-6
82.5	0.0	3.0e-6
82.625	0.0	3.0e-6
82.75	0.0	3.0e-6
82.875	0.0	3.0e-6
83.0	0.0	3.0e-6
83.125	0.0	3.0e-6
83.25	0.0	3.0e-6
83.375	0.0	3.0e-6
83.5	0.0	3.0e-6
83.625	0.0	3.0e-6
83.75	0.0	3.0e-6
83.875	0.0	3.0e-6
84.0	0.0	3.0e-6
84.125	0.0	3.0e-6
84.25	0.0	3.0e-6
84.375	0.0	2.0e-6
84.5	0.0	2.0e-6
84.625	0.0	2.0e-6
84.75	0.0	2.0e-6
84.875	0.0	2.0e-6
85.0	0.0	2.0e-6
85.125	0.0	2.0e-6
85.25	0.0	2.0e-6
85.375	0.0	2.0e-6
85.5	0.0	2.0e-6
85.625	0.0	2.0e-6
85.75	0.0	2.0e-6
85.875	0.0	2.0e-6
86.0	0.0	2.0e-6
86.125	0.0	2.0e-6
86.25	0.0	2.0e-6
86.375	0.0	2.0e-6
86.5	0.0	2.0e-6
86.625	0.0	2.0e-6
86.75	0.0	2.0e-6
86.875	0.0	2.0e-6
87.0	0.0	2.0e-6
87.125	0.0	2.0e-6
87.25	0.0	2.0e-6
87.375	0.0	2.0e-6
87.5	0.0	2.0e-6
87.625	0.0	2.0e-6
87.75	0.0	2.0e-6
87.875	0.0	2.0e-6
88.0	0.0	2.0e-6
88.125	0.0	2.0e-6
88.25	0.0	2.0e-6
88.375	0.0	2.0e-6
88.5	0.0	2.0e-6
88.625	0.0	2.0e-6
88.75	0.0	2.0e-6
88.875	0.0	2.0e-6
89.0	0.0	2.0e-6
89.125	0.0	2.0e-6
89.25	0.0	2.0e-6
89.375	0.0	2.0e-6
89.5	0.0	2.0e-6
89.625	0.0	2.0e-6
89.75	0.0	2.0e-6
89.875	0.0	2.0e-6
90.0	0.0	2.0e-6
90.125	0.0	2.0e-6
90.25	0.0	2.0e-6
90.375	0.0	2.0e-6
90.5	0.0	2.0e-6
90.625	0.0	2.0e-6
90.75	0.0	2.0e-6
90.875	0.0	2.0e-6
91.0	0.0	2.0e-6
91.125	0.0	2.0e-6
91.25	0.0	2.0e-6
91.375	0.0	2.0e-6
91.5	0.0	2.0e-6
91.625	0.0	2.0e-6
91.75	0.0	2.0e-6
91.875	0.0	2.0e-6
92.0	0.0	2.0e-6
92.125	0.0	2.0e-6
92.25	0.0	2.0e-6
92.375	0.0	2.0e-6
92.5	0.0	2.0e-6
92.625	0.0	2.0e-6
92.75	0.0	2.0e-6
92.875	0.0	2.0e-6
93.0	0.0	2.0e-6
93.125	0.0	2.0e-6
93.25	0.0	2.0e-6
93.375	0.0	2.0e-6
93.5	0.0	2.0e-6
93.625	0.0	2.0e-6
93.75	0.0	2.0e-6
93.875	0.0	2.0e-6
94.0	0.0	2.0e-6
94.125	0.0	2.0e-6
94.25	0.0	2.0e-6
94.375	0.0	2.0e-6
94.5	0.0	2.0e-6
94.625	0.0	2.0e-6
94.75	0.0	2.0e-6
94.875	0.0	2.0e-6
95.0	0.0	2.0e-6
95.125	0.0	2.0e-6
95.25	0.0	2.0e-6
95.375	0.0	2.0e-6
95.5	0.0	2.0e-6
95.625	0.0	2.0e-6
95.75	0.0	2.0e-6
95.875	0.0	2.0e-6
96.0	0.0	2.0e-6
96.125	0.0	2.0e-6
96.25	0.0	2.0e-6
96.375	0.0	2.0e-6
96.5	0.0	2.0e-6
96.625	0.0	2.0e-6
96.75	0.0	2.0e-6
96.875	0.0	2.0e-6
97.0	0.0	2.0e-6
97.125	0.0	2.0e-6
97.25	0.0	2.0e-6
97.375	0.0	2.0e-6
97.5	0.0	2.0e-6
97.625	0.0	2.0e-6
97.75	0.0	2.0e-6
97.875	0.0	2.0e-6
98.0	0.0	2.0e-6
98.125	0.0	2.0e-6
98.25	0.0	2.0e-6
98.375	0.0	2.0e-6
98.5	0.0	2.0e-6
98.625	0.0	2.0e-6
98.75	0.0	2.0e-6
98.875	0.0	2.0e-6
99.0	0.0	2.0e-6
99.125	0.0	2.0e-6
99.25	0.0	2.0e-6
99.375	0.0	2.0e-6
99.5	0.0	2.0e-6
99.625	0.0	2.0e-6
99.75	0.0	2.0e-6
99.875	0.0	2.0e-6
100.0	0.0	2.0e-6
100.125	0.0	2.0e-6
100.25	0.0	2.0e-6
100.375	0.0	2.0e-6
100.5	0.0	2.0e-6
100.625	0.0	2.0e-6
100.75	0.0	2.0e-6
100.875	0.0	2.0e-6
101.0	0.0	2.0e-6
101.125	0.0	2.0e-6
101.25	0.0	2.0e-6
101.375	0.0	2.0e-6
101.5	0.0	2.0e-6
101.625	0.0	2.0e-6
101.75	0.0	2.0e-6
101.875	0.0	2.0e-6
102.0	0.0	2.0e-6
102.125	0.0	2.0e-6
102.25	0.0	2.0e-6
102.375	0.0	2.0e-6
102.5	0.0	2.0e-6
102.625	0.0	2.0e-6
102.75	0.0	2.0e-6
102.875	0.0	2.0e-6
103.0	0.0	2.0e-6
103.125	0.0	2.0e-6
103.25	0.0	2.0e-6
103.375	0.0	2.0e-6
103.5	0.0	2.0e-6
103.625	0.0	2.0e-6
103.75	0.0	2.0e-6
103.875	0.0	2.0e-6
104.0	0.0	2.0e-6
104.125	0.0	2.0e-6
104.25	0.0	2.0e-6
104.375	0.0	2.0e-6
104.5	0.0	2.0e-6
104.625	0.0	2.0e-6
104.75	0.0	2.0e-6
104.875	0.0	2.0e-6
105.0	0.0	2.0e-6
105.125	0.0	2.0e-6
105.25	0.0	2.0e-6
105.375	0.0	2.0e-6
105.5	0.0	2.0e-6
105.625	0.0	2.0e-6
105.75	0.0	2.0e-6
105.875	0.0	2.0e-6
106.0	0.0	2.0e-6
106.125	0.0	2.0e-6
106.25	0.0	2.0e-6
106.375	0.0	2.0e-6
106.5	0.0	2.0e-6
106.625	0.0	2.0e-6
106.75	0.0	2.0e-6
106.875	0.0	2.0e-6
107.0	0.0	2.0e-6
107.125	0.0	2.0e-6
107.25	0.0	1.0e-6
107.375	0.0	1.0e-6
107.5	0.0	1.0e-6
107.625	0.0	1.0e-6
107.75	0.0	1.0e-6
107.875	0.0	1.0e-6
108.0	0.0	1.0e-6
108.125	0.0	1.0e-6
108.25	0.0	1.0e-6
108.375	0.0	1.0e-6
108.5	0.0	1.0e-6
108.625	0.0	1.0e-6
108.75	0.0	1.0e-6
108.875	0.0	1.0e-6
109.0	0.0	1.0e-6
109.125	0.0	1.0e-6
109.25	0.0	1.0e-6
109.375	0.0	1.0e-6
109.5	0.0	1.0e-6
109.625	0.0	1.0e-6
109.75	0.0	1.0e-6
109.875	0.0	1.0e-6
110.0	0.0	1.0e-6
110.125	0.0	1.0e-6
110.25	0.0	1.0e-6
110.375	0.0	1.0e-6
110.5	0.0	1.0e-6
110.625	0.0	1.0e-6
110.75	0.0	1.0e-6
110.875	0.0	1.0e-6
111.0	0.0	1.0e-6
111.125	0.0	1.0e-6
111.25	0.0	1.0e-6
111.375	0.0	1.0e-6
111.5	0.0	1.0e-6
111.625	0.0	1.0e-6
111.75	0.0	1.0e-6
111.875	0.0	1.0e-6
112.0	0.0	1.0e-6
112.125	0.0	1.0e-6
112.25	0.0	1.0e-6
112.375	0.0	1.0e-6
112.5	0.0	1.0e-6
112.625	0.0	1.0e-6
112.75	0.0	1.0e-6
112.875	0.0	1.0e-6
113.0	0.0	1.0e-6
113.125	0.0	1.0e-6
113.25	0.0	1.0e-6
113.375	0.0	1.0e-6
113.5	0.0	1.0e-6
113.625	0.0	1.0e-6
113.75	0.0	1.0e-6
113.875	0.0	1.0e-6
114.0	0.0	1.0e-6
114.125	0.0	1.0e-6
114.25	0.0	1.0e-6
114.375	0.0	1.0e-6
114.5	0.0	1.0e-6
114.625	0.0	1.0e-6
114.75	0.0	1.0e-6
114.875	0.0	1.0e-6
115.0	0.0	1.0e-6
115.125	0.0	1.0e-6
115.25	0.0	1.0e-6
115.375	0.0	1.0e-6
115.5	0.0	1.0e-6
115.625	0.0	1.0e-6
115.75	0.0	1.0e-6
115.875	0.0	1.0e-6
116.0	0.0	1.0e-6
116.125	0.0	1.0e-6
116.25	0.0	1.0e-6
116.375	0.0	1.0e-6
116.5	0.0	1.0e-6
116.625	0.0	1.0e-6
116.75	0.0	1.0e-6
116.875	0.0	1.0e-6
117.0	0.0	1.0e-6
117.125	0.0	1.0e-6
117.25	0.0	1.0e-6
117.375	0.0	1.0e-6
117.5	0.0	1.0e-6
117.625	0.0	1.0e-6
117.75	0.0	1.0e-6
117.875	0.0	1.0e-6
118.0	0.0	1.0e-6
118.125	0.0	1.0e-6
118.25	0.0	1.0e-6
118.375	0.0	1.0e-6
118.5	0.0	1.0e-6
118.625	0.0	0.0
118.75	0.0	0.0
118.875	0.0	0.0
119.0	0.0	0.0
119.125	0.0	0.0
119.25	0.0	0.0
119.375	0.0	0.0
119.5	0.0	0.0
119.625	0.0	0.0
119.75	0.0	0.0
119.875	0.0	0.0
120.0	0.0	0.0
120.125	0.0	0.0
120.25	0.0	0.0
120.375	0.0	0.0
120.5	0.0	0.0
120.625	0.0	0.0
120.75	0.0	0.0
120.875	0.0	0.0
121.0	0.0	0.0
121.125	0.0	0.0
121.25	0.0	0.0
121.375	0.0	0.0
121.5	0.0	0.0
121.625	0.0	0.0
121.75	0.0	0.0
121.875	0.0	0.0
122.0	0.0	0.0
122.125	0.0	0.0
122.25	0.0	0.0
