t̅ᶜ [-]	T̅ₒ [-]	A̅ₒ [-]	β̃ [rad]	ω̅ᵢ [-]	T̅ₛ	T̅ₕ	T̅ₚ
-0.154911	0.719849	0.733919	1.847094	2.412998	0.06127	0.401658	0.265503
-4.350408	0.594412	0.577758	73.666645	2.706153	0.050593	0.331667	0.219238
-2.685118	0.61669	0.555693	45.154096	2.645378	0.05249	0.344098	0.227455
3.072395	0.657391	0.499673	-47.248142	2.544983	0.055954	0.366808	0.242466
2.207477	0.366796	0.475054	-50.400285	3.750133	0.03122	0.204663	0.135286
-1.523288	0.53876	0.450347	27.728114	2.879931	0.045857	0.300615	0.198712
1.16183	0.630482	0.382577	-18.55812	2.609906	0.053663	0.351794	0.232542
-5.228235	0.484528	0.376539	101.058614	3.087682	0.041241	0.270355	0.178709
4.634411	1.411905	0.097414	-53.233892	1.732081	0.120174	0.787808	0.520755
