-133.625	0.0	0.000158
-133.5	0.0	0.000159
-133.375	0.0	0.000159
-133.25	0.0	0.00016
-133.125	0.0	0.00016
-133.0	0.0	0.000161
-132.875	0.0	0.000162
-132.75	0.0	0.000162
-132.625	0.0	0.000163
-132.5	0.0	0.000163
-132.375	0.0	0.000164
-132.25	0.0	0.000164
-132.125	0.0	0.000165
-132.0	0.0	0.000165
-131.875	0.0	0.000166
-131.75	0.0	0.000166
-131.625	0.0	0.000167
-131.5	0.0	0.000167
-131.375	0.0	0.000168
-131.25	0.0	0.000168
-131.125	0.0	0.000169
-131.0	0.0	0.000169
-130.875	0.0	0.00017
-130.75	0.0	0.000171
-130.625	0.0	0.000171
-130.5	0.0	0.000172
-130.375	0.0	0.000172
-130.25	0.0	0.000173
-130.125	0.0	0.000173
-130.0	0.0	0.000174
-129.875	0.0	0.000174
-129.75	0.0	0.000175
-129.625	0.0	0.000175
-129.5	0.0	0.000176
-129.375	0.0	0.000177
-129.25	0.0	0.000177
-129.125	0.0	0.000178
-129.0	0.0	0.000178
-128.875	0.0	0.000179
-128.75	0.0	0.000179
-128.625	0.0	0.00018
-128.5	0.0	0.00018
-128.375	0.0	0.000181
-128.25	0.0	0.000181
-128.125	0.0	0.000182
-128.0	0.0	0.000183
-127.875	0.0	0.000183
-127.75	0.0	0.000184
-127.625	0.0	0.000184
-127.5	0.0	0.000185
-127.375	0.0	0.000185
-127.25	0.0	0.000186
-127.125	0.0	0.000187
-127.0	0.0	0.000187
-126.875	0.0	0.000188
-126.75	0.0	0.000188
-126.625	0.0	0.000189
-126.5	0.0	0.000189
-126.375	0.0	0.00019
-126.25	0.0	0.00019
-126.125	0.0	0.000191
-126.0	0.0	0.000192
-125.875	0.0	0.000192
-125.75	0.0	0.000193
-125.625	0.0	0.000193
-125.5	0.0	0.000194
-125.375	0.0	0.000194
-125.25	0.0	0.000195
-125.125	0.0	0.000196
-125.0	0.0	0.000196
-124.875	0.0	0.000197
-124.75	0.0	0.000197
-124.625	0.0	0.000198
-124.5	0.0	0.000199
-124.375	0.0	0.000199
-124.25	0.0	0.0002
-124.125	0.0	0.0002
-124.0	0.0	0.000201
-123.875	0.0	0.000201
-123.75	0.0	0.000202
-123.625	0.0	0.000203
-123.5	0.0	0.000203
-123.375	0.0	0.000204
-123.25	0.0	0.000204
-123.125	0.0	0.000205
-123.0	0.0	0.000206
-122.875	0.0	0.000206
-122.75	0.0	0.000207
-122.625	0.0	0.000207
-122.5	0.0	0.000208
-122.375	0.0	0.000209
-122.25	0.0	0.000209
-122.125	0.0	0.00021
-122.0	0.0	0.00021
-121.875	0.0	0.000211
-121.75	0.0	0.000212
-121.625	0.0	0.000212
-121.5	0.0	0.000213
-121.375	0.0	0.000213
-121.25	0.0	0.000214
-121.125	0.0	0.000215
-121.0	0.0	0.000215
-120.875	0.0	0.000216
-120.75	0.0	0.000216
-120.625	0.0	0.000217
-120.5	0.0	0.000218
-120.375	0.0	0.000218
-120.25	0.0	0.000219
-120.125	0.0	0.00022
-120.0	0.0	0.00022
-119.875	0.0	0.000221
-119.75	0.0	0.000221
-119.625	0.0	0.000222
-119.5	0.0	0.000223
-119.375	0.0	0.000223
-119.25	0.0	0.000224
-119.125	0.0	0.000225
-119.0	0.0	0.000225
-118.875	0.0	0.000226
-118.75	0.0	0.000226
-118.625	0.0	0.000227
-118.5	0.0	0.000228
-118.375	0.0	0.000228
-118.25	0.0	0.000229
-118.125	0.0	0.00023
-118.0	0.0	0.00023
-117.875	0.0	0.000231
-117.75	0.0	0.000232
-117.625	0.0	0.000232
-117.5	0.0	0.000233
-117.375	0.0	0.000233
-117.25	0.0	0.000234
-117.125	0.0	0.000235
-117.0	0.0	0.000235
-116.875	0.0	0.000236
-116.75	0.0	0.000237
-116.625	0.0	0.000237
-116.5	0.0	0.000238
-116.375	0.0	0.000239
-116.25	0.0	0.000239
-116.125	0.0	0.00024
-116.0	0.0	0.000241
-115.875	0.0	0.000241
-115.75	0.0	0.000242
-115.625	0.0	0.000243
-115.5	0.0	0.000243
-115.375	0.0	0.000244
-115.25	0.0	0.000245
-115.125	0.0	0.000245
-115.0	0.0	0.000246
-114.875	0.0	0.000247
-114.75	0.0	0.000247
-114.625	0.0	0.000248
-114.5	0.0	0.000249
-114.375	0.0	0.000249
-114.25	0.0	0.00025
-114.125	0.0	0.000251
-114.0	0.0	0.000251
-113.875	0.0	0.000252
-113.75	0.0	0.000253
-113.625	0.0	0.000253
-113.5	0.0	0.000254
-113.375	0.0	0.000255
-113.25	0.0	0.000255
-113.125	0.0	0.000256
-113.0	0.0	0.000257
-112.875	0.0	0.000258
-112.75	0.0	0.000258
-112.625	0.0	0.000259
-112.5	0.0	0.00026
-112.375	0.0	0.00026
-112.25	0.0	0.000261
-112.125	0.0	0.000262
-112.0	0.0	0.000262
-111.875	0.0	0.000263
-111.75	0.0	0.000264
-111.625	0.0	0.000265
-111.5	0.0	0.000265
-111.375	0.0	0.000266
-111.25	0.0	0.000267
-111.125	0.0	0.000267
-111.0	0.0	0.000268
-110.875	0.0	0.000269
-110.75	0.0	0.00027
-110.625	0.0	0.00027
-110.5	0.0	0.000271
-110.375	0.0	0.000272
-110.25	0.0	0.000273
-110.125	0.0	0.000273
-110.0	0.0	0.000274
-109.875	0.0	0.000275
-109.75	0.0	0.000275
-109.625	0.0	0.000276
-109.5	0.0	0.000277
-109.375	0.0	0.000278
-109.25	0.0	0.000278
-109.125	0.0	0.000279
-109.0	0.0	0.00028
-108.875	0.0	0.000281
-108.75	0.0	0.000281
-108.625	0.0	0.000282
-108.5	0.0	0.000283
-108.375	0.0	0.000284
-108.25	0.0	0.000284
-108.125	0.0	0.000285
-108.0	0.0	0.000286
-107.875	0.0	0.000287
-107.75	0.0	0.000287
-107.625	0.0	0.000288
-107.5	0.0	0.000289
-107.375	0.0	0.00029
-107.25	0.0	0.000291
-107.125	0.0	0.000291
-107.0	0.0	0.000292
-106.875	0.0	0.000293
-106.75	0.0	0.000294
-106.625	0.0	0.000294
-106.5	0.0	0.000295
-106.375	0.0	0.000296
-106.25	0.0	0.000297
-106.125	0.0	0.000298
-106.0	0.0	0.000298
-105.875	0.0	0.000299
-105.75	0.0	0.0003
-105.625	0.0	0.000301
-105.5	0.0	0.000302
-105.375	0.0	0.000302
-105.25	0.0	0.000303
-105.125	0.0	0.000304
-105.0	0.0	0.000305
-104.875	0.0	0.000306
-104.75	0.0	0.000306
-104.625	0.0	0.000307
-104.5	0.0	0.000308
-104.375	0.0	0.000309
-104.25	0.0	0.00031
-104.125	0.0	0.00031
-104.0	0.0	0.000311
-103.875	0.0	0.000312
-103.75	0.0	0.000313
-103.625	0.0	0.000314
-103.5	0.0	0.000315
-103.375	0.0	0.000315
-103.25	0.0	0.000316
-103.125	0.0	0.000317
-103.0	0.0	0.000318
-102.875	0.0	0.000319
-102.75	0.0	0.00032
-102.625	0.0	0.000321
-102.5	0.0	0.000321
-102.375	0.0	0.000322
-102.25	0.0	0.000323
-102.125	0.0	0.000324
-102.0	0.0	0.000325
-101.875	0.0	0.000326
-101.75	0.0	0.000327
-101.625	0.0	0.000327
-101.5	0.0	0.000328
-101.375	0.0	0.000329
-101.25	0.0	0.00033
-101.125	0.0	0.000331
-101.0	0.0	0.000332
-100.875	0.0	0.000333
-100.75	0.0	0.000334
-100.625	0.0	0.000334
-100.5	0.0	0.000335
-100.375	0.0	0.000336
-100.25	0.0	0.000337
-100.125	0.0	0.000338
-100.0	0.0	0.000339
-99.875	0.0	0.00034
-99.75	0.0	0.000341
-99.625	0.0	0.000342
-99.5	0.0	0.000342
-99.375	0.0	0.000343
-99.25	0.0	0.000344
-99.125	0.0	0.000345
-99.0	0.0	0.000346
-98.875	0.0	0.000347
-98.75	0.0	0.000348
-98.625	0.0	0.000349
-98.5	0.0	0.00035
-98.375	0.0	0.000351
-98.25	0.0	0.000352
-98.125	0.0	0.000353
-98.0	0.0	0.000354
-97.875	0.0	0.000355
-97.75	0.0	0.000356
-97.625	0.0	0.000356
-97.5	0.0	0.000357
-97.375	0.0	0.000358
-97.25	0.0	0.000359
-97.125	0.0	0.00036
-97.0	0.0	0.000361
-96.875	0.0	0.000362
-96.75	0.0	0.000363
-96.625	0.0	0.000364
-96.5	0.0	0.000365
-96.375	0.0	0.000366
-96.25	0.0	0.000367
-96.125	0.0	0.000368
-96.0	0.0	0.000369
-95.875	0.0	0.00037
-95.75	0.0	0.000371
-95.625	0.0	0.000372
-95.5	0.0	0.000373
-95.375	0.0	0.000374
-95.25	0.0	0.000375
-95.125	0.0	0.000376
-95.0	0.0	0.000377
-94.875	0.0	0.000378
-94.75	0.0	0.000379
-94.625	0.0	0.00038
-94.5	0.0	0.000381
-94.375	0.0	0.000382
-94.25	0.0	0.000383
-94.125	0.0	0.000384
-94.0	0.0	0.000385
-93.875	0.0	0.000386
-93.75	0.0	0.000387
-93.625	0.0	0.000388
-93.5	0.0	0.000389
-93.375	0.0	0.000391
-93.25	0.0	0.000392
-93.125	0.0	0.000393
-93.0	0.0	0.000394
-92.875	0.0	0.000395
-92.75	0.0	0.000396
-92.625	0.0	0.000397
-92.5	0.0	0.000398
-92.375	0.0	0.000399
-92.25	0.0	0.0004
-92.125	0.0	0.000401
-92.0	0.0	0.000402
-91.875	0.0	0.000403
-91.75	0.0	0.000405
-91.625	0.0	0.000406
-91.5	0.0	0.000407
-91.375	0.0	0.000408
-91.25	0.0	0.000409
-91.125	0.0	0.00041
-91.0	0.0	0.000411
-90.875	0.0	0.000412
-90.75	0.0	0.000414
-90.625	0.0	0.000415
-90.5	0.0	0.000416
-90.375	0.0	0.000417
-90.25	0.0	0.000418
-90.125	0.0	0.000419
-90.0	0.0	0.00042
-89.875	0.0	0.000422
-89.75	0.0	0.000423
-89.625	0.0	0.000424
-89.5	0.0	0.000425
-89.375	0.0	0.000426
-89.25	0.0	0.000427
-89.125	0.0	0.000429
-89.0	0.0	0.00043
-88.875	0.0	0.000431
-88.75	0.0	0.000432
-88.625	0.0	0.000433
-88.5	0.0	0.000435
-88.375	0.0	0.000436
-88.25	0.0	0.000437
-88.125	0.0	0.000438
-88.0	0.0	0.000439
-87.875	0.0	0.000441
-87.75	0.0	0.000442
-87.625	0.0	0.000443
-87.5	0.0	0.000444
-87.375	0.0	0.000446
-87.25	0.0	0.000447
-87.125	0.0	0.000448
-87.0	0.0	0.000449
-86.875	0.0	0.000451
-86.75	0.0	0.000452
-86.625	0.0	0.000453
-86.5	0.0	0.000454
-86.375	0.0	0.000456
-86.25	0.0	0.000457
-86.125	0.0	0.000458
-86.0	0.0	0.00046
-85.875	0.0	0.000461
-85.75	0.0	0.000462
-85.625	0.0	0.000463
-85.5	0.0	0.000465
-85.375	0.0	0.000466
-85.25	0.0	0.000467
-85.125	0.0	0.000469
-85.0	0.0	0.00047
-84.875	0.0	0.000471
-84.75	0.0	0.000473
-84.625	0.0	0.000474
-84.5	0.0	0.000476
-84.375	0.0	0.000477
-84.25	0.0	0.000478
-84.125	0.0	0.00048
-84.0	0.0	0.000481
-83.875	0.0	0.000482
-83.75	0.0	0.000484
-83.625	0.0	0.000485
-83.5	0.0	0.000487
-83.375	0.0	0.000488
-83.25	0.0	0.000489
-83.125	0.0	0.000491
-83.0	0.0	0.000492
-82.875	0.0	0.000494
-82.75	0.0	0.000495
-82.625	0.0	0.000496
-82.5	0.0	0.000498
-82.375	0.0	0.000499
-82.25	0.0	0.000501
-82.125	0.0	0.000502
-82.0	0.0	0.000504
-81.875	0.0	0.000505
-81.75	0.0	0.000507
-81.625	0.0	0.000508
-81.5	0.0	0.00051
-81.375	0.0	0.000511
-81.25	0.0	0.000513
-81.125	0.0	0.000514
-81.0	0.0	0.000516
-80.875	0.0	0.000517
-80.75	0.0	0.000519
-80.625	0.0	0.00052
-80.5	0.0	0.000522
-80.375	0.0	0.000523
-80.25	0.0	0.000525
-80.125	0.0	0.000526
-80.0	0.0	0.000528
-79.875	0.0	0.00053
-79.75	0.0	0.000531
-79.625	0.0	0.000533
-79.5	0.0	0.000534
-79.375	0.0	0.000536
-79.25	0.0	0.000538
-79.125	0.0	0.000539
-79.0	0.0	0.000541
-78.875	0.0	0.000542
-78.75	0.0	0.000544
-78.625	0.0	0.000546
-78.5	0.0	0.000547
-78.375	0.0	0.000549
-78.25	0.0	0.000551
-78.125	0.0	0.000552
-78.0	0.0	0.000554
-77.875	0.0	0.000556
-77.75	0.0	0.000557
-77.625	0.0	0.000559
-77.5	0.0	0.000561
-77.375	0.0	0.000563
-77.25	0.0	0.000564
-77.125	0.0	0.000566
-77.0	0.0	0.000568
-76.875	0.0	0.00057
-76.75	0.0	0.000571
-76.625	0.0	0.000573
-76.5	0.0	0.000575
-76.375	0.0	0.000577
-76.25	0.0	0.000578
-76.125	0.0	0.00058
-76.0	0.0	0.000582
-75.875	0.0	0.000584
-75.75	0.0	0.000586
-75.625	0.0	0.000588
-75.5	0.0	0.000589
-75.375	0.0	0.000591
-75.25	0.0	0.000593
-75.125	0.0	0.000595
-75.0	0.0	0.000597
-74.875	0.0	0.000599
-74.75	0.0	0.000601
-74.625	0.0	0.000603
-74.5	0.0	0.000605
-74.375	0.0	0.000607
-74.25	0.0	0.000609
-74.125	0.0	0.000611
-74.0	0.0	0.000613
-73.875	0.0	0.000615
-73.75	0.0	0.000617
-73.625	0.0	0.00062
-73.5	0.0	0.000622
-73.375	0.0	0.000624
-73.25	0.0	0.000626
-73.125	0.0	0.000629
-73.0	0.0	0.000631
-72.875	0.0	0.000633
-72.75	0.0	0.000636
-72.625	0.0	0.000638
-72.5	0.0	0.00064
-72.375	0.0	0.000643
-72.25	0.0	0.000645
-72.125	0.0	0.000647
-72.0	0.0	0.00065
-71.875	0.0	0.000652
-71.75	0.0	0.000654
-71.625	0.0	0.000657
-71.5	0.0	0.000659
-71.375	0.0	0.000661
-71.25	0.0	0.000663
-71.125	0.0	0.000664
-71.0	0.0	0.000666
-70.875	0.0	0.000667
-70.75	0.0	0.000668
-70.625	0.0	0.000669
-70.5	0.0	0.000669
-70.375	0.0	0.00067
-70.25	0.0	0.000669
-70.125	0.0	0.000668
-70.0	0.0	0.000667
-69.875	0.0	0.000665
-69.75	0.0	0.000662
-69.625	0.0	0.000659
-69.5	0.0	0.000655
-69.375	0.0	0.000651
-69.25	0.0	0.000645
-69.125	0.0	0.000639
-69.0	0.0	0.000632
-68.875	0.0	0.000625
-68.75	0.0	0.000616
-68.625	0.0	0.000608
-68.5	0.0	0.000598
-68.375	0.0	0.000588
-68.25	0.0	0.000578
-68.125	0.0	0.000567
-68.0	0.0	0.000557
-67.875	0.0	0.000547
-67.75	0.0	0.000537
-67.625	0.0	0.000528
-67.5	0.0	0.000521
-67.375	0.0	0.000515
-67.25	0.0	0.000512
-67.125	0.0	0.000511
-67.0	0.0	0.000514
-66.875	0.0	0.000521
-66.75	0.0	0.000533
-66.625	0.0	0.000551
-66.5	0.0	0.000575
-66.375	0.0	0.000607
-66.25	0.0	0.000647
-66.125	0.0	0.000697
-66.0	0.0	0.000757
-65.875	0.0	0.000829
-65.75	0.0	0.000914
-65.625	0.0	0.001012
-65.5	0.0	0.001124
-65.375	0.0	0.001252
-65.25	0.0	0.001397
-65.125	0.0	0.001558
-65.0	1.0e-6	0.001737
-64.875	1.0e-6	0.001935
-64.75	1.0e-6	0.00215
-64.625	1.0e-6	0.002383
-64.5	1.0e-6	0.002634
-64.375	1.0e-6	0.002901
-64.25	2.0e-6	0.003184
-64.125	2.0e-6	0.003481
-64.0	2.0e-6	0.00379
-63.875	3.0e-6	0.004108
-63.75	3.0e-6	0.004431
-63.625	4.0e-6	0.004757
-63.5	4.0e-6	0.00508
-63.375	5.0e-6	0.005395
-63.25	6.0e-6	0.005696
-63.125	7.0e-6	0.005976
-63.0	8.0e-6	0.006227
-62.875	1.0e-5	0.006442
-62.75	1.1e-5	0.006611
-62.625	1.3e-5	0.006724
-62.5	1.5e-5	0.00677
-62.375	1.8e-5	0.006739
-62.25	2.1e-5	0.006618
-62.125	2.4e-5	0.006395
-62.0	2.8e-5	0.006056
-61.875	3.3e-5	0.005589
-61.75	3.8e-5	0.004981
-61.625	4.4e-5	0.004218
-61.5	5.1e-5	0.003287
-61.375	6.0e-5	0.002176
-61.25	6.9e-5	0.000873
-61.125	7.9e-5	-0.000633
-61.0	9.2e-5	-0.002352
-60.875	0.000106	-0.004292
-60.75	0.000122	-0.006458
-60.625	0.00014	-0.008855
-60.5	0.000161	-0.011484
-60.375	0.000185	-0.014343
-60.25	0.000212	-0.017427
-60.125	0.000243	-0.020726
-60.0	0.000278	-0.024229
-59.875	0.000318	-0.027917
-59.75	0.000363	-0.031769
-59.625	0.000415	-0.035756
-59.5	0.000473	-0.039847
-59.375	0.000539	-0.044003
-59.25	0.000614	-0.04818
-59.125	0.000698	-0.052327
-59.0	0.000793	-0.056389
-58.875	0.0009	-0.060304
-58.75	0.001021	-0.064003
-58.625	0.001157	-0.067413
-58.5	0.00131	-0.070456
-58.375	0.001481	-0.073046
-58.25	0.001674	-0.075097
-58.125	0.00189	-0.076515
-58.0	0.002131	-0.077206
-57.875	0.002401	-0.077071
-57.75	0.002703	-0.076013
-57.625	0.00304	-0.073933
-57.5	0.003416	-0.070733
-57.375	0.003834	-0.066319
-57.25	0.004299	-0.0606
-57.125	0.004817	-0.053492
-57.0	0.005392	-0.044916
-56.875	0.00603	-0.034806
-56.75	0.006736	-0.023102
-56.625	0.007519	-0.009762
-56.5	0.008384	0.005245
-56.375	0.009341	0.021932
-56.25	0.010396	0.040293
-56.125	0.01156	0.060302
-56.0	0.012842	0.081912
-55.875	0.014253	0.105051
-55.75	0.015804	0.129624
-55.625	0.017507	0.155507
-55.5	0.019376	0.182551
-55.375	0.021423	0.210579
-55.25	0.023665	0.239383
-55.125	0.026117	0.26873
-55.0	0.028795	0.298356
-54.875	0.031719	0.32797
-54.75	0.034906	0.357254
-54.625	0.038377	0.385863
-54.5	0.042153	0.413432
-54.375	0.046258	0.43957
-54.25	0.050714	0.463871
-54.125	0.055547	0.485911
-54.0	0.060783	0.505255
-53.875	0.066451	0.521462
-53.75	0.072578	0.534085
-53.625	0.079195	0.54268
-53.5	0.086334	0.546811
-53.375	0.094028	0.546052
-53.25	0.102312	0.539999
-53.125	0.11122	0.528269
-53.0	0.120789	0.510512
-52.875	0.131058	0.486416
-52.75	0.142067	0.45571
-52.625	0.153854	0.418176
-52.5	0.166463	0.37365
-52.375	0.179935	0.322031
-52.25	0.194314	0.263285
-52.125	0.209644	0.197451
-52.0	0.225971	0.124646
-51.875	0.243339	0.045067
-51.75	0.261795	-0.041003
-51.625	0.281385	-0.133193
-51.5	0.302157	-0.231046
-51.375	0.324155	-0.334013
-51.25	0.347427	-0.441457
-51.125	0.372019	-0.552651
-51.0	0.397976	-0.666786
-50.875	0.425343	-0.782969
-50.75	0.454163	-0.900231
-50.625	0.484478	-1.017532
-50.5	0.51633	-1.133769
-50.375	0.549757	-1.247783
-50.25	0.584796	-1.358371
-50.125	0.621482	-1.464293
-50.0	0.659846	-1.564287
-49.875	0.699918	-1.657079
-49.75	0.741724	-1.741397
-49.625	0.785286	-1.815986
-49.5	0.830622	-1.879619
-49.375	0.877747	-1.931116
-49.25	0.926671	-1.969356
-49.125	0.9774	-1.993295
-49.0	1.029934	-2.001974
-48.875	1.084268	-1.994544
-48.75	1.140392	-1.970269
-48.625	1.19829	-1.928547
-48.5	1.257941	-1.86892
-48.375	1.319316	-1.791083
-48.25	1.382381	-1.694898
-48.125	1.447095	-1.580399
-48.0	1.51341	-1.447798
-47.875	1.581272	-1.297495
-47.75	1.650619	-1.130078
-47.625	1.721382	-0.946323
-47.5	1.793486	-0.747194
-47.375	1.866849	-0.533841
-47.25	1.941381	-0.307595
-47.125	2.016985	-0.069958
-47.0	2.093557	0.177406
-46.875	2.170987	0.43268
-46.75	2.249158	0.693912
-46.625	2.327948	0.959028
-46.5	2.407225	1.225852
-46.375	2.486855	1.492123
-46.25	2.566697	1.755518
-46.125	2.646604	2.013673
-46.0	2.726426	2.264206
-45.875	2.806007	2.504744
-45.75	2.885189	2.732942
-45.625	2.963807	2.946516
-45.5	3.041697	3.143258
-45.375	3.118691	3.321071
-45.25	3.194619	3.477983
-45.125	3.26931	3.612178
-45.0	3.342593	3.722013
-44.875	3.414296	3.80604
-44.75	3.484249	3.863026
-44.625	3.552282	3.891967
-44.5	3.61823	3.892102
-44.375	3.681927	3.862928
-44.25	3.743212	3.804208
-44.125	3.80193	3.715974
-44.0	3.857927	3.598536
-43.875	3.911059	3.45248
-43.75	3.961183	3.278665
-43.625	4.008167	3.078217
-43.5	4.051885	2.852525
-43.375	4.092217	2.603223
-43.25	4.129054	2.33218
-43.125	4.162295	2.041484
-43.0	4.191847	1.73342
-42.875	4.217628	1.410448
-42.75	4.239567	1.075181
-42.625	4.257602	0.73036
-42.5	4.271682	0.378825
-42.375	4.281767	0.023487
-42.25	4.28783	-0.332699
-42.125	4.289853	-0.686767
-42.0	4.28783	-1.035766
-41.875	4.281767	-1.376793
-41.75	4.271682	-1.707022
-41.625	4.257602	-2.023728
-41.5	4.239567	-2.32432
-41.375	4.217628	-2.606363
-41.25	4.191847	-2.867603
-41.125	4.162295	-3.105988
-41.0	4.129054	-3.319689
-40.875	4.092217	-3.507116
-40.75	4.051885	-3.666932
-40.625	4.008167	-3.798066
-40.5	3.961183	-3.899718
-40.375	3.911058	-3.97137
-40.25	3.857927	-4.012783
-40.125	3.801929	-4.023999
-40.0	3.743212	-4.005337
-39.875	3.681926	-3.957385
-39.75	3.618229	-3.880994
-39.625	3.552282	-3.777262
-39.5	3.484248	-3.647519
-39.375	3.414295	-3.493315
-39.25	3.342592	-3.316395
-39.125	3.269309	-3.118681
-39.0	3.194618	-2.90225
-38.875	3.11869	-2.669309
-38.75	3.041696	-2.42217
-38.625	2.963806	-2.163227
-38.5	2.885188	-1.894925
-38.375	2.806006	-1.619743
-38.25	2.726425	-1.340158
-38.125	2.646603	-1.05863
-38.0	2.566696	-0.77757
-37.875	2.486854	-0.499321
-37.75	2.407224	-0.226136
-37.625	2.327947	0.039844
-37.5	2.249158	0.296604
-37.375	2.170986	0.54228
-37.25	2.093556	0.775163
-37.125	2.016984	0.993721
-37.0	1.94138	1.196601
-36.875	1.866849	1.382643
-36.75	1.793486	1.550883
-36.625	1.721381	1.700553
-36.5	1.650618	1.831089
-36.375	1.581271	1.942125
-36.25	1.513409	2.033487
-36.125	1.447094	2.105196
-36.0	1.382381	2.157453
-35.875	1.319316	2.190632
-35.75	1.257941	2.205271
-35.625	1.19829	2.20206
-35.5	1.140391	2.181826
-35.375	1.084267	2.145519
-35.25	1.029933	2.094201
-35.125	0.977399	2.029025
-35.0	0.926671	1.951222
-34.875	0.877747	1.862085
-34.75	0.830622	1.762954
-34.625	0.785285	1.655198
-34.5	0.741724	1.540199
-34.375	0.699918	1.41934
-34.25	0.659846	1.293992
-34.125	0.621481	1.165493
-34.0	0.584796	1.035146
-33.875	0.549757	0.904199
-33.75	0.51633	0.77384
-33.625	0.484478	0.645186
-33.5	0.454162	0.519275
-33.375	0.425343	0.397062
-33.25	0.397976	0.27941
-33.125	0.372019	0.167089
-33.0	0.347427	0.060771
-32.875	0.324155	-0.038968
-32.75	0.302156	-0.131652
-32.625	0.281385	-0.216902
-32.5	0.261795	-0.294434
-32.375	0.243339	-0.364059
-32.25	0.225971	-0.425675
-32.125	0.209644	-0.479266
-32.0	0.194314	-0.524895
-31.875	0.179935	-0.562698
-31.75	0.166463	-0.59288
-31.625	0.153854	-0.615707
-31.5	0.142067	-0.631499
-31.375	0.131058	-0.640623
-31.25	0.120789	-0.643487
-31.125	0.11122	-0.64053
-31.0	0.102312	-0.63222
-30.875	0.094028	-0.619043
-30.75	0.086334	-0.601498
-30.625	0.079195	-0.58009
-30.5	0.072578	-0.555325
-30.375	0.066451	-0.527705
-30.25	0.060783	-0.497722
-30.125	0.055547	-0.465853
-30.0	0.050714	-0.432557
-29.875	0.046258	-0.398272
-29.75	0.042153	-0.363409
-29.625	0.038377	-0.328353
-29.5	0.034906	-0.29346
-29.375	0.031719	-0.259053
-29.25	0.028795	-0.225425
-29.125	0.026117	-0.192835
-29.0	0.023665	-0.161511
-28.875	0.021423	-0.131646
-28.75	0.019376	-0.103402
-28.625	0.017507	-0.07691
-28.5	0.015804	-0.052272
-28.375	0.014253	-0.02956
-28.25	0.012842	-0.008821
-28.125	0.01156	0.009925
-28.0	0.010396	0.026679
-27.875	0.009341	0.041466
-27.75	0.008384	0.054325
-27.625	0.007519	0.065316
-27.5	0.006736	0.074512
-27.375	0.00603	0.081996
-27.25	0.005392	0.087866
-27.125	0.004817	0.092224
-27.0	0.004299	0.095179
-26.875	0.003834	0.096846
-26.75	0.003416	0.097342
-26.625	0.00304	0.096784
-26.5	0.002703	0.095289
-26.375	0.002401	0.092974
-26.25	0.002131	0.08995
-26.125	0.00189	0.086328
-26.0	0.001674	0.082211
-25.875	0.001481	0.077697
-25.75	0.00131	0.07288
-25.625	0.001157	0.067845
-25.5	0.001021	0.062673
-25.375	0.0009	0.057434
-25.25	0.000793	0.052194
-25.125	0.000698	0.047012
-25.0	0.000614	0.041937
-24.875	0.000539	0.037014
-24.75	0.000473	0.03228
-24.625	0.000415	0.027766
-24.5	0.000363	0.023495
-24.375	0.000318	0.019488
-24.25	0.000278	0.015759
-24.125	0.000243	0.012315
-24.0	0.000212	0.009162
-23.875	0.000185	0.0063
-23.75	0.000161	0.003726
-23.625	0.00014	0.001433
-23.5	0.000122	-0.000585
-23.375	0.000106	-0.002342
-23.25	9.2e-5	-0.003848
-23.125	7.9e-5	-0.005119
-23.0	6.9e-5	-0.00617
-22.875	6.0e-5	-0.007016
-22.75	5.1e-5	-0.007674
-22.625	4.4e-5	-0.008161
-22.5	3.8e-5	-0.008494
-22.375	3.3e-5	-0.008689
-22.25	2.8e-5	-0.008761
-22.125	2.4e-5	-0.008728
-22.0	2.1e-5	-0.008602
-21.875	1.8e-5	-0.008399
-21.75	1.5e-5	-0.008131
-21.625	1.3e-5	-0.00781
-21.5	1.1e-5	-0.007449
-21.375	1.0e-5	-0.007056
-21.25	8.0e-6	-0.006642
-21.125	7.0e-6	-0.006214
-21.0	6.0e-6	-0.005781
-20.875	5.0e-6	-0.005347
-20.75	4.0e-6	-0.004919
-20.625	4.0e-6	-0.004501
-20.5	3.0e-6	-0.004098
-20.375	3.0e-6	-0.003712
-20.25	2.0e-6	-0.003346
-20.125	2.0e-6	-0.003001
-20.0	2.0e-6	-0.00268
-19.875	1.0e-6	-0.002382
-19.75	1.0e-6	-0.002108
-19.625	1.0e-6	-0.001859
-19.5	1.0e-6	-0.001633
-19.375	1.0e-6	-0.00143
-19.25	1.0e-6	-0.00125
-19.125	0.0	-0.001091
-19.0	0.0	-0.000952
-18.875	0.0	-0.000832
-18.75	0.0	-0.00073
-18.625	0.0	-0.000644
-18.5	0.0	-0.000572
-18.375	0.0	-0.000514
-18.25	0.0	-0.000468
-18.125	0.0	-0.000433
-18.0	0.0	-0.000407
-17.875	0.0	-0.000389
-17.75	0.0	-0.000379
-17.625	0.0	-0.000375
-17.5	0.0	-0.000375
-17.375	0.0	-0.00038
-17.25	0.0	-0.000389
-17.125	0.0	-0.0004
-17.0	0.0	-0.000413
-16.875	0.0	-0.000427
-16.75	0.0	-0.000442
-16.625	0.0	-0.000458
-16.5	0.0	-0.000474
-16.375	0.0	-0.00049
-16.25	0.0	-0.000506
-16.125	0.0	-0.000521
-16.0	0.0	-0.000535
-15.875	0.0	-0.000548
-15.75	0.0	-0.00056
-15.625	0.0	-0.000572
-15.5	0.0	-0.000582
-15.375	0.0	-0.000591
-15.25	0.0	-0.000599
-15.125	0.0	-0.000606
-15.0	0.0	-0.000612
-14.875	0.0	-0.000617
-14.75	0.0	-0.000621
-14.625	0.0	-0.000624
-14.5	0.0	-0.000627
-14.375	0.0	-0.000628
-14.25	0.0	-0.00063
-14.125	0.0	-0.00063
-14.0	0.0	-0.00063
-13.875	0.0	-0.00063
-13.75	0.0	-0.000629
-13.625	0.0	-0.000628
-13.5	0.0	-0.000626
-13.375	0.0	-0.000625
-13.25	0.0	-0.000623
-13.125	0.0	-0.000621
-13.0	0.0	-0.000618
-12.875	0.0	-0.000616
-12.75	0.0	-0.000614
-12.625	0.0	-0.000611
-12.5	0.0	-0.000608
-12.375	0.0	-0.000606
-12.25	0.0	-0.000603
-12.125	0.0	-0.000601
-12.0	0.0	-0.000598
-11.875	0.0	-0.000596
-11.75	0.0	-0.000593
-11.625	0.0	-0.000591
-11.5	0.0	-0.000588
-11.375	0.0	-0.000586
-11.25	0.0	-0.000583
-11.125	0.0	-0.000581
-11.0	0.0	-0.000579
-10.875	0.0	-0.000576
-10.75	0.0	-0.000574
-10.625	0.0	-0.000572
-10.5	0.0	-0.00057
-10.375	0.0	-0.000568
-10.25	0.0	-0.000565
-10.125	0.0	-0.000563
-10.0	0.0	-0.000561
-9.875	0.0	-0.000559
-9.75	0.0	-0.000557
-9.625	0.0	-0.000555
-9.5	0.0	-0.000553
-9.375	0.0	-0.000551
-9.25	0.0	-0.000549
-9.125	0.0	-0.000547
-9.0	0.0	-0.000546
-8.875	0.0	-0.000544
-8.75	0.0	-0.000542
-8.625	0.0	-0.00054
-8.5	0.0	-0.000538
-8.375	0.0	-0.000536
-8.25	0.0	-0.000534
-8.125	0.0	-0.000533
-8.0	0.0	-0.000531
-7.875	0.0	-0.000529
-7.75	0.0	-0.000527
-7.625	0.0	-0.000526
-7.5	0.0	-0.000524
-7.375	0.0	-0.000522
-7.25	0.0	-0.00052
-7.125	0.0	-0.000519
-7.0	0.0	-0.000517
-6.875	0.0	-0.000515
-6.75	0.0	-0.000513
-6.625	0.0	-0.000512
-6.5	0.0	-0.00051
-6.375	0.0	-0.000508
-6.25	0.0	-0.000507
-6.125	0.0	-0.000505
-6.0	0.0	-0.000503
-5.875	0.0	-0.000502
-5.75	0.0	-0.0005
-5.625	0.0	-0.000498
-5.5	0.0	-0.000497
-5.375	0.0	-0.000495
-5.25	0.0	-0.000493
-5.125	0.0	-0.000492
-5.0	0.0	-0.00049
-4.875	0.0	-0.000488
-4.75	0.0	-0.000487
-4.625	0.0	-0.000485
-4.5	0.0	-0.000484
-4.375	0.0	-0.000482
-4.25	0.0	-0.000481
-4.125	0.0	-0.000479
-4.0	0.0	-0.000477
-3.875	0.0	-0.000476
-3.75	0.0	-0.000474
-3.625	0.0	-0.000473
-3.5	0.0	-0.000471
-3.375	0.0	-0.00047
-3.25	0.0	-0.000468
-3.125	0.0	-0.000467
-3.0	0.0	-0.000465
-2.875	0.0	-0.000464
-2.75	0.0	-0.000462
-2.625	0.0	-0.000461
-2.5	0.0	-0.000459
-2.375	0.0	-0.000458
-2.25	0.0	-0.000456
-2.125	0.0	-0.000455
-2.0	0.0	-0.000453
-1.875	0.0	-0.000452
-1.75	0.0	-0.00045
-1.625	0.0	-0.000449
-1.5	0.0	-0.000448
-1.375	0.0	-0.000446
-1.25	0.0	-0.000445
-1.125	0.0	-0.000443
-1.0	0.0	-0.000442
-0.875	0.0	-0.00044
-0.75	0.0	-0.000439
-0.625	0.0	-0.000438
-0.5	0.0	-0.000436
-0.375	0.0	-0.000435
-0.25	0.0	-0.000433
-0.125	0.0	-0.000432
0.0	0.0	-0.000431
0.125	0.0	-0.000429
0.25	0.0	-0.000428
0.375	0.0	-0.000427
0.5	0.0	-0.000425
0.625	0.0	-0.000424
0.75	0.0	-0.000423
0.875	0.0	-0.000421
1.0	0.0	-0.00042
1.125	0.0	-0.000419
1.25	0.0	-0.000417
1.375	0.0	-0.000416
1.5	0.0	-0.000415
1.625	0.0	-0.000413
1.75	0.0	-0.000412
1.875	0.0	-0.000411
2.0	0.0	-0.00041
2.125	0.0	-0.000408
2.25	0.0	-0.000407
2.375	0.0	-0.000406
2.5	0.0	-0.000404
2.625	0.0	-0.000403
2.75	0.0	-0.000402
2.875	0.0	-0.000401
3.0	0.0	-0.000399
3.125	0.0	-0.000398
3.25	0.0	-0.000397
3.375	0.0	-0.000396
3.5	0.0	-0.000394
3.625	0.0	-0.000393
3.75	0.0	-0.000392
3.875	0.0	-0.000391
4.0	0.0	-0.000389
4.125	0.0	-0.000388
4.25	0.0	-0.000387
4.375	0.0	-0.000386
4.5	0.0	-0.000385
4.625	0.0	-0.000383
4.75	0.0	-0.000382
4.875	0.0	-0.000381
5.0	0.0	-0.00038
5.125	0.0	-0.000379
5.25	0.0	-0.000378
5.375	0.0	-0.000376
5.5	0.0	-0.000375
5.625	0.0	-0.000374
5.75	0.0	-0.000373
5.875	0.0	-0.000372
6.0	0.0	-0.000371
6.125	0.0	-0.000369
6.25	0.0	-0.000368
6.375	0.0	-0.000367
6.5	0.0	-0.000366
6.625	0.0	-0.000365
6.75	0.0	-0.000364
6.875	0.0	-0.000363
7.0	0.0	-0.000362
7.125	0.0	-0.00036
7.25	0.0	-0.000359
7.375	0.0	-0.000358
7.5	0.0	-0.000357
7.625	0.0	-0.000356
7.75	0.0	-0.000355
7.875	0.0	-0.000354
8.0	0.0	-0.000353
8.125	0.0	-0.000352
8.25	0.0	-0.000351
8.375	0.0	-0.000349
8.5	0.0	-0.000348
8.625	0.0	-0.000347
8.75	0.0	-0.000346
8.875	0.0	-0.000345
9.0	0.0	-0.000344
9.125	0.0	-0.000343
9.25	0.0	-0.000342
9.375	0.0	-0.000341
9.5	0.0	-0.00034
9.625	0.0	-0.000339
9.75	0.0	-0.000338
9.875	0.0	-0.000337
10.0	0.0	-0.000336
10.125	0.0	-0.000335
10.25	0.0	-0.000334
10.375	0.0	-0.000333
10.5	0.0	-0.000332
10.625	0.0	-0.000331
10.75	0.0	-0.00033
10.875	0.0	-0.000329
11.0	0.0	-0.000328
11.125	0.0	-0.000327
11.25	0.0	-0.000326
11.375	0.0	-0.000325
11.5	0.0	-0.000324
11.625	0.0	-0.000323
11.75	0.0	-0.000322
11.875	0.0	-0.000321
12.0	0.0	-0.00032
12.125	0.0	-0.000319
12.25	0.0	-0.000318
12.375	0.0	-0.000317
12.5	0.0	-0.000316
12.625	0.0	-0.000315
12.75	0.0	-0.000314
12.875	0.0	-0.000313
13.0	0.0	-0.000312
13.125	0.0	-0.000311
13.25	0.0	-0.00031
13.375	0.0	-0.000309
13.5	0.0	-0.000308
13.625	0.0	-0.000307
13.75	0.0	-0.000306
13.875	0.0	-0.000305
14.0	0.0	-0.000304
14.125	0.0	-0.000303
14.25	0.0	-0.000302
14.375	0.0	-0.000301
14.5	0.0	-0.000301
14.625	0.0	-0.0003
14.75	0.0	-0.000299
14.875	0.0	-0.000298
15.0	0.0	-0.000297
15.125	0.0	-0.000296
15.25	0.0	-0.000295
15.375	0.0	-0.000294
15.5	0.0	-0.000293
15.625	0.0	-0.000292
15.75	0.0	-0.000291
15.875	0.0	-0.00029
16.0	0.0	-0.00029
16.125	0.0	-0.000289
16.25	0.0	-0.000288
16.375	0.0	-0.000287
16.5	0.0	-0.000286
16.625	0.0	-0.000285
16.75	0.0	-0.000284
16.875	0.0	-0.000283
17.0	0.0	-0.000283
17.125	0.0	-0.000282
17.25	0.0	-0.000281
17.375	0.0	-0.00028
17.5	0.0	-0.000279
17.625	0.0	-0.000278
17.75	0.0	-0.000277
17.875	0.0	-0.000276
18.0	0.0	-0.000276
18.125	0.0	-0.000275
18.25	0.0	-0.000274
18.375	0.0	-0.000273
18.5	0.0	-0.000272
18.625	0.0	-0.000271
18.75	0.0	-0.00027
18.875	0.0	-0.00027
19.0	0.0	-0.000269
19.125	0.0	-0.000268
19.25	0.0	-0.000267
19.375	0.0	-0.000266
19.5	0.0	-0.000265
19.625	0.0	-0.000265
19.75	0.0	-0.000264
19.875	0.0	-0.000263
20.0	0.0	-0.000262
20.125	0.0	-0.000261
20.25	0.0	-0.000261
20.375	0.0	-0.00026
20.5	0.0	-0.000259
20.625	0.0	-0.000258
20.75	0.0	-0.000257
20.875	0.0	-0.000256
21.0	0.0	-0.000256
21.125	0.0	-0.000255
21.25	0.0	-0.000254
21.375	0.0	-0.000253
21.5	0.0	-0.000252
21.625	0.0	-0.000252
21.75	0.0	-0.000251
21.875	0.0	-0.00025
22.0	0.0	-0.000249
22.125	0.0	-0.000249
22.25	0.0	-0.000248
22.375	0.0	-0.000247
22.5	0.0	-0.000246
22.625	0.0	-0.000245
22.75	0.0	-0.000245
22.875	0.0	-0.000244
23.0	0.0	-0.000243
23.125	0.0	-0.000242
23.25	0.0	-0.000242
23.375	0.0	-0.000241
23.5	0.0	-0.00024
23.625	0.0	-0.000239
23.75	0.0	-0.000238
23.875	0.0	-0.000238
24.0	0.0	-0.000237
24.125	0.0	-0.000236
24.25	0.0	-0.000235
24.375	0.0	-0.000235
24.5	0.0	-0.000234
24.625	0.0	-0.000233
24.75	0.0	-0.000232
24.875	0.0	-0.000232
25.0	0.0	-0.000231
25.125	0.0	-0.00023
25.25	0.0	-0.000229
25.375	0.0	-0.000229
25.5	0.0	-0.000228
25.625	0.0	-0.000227
25.75	0.0	-0.000227
25.875	0.0	-0.000226
26.0	0.0	-0.000225
26.125	0.0	-0.000224
26.25	0.0	-0.000224
26.375	0.0	-0.000223
26.5	0.0	-0.000222
26.625	0.0	-0.000221
26.75	0.0	-0.000221
26.875	0.0	-0.00022
27.0	0.0	-0.000219
27.125	0.0	-0.000219
27.25	0.0	-0.000218
27.375	0.0	-0.000217
27.5	0.0	-0.000216
27.625	0.0	-0.000216
27.75	0.0	-0.000215
27.875	0.0	-0.000214
28.0	0.0	-0.000214
28.125	0.0	-0.000213
28.25	0.0	-0.000212
28.375	0.0	-0.000211
28.5	0.0	-0.000211
28.625	0.0	-0.00021
28.75	0.0	-0.000209
28.875	0.0	-0.000209
29.0	0.0	-0.000208
29.125	0.0	-0.000207
29.25	0.0	-0.000207
29.375	0.0	-0.000206
29.5	0.0	-0.000205
29.625	0.0	-0.000205
29.75	0.0	-0.000204
29.875	0.0	-0.000203
30.0	0.0	-0.000203
30.125	0.0	-0.000202
30.25	0.0	-0.000201
30.375	0.0	-0.0002
30.5	0.0	-0.0002
30.625	0.0	-0.000199
30.75	0.0	-0.000198
30.875	0.0	-0.000198
31.0	0.0	-0.000197
31.125	0.0	-0.000196
31.25	0.0	-0.000196
31.375	0.0	-0.000195
31.5	0.0	-0.000194
31.625	0.0	-0.000194
31.75	0.0	-0.000193
31.875	0.0	-0.000192
32.0	0.0	-0.000192
32.125	0.0	-0.000191
32.25	0.0	-0.000191
32.375	0.0	-0.00019
32.5	0.0	-0.000189
32.625	0.0	-0.000189
32.75	0.0	-0.000188
32.875	0.0	-0.000187
33.0	0.0	-0.000187
33.125	0.0	-0.000186
33.25	0.0	-0.000185
33.375	0.0	-0.000185
33.5	0.0	-0.000184
33.625	0.0	-0.000183
33.75	0.0	-0.000183
33.875	0.0	-0.000182
34.0	0.0	-0.000181
34.125	0.0	-0.000181
34.25	0.0	-0.00018
34.375	0.0	-0.00018
34.5	0.0	-0.000179
34.625	0.0	-0.000178
34.75	0.0	-0.000178
34.875	0.0	-0.000177
35.0	0.0	-0.000176
35.125	0.0	-0.000176
35.25	0.0	-0.000175
35.375	0.0	-0.000175
35.5	0.0	-0.000174
35.625	0.0	-0.000173
35.75	0.0	-0.000173
35.875	0.0	-0.000172
36.0	0.0	-0.000171
36.125	0.0	-0.000171
36.25	0.0	-0.00017
36.375	0.0	-0.00017
36.5	0.0	-0.000169
36.625	0.0	-0.000168
36.75	0.0	-0.000168
36.875	0.0	-0.000167
37.0	0.0	-0.000167
37.125	0.0	-0.000166
37.25	0.0	-0.000165
37.375	0.0	-0.000165
37.5	0.0	-0.000164
37.625	0.0	-0.000163
37.75	0.0	-0.000163
37.875	0.0	-0.000162
38.0	0.0	-0.000162
38.125	0.0	-0.000161
38.25	0.0	-0.00016
38.375	0.0	-0.00016
38.5	0.0	-0.000159
38.625	0.0	-0.000159
38.75	0.0	-0.000158
38.875	0.0	-0.000158
39.0	0.0	-0.000157
39.125	0.0	-0.000156
39.25	0.0	-0.000156
39.375	0.0	-0.000155
39.5	0.0	-0.000155
39.625	0.0	-0.000154
39.75	0.0	-0.000153
39.875	0.0	-0.000153
40.0	0.0	-0.000152
40.125	0.0	-0.000152
40.25	0.0	-0.000151
40.375	0.0	-0.00015
40.5	0.0	-0.00015
40.625	0.0	-0.000149
40.75	0.0	-0.000149
40.875	0.0	-0.000148
41.0	0.0	-0.000148
41.125	0.0	-0.000147
41.25	0.0	-0.000146
41.375	0.0	-0.000146
41.5	0.0	-0.000145
41.625	0.0	-0.000145
41.75	0.0	-0.000144
41.875	0.0	-0.000144
42.0	0.0	-0.000143
42.125	0.0	-0.000142
42.25	0.0	-0.000142
42.375	0.0	-0.000141
42.5	0.0	-0.000141
42.625	0.0	-0.00014
42.75	0.0	-0.00014
42.875	0.0	-0.000139
43.0	0.0	-0.000138
43.125	0.0	-0.000138
43.25	0.0	-0.000137
43.375	0.0	-0.000137
43.5	0.0	-0.000136
43.625	0.0	-0.000136
43.75	0.0	-0.000135
43.875	0.0	-0.000135
44.0	0.0	-0.000134
44.125	0.0	-0.000133
44.25	0.0	-0.000133
44.375	0.0	-0.000132
44.5	0.0	-0.000132
44.625	0.0	-0.000131
44.75	0.0	-0.000131
44.875	0.0	-0.00013
45.0	0.0	-0.00013
45.125	0.0	-0.000129
45.25	0.0	-0.000128
45.375	0.0	-0.000128
45.5	0.0	-0.000127
45.625	0.0	-0.000127
45.75	0.0	-0.000126
45.875	0.0	-0.000126
46.0	0.0	-0.000125
46.125	0.0	-0.000125
46.25	0.0	-0.000124
46.375	0.0	-0.000124
46.5	0.0	-0.000123
46.625	0.0	-0.000123
46.75	0.0	-0.000122
46.875	0.0	-0.000121
47.0	0.0	-0.000121
47.125	0.0	-0.00012
47.25	0.0	-0.00012
47.375	0.0	-0.000119
47.5	0.0	-0.000119
47.625	0.0	-0.000118
47.75	0.0	-0.000118
47.875	0.0	-0.000117
48.0	0.0	-0.000117
48.125	0.0	-0.000116
48.25	0.0	-0.000116
48.375	0.0	-0.000115
48.5	0.0	-0.000115
48.625	0.0	-0.000114
48.75	0.0	-0.000113
48.875	0.0	-0.000113
49.0	0.0	-0.000112
49.125	0.0	-0.000112
49.25	0.0	-0.000111
49.375	0.0	-0.000111
49.5	0.0	-0.00011
49.625	0.0	-0.00011
49.75	0.0	-0.000109
49.875	0.0	-0.000109
50.0	0.0	-0.000108
50.125	0.0	-0.000108
50.25	0.0	-0.000107
50.375	0.0	-0.000107
50.5	0.0	-0.000106
50.625	0.0	-0.000106
50.75	0.0	-0.000105
50.875	0.0	-0.000105
51.0	0.0	-0.000104
51.125	0.0	-0.000104
51.25	0.0	-0.000103
51.375	0.0	-0.000103
51.5	0.0	-0.000102
51.625	0.0	-0.000102
51.75	0.0	-0.000101
51.875	0.0	-0.000101
52.0	0.0	-0.0001
52.125	0.0	-0.0001
52.25	0.0	-9.9e-5
52.375	0.0	-9.9e-5
52.5	0.0	-9.8e-5
52.625	0.0	-9.7e-5
52.75	0.0	-9.7e-5
52.875	0.0	-9.6e-5
53.0	0.0	-9.6e-5
53.125	0.0	-9.5e-5
53.25	0.0	-9.5e-5
53.375	0.0	-9.4e-5
53.5	0.0	-9.4e-5
53.625	0.0	-9.3e-5
53.75	0.0	-9.3e-5
53.875	0.0	-9.2e-5
54.0	0.0	-9.2e-5
54.125	0.0	-9.1e-5
54.25	0.0	-9.1e-5
54.375	0.0	-9.0e-5
54.5	0.0	-9.0e-5
54.625	0.0	-8.9e-5
54.75	0.0	-8.9e-5
54.875	0.0	-8.8e-5
55.0	0.0	-8.8e-5
55.125	0.0	-8.7e-5
55.25	0.0	-8.7e-5
55.375	0.0	-8.6e-5
55.5	0.0	-8.6e-5
55.625	0.0	-8.6e-5
55.75	0.0	-8.5e-5
55.875	0.0	-8.5e-5
56.0	0.0	-8.4e-5
56.125	0.0	-8.4e-5
56.25	0.0	-8.3e-5
56.375	0.0	-8.3e-5
56.5	0.0	-8.2e-5
56.625	0.0	-8.2e-5
56.75	0.0	-8.1e-5
56.875	0.0	-8.1e-5
57.0	0.0	-8.0e-5
57.125	0.0	-8.0e-5
57.25	0.0	-7.9e-5
57.375	0.0	-7.9e-5
57.5	0.0	-7.8e-5
57.625	0.0	-7.8e-5
57.75	0.0	-7.7e-5
57.875	0.0	-7.7e-5
58.0	0.0	-7.6e-5
58.125	0.0	-7.6e-5
58.25	0.0	-7.5e-5
58.375	0.0	-7.5e-5
58.5	0.0	-7.4e-5
58.625	0.0	-7.4e-5
58.75	0.0	-7.3e-5
58.875	0.0	-7.3e-5
59.0	0.0	-7.2e-5
59.125	0.0	-7.2e-5
59.25	0.0	-7.1e-5
59.375	0.0	-7.1e-5
59.5	0.0	-7.0e-5
59.625	0.0	-7.0e-5
59.75	0.0	-7.0e-5
59.875	0.0	-6.9e-5
60.0	0.0	-6.9e-5
60.125	0.0	-6.8e-5
60.25	0.0	-6.8e-5
60.375	0.0	-6.7e-5
60.5	0.0	-6.7e-5
60.625	0.0	-6.6e-5
60.75	0.0	-6.6e-5
60.875	0.0	-6.5e-5
61.0	0.0	-6.5e-5
61.125	0.0	-6.4e-5
61.25	0.0	-6.4e-5
61.375	0.0	-6.3e-5
61.5	0.0	-6.3e-5
61.625	0.0	-6.2e-5
61.75	0.0	-6.2e-5
61.875	0.0	-6.1e-5
62.0	0.0	-6.1e-5
62.125	0.0	-6.1e-5
62.25	0.0	-6.0e-5
62.375	0.0	-6.0e-5
62.5	0.0	-5.9e-5
62.625	0.0	-5.9e-5
62.75	0.0	-5.8e-5
62.875	0.0	-5.8e-5
63.0	0.0	-5.7e-5
63.125	0.0	-5.7e-5
63.25	0.0	-5.6e-5
63.375	0.0	-5.6e-5
63.5	0.0	-5.5e-5
63.625	0.0	-5.5e-5
63.75	0.0	-5.4e-5
63.875	0.0	-5.4e-5
64.0	0.0	-5.4e-5
64.125	0.0	-5.3e-5
64.25	0.0	-5.3e-5
64.375	0.0	-5.2e-5
64.5	0.0	-5.2e-5
64.625	0.0	-5.1e-5
64.75	0.0	-5.1e-5
64.875	0.0	-5.0e-5
65.0	0.0	-5.0e-5
65.125	0.0	-4.9e-5
65.25	0.0	-4.9e-5
65.375	0.0	-4.8e-5
65.5	0.0	-4.8e-5
65.625	0.0	-4.8e-5
65.75	0.0	-4.7e-5
65.875	0.0	-4.7e-5
66.0	0.0	-4.6e-5
66.125	0.0	-4.6e-5
66.25	0.0	-4.5e-5
66.375	0.0	-4.5e-5
66.5	0.0	-4.4e-5
66.625	0.0	-4.4e-5
66.75	0.0	-4.3e-5
66.875	0.0	-4.3e-5
67.0	0.0	-4.3e-5
67.125	0.0	-4.2e-5
67.25	0.0	-4.2e-5
67.375	0.0	-4.1e-5
67.5	0.0	-4.1e-5
67.625	0.0	-4.0e-5
67.75	0.0	-4.0e-5
67.875	0.0	-3.9e-5
68.0	0.0	-3.9e-5
68.125	0.0	-3.8e-5
68.25	0.0	-3.8e-5
68.375	0.0	-3.8e-5
68.5	0.0	-3.7e-5
68.625	0.0	-3.7e-5
68.75	0.0	-3.6e-5
68.875	0.0	-3.6e-5
69.0	0.0	-3.5e-5
69.125	0.0	-3.5e-5
69.25	0.0	-3.4e-5
69.375	0.0	-3.4e-5
69.5	0.0	-3.3e-5
69.625	0.0	-3.3e-5
69.75	0.0	-3.3e-5
69.875	0.0	-3.2e-5
70.0	0.0	-3.2e-5
70.125	0.0	-3.1e-5
70.25	0.0	-3.1e-5
70.375	0.0	-3.0e-5
70.5	0.0	-3.0e-5
70.625	0.0	-2.9e-5
70.75	0.0	-2.9e-5
70.875	0.0	-2.8e-5
71.0	0.0	-2.8e-5
71.125	0.0	-2.8e-5
71.25	0.0	-2.7e-5
71.375	0.0	-2.7e-5
71.5	0.0	-2.6e-5
71.625	0.0	-2.6e-5
71.75	0.0	-2.5e-5
71.875	0.0	-2.5e-5
72.0	0.0	-2.4e-5
72.125	0.0	-2.4e-5
72.25	0.0	-2.4e-5
72.375	0.0	-2.3e-5
72.5	0.0	-2.3e-5
72.625	0.0	-2.2e-5
72.75	0.0	-2.2e-5
72.875	0.0	-2.1e-5
73.0	0.0	-2.1e-5
73.125	0.0	-2.0e-5
73.25	0.0	-2.0e-5
73.375	0.0	-2.0e-5
73.5	0.0	-1.9e-5
73.625	0.0	-1.9e-5
73.75	0.0	-1.8e-5
73.875	0.0	-1.8e-5
74.0	0.0	-1.7e-5
74.125	0.0	-1.7e-5
74.25	0.0	-1.6e-5
74.375	0.0	-1.6e-5
74.5	0.0	-1.6e-5
74.625	0.0	-1.5e-5
74.75	0.0	-1.5e-5
74.875	0.0	-1.4e-5
75.0	0.0	-1.4e-5
75.125	0.0	-1.3e-5
75.25	0.0	-1.3e-5
75.375	0.0	-1.3e-5
75.5	0.0	-1.2e-5
75.625	0.0	-1.2e-5
75.75	0.0	-1.1e-5
75.875	0.0	-1.1e-5
76.0	0.0	-1.0e-5
76.125	0.0	-1.0e-5
76.25	0.0	-9.0e-6
76.375	0.0	-9.0e-6
76.5	0.0	-9.0e-6
76.625	0.0	-8.0e-6
76.75	0.0	-8.0e-6
76.875	0.0	-7.0e-6
77.0	0.0	-7.0e-6
77.125	0.0	-6.0e-6
77.25	0.0	-6.0e-6
77.375	0.0	-5.0e-6
77.5	0.0	-5.0e-6
77.625	0.0	-5.0e-6
77.75	0.0	-4.0e-6
77.875	0.0	-4.0e-6
78.0	0.0	-3.0e-6
78.125	0.0	-3.0e-6
78.25	0.0	-2.0e-6
78.375	0.0	-2.0e-6
78.5	0.0	-2.0e-6
78.625	0.0	-1.0e-6
78.75	0.0	0.0
78.875	0.0	0.0
79.0	0.0	0.0
79.125	0.0	0.0
79.25	0.0	1.0e-6
79.375	0.0	2.0e-6
79.5	0.0	2.0e-6
79.625	0.0	2.0e-6
79.75	0.0	3.0e-6
79.875	0.0	3.0e-6
80.0	0.0	4.0e-6
80.125	0.0	4.0e-6
80.25	0.0	5.0e-6
80.375	0.0	5.0e-6
80.5	0.0	5.0e-6
80.625	0.0	6.0e-6
80.75	0.0	6.0e-6
80.875	0.0	7.0e-6
81.0	0.0	7.0e-6
81.125	0.0	8.0e-6
81.25	0.0	8.0e-6
81.375	0.0	9.0e-6
81.5	0.0	9.0e-6
81.625	0.0	9.0e-6
81.75	0.0	1.0e-5
81.875	0.0	1.0e-5
82.0	0.0	1.1e-5
82.125	0.0	1.1e-5
82.25	0.0	1.2e-5
82.375	0.0	1.2e-5
82.5	0.0	1.2e-5
82.625	0.0	1.3e-5
82.75	0.0	1.3e-5
82.875	0.0	1.4e-5
83.0	0.0	1.4e-5
83.125	0.0	1.5e-5
83.25	0.0	1.5e-5
83.375	0.0	1.5e-5
83.5	0.0	1.6e-5
83.625	0.0	1.6e-5
83.75	0.0	1.7e-5
83.875	0.0	1.7e-5
84.0	0.0	1.8e-5
84.125	0.0	1.8e-5
84.25	0.0	1.9e-5
84.375	0.0	1.9e-5
84.5	0.0	1.9e-5
84.625	0.0	2.0e-5
84.75	0.0	2.0e-5
84.875	0.0	2.1e-5
85.0	0.0	2.1e-5
85.125	0.0	2.2e-5
85.25	0.0	2.2e-5
85.375	0.0	2.2e-5
85.5	0.0	2.3e-5
85.625	0.0	2.3e-5
85.75	0.0	2.4e-5
85.875	0.0	2.4e-5
86.0	0.0	2.5e-5
86.125	0.0	2.5e-5
86.25	0.0	2.5e-5
86.375	0.0	2.6e-5
86.5	0.0	2.6e-5
86.625	0.0	2.7e-5
86.75	0.0	2.7e-5
86.875	0.0	2.8e-5
87.0	0.0	2.8e-5
87.125	0.0	2.9e-5
87.25	0.0	2.9e-5
87.375	0.0	2.9e-5
87.5	0.0	3.0e-5
87.625	0.0	3.0e-5
87.75	0.0	3.1e-5
87.875	0.0	3.1e-5
88.0	0.0	3.2e-5
88.125	0.0	3.2e-5
88.25	0.0	3.2e-5
88.375	0.0	3.3e-5
88.5	0.0	3.3e-5
88.625	0.0	3.4e-5
88.75	0.0	3.4e-5
88.875	0.0	3.5e-5
89.0	0.0	3.5e-5
89.125	0.0	3.5e-5
89.25	0.0	3.6e-5
89.375	0.0	3.6e-5
89.5	0.0	3.7e-5
89.625	0.0	3.7e-5
89.75	0.0	3.8e-5
89.875	0.0	3.8e-5
90.0	0.0	3.9e-5
90.125	0.0	3.9e-5
90.25	0.0	3.9e-5
90.375	0.0	4.0e-5
90.5	0.0	4.0e-5
90.625	0.0	4.1e-5
90.75	0.0	4.1e-5
90.875	0.0	4.2e-5
91.0	0.0	4.2e-5
91.125	0.0	4.2e-5
91.25	0.0	4.3e-5
91.375	0.0	4.3e-5
91.5	0.0	4.4e-5
91.625	0.0	4.4e-5
91.75	0.0	4.5e-5
91.875	0.0	4.5e-5
92.0	0.0	4.6e-5
92.125	0.0	4.6e-5
92.25	0.0	4.6e-5
92.375	0.0	4.7e-5
92.5	0.0	4.7e-5
92.625	0.0	4.8e-5
92.75	0.0	4.8e-5
92.875	0.0	4.9e-5
93.0	0.0	4.9e-5
93.125	0.0	4.9e-5
93.25	0.0	5.0e-5
93.375	0.0	5.0e-5
93.5	0.0	5.1e-5
93.625	0.0	5.1e-5
93.75	0.0	5.2e-5
93.875	0.0	5.2e-5
94.0	0.0	5.3e-5
94.125	0.0	5.3e-5
94.25	0.0	5.3e-5
94.375	0.0	5.4e-5
94.5	0.0	5.4e-5
94.625	0.0	5.5e-5
94.75	0.0	5.5e-5
94.875	0.0	5.6e-5
95.0	0.0	5.6e-5
95.125	0.0	5.6e-5
95.25	0.0	5.7e-5
95.375	0.0	5.7e-5
95.5	0.0	5.8e-5
95.625	0.0	5.8e-5
95.75	0.0	5.9e-5
95.875	0.0	5.9e-5
96.0	0.0	6.0e-5
96.125	0.0	6.0e-5
96.25	0.0	6.0e-5
96.375	0.0	6.1e-5
96.5	0.0	6.1e-5
96.625	0.0	6.2e-5
96.75	0.0	6.2e-5
96.875	0.0	6.3e-5
97.0	0.0	6.3e-5
97.125	0.0	6.4e-5
97.25	0.0	6.4e-5
97.375	0.0	6.4e-5
97.5	0.0	6.5e-5
97.625	0.0	6.5e-5
97.75	0.0	6.6e-5
97.875	0.0	6.6e-5
98.0	0.0	6.7e-5
98.125	0.0	6.7e-5
98.25	0.0	6.8e-5
98.375	0.0	6.8e-5
98.5	0.0	6.8e-5
98.625	0.0	6.9e-5
98.75	0.0	6.9e-5
98.875	0.0	7.0e-5
99.0	0.0	7.0e-5
99.125	0.0	7.1e-5
99.25	0.0	7.1e-5
99.375	0.0	7.2e-5
99.5	0.0	7.2e-5
99.625	0.0	7.2e-5
99.75	0.0	7.3e-5
99.875	0.0	7.3e-5
100.0	0.0	7.4e-5
100.125	0.0	7.4e-5
100.25	0.0	7.5e-5
100.375	0.0	7.5e-5
100.5	0.0	7.6e-5
100.625	0.0	7.6e-5
100.75	0.0	7.6e-5
100.875	0.0	7.7e-5
101.0	0.0	7.7e-5
101.125	0.0	7.8e-5
101.25	0.0	7.8e-5
101.375	0.0	7.9e-5
101.5	0.0	7.9e-5
101.625	0.0	8.0e-5
101.75	0.0	8.0e-5
101.875	0.0	8.0e-5
102.0	0.0	8.1e-5
102.125	0.0	8.1e-5
102.25	0.0	8.2e-5
102.375	0.0	8.2e-5
102.5	0.0	8.3e-5
102.625	0.0	8.3e-5
102.75	0.0	8.4e-5
102.875	0.0	8.4e-5
103.0	0.0	8.5e-5
103.125	0.0	8.5e-5
103.25	0.0	8.5e-5
103.375	0.0	8.6e-5
103.5	0.0	8.6e-5
103.625	0.0	8.7e-5
103.75	0.0	8.7e-5
103.875	0.0	8.8e-5
104.0	0.0	8.8e-5
104.125	0.0	8.9e-5
104.25	0.0	8.9e-5
104.375	0.0	9.0e-5
104.5	0.0	9.0e-5
104.625	0.0	9.0e-5
104.75	0.0	9.1e-5
104.875	0.0	9.1e-5
105.0	0.0	9.2e-5
105.125	0.0	9.2e-5
105.25	0.0	9.3e-5
105.375	0.0	9.3e-5
105.5	0.0	9.4e-5
105.625	0.0	9.4e-5
105.75	0.0	9.5e-5
105.875	0.0	9.5e-5
106.0	0.0	9.5e-5
106.125	0.0	9.6e-5
106.25	0.0	9.6e-5
106.375	0.0	9.7e-5
106.5	0.0	9.7e-5
106.625	0.0	9.8e-5
106.75	0.0	9.8e-5
106.875	0.0	9.9e-5
107.0	0.0	9.9e-5
107.125	0.0	0.0001
107.25	0.0	0.0001
107.375	0.0	0.000101
107.5	0.0	0.000101
107.625	0.0	0.000101
107.75	0.0	0.000102
107.875	0.0	0.000102
108.0	0.0	0.000103
108.125	0.0	0.000103
108.25	0.0	0.000104
108.375	0.0	0.000104
108.5	0.0	0.000105
108.625	0.0	0.000105
108.75	0.0	0.000106
108.875	0.0	0.000106
109.0	0.0	0.000107
109.125	0.0	0.000107
109.25	0.0	0.000108
109.375	0.0	0.000108
109.5	0.0	0.000108
109.625	0.0	0.000109
109.75	0.0	0.000109
109.875	0.0	0.00011
110.0	0.0	0.00011
110.125	0.0	0.000111
110.25	0.0	0.000111
110.375	0.0	0.000112
110.5	0.0	0.000112
110.625	0.0	0.000113
110.75	0.0	0.000113
110.875	0.0	0.000114
111.0	0.0	0.000114
111.125	0.0	0.000115
111.25	0.0	0.000115
111.375	0.0	0.000116
111.5	0.0	0.000116
111.625	0.0	0.000117
111.75	0.0	0.000117
111.875	0.0	0.000117
112.0	0.0	0.000118
112.125	0.0	0.000118
112.25	0.0	0.000119
112.375	0.0	0.000119
112.5	0.0	0.00012
112.625	0.0	0.00012
112.75	0.0	0.000121
112.875	0.0	0.000121
113.0	0.0	0.000122
113.125	0.0	0.000122
113.25	0.0	0.000123
113.375	0.0	0.000123
113.5	0.0	0.000124
113.625	0.0	0.000124
113.75	0.0	0.000125
113.875	0.0	0.000125
114.0	0.0	0.000126
114.125	0.0	0.000126
114.25	0.0	0.000127
114.375	0.0	0.000127
114.5	0.0	0.000128
114.625	0.0	0.000128
114.75	0.0	0.000129
114.875	0.0	0.000129
115.0	0.0	0.00013
115.125	0.0	0.00013
115.25	0.0	0.000131
115.375	0.0	0.000131
115.5	0.0	0.000132
115.625	0.0	0.000132
115.75	0.0	0.000133
115.875	0.0	0.000133
116.0	0.0	0.000134
116.125	0.0	0.000134
116.25	0.0	0.000134
116.375	0.0	0.000135
116.5	0.0	0.000135
116.625	0.0	0.000136
116.75	0.0	0.000136
116.875	0.0	0.000137
117.0	0.0	0.000137
117.125	0.0	0.000138
117.25	0.0	0.000138
117.375	0.0	0.000139
117.5	0.0	0.000139
117.625	0.0	0.00014
117.75	0.0	0.00014
117.875	0.0	0.000141
118.0	0.0	0.000141
118.125	0.0	0.000142
118.25	0.0	0.000142
118.375	0.0	0.000143
118.5	0.0	0.000143
118.625	0.0	0.000144
118.75	0.0	0.000144
118.875	0.0	0.000145
119.0	0.0	0.000145
119.125	0.0	0.000146
119.25	0.0	0.000147
119.375	0.0	0.000147
119.5	0.0	0.000148
119.625	0.0	0.000148
119.75	0.0	0.000149
119.875	0.0	0.000149
120.0	0.0	0.00015
120.125	0.0	0.00015
120.25	0.0	0.000151
120.375	0.0	0.000151
120.5	0.0	0.000152
120.625	0.0	0.000152
120.75	0.0	0.000153
120.875	0.0	0.000153
121.0	0.0	0.000154
121.125	0.0	0.000154
121.25	0.0	0.000155
121.375	0.0	0.000155
121.5	0.0	0.000156
121.625	0.0	0.000156
121.75	0.0	0.000157
121.875	0.0	0.000157
122.0	0.0	0.000158
122.125	0.0	0.000158
122.25	0.0	0.000159
