0.0	0.0
0.125	0.0
0.25	0.0
0.375	0.0
0.5	0.0
0.625	0.0
0.75	0.0
0.875	0.0
1.0	0.0
1.125	0.0
1.25	0.0
1.375	0.0
1.5	0.0
1.625	0.0
1.75	0.0
1.875	0.0
2.0	0.0
2.125	0.0
2.25	0.0
2.375	0.0
2.5	0.0
2.625	0.0
2.75	0.0
2.875	0.0
3.0	0.0
3.125	0.22764926716989906
3.25	0.2597049236302863
3.375	0.2919627733344287
3.5	0.3241529193914051
3.625	0.35597709611602146
3.75	0.38710971003836175
3.875	0.4171990932359768
4.0	0.4458696815859639
4.125	0.47272444311772976
4.25	0.49734827020027744
4.375	0.5193116224508296
4.5	0.5381751326852693
4.625	0.5534934248596513
4.75	0.5648248316192016
4.875	0.5717312503842159
5.0	0.5737888104587223
5.125	0.5705935137684772
5.25	0.5617685566446349
5.375	0.5469714356904727
5.5	0.5259015470994938
5.625	0.4983073384605517
5.75	0.4639937319304684
5.875	0.42282883644049785
6.0	0.37475068566144865
6.125	0.319772983536133
6.25	0.25799062218214985
6.375	0.1895839249527403
6.5	0.11482241928089426
6.625	0.034067070703310554
6.75	-0.05222816478311792
6.875	-0.14351655229400542
7.0	-0.2391596308904315
7.125	-0.3384301965679657
7.25	-0.44051621470696223
7.375	-0.5445267520811894
7.5	-0.6494988384608814
7.625	-0.7544063461630431
7.75	-0.8581696990768591
7.875	-0.9596674981545422
8.0	-1.057748769767384
8.125	-1.1512469269772752
8.25	-1.2389940414099772
8.375	-1.3198365278253819
8.5	-1.3926507299538315
8.625	-1.4563595355689047
8.75	-1.5099484028419299
8.875	-1.5524819705147792
9.0	-1.5831195324521163
9.125	-1.60113061696894
9.25	-1.605908856557533
9.375	-1.5969854836683648
9.5	-1.5740405499600238
9.625	-1.5369133307702094
9.75	-1.485609929226261
9.875	-1.4203097014012054
10.0	-1.3413684355915667
10.125	-1.249320102428597
10.25	-1.144875023284376
10.375	-1.0289165064334018
10.5	-0.9024936998905093
10.625	-0.7668129826811999
10.75	-0.6232255201547875
10.875	-0.4732136203792065
11.0	-0.3183733533629415
11.125	-0.16039643485677033
11.25	-0.0010486109569648383
11.375	0.15785202840565954
11.5	0.3144598871775479
11.625	0.4669259133513146
11.75	0.6134243914853093
11.875	0.7521779015021643
12.0	0.8814846254540332
12.125	0.9997425807171433
12.25	1.1054759387131572
12.375	1.1973567849045952
12.5	1.2742290435078159
12.625	1.3351259168348997
12.75	1.3792904170205182
12.875	1.406186256802282
13.0	1.4155161801406966
13.125	1.407210872077743
13.25	1.3814672640584464
13.375	1.338730208235489
13.5	1.2796882458305598
13.625	1.2052744127255808
13.75	1.1166528604654495
13.875	1.0152088640357002
14.0	0.9025298615326756
14.125	0.7803877069089266
14.25	0.6507140566310091
14.375	0.5155763476276538
14.5	0.3771484274489553
14.625	0.23768182578020008
14.75	0.09947303333743378
14.875	-0.03516815046334268
15.0	-0.16395296033222923
15.125	-0.2846462900000487
15.25	-0.3951007449488224
15.375	-0.49328821620945734
15.5	-0.577331684309311
15.625	-0.6455337616050482
15.75	-0.6964043739989039
15.875	-0.7286844543854699
16.0	-0.741367838138788
16.125	-0.7337185658995866
16.25	-0.705285647974673
16.375	-0.6559118509164357
16.5	-0.5857451754441023
16.625	-0.49523075350639556
16.75	-0.38511857244252834
16.875	-0.25645164147243005
17.0	-0.11055660758033899
17.125	0.05097153074617321
17.25	0.2262877296599167
17.375	0.4133196521353726
17.5	0.6097929351620769
17.625	0.813260196121908
17.75	1.0211318486261372
17.875	1.23070978294259
18.0	1.4392219965847066
18.125	1.6438590970537128
18.25	1.8418107971249216
18.375	2.030303229009273
18.5	2.206635255484831
18.625	2.3682145460940385
18.75	2.51259167827405
18.875	2.6374930089357163
19.0	2.7408506813028013
19.125	2.8208305221758856
19.25	2.8758563197752216
19.375	2.9046312743071248
19.5	2.9061552528008563
19.625	2.8797386985880946
19.75	2.825011978868173
19.875	2.7419310933011802
20.0	2.63077868315066
20.125	2.4921613435147494
20.25	2.32700233178365
20.375	2.136530754183248
20.5	1.922266468173882
20.625	1.6860018547328615
20.75	1.4297798279467806
20.875	1.1558692948875082
21.0	0.8667375427829211
21.125	0.5650208072277078
21.25	0.25349258403541336
21.375	-0.06496904250290346
21.5	-0.3874154333522293
21.625	-0.7108615222946223
21.75	-1.0323203845474818
21.875	-1.3488370077768201
22.0	-1.6575216069096996
22.125	-1.9555812983166738
22.25	-2.240350494698681
22.375	-2.509318909905035
22.5	-2.7601575775081004
22.625	-2.9907418636218197
22.75	-3.199171937512763
22.875	-3.38378978475929
23.0	-3.543193298553684
23.125	-3.6762466458751457
23.25	-3.7820875229416844
23.375	-3.860130610773967
23.5	-3.910067925134151
23.625	-3.9318654823526185
23.75	-3.92575705065242
23.875	-3.892234510509026
24.0	-3.8320356594299603
24.125	-3.7461290734523374
24.25	-3.6356969126396375
24.375	-3.502115354629014
24.5	-3.3469335782041334
24.625	-3.1718510330062446
24.75	-2.9786928200238183
24.875	-2.7693893608696367
25.0	-2.545945871357022
25.125	-2.310421219895371
25.25	-2.0649027448734896
25.375	-1.8114823373665605
25.5	-1.5522337585877823
25.625	-1.2891909278523406
25.75	-1.0243279845712439
25.875	-0.7595408151471431
26.0	-0.49663077579864734
26.125	-0.23729024575157384
26.25	0.01690933925255405
26.375	0.26452740230002914
26.5	0.5042615247275829
26.625	0.7349526249452154
26.75	0.9555875365492099
26.875	1.1652995451214243
27.0	1.3633664832785528
27.125	1.5492070010220627
27.25	1.722374681562011
27.375	1.8825506670757688
27.5	2.029534522674678
27.625	2.1632340371124013
27.75	2.283653731465941
27.875	2.3908827928581067
28.0	2.485082230586867
28.125	2.5664719735254593
28.25	2.6353177148178655
28.375	2.6919182076325368
28.5	2.736592809576062
28.625	2.7696699484103378
28.75	2.791476282564643
28.875	2.8023271837883708
29.0	2.802518277935522
29.125	2.7923186144241647
29.25	2.7719651525243014
29.375	2.7416590700472177
29.5	2.7015635280301176
29.625	2.651803327648387
29.75	2.5924660356254257
29.875	2.5236049446869475
30.0	2.4452433893097
30.125	2.3573807172945287
30.25	2.259999386634768
30.375	2.153073429629299
30.5	2.0365777117497403
30.625	1.91049817936802
30.75	1.7748424937191616
30.875	1.6296512107442942
31.0	1.4750088881491212
31.125	1.3110552600776268
31.25	1.1379958601909215
31.375	0.9561122304385286
31.5	0.7657711117097452
31.625	0.5674327666216579
31.75	0.36165786144485085
31.875	0.14911308545587726
32.0	-0.06942502052564872
32.125	-0.2930678069585133
32.25	-0.5208143016348785
32.375	-0.7515527679363682
32.5	-0.9840644422494582
32.625	-1.2170291208944386
32.75	-1.4490329336724417
32.875	-1.678577912552798
33.0	-1.9040936217692312
33.125	-2.1239503968461917
33.25	-2.3364743910713046
33.375	-2.5399639208081135
33.5	-2.732707247437885
33.625	-2.913001239869389
33.75	-3.0791710052869674
33.875	-3.2295898966217376
34.0	-3.3626999479165147
34.125	-3.4770321252764944
34.25	-3.571226423948525
34.375	-3.6440511949150816
34.5	-3.6944217281444347
34.625	-3.7214174889372535
34.75	-3.7242980487004957
34.875	-3.702517136859362
35.0	-3.655734886354159
35.125	-3.5838277457545615
35.25	-3.4868961768124866
35.375	-3.365269670721879
35.5	-3.2195092609498723
35.625	-3.05040713705866
35.75	-2.8589836057180795
35.875	-2.6464810816962636
36.0	-2.414355428676308
36.125	-2.1642644140762815
36.25	-1.898053672319836
36.375	-1.6177400206910684
36.5	-1.3254925932756934
36.625	-1.0236117111833765
36.75	-0.714506017692119
36.875	-0.4006678604670813
37.0	-0.08464750072610441
37.125	0.23097381834816327
37.25	0.5436113281268466
37.375	0.8507046503274232
37.5	1.1497455381371617
37.625	1.4383053625135347
37.75	1.7140617109905711
37.875	1.9748240242210156
38.0	2.2185576587157914
38.125	2.4434063261716097
38.25	2.647712338167439
38.375	2.830034650315065
38.5	2.989164192355918
38.625	3.124136538184427
38.75	3.2342414745608226
38.875	3.319029595285094
39.0	3.378315562699475
39.125	3.4121782448770746
39.25	3.4209574598845496
39.375	3.405247621180578
39.5	3.3658881066104627
39.625	3.3039507298919513
39.75	3.220724224640755
39.875	3.1176961987773244
40.0	2.9965325485497423
40.125	2.859054858322783
40.25	2.7072158416445053
40.375	2.5430734032073357
40.5	2.3687634267531914
40.625	2.186471903766793
40.75	1.9984065378958582
40.875	1.8067684545500118
41.0	1.6137241590525508
41.125	1.421378365583241
41.25	1.2317478266959951
41.375	1.046736756682508
41.5	0.8681139436663986
41.625	0.697492094334032
41.75	0.5363094519639984
41.875	0.3858141644850591
42.0	0.24705137283511278
42.125	0.1208534150451667
42.25	0.007833033924457606
42.375	-0.09162010709050816
42.5	-0.1773398015238957
42.625	-0.2493803615342631
42.75	-0.3080106564248012
42.875	-0.35370501267443705
43.0	-0.3871313554963762
43.125	-0.4091365639520874
43.25	-0.42072949760464007
43.375	-0.42306174222583615
43.5	-0.4174065963735511
43.625	-0.40513640549480145
43.75	-0.38769881101920733
43.875	-0.36659206037413894
44.0	-0.34333996990440846
44.125	-0.319466703718787
44.25	-0.2964719621824255
44.375	-0.2758067370310757
44.5	-0.25885020554197335
44.625	-0.2468878920443412
44.75	-0.2410916261112684
44.875	-0.24250137629550012
45.0	-0.2520086912003033
45.125	-0.2703469065804356
45.25	-0.2980730676219575
45.375	-0.33556723202673494
45.5	-0.38302372135643303
45.625	-0.4404496048743243
45.75	-0.5076654770582048
45.875	-0.5843090179970548
46.0	-0.6698414521984815
46.125	-0.7635565734505182
46.25	-0.8645923655438154
46.375	-0.9719448095619431
46.5	-1.084483833867202
46.625	-1.200970934964059
46.75	-1.3200783683143176
46.875	-1.4404093932357946
47.0	-1.5605194340071065
47.125	-1.6789376185641252
47.25	-1.7941885421907495
47.375	-1.9048137175454474
47.5	-2.009392566576008
47.625	-2.106562438189889
47.75	-2.1950375373525386
47.875	-2.2736262929251883
48.0	-2.341247099627371
48.125	-2.396942022739515
48.25	-2.4398884665472957
48.375	-2.4694084700538474
48.5	-2.4849757077372
48.625	-2.4862199422454467
48.75	-2.4729290892739617
48.875	-2.4450487276511472
49.0	-2.4026792972253004
49.125	-2.346070900653301
49.25	-2.2756160281684625
49.375	-2.1918401958825933
49.5	-2.0953908820429312
49.625	-1.9870248127285914
49.75	-1.8675940311615442
49.875	-1.7380308456124502
50.0	-1.5993321209330023
50.125	-1.4525430321065047
50.25	-1.2987407548598806
50.375	-1.1390182138423255
50.5	-0.9744683521169193
50.625	-0.8061690235795808
50.75	-0.6351689404859227
50.875	-0.46247473956901136
51.0	-0.2890395495455657
51.125	-0.11575306921509176
51.25	0.05656652457621305
51.375	0.22717889614009779
51.5	0.39542585109330375
51.625	0.5607337477037571
51.75	0.722613850543038
51.875	0.8806608315133116
52.0	1.0345493255112619
52.125	1.1840288167606332
52.25	1.3289168327438143
52.375	1.4690907837870317
52.5	1.6044784836259183
52.625	1.7350477376931557
52.75	1.8607950776478355
52.875	1.9817340608367362
53.0	2.09788323837915
53.125	2.2092542235862576
53.25	2.315839970032043
53.375	2.4176036842373065
53.5	2.514468468212273
53.625	2.6063080908387732
53.75	2.6929389507820294
53.875	2.7741135865603765
54.0	2.8495157478922453
54.125	2.9187573262525253
54.25	2.9813770977047396
54.375	3.036841507872638
54.5	3.0845473829203582
54.625	3.1238267225903242
54.75	3.1539533866622476
54.875	3.174151756281659
55.0	3.183607110705446
55.125	3.181477730480107
55.25	3.166908403302301
55.375	3.1390452819330794
55.5	3.097051716975569
55.625	3.0401249650224336
55.75	2.967513355979933
55.875	2.878533787101246
56.0	2.77258910557078
56.125	2.649185232140972
56.25	2.507947584211416
56.375	2.3486366546444635
56.5	2.171162320047734
56.625	1.975596757113988
56.75	1.7621855739744787
56.875	1.5313570744802063
57.0	1.2837293114652994
57.125	1.0201149007459742
57.25	0.7415233139114853
57.375	0.4491606866421397
57.5	0.14442693179773078
57.625	-0.171089733870124
57.75	-0.4956209839936976
57.875	-0.8272291141260356
58.0	-1.1638203685162383
58.125	-1.503160605253684
58.25	-1.8428932850689472
58.375	-2.180559459829968
58.5	-2.5136196814179077
58.625	-2.8394774498828057
58.75	-3.155504068655493
58.875	-3.459064481798098
59.0	-3.7475439227372584
59.125	-4.018374921221545
59.25	-4.269064476192298
59.375	-4.497220930269219
59.5	-4.700580349391423
59.625	-4.8770319500015615
59.75	-5.0246423907931135
59.875	-5.141678495343725
60.0	-5.226628252797568
60.125	-5.278219702674499
60.25	-5.295437595904493
60.375	-5.2775374914602455
60.5	-5.22405723776438
60.625	-5.134825562098919
60.75	-5.00996778314906
60.875	-4.84990844082544
61.0	-4.655370929648244
61.125	-4.427374004004261
61.25	-4.1672253140227244
61.375	-3.8765119138932786
61.5	-3.55708797127526
61.625	-3.211059688698471
61.75	-2.840767729305757
61.875	-2.4487672190254934
62.0	-2.0378056718033704
62.125	-1.6107989603342987
62.25	-1.1708057211484866
62.375	-0.7210003537217226
62.5	-0.26464503071648815
62.625	0.19493909839363024
62.75	0.6544010800448135
62.875	1.1103895161577555
63.0	1.5595816824923705
63.125	1.9987122242507367
63.25	2.424601901836082
63.375	2.834180039587458
63.5	3.2245188604513175
63.625	3.5928486427612767
63.75	3.9365842997286555
63.875	4.253344738534375
64.0	4.5409708990584
64.125	4.797541561214212
64.25	5.021386689879509
64.375	5.211098347287083
64.5	5.3655390014932
64.625	5.483847318944289
64.75	5.5654413290384595
64.875	5.610019104990816
65.0	5.617556904826697
65.125	5.58830496837073
65.25	5.522780963954311
65.375	5.421761325080228
65.5	5.286270512428194
65.625	5.117568476692842
65.75	4.917136389432224
65.875	4.686660942242123
66.0	4.428017302381958
66.125	4.143251038920403
66.25	3.834559117326436
66.375	3.504270279290777
66.5	3.154824904718534
66.625	2.788754665035591
66.75	2.4086620539524266
66.875	2.017200088071291
67.0	1.6170522443608952
67.125	1.2109129027196956
67.25	0.801468335097876
67.375	0.3913784798590507
67.5	-0.01674048699385137
67.625	-0.42033257775002775
67.75	-0.8169174363483251
67.875	-1.2041046268099407
68.0	-1.5796068187639833
68.125	-1.9412517301566152
68.25	-2.2869929087700527
68.375	-2.614919242049209
68.5	-2.923263302655754
68.625	-3.210408444145138
68.75	-3.474894774910233
68.875	-3.7154239441566035
69.0	-3.9308628829368986
69.125	-4.120246447334949
69.25	-4.282779115612389
69.375	-4.417835693686732
69.5	-4.524961183684713
69.625	-4.603869771651494
69.75	-4.65444308693692
69.875	-4.676727686386958
70.0	-4.670931909565385
70.125	-4.637422051748933
70.25	-4.576717991907351
70.375	-4.489488214042784
70.5	-4.376544348878694
70.625	-4.238835165458355
70.75	-4.077440129747165
70.875	-3.893562452035463
71.0	-3.6885217320926325
71.125	-3.4637461184836082
71.25	-3.220764085807581
71.375	-2.9611957443084522
71.5	-2.6867437842464987
71.625	-2.3991839716161025
71.75	-2.1003553005089364
71.875	-1.7921497251738099
72.0	-1.476501584264826
72.125	-1.1553766508908405
72.25	-0.830760931960805
72.375	-0.5046491643925387
72.5	-0.17903314556855546
72.625	0.1441101381784514
72.75	0.462830432213603
72.875	0.7752162026124182
73.0	1.0794065253143603
73.125	1.3736028786329775
73.25	1.6560806573997746
73.375	1.9252003987767605
73.5	2.1794185282719583
73.625	2.4172976074804375
73.75	2.637515887855745
73.875	2.8388761498293507
74.0	3.0203136343447308
74.125	3.1809030515013332
74.25	3.3198644841624794
74.375	3.436568184936318
74.5	3.5305381036358923
74.625	3.6014541657732093
74.75	3.6491531666339863
74.875	3.67362833140067
75.0	3.6750274404329955
75.125	3.65364960637845
75.25	3.609940642029136
75.375	3.5444871458273455
75.5	3.458009286353029
75.625	3.3513524539813533
75.75	3.2254778028117523
75.875	3.0814518899041135
76.0	2.920435472376586
76.125	2.7436717020473873
76.25	2.552473807536544
76.375	2.3482125262544473
76.5	2.1323033939344875
76.625	1.9061941637234867
76.75	1.6713524657255319
76.875	1.4292539730341391
77.0	1.1813711720476532
77.125	0.9291629803826452
77.25	0.674065280305656
77.375	0.4174825719093136
77.5	0.16078076853472495
77.625	-0.0947187146725213
77.75	-0.3477436145175584
77.875	-0.5970741286263282
78.0	-0.8415449806122567
78.125	-1.08004622287608
78.25	-1.3115229455602584
78.375	-1.5349739396275148
78.5	-1.7494495443795708
78.625	-1.9540487847345018
78.75	-2.147916077399245
78.875	-2.330237652052733
79.0	-2.5002379956322582
79.125	-2.657176483793039
79.25	-2.80034451125381
79.375	-2.9290632757682564
79.5	-3.0426825025030078
79.625	-3.1405802251272186
79.75	-3.222163856628441
79.875	-3.2868725999827237
80.0	-3.3341813521609907
80.125	-3.3636060624671593
80.25	-3.3747105998621127
80.375	-3.3671149862445082
80.5	-3.340504941731346
80.625	-3.2946424907564187
80.75	-3.229377468402401
80.875	-3.1446595759809326
81.0	-3.0405507334909947
81.125	-2.9172372993904636
81.25	-2.775041840877296
81.375	-2.6144339795132634
81.5	-2.4360399689114884
81.625	-2.2406504301959442
81.75	-2.0292265897585327
81.875	-1.802902576867226
82.0	-1.5629868685558703
82.125	-1.3109591918111052
82.25	-1.0484647438187624
82.375	-0.7773048489350767
82.5	-0.4994241497346701
82.625	-0.2168942828301186
82.75	0.06810578696404511
82.875	0.35331264519599814
83.0	0.6364041673089826
83.125	0.9150278150850257
83.25	1.1868309728773694
83.375	1.4494928670212743
83.5	1.7007574179432488
83.625	1.938466456692654
83.75	2.160592570949381
83.875	2.3652709563816217
84.0	2.550829515309284
84.125	2.7158165881128755
84.25	2.859025603981869
84.375	2.979516114298483
84.5	3.076630606841157
84.625	3.1500067057476846
84.75	3.1995843257960415
84.875	3.225607579703271
85.0	3.2286212212512306
85.125	3.2094616510455998
85.25	3.1692425056682043
85.375	3.10933509743652
85.5	3.031343963866295
85.625	2.937078022814638
85.75	2.828517807208128
85.875	2.707779469243476
86.0	2.577076197388887
86.125	2.4386778752379907
86.25	2.2948697322127565
86.375	2.147910885222651
86.5	1.9999935542270717
86.625	1.8532038444928745
86.75	1.7094848343533404
86.875	1.5706027791646964
87.0	1.438117053549427
87.125	1.313354493038638
87.25	1.1973885797189618
87.375	1.091023930898559
87.5	0.9947863148471081
87.625	0.908918417929742
87.75	0.833381345140342
87.875	0.7678618336836944
88.0	0.7117849211179021
88.125	0.6643318159330173
88.25	0.6244624952304658
88.375	0.5909425792536729
88.5	0.5623738331331323
88.625	0.5372276977245154
88.75	0.5138810820886465
88.875	0.49065373286938463
89.0	0.465846359647768
89.125	0.4377788107733591
89.25	0.40482749099228166
89.375	0.3654613586861305
89.5	0.3182757671868721
89.625	0.26202358778773055
89.75	0.19564300291854528
89.875	0.11828155124423373
90.0	0.029315974132603256
90.125	-0.07163238146252324
90.25	-0.1846868723556428
90.375	-0.30970963972274096
90.5	-0.4463005432579106
90.625	-0.5938008253802025
90.75	-0.7513014124106332
90.875	-0.9176555643979316
91.0	-1.091495628942604
91.125	-1.2712534749220832
91.25	-1.4551842433063025
91.375	-1.641392891929143
91.5	-1.8278630924379602
91.625	-2.012487897838378
91.75	-2.1931017010474214
91.875	-2.367512885175322
92.0	-2.5335366877879437
92.125	-2.6890276998944445
92.25	-2.8319115590348254
92.375	-2.960215309452583
92.5	-3.072096054703803
92.625	-3.165867452996995
92.75	-3.2400237677958814
92.875	-3.293261118403576
93.0	-3.3244957433842983
93.125	-3.332879025078592
93.25	-3.317809193755836
93.375	-3.2789395648790927
93.5	-3.216183332111443
93.625	-3.129714870020888
93.75	-3.0199676657965173
93.875	-2.8876289245341855
94.0	-2.733631052230834
94.125	-2.5591401379960237
94.25	-2.3655417095040967
94.375	-2.154423944063982
94.5	-1.9275586624697563
94.625	-1.686880331572667
94.75	-1.4344634384521715
94.875	-1.1724984881854161
95.0	-0.9032670066237589
95.125	-0.6291158093497202
95.25	-0.3524309205308528
95.375	-0.07561139637679642
95.5	0.19895657550367354
95.625	0.4689250665524269
95.75	0.7320089414940213
95.875	0.9860093344053082
96.0	1.228835756589734
96.125	1.4585266763761549
96.25	1.6732683052192248
96.375	1.8714114796523293
96.5	2.0514864238978445
96.625	2.212215337065458
96.75	2.3525226437469806
96.875	2.4715429088325602
97.0	2.568626310505579
97.125	2.6433417292553045
97.25	2.6954774007944793
97.375	2.7250392455597128
97.5	2.7322468731587803
97.625	2.7175274249759767
97.75	2.6815072982895582
97.875	2.6250019594466956
98.0	2.549003927190842
98.125	2.454669170238757
98.25	2.343302029274205
98.375	2.2163389350169567
98.5	2.075331051922327
98.625	1.9219261369635712
98.75	1.7578497521903804
98.875	1.5848861282322106
99.0	1.404858816235754
99.125	1.2196114232135589
99.25	1.0309893559039285
99.375	0.8408176377226223
99.5	0.650889063791799
99.625	0.46294253356303194
99.75	0.27864816565130934
99.875	0.09959231802083207
100.0	-0.07273504840470035
100.125	-0.23695699677991383
100.25	-0.3918143837918761
100.375	-0.5361790093011943
100.5	-0.6690604480356125
100.625	-0.7896120795180019
100.75	-0.8971345738517174
100.875	-0.9910824280759103
101.0	-1.0710590532174922
101.125	-1.1368203516992104
101.25	-1.1882715554974246
101.375	-1.2254635953329156
101.5	-1.2485881181500607
101.625	-1.257971136421724
101.75	-1.254065532862794
101.875	-1.237442420409288
102.0	-1.208781604128088
102.125	-1.1688611540833338
102.25	-1.1185463525261958
102.375	-1.058776953810541
102.5	-0.9905593112257045
102.625	-0.9149480589851374
102.75	-0.8330375377476849
102.875	-0.7459484076909921
103.0	-0.654815392050832
103.125	-0.5607752061924234
103.25	-0.4649549439923013
103.375	-0.3684608709859012
103.5	-0.27236788750217567
103.625	-0.1777095824531948
103.75	-0.0854691304799935
103.875	0.0034290791096820428
104.0	0.08812684005375704
104.125	0.1678386997272665
104.25	0.24185747147071135
104.375	0.3095591167451648
104.5	0.370405054519221
104.625	0.42394727667138155
104.75	0.4698274525949448
104.875	0.5077788785123757
105.0	0.5376258949850911
105.125	0.5592827857488342
105.25	0.5727516902882019
105.375	0.5781198602370499
105.5	0.5755560263339544
105.625	0.5653062430042174
105.75	0.5476889584205012
105.875	0.5230897150569936
106.0	0.49195520113864893
106.125	0.4547870981515971
106.25	0.41213540750187894
106.375	0.36459174572141106
106.5	0.312782242396917
106.625	0.25736058126153105
106.75	0.1990007555767799
106.875	0.13839014008951733
107.0	0.07622236953509165
107.125	0.013190704675595077
107.25	-0.05001872997912293
107.375	-0.11273305050332172
107.5	-0.17429881776627476
107.625	-0.23408740652059268
107.75	-0.29150049700382397
107.875	-0.3459745289977941
108.0	-0.39698537928569466
108.125	-0.4440517257685332
108.25	-0.4867388794307911
108.375	-0.5246607904573191
108.5	-0.5574830980610704
108.625	-0.5849238746728757
108.75	-0.606782940258129
108.875	-0.6229202409421936
109.0	-0.6332513294962024
109.125	-0.6377475402266674
109.25	-0.6364339509844347
109.375	-0.629388374281543
109.5	-0.6167388331440083
109.625	-0.5986616178944157
109.75	-0.5753781866578286
109.875	-0.5471524790081256
110.0	-0.5142873082640389
110.125	-0.47712110261162805
110.25	-0.43602390329665436
110.375	-0.39139369689849
110.5	-0.3436521517079507
110.625	-0.2932406997769362
110.75	-0.24061614939735046
110.875	-0.1862466688869305
111.0	-0.13060741125258873
111.125	-0.07417654240441816
111.25	-0.017431007027625275
111.375	0.03915726805170023
111.5	0.09512534875451452
111.625	0.15002279891120165
111.75	0.20341529187368423
111.875	0.2548877243070261
112.0	0.30404737673012805
112.125	0.35052655399351335
112.25	0.39398522477320097
112.375	0.4341131257804329
112.5	0.47063182903081474
112.625	0.5032962663554968
112.75	0.531896192488545
112.875	0.5562571060243823
113.0	0.576241095497448
113.125	0.5917471520962648
113.25	0.6027114044775417
113.375	0.6091068368686892
113.5	0.610942935925725
113.625	0.6082648449313309
113.75	0.6011524621751041
113.875	0.5897190774154026
114.0	0.5741099756747311
114.125	0.5545006156552984
114.25	0.5310948051917563
114.375	0.5041224926116831
114.5	0.47383759011366733
114.625	0.4405154579183369
114.75	0.40445045933988943
114.875	0.3659532238131778
115.0	0.3253480222623167
115.125	0.2829698986114279
115.25	0.23916195615584654
115.375	0.1942724479357528
115.5	0.14865206418464413
115.625	0.10265107000793638
115.75	0.05661668069740659
115.875	0.010890330625645933
116.0	-0.03419478257385904
116.125	-0.07831622092101785
116.25	-0.12116452011248348
116.375	-0.16244543634958558
116.5	-0.2018818556909294
116.625	-0.23921570780244839
116.75	-0.2742095194596282
116.875	-0.30664795057840827
117.0	-0.336338953621722
117.125	-0.36311490064780416
117.25	-0.38683332411580895
117.375	-0.4073776176479216
117.5	-0.4246573478179338
117.625	-0.4386085254046873
117.75	-0.4491934917272215
117.875	-0.45640077091095504
118.0	-0.4602445477525584
118.125	0.0
118.25	0.0
118.375	0.0
118.5	0.0
118.625	0.0
118.75	0.0
118.875	0.0
119.0	0.0
119.125	0.0
119.25	0.0
119.375	0.0
119.5	0.0
119.625	0.0
119.75	0.0
119.875	0.0
120.0	0.0
120.125	0.0
120.25	0.0
120.375	0.0
120.5	0.0
120.625	0.0
120.75	0.0
120.875	0.0
121.0	0.0
121.125	0.0
121.25	0.0
121.375	0.0
121.5	0.0
121.625	0.0
121.75	0.0
121.875	0.0
122.0	0.0
122.125	0.0
122.25	0.0
122.375	0.0
