0.0	0.006101416847119935
0.0019540791402051783	0.011013645179014753
0.0039081582804103565	0.008302093231053808
0.005862237420615535	0.016877064371314983
0.007816316560820713	0.014946000758381444
0.009770395701025891	0.05114501707502449
0.01172447484123107	0.05105300207931215
0.013678553981436248	0.014935797844418196
0.015632633121641426	0.01571412355648023
0.017586712261846604	0.00683842807105896
0.019540791402051783	0.015383691665037329
0.02149487054225696	0.016792266514993392
0.02344894968246214	0.010956316628434925
0.025403028822667317	0.0038605674407434123
0.027357107962872496	0.021312874513992112
0.029311187103077674	0.031051591127018413
0.03126526624328285	0.022115912131612677
0.03321934538348803	0.008633634288524613
0.03517342452369321	0.009425314540593177
0.03712750366389839	0.005251191306067342
0.039081582804103565	0.004690774106307837
0.04103566194430874	0.008889716071532846
0.04298974108451392	0.008967187079807025
0.0449438202247191	0.004499816449005396
0.04689789936492428	0.0062885863854778784
0.048851978505129456	0.012598820144495922
0.050806057645334635	0.008522617290990357
0.05276013678553981	0.006509232344585878
0.05471421592574499	0.005703419698633084
0.05666829506595017	0.010928217821814709
0.05862237420615535	0.009680706079262216
0.060576453346360526	0.003830096782541581
0.0625305324865657	0.00818032958663085
0.06448461162677088	0.0072162073206879585
0.06643869076697606	0.0093638606107878
0.06839276990718124	0.01268474538011741
0.07034684904738642	0.007926637472096857
0.0723009281875916	0.013849636035891292
0.07425500732779677	0.017730473095410003
0.07620908646800195	0.007052972691369133
0.07816316560820713	0.005832123380755278
0.08011724474841231	0.00990313323707291
0.08207132388861749	0.008742028539043904
0.08402540302882266	0.010310350182362253
0.08597948216902784	0.014339017112689688
0.08793356130923302	0.014893279981189216
0.0898876404494382	0.007826007871757329
0.09184171958964338	0.002596043408684402
0.09379579872984856	0.009160578134654073
0.09574987787005373	0.014664999282923268
0.09770395701025891	0.01444069179184219
0.09965803615046409	0.006741817617360375
0.10161211529066927	0.0045823861537280216
0.10356619443087445	0.010959759368346794
0.10552027357107963	0.008742808261160168
0.1074743527112848	0.013384305805652773
0.10942843185148998	0.022123103493917703
0.11138251099169516	0.012889936904042169
0.11333659013190034	0.00324751030405338
0.11529066927210552	0.00876149926629868
0.1172447484123107	0.008318847371831936
0.11919882755251587	0.008964059517457976
0.12115290669272105	0.013781038455713901
0.12310698583292623	0.007121014928177786
0.1250610649731314	0.010866954719582623
0.1270151441133366	0.01985174754346469
0.12896922325354176	0.013916916331740345
0.13092330239374694	0.003570368258519381
0.13287738153395212	0.0018281173033688678
0.1348314606741573	0.0033758920246948322
0.13678553981436248	0.004448374533657822
0.13873961895456766	0.007339795110050334
0.14069369809477283	0.01046925441172591
0.142647777234978	0.007490542292714784
0.1446018563751832	0.0017819455735144465
0.14655593551538837	0.006155184699064395
0.14851001465559355	0.007531800050335495
0.15046409379579873	0.009998521268984773
0.1524181729360039	0.007938058911399992
0.15437225207620908	0.0016385577882574837
0.15632633121641426	0.004706936196550777
0.15828041035661944	0.007469378596355922
0.16023448949682462	0.006473670327491166
0.1621885686370298	0.004462131060973326
0.16414264777723497	0.0049234601372155585
0.16609672691744015	0.00305936912296964
0.16805080605764533	0.006679834780191202
0.1700048851978505	0.016162132969455435
0.1719589643380557	0.014569620122140595
0.17391304347826086	0.005394895924040541
0.17586712261846604	0.012561301835011815
0.17782120175867122	0.013728718620414233
0.1797752808988764	0.005937266402847467
0.18172936003908158	0.006079020751472535
0.18368343917928676	0.00781015621900586
0.18563751831949193	0.002642999598218186
0.1875915974596971	0.00432028945751455
0.1895456765999023	0.004465231801264784
0.19149975574010747	0.004819174606767064
0.19345383488031265	0.011818263266002608
0.19540791402051783	0.009891766221658368
0.197361993160723	0.007391488951502049
0.19931607230092818	0.011212321258187476
0.20127015144113336	0.006027838221090433
0.20322423058133854	0.01280928890551914
0.20517830972154372	0.01622115131450593
0.2071323888617489	0.024870382859166113
0.20908646800195407	0.02658802406493865
0.21104054714215925	0.012040281733694288
0.21299462628236443	0.009188878486431327
0.2149487054225696	0.007334939345279427
0.2169027845627748	0.00801848896112383
0.21885686370297996	0.011249917504270821
0.22081094284318514	0.009755690786197672
0.22276502198339032	0.005203136436784241
0.2247191011235955	0.01400992625816167
0.22667318026380068	0.018015182571180684
0.22862725940400586	0.010484917376340724
0.23058133854421103	0.0067373697838234515
0.2325354176844162	0.009142343457066313
0.2344894968246214	0.005814703564815894
0.23644357596482657	0.003953818559829579
0.23839765510503175	0.0016384947626642216
0.24035173424523693	0.009148795293105857
0.2423058133854421	0.013153299761219676
0.24425989252564728	0.00561323731983736
0.24621397166585246	0.004751123598654141
0.24816805080605764	0.0065987432679350325
0.2501221299462628	0.005290964235951312
0.252076209086468	0.007826356358002162
0.2540302882266732	0.01608892244749941
0.25598436736687835	0.013444553870620626
0.25793844650708353	0.0033713270891257176
0.2598925256472887	0.00124462743432279
0.2618466047874939	0.004212089657369044
0.26380068392769906	0.005151356587551989
0.26575476306790424	0.0031242054334585014
0.2677088422081094	0.007796719985349802
0.2696629213483146	0.006354507178605089
0.2716170004885198	0.004476325093430191
0.27357107962872496	0.004572070668959825
0.27552515876893013	0.0018069859840639214
0.2774792379091353	0.0017943246043615358
0.2794333170493405	0.001578293775722738
0.28138739618954567	0.000767061745840943
0.28334147532975085	0.0010675922796537364
0.285295554469956	0.0008113804792588115
0.2872496336101612	0.0023384460568021278
0.2892037127503664	0.002101338864993697
0.29115779189057156	0.0011488503599706554
0.29311187103077674	0.0006430993102125113
0.2950659501709819	0.001392776334495841
0.2970200293111871	0.002502948800515606
0.2989741084513923	0.0020953770514993133
0.30092818759159745	0.0002653495525501988
0.30288226673180263	0.0029362524452263817
0.3048363458720078	0.003671524515010068
0.306790425012213	0.0009275652213100464
0.30874450415241816	0.002346626253145187
0.31069858329262334	0.0017562800589278325
0.3126526624328285	0.001955832641916275
0.3146067415730337	0.0023602937031078426
0.3165608207132389	0.0012398470637376223
0.31851489985344406	0.0025490939164876953
0.32046897899364923	0.0030870059074388917
0.3224230581338544	0.004367206270442486
0.3243771372740596	0.003255406149868542
0.32633121641426477	0.0025969861622728665
0.32828529555446995	0.0024031096091582924
0.3302393746946751	0.0021887549791189606
0.3321934538348803	0.0041257526907042055
0.3341475329750855	0.0031932313004448074
0.33610161211529066	0.0037484270986183387
0.33805569125549584	0.004710270510993259
0.340009770395701	0.0016064461961592662
0.3419638495359062	0.0020625809622006595
0.3439179286761114	0.0031247181643388115
0.34587200781631655	0.0033261443119807234
0.34782608695652173	0.0019982517022405655
0.3497801660967269	0.0007591957136318629
0.3517342452369321	0.0024038209535364305
0.35368832437713726	0.0026212639800910994
0.35564240351734244	0.0014117727801069373
0.3575964826575476	0.0027645901382832784
0.3595505617977528	0.00490151227401772
0.361504640937958	0.003565053106497116
0.36345872007816316	0.0013044196076680177
0.36541279921836833	0.0021636413267236217
0.3673668783585735	0.0014586049035732434
0.3693209574987787	0.001334677487135779
0.37127503663898387	0.0013625920202333642
0.37322911577918905	0.0008048261346270357
0.3751831949193942	0.0017349294615201462
0.3771372740595994	0.0034971634794387385
0.3790913531998046	0.0027512175121443354
0.38104543234000976	0.0004910276525845653
0.38299951148021494	0.0017745473693365052
0.3849535906204201	0.0004635999529390283
0.3869076697606253	0.0014588173667331196
0.3888617489008305	0.0010970463684240263
0.39081582804103565	0.0014850833175571133
0.39276990718124083	0.0018227035051162283
0.394723986321446	0.000359781697763737
0.3966780654616512	0.0014803327754825389
0.39863214460185636	0.0011497114444831234
0.40058622374206154	0.0008912437738774686
0.4025403028822667	0.0016990973816054446
0.4044943820224719	0.0022970973697427283
0.4064484611626771	0.0031674266588416155
0.40840254030288226	0.002090766677663802
0.41035661944308743	0.0016312220451154815
0.4123106985832926	0.004589942612387584
0.4142647777234978	0.0049118947775943205
0.41621885686370297	0.002823224131887538
0.41817293600390815	0.001119725604699026
0.4201270151441133	0.001883825503933674
0.4220810942843185	0.0016889672340597614
0.4240351734245237	0.0008063948591267127
0.42598925256472886	0.001731694652971619
0.42794333170493404	0.003248347900200443
0.4298974108451392	0.0022252284960166515
0.4318514899853444	0.002847677702488008
0.4338055691255496	0.003758780504878409
0.43575964826575475	0.002728890858844678
0.43771372740595993	0.002980178050800469
0.4396678065461651	0.0015968761253710708
0.4416218856863703	0.0003338150446707858
0.44357596482657546	0.0015103897149598893
0.44553004396678064	0.002827477221404344
0.4474841231069858	0.0010807403537697175
0.449438202247191	0.0021632122425350865
0.4513922813873962	0.002361113826509687
0.45334636052760136	0.001030460152757245
0.45530043966780653	0.003506907616444158
0.4572545188080117	0.0028678044388546417
0.4592085979482169	0.0015405538678495993
0.46116267708842207	0.0011811549385323402
0.46311675622862725	0.001565503512839227
0.4650708353688324	0.0015580412727009378
0.4670249145090376	0.0011074342190146374
0.4689789936492428	0.0022197463473930027
0.47093307278944796	0.002193701449081519
0.47288715192965314	0.0011578373957722677
0.4748412310698583	0.0004815390579940436
0.4767953102100635	0.0012556105289698019
0.4787493893502687	0.0016762284220323217
0.48070346849047385	0.0006037557882180026
0.48265754763067903	0.001866598088763885
0.4846116267708842	0.0029433135374005385
0.4865657059110894	0.0017852250843248848
0.48851978505129456	0.0011333249678320844
0.49047386419149974	0.002551187940696696
0.4924279433317049	0.0014568066328994327
0.4943820224719101	0.0010464346469329592
0.4963361016121153	0.0017957379621650837
0.49829018075232046	0.00023168277690136017
0.5002442598925256	0.001974614027880232
0.5021983390327308	0.0014463764529170113
0.504152418172936	0.001650071407961943
0.5061064973131412	0.00447555655949391
0.5080605764533463	0.004247135014770182
0.5100146555935515	0.0010384031454059707
0.5119687347337567	0.004216493549364902
0.5139228138739619	0.003797211435894747
0.5158768930141671	0.0009516004954616207
0.5178309721543722	0.0038689049170960096
0.5197850512945774	0.0036202791170192724
0.5217391304347826	0.0012227777778092235
0.5236932095749878	0.0016565455031519198
0.525647288715193	0.0024684370241063224
0.5276013678553981	0.0014248593571672445
0.5295554469956033	0.003882502231743785
0.5315095261358085	0.0033097975240307925
0.5334636052760137	0.0026170313977042737
0.5354176844162188	0.0037195248721060463
0.537371763556424	0.002782876347406036
0.5393258426966292	0.0030158081351282133
0.5412799218368344	0.0032170820170880562
0.5432340009770396	0.003123174325441309
0.5451880801172447	0.0014881136348112655
0.5471421592574499	0.001851580694368933
0.5490962383976551	0.0014969564557594781
0.5510503175378603	0.0013632114789358535
0.5530043966780654	0.0028350725869279903
0.5549584758182706	0.0017987880994934683
0.5569125549584758	0.0016298845858612537
0.558866634098681	0.0036334602285884067
0.5608207132388862	0.004015139145387005
0.5627747923790913	0.003595746311783399
0.5647288715192965	0.003861218356526942
0.5666829506595017	0.0021687631680774797
0.5686370297997069	0.0020296371853300217
0.570591108939912	0.0026979259027035984
0.5725451880801172	0.0013938369477445778
0.5744992672203224	0.0009091763737557483
0.5764533463605276	0.0022058513550330876
0.5784074255007328	0.000883317872391816
0.5803615046409379	0.00262709791741308
0.5823155837811431	0.004185123390497947
0.5842696629213483	0.0019198196952944487
0.5862237420615535	0.0019118186621834028
0.5881778212017587	0.003186365148632212
0.5901319003419638	0.0010800528901663375
0.592085979482169	0.0020736251177287156
0.5940400586223742	0.002948055376115601
0.5959941377625794	0.0010905309434942462
0.5979482169027845	0.0008956691396544873
0.5999022960429897	0.0006875360121179589
0.6018563751831949	0.0016895348551720965
0.6038104543234001	0.0033528378238184666
0.6057645334636053	0.0031624900080123013
0.6077186126038104	0.001264792667208702
0.6096726917440156	0.0026851146852444985
0.6116267708842208	0.0028207604494948782
0.613580850024426	0.00123864016142858
0.6155349291646312	0.0032574453919629854
0.6174890083048363	0.0033218752488633585
0.6194430874450415	0.0017717237506826105
0.6213971665852467	0.0014359442415238532
0.6233512457254519	0.0015825404073676718
0.625305324865657	0.001489877482744133
0.6272594040058622	0.0031868088097591362
0.6292134831460674	0.002618618768568491
0.6311675622862726	0.0017999400504741586
0.6331216414264778	0.0030846587137981682
0.6350757205666829	0.0032208524516984228
0.6370297997068881	0.002635903835543239
0.6389838788470933	0.0032850499286629473
0.6409379579872985	0.003612633262945509
0.6428920371275036	0.001481330936973613
0.6448461162677088	0.0016372649737994333
0.646800195407914	0.0019208807450167378
0.6487542745481192	0.0008856632864054416
0.6507083536883244	0.0012787524572124072
0.6526624328285295	0.0011599206358215506
0.6546165119687347	0.001253649382454245
0.6565705911089399	0.0028170289190151293
0.6585246702491451	0.002636378558293477
0.6604787493893503	0.001761269807183012
0.6624328285295554	0.0025878642638509472
0.6643869076697606	0.001586198287109822
0.6663409868099658	0.0010781398562800756
0.668295065950171	0.002160526961459471
0.6702491450903761	0.0018272131235159308
0.6722032242305813	0.0011123211412607731
0.6741573033707865	0.001588092199148393
0.6761113825109917	0.0004561585132785672
0.6780654616511969	0.001985504651881601
0.680019540791402	0.002590596381369278
0.6819736199316072	0.0012937214035484818
0.6839276990718124	0.0016819074278327766
0.6858817782120176	0.001496099118000655
0.6878358573522227	2.4890400225233885e-5
0.6897899364924279	0.0015641530318228581
0.6917440156326331	0.0019412195878851155
0.6936980947728383	0.0009300641100123649
0.6956521739130435	0.0003163791227113767
0.6976062530532486	0.0005800553044810415
0.6995603321934538	0.0002452348345649306
0.701514411333659	0.0012523117432733577
0.7034684904738642	0.0015099409957263121
0.7054225696140694	0.0005680251015537425
0.7073766487542745	0.0010229244042313746
0.7093307278944797	0.0010033676429277547
0.7112848070346849	0.00042996269994265065
0.7132388861748901	0.0012997406411038492
0.7151929653150952	0.0012720071426659558
0.7171470444553004	0.0007905284072968551
0.7191011235955056	0.00031774947676614965
0.7210552027357108	0.0008630022868564873
0.723009281875916	0.000619495297990438
0.7249633610161211	0.0004591587436564691
0.7269174401563263	0.00043566842324292346
0.7288715192965315	0.0004155929113188668
0.7308255984367367	0.0009007684904088565
0.7327796775769418	0.0011966702245553805
0.734733756717147	0.0009268373687574035
0.7366878358573522	0.0008528713235593524
0.7386419149975574	0.000893473828223842
0.7405959941377626	0.0008858336359222566
0.7425500732779677	0.0012115963997623267
0.7445041524181729	0.0009869336089241678
0.7464582315583781	0.0006645009139539715
0.7484123106985833	0.00048826097062916056
0.7503663898387885	0.0003389300959498134
0.7523204689789936	0.00050548681190163
0.7542745481191988	0.0008001688380244803
0.756228627259404	0.0006669118440713306
0.7581827063996092	0.0008257848085356783
0.7601367855398143	0.0008273617158750537
0.7620908646800195	0.0005535801886224135
0.7640449438202247	0.00031658442712263
0.7659990229604299	0.0009183570168081573
0.767953102100635	0.0009597371410868381
0.7699071812408402	0.0004455595010297874
0.7718612603810454	0.0006418729685933058
0.7738153395212506	0.0003091373429803755
0.7757694186614558	0.000665754937994264
0.777723497801661	0.0006872953684942733
0.7796775769418661	0.000525925959746845
0.7816316560820713	0.00017330619900226342
0.7835857352222765	0.0003474454688013063
0.7855398143624817	0.00018308715568208814
0.7874938935026868	0.00032254270562655436
0.789447972642892	0.0005396720531430494
0.7914020517830972	0.0004310935863984798
0.7933561309233024	0.00027346850205129384
0.7953102100635075	0.00019288861442627285
0.7972642892037127	0.00029114455385483457
0.7992183683439179	0.00014527460922897795
0.8011724474841231	0.00030093007860429894
0.8031265266243283	0.00036528174195614904
0.8050806057645334	6.614997895313215e-5
0.8070346849047386	0.00017801905491173615
0.8089887640449438	0.00021921386767177745
0.810942843185149	0.00040076858224697955
0.8128969223253542	8.746324651999279e-5
0.8148510014655593	0.00026242946235741804
0.8168050806057645	0.00028942341580140196
0.8187591597459697	0.0002873583100659696
0.8207132388861749	0.00012579718352500447
0.82266731802638	0.00020443820599948297
0.8246213971665852	0.00024144260350612433
0.8265754763067904	0.00017506212813966291
0.8285295554469956	0.00014107856423165095
0.8304836345872008	0.0003197903664830224
0.8324377137274059	0.0002482180258715225
0.8343917928676111	0.00028026648537809865
0.8363458720078163	0.00016876547432665627
0.8382999511480215	0.00021477531296721793
0.8402540302882266	0.0003880826243526626
0.8422081094284318	0.00042393375525134864
0.844162188568637	0.00010235182056736241
0.8461162677088422	0.0002918866048329368
0.8480703468490474	0.0002847103648441618
0.8500244259892525	9.329292107872535e-5
0.8519785051294577	0.00025440434851956077
0.8539325842696629	5.111317799024253e-5
0.8558866634098681	0.00022288862059058432
0.8578407425500733	0.0001684116788584678
0.8597948216902784	0.000202172883013406
0.8617489008304836	0.00019739405728111408
0.8637029799706888	0.00033093064166579754
0.865657059110894	0.00026423082469903997
0.8676111382510991	0.0003756757546423155
0.8695652173913043	0.00039697762516074833
0.8715192965315095	8.68261455798081e-5
0.8734733756717147	0.00010515887912828693
0.8754274548119199	0.0001554772657737147
0.877381533952125	0.0002542960612761672
0.8793356130923302	0.00029980386360308614
0.8812896922325354	0.000356123354563548
0.8832437713727406	0.0001048642851630188
0.8851978505129457	0.0003582366064930096
0.8871519296531509	0.00031486769360374706
0.8891060087933561	0.00013155590689995774
0.8910600879335613	0.00013990757916533943
0.8930141670737665	7.661703006250861e-5
0.8949682462139716	0.0002481244713299817
0.8969223253541768	0.00026210260817443047
0.898876404494382	8.521845710215086e-5
0.9008304836345872	2.9549613653950003e-5
0.9027845627747924	0.00016329213726128575
0.9047386419149975	0.00016626711836747898
0.9066927210552027	0.00035095029463298386
0.9086468001954079	0.0003142318696253182
0.9106008793356131	0.0001885823926060641
0.9125549584758182	0.00012620414159599422
0.9145090376160234	0.00018806861533051276
0.9164631167562286	0.00018496726620206508
0.9184171958964338	0.00010878545256541305
0.920371275036639	0.00020691550563191262
0.9223253541768441	8.558661961898198e-5
0.9242794333170493	9.265282657963271e-5
0.9262335124572545	9.01993695022813e-5
0.9281875915974597	3.750076456377435e-5
0.9301416707376648	0.00018221703039231205
0.93209574987787	0.0001511028093352171
0.9340498290180752	0.00016785272036296187
0.9360039081582804	0.0001754522645861826
0.9379579872984856	0.000145738305481934
0.9399120664386907	8.280654665462015e-5
0.9418661455788959	0.00018872618906071254
0.9438202247191011	2.8764043766909657e-5
0.9457743038593063	0.00035702308105198016
0.9477283829995115	0.00030700699928245417
0.9496824621397166	0.0001775898386284665
0.9516365412799218	0.0003070347904681306
0.953590620420127	7.671683516850491e-5
0.9555446995603322	8.634348070630816e-5
0.9574987787005373	8.483314802464759e-5
0.9594528578407425	0.00010360037115152185
0.9614069369809477	0.00015825295597767032
0.9633610161211529	0.00020309667191380494
0.9653150952613581	0.0001594163577781981
0.9672691744015632	0.00019930139062023557
0.9692232535417684	0.00021083310338472865
0.9711773326819736	0.0002923063414986962
0.9731314118221788	0.0001402854570719115
0.975085490962384	0.00012557125024142125
0.9770395701025891	0.00019461361225068423
0.9789936492427943	8.2667450185426e-5
0.9809477283829995	7.340409821721098e-5
0.9829018075232047	9.19984126555171e-5
0.9848558866634098	0.00016082993406688853
0.986809965803615	7.011401540830823e-5
0.9887640449438202	0.00025306145111593444
0.9907181240840254	0.00012445746808253157
0.9926722032242306	0.000221783820028769
0.9946262823644357	0.0001780940252775652
0.9965803615046409	0.00029686023559502393
0.9985344406448461	0.00020129304781943365
1.0004885197850513	0.00012415536364177393
1.0024425989252566	9.394700739319527e-5
1.0043966780654616	0.0001687611582205663
1.006350757205667	9.7241868001347e-5
1.008304836345872	0.0002075979190152584
1.0102589154860773	0.00016576108474663273
1.0122129946262823	0.00013983621676802641
1.0141670737664876	0.0001898776128113596
1.0161211529066927	5.814885713727935e-5
1.018075232046898	0.00019248854860588724
1.020029311187103	0.0001379103617545536
1.0219833903273083	0.00024467047249210474
1.0239374694675134	0.00018443533663638903
1.0258915486077187	6.7106513301508e-5
1.0278456277479238	0.00015012479481685753
1.029799706888129	6.544650741166039e-5
1.0317537860283341	0.00020128187083697687
1.0337078651685394	8.462356900179813e-5
1.0356619443087445	0.00012798266589645645
1.0376160234489498	0.0001232066953781959
1.0395701025891548	0.0001791252029480308
1.0415241817293601	0.00011802526767711802
1.0434782608695652	0.00021963016029920954
1.0454323400097705	8.20331120647761e-6
1.0473864191499755	0.00029613418341801535
1.0493404982901808	0.0002582072095634183
1.051294577430386	0.00010182087101061651
1.0532486565705912	5.7311631056709025e-5
1.0552027357107963	0.0001697455997838278
1.0571568148510015	5.913845574696195e-5
1.0591108939912066	0.00013073501072428538
1.061064973131412	5.93111887454235e-5
1.063019052271617	0.00014563207866788195
1.0649731314118223	0.00014577913506840057
1.0669272105520273	6.30687178513575e-5
1.0688812896922326	0.00013309364937355044
1.0708353688324377	7.096248727731041e-5
1.072789447972643	0.00011963541571513208
1.074743527112848	7.536405075103168e-5
1.0766976062530533	0.00011886258186318123
1.0786516853932584	0.000151168546855654
1.0806057645334637	0.0001243500907349724
1.0825598436736688	0.00018041591019728588
1.084513922813874	3.852560817367414e-5
1.086468001954079	0.00016240708518567779
1.0884220810942844	0.0002336038599018516
1.0903761602344895	0.00027732316192276984
1.0923302393746948	9.474413145482698e-5
1.0942843185148998	0.000262689334161452
1.0962383976551051	0.00015882172464489616
1.0981924767953102	0.00020800523276824105
1.1001465559355155	0.00010662429152203984
1.1021006350757205	0.0001712095256111044
1.1040547142159258	9.287323948130111e-5
1.106008793356131	0.0002362305725871849
1.1079628724963362	0.00016402606052791304
1.1099169516365412	8.193266873317342e-5
1.1118710307767465	0.0001360564435726529
1.1138251099169516	2.3783889149322687e-5
1.115779189057157	9.49002223094241e-5
1.117733268197362	4.555763758674164e-5
1.1196873473375673	0.00011582485868894132
1.1216414264777723	2.5984705880559608e-5
1.1235955056179776	0.00019652888748973037
1.1255495847581827	0.0001369981092651108
1.127503663898388	0.000157669685627432
1.129457743038593	0.00018592834349225168
1.1314118221787983	0.0001364815225936002
1.1333659013190034	0.00016051787057816088
1.1353199804592087	6.499671974862866e-5
1.1372740595994137	0.00015625095808306962
1.139228138739619	0.000126928108037796
1.141182217879824	0.00017317800626404564
1.1431362970200294	0.0001533548961411223
1.1450903761602345	0.00020427920720743074
1.1470444553004397	0.00010499521205136232
1.1489985344406448	0.00022599148414945952
1.15095261358085	3.70452998760762e-5
1.1529066927210552	0.00015702358234928143
1.1548607718612605	4.8228943085249956e-5
1.1568148510014655	0.00013306007072246047
1.1587689301416708	7.298983420686697e-5
1.1607230092818759	5.6121147886522994e-5
1.1626770884220812	3.571391472200872e-5
1.1646311675622862	3.8618804461449483e-5
1.1665852467024915	5.3475006373286954e-5
1.1685393258426966	6.378076424913197e-5
1.1704934049829019	7.756005132071489e-5
1.172447484123107	7.200872589732309e-6
1.1744015632633122	0.00012179980723920291
1.1763556424035173	7.037260504293052e-5
1.1783097215437226	0.00014828942864034204
1.1802638006839277	0.00010224781872809827
1.182217879824133	0.00014620403427813435
1.184171958964338	0.00014796766106678607
1.1861260381045433	8.616621025478436e-5
1.1880801172447484	0.00010727926421382702
1.1900341963849537	0.00010820544449781747
1.1919882755251587	0.00013515549217905465
1.193942354665364	0.00012339571278923645
1.195896433805569	0.00016324866440142548
1.1978505129457744	8.018593473603535e-5
1.1998045920859794	0.00015677569611838443
1.2017586712261847	1.2832471290221047e-5
1.2037127503663898	0.00011968406878555894
1.205666829506595	2.176428865311299e-5
1.2076209086468002	8.214000556990606e-5
1.2095749877870055	1.3601926839635941e-5
1.2115290669272105	8.156252190557071e-5
1.2134831460674158	5.7649626218326966e-5
1.2154372252076209	3.765659190938428e-5
1.2173913043478262	7.598868940405154e-5
1.2193453834880312	2.3942973550891825e-5
1.2212994626282365	6.104823086875722e-5
1.2232535417684416	1.3843198138001512e-5
1.2252076209086469	0.00011233757045964872
1.227161700048852	3.2811077313115736e-5
1.2291157791890572	0.00012601948082909128
1.2310698583292623	6.707868681245861e-5
1.2330239374694676	0.00010988421105561495
1.2349780166096727	7.122483751263065e-5
1.236932095749878	0.00010514162600113453
1.238886174890083	6.710822212580307e-5
1.2408402540302883	9.740846506970974e-5
1.2427943331704934	7.173008031697401e-5
1.2447484123106987	9.664454426145297e-5
1.2467024914509037	7.817608474899992e-5
1.248656570591109	9.467619605092563e-5
1.250610649731314	9.010713576899167e-5
1.2525647288715194	6.556296063987257e-5
1.2545188080117244	7.797135115346105e-5
1.2564728871519297	5.141714808603986e-5
1.2584269662921348	5.9860720967954736e-5
1.26038104543234	4.8148385132066945e-5
1.2623351245725452	5.03327675309556e-5
1.2642892037127504	5.134357586059945e-5
1.2662432828529555	1.420269122514004e-5
1.2681973619931608	7.518935749927817e-5
1.2701514411333659	2.039702219727703e-5
1.2721055202735712	8.398305381516646e-5
1.2740595994137762	2.6362516618194322e-5
1.2760136785539815	8.634263329809176e-5
1.2779677576941866	2.589082664059603e-5
1.2799218368343919	0.00010057071355487482
1.281875915974597	3.555633446684777e-5
1.2838299951148022	9.689218441019203e-5
1.2857840742550073	2.4880814387877558e-5
1.2877381533952126	0.00010216270394953186
1.2896922325354176	2.6052046253730498e-5
1.291646311675623	0.00011251030091703991
1.293600390815828	4.382449908146849e-5
1.2955544699560333	0.00010824994740745022
1.2975085490962384	5.237691071745225e-5
1.2994626282364437	9.206607271892883e-5
1.3014167073766487	5.5546961802968405e-5
1.303370786516854	6.759702676337656e-5
1.305324865657059	2.7859842472510857e-5
1.3072789447972644	7.717653879223043e-5
1.3092330239374694	2.098472129471248e-5
1.3111871030776747	8.74411732914074e-5
1.3131411822178798	2.8870317693503066e-5
1.315095261358085	7.821959693918912e-5
1.3170493404982901	2.852414306208724e-5
1.3190034196384954	6.621039517163961e-5
1.3209574987787005	8.890412859854671e-6
1.3229115779189058	9.669233443424294e-5
1.3248656570591109	1.4947251896834826e-5
1.3268197361993161	9.43019875733204e-5
1.3287738153395212	1.6952659532423903e-5
1.3307278944797265	8.36674641068326e-5
1.3326819736199316	1.1540513653552753e-5
1.3346360527601369	0.00010324477190629813
1.336590131900342	1.9028109862433344e-5
1.3385442110405472	0.0001088723964741261
1.3404982901807523	2.887434349410229e-5
1.3424523693209576	8.073125359975366e-5
1.3444064484611626	1.6523980982902428e-5
1.346360527601368	9.628279864665688e-5
1.348314606741573	2.2874211979980296e-5
1.3502686858817783	7.856757833311581e-5
1.3522227650219834	6.394486912606015e-6
1.3541768441621886	7.722784131249955e-5
1.3561309233023937	1.7873698726070668e-5
1.358085002442599	9.362614703146976e-5
1.360039081582804	1.0837264687850081e-5
1.3619931607230094	8.382914252257255e-5
1.3639472398632144	1.0699536850012979e-5
1.3659013190034197	7.437064037300567e-5
1.3678553981436248	1.399019572389002e-5
1.36980947728383	8.519803749865748e-5
1.3717635564240351	1.1520653476293126e-5
1.3737176355642404	8.454919076597744e-5
1.3756717147044455	1.7876357492827577e-5
1.3776257938446508	8.95230202098963e-5
1.3795798729848558	1.7541270859173852e-5
1.3815339521250611	9.462031737645584e-5
1.3834880312652662	1.9645673592510775e-5
1.3854421104054715	8.653125349212558e-5
1.3873961895456766	1.53729575031381e-5
1.3893502686858819	7.594294361590923e-5
1.391304347826087	2.2732316092155243e-5
1.3932584269662922	8.843828507835183e-5
1.3952125061064973	2.3564459751389252e-5
1.3971665852467026	7.209671762758218e-5
1.3991206643869076	3.0030883775977147e-5
1.401074743527113	8.353827517534913e-5
1.403028822667318	3.034985365898374e-5
1.4049829018075233	8.645702835961872e-5
1.4069369809477283	2.7072380085111037e-5
1.4088910600879336	8.580766387355361e-5
1.4108451392281387	2.775087418602249e-5
1.412799218368344	8.250466793545716e-5
1.414753297508549	3.305775276284613e-5
1.4167073766487543	8.691978694257627e-5
1.4186614557889594	2.6003173632215686e-5
1.4206155349291647	8.238159308785977e-5
1.4225696140693698	2.939561463929171e-5
1.424523693209575	8.473313902897712e-5
1.4264777723497801	2.561240172836608e-5
1.4284318514899854	8.207520429425514e-5
1.4303859306301905	2.435033207677225e-5
1.4323400097703958	7.278938403515486e-5
1.4342940889106008	4.0725479888949055e-5
1.4362481680508061	7.368729821216301e-5
1.4382022471910112	3.791332732361795e-5
1.4401563263312165	8.225830909652847e-5
1.4421104054714216	3.1035029607550986e-5
1.4440644846116268	5.2923458694466614e-5
1.446018563751832	4.9001996540301783e-5
1.4479726428920372	6.641266749409232e-5
1.4499267220322423	5.241338486765978e-5
1.4518808011724476	7.854217240855364e-5
1.4538348803126526	4.248534112815691e-5
1.455788959452858	6.938228706265368e-5
1.457743038593063	5.069627456250118e-5
1.4596971177332683	6.951218513817506e-5
1.4616511968734733	5.367932280437941e-5
1.4636052760136786	7.860811219779198e-5
1.4655593551538837	4.320787622980862e-5
1.467513434294089	7.229868049421647e-5
1.469467513434294	4.335620689251384e-5
1.4714215925744993	7.091447035816726e-5
1.4733756717147044	3.9534474916744234e-5
1.4753297508549097	6.13688109544364e-5
1.4772838299951148	4.4490147005945085e-5
1.47923790913532	5.7569281352409134e-5
1.4811919882755251	5.531753353795342e-5
1.4831460674157304	6.223803367189357e-5
1.4851001465559355	5.2652324154886266e-5
1.4870542256961408	6.738429916324813e-5
1.4890083048363458	5.2546143532126154e-5
1.4909623839765511	4.8642031321972915e-5
1.4929164631167562	6.420399510174827e-5
1.4948705422569615	5.943293769226383e-5
1.4968246213971665	6.321239680435012e-5
1.4987787005373718	7.014320875615957e-5
1.500732779677577	4.262286839255575e-5
1.5026868588177822	4.5279683222045004e-5
1.5046409379579873	6.405165314141659e-5
1.5065950170981925	5.651540930882239e-5
1.5085490962383976	6.147830633717367e-5
1.510503175378603	6.0233461765725426e-5
1.512457254518808	5.301097312164782e-5
1.5144113336590133	5.3029215208510236e-5
1.5163654127992183	5.2948318868672564e-5
1.5183194919394236	4.676833880602665e-5
1.5202735710796287	5.547046749060564e-5
1.522227650219834	3.878400408103161e-5
1.524181729360039	6.537520534423492e-5
1.5261358085002443	4.107661617292622e-5
1.5280898876404494	7.273875828650688e-5
1.5300439667806547	5.671185264573418e-5
1.5319980459208598	5.1158248287747445e-5
1.533952125061065	3.71054923061016e-5
1.53590620420127	6.738121517517569e-5
1.5378602833414754	3.6174157165576156e-5
1.5398143624816805	7.893140593805027e-5
1.5417684416218858	4.811807223261241e-5
1.5437225207620908	7.038610609003265e-5
1.5456765999022961	5.089097745856761e-5
1.5476306790425012	5.4797623944686625e-5
1.5495847581827065	2.5409173352146975e-5
1.5515388373229115	8.478051566044314e-5
1.5534929164631168	4.61448331754162e-5
1.555446995603322	6.853834784068837e-5
1.5574010747435272	4.2477190291004715e-5
1.5593551538837322	6.106249447847393e-5
1.5613092330239375	3.188982462783358e-5
1.5632633121641426	6.596517783997008e-5
1.565217391304348	2.7018853497387428e-5
1.567171470444553	7.044884010060983e-5
1.5691255495847583	2.5488597121729416e-5
1.5710796287249633	7.719016772444826e-5
1.5730337078651686	3.385666154720832e-5
1.5749877870053737	7.268236886601284e-5
1.576941866145579	3.818930882996784e-5
1.578895945285784	5.4901026704521944e-5
1.5808500244259893	1.0178405950412139e-5
1.5828041035661944	8.266812326319094e-5
1.5847581827063997	2.5266387041292108e-5
1.5867122618466047	8.395640838980183e-5
1.58866634098681	4.17870827751848e-5
1.590620420127015	6.0948333269786476e-5
1.5925744992672204	3.027691765959371e-5
1.5945285784074255	5.803473831994307e-5
1.5964826575476307	5.673271123486345e-6
1.5984367366878358	8.442917046582763e-5
1.600390815828041	2.7782384080940188e-5
1.6023448949682462	6.646491734611246e-5
1.6042989741084515	2.3059671127923692e-5
1.6062530532486565	5.50030144749968e-5
1.6082071323888618	1.8871695214256388e-5
1.6101612115290669	6.937160472665478e-5
1.6121152906692722	3.043714534468271e-6
1.6140693698094772	8.098397581650466e-5
1.6160234489496825	9.358106453382143e-6
1.6179775280898876	7.762981083476332e-5
1.6199316072300929	1.6146987282691738e-5
1.621885686370298	6.49955003663846e-5
1.6238397655105032	1.2981450859187356e-5
1.6257938446507083	6.515682064522449e-5
1.6277479237909136	1.7831367261600284e-5
1.6297020029311187	9.666024173536107e-5
1.631656082071324	1.6790116942799526e-5
1.633610161211529	8.345206911213897e-5
1.6355642403517343	2.5469363349973227e-5
1.6375183194919394	5.243750580146913e-5
1.6394723986321447	2.5536602109528354e-5
1.6414264777723497	7.460032038183968e-5
1.643380556912555	1.4706156970609865e-5
1.64533463605276	8.128401837229066e-5
1.6472887151929654	1.2611172203926107e-5
1.6492427943331704	5.9691719688222674e-5
1.6511968734733757	1.2082382026200881e-5
1.6531509526135808	6.56764631830163e-5
1.655105031753786	1.96945109339052e-5
1.6570591108939912	7.501001252528487e-5
1.6590131900341964	1.981629643661902e-5
1.6609672691744015	8.213742248522189e-5
1.6629213483146068	2.9722431959306823e-6
1.6648754274548119	7.195231431902635e-5
1.6668295065950172	4.616486962447979e-6
1.6687835857352222	6.185341149574718e-5
1.6707376648754275	3.0638065510828553e-5
1.6726917440156326	7.641310721289559e-5
1.6746458231558379	2.0590321659200544e-5
1.676599902296043	8.450199634767286e-5
1.6785539814362482	8.569230705396226e-6
1.6805080605764533	5.905002945906108e-5
1.6824621397166586	1.3444877088923036e-5
1.6844162188568637	4.512763719826503e-5
1.686370297997069	4.9235219405147003e-5
1.688324377137274	8.159513911002228e-5
1.6902784562774793	3.213385464752848e-5
1.6922325354176844	8.604860267520826e-5
1.6941866145578897	2.0637940960385e-5
1.6961406936980947	5.3768872135281024e-5
1.6980947728383	3.2753939711453884e-5
1.700048851978505	6.626131650134099e-5
1.7020029311187104	3.114733333204356e-5
1.7039570102589154	7.391279483085282e-5
1.7059110893991207	2.6559891263617085e-5
1.7078651685393258	7.265087064372396e-5
1.709819247679531	1.790006459636352e-5
1.7117733268197362	5.907906644380717e-5
1.7137274059599414	2.7964775766798167e-5
1.7156814851001465	5.522692561852953e-5
1.7176355642403518	4.095803205570679e-5
1.7195896433805569	7.353955471905048e-5
1.7215437225207622	3.088072757575995e-5
1.7234978016609672	7.118269729648635e-5
1.7254518808011725	1.65305157976086e-5
1.7274059599413776	4.6194732128966175e-5
1.7293600390815829	4.2329278542641196e-5
1.731314118221788	5.0325008031898805e-5
1.7332681973619932	4.7716195022350233e-5
1.7352222765021983	6.887845378231033e-5
1.7371763556424036	3.1929733851572147e-5
1.7391304347826086	6.323848863383547e-5
1.741084513922814	2.9650482953313018e-5
1.743038593063019	3.658501948738877e-5
1.7449926722032243	5.176087814961506e-5
1.7469467513434294	5.5268266865189615e-5
1.7489008304836346	5.0278583449628524e-5
1.7508549096238397	6.531886116250968e-5
1.752808988764045	3.851803262415639e-5
1.75476306790425	5.869464744699679e-5
1.7567171470444554	3.5059076862637705e-5
1.7586712261846604	4.447703455121886e-5
1.7606253053248657	4.319566797718604e-5
1.7625793844650708	4.483544118353949e-5
1.764533463605276	5.232347166235407e-5
1.7664875427454811	5.660438336299281e-5
1.7684416218856864	4.484040846349856e-5
1.7703957010258915	5.929121694284043e-5
1.7723497801660968	3.709024201054582e-5
1.7743038593063019	2.8224178004919272e-5
1.7762579384465071	5.9756713715345045e-5
1.7782120175867122	4.4470824130658586e-5
1.7801660967269175	5.922047766341795e-5
1.7821201758671226	5.351943625335855e-5
1.7840742550073279	4.087181887642205e-5
1.786028334147533	3.644343092141909e-5
1.7879824132877382	5.4197775873225527e-5
1.7899364924279433	3.0513183878427198e-5
1.7918905715681486	7.123955938253796e-5
1.7938446507083536	5.1753444709095345e-5
1.795798729848559	5.866469950541395e-5
1.797752808988764	5.374380188049341e-5
1.7997068881289693	4.021274192308101e-5
1.8016609672691744	3.2109658085604674e-5
1.8036150464093796	5.782682891015638e-5
1.8055691255495847	3.029914714022564e-5
1.80752320468979	6.522290329809693e-5
1.809477283829995	3.6834681839242544e-5
1.8114313629702004	6.839546055451736e-5
1.8133854421104054	5.213731920361754e-5
1.8153395212506107	4.5235074191735834e-5
1.8172936003908158	3.0843428690150424e-5
1.819247679531021	5.550774485084969e-5
1.8212017586712261	2.1317386232616777e-5
1.8231558378114314	7.111606217592327e-5
1.8251099169516365	3.570393224488028e-5
1.8270639960918418	7.037845513375335e-5
1.8290180752320468	4.5456001898802926e-5
1.8309721543722521	4.575208687376889e-5
1.8329262335124572	1.9121246821044074e-5
1.8348803126526625	7.76007491452661e-5
1.8368343917928676	3.1085787245569296e-5
1.8387884709330728	7.512755298713602e-5
1.840742550073278	4.2837211198597846e-5
1.8426966292134832	5.771557699487726e-5
1.8446507083536883	3.337072124639674e-5
1.8466047874938936	5.3199021162643e-5
1.8485588666340986	1.5317865063844494e-5
1.850512945774304	6.84488023279377e-5
1.852467024914509	1.7972309162170528e-5
1.8544211040547143	7.965079613427249e-5
1.8563751831949193	3.66355312233228e-5
1.8583292623351246	6.687546002327052e-5
1.8602833414753297	3.7795716179108944e-5
1.862237420615535	5.181144163064067e-5
1.86419149975574	1.1494537522804139e-5
1.8661455788959453	7.117432791001863e-5
1.8680996580361504	2.031005562199198e-5
1.8700537371763557	7.701789446670494e-5
1.8720078163165608	3.508258980752015e-5
1.873961895456766	5.719615339184194e-5
1.8759159745969711	2.4303585287128073e-5
1.8778700537371764	5.815501385388105e-5
1.8798241328773815	8.624689750171285e-6
1.8817782120175868	7.516358285240019e-5
1.8837322911577918	3.244702767337741e-5
1.8856863702979971	6.607179588863937e-5
1.8876404494382022	2.2732746624251955e-5
1.8895945285784075	5.637649417067026e-5
1.8915486077186126	1.9432947268914465e-5
1.8935026868588178	5.440664956481302e-5
1.895456765999023	3.075183917767018e-6
1.8974108451392282	7.668493339109761e-5
1.8993649242794333	1.8971519722333948e-5
1.9013190034196386	6.580318857808173e-5
1.9032730825598436	1.9874554626143026e-5
1.905227161700049	5.212316085747242e-5
1.907181240840254	1.1897551424534204e-5
1.9091353199804593	5.789277741843559e-5
1.9110893991206643	4.666944274746817e-6
1.9130434782608696	6.651031903633343e-5
1.9149975574010747	1.0998569690353374e-5
1.91695163654128	6.31596028628192e-5
1.918905715681485	6.111321053536824e-6
1.9208597948216903	5.585312786307662e-5
1.9228138739618954	1.2189326356436807e-5
1.9247679531021007	5.793871248945996e-5
1.9267220322423058	1.2790662118563271e-5
1.928676111382511	7.266012041661411e-5
1.9306301905227161	3.2429975903122215e-6
1.9325842696629214	6.308777387412597e-5
1.9345383488031265	9.533693334533166e-6
1.9364924279433318	5.190364685576412e-5
1.9384465070835368	1.9470570109507663e-5
1.9404005862237421	5.822086571867979e-5
1.9423546653639472	2.076407085370817e-5
1.9443087445041525	6.673122574459539e-5
1.9462628236443575	8.035228989932788e-6
1.9482169027845628	6.046018009227872e-5
1.950170981924768	1.0360059511673754e-5
1.9521250610649732	5.608333551981535e-5
1.9540791402051783	2.6656075514360898e-5
1.9560332193453835	6.552173276467074e-5
1.9579872984855886	2.121766914472336e-5
1.959941377625794	7.217199498652423e-5
1.961895456765999	8.244066157629706e-6
1.9638495359062043	6.366391769412992e-5
1.9658036150464093	7.653457759784899e-6
1.9677576941866146	4.80255182602708e-5
1.9697117733268197	2.8841299314907763e-5
1.971665852467025	6.05899573994149e-5
1.97361993160723	2.8322723026986993e-5
1.9755740107474353	7.468603554062303e-5
1.9775280898876404	1.1732035496973932e-5
1.9794821690278457	5.4620845873204524e-5
1.9814362481680508	2.2905933477488573e-5
1.983390327308256	5.1569367250752494e-5
1.985344406448461	3.3761034547076284e-5
1.9872984855886664	6.786250998345795e-5
1.9892525647288715	2.0743605382750255e-5
1.9912066438690768	6.407084266312175e-5
1.9931607230092818	2.258203308629556e-5
1.995114802149487	5.773531598684565e-5
1.9970688812896922	2.1046402740287834e-5
1.9990229604298975	4.946289726374086e-5
2.0009770395701025	3.1116435312632876e-5
2.0029311187103076	5.818207176330157e-5
2.004885197850513	2.544752330489604e-5
2.006839276990718	6.090531092827918e-5
2.0087933561309232	1.918429922680043e-5
2.0107474352711283	4.3588031190174246e-5
2.012701514411334	3.044281527117814e-5
2.014655593551539	4.390171636849256e-5
2.016609672691744	3.864295578381883e-5
2.018563751831949	5.735144045817428e-5
2.0205178309721545	2.761460077050159e-5
2.0224719101123596	5.54339009960897e-5
2.0244259892525647	2.680499489976968e-5
2.0263800683927697	3.7220701192885025e-5
2.0283341475329753	3.5601996513950513e-5
2.0302882266731803	3.908995771084149e-5
2.0322423058133854	4.556218814692271e-5
2.0341963849535905	5.539709498932209e-5
2.036150464093796	3.056120669679939e-5
2.038104543234001	4.546679209822554e-5
2.040058622374206	3.516370327212545e-5
2.042012701514411	3.480853300018029e-5
2.0439667806546167	4.441901153283389e-5
2.0459208597948217	4.0603483896326625e-5
2.047874938935027	4.8910654910623695e-5
2.049829018075232	5.2716865793283476e-5
2.0517830972154374	3.520895894966797e-5
2.0537371763556425	4.543270631917245e-5
2.0556912554958475	3.190991309837549e-5
2.0576453346360526	2.8246289455611247e-5
2.059599413776258	4.959431104369969e-5
2.061553492916463	3.9905081393832414e-5
2.0635075720566682	4.683782020520049e-5
2.0654616511968733	4.432225717475911e-5
2.067415730337079	3.769030689770141e-5
2.069369809477284	3.5001046647008446e-5
2.071323888617489	4.478188207552916e-5
2.073277967757694	2.700101665372335e-5
2.0752320468978995	5.6563010298735796e-5
2.0771861260381046	3.946914862756654e-5
2.0791402051783097	5.207281054166886e-5
2.0810942843185147	4.501770678080437e-5
2.0830483634587202	3.845097753946876e-5
2.0850024425989253	3.123296344355728e-5
2.0869565217391304	4.4980087260939536e-5
2.0889106008793354	2.7234547894388862e-5
2.090864680019541	4.96677928207436e-5
2.092818759159746	2.8443150394661868e-5
2.094772838299951	5.1814314050668245e-5
2.096726917440156	3.3483253098264065e-5
2.0986809965803617	4.7321012698350194e-5
2.1006350757205667	2.511120111614999e-5
2.102589154860772	5.297974989248686e-5
2.104543234000977	2.3000846910844853e-5
2.1064973131411824	5.7074446947723795e-5
2.1084513922813874	2.598771468451415e-5
2.1104054714215925	5.8224533467527806e-5
2.1123595505617976	3.3557010530191794e-5
2.114313629702003	4.311202895210986e-5
2.116267708842208	1.8042827935684554e-5
2.1182217879824132	5.9561832976734376e-5
2.1201758671226183	2.2464030930584375e-5
2.122129946262824	5.63191747980169e-5
2.124084025403029	1.9358969568978178e-5
2.126038104543234	6.0540797396440794e-5
2.127992183683439	2.930842073384217e-5
2.1299462628236445	4.9166280602919206e-5
2.1319003419638496	1.2372121294063123e-5
2.1338544211040547	6.366842820296839e-5
2.1358085002442597	1.7287447961423542e-5
2.1377625793844652	6.298445125097871e-5
2.1397166585246703	2.0600808233425197e-5
2.1416707376648754	6.0200869472180756e-5
2.1436248168050804	2.157071866220823e-5
2.145578895945286	5.271343356491141e-5
2.147532975085491	1.2169995247580582e-5
2.149487054225696	6.46054124707071e-5
2.151441133365901	1.9349440465800644e-5
2.1533952125061067	6.18593559262755e-5
2.1553492916463117	1.9857652904121938e-5
2.157303370786517	5.72828545826322e-5
2.159257449926722	1.7637671930180757e-5
2.1612115290669274	5.495586460836725e-5
2.1631656082071324	7.719395823173134e-6
2.1651196873473375	6.742505833646366e-5
2.1670737664875426	1.6013847910689097e-5
2.169027845627748	6.23717547571529e-5
2.170981924767953	1.8816167632677573e-5
2.172936003908158	5.2844404100246217e-5
2.1748900830483633	1.24766383778953e-5
2.176844162188569	4.796477837396835e-5
2.178798241328774	2.1400405066134785e-6
2.180752320468979	6.145037139618425e-5
2.182706399609184	1.1082296959141076e-5
2.1846604787493895	6.112535545299e-5
2.1866145578895946	8.042451150465761e-6
2.1885686370297996	5.600109871900099e-5
2.1905227161700047	8.525569814325678e-6
2.1924767953102102	5.1099666098197046e-5
2.1944308744504153	6.442581077489077e-6
2.1963849535906204	6.1910650028428e-5
2.1983390327308254	1.1257066457526757e-5
2.200293111871031	6.134796310815927e-5
2.202247191011236	6.709284162975164e-6
2.204201270151441	5.4252349071875275e-5
2.206155349291646	8.07098227423454e-6
2.2081094284318517	4.5017377287649825e-5
2.2100635075720567	1.5966722667555835e-5
2.212017586712262	6.0802223669530324e-5
2.213971665852467	8.667927498882207e-6
2.2159257449926724	5.965973956923672e-5
2.2178798241328774	9.776590579513752e-6
2.2198339032730825	5.5564070274188255e-5
2.2217879824132876	1.6757518998959517e-5
2.223742061553493	5.773029837557379e-5
2.225696140693698	1.2754166507178725e-5
2.227650219833903	6.141454395035095e-5
2.2296042989741083	7.112114967291844e-6
2.231558378114314	5.501272387340224e-5
2.233512457254519	1.0584794851760564e-5
2.235466536394724	5.2260953653505493e-5
2.237420615534929	1.401994523331912e-5
2.2393746946751345	4.638257761421618e-5
2.2413287738153396	2.8839987185315755e-5
2.2432828529555446	6.584857127022756e-5
2.2452369320957497	1.4077743233783579e-5
2.247191011235955	5.7806954728290486e-5
2.2491450903761603	2.1284936358968513e-5
2.2510991695163654	5.65041465551891e-5
2.2530532486565704	1.8795473934084427e-5
2.255007327796776	5.163335586806397e-5
2.256961406936981	2.9352683846903773e-5
2.258915486077186	6.537840658767959e-5
2.260869565217391	1.216633894076769e-5
2.2628236443575966	5.223422465526646e-5
2.2647777234978017	1.7274340958559866e-5
2.2667318026380068	4.69228481752241e-5
2.268685881778212	3.1201230197205503e-5
2.2706399609184174	5.520421797761214e-5
2.2725940400586224	3.1705557808206406e-5
2.2745481191988275	6.735523867654863e-5
2.2765021983390326	1.4013270999663009e-5
2.278456277479238	5.361628457023211e-5
2.280410356619443	1.711403042938731e-5
2.282364435759648	4.520067010549851e-5
2.2843185148998533	2.9437215317395464e-5
2.286272594040059	5.1534810002338794e-5
2.288226673180264	3.073813302071487e-5
2.290180752320469	6.277234851124706e-5
2.292134831460674	1.067503092185611e-5
2.2940889106008795	4.224801938960864e-5
2.2960429897410846	2.0600118482679623e-5
2.2979970688812896	3.517996934746265e-5
2.2999511480214947	4.0493281496064055e-5
2.3019052271617	4.818753692349318e-5
2.3038593063019053	3.484579123410172e-5
2.3058133854421103	5.409192678857839e-5
2.3077674645823154	2.165375513087717e-5
2.309721543722521	3.808527236839017e-5
2.311675622862726	3.466131904397071e-5
2.313629702002931	4.0975540951485104e-5
2.315583781143136	3.763213008002016e-5
2.3175378602833416	4.622451044067617e-5
2.3194919394235467	3.59745194366431e-5
2.3214460185637518	5.037622366547736e-5
2.323400097703957	2.3431010862839904e-5
2.3253541768441623	3.5554864983457506e-5
2.3273082559843674	3.6819455013269326e-5
2.3292623351245725	3.3393021782504054e-5
2.3312164142647775	4.336179839676326e-5
2.333170493404983	4.086697510714823e-5
2.335124572545188	4.205740048397107e-5
2.337078651685393	4.846736245766359e-5
2.3390327308255983	2.5184291545970025e-5
2.3409868099658038	2.7376213775721714e-5
2.342940889106009	4.609286127775591e-5
2.344894968246214	3.237348601107657e-5
2.346849047386419	4.92949562907686e-5
2.3488031265266245	4.280748501100955e-5
2.3507572056668296	4.1023997384887615e-5
2.3527112848070346	4.0022839740835425e-5
2.3546653639472397	3.451541528407903e-5
2.356619443087445	2.7876799379395453e-5
2.3585735222276503	4.689957444095182e-5
2.3605276013678553	3.1904972383276375e-5
2.3624816805080604	4.695991939415952e-5
2.364435759648266	3.4936680606230675e-5
2.366389838788471	4.495438033572739e-5
2.368343917928676	3.845912357743856e-5
2.370297997068881	3.554524654475942e-5
2.3722520762090866	2.174174950551886e-5
2.3742061553492917	5.095478798268418e-5
2.3761602344894968	2.7464468353276453e-5
2.378114313629702	5.133638982984549e-5
2.3800683927699073	3.240069770925292e-5
2.3820224719101124	4.8700553263776194e-5
2.3839765510503175	3.59011442966077e-5
2.3859306301905225	4.0041215001432766e-5
2.387884709330728	1.7527959800320134e-5
2.389838788470933	5.689261067533305e-5
2.391792867611138	3.0118616065158095e-5
2.3937469467513433	5.1567572179929525e-5
2.3957010258915488	3.569137394035053e-5
2.397655105031754	3.7837557571939584e-5
2.399609184171959	2.5842587460268152e-5
2.401563263312164	4.2770799197868514e-5
2.4035173424523695	1.6168657043223165e-5
2.4054714215925745	4.863707705663349e-5
2.4074255007327796	1.4849374267162324e-5
2.4093795798729847	5.6832229261916133e-5
2.41133365901319	2.628064060378989e-5
2.4132877381533953	4.637596645007806e-5
2.4152418172936003	2.685580745336016e-5
2.4171958964338054	3.9831302251460045e-5
2.419149975574011	5.352863101880626e-6
2.421104054714216	5.565268272556376e-5
2.423058133854421	1.4352839863387647e-5
2.425012212994626	6.182804103197269e-5
2.4269662921348316	2.6360589835673398e-5
2.4289203712750367	4.240769813757686e-5
2.4308744504152417	1.8632551592085738e-5
2.432828529555447	4.7742960221361053e-5
2.4347826086956523	5.749617284057123e-6
2.4367366878358574	5.613774942859972e-5
2.4386907669760625	1.38490955411896e-5
2.4406448461162675	6.182493790903651e-5
2.442598925256473	2.0997004530900336e-5
2.444553004396678	4.433116281316461e-5
2.446507083536883	1.2100138910233626e-5
2.4484611626770882	5.012700163795953e-5
2.4504152418172938	2.169187909763881e-6
2.452369320957499	5.827217054961951e-5
2.454323400097704	8.127840515580061e-6
2.456277479237909	5.7179604038378136e-5
2.4582315583781145	1.5222474255710203e-5
2.4601856375183195	4.383368862007538e-5
2.4621397166585246	1.0779555700309745e-5
2.4640937957987297	4.609981978862069e-5
2.466047874938935	1.2363059327969356e-5
2.4680019540791402	6.593980967942106e-5
2.4699560332193453	8.263778091445664e-6
2.4719101123595504	6.242439564275854e-5
2.473864191499756	1.7620456172286933e-5
2.475818270639961	3.926778578358783e-5
2.477772349780166	1.3586994102561416e-5
2.479726428920371	5.2074405028824265e-5
2.4816805080605766	1.2423775030413973e-5
2.4836345872007817	6.313921736307873e-5
2.4855886663409867	5.449725037425195e-6
2.487542745481192	5.3649205900213526e-5
2.4894968246213973	1.431092105206418e-5
2.4914509037616024	4.228289309205996e-5
2.4934049829018075	1.3139192036243111e-5
2.4953590620420125	5.153727414544108e-5
2.497313141182218	1.2039170686461799e-5
2.499267220322423	5.954683395953605e-5
2.501221299462628	8.989118974002638e-7
2.5031753786028332	5.074017658444143e-5
2.5051294577430387	7.021915773122133e-6
2.507083536883244	3.8764442377690276e-5
2.509037616023449	2.2961219123182008e-5
2.510991695163654	5.416361959695267e-5
2.5129457743038595	1.915575663201331e-5
2.5148998534440645	6.426302514119709e-5
2.5168539325842696	1.9718962319724532e-6
2.5188080117244747	4.7054687517369364e-5
2.52076209086468	1.1604269157369462e-5
2.5227161700048852	3.5240489556650306e-5
2.5246702491450903	2.816511044981535e-5
2.5266243282852954	5.645041203113751e-5
2.528578407425501	1.7495324558207944e-5
2.530532486565706	5.6511686437980074e-5
2.532486565705911	9.025981794161521e-6
2.534440644846116	4.371276117251826e-5
2.5363947239863216	2.107878738552706e-5
2.5383488031265267	4.006085920852576e-5
2.5403028822667317	2.9496042856712486e-5
2.542256961406937	5.4693896197974995e-5
2.5442110405471423	2.0802061111026445e-5
2.5461651196873474	5.454620105118264e-5
2.5481191988275524	1.1929710842398731e-5
2.5500732779677575	4.264258099175087e-5
2.552027357107963	2.233884111100722e-5
2.553981436248168	3.8478420945924615e-5
2.555935515388373	3.4411549330448086e-5
2.5578895945285782	5.612452615649284e-5
2.5598436736687837	2.4542989574849157e-5
2.561797752808989	5.457943199630397e-5
2.563751831949194	1.103631121815606e-5
2.565705911089399	3.7750318040615256e-5
2.5676599902296044	3.095302413821843e-5
2.5696140693698095	3.723066731487074e-5
2.5715681485100146	3.890259203290868e-5
2.5735222276502197	5.707191160241826e-5
2.575476306790425	1.9268732366390066e-5
2.5774303859306302	4.5738063948795574e-5
2.5793844650708353	1.6744778220303965e-5
2.5813385442110404	2.8081316791358192e-5
2.583292623351246	3.815617541505979e-5
2.585246702491451	3.927551426786242e-5
2.587200781631656	3.835804969594409e-5
2.589154860771861	4.908260514414245e-5
2.5911089399120666	2.6603988503336957e-5
2.5930630190522717	4.150410114460996e-5
2.5950170981924767	2.5991472444282527e-5
2.596971177332682	3.278790815018643e-5
2.5989252564728873	3.8406041624081384e-5
2.6008793356130924	3.667359318438216e-5
2.6028334147532974	4.195547607471778e-5
2.6047874938935025	4.813278145330744e-5
2.606741573033708	3.0016657749241786e-5
2.608695652173913	4.154402424747473e-5
2.610649731314118	2.7176510473506976e-5
2.612603810454323	2.6268901848044167e-5
2.6145578895945287	4.592834250517416e-5
2.616511968734734	3.730888582233541e-5
2.618466047874939	4.4127239110028624e-5
2.620420127015144	4.612060670165808e-5
2.6223742061553494	2.6107818758744223e-5
2.6243282852955545	3.048311260023662e-5
2.6262823644357596	3.7054560307057846e-5
2.6282364435759646	2.2640116270258717e-5
2.63019052271617	5.0339255282961606e-5
2.632144601856375	3.809007345636834e-5
2.6340986809965803	4.206884923877758e-5
2.6360527601367854	3.84443228906968e-5
2.638006839276991	3.375428148409803e-5
2.639960918417196	3.068543232570973e-5
2.641914997557401	3.7612979283010374e-5
2.643869076697606	2.3295615622889576e-5
2.6458231558378116	4.59736514661837e-5
2.6477772349780166	2.8746729737897024e-5
2.6497313141182217	5.025043728553913e-5
2.651685393258427	3.949343730708287e-5
2.6536394723986323	3.297219946659862e-5
2.6555935515388374	2.8720943273573586e-5
2.6575476306790424	3.968561416056721e-5
2.6595017098192475	1.6328973423956133e-5
2.661455788959453	5.188835924508651e-5
2.663409868099658	3.048565580059797e-5
2.665363947239863	4.7167344108535175e-5
2.667318026380068	3.254642673710999e-5
2.6692721055202737	3.4466418911237965e-5
2.671226184660479	1.741606373545237e-5
2.673180263800684	4.867917638657306e-5
2.675134342940889	1.77212208460951e-5
2.6770884220810944	5.4718846619749784e-5
2.6790425012212995	2.940281000714016e-5
2.6809965803615046	4.500198148763706e-5
2.6829506595017096	2.7431524624107515e-5
2.684904738641915	3.8012081667837574e-5
2.68685881778212	1.7312544941840536e-5
2.6888128969223253	4.419855009631599e-5
2.6907669760625303	1.1065885416326293e-5
2.692721055202736	5.357209372397892e-5
2.694675134342941	2.1066728261823904e-5
2.696629213483146	4.954274265182116e-5
2.698583292623351	2.8378235503749648e-5
2.7005373717635566	3.3085016148957225e-5
2.7024914509037616	1.0331400304751534e-5
2.7044455300439667	4.723240793890987e-5
2.7063996091841718	8.33677418834946e-6
2.7083536883243773	6.102968180872616e-5
2.7103077674645824	2.2016729170294136e-5
2.7122618466047874	4.5374859537173895e-5
2.7142159257449925	2.1654175613226966e-5
2.716170004885198	4.0697752233034475e-5
2.718124084025403	1.5126823582541907e-6
2.720078163165608	5.521034951450705e-5
2.722032242305813	1.2209257471007472e-5
2.7239863214460187	5.7742820473111676e-5
2.7259404005862238	1.7910748489667347e-5
2.727894479726429	4.39217059544156e-5
2.729848558866634	1.4480574095718117e-5
2.7318026380068394	4.207472524145283e-5
2.7337567171470445	3.0895160546809703e-6
2.7357107962872496	5.094932411127233e-5
2.7376648754274546	2.9807096118490115e-6
2.73961895456766	5.71017998303546e-5
2.741573033707865	1.3396408522138779e-5
2.7435271128480703	4.296232664999951e-5
2.7454811919882753	1.3980932919341544e-5
2.747435271128481	3.7375744153074394e-5
2.749389350268686	1.4757124108787601e-5
2.751343429408891	5.889504033422741e-5
2.753297508549096	7.65139896899111e-6
2.7552515876893016	6.115971781148641e-5
2.7572056668295066	1.4284231696743134e-5
2.7591597459697117	3.8864663521252474e-5
2.7611138251099168	1.4430390493308879e-5
2.7630679042501223	4.470558125711269e-5
2.7650219833903273	1.5233619700452103e-5
2.7669760625305324	5.966343437717051e-5
2.7689301416707375	6.455086503896966e-6
2.770884220810943	5.329448265389845e-5
2.772838299951148	1.0236313132931893e-5
2.774792379091353	3.993788404599478e-5
2.776746458231558	1.332218115968008e-5
2.7787005373717637	4.574443116694547e-5
2.7806546165119688	1.3389701153754274e-5
2.782608695652174	5.408486634133192e-5
2.784562774792379	6.174325353428094e-6
2.7865168539325844	5.173550283852202e-5
2.7884709330727895	3.8134096028343665e-6
2.7904250122129945	3.73459153125948e-5
2.7923790913531996	2.1152983479380705e-5
2.794333170493405	4.495070789466004e-5
2.79628724963361	2.1529802238944393e-5
2.7982413287738153	5.8624280870864245e-5
2.8001954079140203	9.436775687845852e-6
2.802149487054226	4.982710880289584e-5
2.804103566194431	9.58901813139994e-6
2.806057645334636	3.199479939430558e-5
2.808011724474841	2.622487189797533e-5
2.8099658036150466	4.8790304703507636e-5
2.8119198827552516	2.3181664295446454e-5
2.8138739618954567	5.776404157860589e-5
2.8158280410356618	5.4685984834839575e-6
2.8177821201758673	4.268754954130662e-5
2.8197361993160723	1.6680449378309676e-5
2.8216902784562774	3.4258652147048775e-5
2.8236443575964825	2.684633723414348e-5
2.825598436736688	4.549330818880839e-5
2.827552515876893	2.423199773817408e-5
2.829506595017098	5.0435486315157965e-5
2.831460674157303	1.5049609404395476e-5
2.8334147532975087	4.249069727885615e-5
2.8353688324377138	1.855664411336831e-5
2.837322911577919	3.376184975434687e-5
2.839276990718124	3.290800360755792e-5
2.8412310698583294	4.758938916431284e-5
2.8431851489985345	2.8784752604465552e-5
2.8451392281387395	5.272446790346452e-5
2.8470933072789446	1.3851166398646113e-5
2.84904738641915	3.851552772691804e-5
2.851001465559355	2.4874100921060435e-5
2.8529555446995603	2.9996005804420203e-5
2.8549096238397653	3.963470468795838e-5
2.856863702979971	5.154815035899851e-5
2.858817782120176	2.4443225738591166e-5
2.860771861260381	4.7371677308132564e-5
2.862725940400586	1.3973596195515306e-5
2.8646800195407915	2.9013878755845758e-5
2.8666340986809966	3.252468021809576e-5
2.8685881778212017	3.2029462416784633e-5
2.8705422569614067	3.7951282389187585e-5
2.8724963361016123	4.378733307170503e-5
2.8744504152418173	2.823223078748795e-5
2.8764044943820224	3.988889385308028e-5
2.8783585735222275	2.4823019794025674e-5
2.880312652662433	3.230484292571231e-5
2.882266731802638	3.2138064588319844e-5
2.884220810942843	2.8782807433434122e-5
2.886174890083048	4.2243736964492e-5
2.8881289692232537	4.4407350988948155e-5
2.8900830483634588	3.058177620692425e-5
2.892037127503664	3.835086760055862e-5
2.893991206643869	2.567870613136967e-5
2.8959452857840744	2.698391781528767e-5
2.8978993649242795	4.17401332260231e-5
2.8998534440644845	2.9876826367939108e-5
2.9018075232046896	4.473327334486448e-5
2.903761602344895	4.4228467388962654e-5
2.9057156814851	2.5476715256087043e-5
2.9076697606253052	3.0232850503423603e-5
2.9096238397655103	2.9881684287533477e-5
2.911577918905716	1.7715792897960734e-5
2.913531998045921	4.74168256139074e-5
2.915486077186126	3.035351344907735e-5
2.917440156326331	4.2665836522822134e-5
2.9193942354665365	3.4626809476989735e-5
2.9213483146067416	3.2558277255945954e-5
2.9233023937469467	2.5475093928688455e-5
2.9252564728871517	3.730286758003782e-5
2.9272105520273572	2.125911526895222e-5
2.9291646311675623	4.385084208123028e-5
2.9311187103077674	2.361593851207005e-5
2.9330727894479725	4.933709234033796e-5
2.935026868588178	3.499292645934957e-5
2.936980947728383	3.426107545817532e-5
2.938935026868588	2.642041917679689e-5
2.940889106008793	3.3844264684672004e-5
2.9428431851489987	1.201670983311777e-5
2.9447972642892037	5.10513560767692e-5
2.946751343429409	2.7585257441677017e-5
2.948705422569614	4.55111277047683e-5
2.9506595017098194	2.814083265304425e-5
2.9526135808500245	3.425843782004831e-5
2.9545676599902295	2.0667979737111573e-5
2.9565217391304346	4.393710162871535e-5
2.95847581827064	1.134566988060598e-5
2.960429897410845	5.269021216913724e-5
2.9623839765510502	2.389291508080783e-5
2.9643380556912553	4.5525283393224545e-5
2.966292134831461	2.224082492676037e-5
2.968246213971666	3.909308603084439e-5
2.970200293111871	1.5406710471952054e-5
2.972154372252076	4.452327700280439e-5
2.9741084513922815	1.1618679785444596e-5
2.9760625305324866	4.906197163294026e-5
2.9780166096726917	1.6335306323042827e-5
2.9799706888128967	4.9151039462379e-5
2.9819247679531022	2.327761288554855e-5
2.9838788470933073	3.542758314151024e-5
2.9858329262335124	1.2242714111259742e-5
2.9877870053737174	4.344202087879951e-5
2.989741084513923	3.760409523543641e-6
2.991695163654128	5.5040935981534e-5
2.993649242794333	1.8014188614025075e-5
2.995603321934538	4.5586181140107844e-5
2.9975574010747437	2.0805966253611077e-5
2.9995114802149487	3.868811106411395e-5
3.001465559355154	6.78270306000186e-6
3.003419638495359	4.868943622802014e-5
3.0053737176355644	1.0532921979928403e-5
3.0073277967757694	5.5480601828254066e-5
3.0092818759159745	1.2217290350774355e-5
3.0112359550561796	4.537437096644728e-5
3.013190034196385	1.2113887226795268e-5
3.01514411333659	4.264080580539377e-5
3.0170981924767952	2.039822763768249e-6
3.0190522716170003	4.743965523726536e-5
3.021006350757206	2.6314774595518502e-6
3.022960429897411	5.202774084004913e-5
3.024914509037616	7.641450982164902e-6
3.026868588177821	4.4526519970965e-5
3.0288226673180265	1.4840851888467702e-5
3.0307767464582316	3.74772089361352e-5
3.0327308255984367	1.2062091294532534e-5
3.0346849047386417	5.0030686239194234e-5
3.0366389838788472	9.77366047720616e-6
3.0385930630190523	6.0231223833082934e-5
3.0405471421592574	8.63358145300517e-6
3.0425012212994624	4.264460142025936e-5
3.044455300439668	1.3799233036751987e-5
3.046409379579873	4.13860889802784e-5
3.048363458720078	1.370138509656114e-5
3.050317537860283	5.310943760341057e-5
3.0522716170004887	1.0439923057163153e-5
3.0542256961406937	5.626170785317274e-5
3.056179775280899	6.243140680733679e-6
3.058133854421104	4.069911380589682e-5
3.0600879335613094	1.2216526544086003e-5
3.0620420127015144	4.717820631835401e-5
3.0639960918417195	1.0925732028266421e-5
3.0659501709819246	5.1042772183655996e-5
3.06790425012213	6.092128695833585e-6
3.069858329262335	4.9972660645196e-5
3.07181240840254	2.6600296462266712e-6
3.0737664875427453	3.793208760359259e-5
3.075720566682951	1.908890274494384e-5
3.077674645823156	4.684396297421101e-5
3.079628724963361	1.5203161970718272e-5
3.081582804103566	4.780082996887188e-5
3.0835368832437715	1.2497677488522587e-5
3.0854909623839766	4.986608835277092e-5
3.0874450415241816	7.895870693177804e-6
3.0893991206643867	3.0273774810314825e-5
3.0913531998045922	2.404786639264778e-5
3.0933072789447973	4.422449834394514e-5
3.0952613580850024	2.3934142623643694e-5
3.0972154372252074	5.412159049169346e-5
3.099169516365413	9.2974328974614e-6
3.101123595505618	4.491494133976841e-5
3.103077674645823	1.1690580183078917e-5
3.105031753786028	3.443768966122273e-5
3.1069858329262336	2.190312603829863e-5
3.1089399120664387	4.177059620344575e-5
3.110893991206644	2.0776518130537324e-5
3.112848070346849	4.523970638899613e-5
3.1148021494870544	1.4846208501812803e-5
3.1167562286272594	3.7327527367003904e-5
3.1187103077674645	2.0611654724130153e-5
3.1206643869076696	3.427498318259556e-5
3.122618466047875	2.8675831363860162e-5
3.12457254518808	4.26610309781816e-5
3.126526624328285	2.549162714887708e-5
3.1284807034684903	4.826901532869678e-5
3.130434782608696	1.3199910135623906e-5
3.132388861748901	3.6431367457701464e-5
3.134342940889106	1.8737027251814297e-5
3.136297020029311	2.546636890351994e-5
3.1382510991695165	3.518420261600878e-5
3.1402051783097216	4.316991195252713e-5
3.1421592574499266	2.3618982070023458e-5
3.1441133365901317	3.975688621438724e-5
3.146067415730337	1.901329862979987e-5
3.1480214948705423	2.9288484530548924e-5
3.1499755740107473	2.9432415580285708e-5
3.1519296531509524	2.9273299331883677e-5
3.153883732291158	3.513722185219216e-5
3.155837811431363	3.944894482695841e-5
3.157791890571568	2.6028718509961627e-5
3.159745969711773	3.532374312101884e-5
3.1617000488519786	2.5200716643798455e-5
3.1636541279921837	2.660447910372489e-5
3.1656082071323888	3.1843873059458665e-5
3.167562286272594	2.6990268616470915e-5
3.1695163654127994	3.933474727020886e-5
3.1714704445530044	4.027272539315316e-5
3.1734245236932095	2.2966741301097763e-5
3.1753786028334146	2.575901813210488e-5
3.17733268197362	3.211102536003313e-5
3.179286761113825	2.6161223160935083e-5
3.18124084025403	3.648298999805656e-5
3.1831949193942353	2.5826191482044928e-5
3.185148998534441	3.895111858567927e-5
3.187103077674646	3.204101798015487e-5
3.189057156814851	3.252310038009314e-5
3.191011235955056	2.764144982234573e-5
3.1929653150952615	3.356121846393745e-5
3.1949193942354666	2.3898625505833758e-5
3.1968734733756716	4.144287385575058e-5
3.1988275525158767	2.6229889199643573e-5
3.200781631656082	3.8683451866982446e-5
3.2027357107962873	2.9655642125735552e-5
3.2046897899364923	3.0621380451764226e-5
3.2066438690766974	1.858615739051878e-5
3.208597948216903	3.826630845248329e-5
3.210552027357108	1.7822932557625268e-5
3.212506106497313	4.339278770155574e-5
3.214460185637518	2.0153751615603444e-5
3.2164142647777236	4.5795555817464656e-5
3.2183683439179287	2.8964519314812736e-5
3.2203224230581338	3.588911873575624e-5
3.222276502198339	1.7835912627568594e-5
3.2242305813385443	4.2671517001565865e-5
3.2261846604787494	1.705476979951931e-5
3.2281387396189545	4.8022901662334804e-5
3.2300928187591595	2.535320448870462e-5
3.232046897899365	4.067094866249901e-5
3.23400097703957	2.3599538646623363e-5
3.235955056179775	3.642636218461072e-5
3.2379091353199803	1.5122318136422435e-5
3.2398632144601858	3.9660993480588096e-5
3.241817293600391	9.893197334884868e-6
3.243771372740596	4.8497798157202725e-5
3.245725451880801	1.866121551115472e-5
3.2476795310210065	4.078053770597825e-5
3.2496336101612115	1.5139009417546214e-5
3.2515876893014166	4.019001540448054e-5
3.2535417684416217	8.200654723372024e-6
3.255495847581827	4.5962064368358115e-5
3.2574499267220323	1.0954448684823469e-5
3.2594040058622373	4.771872755879177e-5
3.2613580850024424	1.470915088042068e-5
3.263312164142648	4.136093034495642e-5
3.265266243282853	1.2201996044817576e-5
3.267220322423058	4.5901146483742555e-5
3.269174401563263	9.826692481767018e-6
3.2711284807034686	4.4212065714783844e-5
3.2730825598436737	7.4853392272328115e-6
3.2750366389838788	4.6642465971454644e-5
3.276990718124084	8.297198002487108e-6
3.2789447972642893	4.3716537097103236e-5
3.2808988764044944	7.005593914454789e-6
3.2828529555446995	4.616659804592833e-5
3.2848070346849045	3.6108298650608746e-6
3.28676111382511	4.7521866080924454e-5
3.288715192965315	4.666696611205789e-6
3.29066927210552	5.0141780597518915e-5
3.2926233512457252	9.415071409208537e-6
3.2945774303859308	4.0512576080278344e-5
3.296531509526136	4.620837141048735e-6
3.298485588666341	4.588880973911807e-5
3.300439667806546	9.211017899993244e-6
3.3023937469467515	5.246501105361395e-5
3.3043478260869565	4.307176651298665e-6
3.3063019052271616	4.788009639440536e-5
3.3082559843673667	5.895895262444495e-6
3.310210063507572	3.97852513914922e-5
3.3121641426477773	9.47233865824573e-6
3.3141182217879823	4.885906682739449e-5
3.3160723009281874	1.0417460373131365e-5
3.318026380068393	5.02953180789553e-5
3.319980459208598	1.3082453647603233e-6
3.321934538348803	4.542708738275221e-5
3.323888617489008	2.5879276099153626e-6
3.3258426966292136	3.681714681269646e-5
3.3277967757694187	1.320226369624102e-5
3.3297508549096237	4.780326323356984e-5
3.331704934049829	9.273976769381341e-6
3.3336590131900343	4.88492474019064e-5
3.3356130923302394	8.075158784385344e-6
3.3375671714704445	4.969762365999296e-5
3.3395212506106495	4.194771789184708e-6
3.341475329750855	4.07143372459876e-5
3.34342940889106	1.2085327196440835e-5
3.345383488031265	4.795122816949543e-5
3.3473375671714702	8.431430386556725e-6
3.3492916463116758	4.5597655932139574e-5
3.351245725451881	7.815990144301778e-6
3.353199804592086	4.3295499221432996e-5
3.355153883732291	7.848137045295805e-6
3.3571079628724965	3.514547336637576e-5
3.3590620420127015	2.1346685221631015e-5
3.3610161211529066	4.768306257945817e-5
3.3629702002931117	1.3029229347112192e-5
3.364924279433317	4.45840801228423e-5
3.3668783585735222	1.5124698581041097e-5
3.3688324377137273	4.4014898353155756e-5
3.3707865168539324	1.601351465164436e-5
3.372740595994138	3.999994187991088e-5
3.374694675134343	2.2377208487079644e-5
3.376648754274548	4.888330827114621e-5
3.378602833414753	1.2373972292369807e-5
3.3805569125549586	4.114745133857195e-5
3.3825109916951637	1.5048375232378894e-5
3.3844650708353687	3.719707956447112e-5
3.386419149975574	2.397875185805202e-5
3.3883732291157793	4.339142630967955e-5
3.3903273082559844	2.2415770195675427e-5
3.3922813873961895	4.7046996710647735e-5
3.3942354665363945	1.6066060422257277e-5
3.3961895456766	4.2390623695140095e-5
3.398143624816805	1.6266236212048866e-5
3.40009770395701	3.6172136015717324e-5
3.4020517830972152	2.353224767601814e-5
3.4040058622374207	3.802704168599288e-5
3.405959941377626	2.810351977067665e-5
3.407914020517831	5.052663333491034e-5
3.409868099658036	1.0304784096955768e-5
3.4118221787982415	3.4186459191128455e-5
3.4137762579384465	1.6255475450587357e-5
3.4157303370786516	2.591126324471881e-5
3.4176844162188567	3.138042701784435e-5
3.419638495359062	3.721484259141254e-5
3.4215925744992672	2.8175549104167755e-5
3.4235466536394723	4.129579679607601e-5
3.4255007327796774	2.0462719795491885e-5
3.427454811919883	3.145024451715581e-5
3.429408891060088	2.848700500618324e-5
3.431362970200293	3.3117125035341986e-5
3.433317049340498	3.0333442986946752e-5
3.4352711284807036	3.567668990404522e-5
3.4372252076209087	2.9205378273732693e-5
3.4391792867611137	4.0207861829725535e-5
3.441133365901319	1.7175161429205714e-5
3.4430874450415243	2.4161669808532946e-5
3.4450415241817294	3.0431413888611535e-5
3.4469956033219344	2.346540808204191e-5
3.4489496824621395	3.923049540263863e-5
3.450903761602345	3.48114865475759e-5
3.45285784074255	3.277226891860076e-5
3.454811919882755	3.782309978929465e-5
3.4567659990229602	2.03898882152613e-5
3.4587200781631657	1.9724593690323973e-5
3.460674157303371	3.7691865100419186e-5
3.462628236443576	2.484620041030252e-5
3.464582315583781	3.996583433570857e-5
3.4665363947239864	3.25141208791499e-5
3.4684904738641915	3.3946299327973164e-5
3.4704445530043966	3.088765199909261e-5
3.4723986321446016	2.7258888780472856e-5
3.474352711284807	1.8066584297358408e-5
3.4763067904250122	4.0292362806707244e-5
3.4782608695652173	2.435736696173468e-5
3.4802149487054224	3.905953788848201e-5
3.482169027845628	2.695506970629007e-5
3.484123106985833	3.517851058748569e-5
3.486077186126038	2.5791925998155817e-5
3.488031265266243	3.173111181573097e-5
3.4899853444064486	1.4088518368890351e-5
3.4919394235466537	4.553531298057701e-5
3.4938935026868587	2.2779227219353867e-5
3.495847581827064	4.2097062723011864e-5
3.4978016609672693	2.4620372511439302e-5
3.4997557401074744	3.904004944394968e-5
3.5017098192476794	2.4453306288096554e-5
3.5036638983878845	3.349870225663037e-5
3.50561797752809	1.0820204720988667e-5
3.507572056668295	4.9154377423415726e-5
3.5095261358085	2.2812475010472472e-5
3.511480214948705	4.454975078163577e-5
3.5134342940889107	2.787963883959157e-5
3.515388373229116	3.224807172641074e-5
3.517342452369321	1.80097033960962e-5
3.519296531509526	3.803538260736297e-5
3.5212506106497314	1.0170723210455126e-5
3.5232046897899365	4.762183909583292e-5
3.5251587689301416	1.974665026558809e-5
3.5271128480703466	4.2772814789178716e-5
3.529066927210552	2.1629058446808983e-5
3.531021006350757	3.4356069397457034e-5
3.5329750854909623	1.2054703388324813e-5
3.5349291646311674	3.947752844610624e-5
3.536883243771373	6.344527383274029e-6
3.538837322911578	4.992383086752928e-5
3.540791402051783	1.8619740580908778e-5
3.542745481191988	4.010845037648913e-5
3.5446995603321936	1.5178249325462627e-5
3.5466536394723986	3.601215330597185e-5
3.5486077186126037	1.399058002683373e-5
3.550561797752809	4.186996551968223e-5
3.5525158768930143	4.582104326413067e-6
3.5544699560332194	4.894240353033491e-5
3.5564240351734244	1.613639854093454e-5
3.5583781143136295	3.915326891509747e-5
3.560332193453835	1.08670264246817e-5
3.56228627259404	3.5514301475652926e-5
3.564240351734245	7.991004945699905e-6
3.56619443087445	4.6533708968727146e-5
3.5681485100146557	3.829729570199388e-6
3.570102589154861	4.8755516150672906e-5
3.572056668295066	7.934922166917118e-6
3.574010747435271	4.355390521744984e-5
3.5759648265754764	1.1015031196110962e-5
3.5779189057156815	3.640786353641998e-5
3.5798729848558866	8.230886434140402e-6
3.5818270639960916	4.183689467268075e-5
3.583781143136297	7.453374728453375e-6
3.585735222276502	4.871811212946506e-5
3.5876893014167073	5.133473407597378e-6
3.5896433805569123	4.130053518207381e-5
3.591597459697118	9.790420234489238e-6
3.593551538837323	3.908337260899503e-5
3.595505617977528	1.1220466420699063e-5
3.597459697117733	4.668365825323562e-5
3.5994137762579386	1.0541744691444668e-5
3.6013678553981436	5.0466247875886355e-5
3.6033219345383487	1.2368592351272032e-6
3.6052760136785538	4.322597490069083e-5
3.6072300928187593	1.1813390227299242e-5
3.6091841719589643	3.49098048793709e-5
3.6111382510991694	1.3745900357902039e-5
3.6130923302393745	4.45730933016241e-5
3.61504640937958	1.2986235059185133e-5
3.617000488519785	4.961788821672387e-5
3.61895456765999	3.376084425127219e-6
3.620908646800195	3.821732193134824e-5
3.6228627259404007	1.391389436369449e-5
3.6248168050806058	3.9807248301723556e-5
3.626770884220811	1.6363368417425618e-5
3.628724963361016	4.649891560044711e-5
3.6306790425012214	1.4379921187370906e-5
3.6326331216414265	4.976849630699472e-5
3.6345872007816316	8.290272266540028e-6
3.6365412799218366	4.1009228930625325e-5
3.638495359062042	1.2992701235642228e-5
3.640449438202247	3.651052513275334e-5
3.6424035173424523	1.9356913267315795e-5
3.6443575964826573	4.448466492113639e-5
3.646311675622863	1.57549016669386e-5
3.648265754763068	4.62736667412961e-5
3.650219833903273	1.2038590245949358e-5
3.652173913043478	3.518298645826285e-5
3.6541279921836836	2.1174298980118143e-5
3.6560820713238886	3.8078109829000336e-5
3.6580361504640937	2.4118326052587312e-5
3.6599902296042988	4.654383356851967e-5
3.6619443087445043	1.6404276128321073e-5
3.6638983878847093	4.469739719103111e-5
3.6658524670249144	1.4200312289005358e-5
3.6678065461651195	3.223397519885005e-5
3.669760625305325	2.515498698191542e-5
3.67171470444553	3.9628535868156286e-5
3.673668783585735	2.308253778610318e-5
3.67562286272594	4.270078895943403e-5
3.6775769418661457	1.8389105311852798e-5
3.6795310210063508	3.965871028958e-5
3.681485100146556	1.8722682213006025e-5
3.683439179286761	3.0226451376819814e-5
3.6853932584269664	2.7483288497090032e-5
3.6873473375671715	3.554042788952469e-5
3.6893014167073765	3.128870215540538e-5
3.6912554958475816	4.6398535092306813e-5
3.693209574987787	1.7897670458091106e-5
3.695163654127992	3.765413129311959e-5
3.6971177332681973	1.7947380310028982e-5
3.6990718124084023	2.521086094406703e-5
3.701025891548608	3.2410734612964585e-5
3.702979970688813	3.71465947057394e-5
3.704934049829018	2.729084728558887e-5
3.706888128969223	3.7674249553069004e-5
3.7088422081094286	2.0860203474542835e-5
3.7107962872496336	2.945854821579326e-5
3.7127503663898387	2.5579152625377543e-5
3.7147044455300438	2.280038984322728e-5
3.7166585246702493	3.7423035160107455e-5
3.7186126038104543	3.343761078089349e-5
3.7205666829506594	3.4422210470973356e-5
3.7225207620908645	3.761370489180162e-5
3.72447484123107	2.5482846845395133e-5
3.726428920371275	2.950388930527893e-5
3.72838299951148	2.860315486935213e-5
3.730337078651685	2.2848385343511852e-5
3.7322911577918907	3.886507356944856e-5
3.7342452369320958	3.173773489783537e-5
3.736199316072301	3.617006371537296e-5
3.738153395212506	3.69712617474503e-5
3.7401074743527114	2.331786314638003e-5
3.7420615534929165	2.2485882368205705e-5
3.7440156326331215	3.356403652172656e-5
3.7459697117733266	1.9190881873105442e-5
3.747923790913532	4.3868805233860745e-5
3.749877870053737	3.2087432391725994e-5
3.7518319491939423	3.553408678146976e-5
3.7537860283341473	2.898859392846866e-5
3.755740107474353	3.17295281406311e-5
3.757694186614558	2.3983643394810726e-5
3.759648265754763	3.783913817804581e-5
3.761602344894968	2.1368626393842933e-5
3.7635564240351735	4.218091249469288e-5
3.7655105031753786	2.8897023091097568e-5
3.7674645823155837	3.470498648814533e-5
3.7694186614557887	2.558437226915712e-5
3.7713727405959943	3.128376192748937e-5
3.7733268197361993	1.8795724786076376e-5
3.7752808988764044	4.109726313682485e-5
3.7772349780166095	1.696784256719758e-5
3.779189057156815	4.43551320929735e-5
3.78114313629702	2.2689505680281915e-5
3.783097215437225	4.0837005663022794e-5
3.78505129457743	2.406443743257608e-5
3.7870053737176357	3.4896525286001375e-5
3.7889594528578407	1.6177571656433024e-5
3.790913531998046	4.433852221708957e-5
3.792867611138251	1.7894322927983235e-5
3.7948216902784564	4.513089438071309e-5
3.7967757694186615	2.4335054260634533e-5
3.7987298485588665	3.5262938810551484e-5
3.8006839276990716	1.738194560062824e-5
3.802638006839277	3.7066583327294055e-5
3.804592085979482	1.277708113959589e-5
3.8065461651196872	4.51885109656404e-5
3.8085002442598923	1.4220659321708067e-5
3.810454323400098	4.5906817800511945e-5
3.812408402540303	1.893617054461412e-5
3.814362481680508	3.886690804996251e-5
3.816316560820713	1.605309226340722e-5
3.8182706399609185	3.650744090920684e-5
3.8202247191011236	6.494487345131418e-6
3.8221787982413287	4.828005064110176e-5
3.8241328773815337	1.490429574891662e-5
3.8260869565217392	4.371765551788866e-5
3.8280410356619443	1.5252959281659355e-5
3.8299951148021494	3.7454063079206725e-5
3.8319491939423544	1.2337267344770385e-5
3.83390327308256	3.713935278882445e-5
3.835857352222765	4.063741674027226e-6
3.83781143136297	4.627172214121091e-5
3.839765510503175	9.419842370723349e-6
3.8417195896433807	4.5016708338523935e-5
3.8436736687835857	1.0467639958918425e-5
3.845627747923791	4.054754983866786e-5
3.847581827063996	9.154488874874743e-6
3.8495359062042014	4.022355853540599e-5
3.8514899853444065	2.584849855443898e-6
3.8534440644846115	4.55798949923942e-5
3.8553981436248166	9.4015455187764e-6
3.857352222765022	4.444527759068482e-5
3.859306301905227	6.967851455134698e-6
3.8612603810454322	3.949681973325567e-5
3.8632144601856373	6.509093164872237e-6
3.865168539325843	4.186559276412816e-5
3.867122618466048	4.576965727140082e-6
3.869076697606253	4.767149574393748e-5
3.871030776746458	4.3491238057973336e-6
3.8729848558866635	4.103869389937429e-5
3.8749389350268686	3.7146880499510058e-6
3.8768930141670737	4.08789912649869e-5
3.8788470933072787	7.1777650739314075e-6
3.8808011724474842	4.008258341743112e-5
3.8827552515876893	6.593671235660391e-6
3.8847093307278944	4.38520426199564e-5
3.8866634098680994	5.689567596238571e-6
3.888617489008305	4.4817238767917006e-5
3.89057156814851	8.567315691253142e-6
3.892525647288715	3.465631148443298e-5
3.89447972642892	1.2033679147948982e-5
3.8964338055691257	3.7721383885307454e-5
3.8983878847093307	1.6692852062287577e-5
3.900341963849536	4.9290162280436224e-5
3.902296042989741	4.815037412633823e-6
3.9042501221299464	4.090995707024309e-5
3.9062042012701514	1.0621203578910637e-5
3.9081582804103565	3.75911737906093e-5
3.9101123595505616	1.3293434694212666e-5
3.912066438690767	3.9039857154072e-5
3.914020517830972	1.6951139724254615e-5
3.9159745969711772	4.544033662654429e-5
3.9179286761113823	1.0569601572902368e-5
3.919882755251588	4.0607423909316645e-5
3.921836834391793	1.293823939731465e-5
3.923790913531998	3.686943903990476e-5
3.925744992672203	1.8335596858120734e-5
3.9276990718124085	3.9928109250445565e-5
3.9296531509526136	1.953418599046834e-5
3.9316072300928187	4.608640149200249e-5
3.9335613092330237	1.0528855686316772e-5
3.9355153883732292	3.599634996203607e-5
3.9374694675134343	1.799205705334724e-5
3.9394235466536394	3.7315184103568325e-5
3.9413776257938444	1.9813151906271045e-5
3.94333170493405	3.7600952513303724e-5
3.945285784074255	2.3005688961681014e-5
3.94723986321446	4.4692961723753665e-5
3.949193942354665	1.3158315360563875e-5
3.9511480214948707	3.482800069891272e-5
3.9531021006350757	2.016921600647062e-5
3.955056179775281	3.268317981941984e-5
3.957010258915486	2.513041820718532e-5
3.9589643380556914	3.760742050740961e-5
3.9609184171958964	2.4461231869331368e-5
3.9628724963361015	4.19052278028595e-5
3.9648265754763066	1.4965022362914138e-5
3.966780654616512	3.046229668059729e-5
3.968734733756717	2.4554290505945067e-5
3.970688812896922	3.0206801118758274e-5
3.9726428920371273	2.745726439932335e-5
3.974596971177333	3.208514653097293e-5
3.976551050317538	3.0221254519205148e-5
3.978505129457743	3.794662317726723e-5
3.980459208597948	2.116970165327175e-5
3.9824132877381535	2.659127886553528e-5
3.9843673668783586	3.167758791301882e-5
3.9863214460185636	3.062904903487153e-5
3.9882755251587687	3.222510563193758e-5
3.990229604298974	3.179404803566271e-5
3.9921836834391793	3.321478255293429e-5
3.9941377625793844	3.4540084887580714e-5
3.9960918417195894	2.857897629577449e-5
3.998045920859795	2.6937182910370088e-5
4.0	1.9639434809530506e-5
