0.0	-0.15561963874358825
0.125	-0.35080269265170216
0.25	-0.5567862878337688
0.375	-0.7718294831149844
0.5	-0.9935493133789968
0.625	-1.2199687672209165
0.75	-1.4480038842428766
0.875	-1.6749545258249536
1.0	-1.897409087892607
1.125	-2.111915065708326
1.25	-2.315193535379265
1.375	-2.5030383439940564
1.5	-2.6720759212330374
1.625	-2.819198602020015
1.75	-2.9426761838317335
1.875	-3.041173512759581
2.0	-3.11161262604913
2.125	-3.154718887837132
2.25	-3.169728068451237
2.375	-3.1546850092057364
2.5	-3.1079683661636905
2.625	-3.0281532644011815
2.75	-2.9212685348179686
2.875	-2.7830843229408373
3.0	-2.6172338539752253
3.125	-2.4251119681494466
3.25	-2.2087887748967985
3.375	-1.971114622457341
3.5	-1.7110132827309994
3.625	-1.432927966234962
3.75	-1.1412642632881074
3.875	-0.8366757516002851
4.0	-0.5252189989907016
4.125	-0.20991358067214097
4.25	0.10134030028217327
4.375	0.4033088832234277
4.5	0.6921768387043677
4.625	0.9626583635582934
4.75	1.2137336485381822
4.875	1.4424364246893218
5.0	1.6485700962346928
5.125	1.8323036327947742
5.25	1.9921492545313273
5.375	2.1276054212564133
5.5	2.236932149388542
5.625	2.319678634877742
5.75	2.375070534767187
5.875	2.402980677355816
6.0	2.403098668581963
6.125	2.3748349378942435
6.25	2.3187906514073098
6.375	2.237047769215948
6.5	2.1319852917393
6.625	2.008137712321282
6.75	1.87140511754702
6.875	1.7266420228887958
7.0	1.5780943219831356
7.125	1.429295746622171
7.25	1.2848181003213497
7.375	1.1478862242638053
7.5	1.0212460998678807
7.625	0.9078086684545719
7.75	0.8104640183673564
7.875	0.7316306069360137
8.0	0.6735795185078757
8.125	0.6376816424711271
8.25	0.6236573924642923
8.375	0.6281978420094301
8.5	0.6485846705231374
8.625	0.6799095235430166
8.75	0.7205804732469067
8.875	0.7664716622095281
9.0	0.8182079715198293
9.125	0.8747394227816339
9.25	0.9338153493555439
9.375	0.9948260953411404
9.5	1.0541215083620774
9.625	1.1098195411481169
9.75	1.1570331238208496
9.875	1.1939007461678923
10.0	1.219845166631707
10.125	1.2322453936276059
10.25	1.2281603879054268
10.375	1.2069487054829904
10.5	1.1676258792580263
10.625	1.107421393351862
10.75	1.0257219312406716
10.875	0.9233390784835203
11.0	0.799814027098214
11.125	0.6560733206229531
11.25	0.4921413433934484
11.375	0.3100445767400632
11.5	0.11030191901613828
11.625	-0.10483564503323953
11.75	-0.3324919144245426
11.875	-0.5695439125397433
12.0	-0.8117583238920707
12.125	-1.0560783621382337
12.25	-1.2993909808369088
12.375	-1.538387380887321
12.5	-1.7698211555587227
12.625	-1.990477443106917
12.75	-2.198559997514607
12.875	-2.3916284869494877
13.0	-2.5683330795081467
13.125	-2.7277334544736074
13.25	-2.8689625346906196
13.375	-2.9918701993618884
13.5	-3.095424406249752
13.625	-3.179809103065309
13.75	-3.244689395491177
13.875	-3.2898857681609703
14.0	-3.3152430100910517
14.125	-3.320671907782176
14.25	-3.306315330709903
14.375	-3.2716190727321295
14.5	-3.2164595354605456
14.625	-3.141967983985874
14.75	-3.049172326109158
14.875	-2.9398797610188145
15.0	-2.8155949283374753
15.125	-2.6785639311254275
15.25	-2.529934490947045
15.375	-2.371421090770971
15.5	-2.2042912025839776
15.625	-2.030828753583268
15.75	-1.8528195648616843
15.875	-1.6726811446543317
16.0	-1.4911966287219505
16.125	-1.3084072975543992
16.25	-1.1224032199553693
16.375	-0.9325748759074576
16.5	-0.7372054497060997
16.625	-0.536428819823189
16.75	-0.3286280561960868
16.875	-0.11390995962986637
17.0	0.11031583032153015
17.125	0.3448099281472736
17.25	0.5898669977460658
17.375	0.844931947808667
17.5	1.1091441638306259
17.625	1.3813136834777482
17.75	1.6599888235984357
17.875	1.9468744046052433
18.0	2.2420951188971308
18.125	2.5448885037117583
18.25	2.8549156678529037
18.375	3.1696887047656848
18.5	3.4850042066367584
18.625	3.7940381489450865
18.75	4.0880265875129265
18.875	4.359214025873143
19.0	4.6051342120988705
19.125	4.831344948529425
19.25	5.047084761795436
19.375	5.259303877829904
19.5	5.465980430092437
19.625	5.652290830483587
19.75	5.794131173622699
19.875	5.865463150899854
20.0	5.848770224127115
20.125	5.739632477161952
20.25	5.546734190765465
20.375	5.288149142367324
20.5	4.985371855424071
20.625	4.658212167699652
20.75	4.319033393079559
20.875	3.9694795267466985
21.0	3.5992176164859058
21.125	3.1888684216193592
21.25	2.7177266918211718
21.375	2.174102027806191
21.5	1.5631587624426113
21.625	0.9078568033357552
21.75	0.24323730237582053
21.875	-0.39644157566413213
22.0	-0.9881349799106164
22.125	-1.524607914361349
22.25	-2.0115500126542734
22.375	-2.461635162841449
22.5	-2.8877248067389756
22.625	-3.2982325105433445
22.75	-3.6941338845737963
22.875	-4.071732526347068
23.0	-4.422626372352338
23.125	-4.737501538088302
23.25	-5.006819358389035
23.375	-5.2246428448332765
23.5	-5.387746556526711
23.625	-5.4981957658105065
23.75	-5.559864535077289
23.875	-5.580538975538602
24.0	-5.569198810022684
24.125	-5.526900770445563
24.25	-5.454105631032896
24.375	-5.349951215276994
24.5	-5.2114320896276345
24.625	-5.04270977468259
24.75	-4.844881745242405
24.875	-4.619760739762486
25.0	-4.372998136110292
25.125	-4.112096462968896
25.25	-3.842598191720245
25.375	-3.567950790253487
25.5	-3.290122554931687
25.625	-3.009288718427333
25.75	-2.7241654552183334
25.875	-2.4342787938798818
26.0	-2.1397301510708613
26.125	-1.8412005068855193
26.25	-1.5385246279616671
26.375	-1.2325498396122898
26.5	-0.9225174060428303
26.625	-0.6081052384491774
26.75	-0.28836401407577517
26.875	0.03657882365354239
27.0	0.3659466399446743
27.125	0.6981519677818742
27.25	1.0309047946434082
27.375	1.3620347444238952
27.5	1.6905459758409276
27.625	2.015560864753738
27.75	2.3367788462529866
27.875	2.651874345604152
28.0	2.9570405642752737
28.125	3.2475057314853633
28.25	3.5192716903221695
28.375	3.770622685645057
28.5	4.002267289173923
28.625	4.216134920234483
28.75	4.413888948958598
28.875	4.591649205416667
29.0	4.741946332001533
29.125	4.8532784602034
29.25	4.915235402229205
29.375	4.919435441313955
29.5	4.864672616234935
29.625	4.755228249796087
29.75	4.599192633484262
29.875	4.403878315076816
30.0	4.17610955434457
30.125	3.9174827726509727
30.25	3.627757128006851
30.375	3.3047015123089216
30.5	2.949764865625891
30.625	2.5648226675713035
30.75	2.1552483016002704
30.875	1.7311805926762565
31.0	1.3033713012592034
31.125	0.883299809866245
31.25	0.47914908009950036
31.375	0.09884980390843141
31.5	-0.2549348898462295
31.625	-0.5804977092607603
31.75	-0.8811975891681239
31.875	-1.15839072464557
32.0	-1.415237389021818
32.125	-1.6514271908003175
32.25	-1.8654164784554759
32.375	-2.056683637232464
32.5	-2.221395439750758
32.625	-2.3587398090042093
32.75	-2.467120162657365
32.875	-2.5479033796157893
33.0	-2.6016647486287
33.125	-2.631333113483825
33.25	-2.639632271633156
33.375	-2.629078268074731
33.5	-2.6008465235335407
33.625	-2.557474660068061
33.75	-2.4997096063524564
33.875	-2.428826420214288
34.0	-2.3456235617100787
34.125	-2.252284198392281
34.25	-2.150953590974175
34.375	-2.0447984247360154
34.5	-1.9377528293891448
34.625	-1.8340516686336932
34.75	-1.7369864033134774
34.875	-1.6492730892433178
35.0	-1.572210703754192
35.125	-1.505920953120715
35.25	-1.448540417195736
35.375	-1.3973617623229269
35.5	-1.349013682709174
35.625	-1.3002086782583189
35.75	-1.247497136524959
35.875	-1.1872302293755994
36.0	-1.116140640454299
36.125	-1.0308610603046393
36.25	-0.9293539756800216
36.375	-0.8109954848584453
36.5	-0.6769298395764378
36.625	-0.5292945824316151
36.75	-0.3701494495544231
36.875	-0.20204024486764452
37.0	-0.026102436245258667
37.125	0.15752024504911008
37.25	0.3483078798558262
37.375	0.545435823502006
37.5	0.7475388797346856
37.625	0.953068634073972
37.75	1.1596953699476538
37.875	1.3647484334163378
38.0	1.5672908826703371
38.125	1.7657394931191719
38.25	1.9581843202279046
38.375	2.142687920427596
38.5	2.316672256753103
38.625	2.476652072237516
38.75	2.6196539965924712
38.875	2.7417084489009413
39.0	2.8387737854532142
39.125	2.9073690374949184
39.25	2.943231122362557
39.375	2.9442285424581884
39.5	2.908818278769619
39.625	2.8376483556207366
39.75	2.732218096989481
39.875	2.5952447484099257
40.0	2.4291796232171703
40.125	2.2361184884595473
40.25	2.017548179367575
40.375	1.7745747308636641
40.5	1.5094707009022081
40.625	1.2251984053079947
40.75	0.9270708061571827
40.875	0.6211991537798517
41.0	0.3137718015045101
41.125	0.01075298831687654
41.25	-0.28338796875010214
41.375	-0.5654240811626595
41.5	-0.8334832935420126
41.625	-1.0870235167407278
41.75	-1.3253105522340125
41.875	-1.5482520127995119
42.0	-1.7553724607696568
42.125	-1.9464745926290525
42.25	-2.1211568765573725
42.375	-2.2792476056422024
42.5	-2.4201230174950394
42.625	-2.543374923257141
42.75	-2.6472450314857356
42.875	-2.7305109602303768
43.0	-2.791931902904071
43.125	-2.8310868426468065
43.25	-2.8488089462696475
43.375	-2.8462127277639215
43.5	-2.8242574752833254
43.625	-2.7832702978393313
43.75	-2.723285597077301
43.875	-2.644344276002856
44.0	-2.5469375085184214
44.125	-2.433241737368225
44.25	-2.306187335454998
44.375	-2.1671217659302693
44.5	-2.0173483295848165
44.625	-1.8591451728751998
44.75	-1.6917988234234969
44.875	-1.5151371041604622
45.0	-1.3288057712810557
45.125	-1.1317676156106036
45.25	-0.9264645576009659
45.375	-0.7131239658749896
45.5	-0.4933433883440545
45.625	-0.2686029458347903
45.75	-0.039138304382438704
45.875	0.19219125174573165
46.0	0.42490821252473027
46.125	0.6564619412373685
46.25	0.8828102147090404
46.375	1.1014266138965056
46.5	1.3093740193279035
46.625	1.5068305565718147
46.75	1.6940745593513304
46.875	1.870247730520573
47.0	2.034393614019412
47.125	2.1838858284872065
47.25	2.317175775385516
47.375	2.4330703183626428
47.5	2.5315244840629547
47.625	2.612495721187085
47.75	2.67626921602375
47.875	2.7224112299773555
48.0	2.751358951937682
48.125	2.76329762314945
48.25	2.7589132519267068
48.375	2.738468127808184
48.5	2.702760633388197
48.625	2.652927296782756
48.75	2.590107854865496
48.875	2.5156324437291144
49.0	2.43135824350584
49.125	2.33916094946632
49.25	2.241121274941356
49.375	2.1380070743868558
49.5	2.0312089344179034
49.625	1.9207697916028204
49.75	1.8074328735362382
49.875	1.6903662855633774
50.0	1.5693963745321176
50.125	1.4431737910314688
50.25	1.3108715971603628
50.375	1.1718408824837805
50.5	1.0256744382273275
50.625	0.8726975124038203
50.75	0.71329298816772
50.875	0.5479573650621565
51.0	0.377453791219911
51.125	0.20072909240750256
51.25	0.01825307848514264
51.375	-0.17187177506804727
51.5	-0.37025371913518956
51.625	-0.5781911861890503
51.75	-0.7955647899357965
51.875	-1.0218547743568178
52.0	-1.2552832637421498
52.125	-1.4930573607605049
52.25	-1.731091714669456
52.375	-1.9668303075412936
52.5	-2.1963610636001554
52.625	-2.417376293293415
52.75	-2.6272255035811853
52.875	-2.824255094934017
53.0	-3.0054484848848246
53.125	-3.170692937401546
53.25	-3.3183929766288265
53.375	-3.4477743788839206
53.5	-3.556780147270835
53.625	-3.64476761259199
53.75	-3.7110110151297966
53.875	-3.7539440512602833
54.0	-3.773689822399116
54.125	-3.770195548320818
54.25	-3.743974690273569
54.375	-3.6956664258465275
54.5	-3.624852195352674
54.625	-3.531981307587135
54.75	-3.4156261267140047
54.875	-3.2752029791664707
55.0	-3.1099812798288458
55.125	-2.9195728144201714
55.25	-2.703895262620931
55.375	-2.462585527527387
55.5	-2.196645817661305
55.625	-1.9084889865373593
55.75	-1.6017412572737086
55.875	-1.2807969763390332
56.0	-0.9495121715408598
56.125	-0.6116597858026751
56.25	-0.26910514884081965
56.375	0.07606521321064821
56.5	0.4225688255478893
56.625	0.7681992752440163
56.75	1.1105242221368292
56.875	1.446520313261894
57.0	1.7729828840308846
57.125	2.0875394927393933
57.25	2.3892255185667604
57.375	2.6781152799415056
57.5	2.955494280035013
57.625	3.2210487279299143
57.75	3.473292844947026
57.875	3.7094069988271827
58.0	3.9257230591025865
58.125	4.11985967084015
58.25	4.290649942827595
58.375	4.439743507839845
58.5	4.568724039549351
58.625	4.677006616617687
58.75	4.762306745729633
58.875	4.818438326243429
59.0	4.836988009717204
59.125	4.809356005563436
59.25	4.729395208280793
59.375	4.596109187945651
59.5	4.410174412006086
59.625	4.179907869968338
59.75	3.9138533110419136
59.875	3.6221608520741015
60.0	3.3110227059841137
60.125	2.983870277510762
60.25	2.640175376168687
60.375	2.2740712459589525
60.5	1.8806319311412067
60.625	1.4553285277833932
60.75	1.0000626549921476
60.875	0.5217683994476898
61.0	0.032624233042151854
61.125	-0.4537025568648415
61.25	-0.923993259073346
61.375	-1.3675675220876322
61.5	-1.7786781512877154
61.625	-2.155038023763871
61.75	-2.497162581996785
61.875	-2.8064674416173303
62.0	-3.084427984596709
62.125	-3.3311029584109737
62.25	-3.5455658326546926
62.375	-3.725352837758636
62.5	-3.867591341091508
62.625	-3.9692067924176704
62.75	-4.028312487596486
62.875	-4.045031089533244
63.0	-4.020759468565445
63.125	-3.959453804070517
63.25	-3.865851046652635
63.375	-3.744996050113891
63.5	-3.6005633575400897
63.625	-3.4352819510971386
63.75	-3.2509094940496546
63.875	-3.0489583018688333
64.0	-2.8320598569957087
64.125	-2.6047108414603417
64.25	-2.3725039569901
64.375	-2.141493796754124
64.5	-1.917096887081764
64.625	-1.7027609827355952
64.75	-1.500548360977638
64.875	-1.310419229354217
65.0	-1.1314561430678605
65.125	-0.962330833936061
65.25	-0.8021393761122011
65.375	-0.6481702624847795
65.5	-0.4964342187764896
65.625	-0.34672674966353556
65.75	-0.1986247089152769
65.875	-0.047785630881387785
66.0	0.10669253692581025
66.125	0.2683242344235412
66.25	0.4258854167699647
66.375	0.5959423098496553
66.5	0.7549419838362693
66.625	0.9190506773353557
66.75	1.0946757711815918
66.875	1.2743436855419474
67.0	1.4347438636034648
67.125	1.6094943787171656
67.25	1.7826293563513165
67.375	1.9408995118756465
67.5	2.099099131885788
67.625	2.237001730463417
67.75	2.372582542955278
67.875	2.498380865094135
68.0	2.609718938938841
68.125	2.70483832922722
68.25	2.781496290981531
68.375	2.839984758034394
68.5	2.874434754079469
68.625	2.880171164564754
68.75	2.855441773843363
68.875	2.7975995136924117
69.0	2.7064608600758753
69.125	2.582263180861024
69.25	2.4259163338180763
69.375	2.2396403819332042
69.5	2.025643886564361
69.625	1.786829493276024
69.75	1.5273081095326022
69.875	1.249757056413896
70.0	0.9576914977518871
70.125	0.6545605360704033
70.25	0.343949148298
70.375	0.029730974699585123
70.5	-0.28517024370568894
70.625	-0.5960342903797423
70.75	-0.8984548915963818
70.875	-1.1876570279177365
71.0	-1.457978601751208
71.125	-1.7038172018733817
71.25	-1.9204765964443606
71.375	-2.1047315910467597
71.5	-2.2552800865946527
71.625	-2.3719430589527284
71.75	-2.4556772111223824
71.875	-2.507366479313092
72.0	-2.527781680074238
72.125	-2.5179441279940655
72.25	-2.479113029551765
72.375	-2.412221184090279
72.5	-2.3195303735039965
72.625	-2.2019144930547965
72.75	-2.0601570237982725
72.875	-1.895944407765803
73.0	-1.7107977132250671
73.125	-1.508428386862811
73.25	-1.292987354469417
73.375	-1.0720606637114647
73.5	-0.852608145293866
73.625	-0.6404162396045177
73.75	-0.4397890964747313
73.875	-0.25446419574084095
74.0	-0.08449543018791597
74.125	0.07083792623117506
74.25	0.21302646039187279
74.375	0.34253240385685585
74.5	0.461684122929753
74.625	0.5711221015256307
74.75	0.6726502519433228
74.875	0.7676537131414479
75.0	0.8572813795344371
75.125	0.9422786772133477
75.25	1.0225500908622145
75.375	1.097381890782811
75.5	1.1669764734969044
75.625	1.2313841443459268
75.75	1.2919465203815113
75.875	1.3487319265243567
76.0	1.4017942718118734
76.125	1.450285028863787
76.25	1.4936405305671383
76.375	1.5321485209663914
76.5	1.5670174084988506
76.625	1.5996102380935004
76.75	1.6312315781865339
76.875	1.6611729579344463
77.0	1.6871212197781098
77.125	1.7055078654830838
77.25	1.7137543513503148
77.375	1.7106579995603415
77.5	1.6951401496290077
77.625	1.6658870019773548
77.75	1.621261259897317
77.875	1.5592929745983453
78.0	1.4784183878393244
78.125	1.377296317673093
78.25	1.2573983473494146
78.375	1.1202527969517584
78.5	0.9667820324548032
78.625	0.7973239314908451
78.75	0.6115384937464119
78.875	0.41029027184764993
79.0	0.19501950859766806
79.125	-0.03276883156794643
79.25	-0.27052347675802935
79.375	-0.5164528341255854
79.5	-0.7665251312632727
79.625	-1.0178295569438407
79.75	-1.266986228499485
79.875	-1.5102111947795536
80.0	-1.7445032142602686
80.125	-1.9672272334557377
80.25	-2.1749944210560783
80.375	-2.3666096337113203
80.5	-2.539104059466826
80.625	-2.692760997195518
80.75	-2.824569837006223
80.875	-2.934349633331917
81.0	-3.0214777108430977
81.125	-3.085679447411087
81.25	-3.1279135629615293
81.375	-3.148137505060412
81.5	-3.1468249804347486
81.625	-3.123856306653576
81.75	-3.079185083409323
81.875	-3.0132872599254417
82.0	-2.924842792192175
82.125	-2.8144903806481
82.25	-2.6817288369378964
82.375	-2.526413604006017
82.5	-2.3487638845342356
82.625	-2.149891418151656
82.75	-1.9314661652011742
82.875	-1.6962451201756048
83.0	-1.446346928856019
83.125	-1.1837913682120358
83.25	-0.9092916566001773
83.375	-0.6236031510679416
83.5	-0.3277530056312092
83.625	-0.023800849003450784
83.75	0.28517262647536984
83.875	0.5955614848282843
84.0	0.9038758258566049
84.125	1.2072692944792984
84.25	1.503440308149672
84.375	1.7909894650102032
84.5	2.0687279009272284
84.625	2.3352092446099846
84.75	2.588384456298171
84.875	2.825929155083418
85.0	3.045916679211569
85.125	3.2469112069999815
85.25	3.427756339736924
85.375	3.587914130437731
85.5	3.726421981845124
85.625	3.8425207642218737
85.75	3.9343963753461524
85.875	4.00031256081445
86.0	4.038490200108984
86.125	4.0483213810830145
86.25	4.029383050604822
86.375	3.9810173002338147
86.5	3.9036186202250494
86.625	3.7975803425629935
86.75	3.664290110069099
86.875	3.5048511081166436
87.0	3.31899008973506
87.125	3.1103432881783997
87.25	2.8796294383357672
87.375	2.6326765630024465
87.5	2.3723705104311894
87.625	2.0925296357577157
87.75	1.7981660365620655
87.875	1.4904544841336902
88.0	1.173191989545734
88.125	0.8532611955721656
88.25	0.5302736588634058
88.375	0.20289572535530906
88.5	-0.12099046386594779
88.625	-0.44144011683285167
88.75	-0.7619622422517016
88.875	-1.07890300779924
89.0	-1.3926006124888055
89.125	-1.7010275874334033
89.25	-2.0004963523141757
89.375	-2.2889252139479543
89.5	-2.564969305825737
89.625	-2.8268931567829614
89.75	-3.071577919117351
89.875	-3.2961657433612017
90.0	-3.498937721440979
90.125	-3.678787983900624
90.25	-3.835162901638128
90.375	-3.968569254255476
90.5	-4.07859057780113
90.625	-4.165313618908167
90.75	-4.227454238837464
90.875	-4.26359912276649
91.0	-4.272650785819474
91.125	-4.25363487992974
91.25	-4.206377300410548
91.375	-4.130135328725287
91.5	-4.025202124464062
91.625	-3.892484788291705
91.75	-3.7328826724170847
91.875	-3.5477905140219557
92.0	-3.3388131370563974
92.125	-3.106771927483824
92.25	-2.852927843753002
92.375	-2.5774369044098093
92.5	-2.282510200179201
92.625	-1.9698026995987545
92.75	-1.642352734931146
92.875	-1.303338196331489
93.0	-0.9565338967126131
93.125	-0.6055821466966682
93.25	-0.25472734423498594
93.375	0.09301323659827611
93.5	0.43428214610228266
93.625	0.7677949976419923
93.75	1.091597149270212
93.875	1.4055325725424235
94.0	1.7089499063361753
94.125	2.0002410330690563
94.25	2.277427224972093
94.375	2.537387681784666
94.5	2.778776881170872
94.625	2.9998017309489735
94.75	3.19913651587765
94.875	3.3763567563267083
95.0	3.5313910340940464
95.125	3.6651861904043184
95.25	3.776560433242683
95.375	3.865643804088549
95.5	3.9314407866295333
95.625	3.9740896531951373
95.75	3.992101475020765
95.875	3.9841661437691624
96.0	3.9501456651033284
96.125	3.8899532025768284
96.25	3.805047664114343
96.375	3.6944752716798503
96.5	3.560714215493009
96.625	3.403871774331037
96.75	3.2245051741757536
96.875	3.02261466813822
97.0	2.7993391125343607
97.125	2.555447580107934
97.25	2.292933498332685
97.375	2.0141694051797012
97.5	1.7227286775490236
97.625	1.4213010794141863
97.75	1.1138872897253804
97.875	0.8036767165911847
98.0	0.49319150305989934
98.125	0.18447569225560276
98.25	-0.12046615130814116
98.375	-0.4202064924443781
98.5	-0.7141963563369432
98.625	-1.0027839072027875
98.75	-1.2859151017936172
98.875	-1.5642259372252882
99.0	-1.8379882412337463
99.125	-2.1072840552244165
99.25	-2.3711163796576966
99.375	-2.6270703727833093
99.5	-2.872152274752748
99.625	-3.102112528293814
99.75	-3.312148457685771
99.875	-3.49879584349755
100.0	-3.659095679364702
100.125	-3.791180484699361
100.25	-3.8929568081508954
100.375	-3.962747621674452
100.5	-3.9986084167615363
100.625	-3.9966915926006767
100.75	-3.9556546367393772
100.875	-3.8739726825311176
101.0	-3.7509258812854838
101.125	-3.588083068640229
101.25	-3.388743902470316
101.375	-3.1581742463110762
101.5	-2.8986159667054827
101.625	-2.6145982207314935
101.75	-2.309549997912315
101.875	-1.9853258644335756
102.0	-1.6446970519537394
102.125	-1.2891902159169806
102.25	-0.9230360923870301
102.375	-0.5509193401041911
102.5	-0.17808759737550447
102.625	0.1914869231080008
102.75	0.552745300918006
102.875	0.9025436398305485
103.0	1.2362554286306315
103.125	1.5524216771187573
103.25	1.8487458082572126
103.375	2.122284835159725
103.5	2.369928832261523
103.625	2.588412966341481
103.75	2.7755174091001193
103.875	2.9297296302688
104.0	3.0499377762359776
104.125	3.136605506575191
104.25	3.1894823833526633
104.375	3.2106962337086244
104.5	3.203108472010636
104.625	3.1697131689991505
104.75	3.112569488927573
104.875	3.034763128913891
105.0	2.93843021593147
105.125	2.8252871930003156
105.25	2.6957325866166704
105.375	2.550827178002782
105.5	2.3919688658649845
105.625	2.219440129942732
105.75	2.034118081262691
105.875	1.8369634951691522
106.0	1.6294860004319787
106.125	1.4136930049671752
106.25	1.1916126449293885
106.375	0.9661967723832402
106.5	0.739783722961636
106.625	0.5142885238818217
106.75	0.2913381847591407
106.875	0.07142197623824455
107.0	-0.14474432615650823
107.125	-0.3568045829914374
107.25	-0.563866472869741
107.375	-0.7650801186232077
107.5	-0.958966778824685
107.625	-1.1443841200473543
107.75	-1.3212168577210321
107.875	-1.4896513678720145
108.0	-1.6488018454627549
108.125	-1.797981074099838
108.25	-1.9363275202712955
108.375	-2.0626014194645292
108.5	-2.1748824241946543
108.625	-2.27139536523924
108.75	-2.3509042712053154
108.875	-2.4131835613940296
109.0	-2.458770584560182
109.125	-2.4885150730981516
109.25	-2.5045054772676707
109.375	-2.507183173287503
109.5	-2.4982836095092757
109.625	-2.478570196232005
109.75	-2.447970396766874
109.875	-2.407953912862739
110.0	-2.359164849827669
110.125	-2.303241662551422
110.25	-2.240981602987504
110.375	-2.1729863913063396
110.5	-2.0984167921198327
110.625	-2.0165231821416163
110.75	-1.9242395344857006
110.875	-1.8181878362119208
111.0	-1.694241337644433
111.125	-1.5498551649645298
111.25	-1.3836671202670967
111.375	-1.1965906095949779
111.5	-0.9902196443119927
111.625	-0.7669152079646152
111.75	-0.5276982348550754
111.875	-0.2741908484732767
112.0	-0.007335284926619249
112.125	0.27267691464416527
112.25	0.5654402674127642
112.375	0.8695307400630341
112.5	1.181926597554058
112.625	1.4973714108683716
112.75	1.8098857410072595
112.875	2.113135777290884
113.0	2.4030130818864164
113.125	2.6771319145395864
113.25	2.9348247382747137
113.375	3.176469058285425
113.5	3.401870040279157
113.625	3.607859388432702
113.75	3.7881842955752614
113.875	3.9339537705469354
114.0	4.0367549144638435
114.125	4.089345826293861
114.25	4.087108448717266
114.375	4.030232709636809
114.5	3.9224242731767656
114.625	3.7692372260271125
114.75	3.576302568065909
114.875	3.348364570044191
115.0	3.090165811841747
115.125	2.8042522461362247
115.25	2.493343527397487
115.375	2.1614222185061944
115.5	1.8123626512098194
115.625	1.4517429392649326
115.75	1.0852456182353198
115.875	0.7190057989316546
116.0	0.3597567866893271
116.125	0.012765841995488142
116.25	-0.3157552846297632
116.375	-0.6214501161757072
116.5	-0.9016521101746268
116.625	-1.153569279900658
116.75	-1.3763095088114232
116.875	-1.5702469243735275
117.0	-1.7365224556504109
117.125	-1.8781220659208262
117.25	-1.9973428152410913
117.375	-2.0968880601419415
117.5	-2.1799282554023756
117.625	-2.249472840143523
117.75	-2.308218910224318
117.875	-2.3579517905926592
118.0	-2.40083515762186
118.125	-2.439251336290377
118.25	-2.4743661487695268
118.375	-2.5077216138646916
118.5	-2.5407479558558617
118.625	-2.5748085414860475
118.75	-2.610279188451855
118.875	-2.6470179825510396
119.0	-2.6857040753177612
119.125	-2.7251973803740865
119.25	-2.7632900872415385
119.375	-2.7963811231441484
119.5	-2.8203630405780205
119.625	-2.830586523708456
119.75	-2.8224332209511656
119.875	-2.7928533559274147
120.0	-2.739981736117962
120.125	-2.662883983901667
120.25	-2.5609078589082297
120.375	-2.433701061699283
120.5	-2.280942341783362
120.625	-2.102286651309228
120.75	-1.8976845928212598
120.875	-1.6678968767033056
121.0	-1.4149762547149085
121.125	-1.1420375592004481
121.25	-0.8518429073335716
121.375	-0.5478254289778928
121.5	-0.2329832074621156
121.625	0.08943057057556346
121.75	0.4166352388341908
121.875	0.7452873898770346
122.0	1.0715182065767566
122.125	1.3921621124260348
122.25	1.7043253631378827
122.375	2.005366382862762
122.5	2.2935204609888786
122.625	2.566807166654397
122.75	2.8238035298547945
122.875	3.060915736236259
123.0	3.2743486431321234
123.125	3.461071224486365
123.25	3.618163069769272
123.375	3.7440976715547145
123.5	3.837110880615405
123.625	3.896752618907872
123.75	3.9210611354747575
123.875	3.9068043548414466
124.0	3.8551052900955383
124.125	3.765506324617981
124.25	3.6397408132727604
124.375	3.479584118457574
124.5	3.2889833124205086
124.625	3.0705620904548723
124.75	2.8257147314378543
124.875	2.555248156509346
125.0	2.260119663041336
125.125	1.942557496227474
125.25	1.605565026726086
125.375	1.2550875112646205
125.5	0.8966580490997877
125.625	0.5370150093086007
125.75	0.18237467207541516
125.875	-0.16367691959843925
126.0	-0.49631609092303186
126.125	-0.8127708665082908
126.25	-1.1086668677345946
126.375	-1.3804887161495993
126.5	-1.6247093356807034
126.625	-1.8381268215382043
126.75	-2.0199993521870425
126.875	-2.1686083840490444
127.0	-2.282469353824777
127.125	-2.361786067809964
127.25	-2.4091878159101867
127.375	-2.427885221635656
127.5	-2.4195662182972044
127.625	-2.3860922201004007
127.75	-2.3313863766781346
127.875	-2.2598829568669836
128.0	-2.174746731707396
128.125	-2.078215812599547
128.25	-1.9708695143514487
128.375	-1.8561703782466523
128.5	-1.73820787938337
128.625	-1.6208957157776611
128.75	-1.5080323104468958
128.875	-1.402622978333545
129.0	-1.3059369761495738
129.125	-1.2160653294217674
129.25	-1.1322259968908592
129.375	-1.0564028374472565
129.5	-0.9894852408373377
129.625	-0.9346367036745749
129.75	-0.8919229950605746
129.875	-0.865608489366424
130.0	-0.8465570236526738
130.125	-0.8341767311058467
130.25	-0.8213563628979449
130.375	-0.809083966202427
130.5	-0.7904192372630838
130.625	-0.761440446395238
130.75	-0.726921056543044
130.875	-0.6844712727392832
131.0	-0.6297776737816381
131.125	-0.5618289585302068
131.25	-0.476049818950658
131.375	-0.37718919204315465
131.5	-0.2645666442776023
131.625	-0.1404108481255848
131.75	-0.0039719505504564314
131.875	0.14685248454499214
132.0	0.31038026844711675
132.125	0.4868375028862129
132.25	0.6734366008734207
132.375	0.8662586991861975
132.5	1.062558194604617
132.625	1.2584176749428486
132.75	1.4518215636185663
132.875	1.639008171797085
133.0	1.8184212624774834
133.125	1.9879592320166106
133.25	2.1446456800822364
133.375	2.284888254138496
133.5	2.4048812039891594
133.625	2.5014555498685205
133.75	2.5723056437059664
133.875	2.6160416962584403
134.0	2.632507634082109
134.125	2.6211319947100704
134.25	2.58191875825106
134.375	2.514296859644433
134.5	2.4190380435639853
134.625	2.296262802567607
134.75	2.147510629194056
134.875	1.9750446865088302
135.0	1.7821810660390003
135.125	1.5714624185325985
135.25	1.3450863654922813
135.375	1.1057366829328377
135.5	0.8561879326728026
135.625	0.5983156660503228
135.75	0.3347690193794539
135.875	0.06835724275146515
136.0	-0.19719434039419048
136.125	-0.45928073404974257
136.25	-0.7143491198818801
136.375	-0.9599685321384901
136.5	-1.1950122516174744
136.625	-1.4189343930475884
136.75	-1.6301891907148198
136.875	-1.8264258663859778
137.0	-2.007909362583887
137.125	-2.1702153205395986
137.25	-2.3089289562142614
137.375	-2.4222545941885696
137.5	-2.5073751748065125
137.625	-2.5639840866723023
137.75	-2.5911136171842344
137.875	-2.5911990135314102
138.0	-2.567032804760229
138.125	-2.519009976833433
138.25	-2.450608009362417
138.375	-2.3615052169064947
138.5	-2.2521700898633354
138.625	-2.123558001084804
138.75	-1.975564784655797
138.875	-1.8098475904971054
139.0	-1.6286208772372843
139.125	-1.437038839345183
139.25	-1.2391158031262817
139.375	-1.0393198084636721
139.5	-0.8418829951294048
139.625	-0.6500571888664214
139.75	-0.46570695322033484
139.875	-0.2886217302714902
140.0	-0.11879048355375704
140.125	0.04327679079232723
140.25	0.19665625267460243
140.375	0.3390079695134764
140.5	0.46899234959364683
140.625	0.5846909988784413
140.75	0.6863751462606368
140.875	0.7748270695516204
141.0	0.8520217184096225
141.125	0.9193752363245724
141.25	0.9776312099268508
141.375	1.0267278719274857
141.5	1.0663431954633475
141.625	1.0960075026110339
141.75	1.116215356998417
141.875	1.128107705463681
142.0	1.1341679457487892
142.125	1.136292042835039
142.25	1.136756166847478
142.375	1.1373183520302033
142.5	1.1401039844758292
142.625	1.147112518233297
142.75	1.1597338309956362
142.875	1.1789559751437408
143.0	1.2049442527106566
143.125	1.2366558755147892
143.25	1.2729289433091544
143.375	1.3109704354731941
143.5	1.348537303718386
143.625	1.3830509661621007
143.75	1.4133599871699547
143.875	1.4383532545434548
144.0	1.4575101050281873
144.125	1.4699104347590282
144.25	1.4755815672906554
144.375	1.4734404328520594
144.5	1.4608120027373606
144.625	1.4369002947367027
144.75	1.3999737082580064
144.875	1.3491229394345479
145.0	1.2832327313347833
145.125	1.2023167213541865
145.25	1.1071076181608146
145.375	0.9968718300103883
145.5	0.8721006041437803
145.625	0.7327789255672776
145.75	0.5788659975997571
145.875	0.4107282938655883
146.0	0.2299757060989183
146.125	0.037336532107089655
146.25	-0.16640411338528416
146.375	-0.3784832208898081
146.5	-0.5973569557085663
146.625	-0.8207285886658066
146.75	-1.0468969205137244
146.875	-1.2729053049651662
147.0	-1.4954388617173968
147.125	-1.7113005407392814
147.25	-1.9170953333139567
147.375	-2.109386969681559
147.5	-2.2849141420588297
147.625	-2.4411765303649107
147.75	-2.5757477629692134
147.875	-2.6864042954393046
148.0	-2.770980877549362
148.125	-2.8278838586708392
148.25	-2.855975377434216
148.375	-2.8548122715041018
148.5	-2.825390875453306
148.625	-2.76928467271677
148.75	-2.688819491717217
148.875	-2.585657540081069
149.0	-2.4611371946539577
149.125	-2.3151217060091964
149.25	-2.147967912896703
149.375	-1.9602770666978981
149.5	-1.7549113413073736
149.625	-1.534870682783819
149.75	-1.3035043866113236
149.875	-1.0641595220243183
150.0	-0.8195115693285003
150.125	-0.5718033728544164
150.25	-0.3234778274096653
150.375	-0.07624259698265981
150.5	0.16786067776357994
150.625	0.4078340096409134
150.75	0.6419274265768742
150.875	0.8675631193467841
151.0	1.0839007170754895
151.125	1.2898581103210722
151.25	1.4842953904843437
151.375	1.665652905340411
151.5	1.8321925364803313
151.625	1.981320039816591
151.75	2.115060084712717
151.875	2.232858834366306
152.0	2.339521273748093
152.125	2.434579585649302
152.25	2.5203469305789974
152.375	2.599133801274051
152.5	2.6662937243224905
152.625	2.721797777595301
152.75	2.7636025916484526
152.875	2.789719759904111
153.0	2.7974790118826967
153.125	2.7875127794303176
153.25	2.7613380428204883
153.375	2.7186753789663203
153.5	2.658301437474665
153.625	2.5805636362019504
153.75	2.4848661467204347
153.875	2.370913014594074
154.0	2.2393622506914324
154.125	2.090520264199593
154.25	1.924949355026573
154.375	1.742837524235289
154.5	1.5446725203852156
154.625	1.330331946223695
154.75	1.1008523099871421
154.875	0.857410219328908
155.0	0.6018842581833623
155.125	0.33535969058603954
155.25	0.059618182667005984
155.375	-0.223740594117347
155.5	-0.5125868572392535
155.625	-0.8043401409259111
155.75	-1.095800323835035
155.875	-1.3841206659400918
156.0	-1.6663026155699268
156.125	-1.9403790362668092
156.25	-2.2041819663008
156.375	-2.456082099401784
156.5	-2.693569257420662
156.625	-2.9138303662098615
156.75	-3.1134268178915714
156.875	-3.289397650123285
157.0	-3.438758928954608
157.125	-3.5602094597208267
157.25	-3.6532819708111077
157.375	-3.7188133163136388
157.5	-3.757388954944949
157.625	-3.769131684422296
157.75	-3.754055656510002
157.875	-3.7118672196020692
158.0	-3.6416275339141873
158.125	-3.5443463865618865
158.25	-3.4205942798986104
158.375	-3.273254610825456
158.5	-3.1030825681757386
158.625	-2.9109694158155874
158.75	-2.6980060697221493
158.875	-2.463679114828581
159.0	-2.2082256852224793
159.125	-1.9332425672133924
159.25	-1.6398948613683448
159.375	-1.3306551292074889
159.5	-1.0065787093364666
159.625	-0.670744891736169
159.75	-0.3238176306644854
159.875	0.032042843995945154
160.0	0.39528646404956086
160.125	0.7622228475880354
160.25	1.130855881016296
160.375	1.4970103070504044
160.5	1.856946491103136
160.625	2.2075085035552897
160.75	2.545214180068222
160.875	2.8669965282867995
161.0	3.1694970327581222
161.125	3.4502786420876412
161.25	3.7086808498180552
161.375	3.9430132608718202
161.5	4.153040063733633
161.625	4.336955287605319
161.75	4.493025301319064
161.875	4.617629668232732
162.0	4.706543590250267
162.125	4.756625155530868
162.25	4.764712705088314
162.375	4.729934366205568
162.5	4.652509632958665
162.625	4.534125874517189
162.75	4.376854882821154
162.875	4.182115078546811
163.0	3.9519197108063016
163.125	3.6874264978509026
163.25	3.3899800238356326
163.375	3.061009316290063
163.5	2.701782584084032
163.625	2.3145054108420164
163.75	1.902818676919013
163.875	1.4708960396442503
164.0	1.0238213321288978
164.125	0.5672557047717407
164.25	0.10731991341971993
164.375	-0.3490968886467549
164.5	-0.7968856010092968
164.625	-1.23200581697021
164.75	-1.6513796474412479
164.875	-2.053134571062638
165.0	-2.434410187816336
165.125	-2.7948238024639362
165.25	-3.132616468428594
165.375	-3.444037988491975
165.5	-3.7268417878388966
165.625	-3.9770991050475293
165.75	-4.193353976911526
165.875	-4.372937881576653
166.0	-4.512538594601177
166.125	-4.611530359323294
166.25	-4.669382530025518
166.375	-4.686039212151679
166.5	-4.659305696218641
166.625	-4.591102325212097
166.75	-4.479345568653541
166.875	-4.325960111021083
167.0	-4.132309752978895
167.125	-3.9027592877242356
167.25	-3.6396091144347844
167.375	-3.3470171580296166
167.5	-3.0290468950171303
167.625	-2.6899873508526735
167.75	-2.334227573252775
167.875	-1.9672810458360346
168.0	-1.59458331981076
168.125	-1.2216408375039067
168.25	-0.8533652125916877
168.375	-0.49452505715072836
168.5	-0.148474217654481
168.625	0.18157115375655652
168.75	0.4937452532127938
168.875	0.7865471592879724
169.0	1.0596118593968442
169.125	1.312857309463131
169.25	1.5464256505013396
169.375	1.7600223433337092
169.5	1.9525470478024525
169.625	2.123213366726866
169.75	2.270909760920525
169.875	2.394930382153082
170.0	2.4949979648945657
170.125	2.571992944862243
170.25	2.6275188898725252
170.375	2.6627774212763278
170.5	2.6789753737135267
170.625	2.6760246497623554
170.75	2.653854274266841
170.875	2.6128123695204786
171.0	2.5539963522626135
171.125	2.479622196757111
171.25	2.3915056550329825
171.375	2.2920392058982615
171.5	2.183057779741776
171.625	2.0659567293629397
171.75	1.9425831683412516
171.875	1.8148867922214242
172.0	1.6845752825933498
172.125	1.553424206826195
172.25	1.4223159951803899
172.375	1.2922526954289137
172.5	1.1632364376415263
172.625	1.0352326174282516
172.75	0.9077035383448248
172.875	0.7804191753245767
173.0	0.6522971305678817
173.125	0.5236319229437065
173.25	0.3946679334781018
173.375	0.26579252004470766
173.5	0.13806924388068706
173.625	0.010582547615241501
173.75	-0.11728276378912234
173.875	-0.2474028553408718
174.0	-0.3803456149292426
174.125	-0.5163686320276829
174.25	-0.6552480519828937
174.375	-0.7961000594940655
174.5	-0.9367278512673556
174.625	-1.0766982584663052
174.75	-1.2133435378935862
174.875	-1.3445117300032983
175.0	-1.46695747972459
175.125	-1.5782261703210168
175.25	-1.6763224675845314
175.375	-1.759911982779756
175.5	-1.8286575141727257
175.625	-1.882754097154323
175.75	-1.921176260137877
175.875	-1.9436013864154351
176.0	-1.9488887727338393
176.125	-1.936567717417774
176.25	-1.9063683654547166
176.375	-1.8582028818002465
176.5	-1.7916082277470495
176.625	-1.7053969710484962
176.75	-1.5980399229167666
176.875	-1.468757249788152
177.0	-1.3174856887577442
177.125	-1.1457039726058484
177.25	-0.9563170524466942
177.375	-0.7529440907266837
177.5	-0.5386844569344695
177.625	-0.3161413865265769
177.75	-0.08692850253745017
177.875	0.14724462932439394
178.0	0.38583482623047394
178.125	0.6264241157362366
178.25	0.8654069301113607
178.375	1.0980226058386535
178.5	1.3200843066025036
178.625	1.5272538649882186
178.75	1.7162099797035268
178.875	1.884729162890849
179.0	2.032123132642529
179.125	2.1570134402632304
179.25	2.2572985729246264
179.375	2.3311610431838634
179.5	2.376344922046895
179.625	2.390154174412512
179.75	2.3719619286756326
179.875	2.321272031501613
180.0	2.2395905305395094
180.125	2.1266386183435815
180.25	1.9836347504424026
180.375	1.8120339539739954
180.5	1.6125421370602875
180.625	1.3882668189628833
180.75	1.142258454851984
180.875	0.8786804376750588
181.0	0.6017650443002428
181.125	0.31667111009738963
181.25	0.02734965781914594
181.375	-0.26157667265756174
181.5	-0.5470833434902297
181.625	-0.8271734778315184
181.75	-1.1006027950198736
181.875	-1.367002589664835
182.0	-1.62435449951474
182.125	-1.8723851939196086
182.25	-2.1092040362352753
182.375	-2.3327745102588677
182.5	-2.5418713273789164
182.625	-2.735383118010452
182.75	-2.912833101701673
182.875	-3.07265409773798
183.0	-3.2125274608625447
183.125	-3.328830627690994
183.25	-3.4158867175081484
183.375	-3.468139594191089
183.5	-3.48004203332239
183.625	-3.447695994872499
183.75	-3.3696315689522027
183.875	-3.2469433865071604
184.0	-3.0829468622097576
184.125	-2.88288359792738
184.25	-2.6508066245023274
184.375	-2.3917620321514828
184.5	-2.1088684062154464
184.625	-1.804134064801471
184.75	-1.4790348150600297
184.875	-1.135633229104324
185.0	-0.7765551645190886
185.125	-0.40580785564982824
185.25	-0.028781292649525704
185.375	0.3482282136363212
185.5	0.7192926576929467
185.625	1.0789734609302812
185.75	1.4248811987232919
185.875	1.7533450198613059
186.0	2.063442457862006
186.125	2.3522312279046593
186.25	2.618763847973813
186.375	2.8613402834906765
186.5	3.077929929595216
186.625	3.2619577624618272
186.75	3.413317172398689
186.875	3.529781308331834
187.0	3.6126383848757255
187.125	3.6570565042814698
187.25	3.6700370451063704
187.375	3.654371781028721
187.5	3.6094666727324856
187.625	3.5429694837037857
187.75	3.455512906046017
187.875	3.3507587139651935
188.0	3.2318440125823766
188.125	3.1023208917807517
188.25	2.9621830273803167
188.375	2.815554972467084
188.5	2.6632460215006577
188.625	2.507054198343431
188.75	2.3505161009426896
188.875	2.1940887817989596
189.0	2.040447036586071
189.125	1.8893991455519603
189.25	1.7418762636117417
189.375	1.5980808857180104
189.5	1.4556837755688161
189.625	1.3137593434872434
189.75	1.1699528230727207
189.875	1.022030529494523
190.0	0.8678212918360606
190.125	0.7046461306295456
190.25	0.5306719656012225
190.375	0.34426123532870306
190.5	0.14486697456184244
190.625	-0.06765805741953876
190.75	-0.29301964203726955
190.875	-0.5314789222805736
191.0	-0.78210616547525
191.125	-1.0447436430904073
191.25	-1.3174674688172174
191.375	-1.5989456701833518
191.5	-1.8871199424873275
191.625	-2.1795154237070355
191.75	-2.473941761998933
191.875	-2.7674086568732648
192.0	-3.056846125107124
192.125	-3.338980238780607
192.25	-3.6094190644697313
192.375	-3.8649418811893277
192.5	-4.102498537304545
192.625	-4.321669313052588
192.75	-4.5222106423730315
192.875	-4.703470215594921
193.0	-4.863935188590758
193.125	-4.9989287555644095
193.25	-5.101268692733875
193.375	-5.16149949143669
193.5	-5.171724439142138
193.625	-5.124617159027858
193.75	-5.017569574811982
193.875	-4.852356635604089
194.0	-4.636000149011938
194.125	-4.376768729173703
194.25	-4.082200660777141
194.375	-3.7594846635897263
194.5	-3.411065719064939
194.625	-3.0345136900183607
194.75	-2.6265324934360983
194.875	-2.1834320402134275
195.0	-1.7059521104536854
195.125	-1.200162471568724
195.25	-0.6784562000710094
195.375	-0.15544096190804838
195.5	0.3543105894673582
195.625	0.8400032229365575
195.75	1.2952556881346977
195.875	1.7191357639652027
196.0	2.1144449426396954
196.125	2.485418260902132
196.25	2.8355028195531062
196.375	3.16507677079909
196.5	3.4709776794807667
196.625	3.7479412997723105
196.75	3.989507812266709
196.875	4.190059749219041
197.0	4.346471028760071
197.125	4.458006282241808
197.25	4.526767819937197
197.375	4.555184253383755
197.5	4.546831061088907
197.625	4.504752282391268
197.75	4.432528642668089
197.875	4.334014973005672
198.0	4.2139920860473286
198.125	4.076974913831693
198.25	3.927330864448922
198.375	3.768493012567672
198.5	3.6035138751631806
198.625	3.433951098228894
198.75	3.261234542777349
198.875	3.086460278238333
199.0	2.910752429758151
199.125	2.7334474380726803
199.25	2.5548611662865013
199.375	2.374471339417022
199.5	2.193206987092021
199.625	2.0095557391973
199.75	1.8233596160351286
199.875	1.6349144767604737
200.0	1.4441848903283268
200.125	1.2499801052519752
200.25	1.0513708108447604
200.375	0.847976669101412
200.5	0.6415062581506417
200.625	0.4314325686450769
200.75	0.22078436344173952
200.875	0.009768721927487397
201.0	-0.2021164049238551
201.125	-0.41502032233488756
201.25	-0.6292925946152417
201.375	-0.8432442164246856
201.5	-1.0567791191722924
201.625	-1.267504658391058
201.75	-1.4737552074551534
201.875	-1.673906289659849
202.0	-1.8676954491341637
202.125	-2.0537846606817407
202.25	-2.229936727472732
202.375	-2.3937232768352827
202.5	-2.5427515058793975
202.625	-2.6754248504290574
202.75	-2.791545339297593
202.875	-2.8916976843809326
203.0	-2.9775489211161443
203.125	-3.0489154888472263
203.25	-3.1054216783492077
203.375	-3.1468518553667333
203.5	-3.173518153578527
203.625	-3.1865686888769376
203.75	-3.1873967641622794
203.875	-3.178519248366995
204.0	-3.1614609893589987
204.125	-3.137612093474253
204.25	-3.107104989429127
204.375	-3.0696266978777764
204.5	-3.023931876473711
204.625	-2.9687578109847093
204.75	-2.903061680647108
204.875	-2.825938128179147
205.0	-2.735980529193324
205.125	-2.63167969990635
205.25	-2.5104227634109497
205.375	-2.3699518720519577
205.5	-2.208139422073651
205.625	-2.0244357957530137
205.75	-1.8196135225138876
205.875	-1.5961072124443259
206.0	-1.3568623400270319
206.125	-1.1054167861651116
206.25	-0.8435411399978205
206.375	-0.5725328877096477
206.5	-0.29246905968995446
206.625	-0.0035076700506115202
206.75	0.29381821659605256
206.875	0.5974978792287261
207.0	0.9044037667979339
207.125	1.2096248552445725
207.25	1.5093664347903661
207.375	1.799684317867713
207.5	2.077362331970115
207.625	2.3400767263959517
207.75	2.585778879318412
207.875	2.8147380838939973
208.0	3.025567026836952
208.125	3.214496375807162
208.25	3.3774925231693245
208.375	3.5120184989566483
208.5	3.6132105575009845
208.625	3.679383703406155
208.75	3.7091785946637743
208.875	3.6992726460440206
209.0	3.65267231732452
209.125	3.571170159566749
209.25	3.4535780147131008
209.375	3.301817707336967
209.5	3.117955008018122
209.625	2.906199153528324
209.75	2.667579107817263
209.875	2.404747435110271
210.0	2.12011747201909
210.125	1.8177708579697698
210.25	1.50218340730936
210.375	1.1790641365293182
210.5	0.8545218267791265
210.625	0.5344565341346234
210.75	0.22472877141947994
210.875	-0.0696955668858154
211.0	-0.34433601806640474
211.125	-0.5956007865234935
211.25	-0.8210673845746207
211.375	-1.019014610934461
211.5	-1.188777466593472
211.625	-1.3313125010636742
211.75	-1.447456403244865
211.875	-1.5385495929441713
212.0	-1.605430767102588
212.125	-1.649372737451549
212.25	-1.6709808732132598
212.375	-1.671164828082755
212.5	-1.6515176603369721
212.625	-1.6144867125469908
212.75	-1.5615440545099757
212.875	-1.494916081737218
213.0	-1.4156807158520983
213.125	-1.325568191903124
213.25	-1.225793199751053
213.375	-1.1184081688159706
213.5	-1.0062788717899145
213.625	-0.8914940774142752
213.75	-0.7763014256696167
213.875	-0.662206409462792
214.0	-0.5496111418552744
214.125	-0.4393901606504279
214.25	-0.33125941346473686
214.375	-0.22585669104122505
214.5	-0.12353324037521708
214.625	-0.02491487606001446
214.75	0.06834226026681176
214.875	0.15642491889439356
215.0	0.2386244640853001
215.125	0.31475376806851924
215.25	0.3837129114025016
215.375	0.4431637514915625
215.5	0.4931212525373297
215.625	0.5322142851141359
215.75	0.5610817604014353
215.875	0.5786985574616197
216.0	0.5845152538325878
216.125	0.5789364315415525
216.25	0.5621254506058648
216.375	0.5347631323161384
216.5	0.4962037699418013
216.625	0.44742307833378675
216.75	0.38858398779006775
216.875	0.3177586896445312
217.0	0.23443473662080935
217.125	0.1391169748062681
217.25	0.03294872787708077
217.375	-0.08209953925240936
217.5	-0.20405561150725457
217.625	-0.33072600758529136
217.75	-0.46089179465126345
217.875	-0.5943636624670376
218.0	-0.729479235068999
218.125	-0.8652994645877857
218.25	-0.9991915100234645
218.375	-1.128637503961906
218.5	-1.2503335908915583
218.625	-1.3615103093706244
218.75	-1.4586306555133084
218.875	-1.5392358195376985
219.0	-1.6000981795631386
219.125	-1.6390599771579495
219.25	-1.6541053115668316
219.375	-1.644419296272028
219.5	-1.609474669697925
219.625	-1.5487765015925041
219.75	-1.4623089106686964
219.875	-1.3508689224441721
220.0	-1.2150994964040993
220.125	-1.0569798162274306
220.25	-0.877738495448288
220.375	-0.6797468707560052
220.5	-0.4656062737804107
220.625	-0.23815216111681503
220.75	-0.0012624281350170031
220.875	0.24089839428441395
221.0	0.48377750737613573
221.125	0.7235271739173001
221.25	0.9570984348089829
221.375	1.1802029633143183
221.5	1.389740368151851
221.625	1.5828849403037601
221.75	1.7548805534481713
221.875	1.902709437255181
222.0	2.0227765175819092
222.125	2.1140776424902774
222.25	2.173765746707899
222.375	2.2005746650943756
222.5	2.1962571628261935
222.625	2.160934593097612
222.75	2.095206417578271
222.875	2.0002956981046065
223.0	1.8791753669103468
223.125	1.7329094103162113
223.25	1.5633460336094152
223.375	1.3769442536098753
223.5	1.1770221655269963
223.625	0.9680763311843809
223.75	0.7518594427704683
223.875	0.5357803207635438
224.0	0.3214505375908885
224.125	0.11107065583974592
224.25	-0.09175203158541528
224.375	-0.28463069330736285
224.5	-0.4633622748257265
224.625	-0.6275241882426706
224.75	-0.7735922737919156
224.875	-0.9009983142573452
225.0	-1.0091716678389095
225.125	-1.0974252517051604
225.25	-1.1653815260226141
225.375	-1.211237047158401
225.5	-1.234510746955943
225.625	-1.2351694223744973
225.75	-1.2133530168556932
225.875	-1.1708251652552766
226.0	-1.1083884285983931
226.125	-1.0286028120669763
226.25	-0.9343458343052319
226.375	-0.8286864918309915
226.5	-0.7146605434089003
226.625	-0.5951228392452167
226.75	-0.473228449255797
226.875	-0.35165646709479603
227.0	-0.23181522219655332
227.125	-0.115109195574531
227.25	-0.002982510819323961
227.375	0.10335461374792776
227.5	0.20222300467319745
227.625	0.2917656169389907
227.75	0.3709997959752322
227.875	0.43832956862623973
228.0	0.4945699635377477
228.125	0.538712558149529
228.25	0.5706085193472177
228.375	0.5890533213532904
228.5	0.5914414602506135
228.625	0.5777821032156785
228.75	0.5464811245134774
228.875	0.49968783019914037
229.0	0.44041354621127005
229.125	0.37318091224070804
229.25	0.30203454034930666
229.375	0.228309017254066
229.5	0.1529306961541579
229.625	0.07480480141640282
229.75	-0.006076013537009462
229.875	-0.08839964053671108
230.0	-0.16980358654139893
230.125	-0.24613525353164767
230.25	-0.31497679196252676
230.375	-0.37311411920001486
230.5	-0.4189805697545125
230.625	-0.45289006374043195
230.75	-0.4750755290934946
230.875	-0.4859011775842881
231.0	-0.4863104505404825
231.125	-0.47697514076971614
231.25	-0.4597268496049609
231.375	-0.4370527974461467
231.5	-0.41154641306516176
231.625	-0.38484235257744953
231.75	-0.3573027964261695
231.875	-0.32891388018844303
232.0	-0.2987318198370156
232.125	-0.2661601465525128
232.25	-0.23139244003617865
232.375	-0.19525048470048725
232.5	-0.1591726568544763
232.625	-0.12423528025981725
232.75	-0.09019556951944858
232.875	-0.05731010735978369
233.0	-0.025406211492911255
233.125	0.0044381227139105505
233.25	0.03159200977654106
233.375	0.05482650706500931
233.5	0.07278470783715872
233.625	0.08522819403167936
233.75	0.09277798504706948
233.875	0.09679804963585238
234.0	0.09928131423933144
234.125	0.10152791932877911
234.25	0.10533868387412856
234.375	0.1115720028166357
234.5	0.12195229408623784
234.625	0.13755403274968314
234.75	0.15923651087212173
234.875	0.18697794694474984
235.0	0.22035264820271372
235.125	0.25783891299946055
235.25	0.29790403420672146
235.375	0.33865961271589873
235.5	0.3798675519362027
235.625	0.4208692132881876
235.75	0.4614420633299211
235.875	0.5003392431219033
236.0	0.5364933024570876
236.125	0.5681340471677604
236.25	0.5938993240618086
236.375	0.6128551249335684
236.5	0.6251751240744489
236.625	0.6301564119364729
236.75	0.6274796695466885
236.875	0.6163466701393737
237.0	0.5954105965258125
237.125	0.563651990181256
237.25	0.5198248102626695
237.375	0.46313788339085143
237.5	0.3936578828116722
237.625	0.3111234126813445
237.75	0.21695314606240537
237.875	0.11275671754309669
238.0	0.0015244730366301418
238.125	-0.11463906398704558
238.25	-0.23310479701723777
238.375	-0.35196181542538935
238.5	-0.46842975550985544
238.625	-0.5802538500806929
238.75	-0.684350444342586
238.875	-0.7784057517080921
239.0	-0.8609078344369675
239.125	-0.9316355832525198
239.25	-0.9906932039374498
239.375	-1.0386009345480405
239.5	-1.0748281634895918
239.625	-1.1000226555815291
239.75	-1.1139135438589827
239.875	-1.1169003551249879
240.0	-1.1089625144304849
240.125	-1.089575991635486
240.25	-1.0587703678938845
240.375	-1.016484471788117
240.5	-0.9636196871177971
240.625	-0.9020962646865404
240.75	-0.8336518380748054
240.875	-0.7600397886426064
241.0	-0.6810779976342197
241.125	-0.5964333819116052
241.25	-0.5051643389032094
241.375	-0.40632784616663276
241.5	-0.3002479378672304
241.625	-0.18859443516164257
241.75	-0.07367769959471498
241.875	0.04187918923938142
242.0	0.15659079842634632
242.125	0.2690040769740268
242.25	0.37873749680184715
242.375	0.48548199876278414
242.5	0.588343111636193
242.625	0.6865199120123988
242.75	0.778745666074037
242.875	0.8630090854826198
243.0	0.938877907544442
243.125	1.0059427167408315
243.25	1.065270945587984
243.375	1.1176038316808696
243.5	1.1637821626321976
243.625	1.204862441966939
243.75	1.2408142200958854
243.875	1.271406777745639
244.0	1.296953925738786
244.125	1.317822995702391
244.25	1.3332688429952508
244.375	1.3430650045474761
244.5	1.3455029949583432
244.625	1.3410238575906765
244.75	1.3282576869801597
244.875	1.305157603837634
245.0	1.2704371952276257
245.125	1.2221252636964584
245.25	1.159369316293568
245.375	1.081166911469082
245.5	0.9880671424923193
245.625	0.8812533106112358
245.75	0.7617094530977203
245.875	0.632656926901384
246.0	0.4971435804395299
246.125	0.35770924032292745
246.25	0.21576298708346442
246.375	0.07197416168223113
246.5	-0.0736174634299414
246.625	-0.22112031648487862
246.75	-0.37092142596094474
246.875	-0.5223999777915903
247.0	-0.674760930606247
247.125	-0.8265861580114352
247.25	-0.9759158111202765
247.375	-1.1206857364431426
247.5	-1.2579682653404787
247.625	-1.385500031712165
247.75	-1.5014111371969265
247.875	-1.6034263161171483
248.0	-1.690248702812041
248.125	-1.7605206031684404
248.25	-1.8137754898107783
248.375	-1.8492087910581831
248.5	-1.866351605720603
248.625	-1.8658069640365278
248.75	-1.8475239084914055
248.875	-1.8125882864878815
249.0	-1.7623181025319605
249.125	-1.697417183112635
249.25	-1.6190744764945384
249.375	-1.5270949328075636
249.5	-1.4223207507228748
249.625	-1.303075861729825
249.75	-1.170447736166567
249.875	-1.024528318086329
250.0	-0.8660756117549132
250.125	-0.6947656975311286
250.25	-0.5159241614709748
250.375	-0.3322099877865103
250.5	-0.1476661040316572
250.625	0.036651615106781534
250.75	0.21331931119173392
250.875	0.38058604899144605
251.0	0.5372714797501144
251.125	0.6825091812082751
251.25	0.8161924812152775
251.375	0.9357505511932572
251.5	1.0437548307289557
251.625	1.1389380442255774
251.75	1.2207599149119133
251.875	1.2870945488113987
252.0	1.3377089895871073
252.125	1.3728427377006982
252.25	1.3929383155016792
252.375	1.3968947988934162
252.5	1.3854440619645083
252.625	1.3585471260823936
252.75	1.3178359032280798
252.875	1.264028409796856
253.0	1.1978435481273852
253.125	1.121693826555306
253.25	1.0368849362681507
253.375	0.9466294762093497
253.5	0.85313296216095
253.625	0.7593076474343635
253.75	0.6676596840839572
253.875	0.5788205024456053
254.0	0.493335427735129
254.125	0.41157496021826373
254.25	0.3339023722182164
254.375	0.26107159440796185
254.5	0.19263158554165177
254.625	0.1294551593683897
254.75	0.07157262493153545
254.875	0.019025303903100733
255.0	-0.027955946043626743
255.125	-0.06864326613443235
255.25	-0.10188629917633214
255.375	-0.12638929652754982
255.5	-0.14107605013973573
255.625	-0.14558079476011546
255.75	-0.1409981306713846
255.875	-0.12885272364090555
256.0	-0.1109347847290589
256.125	-0.08932876393525488
256.25	-0.0654794044116923
256.375	-0.0408556600692647
256.5	-0.01633330831013012
256.625	0.0071921678777723055
256.75	0.029545511961700723
256.875	0.04968852409570985
257.0	0.0662133681893615
257.125	0.07782838553527387
257.25	0.08432841237904941
257.375	0.08406991620120018
257.5	0.07588565205822399
257.625	0.058543869837050025
257.75	0.03199519200678078
