0.0	-0.180621
0.125	-0.380831
0.25	-0.58835
0.375	-0.800438
0.5	-1.014308
0.625	-1.227226
0.75	-1.436571
0.875	-1.639899
1.0	-1.834964
1.125	-2.019745
1.25	-2.192443
1.375	-2.351474
1.5	-2.495465
1.625	-2.623231
1.75	-2.733762
1.875	-2.826201
2.0	-2.899829
2.125	-2.954043
2.25	-2.98834
2.375	-3.002304
2.5	-2.995596
2.625	-2.967954
2.75	-2.91919
2.875	-2.849195
3.0	-2.757935
3.125	-2.645447
3.25	-2.511824
3.375	-2.357218
3.5	-2.181845
3.625	-1.986014
3.75	-1.770179
3.875	-1.535005
4.0	-1.281427
4.125	-1.010699
4.25	-0.72443
4.375	-0.424619
4.5	-0.113723
4.625	0.205224
4.75	0.528435
4.875	0.851165
5.0	1.167569
5.125	1.470705
5.25	1.752769
5.375	2.005609
5.5	2.22146
5.625	2.393792
5.75	2.518094
5.875	2.592417
6.0	2.617575
6.125	2.596948
6.25	2.535969
6.375	2.441404
6.5	2.320604
6.625	2.180841
6.75	2.028822
6.875	1.870421
7.0	1.710582
7.125	1.553357
7.25	1.402005
7.375	1.259124
7.5	1.126763
7.625	1.006524
7.75	0.899639
7.875	0.807026
8.0	0.729332
8.125	0.666962
8.25	0.6201
8.375	0.588717
8.5	0.572572
8.625	0.571208
8.75	0.58395
8.875	0.609891
9.0	0.64788
9.125	0.696496
9.25	0.754001
9.375	0.818281
9.5	0.886774
9.625	0.956397
9.75	1.023519
9.875	1.083996
10.0	1.133295
10.125	1.166723
10.25	1.179746
10.375	1.168354
10.5	1.129414
10.625	1.06097
10.75	0.962408
10.875	0.834496
11.0	0.679263
11.125	0.499775
11.25	0.299834
11.375	0.083648
11.5	-0.144463
11.625	-0.380315
11.75	-0.620038
11.875	-0.860167
12.0	-1.097694
12.125	-1.330051
12.25	-1.555085
12.375	-1.771001
12.5	-1.976317
12.625	-2.169814
12.75	-2.350493
12.875	-2.517541
13.0	-2.670298
13.125	-2.808239
13.25	-2.930952
13.375	-3.038122
13.5	-3.129522
13.625	-3.204998
13.75	-3.264467
13.875	-3.307906
14.0	-3.335352
14.125	-3.3469
14.25	-3.342697
14.375	-3.322944
14.5	-3.287894
14.625	-3.237857
14.75	-3.173196
14.875	-3.094329
15.0	-3.001732
15.125	-2.895931
15.25	-2.777502
15.375	-2.647063
15.5	-2.505279
15.625	-2.352858
15.75	-2.19055
15.875	-2.019125
16.0	-1.839341
16.125	-1.651916
16.25	-1.457524
16.375	-1.256833
16.5	-1.050537
16.625	-0.839301
16.75	-0.623621
16.875	-0.403704
17.0	-0.179554
17.125	0.048724
17.25	0.2807
17.375	0.515891
17.5	0.75449
17.625	0.997827
17.75	1.24766
17.875	1.50446
18.0	1.76641
18.125	2.03098
18.25	2.298658
18.375	2.575257
18.5	2.869124
18.625	3.183817
18.75	3.512338
18.875	3.840657
19.0	4.161568
19.125	4.487989
19.25	4.851984
19.375	5.287197
19.5	5.803051
19.625	6.362481
19.75	6.879144
19.875	7.242768
20.0	7.359357
20.125	7.183958
20.25	6.73216
20.375	6.067832
20.5	5.276293
20.625	4.437578
20.75	3.610012
20.875	2.826108
21.0	2.097298
21.125	1.422443
21.25	0.795851
21.375	0.212062
21.5	-0.332859
21.625	-0.841689
21.75	-1.316432
21.875	-1.758497
22.0	-2.168961
22.125	-2.548825
22.25	-2.899058
22.375	-3.220514
22.5	-3.513911
22.625	-3.779891
22.75	-4.019053
22.875	-4.231942
23.0	-4.419047
23.125	-4.580822
23.25	-4.717702
23.375	-4.830117
23.5	-4.918489
23.625	-4.983241
23.75	-5.0248
23.875	-5.043614
24.0	-5.04015
24.125	-5.014905
24.25	-4.968407
24.375	-4.901226
24.5	-4.813969
24.625	-4.707279
24.75	-4.581836
24.875	-4.438357
25.0	-4.277609
25.125	-4.100424
25.25	-3.9077
25.375	-3.700386
25.5	-3.479431
25.625	-3.245727
25.75	-3.000083
25.875	-2.743268
26.0	-2.476119
26.125	-2.199646
26.25	-1.915007
26.375	-1.623307
26.5	-1.325278
26.625	-1.021092
26.75	-0.710532
26.875	-0.393557
27.0	-0.070928
27.125	0.255634
27.25	0.584144
27.375	0.913613
27.5	1.245003
27.625	1.580888
27.75	1.923646
27.875	2.27312
28.0	2.625477
28.125	2.974598
28.25	3.3157
28.375	3.648903
28.5	3.979934
28.625	4.316687
28.75	4.662826
28.875	5.011239
29.0	5.340595
29.125	5.617409
29.25	5.803637
29.375	5.866862
29.5	5.788942
29.625	5.570046
29.75	5.227277
29.875	4.789188
30.0	4.288662
30.125	3.756631
30.25	3.218097
30.375	2.690732
30.5	2.185457
30.625	1.708063
30.75	1.261041
30.875	0.845047
31.0	0.459861
31.125	0.10489
31.25	-0.220598
31.375	-0.517375
31.5	-0.786223
31.625	-1.027926
31.75	-1.243276
31.875	-1.433068
32.0	-1.598114
32.125	-1.739246
32.25	-1.857316
32.375	-1.953215
32.5	-2.027879
32.625	-2.082303
32.75	-2.117552
32.875	-2.134778
33.0	-2.135236
33.125	-2.120303
33.25	-2.091494
33.375	-2.050466
33.5	-1.999027
33.625	-1.93912
33.75	-1.872791
33.875	-1.802149
34.0	-1.729299
34.125	-1.656267
34.25	-1.584912
34.375	-1.516846
34.5	-1.453351
34.625	-1.395321
34.75	-1.34322
34.875	-1.297072
35.0	-1.256473
35.125	-1.22063
35.25	-1.188425
35.375	-1.158483
35.5	-1.129255
35.625	-1.099095
35.75	-1.066323
35.875	-1.029285
36.0	-0.98639
36.125	-0.936139
36.25	-0.877153
36.375	-0.808183
36.5	-0.728132
36.625	-0.636056
36.75	-0.531167
36.875	-0.412809
37.0	-0.280428
37.125	-0.133558
37.25	0.02818
37.375	0.205025
37.5	0.396986
37.625	0.603744
37.75	0.824576
37.875	1.058332
38.0	1.303457
38.125	1.557992
38.25	1.819468
38.375	2.084639
38.5	2.349056
38.625	2.606622
38.75	2.849314
38.875	3.067313
39.0	3.249666
39.125	3.385454
39.25	3.465245
39.375	3.482494
39.5	3.434528
39.625	3.322873
39.75	3.152875
39.875	2.932762
40.0	2.672402
40.125	2.38207
40.25	2.071454
40.375	1.749019
40.5	1.421737
40.625	1.095117
40.75	0.773392
40.875	0.459776
41.0	0.156705
41.125	-0.133966
41.25	-0.410817
41.375	-0.672757
41.5	-0.918953
41.625	-1.148782
41.75	-1.361783
41.875	-1.557633
42.0	-1.736116
42.125	-1.897107
42.25	-2.040556
42.375	-2.166476
42.5	-2.274938
42.625	-2.366061
42.75	-2.440014
42.875	-2.497011
43.0	-2.537313
43.125	-2.561222
43.25	-2.569087
43.375	-2.561298
43.5	-2.538291
43.625	-2.500539
43.75	-2.44856
43.875	-2.382907
44.0	-2.304168
44.125	-2.212964
44.25	-2.10994
44.375	-1.995764
44.5	-1.871114
44.625	-1.736673
44.75	-1.593117
44.875	-1.441105
45.0	-1.281268
45.125	-1.114209
45.25	-0.940499
45.375	-0.760684
45.5	-0.575292
45.625	-0.384849
45.75	-0.18989
45.875	0.009028
46.0	0.211321
46.125	0.416366
46.25	0.62349
46.375	0.831949
46.5	1.04088
46.625	1.249243
46.75	1.455742
46.875	1.658737
47.0	1.856185
47.125	2.045606
47.25	2.22413
47.375	2.388607
47.5	2.535794
47.625	2.662607
47.75	2.766382
47.875	2.845132
48.0	2.897739
48.125	2.924064
48.25	2.924951
48.375	2.902136
48.5	2.858069
48.625	2.79569
48.75	2.718174
48.875	2.628702
49.0	2.530258
49.125	2.425485
49.25	2.316601
49.375	2.205363
49.5	2.093076
49.625	1.980616
49.75	1.868463
49.875	1.756722
50.0	1.645129
50.125	1.533056
50.25	1.419519
50.375	1.303201
50.5	1.182516
50.625	1.055708
50.75	0.920981
50.875	0.776664
51.0	0.621364
51.125	0.454118
51.25	0.274497
51.375	0.082665
51.5	-0.120611
51.625	-0.334008
51.75	-0.55573
51.875	-0.78362
52.0	-1.015282
52.125	-1.248201
52.25	-1.47985
52.375	-1.707778
52.5	-1.92968
52.625	-2.143433
52.75	-2.347125
52.875	-2.539061
53.0	-2.717757
53.125	-2.881927
53.25	-3.030467
53.375	-3.162431
53.5	-3.277018
53.625	-3.373546
53.75	-3.45144
53.875	-3.510214
54.0	-3.549458
54.125	-3.56883
54.25	-3.56805
54.375	-3.546899
54.5	-3.505217
54.625	-3.442898
54.75	-3.359882
54.875	-3.25615
55.0	-3.131729
55.125	-2.986717
55.25	-2.821325
55.375	-2.635892
55.5	-2.430867
55.625	-2.206767
55.75	-1.964153
55.875	-1.703676
56.0	-1.426225
56.125	-1.133069
56.25	-0.825851
56.375	-0.506368
56.5	-0.176248
56.625	0.16317
56.75	0.510525
56.875	0.863828
57.0	1.220076
57.125	1.575657
57.25	1.927576
57.375	2.274698
57.5	2.617869
57.625	2.958414
57.75	3.295776
57.875	3.626067
58.0	3.943037
58.125	4.241336
58.25	4.519921
58.375	4.782851
58.5	5.03623
58.625	5.282473
58.75	5.514727
58.875	5.714414
59.0	5.853684
59.125	5.902264
59.25	5.83592
59.375	5.643092
59.5	5.327425
59.625	4.905922
59.75	4.404111
59.875	3.850304
60.0	3.270781
60.125	2.686859
60.25	2.113949
60.375	1.562041
60.5	1.036934
60.625	0.541587
60.75	0.077244
60.875	-0.355802
61.0	-0.75774
61.125	-1.128999
61.25	-1.470116
61.375	-1.78167
61.5	-2.064255
61.625	-2.318464
61.75	-2.544877
61.875	-2.744063
62.0	-2.916574
62.125	-3.062955
62.25	-3.183744
62.375	-3.279479
62.5	-3.350712
62.625	-3.398014
62.75	-3.42199
62.875	-3.42329
63.0	-3.402625
63.125	-3.360779
63.25	-3.29863
63.375	-3.217164
63.5	-3.117492
63.625	-3.000865
63.75	-2.868687
63.875	-2.722522
64.0	-2.564092
64.125	-2.395271
64.25	-2.218057
64.375	-2.034535
64.5	-1.846819
64.625	-1.65699
64.75	-1.467018
64.875	-1.278694
65.0	-1.093569
65.125	-0.912907
65.25	-0.737639
65.375	-0.568328
65.5	-0.405137
65.625	-0.247814
65.75	-0.095717
65.875	0.052102
66.0	0.196757
66.125	0.339368
66.25	0.48094
66.375	0.622342
66.5	0.764396
66.625	0.908017
66.75	1.054303
66.875	1.204454
67.0	1.359515
67.125	1.520011
67.25	1.685673
67.375	1.85541
67.5	2.027593
67.625	2.200523
67.75	2.372797
67.875	2.543316
68.0	2.710799
68.125	2.872923
68.25	3.025411
68.375	3.16148
68.5	3.271983
68.625	3.346345
68.75	3.374132
68.875	3.346827
69.0	3.259358
69.125	3.110952
69.25	2.905198
69.375	2.649356
69.5	2.353188
69.625	2.027623
69.75	1.683536
69.875	1.33085
70.0	0.978005
70.125	0.631778
70.25	0.297357
70.375	-0.021437
70.5	-0.321875
70.625	-0.602052
70.75	-0.860668
70.875	-1.096855
71.0	-1.310055
71.125	-1.499934
71.25	-1.666321
71.375	-1.809174
71.5	-1.928547
71.625	-2.02458
71.75	-2.097482
71.875	-2.147534
72.0	-2.175079
72.125	-2.180533
72.25	-2.164386
72.375	-2.127218
72.5	-2.069711
72.625	-1.992667
72.75	-1.897035
72.875	-1.78394
73.0	-1.654706
73.125	-1.510884
73.25	-1.354276
73.375	-1.18694
73.5	-1.01118
73.625	-0.829521
73.75	-0.644647
73.875	-0.45932
74.0	-0.276279
74.125	-0.098114
74.25	0.072856
74.375	0.234702
74.5	0.385985
74.625	0.525813
74.75	0.653871
74.875	0.770392
75.0	0.876102
75.125	0.972119
75.25	1.059835
75.375	1.14079
75.5	1.216545
75.625	1.288576
75.75	1.358184
75.875	1.42643
76.0	1.4941
76.125	1.56168
76.25	1.629351
76.375	1.696983
76.5	1.764116
76.625	1.829922
76.75	1.893152
76.875	1.952074
77.0	2.004431
77.125	2.047437
77.25	2.077852
77.375	2.092138
77.5	2.086705
77.625	2.058211
77.75	2.003886
77.875	1.92182
78.0	1.811172
78.125	1.672265
78.25	1.50656
78.375	1.316518
78.5	1.105375
78.625	0.876885
78.75	0.635047
78.875	0.383876
79.0	0.127208
79.125	-0.13142
79.25	-0.388843
79.375	-0.642296
79.5	-0.889395
79.625	-1.128115
79.75	-1.356742
79.875	-1.573833
80.0	-1.778172
80.125	-1.968735
80.25	-2.144658
80.375	-2.305212
80.5	-2.449785
80.625	-2.577863
80.75	-2.689016
80.875	-2.782891
81.0	-2.859204
81.125	-2.917729
81.25	-2.958301
81.375	-2.980804
81.5	-2.985178
81.625	-2.971411
81.75	-2.93954
81.875	-2.889655
82.0	-2.821894
82.125	-2.736449
82.25	-2.633567
82.375	-2.513548
82.5	-2.376751
82.625	-2.223593
82.75	-2.054554
82.875	-1.870174
83.0	-1.671059
83.125	-1.457878
83.25	-1.231365
83.375	-0.99232
83.5	-0.741612
83.625	-0.480185
83.75	-0.209062
83.875	0.070641
84.0	0.357709
84.125	0.650818
84.25	0.948513
84.375	1.249192
84.5	1.551062
84.625	1.852087
84.75	2.149922
84.875	2.441862
85.0	2.724794
85.125	2.995211
85.25	3.249263
85.375	3.482869
85.5	3.691881
85.625	3.87228
85.75	4.020414
85.875	4.133225
86.0	4.208467
86.125	4.244852
86.25	4.242126
86.375	4.201018
86.5	4.123094
86.625	4.010531
86.75	3.865849
86.875	3.691672
87.0	3.490543
87.125	3.264829
87.25	3.016716
87.375	2.748262
87.5	2.461493
87.625	2.158501
87.75	1.841517
87.875	1.512948
88.0	1.175373
88.125	0.831506
88.25	0.484133
88.375	0.136041
88.5	-0.210051
88.625	-0.551556
88.75	-0.88606
88.875	-1.211363
89.0	-1.525484
89.125	-1.826674
89.25	-2.113403
89.375	-2.384352
89.5	-2.63839
89.625	-2.87456
89.75	-3.092054
89.875	-3.290199
90.0	-3.468435
90.125	-3.6263
90.25	-3.763419
90.375	-3.87949
90.5	-3.974272
90.625	-4.047582
90.75	-4.099286
90.875	-4.129294
91.0	-4.137559
91.125	-4.124072
91.25	-4.088867
91.375	-4.032017
91.5	-3.953637
91.625	-3.853892
91.75	-3.732997
91.875	-3.591229
92.0	-3.428931
92.125	-3.246525
92.25	-3.044524
92.375	-2.823553
92.5	-2.584359
92.625	-2.327839
92.75	-2.055055
92.875	-1.767253
93.0	-1.465888
93.125	-1.152635
93.25	-0.829406
93.375	-0.498339
93.5	-0.161771
93.625	0.177804
93.75	0.5178
93.875	0.855594
94.0	1.188576
94.125	1.5142
94.25	1.830044
94.375	2.133892
94.5	2.423822
94.625	2.698276
94.75	2.956047
94.875	3.196181
95.0	3.417765
95.125	3.619667
95.25	3.800299
95.375	3.957467
95.5	4.088383
95.625	4.189838
95.75	4.258506
95.875	4.291318
96.0	4.285843
96.125	4.240602
96.25	4.155279
96.375	4.030803
96.5	3.869303
96.625	3.673945
96.75	3.448682
96.875	3.197948
97.0	2.926356
97.125	2.638402
97.25	2.338251
97.375	2.029575
97.5	1.715496
97.625	1.39858
97.75	1.080902
97.875	0.764139
98.0	0.44968
98.125	0.138734
98.25	-0.167578
98.375	-0.468156
98.5	-0.761879
98.625	-1.04758
98.75	-1.324049
98.875	-1.590044
99.0	-1.844313
99.125	-2.085616
99.25	-2.312751
99.375	-2.524574
99.5	-2.720015
99.625	-2.898091
99.75	-3.05791
99.875	-3.198677
100.0	-3.319691
100.125	-3.420339
100.25	-3.500098
100.375	-3.558522
100.5	-3.595239
100.625	-3.60994
100.75	-3.602374
100.875	-3.572339
101.0	-3.519668
101.125	-3.444228
101.25	-3.345908
101.375	-3.224622
101.5	-3.08031
101.625	-2.91294
101.75	-2.722522
101.875	-2.509119
102.0	-2.272854
102.125	-2.013912
102.25	-1.73254
102.375	-1.429033
102.5	-1.10374
102.625	-0.75711
102.75	-0.389838
102.875	-0.003131
103.0	0.400861
103.125	0.81851
103.25	1.244144
103.375	1.669648
103.5	2.084417
103.625	2.475832
103.75	2.830313
103.875	3.134836
104.0	3.378634
104.125	3.554694
104.25	3.660695
104.375	3.699126
104.5	3.676588
104.625	3.602474
104.75	3.487371
104.875	3.341573
105.0	3.173978
105.125	2.991525
105.25	2.799149
105.375	2.600095
105.5	2.396375
105.625	2.189213
105.75	1.979375
105.875	1.7674
106.0	1.553742
106.125	1.338841
106.25	1.123162
106.375	0.907217
106.5	0.691587
106.625	0.476936
106.75	0.264021
106.875	0.053684
107.0	-0.153164
107.125	-0.355568
107.25	-0.552556
107.375	-0.743171
107.5	-0.926498
107.625	-1.101694
107.75	-1.268004
107.875	-1.424769
108.0	-1.571433
108.125	-1.707539
108.25	-1.832725
108.375	-1.946712
108.5	-2.049296
108.625	-2.140334
108.75	-2.219739
108.875	-2.287469
109.0	-2.34352
109.125	-2.387922
109.25	-2.420738
109.375	-2.442055
109.5	-2.451981
109.625	-2.450645
109.75	-2.43819
109.875	-2.414772
110.0	-2.380559
110.125	-2.335735
110.25	-2.280499
110.375	-2.215067
110.5	-2.139657
110.625	-2.054462
110.75	-1.959612
110.875	-1.855144
111.0	-1.740996
111.125	-1.617057
111.25	-1.483263
111.375	-1.339712
111.5	-1.186705
111.625	-1.024655
111.75	-0.853817
111.875	-0.673942
112.0	-0.484025
112.125	-0.282397
112.25	-0.067259
112.375	0.162453
112.5	0.406274
112.625	0.662032
112.75	0.926701
112.875	1.198193
113.0	1.477299
113.125	1.76859
113.25	2.079362
113.375	2.416551
113.5	2.782394
113.625	3.170169
113.75	3.561694
113.875	3.928215
114.0	4.23515
114.125	4.449329
114.25	4.546243
114.375	4.515045
114.5	4.360018
114.625	4.098427
114.75	3.755796
114.875	3.360343
115.0	2.938218
115.125	2.510494
115.25	2.092036
115.375	1.691881
115.5	1.314498
115.625	0.961365
115.75	0.632348
115.875	0.326626
116.0	0.043166
116.125	-0.219097
116.25	-0.461196
116.375	-0.684124
116.5	-0.88885
116.625	-1.076359
116.75	-1.247674
116.875	-1.403869
117.0	-1.546057
117.125	-1.675386
117.25	-1.793029
117.375	-1.900169
117.5	-1.997976
117.625	-2.087579
117.75	-2.170036
117.875	-2.246298
118.0	-2.31718
118.125	-2.38333
118.25	-2.445206
118.375	-2.503059
118.5	-2.55692
118.625	-2.606606
118.75	-2.651724
118.875	-2.691691
119.0	-2.72576
119.125	-2.753046
119.25	-2.772568
119.375	-2.783283
119.5	-2.784131
119.625	-2.774072
119.75	-2.752115
119.875	-2.717339
120.0	-2.668894
120.125	-2.606003
120.25	-2.52796
120.375	-2.434148
120.5	-2.324065
120.625	-2.197353
120.75	-2.053804
120.875	-1.893313
121.0	-1.715804
121.125	-1.521156
121.25	-1.309188
121.375	-1.079742
121.5	-0.832852
121.625	-0.568909
121.75	-0.28873
121.875	0.006522
122.0	0.315532
122.125	0.636971
122.25	0.969432
122.375	1.311081
122.5	1.659133
122.625	2.009391
122.75	2.356099
122.875	2.692253
123.0	3.010255
123.125	3.302661
123.25	3.562735
123.375	3.784643
123.5	3.963342
123.625	4.094364
123.75	4.173707
123.875	4.197995
124.0	4.164882
124.125	4.073566
124.25	3.925217
124.375	3.723174
124.5	3.472826
124.625	3.181226
124.75	2.85652
124.875	2.507319
125.0	2.142124
125.125	1.768863
125.25	1.394588
125.375	1.025321
125.5	0.666014
125.625	0.320606
125.75	-0.007861
125.875	-0.317103
126.0	-0.605454
126.125	-0.871743
126.25	-1.115193
126.375	-1.335332
126.5	-1.531938
126.625	-1.70499
126.75	-1.854641
126.875	-1.981192
127.0	-2.085081
127.125	-2.166864
127.25	-2.227204
127.375	-2.266862
127.5	-2.286684
127.625	-2.287589
127.75	-2.270566
127.875	-2.236676
128.0	-2.187053
128.125	-2.122926
128.25	-2.045641
128.375	-1.956688
128.5	-1.857729
128.625	-1.750618
128.75	-1.637405
128.875	-1.520318
129.0	-1.401721
129.125	-1.284038
129.25	-1.16965
129.375	-1.060782
129.5	-0.959365
129.625	-0.86692
129.75	-0.784448
129.875	-0.712365
130.0	-0.650475
130.125	-0.597991
130.25	-0.553604
130.375	-0.515579
130.5	-0.481881
130.625	-0.450305
130.75	-0.418602
130.875	-0.384587
131.0	-0.346232
131.125	-0.301724
131.25	-0.2495
131.375	-0.188254
131.5	-0.11692
131.625	-0.034652
131.75	0.059194
131.875	0.165058
132.0	0.283168
132.125	0.413515
132.25	0.55584
132.375	0.709629
132.5	0.87411
132.625	1.048234
132.75	1.230622
132.875	1.419465
133.0	1.612397
133.125	1.806361
133.25	1.997541
133.375	2.181379
133.5	2.352722
133.625	2.506071
133.75	2.635934
133.875	2.7372
134.0	2.805514
134.125	2.837582
134.25	2.83138
134.375	2.786254
134.5	2.702888
134.625	2.583173
134.75	2.42999
134.875	2.246951
135.0	2.038133
135.125	1.807839
135.25	1.560411
135.375	1.300093
135.5	1.030949
135.625	0.756814
135.75	0.481265
135.875	0.207603
136.0	-0.061162
136.125	-0.32232
136.25	-0.573471
136.375	-0.812528
136.5	-1.037716
136.625	-1.24756
136.75	-1.440873
136.875	-1.616732
137.0	-1.774454
137.125	-1.913569
137.25	-2.033792
137.375	-2.134991
137.5	-2.217161
137.625	-2.28039
137.75	-2.324838
137.875	-2.350709
138.0	-2.358237
138.125	-2.347666
138.25	-2.319247
138.375	-2.273238
138.5	-2.209905
138.625	-2.129544
138.75	-2.032492
138.875	-1.919157
139.0	-1.790048
139.125	-1.645818
139.25	-1.487304
139.375	-1.315588
139.5	-1.132048
139.625	-0.938421
139.75	-0.736842
139.875	-0.529877
140.0	-0.320508
140.125	-0.112074
140.25	0.09184
140.375	0.287567
140.5	0.471565
140.625	0.64065
140.75	0.792212
140.875	0.924398
141.0	1.036237
141.125	1.127673
141.25	1.199517
141.375	1.253332
141.5	1.291253
141.625	1.31579
141.75	1.329626
141.875	1.335447
142.0	1.335797
142.125	1.33299
142.25	1.329044
142.375	1.325655
142.5	1.324193
142.625	1.325707
142.75	1.330954
142.875	1.340418
143.0	1.354339
143.125	1.372732
143.25	1.395389
143.375	1.42187
143.5	1.45148
143.625	1.483245
143.75	1.5159
143.875	1.54789
144.0	1.577399
144.125	1.602388
144.25	1.620655
144.375	1.629906
144.5	1.627824
144.625	1.612158
144.75	1.580815
144.875	1.531966
145.0	1.464158
145.125	1.376423
145.25	1.268366
145.375	1.140224
145.5	0.992874
145.625	0.827802
145.75	0.647022
145.875	0.452961
146.0	0.248328
146.125	0.035982
146.25	-0.181196
146.375	-0.400409
146.5	-0.619013
146.625	-0.83458
146.75	-1.044912
146.875	-1.248056
147.0	-1.442286
147.125	-1.626081
147.25	-1.7981
147.375	-1.95715
147.5	-2.102159
147.625	-2.232151
147.75	-2.346228
147.875	-2.443564
148.0	-2.523399
148.125	-2.585041
148.25	-2.627876
148.375	-2.65138
148.5	-2.655126
148.625	-2.638803
148.75	-2.602224
148.875	-2.545337
149.0	-2.468228
149.125	-2.371127
149.25	-2.25441
149.375	-2.118594
149.5	-1.964338
149.625	-1.792447
149.75	-1.603868
149.875	-1.399705
150.0	-1.181233
150.125	-0.949918
150.25	-0.707447
150.375	-0.455752
150.5	-0.197036
150.625	0.066219
150.75	0.331262
150.875	0.595111
151.0	0.854626
151.125	1.10661
151.25	1.347952
151.375	1.575776
151.5	1.787603
151.625	1.981495
151.75	2.156155
151.875	2.310973
152.0	2.44599
152.125	2.561808
152.25	2.659432
152.375	2.740102
152.5	2.80512
152.625	2.855712
152.75	2.89292
152.875	2.917532
153.0	2.930008
153.125	2.93042
153.25	2.918374
153.375	2.892955
153.5	2.852713
153.625	2.795723
153.75	2.719737
153.875	2.622428
154.0	2.50169
154.125	2.355947
154.25	2.184419
154.375	1.987294
154.5	1.76578
154.625	1.522047
154.75	1.259059
154.875	0.980356
155.0	0.6898
155.125	0.391351
155.25	0.088865
155.375	-0.214044
155.5	-0.514097
155.625	-0.808381
155.75	-1.094362
155.875	-1.369852
156.0	-1.632976
156.125	-1.882129
156.25	-2.115932
156.375	-2.333201
156.5	-2.532917
156.625	-2.714201
156.75	-2.876311
156.875	-3.018623
157.0	-3.140633
157.125	-3.241952
157.25	-3.322302
157.375	-3.381513
157.5	-3.419513
157.625	-3.436322
157.75	-3.43204
157.875	-3.406835
158.0	-3.36093
158.125	-3.294589
158.25	-3.208096
158.375	-3.101753
158.5	-2.975877
158.625	-2.830804
158.75	-2.666891
158.875	-2.484521
159.0	-2.284111
159.125	-2.066126
159.25	-1.831099
159.375	-1.579656
159.5	-1.312521
159.625	-1.030515
159.75	-0.73455
159.875	-0.425634
160.0	-0.104869
160.125	0.226558
160.25	0.567411
160.375	0.916423
160.5	1.272295
160.625	1.633652
160.75	1.998996
160.875	2.366695
161.0	2.735026
161.125	3.102199
161.25	3.466244
161.375	3.824646
161.5	4.17368
161.625	4.507574
161.75	4.817784
161.875	5.092766
162.0	5.318584
162.125	5.480461
162.25	5.565019
162.375	5.562633
162.5	5.469215
162.625	5.286893
162.75	5.023447
162.875	4.690752
163.0	4.302761
163.125	3.873591
163.25	3.416122
163.375	2.941256
163.5	2.45776
163.625	1.972496
163.75	1.490803
163.875	1.016881
164.0	0.554093
164.125	0.105184
164.25	-0.327581
164.375	-0.742316
164.5	-1.137446
164.625	-1.511653
164.75	-1.863831
164.875	-2.193047
165.0	-2.498519
165.125	-2.779586
165.25	-3.035701
165.375	-3.266419
165.5	-3.471393
165.625	-3.65037
165.75	-3.803187
165.875	-3.929769
166.0	-4.030123
166.125	-4.104329
166.25	-4.152531
166.375	-4.174922
166.5	-4.171734
166.625	-4.143219
166.75	-4.089647
166.875	-4.011289
167.0	-3.90842
167.125	-3.781316
167.25	-3.63027
167.375	-3.455597
167.5	-3.257663
167.625	-3.036906
167.75	-2.793867
167.875	-2.52923
168.0	-2.243858
168.125	-1.938844
168.25	-1.615561
168.375	-1.275722
168.5	-0.921448
168.625	-0.555347
168.75	-0.180599
168.875	0.198951
169.0	0.578736
169.125	0.953438
169.25	1.317067
169.375	1.663137
169.5	1.984991
169.625	2.276234
169.75	2.531235
169.875	2.745618
170.0	2.916646
170.125	3.043429
170.25	3.126906
170.375	3.169624
170.5	3.175346
170.625	3.148598
170.75	3.094212
170.875	3.016953
171.0	2.921256
171.125	2.811077
171.25	2.689845
171.375	2.560467
171.5	2.425375
171.625	2.286576
171.75	2.145702
171.875	2.00405
172.0	1.862622
172.125	1.722155
172.25	1.583157
172.375	1.445938
172.5	1.310645
172.625	1.177294
172.75	1.045797
172.875	0.915989
173.0	0.787648
173.125	0.660517
173.25	0.534317
173.375	0.40877
173.5	0.28362
173.625	0.158655
173.75	0.03373
173.875	-0.091207
174.0	-0.216099
174.125	-0.340759
174.25	-0.464861
174.375	-0.587943
174.5	-0.709403
174.625	-0.828517
174.75	-0.944451
174.875	-1.056281
175.0	-1.163012
175.125	-1.263607
175.25	-1.357004
175.375	-1.442142
175.5	-1.51798
175.625	-1.583505
175.75	-1.637745
175.875	-1.679765
176.0	-1.708688
176.125	-1.723704
176.25	-1.724095
176.375	-1.709239
176.5	-1.678614
176.625	-1.631768
176.75	-1.568307
176.875	-1.487883
177.0	-1.390221
177.125	-1.275161
177.25	-1.1427
177.375	-0.993009
177.5	-0.826405
177.625	-0.643316
177.75	-0.444252
177.875	-0.229834
178.0	-0.000886
178.125	0.241429
178.25	0.495433
178.375	0.758773
178.5	1.028245
178.625	1.299639
178.75	1.567613
178.875	1.825631
179.0	2.066074
179.125	2.280557
179.25	2.460526
179.375	2.59804
179.5	2.686651
179.625	2.722161
179.75	2.703107
179.875	2.630845
180.0	2.509223
180.125	2.343951
180.25	2.141811
180.375	1.909885
180.5	1.65494
180.625	1.383033
180.75	1.099358
180.875	0.808255
181.0	0.513336
181.125	0.217647
181.25	-0.076188
181.375	-0.365849
181.5	-0.649241
181.625	-0.924451
181.75	-1.189721
181.875	-1.443441
182.0	-1.68414
182.125	-1.910485
182.25	-2.121273
182.375	-2.315428
182.5	-2.491988
182.625	-2.6501
182.75	-2.789006
182.875	-2.908033
183.0	-3.006585
183.125	-3.084129
183.25	-3.140196
183.375	-3.174369
183.5	-3.186287
183.625	-3.175643
183.75	-3.142188
183.875	-3.085722
184.0	-3.0061
184.125	-2.903212
184.25	-2.776981
184.375	-2.627353
184.5	-2.4543
184.625	-2.257839
184.75	-2.038073
184.875	-1.795231
185.0	-1.529708
185.125	-1.242073
185.25	-0.933044
185.375	-0.603434
185.5	-0.254119
185.625	0.113894
185.75	0.499233
185.875	0.899717
186.0	1.311729
186.125	1.729566
186.25	2.144958
186.375	2.547045
186.5	2.922981
186.625	3.259203
186.75	3.543141
186.875	3.764999
187.0	3.919171
187.125	4.00493
187.25	4.026277
187.375	3.991048
187.5	3.909547
187.625	3.793067
187.75	3.652534
187.875	3.497509
188.0	3.33559
188.125	3.172238
188.25	3.010955
188.375	2.853686
188.5	2.701329
188.625	2.554198
188.75	2.41236
188.875	2.275771
189.0	2.144223
189.125	2.017183
189.25	1.893605
189.375	1.771828
189.5	1.649574
189.625	1.524083
189.75	1.392321
189.875	1.251233
190.0	1.097993
190.125	0.930209
190.25	0.746088
190.375	0.544537
190.5	0.325215
190.625	0.08854
190.75	-0.164352
190.875	-0.431681
191.0	-0.711127
191.125	-0.999961
191.25	-1.29518
191.375	-1.593636
191.5	-1.89216
191.625	-2.187663
191.75	-2.477211
191.875	-2.758081
192.0	-3.027788
192.125	-3.284105
192.25	-3.525058
192.375	-3.748915
192.5	-3.954172
192.625	-4.139531
192.75	-4.303878
192.875	-4.446257
193.0	-4.56585
193.125	-4.661953
193.25	-4.733954
193.375	-4.781318
193.5	-4.803566
193.625	-4.800265
193.75	-4.771023
193.875	-4.715478
194.0	-4.633296
194.125	-4.524167
194.25	-4.387786
194.375	-4.223833
194.5	-4.031948
194.625	-3.811704
194.75	-3.56262
194.875	-3.284209
195.0	-2.976078
195.125	-2.638045
195.25	-2.270227
195.375	-1.872992
195.5	-1.446746
195.625	-0.991582
195.75	-0.506986
195.875	0.008112
196.0	0.554644
196.125	1.131917
196.25	1.735515
196.375	2.355105
196.5	2.973081
196.625	3.564992
196.75	4.102248
196.875	4.556748
197.0	4.906231
197.125	5.138741
197.25	5.25476
197.375	5.266332
197.5	5.193615
197.625	5.06014
197.75	4.888288
197.875	4.696137
198.0	4.496192
198.125	4.295814
198.25	4.098606
198.375	3.905901
198.5	3.717838
198.625	3.533973
198.75	3.353567
198.875	3.175677
199.0	2.999163
199.125	2.822723
199.25	2.644986
199.375	2.464611
199.5	2.280377
199.625	2.091275
199.75	1.896586
199.875	1.695927
200.0	1.489258
200.125	1.276881
200.25	1.059419
200.375	0.837769
200.5	0.613035
200.625	0.386473
200.75	0.159429
200.875	-0.066715
201.0	-0.290603
201.125	-0.510936
201.25	-0.726501
201.375	-0.936189
201.5	-1.139008
201.625	-1.334088
201.75	-1.520675
201.875	-1.698122
202.0	-1.865886
202.125	-2.023517
202.25	-2.170648
202.375	-2.306983
202.5	-2.432293
202.625	-2.546405
202.75	-2.649199
202.875	-2.740596
203.0	-2.820561
203.125	-2.889095
203.25	-2.946229
203.375	-2.992025
203.5	-3.02657
203.625	-3.049968
203.75	-3.062346
203.875	-3.063841
204.0	-3.054597
204.125	-3.034766
204.25	-3.004497
204.375	-2.963936
204.5	-2.913221
204.625	-2.852472
204.75	-2.781794
204.875	-2.701272
205.0	-2.610965
205.125	-2.51091
205.25	-2.40112
205.375	-2.281584
205.5	-2.152262
205.625	-2.013081
205.75	-1.863933
205.875	-1.704676
206.0	-1.535153
206.125	-1.355208
206.25	-1.164712
206.375	-0.963571
206.5	-0.751711
206.625	-0.529049
206.75	-0.295471
206.875	-0.050861
207.0	0.20481
207.125	0.471347
207.25	0.7482
207.375	1.034424
207.5	1.328722
207.625	1.62955
207.75	1.935105
207.875	2.24308
208.0	2.550106
208.125	2.851019
208.25	3.138212
208.375	3.401457
208.5	3.628468
208.625	3.806254
208.75	3.923031
208.875	3.970188
209.0	3.943772
209.125	3.845098
209.25	3.68037
209.375	3.45949
209.5	3.194444
209.625	2.897671
209.75	2.580766
209.875	2.253671
210.0	1.924363
210.125	1.59893
210.25	1.281851
210.375	0.976363
210.5	0.684787
210.625	0.408792
210.75	0.149582
210.875	-0.091981
211.0	-0.315287
211.125	-0.519928
211.25	-0.705654
211.375	-0.872346
211.5	-1.019992
211.625	-1.148673
211.75	-1.258551
211.875	-1.349863
212.0	-1.422911
212.125	-1.478066
212.25	-1.515766
212.375	-1.536516
212.5	-1.540895
212.625	-1.529561
212.75	-1.503258
212.875	-1.462822
213.0	-1.409185
213.125	-1.343374
213.25	-1.266511
213.375	-1.17981
213.5	-1.084566
213.625	-0.982154
213.75	-0.874021
213.875	-0.761668
214.0	-0.646639
214.125	-0.530488
214.25	-0.414749
214.375	-0.300905
214.5	-0.190347
214.625	-0.084357
214.75	0.01591
214.875	0.109431
215.0	0.195307
215.125	0.272757
215.25	0.341103
215.375	0.399768
215.5	0.448259
215.625	0.486161
215.75	0.513125
215.875	0.528861
216.0	0.533123
216.125	0.525708
216.25	0.506457
216.375	0.475279
216.5	0.432167
216.625	0.377244
216.75	0.310797
216.875	0.233316
217.0	0.145522
217.125	0.048381
217.25	-0.056895
217.375	-0.168872
217.5	-0.285921
217.625	-0.406267
217.75	-0.528039
217.875	-0.649319
218.0	-0.768197
218.125	-0.882809
218.25	-0.991374
218.375	-1.092221
218.5	-1.183805
218.625	-1.264717
218.75	-1.333688
218.875	-1.389594
219.0	-1.43145
219.125	-1.45841
219.25	-1.469755
219.375	-1.464888
219.5	-1.443322
219.625	-1.404672
219.75	-1.348647
219.875	-1.275047
220.0	-1.183772
220.125	-1.074834
220.25	-0.948377
220.375	-0.804713
220.5	-0.644349
220.625	-0.468011
220.75	-0.276661
220.875	-0.071506
221.0	0.145971
221.125	0.373939
221.25	0.610074
221.375	0.851344
221.5	1.093756
221.625	1.33215
221.75	1.56013
221.875	1.770239
222.0	1.954411
222.125	2.104689
222.25	2.214082
222.375	2.277407
222.5	2.291926
222.625	2.25765
222.75	2.177259
222.875	2.055669
223.0	1.899362
223.125	1.715633
223.25	1.511887
223.375	1.295084
223.5	1.071392
223.625	0.846033
223.75	0.62328
223.875	0.406553
224.0	0.198553
224.125	0.001403
224.25	-0.183231
224.375	-0.354041
224.5	-0.510006
224.625	-0.65034
224.75	-0.774451
224.875	-0.881914
225.0	-0.972451
225.125	-1.045914
225.25	-1.102268
225.375	-1.141587
225.5	-1.164044
225.625	-1.169909
225.75	-1.15955
225.875	-1.133438
226.0	-1.092158
226.125	-1.036423
226.25	-0.96709
226.375	-0.885168
226.5	-0.791837
226.625	-0.688449
226.75	-0.576531
226.875	-0.457785
227.0	-0.334082
227.125	-0.207458
227.25	-0.080102
227.375	0.045656
227.5	0.167379
227.625	0.282565
227.75	0.388712
227.875	0.483413
228.0	0.56446
228.125	0.629957
228.25	0.678432
228.375	0.708932
228.5	0.721076
228.625	0.715085
228.75	0.691751
228.875	0.652386
229.0	0.598728
229.125	0.532833
229.25	0.456965
229.375	0.373484
229.5	0.284755
229.625	0.193064
229.75	0.100563
229.875	0.009232
230.0	-0.079153
230.125	-0.163024
230.25	-0.241029
230.375	-0.312028
230.5	-0.375084
230.625	-0.42945
230.75	-0.474564
230.875	-0.510031
231.0	-0.535616
231.125	-0.551231
231.25	-0.556934
231.375	-0.552916
231.5	-0.539507
231.625	-0.517173
231.75	-0.486521
231.875	-0.448301
232.0	-0.40341
232.125	-0.352885
232.25	-0.297896
232.375	-0.239726
232.5	-0.179737
232.625	-0.119334
232.75	-0.059911
232.875	-0.002793
233.0	0.050818
233.125	0.099907
233.25	0.143686
233.375	0.181636
233.5	0.213525
233.625	0.23941
233.75	0.259621
233.875	0.274736
234.0	0.285531
234.125	0.292935
234.25	0.297971
234.375	0.301704
234.5	0.305183
234.625	0.309398
234.75	0.315236
234.875	0.323452
235.0	0.334641
235.125	0.349227
235.25	0.367451
235.375	0.389364
235.5	0.414825
235.625	0.443491
235.75	0.474813
235.875	0.508021
236.0	0.542118
236.125	0.575878
236.25	0.607857
236.375	0.636427
236.5	0.659833
236.625	0.676273
236.75	0.683998
236.875	0.681427
237.0	0.667256
237.125	0.640559
237.25	0.600862
237.375	0.548181
237.5	0.483028
237.625	0.406377
237.75	0.3196
237.875	0.224388
238.0	0.122648
238.125	0.016411
238.25	-0.092261
238.375	-0.201348
238.5	-0.308934
238.625	-0.41325
238.75	-0.5127
238.875	-0.605871
239.0	-0.691539
239.125	-0.768662
239.25	-0.836368
239.375	-0.893949
239.5	-0.940841
239.625	-0.976623
239.75	-1.000997
239.875	-1.013789
240.0	-1.014936
240.125	-1.004486
240.25	-0.982596
240.375	-0.949528
240.5	-0.905651
240.625	-0.851441
240.75	-0.78748
240.875	-0.714456
241.0	-0.63316
241.125	-0.544483
241.25	-0.449406
241.375	-0.348988
241.5	-0.244351
241.625	-0.136662
241.75	-0.027104
241.875	0.083148
242.0	0.192957
242.125	0.30125
242.25	0.407051
242.375	0.509497
242.5	0.60786
242.625	0.701552
242.75	0.790131
242.875	0.873286
243.0	0.950828
243.125	1.022658
243.25	1.088749
243.375	1.149105
243.5	1.203737
243.625	1.252632
243.75	1.295727
243.875	1.332887
244.0	1.363892
244.125	1.388424
244.25	1.406064
244.375	1.416294
244.5	1.418505
244.625	1.412024
244.75	1.396132
244.875	1.370113
245.0	1.333297
245.125	1.28511
245.25	1.225129
245.375	1.15313
245.5	1.069125
245.625	0.973392
245.75	0.866478
245.875	0.749201
246.0	0.622619
246.125	0.488005
246.25	0.346792
246.375	0.200538
246.5	0.050866
246.625	-0.100575
246.75	-0.25215
246.875	-0.402277
247.0	-0.549445
247.125	-0.692238
247.25	-0.829346
247.375	-0.95957
247.5	-1.081825
247.625	-1.195139
247.75	-1.298648
247.875	-1.391597
248.0	-1.473326
248.125	-1.543274
248.25	-1.600966
248.375	-1.646013
248.5	-1.678107
248.625	-1.697017
248.75	-1.702589
248.875	-1.694739
249.0	-1.673459
249.125	-1.63881
249.25	-1.590929
249.375	-1.530027
249.5	-1.456391
249.625	-1.370391
249.75	-1.272481
249.875	-1.163206
250.0	-1.043207
250.125	-0.913229
250.25	-0.774127
250.375	-0.626875
250.5	-0.472571
250.625	-0.312445
250.75	-0.147858
250.875	0.019692
251.0	0.18857
251.125	0.357007
251.25	0.523097
251.375	0.684805
251.5	0.839971
251.625	0.986334
251.75	1.121575
251.875	1.243381
252.0	1.34953
252.125	1.438008
252.25	1.50712
252.375	1.555613
252.5	1.582773
252.625	1.588483
252.75	1.573251
252.875	1.538179
253.0	1.4849
253.125	1.415474
253.25	1.332277
253.375	1.237867
253.5	1.134872
253.625	1.025886
253.75	0.913387
253.875	0.799678
254.0	0.686848
254.125	0.576752
254.25	0.471006
254.375	0.370989
254.5	0.277854
254.625	0.192543
254.75	0.115798
254.875	0.048179
255.0	-0.009922
255.125	-0.058278
255.25	-0.096808
255.375	-0.12558
255.5	-0.144803
255.625	-0.154827
255.75	-0.156141
255.875	-0.149374
256.0	-0.135295
256.125	-0.114809
256.25	-0.088954
256.375	-0.058899
256.5	-0.025929
256.625	0.008565
256.75	0.043108
256.875	0.076162
257.0	0.106167
257.125	0.131581
257.25	0.150934
257.375	0.162882
257.5	0.166266
257.625	0.160174
257.75	0.143979
