t̅ᵇ	κ	λ	mode
-4.171248205320965	2.483572719888575	0.42966471161437597	0.34916478419514757
-3.680513122342028	2.696051739892682	0.4596038963963901	0.38701072102820355
-3.189778039363091	2.7476767223840692	0.47207407864791523	0.4003995136005643
-2.6990429563841536	2.3279552514854482	0.45217285448135885	0.35528851865032673
-2.2083078734052166	2.695119130372295	0.4747480519968427	0.3997088555518994
-1.7175727904262796	2.90118375830538	0.5523916727908176	0.4775066797126794
-1.2268377074473427	3.523839444412137	0.5981051756266598	0.5440542469798988
-0.7361026244684056	6.340185043764371	0.8212210872064583	0.7992864496264148
-0.24536754148946852	7.890461585858166	0.8418930898659479	0.8275572614559805
0.24536754148946852	6.554167258216973	0.8014120491218175	0.7814225983969764
0.7361026244684056	4.291185791231498	0.6155361868840342	0.5786314786670327
1.2268377074473427	3.284807294432569	0.5579219407149333	0.499547300038755
1.7175727904262796	3.124431175929341	0.49087691214034884	0.4338641751437884
2.2083078734052166	2.4217138097869846	0.4741065918935356	0.380505316038373
2.6990429563841536	2.7067514972337343	0.46557853578258973	0.39264574887350145
3.189778039363091	2.676440098036626	0.47716034269781815	0.40063971485440963
3.680513122342028	2.888455277709086	0.4418706364806475	0.381416752334092
4.171248205320965	2.344406659943318	0.44829493194663234	0.3536321267866983
