Variable	Distribution	Π₁	Π₂	 μ 	√σ²	Med	Mode	Skew	Kurt
A̅	Weibull	2.394	0.507	0.449	0.2	0.435	0.404	0.408	-0.091
T̅	LogNormal	-0.484	0.508	0.701	0.38	0.616	0.476	1.787	6.165
T̅ᵣ	LogNormal	-1.481	0.495	0.257	0.135	0.227	0.178	1.726	5.725
T̅ₑ	LogNormal	-3.8	0.829	0.032	0.031	0.022	0.011	3.967	37.251
t̅ᶜ	Cauchy	0.186	5.532	NaN	NaN	0.186	0.186	NaN	NaN
t̅ᶜᵣ	Cauchy	0.067	2.052	NaN	NaN	0.067	0.067	NaN	NaN
t̅ᶜₑ	Normal	0.021	0.303	0.021	0.303	0.021	0.021	0.0	0.0
β	Cauchy	-4.158	98.783	NaN	NaN	-4.158	-4.158	NaN	NaN
Ω	LogNormal	0.07	0.082	1.076	0.088	1.073	1.066	0.247	0.108
β̇	Normal	-50.216	10.079	-50.216	10.079	-50.216	-50.216	0.0	0.0
ΔT̅ₑᵥ	LogNormal	3.262	0.659	32.45	23.953	26.108	16.9	2.617	14.23
N̅	LogNormal	2.09	0.23	8.299	1.937	8.081	7.664	0.713	0.918
maxA	Weibull	8.292	0.851	0.803	0.115	0.815	0.838	-0.552	0.366
FT	LogNormal	0.728	0.118	2.085	0.246	2.07	2.042	0.356	0.226
Δt̅ᶜ	LogNormal	0.346	0.433	1.553	0.705	1.414	1.172	1.455	3.986
Δt̅ᶜᵣ	LogNormal	-0.653	0.414	0.567	0.245	0.521	0.439	1.379	3.56
Δt̅ᶜₑ	LogNormal	-3.009	0.76	0.066	0.058	0.049	0.028	3.342	24.888
