Variable	 x̅ 	 s 	Med	IQR	Skew	Kurt
Ω	1.086	0.096	1.076	0.122	0.467	0.994
β̇	-50.005	9.949	-49.793	11.667	-0.108	2.086
ΔT̅ₑᵥ	32.505	20.685	28.003	25.892	1.461	3.112
N̅	8.464	1.95	8.274	2.302	1.125	4.765
max(A)	0.806	0.112	0.804	0.144	-0.015	0.346
FairTen	2.015	0.268	1.975	0.336	1.055	1.623
A̅	0.45	0.201	0.426	0.288	0.466	-0.344
T̅	0.673	0.38	0.576	0.423	1.981	7.164
T̅ᵣ	0.255	0.139	0.219	0.157	1.824	5.607
T̅ₑ	0.034	0.037	0.023	0.027	5.306	72.444
t̅ᶜ	0.433	10.242	0.092	9.805	-0.041	3.905
t̅ᶜᵣ	0.188	3.73	0.038	3.79	-0.044	3.174
t̅ᶜₑ	0.014	0.311	0.005	0.421	-0.283	1.982
β	-13.838	197.843	-3.385	184.893	-0.12	4.908
Δt̅ᶜ	1.483	0.673	1.346	0.835	1.278	2.551
Δt̅ᶜᵣ	0.56	0.239	0.514	0.309	1.099	1.565
Δt̅ᶜₑ	0.07	0.062	0.052	0.055	2.92	14.038
