0.0	0.0
0.125	0.0
0.25	0.0
0.375	0.0
0.5	0.0
0.625	0.0
0.75	0.0
0.875	0.0
1.0	0.0
1.125	0.0
1.25	0.0
1.375	0.0
1.5	0.0
1.625	0.0
1.75	0.0
1.875	0.0
2.0	0.0
2.125	0.0
2.25	0.0
2.375	0.0
2.5	0.0
2.625	0.0
2.75	0.0
2.875	0.0
3.0	0.0
3.125	0.0
3.25	0.0
3.375	0.0
3.5	0.001122167933981151
3.625	0.0004957006838226079
3.75	-0.00049627110579813
3.875	-0.0010493046925256692
4.0	-0.001953863096827323
4.125	-0.002396352820609257
4.25	-0.003178949479380475
4.375	-0.003479315573428776
4.5	-0.0041118970251120815
4.625	-0.0042459306367555755
4.75	-0.004708592222665287
4.875	-0.004660896182251052
5.0	-0.004943086070423058
5.125	-0.004708021654240516
5.25	-0.004809213512596853
5.375	-0.0043912859600351555
5.5	-0.004321068507739612
5.625	-0.00373471601465032
5.75	-0.0035122814632887163
5.875	-0.0027810675018510858
6.0	-0.0024341168649664843
6.125	-0.001589361955931016
6.25	-0.0011524812439799462
6.375	-0.00023140555576062823
6.5	0.00025599921964468186
6.625	0.001212519047054037
6.75	0.0017086105184396375
6.875	0.002658540211384706
7.0	0.0031216210552071377
7.125	0.004024373516034508
7.25	0.004415484276767248
7.375	0.005234469688085355
7.5	0.005519850400233237
7.625	0.006224809515228837
7.75	0.006378066031708215
7.875	0.006947033069735098
8.0	0.00695086247577773
8.125	0.007371622329645939
8.25	0.007218974723678496
8.375	0.00748990642764018
8.5	0.007184491589331164
8.625	0.00731472482374597
8.75	0.0068708102375751486
8.875	0.006879662196108614
9.0	0.0063211514871031604
9.125	0.006236855459857325
9.25	0.00559568113777473
9.375	0.00545346316948045
9.5	0.004767372094592693
9.625	0.004606975450473857
9.75	0.003916827018253902
9.875	0.003779623356305838
10.0	0.0031263565442056626
10.125	0.0030522152505262127
10.25	0.0024736691133190663
10.375	0.002497780106809495
10.5	0.0020255711380482836
10.625	0.0021754298979605926
10.75	0.0018320974366953025
10.875	0.0021248628480376335
11.0	0.0019214894678328922
11.125	0.002361914663911566
11.25	0.0022964118766259163
11.375	0.002875525525803855
11.5	0.0029317464112968332
11.625	0.003626427400170016
11.75	0.003774227797263536
11.875	0.004547771174673237
12.0	0.004744091311995945
12.125	0.005547809448242639
12.25	0.00573879041562593
12.375	0.006514632936537067
12.5	0.006638719799361541
12.625	0.0073228318230751065
12.75	0.0073147505361543155
12.875	0.007841824343346248
13.0	0.007637256370318247
13.125	0.007945470456988077
13.25	0.007486190825288446
13.375	0.007522476056755506
13.5	0.00676167122273309
13.625	0.006487000232600814
13.75	0.005394445204203736
13.875	0.004788811716670316
14.0	0.0033555646231742836
14.125	0.0024223069881013927
14.25	0.0006645763287122476
14.375	-0.0005662935179094967
14.5	-0.0026044365873960124
14.625	-0.004074210008752142
14.75	-0.00631956405090447
14.875	-0.007940381465270593
15.0	-0.010291023227252416
15.125	-0.011947183912054876
15.25	-0.014274707499051052
15.375	-0.01582585361180634
15.5	-0.017979502705944183
15.625	-0.01926568921602443
15.75	-0.02107834121099821
15.875	-0.021926896294890957
16.0	-0.02322274782081584
16.125	-0.02345671812008084
16.25	-0.024060412073416203
16.375	-0.02350828023083753
16.5	-0.023255111404861993
16.625	-0.021761375807534095
16.75	-0.020508121787118794
16.875	-0.017944246520559603
17.0	-0.015580098445590902
17.125	-0.011855280509719374
17.25	-0.008312299568597564
17.375	-0.003383464824228055
17.5	0.0013540313010978362
17.625	0.007473599084293986
17.75	0.013361307744325887
17.875	0.02059527734005243
18.0	0.02752339011661815
18.125	0.03572815215487555
18.25	0.04351852353491989
18.375	0.05248185602136375
18.5	0.0608882479339142
18.625	0.07033120738465927
18.75	0.07904287655106917
18.875	0.08862511436523957
19.0	0.09727387054520199
19.125	0.10660242765514126
19.25	0.1147731380217258
19.375	0.1234146132592265
19.5	0.13065896734747626
19.625	0.13815479259055846
19.75	0.14400797993044914
19.875	0.14989237443911246
20.0	0.15389216964429467
20.125	0.15771219360320216
20.25	0.15941979786189675
20.375	0.1607567874833589
20.5	0.15977864746044765
20.625	0.15827019732424427
20.75	0.15427991855975667
20.875	0.1496414871421426
21.0	0.14240088489888533
21.125	0.13444604203090468
21.25	0.12382433350507557
21.375	0.11248264880060621
21.5	0.09847279130902117
21.625	0.0838043846390578
21.75	0.06653560856039456
21.875	0.048741450564134106
22.0	0.028487125900353915
22.125	0.007914289987169983
22.25	-0.014905597804993525
22.375	-0.037764370742767166
22.5	-0.06258667790494526
22.625	-0.08709953741407844
22.75	-0.11322767085838305
22.875	-0.13863653115255056
23.0	-0.16525647028052318
23.125	-0.1906961230202787
23.25	-0.21689853327439226
23.375	-0.2414216315523967
23.5	-0.26622955514681096
23.625	-0.2888368079466723
23.75	-0.31123812803640843
23.875	-0.33091276375903605
24.0	-0.34989637055944045
24.125	-0.365641677811146
24.25	-0.38023603646127563
24.375	-0.3911145874019917
24.5	-0.40042723413866366
24.625	-0.405600255573126
24.75	-0.4088566447195325
24.875	-0.4076219364463025
25.0	-0.4042020351117397
25.125	-0.39602885041439134
25.25	-0.3854999342723555
25.375	-0.3700593343098074
25.5	-0.3522035735758419
25.625	-0.32939293973844636
25.75	-0.3042285702598244
25.875	-0.2741891940732005
26.0	-0.2419843293497637
26.125	-0.20511128101024784
26.25	-0.16638971794750945
26.375	-0.12333350174245297
26.5	-0.07887218499292092
26.625	-0.030532001636128372
26.75	0.018649881975535774
26.875	0.07114114898808126
27.0	0.12380119080945468
27.125	0.17909988069664926
27.25	0.23379908228997826
27.375	0.29038094308996676
27.5	0.3455172515209716
27.625	0.40171411212191827
27.75	0.45556198808262927
27.875	0.5096039799861645
28.0	0.560359005793502
28.125	0.6104212930717176
28.25	0.6562487375184533
28.375	0.7005016367517173
28.5	0.7395878287697808
28.625	0.7762491459797765
28.75	0.8068544635315615
28.875	0.8342428383017125
29.0	0.8547550908150601
29.125	0.8713431189523306
29.25	0.8803300930174142
29.375	0.8847960021179998
29.5	0.8810559563366986
29.625	0.8723326395822517
29.75	0.8549415816521738
29.875	0.8322618596739045
30.0	0.8006165210803866
30.125	0.7635536015051982
30.25	0.7174091411548786
30.375	0.6659113752440674
30.5	0.6054129834513267
30.625	0.5398321649468042
30.75	0.4655398847295913
30.875	0.3866524747755943
31.0	0.29955868200987007
31.125	0.2085794468127562
31.25	0.11011850411382573
31.375	0.008706088738930905
31.5	-0.09924431815938495
31.625	-0.20899041009233388
31.75	-0.3241168487826608
31.875	-0.4396685547413749
32.0	-0.5592391345193357
32.125	-0.677662344596706
32.25	-0.798554798509495
32.375	-0.916543317764908
32.5	-1.0352852756726352
32.625	-1.1492077835263874
32.75	-1.2620309129216625
32.875	-1.3679926954918162
33.0	-1.4709025439696748
33.125	-1.5648238364009703
33.25	-1.6536871521525278
33.375	-1.7313997300129094
33.5	-1.8020506792213082
33.625	-1.8594138045943636
33.75	-1.9077797833422885
33.875	-1.940815694380539
34.0	-1.963062318532627
34.125	-1.968110143164572
34.25	-1.9608035081107853
34.375	-1.9346888232129136
34.5	-1.8949713212575776
34.625	-1.8351866575767357
34.75	-1.7609606376434805
34.875	-1.6658501837331035
35.0	-1.5559616914553254
35.125	-1.4249014493241572
35.25	-1.279314381583102
35.375	-1.1128772685022095
35.5	-0.9328267167558112
35.625	-0.7329207949271354
35.75	-0.5210333367969873
35.875	-0.2910006788069324
36.0	-0.05136908972274699
36.125	0.20396708013588946
36.25	0.4657666358645111
36.375	0.7401178211294008
36.5	1.0170764984264884
36.625	1.3027770636951401
36.75	1.586579748212201
36.875	1.8747534714088323
37.0	2.1559851451842773
37.125	2.4367923559152684
37.25	2.7052242477066692
37.375	2.968186943990636
37.5	3.2131372022624376
37.625	3.447534224365461
37.75	3.6582923621402497
37.875	3.8536111672089404
38.0	4.0199099925862365
38.125	4.16633620328371
38.25	4.278849774367511
38.375	4.367770904027563
38.5	4.418612670206749
38.625	4.443108711856598
38.75	4.426300856029605
38.875	4.381592202013249
39.0	4.2934756549630375
39.125	4.177298467122673
39.25	4.016853379119835
39.375	3.829734332134067
39.5	3.598783001488078
39.625	3.3441894083630705
39.75	3.0474574710359965
39.875	2.731805143757363
40.0	2.376821249765171
40.125	2.009330884499918
40.25	1.6061476631949592
40.375	1.198550885136234
40.5	0.7592640938629633
40.625	0.3253727840765111
40.75	-0.13661998105095233
40.875	-0.5814504663181005
41.0	-1.0526594398045162
41.125	-1.4921078253113873
41.25	-1.9615560437538444
41.375	-2.3787450863067274
41.5	-2.8482891144936207
41.625	-3.224300589953244
41.75	-3.9119616763044047
41.875	-4.265515107160847
42.0	-4.454096212645248
42.125	-4.722380413680787
42.25	-4.902755006772586
42.375	-5.0944285864310785
42.5	-5.2142080659253685
42.625	-5.32509747154409
42.75	-5.37128323175943
42.875	-5.39946184143529
43.0	-5.36803892886625
43.125	-5.314637959998665
43.25	-5.206590848375332
43.375	-5.0758493107789615
43.5	-4.89594821598594
43.625	-4.694993593406164
43.75	-4.451088510657452
43.875	-4.189545705743323
44.0	-3.891940006828796
44.125	-3.581417509462431
44.25	-3.242226275042642
44.375	-2.8957211099388087
44.5	-2.528206753041665
44.625	-2.1594686223917954
44.75	-1.7773741624964612
44.875	-1.40026774715984
45.0	-1.017176537883279
45.125	-0.6450777103166633
45.25	-0.27382873680218534
45.375	0.08091462938715431
45.5	0.42873059161925786
45.625	0.7552490861596457
45.75	1.069693246781153
45.875	1.3589410184142905
46.0	1.632018275004609
46.125	1.8770039249420458
46.25	2.1028379461338558
46.375	2.298739940232291
46.5	2.4736341514627633
46.625	2.617806277253334
46.75	2.7401994536964067
46.875	2.8320775272359144
47.0	2.9024076530747904
47.125	2.9433329875844527
47.25	2.963826572931159
47.375	2.9568045424154894
47.5	2.931210638106247
47.625	2.8806240105786256
47.75	2.813912780741448
47.875	2.7252094640824716
48.0	2.6232545123846847
48.125	2.502628135767467
48.25	2.371890046167251
48.375	2.225969629771876
48.5	2.073195631823278
48.625	1.9087577464888723
48.75	1.7407093247475192
48.875	1.5644228905000908
49.0	1.3876398039811582
49.125	1.205850292725214
49.25	1.0264561136069532
49.375	0.8450126527834924
49.5	0.6685638019783552
49.625	0.492689730644114
49.75	0.32406726601229613
49.875	0.15827223169588645
50.0	0.0016134641388007634
50.125	-0.15035672910491757
50.25	-0.2916912823977805
50.375	-0.4268721135492898
50.5	-0.5503018667453075
50.625	-0.666500498607286
50.75	-0.770203803501906
50.875	-0.8659682041015427
51.0	-0.9488428518750294
51.125	-1.0234150379559912
51.25	-1.0850253517160002
51.375	-1.1382834845565473
51.5	-1.1787983224327396
51.625	-1.2111915404512796
51.75	-1.231316646264921
51.875	-1.2437956294136376
52.0	-1.2447028994511473
52.125	-1.2386483362886487
52.25	-1.2219038106606541
52.375	-1.1990542577981895
52.5	-1.1665460531120009
52.625	-1.1289261801748616
52.75	-1.0827931806962205
52.875	-1.0326430890328648
53.0	-0.9752049977481342
53.125	-0.9149111659705658
53.25	-0.8486004519439553
53.375	-0.7806288543441554
53.5	-0.7079251709021184
53.625	-0.6347571849705704
53.75	-0.5581249228820756
53.875	-0.48219673943691677
54.0	-0.40402647380778617
54.125	-0.32767280618927674
54.25	-0.25022746016631475
54.375	-0.17563038959606025
54.5	-0.10099695167687536
54.625	-0.030140731109187156
54.75	0.03981168027650736
54.875	0.10517911159553922
55.0	0.1688341371871066
55.125	0.22723229221165622
55.25	0.2832536093553085
55.375	0.33349275625062624
55.5	0.38084333741155624
55.625	0.42203964375585
55.75	0.4599927583833821
55.875	0.4915751249717824
56.0	0.5197170194243383
56.125	0.5414256243768841
56.25	0.5596499865095095
56.375	0.5715267321471602
56.5	0.5800212193899648
56.625	0.5823924478541128
56.75	0.5816177332465566
56.875	0.5750697553272289
57.0	0.5657317277440467
57.125	0.5510798944632267
57.25	0.5340958371544741
57.375	0.5123480732639386
57.5	0.4888078344606762
57.625	0.46112374035073084
57.75	0.43224709184912996
57.875	0.39989389399499714
58.0	0.3669854349952914
58.125	0.33129221020239696
58.25	0.2956952985303279
58.375	0.25800699783979403
58.5	0.2210582632907285
58.625	0.1826911026975178
58.75	0.14567710441040488
58.875	0.10787686045190324
59.0	0.07199438347690193
59.125	0.035899026803169996
59.25	0.002220370182739945
59.375	-0.031171709338517158
59.5	-0.06172731489811988
59.625	-0.09158248408236858
59.75	-0.11827046526406193
59.875	-0.14393771556656823
60.0	-0.16620220647582096
60.125	-0.18722333735625363
60.25	-0.20470348614144598
60.375	-0.22081557216327827
60.5	-0.23334424303249848
60.625	-0.24447468921028756
60.75	-0.2520700228513273
60.875	-0.25832482036504506
61.0	-0.2611754026497286
61.125	-0.26282145957268377
61.25	-0.26126608357102765
61.375	-0.2587087105906525
61.5	-0.253211890636684
61.625	-0.24696866265829234
61.75	-0.23809316672693295
61.875	-0.22876545535347878
62.0	-0.21714316320002133
62.125	-0.2053866443371598
62.25	-0.1916890175639044
62.375	-0.17818440831550625
62.5	-0.1630937816876218
62.625	-0.14851895937429674
62.75	-0.13270173932515086
62.875	-0.11770625258202187
63.0	-0.10178894909727622
63.125	-0.08697175702041682
63.25	-0.07152058948771829
63.375	-0.05741167014687307
63.5	-0.0429162865446665
63.625	-0.02996255079297247
63.75	-0.01682419230521227
63.875	-0.005379931776665829
64.0	0.00609582985788813
64.125	0.015773932309089963
64.25	0.02537995215580663
64.375	0.033133408579163276
64.5	0.04075946631005706
64.625	0.046524493333813956
64.75	0.05215193366780301
64.875	0.05595235656177524
65.0	0.05964540481507952
65.125	0.06158254265242808
65.25	0.06347692863705769
65.375	0.06371713234780971
65.5	0.06400672481181846
65.625	0.0627672924470075
65.75	0.061689482183884814
65.875	0.05922369503345139
66.0	0.05704426763553397
66.125	0.05362627749986033
66.25	0.05062448763668614
66.375	0.04653474130296546
66.5	0.04298924175216104
66.625	0.03850105656941575
66.75	0.034677250611727106
66.875	0.03004505916643693
67.0	0.026184339096599
67.125	0.021634006583417707
67.25	0.01794521965115302
67.375	0.013666710661937009
67.5	0.010320063105726618
67.625	0.006462601818425509
67.75	0.00358607852656734
67.875	0.00025581445325126
68.0	-0.0020659370732305496
68.125	-0.004805869920985852
68.25	-0.006530360858800935
68.375	-0.008657614281234578
68.5	-0.0097813125798703
68.625	-0.011310238978279036
68.75	-0.011863697059091535
68.875	-0.012839793298804216
69.0	-0.012881515489629616
69.125	-0.013374825085165071
69.25	-0.012984316673470555
69.375	-0.013082238367485058
69.5	-0.012352684213409027
69.625	-0.012152628661083954
69.75	-0.011183631052138638
69.875	-0.010785937840460499
70.0	-0.009676703385204783
70.125	-0.009178181275375126
70.25	-0.008021488885360046
70.375	-0.007509877145651253
70.5	-0.0063870880584731725
70.625	-0.005936660821246801
70.75	-0.004913952104983834
70.875	-0.004582405847583915
71.0	-0.0037083259087782555
71.125	-0.0035350073548174603
71.25	-0.0028393704284809347
71.375	-0.002844822957517355
71.5	-0.002338883678761699
71.625	-0.0025256186859503003
71.75	-0.0022034012324809896
71.875	-0.00255774000396494
72.0	-0.0023983417465174494
72.125	-0.002893125665779936
72.25	-0.0028637746818949202
72.375	-0.0034617084269168395
72.5	-0.0035213286547660853
72.625	-0.0041787030911784795
72.75	-0.004281730518708613
72.875	-0.004952269042934943
73.0	-0.005052466577822313
73.125	-0.0056910498069663775
73.25	-0.005745086126799863
73.375	-0.006311133551213915
73.5	-0.006281720513926886
73.625	-0.006742042015364135
73.75	-0.006600463905416914
73.875	-0.006931436514732468
74.0	-0.006659349985621518
74.125	-0.0068483232703149535
74.25	-0.006438756596110704
74.375	-0.006484640854543999
74.5	-0.005942172223759804
74.625	-0.005855214426747558
74.75	-0.005195358744982071
74.875	-0.004996159217140597
75.0	-0.004244038636015244
75.125	-0.0039619043392068246
75.25	-0.00315031718215316
75.375	-0.002821083015573277
75.5	-0.001988116996391342
75.625	-0.0016515930629009694
75.75	-0.0008379502423478249
75.875	-0.0005351693709568469
76.0	0.0002186187211497878
76.125	0.00044817335484906436
76.25	0.0011044618772213725
76.375	0.001225474405527438
76.5	0.0017519844856409123
76.625	0.0017356099988647367
76.75	0.00210752297463139
76.875	0.0019332421644982702
77.0	0.002134788757811792
77.125	0.0017917100599217721
77.25	0.0018171688142943584
77.375	0.0013047112117861145
77.5	0.0011587688917131663
77.625	0.0004866980135433224
77.75	0.00018416462849708232
77.875	-0.0006280053749767018
78.0	-0.0010630951242029019
78.125	-0.0019872836036672037
78.25	-0.00252311465883859
78.375	-0.003524356416344517
78.5	-0.004123224854434318
78.625	-0.005161740465175876
78.75	-0.0057822695394139844
78.875	-0.006815792395033182
79.0	-0.00741533454923115
79.125	-0.00840155130358304
79.25	-0.008938630309800577
79.375	-0.009837588558160472
79.5	-0.010274237465443294
79.625	-0.011050580312749532
79.75	-0.01135444084142981
79.875	-0.011979341868295787
80.0	-0.012125408357463842
80.125	-0.012578101402075187
80.25	-0.012550016271839125
80.375	-0.012818839396725587
80.5	-0.012609674644562464
80.625	-0.012692582407119598
80.75	-0.012305075072918045
80.875	-0.012209596146065782
81.0	-0.011655834630736623
81.125	-0.011398494062693812
81.25	-0.010699086379598512
81.375	-0.0103043349543693
81.5	-0.009487117219964324
81.625	-0.008985839976608267
81.75	-0.00808420840572171
81.875	-0.00751190584784256
82.0	-0.0065628746638752775
82.125	-0.005957626346350894
82.25	-0.004999726923783764
82.375	-0.00440005665623012
82.5	-0.003471199323102994
82.625	-0.002913963865546854
82.75	-0.0020493829684320184
82.875	-0.0015678018692984002
83.0	-0.0007981971832962589
83.125	-0.0004201307444773911
83.25	0.00022989531052320766
83.375	0.0004833293070053823
83.5	0.0009964580004773235
83.625	0.00111185916426038
83.75	0.0014788075511399832
83.875	0.0014510140904504957
84.0	0.001670820623496242
84.125	0.001502957965939752
84.25	0.0015827961463222282
84.375	0.0012858608697159468
84.5	0.0012404019518595908
84.625	0.0008324147267034852
84.75	0.0006827852585280662
84.875	0.00018756989412520414
85.0	-4.0028423607791426e-5
85.125	-0.0005943630094521764
85.25	-0.0008702861647801794
85.375	-0.0014530691922383843
85.5	-0.0017460190281005552
85.625	-0.002325844854378446
85.75	-0.0026047084823321164
85.875	-0.0031512621604245896
86.0	-0.0033868978121528205
86.125	-0.0038726762625936988
86.25	-0.004039545936012547
86.375	-0.0044413797725679875
86.5	-0.004518939698792935
86.625	-0.004819233923855343
86.75	-0.004793009351422793
86.875	-0.004980638661139156
87.0	-0.0048429287632961275
87.125	-0.004913744005272487
87.25	-0.0046639247017736364
87.375	-0.004620849871510341
87.5	-0.004265265723240109
87.625	-0.004117988437379236
87.75	-0.0036694481708666408
87.875	-0.0034337294685713544
88.0	-0.002910641793217318
88.125	-0.0026072921076467667
88.25	-0.0020324980758572022
88.375	-0.0016860841372342266
88.5	-0.001085458311147916
88.625	-0.0007228196419643921
88.75	-0.00012372393955524557
88.875	0.00022761321922506024
89.0	0.0007979324829962847
89.125	0.0011113519355962715
89.25	0.0016273318886496023
89.375	0.0018786442742572196
89.5	0.0023178500776156784
89.625	0.0024866453122040786
89.75	0.0028310120402567506
89.875	0.00290177393880151
90.0	0.003138579245768622
90.125	0.003101503659535769
90.25	0.0032240211559145487
90.375	0.0030754967592686983
90.5	0.00308329892953355
90.625	0.0028260295291318393
90.75	0.0027249293050069807
90.875	0.0023676970815940737
91.0	0.0021693376867250812
91.125	0.0017264269585246148
91.25	0.0014475492171259828
91.375	0.0009378690205676408
91.5	0.0005993029061244687
91.625	4.5262914982249365e-5
91.75	-0.00032929523158009967
91.875	-0.0009030880363078083
92.0	-0.0012884402242594026
92.125	-0.0018565878176867734
92.25	-0.002227461929101658
92.375	-0.0027652036296487363
92.5	-0.0030976624089350565
92.625	-0.0035822446703113317
92.75	-0.0038549972101068132
92.875	-0.004266908691960429
93.0	-0.004462452181318836
93.125	0.0
93.25	0.0
93.375	0.0
93.5	0.0
93.625	0.0
93.75	0.0
93.875	0.0
94.0	0.0
94.125	0.0
94.25	0.0
94.375	0.0
94.5	0.0
94.625	0.0
94.75	0.0
94.875	0.0
95.0	0.0
95.125	0.0
95.25	0.0
95.375	0.0
95.5	0.0
95.625	0.0
95.75	0.0
95.875	0.0
96.0	0.0
96.125	0.0
96.25	0.0
96.375	0.0
96.5	0.0
96.625	0.0
96.75	0.0
96.875	0.0
97.0	0.0
97.125	0.0
97.25	0.0
97.375	0.0
97.5	0.0
