0.0	0.0
0.125	0.0
0.25	0.0
0.375	0.0
0.5	0.0
0.625	0.0
0.75	0.0
0.875	0.0
1.0	0.0
1.125	0.0
1.25	0.0
1.375	0.0
1.5	0.0
1.625	0.0
1.75	0.0
1.875	0.0
2.0	0.0
2.125	0.0
2.25	0.0
2.375	0.0
2.5	0.0
2.625	0.0
2.75	0.0
2.875	0.0
3.0	0.0
3.125	0.0
3.25	0.0
3.375	0.0
3.5	-0.09374724077393104
3.625	-0.10025286333615582
3.75	-0.10615495519646646
3.875	-0.11123349575414428
4.0	-0.11524997106673869
4.125	-0.11794992295541468
4.25	-0.1190662399198911
4.375	-0.11832319990972852
4.5	-0.11544125429105069
4.625	-0.11014251941647517
4.75	-0.10215691756612573
4.875	-0.09122888331708422
5.0	-0.07712452536744238
5.125	-0.059639108334747955
5.25	-0.038604694985573194
5.375	-0.013897767697136217
5.5	0.01455337031981356
5.625	0.046761627442016056
5.75	0.08267481180971907
5.875	0.12217020005787636
6.0	0.16505020742851045
6.125	0.21103936898632125
6.25	0.25978282317259216
6.375	0.31084646305005387
6.5	0.3637188875629562
6.625	0.4178152454841166
6.75	0.4724830192407305
6.875	0.5270097455642196
7.0	0.5806326162016251
7.125	0.6325498462737595
7.25	0.6819336419546219
7.375	0.7279445447805236
7.5	0.7697468789356438
7.625	0.8065249821539957
7.75	0.8374998621978945
7.875	0.8619458908431845
8.0	0.8792071273279375
8.125	0.8887128544309202
8.25	0.889991913531197
8.375	0.8826854405746448
8.5	0.8665576328411011
8.625	0.8415042163455904
8.75	0.8075583347702951
8.875	0.7648936417525957
9.0	0.7138244475130072
9.125	0.6548028462313298
9.25	0.5884128300392589
9.375	0.5153614765714866
9.5	0.4364673771752581
9.625	0.35264654957204683
9.75	0.264896149520212
9.875	0.17427635853319906
10.0	0.0818908769031847
10.125	-0.01113350857056341
10.25	-0.10366778598973347
10.375	-0.19460150027545484
10.5	-0.2828629492247786
10.625	-0.3674383042434546
10.75	-0.4473891973112491
10.875	-0.5218683598442471
11.0	-0.5901329548740997
11.125	-0.651555309551204
11.25	-0.7056308282781875
11.375	-0.7519829454480351
11.5	-0.7903650583143182
11.625	-0.8206594624273389
11.75	-0.8428733918371397
11.875	-0.8571323415265789
12.0	-0.8636709181336406
12.125	-0.8628215250649584
12.25	-0.855001238035316
12.375	-0.8406972657069105
12.5	-0.8204514166631451
12.625	-0.7948440080612164
12.75	-0.7644776529984535
12.875	-0.7299613533184776
13.0	-0.6918953030479392
13.125	-0.650856775975766
13.25	-0.60738743040394
13.375	-0.5619823163483041
13.5	-0.5150808171202023
13.625	-0.46705970001481706
13.75	-0.41822839151756286
13.875	-0.36882653271236177
14.0	-0.31902381202913205
14.125	-0.26892201654905556
14.25	-0.21855919106006386
14.375	-0.16791574697889988
14.5	-0.11692232196445686
14.625	-0.0654691561464684
14.75	-0.013416722765470183
14.875	0.03939267016659005
15.0	0.09312260484618523
15.125	0.1479299105091064
15.25	0.203951958489167
15.375	0.2612941971141155
15.5	0.32001821787848256
15.625	0.38013062934479186
15.75	0.4415729960255069
15.875	0.5042130766972621
16.0	0.5678375707854395
16.125	0.6321465531856955
16.25	0.6967497476692518
16.375	0.761164757309264
16.5	0.8248173375737553
16.625	0.8870437642149276
16.75	0.9470953141620928
16.875	1.0041448435797902
17.0	1.0572954133462444
17.125	1.1055908786922084
17.25	1.1480283268704337
17.375	1.1835722147676193
17.5	1.211170027611599
17.625	1.2297692506826392
17.75	1.2383354185571769
17.875	1.2358709812761255
18.0	1.221434704349495
18.125	1.1941613001203175
18.25	1.153280972165461
18.375	1.0981385425640324
18.5	1.0282118244611964
18.625	0.9431288998148109
18.75	0.8426839649108477
18.875	0.7268514144854256
19.0	0.5957978493342567
19.125	0.4498917122670122
19.25	0.2897102832087057
19.375	0.11604379607644523
19.5	-0.07010352245041497
19.625	-0.2675156493476094
19.75	-0.4747703063127044
19.875	-0.6902479031340026
20.0	-0.9121438857753323
20.125	-1.1384844338021882
20.25	-1.367145392424042
20.375	-1.5958742645925568
20.5	-1.8223150294188877
20.625	-2.0440354958458022
20.75	-2.258556846237296
20.875	-2.463384974527039
21.0	-2.656043178955167
21.125	-2.834105731309968
21.25	-2.9952318139721092
21.375	-3.1371992938035653
21.5	-3.2579377887560246
21.625	-3.3555604795467304
21.75	-3.42839412522973
21.875	-3.475006758140349
22.0	-3.4942325604621107
22.125	-3.4851934612928357
22.25	-3.447317039088882
22.375	-3.380350369050961
22.5	-3.2843695174897096
22.625	-3.159784454397642
22.75	-3.0073392301168496
22.875	-2.8281073407499817
23.0	-2.623482288327659
23.125	-2.395163424150912
23.25	-2.1451372455615667
23.375	-1.8756543960359189
23.5	-1.5892026943535145
23.625	-1.2884765891336059
23.75	-0.9763434988220929
23.875	-0.6558075529497576
24.0	-0.3299712970234619
24.125	-0.0019959597998221393
24.25	0.32493909282424016
24.375	0.6476770790115506
24.5	0.9631240566371378
24.625	1.268288082165957
24.75	1.560316662493268
24.875	1.8365319215636118
25.0	2.0944629461053155
25.125	2.3318748268983382
25.25	2.5467939725577535
25.375	2.73752934061865
25.5	2.9026893043686384
25.625	3.041193951899301
25.75	3.1522826946740627
25.875	3.2355171449319275
26.0	3.290779302857521
26.125	3.31826517407055
26.25	3.318474014111094
26.375	3.292193467805835
26.5	3.2404809364045355
26.625	3.1646415630372995
26.75	3.0662032763941474
26.875	2.9468893727920307
27.0	2.808589147394377
27.125	2.6533271059174126
27.25	2.4832312985403564
27.375	2.300501317986348
27.5	2.107376494113152
27.625	1.906104798293695
27.75	1.6989129429976868
27.875	1.4879781260860236
28.0	1.2754018263124791
28.125	1.0631860074183377
28.25	0.853212034116093
28.375	0.6472225453593844
28.5	0.4468064697931839
28.625	0.2533873063818944
28.75	0.06821473111847988
28.875	-0.10764047042335387
29.0	-0.2732882040292124
29.125	-0.42801771665810256
29.25	-0.5712932625990591
29.375	-0.7027470007680218
29.5	-0.8221693798399509
29.625	-0.929497303829477
29.75	-1.0248004002603133
29.875	-1.1082657359188115
30.0	-1.1801813412233173
30.125	-1.2409189134366951
30.25	-1.290916071404351
30.375	-1.3306585304239016
30.5	-1.3606625555563352
30.625	-1.381458035571452
30.75	-1.3935724982579794
30.875	-1.3975163615597432
31.0	-1.3937696845121121
31.125	-1.3827706478727808
31.25	-1.3649059573178213
31.375	-1.340503322770116
31.5	-1.3098261265074023
31.625	-1.273070350817852
31.75	-1.2303637937730778
31.875	-1.181767559788799
32.0	-1.1272797706298388
32.125	-1.0668414029421762
32.25	-1.0003441207757833
32.375	-0.9276399363726932
32.5	-0.8485525001670509
32.625	-0.7628897918660541
32.75	-0.6704579589960197
32.875	-0.5710760277050281
33.0	-0.4645911931662827
33.125	-0.3508943838330191
33.25	-0.22993578521985228
33.375	-0.10174000494502906
33.5	0.03357943846452835
33.625	0.17580661500241085
33.75	0.32461097262973493
33.875	0.4795367036675298
34.0	0.6399939556828002
34.125	0.8052521306842675
34.25	0.9744354885806694
34.375	1.1465212391357635
34.5	1.3203402714086472
34.625	1.4945806312781489
34.75	1.66779381655143
34.875	1.8384039158367762
35.0	2.004719572355381
35.125	2.164948707758892
35.25	2.3172158944321204
35.375	2.45958221835216
35.5	2.5900674290330756
35.625	2.706674129115699
35.75	2.8074137144817484
35.875	2.890333737096563
36.0	2.9535463278195992
36.125	2.995257285846352
36.25	3.0137954159023486
36.375	3.0076416743919028
36.5	2.9754576719406924
36.625	2.9161130726149658
36.75	2.8287114299163987
36.875	2.7126140067055955
37.0	2.5674611406553214
37.125	2.393190738715167
37.25	2.190053513296871
37.375	1.9586246092499942
37.5	1.6998113138461208
37.625	1.4148565914521671
37.75	1.1053382397473452
37.875	0.7731635245020989
38.0	0.42055921425460185
38.125	0.05005700375489145
38.25	-0.33552561522692365
38.375	-0.7331089063107519
38.5	-1.1393786639520755
38.625	-1.550817942217593
38.75	-1.9637424001034052
38.875	-2.374338863158244
39.0	-2.7787066425146114
39.125	-3.1729010996671376
39.25	-3.55297889949877
39.375	-3.9150443560728796
39.5	-4.255296246396845
39.625	-4.570074447397786
39.75	-4.855905741260315
39.875	-5.109548134420122
40.0	-5.328033046072207
40.125	-5.508704743041698
40.25	-5.6492564290966465
40.375	-5.747762437887825
40.5	-5.802706029131028
40.625	-5.813002346678801
40.75	-5.778016163873916
40.875	-5.697574115001015
41.0	-5.5719711905889975
41.125	-5.401971357488317
41.25	-5.188802250690037
41.375	-4.934143971340272
41.5	-4.640112112871346
41.625	-4.3092352231475575
41.75	-3.9444269935550764
41.875	-3.548953544645126
42.0	-3.1263962509322054
42.125	-2.680610613518436
42.25	-2.215681747246056
42.375	-1.735877098100157
42.5	-1.2455970457819308
42.625	-0.7493240751131693
42.75	-0.2515712177682624
42.875	0.2431695274918463
43.0	0.7304780924408728
43.125	1.2060558668150907
43.25	1.6657731938138933
43.375	2.1057142084428984
43.5	2.522218439455616
43.625	2.911918650249144
43.75	3.2717744562691187
43.875	3.599101325142932
44.0	3.891594639650958
44.125	4.147348581449803
44.25	4.3648696738153125
44.375	4.543084903187724
44.5	4.681344420590382
44.625	4.779418903697961
44.75	4.837491737144291
44.875	4.856146241353803
45.0	4.836348247622148
45.125	4.7794243783459605
45.25	4.6870364453269575
45.375	4.561152425217305
45.5	4.40401450885406
45.625	4.218104750037529
45.75	4.006108858996819
45.875	3.770878696279071
46.0	3.515394024185344
46.125	3.2427240654036655
46.25	2.9559894025556868
46.375	2.6583247285132328
46.5	2.3528429262142727
46.625	2.042600919081232
46.75	1.7305676898753366
46.875	1.419594817836586
47.0	1.112389832239075
47.125	0.8114926260462341
47.25	0.5192551172015911
47.375	0.23782428825129126
47.5	-0.03087132154843069
47.625	-0.28513165279002295
47.75	-0.5234917254738873
47.875	-0.7447248861555396
48.0	-0.9478428338687772
48.125	-1.1320925983343548
48.25	-1.296950681482354
48.375	-1.442114605617597
48.5	-1.5674921383376639
48.625	-1.6731884853810632
48.75	-1.759491757857762
48.875	-1.8268570298215612
49.0	-1.8758893060102975
49.125	-1.9073257180263103
49.25	-1.9220172605616395
49.375	-1.9209103678707167
49.5	-1.9050286150028515
49.625	-1.8754548088248877
49.75	-1.8333137111293687
49.875	-1.7797556107016197
50.0	-1.7159409336935751
50.125	-1.6430260526106495
50.25	-1.562150424241932
50.375	-1.4744251565184696
50.5	-1.3809230741081007
50.625	-1.2826703230527563
50.75	-1.1806395263882385
50.875	-1.0757444758724846
51.0	-0.9688363200495507
51.125	-0.8607011862004971
51.25	-0.7520591535290226
51.375	-0.6435644773905628
51.5	-0.5358069496317117
51.625	-0.42931426823889635
51.75	-0.32455528052290183
51.875	-0.22194395796019833
52.0	-0.12184395749641957
52.125	-0.024573623472920487
52.25	0.06958871379252207
52.375	0.16039928254374397
52.5	0.2476433907090718
52.625	0.33113004889374154
52.75	0.41068681072168045
52.875	0.4861549348392471
53.0	0.5573849606292948
53.125	0.6242327765878685
53.25	0.6865562466481132
53.375	0.7442124457478289
53.5	0.7970555418673887
53.625	0.844935347836719
53.75	0.887696552629204
53.875	0.9251786288122285
54.0	0.9572164004728807
54.125	0.9836412444253567
54.25	1.0042828869532778
54.375	1.0189717488427115
54.5	1.0275417830949765
54.625	1.0298337425260575
54.75	1.0256988084949563
54.875	1.0150025072710125
55.0	0.997628837047015
55.125	0.9734845263119554
55.25	0.9425033431815214
55.375	0.9046503753006099
55.5	0.8599262010243088
55.625	0.808370874687437
55.75	0.7500676518158038
55.875	0.6851463840377806
56.0	0.6137865181408528
56.125	0.5362196391006289
56.25	0.45273150290349046
56.375	0.36366351150245013
56.5	0.2694135892033382
56.625	0.1704364270902416
56.75	0.06724306968286432
56.875	-0.039600174206705155
57.0	-0.1494735065617699
57.125	-0.261706103409989
57.25	-0.37557926055575214
57.375	-0.4903302083246755
57.5	-0.6051565742218366
57.625	-0.7192214650057466
57.75	-0.8316591325668976
57.875	-0.9415811812273789
58.0	-1.0480832676989131
58.125	-1.1502522389987138
58.25	-1.2471736481713156
58.375	-1.3379395827419778
58.5	-1.4216567364717618
58.625	-1.4974546512315607
58.75	-1.5644940526934872
58.875	-1.62197520108153
59.0	-1.6691461764530153
59.125	-1.7053110169186312
59.25	-1.729837627867112
59.375	-1.7421653806525466
59.5	-1.7418123203341604
59.625	-1.7283819039317994
59.75	-1.7015691932713979
59.875	-1.6611664298343467
60.0	-1.6070679230778049
60.125	-1.539274188439065
60.25	-1.4578952766494362
60.375	-1.3631532420289247
60.5	-1.2553837040740523
60.625	-1.1350364638423425
60.75	-1.0026751443285604
60.875	-0.8589758321630636
61.0	-0.7047247064807683
61.125	-0.5408146496435448
61.25	-0.3682408435781854
61.375	-0.18809536474174277
61.5	-0.0015608000664381215
61.625	0.1900970844133981
61.75	0.3855375812748286
61.875	0.5833541356676358
62.0	0.7820842365632104
62.125	0.9802200377963226
62.25	1.1762196332901507
62.375	1.3685189032435796
62.5	1.5555438410330262
62.625	1.7357232642179026
62.75	1.907501807412132
62.875	2.0693530899636525
63.0	2.219792947431356
63.125	2.357392612821411
63.25	2.480791731490265
63.375	2.588711092580795
63.5	2.679964959862707
63.625	2.7534728859207744
63.75	2.8082708957879716
63.875	2.843521929357461
64.0	2.8585254362205568
64.125	2.852726021948917
64.25	2.8257210512400843
64.375	2.7772671207369624
64.5	2.7072853226647755
64.625	2.6158652296440517
64.75	2.50326754106657
64.875	2.369925342184543
65.0	2.216443938475301
65.125	2.0435992398097156
65.25	1.8523346813707326
65.375	1.6437566810314097
65.5	1.4191286458958305
65.625	1.1798635538147793
65.75	0.9275151487896067
65.875	0.6637678021505435
66.0	0.3904251041159062
66.125	0.1093972626831913
66.25	-0.17731260134969964
66.375	-0.46762316320302416
66.5	-0.7593904962431427
66.625	-1.0504244472286803
66.75	-1.3385056557672221
66.875	-1.6214030813969564
67.0	-1.8968918951571903
67.125	-2.1627715871652824
67.25	-2.416884137642679
67.375	-2.657132096086655
67.5	-2.881496411909872
67.625	-3.0880538598999827
67.75	-3.274993905303905
67.875	-3.440634856222579
68.0	-3.5834391553027336
68.125	-3.702027668411491
68.25	-3.7951928350411483
68.375	-3.8619105535672165
68.5	-3.901350684109778
68.625	-3.9128860625521553
68.75	-3.896099931164853
68.875	-3.8507917041682664
69.0	-3.7769810003360393
69.125	-3.6749098892738
69.25	-3.5450433131781907
69.375	-3.3880676615542153
69.5	-3.204887492404764
69.625	-2.9966204096586453
69.75	-2.7645901229245156
69.875	-2.5103177318958734
70.0	-2.2355112937364248
70.125	-1.9420537473936172
70.25	-1.6319892838736145
70.375	-1.3075082659190562
70.5	-0.9709308141212729
70.625	-0.6246891891401476
70.75	-0.2713091112714888
70.875	0.0866098310200349
71.0	0.44641452290129946
71.125	0.8054192469073153
71.25	1.1609270139884933
71.375	1.5102511225510074
71.5	1.8507367630680962
71.625	2.1797824843631415
71.75	2.49486133783725
71.875	2.7935415177442433
72.0	3.0735063190948906
72.125	3.332573239876124
72.25	3.56871206096164
72.375	3.780061745311394
72.5	3.9649460077410823
72.625	4.121887417603881
72.75	4.2496199090698745
72.875	4.347099587202888
73.0	4.413513732599951
73.125	4.448287922843099
73.25	4.451091205277078
73.375	4.421839272520814
73.5	4.360695609490974
73.625	4.268070598403228
73.75	4.1446185860579785
73.875	3.9912329355477714
74.0	3.809039102179139
74.125	3.599385790718336
74.25	3.3638342678886137
74.375	3.104145920210865
74.5	2.8222681626393853
74.625	2.5203188178592884
74.75	2.2005690994475815
74.875	1.865425344234695
75.0	1.5174096500244103
75.125	1.1591395842398897
75.25	0.7933071369765539
75.375	0.42265709828639
75.5	0.04996504423843858
75.625	-0.3219848806457995
75.75	-0.690422195618639
75.875	-1.0526121419664758
76.0	-1.4058773807031382
76.125	-1.7476191467920195
76.25	-2.0753376823183816
76.375	-2.3866517779358247
76.5	-2.679317260320083
76.625	-2.9512442731962683
76.75	-3.2005132106676437
76.875	-3.425389173954925
77.0	-3.6243348361374026
77.125	-3.7960216139400793
77.25	-3.939339060898289
77.375	-4.053402412206907
77.5	-4.137558228074557
77.625	-4.191388099300089
77.75	-4.214710395910045
77.875	-4.207580056883862
78.0	-4.170286436088802
78.125	-4.103349236392996
78.25	-4.007512580368365
78.375	-3.883737281887678
78.5	-3.733191398118773
78.625	-3.5572391557896883
78.75	-3.357428359014683
78.875	-3.135476398317697
79.0	-2.893254991660883
79.125	-2.6327737981890773
79.25	-2.35616305395638
79.375	-2.065655386040679
79.5	-1.7635669671243963
79.625	-1.4522781767851283
79.75	-1.1342139383756777
79.875	-0.8118239014684913
80.0	-0.48756263940105304
80.125	-0.16387002950633606
80.25	0.1568480198214854
80.375	0.4722383359419629
80.5	0.7800185896192775
80.625	1.0779945980027874
80.75	1.3640766861857125
80.875	1.636294980465195
81.0	1.8928135173189804
81.125	2.1319430639091643
81.25	2.352152558503702
81.375	2.552079092444789
81.5	2.730536369059754
81.625	2.886521589071978
81.75	3.019220726489763
81.875	3.1280121734949726
82.0	3.2124687473841025
82.125	3.2723580669997143
82.25	3.307641320198815
82.375	3.318470457611222
82.5	3.305183861125368
82.625	3.268300548087345
82.75	3.2085129840059015
82.875	3.126678587524214
83.0	3.0238100214609394
83.125	2.9010643727604513
83.25	2.7597313321587347
83.375	2.6012204912110195
83.5	2.4270478799960165
83.625	2.238821873276942
83.75	2.038228596141268
83.875	1.8270169621501633
84.0	1.6069834778087786
84.125	1.379956946733931
84.25	1.1477832052731807
84.375	0.9123100185544719
84.5	0.675372262066116
84.625	0.4387775089394323
84.75	0.204292137195343
84.875	-0.026371935603802
85.0	-0.25156979050550177
85.125	-0.4697352267209956
85.25	-0.6793915802231456
85.375	-0.8791615686248866
85.5	-1.0677760996236325
85.625	-1.2440819906983258
85.75	-1.4070485583951782
85.875	-1.5557730463332482
86.0	-1.6894848718981963
86.125	-1.8075486823720754
86.25	-1.9094662218699072
86.375	-1.9948770208257556
86.5	-2.063557929802469
86.625	-2.1154215290046263
86.75	-2.1505134539752797
86.875	-2.1690086864809612
87.0	-2.171206867471374
87.125	-2.1575266961822117
87.25	-2.1284994858821444
87.375	-2.0847619524068177
87.5	-2.0270483164406747
87.625	-1.956181804477288
87.75	-1.8730656364949467
87.875	-1.7786735906192739
88.0	-1.674040236409965
88.125	-1.5602509289138429
88.25	-1.4384316552885734
88.375	-1.3097388246456676
88.5	-1.1753490898195975
88.625	-1.0364492870810003
88.75	-0.894226576420208
88.875	-0.7498588609834544
89.0	-0.6045055596026145
89.125	-0.45929880117996896
89.25	-0.315335104034351
89.375	-0.17366759725008216
89.5	-0.0352988346629874
89.625	0.09882575456326496
89.75	0.2278237417014652
89.875	0.35088087051579164
90.0	0.467255502641357
90.125	0.5762823204043976
90.25	0.6773752782134531
90.375	0.7700298005354896
90.5	0.8538242311642588
90.625	0.9284205449341634
90.75	0.9935643391804536
90.875	1.049084128046653
91.0	1.0948899681504012
91.125	1.1309714491009781
91.25	1.157395086882913
91.375	1.1743011621528572
91.5	1.1819000490192069
91.625	1.1804680828697833
91.75	1.1703430182709198
91.875	1.1519191298764966
92.0	1.125642010657593
92.125	1.0920031225976594
92.25	1.0515341553044875
92.375	1.0048012477835766
92.5	0.9523991279168713
92.625	0.8949452230195185
92.75	0.8330737932322207
92.875	0.7674301374781033
93.0	0.6986649193040714
93.125	0.0
93.25	0.0
93.375	0.0
93.5	0.0
93.625	0.0
93.75	0.0
93.875	0.0
94.0	0.0
94.125	0.0
94.25	0.0
94.375	0.0
94.5	0.0
94.625	0.0
94.75	0.0
94.875	0.0
95.0	0.0
95.125	0.0
95.25	0.0
95.375	0.0
95.5	0.0
95.625	0.0
95.75	0.0
95.875	0.0
96.0	0.0
96.125	0.0
96.25	0.0
96.375	0.0
96.5	0.0
96.625	0.0
96.75	0.0
96.875	0.0
97.0	0.0
97.125	0.0
97.25	0.0
97.375	0.0
97.5	0.0
