-158.5	0.0	-0.000338
-158.375	0.0	-0.00034
-158.25	0.0	-0.000342
-158.125	0.0	-0.000344
-158.0	0.0	-0.000346
-157.875	0.0	-0.000348
-157.75	0.0	-0.000349
-157.625	0.0	-0.000351
-157.5	0.0	-0.000353
-157.375	0.0	-0.000355
-157.25	0.0	-0.000357
-157.125	0.0	-0.000359
-157.0	0.0	-0.000361
-156.875	0.0	-0.000363
-156.75	0.0	-0.000365
-156.625	0.0	-0.000367
-156.5	0.0	-0.000369
-156.375	0.0	-0.00037
-156.25	0.0	-0.000372
-156.125	0.0	-0.000374
-156.0	0.0	-0.000376
-155.875	0.0	-0.000378
-155.75	0.0	-0.00038
-155.625	0.0	-0.000382
-155.5	0.0	-0.000384
-155.375	0.0	-0.000386
-155.25	0.0	-0.000388
-155.125	0.0	-0.000389
-155.0	0.0	-0.000391
-154.875	0.0	-0.000393
-154.75	0.0	-0.000395
-154.625	0.0	-0.000397
-154.5	0.0	-0.000399
-154.375	0.0	-0.000401
-154.25	0.0	-0.000403
-154.125	0.0	-0.000405
-154.0	0.0	-0.000407
-153.875	0.0	-0.000409
-153.75	0.0	-0.00041
-153.625	0.0	-0.000412
-153.5	0.0	-0.000414
-153.375	0.0	-0.000416
-153.25	0.0	-0.000418
-153.125	0.0	-0.00042
-153.0	0.0	-0.000422
-152.875	0.0	-0.000424
-152.75	0.0	-0.000426
-152.625	0.0	-0.000428
-152.5	0.0	-0.00043
-152.375	0.0	-0.000432
-152.25	0.0	-0.000433
-152.125	0.0	-0.000435
-152.0	0.0	-0.000437
-151.875	0.0	-0.000439
-151.75	0.0	-0.000441
-151.625	0.0	-0.000443
-151.5	0.0	-0.000445
-151.375	0.0	-0.000447
-151.25	0.0	-0.000449
-151.125	0.0	-0.000451
-151.0	0.0	-0.000453
-150.875	0.0	-0.000455
-150.75	0.0	-0.000456
-150.625	0.0	-0.000458
-150.5	0.0	-0.00046
-150.375	0.0	-0.000462
-150.25	0.0	-0.000464
-150.125	0.0	-0.000466
-150.0	0.0	-0.000468
-149.875	0.0	-0.00047
-149.75	0.0	-0.000472
-149.625	0.0	-0.000474
-149.5	0.0	-0.000476
-149.375	0.0	-0.000478
-149.25	0.0	-0.00048
-149.125	0.0	-0.000482
-149.0	0.0	-0.000484
-148.875	0.0	-0.000485
-148.75	0.0	-0.000487
-148.625	0.0	-0.000489
-148.5	0.0	-0.000491
-148.375	0.0	-0.000493
-148.25	0.0	-0.000495
-148.125	0.0	-0.000497
-148.0	0.0	-0.000499
-147.875	0.0	-0.000501
-147.75	0.0	-0.000503
-147.625	0.0	-0.000505
-147.5	0.0	-0.000507
-147.375	0.0	-0.000509
-147.25	0.0	-0.000511
-147.125	0.0	-0.000513
-147.0	0.0	-0.000515
-146.875	0.0	-0.000516
-146.75	0.0	-0.000518
-146.625	0.0	-0.00052
-146.5	0.0	-0.000522
-146.375	0.0	-0.000524
-146.25	0.0	-0.000526
-146.125	0.0	-0.000528
-146.0	0.0	-0.00053
-145.875	0.0	-0.000532
-145.75	0.0	-0.000534
-145.625	0.0	-0.000536
-145.5	0.0	-0.000538
-145.375	0.0	-0.00054
-145.25	0.0	-0.000542
-145.125	0.0	-0.000544
-145.0	0.0	-0.000546
-144.875	0.0	-0.000548
-144.75	0.0	-0.00055
-144.625	0.0	-0.000552
-144.5	0.0	-0.000554
-144.375	0.0	-0.000556
-144.25	0.0	-0.000558
-144.125	0.0	-0.00056
-144.0	0.0	-0.000562
-143.875	0.0	-0.000564
-143.75	0.0	-0.000566
-143.625	0.0	-0.000567
-143.5	0.0	-0.000569
-143.375	0.0	-0.000571
-143.25	0.0	-0.000573
-143.125	0.0	-0.000575
-143.0	0.0	-0.000577
-142.875	0.0	-0.000579
-142.75	0.0	-0.000581
-142.625	0.0	-0.000583
-142.5	0.0	-0.000585
-142.375	0.0	-0.000587
-142.25	0.0	-0.000589
-142.125	0.0	-0.000591
-142.0	0.0	-0.000593
-141.875	0.0	-0.000595
-141.75	0.0	-0.000597
-141.625	0.0	-0.000599
-141.5	0.0	-0.000601
-141.375	0.0	-0.000603
-141.25	0.0	-0.000605
-141.125	0.0	-0.000607
-141.0	0.0	-0.000609
-140.875	0.0	-0.000611
-140.75	0.0	-0.000613
-140.625	0.0	-0.000615
-140.5	0.0	-0.000617
-140.375	0.0	-0.000619
-140.25	0.0	-0.000621
-140.125	0.0	-0.000623
-140.0	0.0	-0.000625
-139.875	0.0	-0.000627
-139.75	0.0	-0.000629
-139.625	0.0	-0.000631
-139.5	0.0	-0.000633
-139.375	0.0	-0.000635
-139.25	0.0	-0.000637
-139.125	0.0	-0.000639
-139.0	0.0	-0.000641
-138.875	0.0	-0.000644
-138.75	0.0	-0.000646
-138.625	0.0	-0.000648
-138.5	0.0	-0.00065
-138.375	0.0	-0.000652
-138.25	0.0	-0.000654
-138.125	0.0	-0.000656
-138.0	0.0	-0.000658
-137.875	0.0	-0.00066
-137.75	0.0	-0.000662
-137.625	0.0	-0.000664
-137.5	0.0	-0.000666
-137.375	0.0	-0.000668
-137.25	0.0	-0.00067
-137.125	0.0	-0.000672
-137.0	0.0	-0.000674
-136.875	0.0	-0.000676
-136.75	0.0	-0.000678
-136.625	0.0	-0.00068
-136.5	0.0	-0.000682
-136.375	0.0	-0.000684
-136.25	0.0	-0.000686
-136.125	0.0	-0.000689
-136.0	0.0	-0.000691
-135.875	0.0	-0.000693
-135.75	0.0	-0.000695
-135.625	0.0	-0.000697
-135.5	0.0	-0.000699
-135.375	0.0	-0.000701
-135.25	0.0	-0.000703
-135.125	0.0	-0.000705
-135.0	0.0	-0.000707
-134.875	0.0	-0.000709
-134.75	0.0	-0.000711
-134.625	0.0	-0.000713
-134.5	0.0	-0.000716
-134.375	0.0	-0.000718
-134.25	0.0	-0.00072
-134.125	0.0	-0.000722
-134.0	0.0	-0.000724
-133.875	0.0	-0.000726
-133.75	0.0	-0.000728
-133.625	0.0	-0.00073
-133.5	0.0	-0.000732
-133.375	0.0	-0.000734
-133.25	0.0	-0.000737
-133.125	0.0	-0.000739
-133.0	0.0	-0.000741
-132.875	0.0	-0.000743
-132.75	0.0	-0.000745
-132.625	0.0	-0.000747
-132.5	0.0	-0.000749
-132.375	0.0	-0.000751
-132.25	0.0	-0.000753
-132.125	0.0	-0.000756
-132.0	0.0	-0.000758
-131.875	0.0	-0.00076
-131.75	0.0	-0.000762
-131.625	0.0	-0.000764
-131.5	0.0	-0.000766
-131.375	0.0	-0.000768
-131.25	0.0	-0.000771
-131.125	0.0	-0.000773
-131.0	0.0	-0.000775
-130.875	0.0	-0.000777
-130.75	0.0	-0.000779
-130.625	0.0	-0.000781
-130.5	0.0	-0.000783
-130.375	0.0	-0.000786
-130.25	0.0	-0.000788
-130.125	0.0	-0.00079
-130.0	0.0	-0.000792
-129.875	0.0	-0.000794
-129.75	0.0	-0.000796
-129.625	0.0	-0.000799
-129.5	0.0	-0.000801
-129.375	0.0	-0.000803
-129.25	0.0	-0.000805
-129.125	0.0	-0.000807
-129.0	0.0	-0.00081
-128.875	0.0	-0.000812
-128.75	0.0	-0.000814
-128.625	0.0	-0.000816
-128.5	0.0	-0.000818
-128.375	0.0	-0.000821
-128.25	0.0	-0.000823
-128.125	0.0	-0.000825
-128.0	0.0	-0.000827
-127.875	0.0	-0.000829
-127.75	0.0	-0.000832
-127.625	0.0	-0.000834
-127.5	0.0	-0.000836
-127.375	0.0	-0.000838
-127.25	0.0	-0.00084
-127.125	0.0	-0.000843
-127.0	0.0	-0.000845
-126.875	0.0	-0.000847
-126.75	0.0	-0.000849
-126.625	0.0	-0.000852
-126.5	0.0	-0.000854
-126.375	0.0	-0.000856
-126.25	0.0	-0.000858
-126.125	0.0	-0.000861
-126.0	0.0	-0.000863
-125.875	0.0	-0.000865
-125.75	0.0	-0.000867
-125.625	0.0	-0.00087
-125.5	0.0	-0.000872
-125.375	0.0	-0.000874
-125.25	0.0	-0.000876
-125.125	0.0	-0.000879
-125.0	0.0	-0.000881
-124.875	0.0	-0.000883
-124.75	0.0	-0.000886
-124.625	0.0	-0.000888
-124.5	0.0	-0.00089
-124.375	0.0	-0.000892
-124.25	0.0	-0.000895
-124.125	0.0	-0.000897
-124.0	0.0	-0.000899
-123.875	0.0	-0.000902
-123.75	0.0	-0.000904
-123.625	0.0	-0.000906
-123.5	0.0	-0.000909
-123.375	0.0	-0.000911
-123.25	0.0	-0.000913
-123.125	0.0	-0.000916
-123.0	0.0	-0.000918
-122.875	0.0	-0.00092
-122.75	0.0	-0.000923
-122.625	0.0	-0.000925
-122.5	0.0	-0.000927
-122.375	0.0	-0.00093
-122.25	0.0	-0.000932
-122.125	0.0	-0.000934
-122.0	0.0	-0.000937
-121.875	0.0	-0.000939
-121.75	0.0	-0.000941
-121.625	0.0	-0.000944
-121.5	0.0	-0.000946
-121.375	0.0	-0.000948
-121.25	0.0	-0.000951
-121.125	0.0	-0.000953
-121.0	0.0	-0.000956
-120.875	0.0	-0.000958
-120.75	0.0	-0.00096
-120.625	0.0	-0.000963
-120.5	0.0	-0.000965
-120.375	0.0	-0.000968
-120.25	0.0	-0.00097
-120.125	0.0	-0.000972
-120.0	0.0	-0.000975
-119.875	0.0	-0.000977
-119.75	0.0	-0.00098
-119.625	0.0	-0.000982
-119.5	0.0	-0.000985
-119.375	0.0	-0.000987
-119.25	0.0	-0.000989
-119.125	0.0	-0.000992
-119.0	0.0	-0.000994
-118.875	0.0	-0.000997
-118.75	0.0	-0.000999
-118.625	0.0	-0.001002
-118.5	0.0	-0.001004
-118.375	0.0	-0.001007
-118.25	0.0	-0.001009
-118.125	0.0	-0.001012
-118.0	0.0	-0.001014
-117.875	0.0	-0.001016
-117.75	0.0	-0.001019
-117.625	0.0	-0.001021
-117.5	0.0	-0.001024
-117.375	0.0	-0.001026
-117.25	0.0	-0.001029
-117.125	0.0	-0.001031
-117.0	0.0	-0.001034
-116.875	0.0	-0.001036
-116.75	0.0	-0.001039
-116.625	0.0	-0.001042
-116.5	0.0	-0.001044
-116.375	0.0	-0.001047
-116.25	0.0	-0.001049
-116.125	0.0	-0.001052
-116.0	0.0	-0.001054
-115.875	0.0	-0.001057
-115.75	0.0	-0.001059
-115.625	0.0	-0.001062
-115.5	0.0	-0.001064
-115.375	0.0	-0.001067
-115.25	0.0	-0.00107
-115.125	0.0	-0.001072
-115.0	0.0	-0.001075
-114.875	0.0	-0.001077
-114.75	0.0	-0.00108
-114.625	0.0	-0.001082
-114.5	0.0	-0.001085
-114.375	0.0	-0.001088
-114.25	0.0	-0.00109
-114.125	0.0	-0.001093
-114.0	0.0	-0.001096
-113.875	0.0	-0.001098
-113.75	0.0	-0.001101
-113.625	0.0	-0.001103
-113.5	0.0	-0.001106
-113.375	0.0	-0.001109
-113.25	0.0	-0.001111
-113.125	0.0	-0.001114
-113.0	0.0	-0.001117
-112.875	0.0	-0.001119
-112.75	0.0	-0.001122
-112.625	0.0	-0.001125
-112.5	0.0	-0.001127
-112.375	0.0	-0.00113
-112.25	0.0	-0.001133
-112.125	0.0	-0.001135
-112.0	0.0	-0.001138
-111.875	0.0	-0.001141
-111.75	0.0	-0.001144
-111.625	0.0	-0.001146
-111.5	0.0	-0.001149
-111.375	0.0	-0.001152
-111.25	0.0	-0.001154
-111.125	0.0	-0.001157
-111.0	0.0	-0.00116
-110.875	0.0	-0.001163
-110.75	0.0	-0.001165
-110.625	0.0	-0.001168
-110.5	0.0	-0.001171
-110.375	0.0	-0.001174
-110.25	0.0	-0.001176
-110.125	0.0	-0.001179
-110.0	0.0	-0.001182
-109.875	0.0	-0.001185
-109.75	0.0	-0.001188
-109.625	0.0	-0.00119
-109.5	0.0	-0.001193
-109.375	0.0	-0.001196
-109.25	0.0	-0.001199
-109.125	0.0	-0.001202
-109.0	0.0	-0.001205
-108.875	0.0	-0.001207
-108.75	0.0	-0.00121
-108.625	0.0	-0.001213
-108.5	0.0	-0.001216
-108.375	0.0	-0.001219
-108.25	0.0	-0.001222
-108.125	0.0	-0.001225
-108.0	0.0	-0.001227
-107.875	0.0	-0.00123
-107.75	0.0	-0.001233
-107.625	0.0	-0.001236
-107.5	0.0	-0.001239
-107.375	0.0	-0.001242
-107.25	0.0	-0.001245
-107.125	0.0	-0.001248
-107.0	0.0	-0.001251
-106.875	0.0	-0.001254
-106.75	0.0	-0.001257
-106.625	0.0	-0.00126
-106.5	0.0	-0.001263
-106.375	0.0	-0.001265
-106.25	0.0	-0.001268
-106.125	0.0	-0.001271
-106.0	0.0	-0.001274
-105.875	0.0	-0.001277
-105.75	0.0	-0.00128
-105.625	0.0	-0.001283
-105.5	0.0	-0.001286
-105.375	0.0	-0.001289
-105.25	0.0	-0.001292
-105.125	0.0	-0.001296
-105.0	0.0	-0.001299
-104.875	0.0	-0.001302
-104.75	0.0	-0.001305
-104.625	0.0	-0.001308
-104.5	0.0	-0.001311
-104.375	0.0	-0.001314
-104.25	0.0	-0.001317
-104.125	0.0	-0.00132
-104.0	0.0	-0.001323
-103.875	0.0	-0.001326
-103.75	0.0	-0.001329
-103.625	0.0	-0.001332
-103.5	0.0	-0.001336
-103.375	0.0	-0.001339
-103.25	0.0	-0.001342
-103.125	0.0	-0.001345
-103.0	0.0	-0.001348
-102.875	0.0	-0.001351
-102.75	0.0	-0.001355
-102.625	0.0	-0.001358
-102.5	0.0	-0.001361
-102.375	0.0	-0.001364
-102.25	0.0	-0.001367
-102.125	0.0	-0.001371
-102.0	0.0	-0.001374
-101.875	0.0	-0.001377
-101.75	0.0	-0.00138
-101.625	0.0	-0.001383
-101.5	0.0	-0.001387
-101.375	0.0	-0.00139
-101.25	0.0	-0.001393
-101.125	0.0	-0.001397
-101.0	0.0	-0.0014
-100.875	0.0	-0.001403
-100.75	0.0	-0.001406
-100.625	0.0	-0.00141
-100.5	0.0	-0.001413
-100.375	0.0	-0.001416
-100.25	0.0	-0.00142
-100.125	0.0	-0.001423
-100.0	0.0	-0.001426
-99.875	0.0	-0.00143
-99.75	0.0	-0.001433
-99.625	0.0	-0.001437
-99.5	0.0	-0.00144
-99.375	0.0	-0.001443
-99.25	0.0	-0.001447
-99.125	0.0	-0.00145
-99.0	0.0	-0.001454
-98.875	0.0	-0.001457
-98.75	0.0	-0.00146
-98.625	0.0	-0.001464
-98.5	0.0	-0.001467
-98.375	0.0	-0.001471
-98.25	0.0	-0.001474
-98.125	0.0	-0.001478
-98.0	0.0	-0.001481
-97.875	0.0	-0.001485
-97.75	0.0	-0.001488
-97.625	0.0	-0.001492
-97.5	0.0	-0.001495
-97.375	0.0	-0.001499
-97.25	0.0	-0.001502
-97.125	0.0	-0.001506
-97.0	0.0	-0.00151
-96.875	0.0	-0.001513
-96.75	0.0	-0.001517
-96.625	0.0	-0.00152
-96.5	0.0	-0.001524
-96.375	0.0	-0.001528
-96.25	0.0	-0.001531
-96.125	0.0	-0.001535
-96.0	0.0	-0.001539
-95.875	0.0	-0.001542
-95.75	0.0	-0.001546
-95.625	0.0	-0.00155
-95.5	0.0	-0.001553
-95.375	0.0	-0.001557
-95.25	0.0	-0.001561
-95.125	0.0	-0.001565
-95.0	0.0	-0.001568
-94.875	0.0	-0.001572
-94.75	0.0	-0.001576
-94.625	0.0	-0.00158
-94.5	0.0	-0.001583
-94.375	0.0	-0.001587
-94.25	0.0	-0.001591
-94.125	0.0	-0.001595
-94.0	0.0	-0.001599
-93.875	0.0	-0.001603
-93.75	0.0	-0.001606
-93.625	0.0	-0.00161
-93.5	0.0	-0.001614
-93.375	0.0	-0.001618
-93.25	0.0	-0.001622
-93.125	0.0	-0.001626
-93.0	0.0	-0.00163
-92.875	0.0	-0.001634
-92.75	0.0	-0.001638
-92.625	0.0	-0.001642
-92.5	0.0	-0.001646
-92.375	0.0	-0.00165
-92.25	0.0	-0.001654
-92.125	0.0	-0.001658
-92.0	0.0	-0.001662
-91.875	0.0	-0.001666
-91.75	0.0	-0.00167
-91.625	0.0	-0.001674
-91.5	0.0	-0.001678
-91.375	0.0	-0.001682
-91.25	0.0	-0.001686
-91.125	0.0	-0.00169
-91.0	0.0	-0.001694
-90.875	0.0	-0.001698
-90.75	0.0	-0.001703
-90.625	0.0	-0.001707
-90.5	0.0	-0.001711
-90.375	0.0	-0.001715
-90.25	0.0	-0.001719
-90.125	0.0	-0.001724
-90.0	0.0	-0.001728
-89.875	0.0	-0.001732
-89.75	0.0	-0.001736
-89.625	0.0	-0.001741
-89.5	0.0	-0.001745
-89.375	0.0	-0.001749
-89.25	0.0	-0.001754
-89.125	0.0	-0.001758
-89.0	0.0	-0.001762
-88.875	0.0	-0.001767
-88.75	0.0	-0.001771
-88.625	0.0	-0.001775
-88.5	0.0	-0.00178
-88.375	0.0	-0.001784
-88.25	0.0	-0.001789
-88.125	0.0	-0.001793
-88.0	0.0	-0.001798
-87.875	0.0	-0.001802
-87.75	0.0	-0.001807
-87.625	0.0	-0.001811
-87.5	0.0	-0.001816
-87.375	0.0	-0.00182
-87.25	0.0	-0.001825
-87.125	0.0	-0.001829
-87.0	0.0	-0.001834
-86.875	0.0	-0.001839
-86.75	0.0	-0.001843
-86.625	0.0	-0.001848
-86.5	0.0	-0.001853
-86.375	0.0	-0.001857
-86.25	0.0	-0.001862
-86.125	0.0	-0.001867
-86.0	0.0	-0.001871
-85.875	0.0	-0.001876
-85.75	0.0	-0.001881
-85.625	0.0	-0.001886
-85.5	0.0	-0.00189
-85.375	0.0	-0.001895
-85.25	0.0	-0.0019
-85.125	0.0	-0.001905
-85.0	0.0	-0.00191
-84.875	0.0	-0.001915
-84.75	0.0	-0.00192
-84.625	0.0	-0.001925
-84.5	0.0	-0.001929
-84.375	0.0	-0.001934
-84.25	0.0	-0.001939
-84.125	0.0	-0.001944
-84.0	0.0	-0.001949
-83.875	0.0	-0.001954
-83.75	0.0	-0.001959
-83.625	0.0	-0.001965
-83.5	0.0	-0.00197
-83.375	0.0	-0.001975
-83.25	0.0	-0.00198
-83.125	0.0	-0.001985
-83.0	0.0	-0.00199
-82.875	0.0	-0.001995
-82.75	0.0	-0.002001
-82.625	0.0	-0.002006
-82.5	0.0	-0.002011
-82.375	0.0	-0.002016
-82.25	0.0	-0.002022
-82.125	0.0	-0.002027
-82.0	0.0	-0.002032
-81.875	0.0	-0.002038
-81.75	0.0	-0.002043
-81.625	0.0	-0.002048
-81.5	0.0	-0.002054
-81.375	0.0	-0.002059
-81.25	0.0	-0.002065
-81.125	0.0	-0.00207
-81.0	0.0	-0.002076
-80.875	0.0	-0.002081
-80.75	0.0	-0.002087
-80.625	0.0	-0.002092
-80.5	0.0	-0.002098
-80.375	0.0	-0.002104
-80.25	0.0	-0.002109
-80.125	0.0	-0.002115
-80.0	0.0	-0.002121
-79.875	0.0	-0.002126
-79.75	0.0	-0.002132
-79.625	0.0	-0.002138
-79.5	0.0	-0.002143
-79.375	0.0	-0.002149
-79.25	0.0	-0.002155
-79.125	0.0	-0.002161
-79.0	0.0	-0.002167
-78.875	0.0	-0.002173
-78.75	0.0	-0.002179
-78.625	0.0	-0.002185
-78.5	0.0	-0.002191
-78.375	0.0	-0.002197
-78.25	0.0	-0.002203
-78.125	0.0	-0.002209
-78.0	0.0	-0.002215
-77.875	0.0	-0.002221
-77.75	0.0	-0.002227
-77.625	0.0	-0.002233
-77.5	0.0	-0.002239
-77.375	0.0	-0.002245
-77.25	0.0	-0.002252
-77.125	0.0	-0.002258
-77.0	0.0	-0.002264
-76.875	0.0	-0.002271
-76.75	0.0	-0.002277
-76.625	0.0	-0.002283
-76.5	0.0	-0.00229
-76.375	0.0	-0.002296
-76.25	0.0	-0.002303
-76.125	0.0	-0.002309
-76.0	0.0	-0.002316
-75.875	0.0	-0.002322
-75.75	0.0	-0.002329
-75.625	0.0	-0.002335
-75.5	0.0	-0.002342
-75.375	0.0	-0.002349
-75.25	0.0	-0.002355
-75.125	0.0	-0.002362
-75.0	0.0	-0.002369
-74.875	0.0	-0.002376
-74.75	0.0	-0.002382
-74.625	0.0	-0.002389
-74.5	0.0	-0.002396
-74.375	0.0	-0.002403
-74.25	0.0	-0.00241
-74.125	0.0	-0.002417
-74.0	0.0	-0.002424
-73.875	0.0	-0.002431
-73.75	0.0	-0.002438
-73.625	0.0	-0.002445
-73.5	0.0	-0.002452
-73.375	0.0	-0.00246
-73.25	0.0	-0.002467
-73.125	0.0	-0.002474
-73.0	0.0	-0.002481
-72.875	0.0	-0.002489
-72.75	0.0	-0.002496
-72.625	0.0	-0.002503
-72.5	0.0	-0.002511
-72.375	0.0	-0.002518
-72.25	0.0	-0.002526
-72.125	0.0	-0.002533
-72.0	0.0	-0.002541
-71.875	0.0	-0.002548
-71.75	0.0	-0.002556
-71.625	0.0	-0.002564
-71.5	0.0	-0.002571
-71.375	0.0	-0.002579
-71.25	0.0	-0.002587
-71.125	0.0	-0.002595
-71.0	0.0	-0.002603
-70.875	0.0	-0.002611
-70.75	0.0	-0.002618
-70.625	0.0	-0.002626
-70.5	0.0	-0.002634
-70.375	0.0	-0.002643
-70.25	0.0	-0.002651
-70.125	0.0	-0.002659
-70.0	0.0	-0.002667
-69.875	0.0	-0.002675
-69.75	0.0	-0.002683
-69.625	0.0	-0.002692
-69.5	0.0	-0.0027
-69.375	0.0	-0.002709
-69.25	0.0	-0.002717
-69.125	0.0	-0.002726
-69.0	0.0	-0.002734
-68.875	0.0	-0.002743
-68.75	0.0	-0.002751
-68.625	0.0	-0.00276
-68.5	0.0	-0.002769
-68.375	0.0	-0.002777
-68.25	0.0	-0.002786
-68.125	0.0	-0.002795
-68.0	0.0	-0.002804
-67.875	0.0	-0.002813
-67.75	0.0	-0.002822
-67.625	0.0	-0.002831
-67.5	0.0	-0.00284
-67.375	0.0	-0.002849
-67.25	0.0	-0.002858
-67.125	0.0	-0.002868
-67.0	0.0	-0.002877
-66.875	0.0	-0.002886
-66.75	0.0	-0.002896
-66.625	0.0	-0.002905
-66.5	0.0	-0.002915
-66.375	0.0	-0.002924
-66.25	0.0	-0.002934
-66.125	0.0	-0.002943
-66.0	0.0	-0.002953
-65.875	0.0	-0.002963
-65.75	0.0	-0.002973
-65.625	0.0	-0.002983
-65.5	0.0	-0.002992
-65.375	0.0	-0.003002
-65.25	0.0	-0.003012
-65.125	0.0	-0.003023
-65.0	0.0	-0.003033
-64.875	0.0	-0.003043
-64.75	0.0	-0.003053
-64.625	0.0	-0.003063
-64.5	0.0	-0.003074
-64.375	0.0	-0.003084
-64.25	0.0	-0.003095
-64.125	0.0	-0.003105
-64.0	0.0	-0.003116
-63.875	0.0	-0.003127
-63.75	0.0	-0.003137
-63.625	0.0	-0.003148
-63.5	0.0	-0.003159
-63.375	0.0	-0.00317
-63.25	0.0	-0.003181
-63.125	0.0	-0.003192
-63.0	0.0	-0.003203
-62.875	0.0	-0.003214
-62.75	0.0	-0.003226
-62.625	0.0	-0.003237
-62.5	0.0	-0.003248
-62.375	0.0	-0.00326
-62.25	0.0	-0.003271
-62.125	0.0	-0.003283
-62.0	0.0	-0.003295
-61.875	0.0	-0.003306
-61.75	0.0	-0.003318
-61.625	0.0	-0.00333
-61.5	0.0	-0.003342
-61.375	0.0	-0.003354
-61.25	0.0	-0.003366
-61.125	0.0	-0.003378
-61.0	0.0	-0.00339
-60.875	0.0	-0.003403
-60.75	0.0	-0.003415
-60.625	0.0	-0.003428
-60.5	0.0	-0.00344
-60.375	0.0	-0.003453
-60.25	0.0	-0.003465
-60.125	0.0	-0.003478
-60.0	0.0	-0.003491
-59.875	0.0	-0.003504
-59.75	0.0	-0.003517
-59.625	0.0	-0.00353
-59.5	0.0	-0.003543
-59.375	0.0	-0.003556
-59.25	0.0	-0.00357
-59.125	0.0	-0.003583
-59.0	0.0	-0.003597
-58.875	0.0	-0.00361
-58.75	0.0	-0.003624
-58.625	0.0	-0.003638
-58.5	0.0	-0.003651
-58.375	0.0	-0.003665
-58.25	0.0	-0.003679
-58.125	0.0	-0.003693
-58.0	0.0	-0.003708
-57.875	0.0	-0.003722
-57.75	0.0	-0.003736
-57.625	0.0	-0.003751
-57.5	0.0	-0.003765
-57.375	0.0	-0.00378
-57.25	0.0	-0.003795
-57.125	0.0	-0.00381
-57.0	0.0	-0.003824
-56.875	0.0	-0.003839
-56.75	0.0	-0.003855
-56.625	0.0	-0.00387
-56.5	0.0	-0.003885
-56.375	0.0	-0.003901
-56.25	0.0	-0.003916
-56.125	0.0	-0.003932
-56.0	0.0	-0.003947
-55.875	0.0	-0.003963
-55.75	0.0	-0.003979
-55.625	0.0	-0.003995
-55.5	0.0	-0.004011
-55.375	0.0	-0.004028
-55.25	0.0	-0.004044
-55.125	0.0	-0.00406
-55.0	0.0	-0.004077
-54.875	0.0	-0.004094
-54.75	0.0	-0.00411
-54.625	0.0	-0.004127
-54.5	0.0	-0.004144
-54.375	0.0	-0.004162
-54.25	0.0	-0.004179
-54.125	0.0	-0.004196
-54.0	0.0	-0.004214
-53.875	0.0	-0.004231
-53.75	0.0	-0.004249
-53.625	0.0	-0.004267
-53.5	0.0	-0.004285
-53.375	0.0	-0.004303
-53.25	0.0	-0.004322
-53.125	0.0	-0.00434
-53.0	0.0	-0.004359
-52.875	0.0	-0.004378
-52.75	0.0	-0.004397
-52.625	0.0	-0.004416
-52.5	0.0	-0.004435
-52.375	0.0	-0.004454
-52.25	0.0	-0.004473
-52.125	0.0	-0.004493
-52.0	0.0	-0.004512
-51.875	0.0	-0.004532
-51.75	0.0	-0.004551
-51.625	0.0	-0.004571
-51.5	0.0	-0.00459
-51.375	0.0	-0.00461
-51.25	0.0	-0.004629
-51.125	0.0	-0.004648
-51.0	0.0	-0.004667
-50.875	0.0	-0.004685
-50.75	0.0	-0.004703
-50.625	0.0	-0.004721
-50.5	0.0	-0.004738
-50.375	0.0	-0.004754
-50.25	0.0	-0.004769
-50.125	0.0	-0.004783
-50.0	0.0	-0.004797
-49.875	0.0	-0.004809
-49.75	0.0	-0.00482
-49.625	0.0	-0.004829
-49.5	0.0	-0.004837
-49.375	0.0	-0.004843
-49.25	0.0	-0.004848
-49.125	0.0	-0.004851
-49.0	0.0	-0.004853
-48.875	0.0	-0.004853
-48.75	0.0	-0.004852
-48.625	0.0	-0.00485
-48.5	0.0	-0.004847
-48.375	0.0	-0.004844
-48.25	0.0	-0.004841
-48.125	0.0	-0.00484
-48.0	0.0	-0.00484
-47.875	0.0	-0.004844
-47.75	0.0	-0.004852
-47.625	0.0	-0.004866
-47.5	1.0e-6	-0.004888
-47.375	1.0e-6	-0.00492
-47.25	1.0e-6	-0.004963
-47.125	1.0e-6	-0.00502
-47.0	1.0e-6	-0.005095
-46.875	2.0e-6	-0.00519
-46.75	2.0e-6	-0.005307
-46.625	3.0e-6	-0.005452
-46.5	3.0e-6	-0.005627
-46.375	4.0e-6	-0.005836
-46.25	5.0e-6	-0.006083
-46.125	6.0e-6	-0.006372
-46.0	8.0e-6	-0.006707
-45.875	9.0e-6	-0.007091
-45.75	1.1e-5	-0.007529
-45.625	1.4e-5	-0.008023
-45.5	1.7e-5	-0.008577
-45.375	2.1e-5	-0.009191
-45.25	2.6e-5	-0.009868
-45.125	3.1e-5	-0.010609
-45.0	3.8e-5	-0.011411
-44.875	4.7e-5	-0.012274
-44.75	5.6e-5	-0.013193
-44.625	6.8e-5	-0.014162
-44.5	8.2e-5	-0.015176
-44.375	9.9e-5	-0.016223
-44.25	0.00012	-0.017292
-44.125	0.000144	-0.018368
-44.0	0.000172	-0.019435
-43.875	0.000206	-0.020471
-43.75	0.000246	-0.021453
-43.625	0.000294	-0.022355
-43.5	0.00035	-0.023149
-43.375	0.000415	-0.0238
-43.25	0.000492	-0.024275
-43.125	0.000583	-0.024535
-43.0	0.000688	-0.024538
-42.875	0.000811	-0.024243
-42.75	0.000955	-0.023604
-42.625	0.001122	-0.022576
-42.5	0.001315	-0.021112
-42.375	0.001539	-0.019165
-42.25	0.001798	-0.016689
-42.125	0.002096	-0.013641
-42.0	0.00244	-0.009979
-41.875	0.002834	-0.005664
-41.75	0.003286	-0.000665
-41.625	0.003803	0.005045
-41.5	0.004392	0.011485
-41.375	0.005064	0.018667
-41.25	0.005828	0.026591
-41.125	0.006695	0.035247
-41.0	0.007677	0.044613
-40.875	0.008785	0.054652
-40.75	0.010036	0.065315
-40.625	0.011443	0.076534
-40.5	0.013023	0.088229
-40.375	0.014793	0.1003
-40.25	0.016773	0.112632
-40.125	0.018983	0.125092
-40.0	0.021444	0.137529
-39.875	0.024179	0.149778
-39.75	0.027212	0.161656
-39.625	0.030568	0.172967
-39.5	0.034275	0.183502
-39.375	0.038359	0.19304
-39.25	0.042851	0.201352
-39.125	0.047779	0.208202
-39.0	0.053175	0.213351
-38.875	0.059071	0.216561
-38.75	0.065498	0.217595
-38.625	0.07249	0.216227
-38.5	0.080079	0.212239
-38.375	0.088297	0.205429
-38.25	0.097178	0.195617
-38.125	0.106754	0.182644
-38.0	0.117055	0.16638
-37.875	0.128112	0.14673
-37.75	0.139952	0.123631
-37.625	0.152602	0.097064
-37.5	0.166087	0.06705
-37.375	0.180426	0.033657
-37.25	0.19564	-0.002998
-37.125	0.211742	-0.042748
-37.0	0.228743	-0.085376
-36.875	0.246649	-0.130614
-36.75	0.265463	-0.17814
-36.625	0.285181	-0.227587
-36.5	0.305793	-0.278538
-36.375	0.327286	-0.33053
-36.25	0.349639	-0.383063
-36.125	0.372823	-0.435599
-36.0	0.396806	-0.48757
-35.875	0.421546	-0.538383
-35.75	0.446996	-0.587428
-35.625	0.473101	-0.634087
-35.5	0.4998	-0.677737
-35.375	0.527024	-0.717764
-35.25	0.554697	-0.753569
-35.125	0.582738	-0.784576
-35.0	0.611059	-0.810243
-34.875	0.639564	-0.83007
-34.75	0.668155	-0.843605
-34.625	0.696725	-0.850456
-34.5	0.725167	-0.850296
-34.375	0.753367	-0.84287
-34.25	0.781208	-0.827999
-34.125	0.808572	-0.80559
-34.0	0.835338	-0.775634
-33.875	0.861386	-0.73821
-33.75	0.886594	-0.693489
-33.625	0.910844	-0.641732
-33.5	0.934017	-0.583287
-33.375	0.955999	-0.51859
-33.25	0.976679	-0.448159
-33.125	0.995951	-0.372586
-33.0	1.013716	-0.292536
-32.875	1.029878	-0.208736
-32.75	1.044353	-0.121967
-32.625	1.057063	-0.033053
-32.5	1.067938	0.057148
-32.375	1.076919	0.147752
-32.25	1.083956	0.237868
-32.125	1.089011	0.326602
-32.0	1.092055	0.413072
-31.875	1.093071	0.49642
-31.75	1.092055	0.575823
-31.625	1.08901	0.650503
-31.5	1.083956	0.719737
-31.375	1.076918	0.782868
-31.25	1.067937	0.83931
-31.125	1.057062	0.88856
-31.0	1.044353	0.9302
-30.875	1.029878	0.963903
-30.75	1.013715	0.989438
-30.625	0.99595	1.006668
-30.5	0.976678	1.015555
-30.375	0.955998	1.016158
-30.25	0.934016	1.008627
-30.125	0.910843	0.993205
-30.0	0.886593	0.970219
-29.875	0.861385	0.940077
-29.75	0.835337	0.903257
-29.625	0.80857	0.860306
-29.5	0.781207	0.811822
-29.375	0.753366	0.758454
-29.25	0.725166	0.700886
-29.125	0.696724	0.639829
-29.0	0.668153	0.576013
-28.875	0.639563	0.510172
-28.75	0.611057	0.443041
-28.625	0.582737	0.375341
-28.5	0.554696	0.30777
-28.375	0.527022	0.240999
-28.25	0.499798	0.175663
-28.125	0.4731	0.112349
-28.0	0.446994	0.051599
-27.875	0.421545	-0.006102
-27.75	0.396804	-0.060328
-27.625	0.372822	-0.110713
-27.5	0.349638	-0.156954
-27.375	0.327285	-0.198814
-27.25	0.305792	-0.236117
-27.125	0.28518	-0.268753
-27.0	0.265462	-0.29667
-26.875	0.246648	-0.319877
-26.75	0.228742	-0.338437
-26.625	0.211741	-0.352464
-26.5	0.195639	-0.362117
-26.375	0.180426	-0.367599
-26.25	0.166086	-0.369147
-26.125	0.152602	-0.367031
-26.0	0.139952	-0.361545
-25.875	0.128111	-0.353002
-25.75	0.117055	-0.341729
-25.625	0.106754	-0.328065
-25.5	0.097178	-0.312348
-25.375	0.088297	-0.294919
-25.25	0.080078	-0.27611
-25.125	0.072489	-0.256246
-25.0	0.065498	-0.235637
-24.875	0.059071	-0.214576
-24.75	0.053175	-0.19334
-24.625	0.047779	-0.172182
-24.5	0.04285	-0.151332
-24.375	0.038359	-0.130996
-24.25	0.034274	-0.111357
-24.125	0.030568	-0.09257
-24.0	0.027211	-0.074766
-23.875	0.024179	-0.058052
-23.75	0.021444	-0.04251
-23.625	0.018983	-0.028199
-23.5	0.016773	-0.015158
-23.375	0.014793	-0.003403
-23.25	0.013023	0.007065
-23.125	0.011443	0.016264
-23.0	0.010036	0.024225
-22.875	0.008785	0.030993
-22.75	0.007677	0.036622
-22.625	0.006695	0.041177
-22.5	0.005828	0.044729
-22.375	0.005064	0.047353
-22.25	0.004392	0.049131
-22.125	0.003802	0.050144
-22.0	0.003286	0.050474
-21.875	0.002834	0.050204
-21.75	0.00244	0.049413
-21.625	0.002096	0.04818
-21.5	0.001798	0.046579
-21.375	0.001539	0.044678
-21.25	0.001315	0.042544
-21.125	0.001122	0.040237
-21.0	0.000955	0.03781
-20.875	0.000811	0.035314
-20.75	0.000688	0.032791
-20.625	0.000583	0.030281
-20.5	0.000492	0.027815
-20.375	0.000415	0.025422
-20.25	0.00035	0.023124
-20.125	0.000294	0.020939
-20.0	0.000246	0.01888
-19.875	0.000206	0.016959
-19.75	0.000172	0.015181
-19.625	0.000144	0.01355
-19.5	0.00012	0.012067
-19.375	9.9e-5	0.010729
-19.25	8.2e-5	0.009534
-19.125	6.8e-5	0.008475
-19.0	5.6e-5	0.007547
-18.875	4.7e-5	0.006741
-18.75	3.8e-5	0.00605
-18.625	3.1e-5	0.005464
-18.5	2.6e-5	0.004974
-18.375	2.1e-5	0.004572
-18.25	1.7e-5	0.004247
-18.125	1.4e-5	0.003993
-18.0	1.1e-5	0.003798
-17.875	9.0e-6	0.003657
-17.75	8.0e-6	0.003561
-17.625	6.0e-6	0.003503
-17.5	5.0e-6	0.003477
-17.375	4.0e-6	0.003476
-17.25	3.0e-6	0.003497
-17.125	3.0e-6	0.003533
-17.0	2.0e-6	0.003581
-16.875	2.0e-6	0.003637
-16.75	1.0e-6	0.003699
-16.625	1.0e-6	0.003763
-16.5	1.0e-6	0.003827
-16.375	1.0e-6	0.00389
-16.25	1.0e-6	0.003951
-16.125	0.0	0.004008
-16.0	0.0	0.00406
-15.875	0.0	0.004108
-15.75	0.0	0.00415
-15.625	0.0	0.004186
-15.5	0.0	0.004217
-15.375	0.0	0.004242
-15.25	0.0	0.004262
-15.125	0.0	0.004277
-15.0	0.0	0.004287
-14.875	0.0	0.004293
-14.75	0.0	0.004295
-14.625	0.0	0.004293
-14.5	0.0	0.004288
-14.375	0.0	0.004281
-14.25	0.0	0.00427
-14.125	0.0	0.004258
-14.0	0.0	0.004243
-13.875	0.0	0.004227
-13.75	0.0	0.00421
-13.625	0.0	0.004191
-13.5	0.0	0.004172
-13.375	0.0	0.004152
-13.25	0.0	0.004131
-13.125	0.0	0.00411
-13.0	0.0	0.004089
-12.875	0.0	0.004067
-12.75	0.0	0.004046
-12.625	0.0	0.004024
-12.5	0.0	0.004003
-12.375	0.0	0.003982
-12.25	0.0	0.00396
-12.125	0.0	0.003939
-12.0	0.0	0.003918
-11.875	0.0	0.003898
-11.75	0.0	0.003877
-11.625	0.0	0.003857
-11.5	0.0	0.003837
-11.375	0.0	0.003817
-11.25	0.0	0.003797
-11.125	0.0	0.003778
-11.0	0.0	0.003759
-10.875	0.0	0.00374
-10.75	0.0	0.003721
-10.625	0.0	0.003702
-10.5	0.0	0.003683
-10.375	0.0	0.003665
-10.25	0.0	0.003647
-10.125	0.0	0.003629
-10.0	0.0	0.003611
-9.875	0.0	0.003593
-9.75	0.0	0.003575
-9.625	0.0	0.003558
-9.5	0.0	0.00354
-9.375	0.0	0.003523
-9.25	0.0	0.003506
-9.125	0.0	0.003489
-9.0	0.0	0.003472
-8.875	0.0	0.003455
-8.75	0.0	0.003439
-8.625	0.0	0.003422
-8.5	0.0	0.003406
-8.375	0.0	0.003389
-8.25	0.0	0.003373
-8.125	0.0	0.003357
-8.0	0.0	0.003341
-7.875	0.0	0.003325
-7.75	0.0	0.003309
-7.625	0.0	0.003294
-7.5	0.0	0.003278
-7.375	0.0	0.003262
-7.25	0.0	0.003247
-7.125	0.0	0.003232
-7.0	0.0	0.003217
-6.875	0.0	0.003201
-6.75	0.0	0.003186
-6.625	0.0	0.003171
-6.5	0.0	0.003157
-6.375	0.0	0.003142
-6.25	0.0	0.003127
-6.125	0.0	0.003113
-6.0	0.0	0.003098
-5.875	0.0	0.003084
-5.75	0.0	0.00307
-5.625	0.0	0.003055
-5.5	0.0	0.003041
-5.375	0.0	0.003027
-5.25	0.0	0.003013
-5.125	0.0	0.003
-5.0	0.0	0.002986
-4.875	0.0	0.002972
-4.75	0.0	0.002959
-4.625	0.0	0.002945
-4.5	0.0	0.002932
-4.375	0.0	0.002918
-4.25	0.0	0.002905
-4.125	0.0	0.002892
-4.0	0.0	0.002879
-3.875	0.0	0.002866
-3.75	0.0	0.002853
-3.625	0.0	0.00284
-3.5	0.0	0.002827
-3.375	0.0	0.002815
-3.25	0.0	0.002802
-3.125	0.0	0.002789
-3.0	0.0	0.002777
-2.875	0.0	0.002765
-2.75	0.0	0.002752
-2.625	0.0	0.00274
-2.5	0.0	0.002728
-2.375	0.0	0.002716
-2.25	0.0	0.002704
-2.125	0.0	0.002692
-2.0	0.0	0.00268
-1.875	0.0	0.002668
-1.75	0.0	0.002656
-1.625	0.0	0.002645
-1.5	0.0	0.002633
-1.375	0.0	0.002622
-1.25	0.0	0.00261
-1.125	0.0	0.002599
-1.0	0.0	0.002588
-0.875	0.0	0.002576
-0.75	0.0	0.002565
-0.625	0.0	0.002554
-0.5	0.0	0.002543
-0.375	0.0	0.002532
-0.25	0.0	0.002521
-0.125	0.0	0.00251
0.0	0.0	0.002499
0.125	0.0	0.002489
0.25	0.0	0.002478
0.375	0.0	0.002467
0.5	0.0	0.002457
0.625	0.0	0.002446
0.75	0.0	0.002436
0.875	0.0	0.002425
1.0	0.0	0.002415
1.125	0.0	0.002405
1.25	0.0	0.002395
1.375	0.0	0.002384
1.5	0.0	0.002374
1.625	0.0	0.002364
1.75	0.0	0.002354
1.875	0.0	0.002344
2.0	0.0	0.002335
2.125	0.0	0.002325
2.25	0.0	0.002315
2.375	0.0	0.002305
2.5	0.0	0.002296
2.625	0.0	0.002286
2.75	0.0	0.002276
2.875	0.0	0.002267
3.0	0.0	0.002258
3.125	0.0	0.002248
3.25	0.0	0.002239
3.375	0.0	0.00223
3.5	0.0	0.00222
3.625	0.0	0.002211
3.75	0.0	0.002202
3.875	0.0	0.002193
4.0	0.0	0.002184
4.125	0.0	0.002175
4.25	0.0	0.002166
4.375	0.0	0.002157
4.5	0.0	0.002148
4.625	0.0	0.002139
4.75	0.0	0.002131
4.875	0.0	0.002122
5.0	0.0	0.002113
5.125	0.0	0.002105
5.25	0.0	0.002096
5.375	0.0	0.002087
5.5	0.0	0.002079
5.625	0.0	0.00207
5.75	0.0	0.002062
5.875	0.0	0.002054
6.0	0.0	0.002045
6.125	0.0	0.002037
6.25	0.0	0.002029
6.375	0.0	0.002021
6.5	0.0	0.002013
6.625	0.0	0.002004
6.75	0.0	0.001996
6.875	0.0	0.001988
7.0	0.0	0.00198
7.125	0.0	0.001972
7.25	0.0	0.001965
7.375	0.0	0.001957
7.5	0.0	0.001949
7.625	0.0	0.001941
7.75	0.0	0.001933
7.875	0.0	0.001926
8.0	0.0	0.001918
8.125	0.0	0.00191
8.25	0.0	0.001903
8.375	0.0	0.001895
8.5	0.0	0.001888
8.625	0.0	0.00188
8.75	0.0	0.001873
8.875	0.0	0.001865
9.0	0.0	0.001858
9.125	0.0	0.00185
9.25	0.0	0.001843
9.375	0.0	0.001836
9.5	0.0	0.001829
9.625	0.0	0.001821
9.75	0.0	0.001814
9.875	0.0	0.001807
10.0	0.0	0.0018
10.125	0.0	0.001793
10.25	0.0	0.001786
10.375	0.0	0.001779
10.5	0.0	0.001772
10.625	0.0	0.001765
10.75	0.0	0.001758
10.875	0.0	0.001751
11.0	0.0	0.001744
11.125	0.0	0.001737
11.25	0.0	0.001731
11.375	0.0	0.001724
11.5	0.0	0.001717
11.625	0.0	0.001711
11.75	0.0	0.001704
11.875	0.0	0.001697
12.0	0.0	0.001691
12.125	0.0	0.001684
12.25	0.0	0.001677
12.375	0.0	0.001671
12.5	0.0	0.001664
12.625	0.0	0.001658
12.75	0.0	0.001652
12.875	0.0	0.001645
13.0	0.0	0.001639
13.125	0.0	0.001632
13.25	0.0	0.001626
13.375	0.0	0.00162
13.5	0.0	0.001614
13.625	0.0	0.001607
13.75	0.0	0.001601
13.875	0.0	0.001595
14.0	0.0	0.001589
14.125	0.0	0.001583
14.25	0.0	0.001577
14.375	0.0	0.001571
14.5	0.0	0.001564
14.625	0.0	0.001558
14.75	0.0	0.001552
14.875	0.0	0.001546
15.0	0.0	0.001541
15.125	0.0	0.001535
15.25	0.0	0.001529
15.375	0.0	0.001523
15.5	0.0	0.001517
15.625	0.0	0.001511
15.75	0.0	0.001505
15.875	0.0	0.0015
16.0	0.0	0.001494
16.125	0.0	0.001488
16.25	0.0	0.001482
16.375	0.0	0.001477
16.5	0.0	0.001471
16.625	0.0	0.001465
16.75	0.0	0.00146
16.875	0.0	0.001454
17.0	0.0	0.001449
17.125	0.0	0.001443
17.25	0.0	0.001438
17.375	0.0	0.001432
17.5	0.0	0.001427
17.625	0.0	0.001421
17.75	0.0	0.001416
17.875	0.0	0.00141
18.0	0.0	0.001405
18.125	0.0	0.0014
18.25	0.0	0.001394
18.375	0.0	0.001389
18.5	0.0	0.001384
18.625	0.0	0.001378
18.75	0.0	0.001373
18.875	0.0	0.001368
19.0	0.0	0.001362
19.125	0.0	0.001357
19.25	0.0	0.001352
19.375	0.0	0.001347
19.5	0.0	0.001342
19.625	0.0	0.001337
19.75	0.0	0.001332
19.875	0.0	0.001326
20.0	0.0	0.001321
20.125	0.0	0.001316
20.25	0.0	0.001311
20.375	0.0	0.001306
20.5	0.0	0.001301
20.625	0.0	0.001296
20.75	0.0	0.001291
20.875	0.0	0.001286
21.0	0.0	0.001281
21.125	0.0	0.001277
21.25	0.0	0.001272
21.375	0.0	0.001267
21.5	0.0	0.001262
21.625	0.0	0.001257
21.75	0.0	0.001252
21.875	0.0	0.001248
22.0	0.0	0.001243
22.125	0.0	0.001238
22.25	0.0	0.001233
22.375	0.0	0.001229
22.5	0.0	0.001224
22.625	0.0	0.001219
22.75	0.0	0.001214
22.875	0.0	0.00121
23.0	0.0	0.001205
23.125	0.0	0.0012
23.25	0.0	0.001196
23.375	0.0	0.001191
23.5	0.0	0.001187
23.625	0.0	0.001182
23.75	0.0	0.001178
23.875	0.0	0.001173
24.0	0.0	0.001169
24.125	0.0	0.001164
24.25	0.0	0.00116
24.375	0.0	0.001155
24.5	0.0	0.001151
24.625	0.0	0.001146
24.75	0.0	0.001142
24.875	0.0	0.001137
25.0	0.0	0.001133
25.125	0.0	0.001129
25.25	0.0	0.001124
25.375	0.0	0.00112
25.5	0.0	0.001115
25.625	0.0	0.001111
25.75	0.0	0.001107
25.875	0.0	0.001103
26.0	0.0	0.001098
26.125	0.0	0.001094
26.25	0.0	0.00109
26.375	0.0	0.001086
26.5	0.0	0.001081
26.625	0.0	0.001077
26.75	0.0	0.001073
26.875	0.0	0.001069
27.0	0.0	0.001065
27.125	0.0	0.00106
27.25	0.0	0.001056
27.375	0.0	0.001052
27.5	0.0	0.001048
27.625	0.0	0.001044
27.75	0.0	0.00104
27.875	0.0	0.001036
28.0	0.0	0.001032
28.125	0.0	0.001028
28.25	0.0	0.001024
28.375	0.0	0.00102
28.5	0.0	0.001016
28.625	0.0	0.001012
28.75	0.0	0.001008
28.875	0.0	0.001004
29.0	0.0	0.001
29.125	0.0	0.000996
29.25	0.0	0.000992
29.375	0.0	0.000988
29.5	0.0	0.000984
29.625	0.0	0.00098
29.75	0.0	0.000976
29.875	0.0	0.000972
30.0	0.0	0.000968
30.125	0.0	0.000964
30.25	0.0	0.000961
30.375	0.0	0.000957
30.5	0.0	0.000953
30.625	0.0	0.000949
30.75	0.0	0.000945
30.875	0.0	0.000942
31.0	0.0	0.000938
31.125	0.0	0.000934
31.25	0.0	0.00093
31.375	0.0	0.000926
31.5	0.0	0.000923
31.625	0.0	0.000919
31.75	0.0	0.000915
31.875	0.0	0.000912
32.0	0.0	0.000908
32.125	0.0	0.000904
32.25	0.0	0.000901
32.375	0.0	0.000897
32.5	0.0	0.000893
32.625	0.0	0.00089
32.75	0.0	0.000886
32.875	0.0	0.000882
33.0	0.0	0.000879
33.125	0.0	0.000875
33.25	0.0	0.000872
33.375	0.0	0.000868
33.5	0.0	0.000864
33.625	0.0	0.000861
33.75	0.0	0.000857
33.875	0.0	0.000854
34.0	0.0	0.00085
34.125	0.0	0.000847
34.25	0.0	0.000843
34.375	0.0	0.00084
34.5	0.0	0.000836
34.625	0.0	0.000833
34.75	0.0	0.000829
34.875	0.0	0.000826
35.0	0.0	0.000822
35.125	0.0	0.000819
35.25	0.0	0.000815
35.375	0.0	0.000812
35.5	0.0	0.000809
35.625	0.0	0.000805
35.75	0.0	0.000802
35.875	0.0	0.000798
36.0	0.0	0.000795
36.125	0.0	0.000792
36.25	0.0	0.000788
36.375	0.0	0.000785
36.5	0.0	0.000782
36.625	0.0	0.000778
36.75	0.0	0.000775
36.875	0.0	0.000772
37.0	0.0	0.000768
37.125	0.0	0.000765
37.25	0.0	0.000762
37.375	0.0	0.000758
37.5	0.0	0.000755
37.625	0.0	0.000752
37.75	0.0	0.000749
37.875	0.0	0.000745
38.0	0.0	0.000742
38.125	0.0	0.000739
38.25	0.0	0.000736
38.375	0.0	0.000732
38.5	0.0	0.000729
38.625	0.0	0.000726
38.75	0.0	0.000723
38.875	0.0	0.00072
39.0	0.0	0.000716
39.125	0.0	0.000713
39.25	0.0	0.00071
39.375	0.0	0.000707
39.5	0.0	0.000704
39.625	0.0	0.000701
39.75	0.0	0.000698
39.875	0.0	0.000694
40.0	0.0	0.000691
40.125	0.0	0.000688
40.25	0.0	0.000685
40.375	0.0	0.000682
40.5	0.0	0.000679
40.625	0.0	0.000676
40.75	0.0	0.000673
40.875	0.0	0.00067
41.0	0.0	0.000667
41.125	0.0	0.000664
41.25	0.0	0.00066
41.375	0.0	0.000657
41.5	0.0	0.000654
41.625	0.0	0.000651
41.75	0.0	0.000648
41.875	0.0	0.000645
42.0	0.0	0.000642
42.125	0.0	0.000639
42.25	0.0	0.000636
42.375	0.0	0.000633
42.5	0.0	0.00063
42.625	0.0	0.000627
42.75	0.0	0.000624
42.875	0.0	0.000621
43.0	0.0	0.000619
43.125	0.0	0.000616
43.25	0.0	0.000613
43.375	0.0	0.00061
43.5	0.0	0.000607
43.625	0.0	0.000604
43.75	0.0	0.000601
43.875	0.0	0.000598
44.0	0.0	0.000595
44.125	0.0	0.000592
44.25	0.0	0.000589
44.375	0.0	0.000586
44.5	0.0	0.000584
44.625	0.0	0.000581
44.75	0.0	0.000578
44.875	0.0	0.000575
45.0	0.0	0.000572
45.125	0.0	0.000569
45.25	0.0	0.000566
45.375	0.0	0.000564
45.5	0.0	0.000561
45.625	0.0	0.000558
45.75	0.0	0.000555
45.875	0.0	0.000552
46.0	0.0	0.00055
46.125	0.0	0.000547
46.25	0.0	0.000544
46.375	0.0	0.000541
46.5	0.0	0.000538
46.625	0.0	0.000536
46.75	0.0	0.000533
46.875	0.0	0.00053
47.0	0.0	0.000527
47.125	0.0	0.000525
47.25	0.0	0.000522
47.375	0.0	0.000519
47.5	0.0	0.000516
47.625	0.0	0.000514
47.75	0.0	0.000511
47.875	0.0	0.000508
48.0	0.0	0.000505
48.125	0.0	0.000503
48.25	0.0	0.0005
48.375	0.0	0.000497
48.5	0.0	0.000495
48.625	0.0	0.000492
48.75	0.0	0.000489
48.875	0.0	0.000487
49.0	0.0	0.000484
49.125	0.0	0.000481
49.25	0.0	0.000479
49.375	0.0	0.000476
49.5	0.0	0.000473
49.625	0.0	0.000471
49.75	0.0	0.000468
49.875	0.0	0.000465
50.0	0.0	0.000463
50.125	0.0	0.00046
50.25	0.0	0.000457
50.375	0.0	0.000455
50.5	0.0	0.000452
50.625	0.0	0.00045
50.75	0.0	0.000447
50.875	0.0	0.000444
51.0	0.0	0.000442
51.125	0.0	0.000439
51.25	0.0	0.000437
51.375	0.0	0.000434
51.5	0.0	0.000431
51.625	0.0	0.000429
51.75	0.0	0.000426
51.875	0.0	0.000424
52.0	0.0	0.000421
52.125	0.0	0.000419
52.25	0.0	0.000416
52.375	0.0	0.000414
52.5	0.0	0.000411
52.625	0.0	0.000408
52.75	0.0	0.000406
52.875	0.0	0.000403
53.0	0.0	0.000401
53.125	0.0	0.000398
53.25	0.0	0.000396
53.375	0.0	0.000393
53.5	0.0	0.000391
53.625	0.0	0.000388
53.75	0.0	0.000386
53.875	0.0	0.000383
54.0	0.0	0.000381
54.125	0.0	0.000378
54.25	0.0	0.000376
54.375	0.0	0.000373
54.5	0.0	0.000371
54.625	0.0	0.000368
54.75	0.0	0.000366
54.875	0.0	0.000364
55.0	0.0	0.000361
55.125	0.0	0.000359
55.25	0.0	0.000356
55.375	0.0	0.000354
55.5	0.0	0.000351
55.625	0.0	0.000349
55.75	0.0	0.000346
55.875	0.0	0.000344
56.0	0.0	0.000342
56.125	0.0	0.000339
56.25	0.0	0.000337
56.375	0.0	0.000334
56.5	0.0	0.000332
56.625	0.0	0.00033
56.75	0.0	0.000327
56.875	0.0	0.000325
57.0	0.0	0.000322
57.125	0.0	0.00032
57.25	0.0	0.000318
57.375	0.0	0.000315
57.5	0.0	0.000313
57.625	0.0	0.00031
57.75	0.0	0.000308
57.875	0.0	0.000306
58.0	0.0	0.000303
58.125	0.0	0.000301
58.25	0.0	0.000299
58.375	0.0	0.000296
58.5	0.0	0.000294
58.625	0.0	0.000292
58.75	0.0	0.000289
58.875	0.0	0.000287
59.0	0.0	0.000284
59.125	0.0	0.000282
59.25	0.0	0.00028
59.375	0.0	0.000277
59.5	0.0	0.000275
59.625	0.0	0.000273
59.75	0.0	0.000271
59.875	0.0	0.000268
60.0	0.0	0.000266
60.125	0.0	0.000264
60.25	0.0	0.000261
60.375	0.0	0.000259
60.5	0.0	0.000257
60.625	0.0	0.000254
60.75	0.0	0.000252
60.875	0.0	0.00025
61.0	0.0	0.000247
61.125	0.0	0.000245
61.25	0.0	0.000243
61.375	0.0	0.000241
61.5	0.0	0.000238
61.625	0.0	0.000236
61.75	0.0	0.000234
61.875	0.0	0.000232
62.0	0.0	0.000229
62.125	0.0	0.000227
62.25	0.0	0.000225
62.375	0.0	0.000223
62.5	0.0	0.00022
62.625	0.0	0.000218
62.75	0.0	0.000216
62.875	0.0	0.000214
63.0	0.0	0.000211
63.125	0.0	0.000209
63.25	0.0	0.000207
63.375	0.0	0.000205
63.5	0.0	0.000202
63.625	0.0	0.0002
63.75	0.0	0.000198
63.875	0.0	0.000196
64.0	0.0	0.000193
64.125	0.0	0.000191
64.25	0.0	0.000189
64.375	0.0	0.000187
64.5	0.0	0.000185
64.625	0.0	0.000182
64.75	0.0	0.00018
64.875	0.0	0.000178
65.0	0.0	0.000176
65.125	0.0	0.000174
65.25	0.0	0.000171
65.375	0.0	0.000169
65.5	0.0	0.000167
65.625	0.0	0.000165
65.75	0.0	0.000163
65.875	0.0	0.000161
66.0	0.0	0.000158
66.125	0.0	0.000156
66.25	0.0	0.000154
66.375	0.0	0.000152
66.5	0.0	0.00015
66.625	0.0	0.000148
66.75	0.0	0.000145
66.875	0.0	0.000143
67.0	0.0	0.000141
67.125	0.0	0.000139
67.25	0.0	0.000137
67.375	0.0	0.000135
67.5	0.0	0.000132
67.625	0.0	0.00013
67.75	0.0	0.000128
67.875	0.0	0.000126
68.0	0.0	0.000124
68.125	0.0	0.000122
68.25	0.0	0.00012
68.375	0.0	0.000117
68.5	0.0	0.000115
68.625	0.0	0.000113
68.75	0.0	0.000111
68.875	0.0	0.000109
69.0	0.0	0.000107
69.125	0.0	0.000105
69.25	0.0	0.000103
69.375	0.0	0.000101
69.5	0.0	9.8e-5
69.625	0.0	9.6e-5
69.75	0.0	9.4e-5
69.875	0.0	9.2e-5
70.0	0.0	9.0e-5
70.125	0.0	8.8e-5
70.25	0.0	8.6e-5
70.375	0.0	8.4e-5
70.5	0.0	8.2e-5
70.625	0.0	8.0e-5
70.75	0.0	7.7e-5
70.875	0.0	7.5e-5
71.0	0.0	7.3e-5
71.125	0.0	7.1e-5
71.25	0.0	6.9e-5
71.375	0.0	6.7e-5
71.5	0.0	6.5e-5
71.625	0.0	6.3e-5
71.75	0.0	6.1e-5
71.875	0.0	5.9e-5
72.0	0.0	5.7e-5
72.125	0.0	5.5e-5
72.25	0.0	5.2e-5
72.375	0.0	5.0e-5
72.5	0.0	4.8e-5
72.625	0.0	4.6e-5
72.75	0.0	4.4e-5
72.875	0.0	4.2e-5
73.0	0.0	4.0e-5
73.125	0.0	3.8e-5
73.25	0.0	3.6e-5
73.375	0.0	3.4e-5
73.5	0.0	3.2e-5
73.625	0.0	3.0e-5
73.75	0.0	2.8e-5
73.875	0.0	2.6e-5
74.0	0.0	2.4e-5
74.125	0.0	2.2e-5
74.25	0.0	2.0e-5
74.375	0.0	1.8e-5
74.5	0.0	1.6e-5
74.625	0.0	1.4e-5
74.75	0.0	1.1e-5
74.875	0.0	9.0e-6
75.0	0.0	7.0e-6
75.125	0.0	5.0e-6
75.25	0.0	3.0e-6
75.375	0.0	1.0e-6
75.5	0.0	0.0
75.625	0.0	-3.0e-6
75.75	0.0	-5.0e-6
75.875	0.0	-7.0e-6
76.0	0.0	-9.0e-6
76.125	0.0	-1.1e-5
76.25	0.0	-1.3e-5
76.375	0.0	-1.5e-5
76.5	0.0	-1.7e-5
76.625	0.0	-1.9e-5
76.75	0.0	-2.1e-5
76.875	0.0	-2.3e-5
77.0	0.0	-2.5e-5
77.125	0.0	-2.7e-5
77.25	0.0	-2.9e-5
77.375	0.0	-3.1e-5
77.5	0.0	-3.3e-5
77.625	0.0	-3.5e-5
77.75	0.0	-3.7e-5
77.875	0.0	-3.9e-5
78.0	0.0	-4.1e-5
78.125	0.0	-4.3e-5
78.25	0.0	-4.5e-5
78.375	0.0	-4.7e-5
78.5	0.0	-4.9e-5
78.625	0.0	-5.1e-5
78.75	0.0	-5.3e-5
78.875	0.0	-5.5e-5
79.0	0.0	-5.7e-5
79.125	0.0	-5.9e-5
79.25	0.0	-6.1e-5
79.375	0.0	-6.3e-5
79.5	0.0	-6.5e-5
79.625	0.0	-6.7e-5
79.75	0.0	-6.9e-5
79.875	0.0	-7.1e-5
80.0	0.0	-7.3e-5
80.125	0.0	-7.5e-5
80.25	0.0	-7.7e-5
80.375	0.0	-7.9e-5
80.5	0.0	-8.0e-5
80.625	0.0	-8.2e-5
80.75	0.0	-8.4e-5
80.875	0.0	-8.6e-5
81.0	0.0	-8.8e-5
81.125	0.0	-9.0e-5
81.25	0.0	-9.2e-5
81.375	0.0	-9.4e-5
81.5	0.0	-9.6e-5
81.625	0.0	-9.8e-5
81.75	0.0	-0.0001
81.875	0.0	-0.000102
82.0	0.0	-0.000104
82.125	0.0	-0.000106
82.25	0.0	-0.000108
82.375	0.0	-0.00011
82.5	0.0	-0.000112
82.625	0.0	-0.000114
82.75	0.0	-0.000116
82.875	0.0	-0.000118
83.0	0.0	-0.00012
83.125	0.0	-0.000122
83.25	0.0	-0.000124
83.375	0.0	-0.000125
83.5	0.0	-0.000127
83.625	0.0	-0.000129
83.75	0.0	-0.000131
83.875	0.0	-0.000133
84.0	0.0	-0.000135
84.125	0.0	-0.000137
84.25	0.0	-0.000139
84.375	0.0	-0.000141
84.5	0.0	-0.000143
84.625	0.0	-0.000145
84.75	0.0	-0.000147
84.875	0.0	-0.000149
85.0	0.0	-0.000151
85.125	0.0	-0.000153
85.25	0.0	-0.000155
85.375	0.0	-0.000157
85.5	0.0	-0.000158
85.625	0.0	-0.00016
85.75	0.0	-0.000162
85.875	0.0	-0.000164
86.0	0.0	-0.000166
86.125	0.0	-0.000168
86.25	0.0	-0.00017
86.375	0.0	-0.000172
86.5	0.0	-0.000174
86.625	0.0	-0.000176
86.75	0.0	-0.000178
86.875	0.0	-0.00018
87.0	0.0	-0.000182
87.125	0.0	-0.000184
87.25	0.0	-0.000185
87.375	0.0	-0.000187
87.5	0.0	-0.000189
87.625	0.0	-0.000191
87.75	0.0	-0.000193
87.875	0.0	-0.000195
88.0	0.0	-0.000197
88.125	0.0	-0.000199
88.25	0.0	-0.000201
88.375	0.0	-0.000203
88.5	0.0	-0.000205
88.625	0.0	-0.000207
88.75	0.0	-0.000208
88.875	0.0	-0.00021
89.0	0.0	-0.000212
89.125	0.0	-0.000214
89.25	0.0	-0.000216
89.375	0.0	-0.000218
89.5	0.0	-0.00022
89.625	0.0	-0.000222
89.75	0.0	-0.000224
89.875	0.0	-0.000226
90.0	0.0	-0.000228
90.125	0.0	-0.00023
90.25	0.0	-0.000231
90.375	0.0	-0.000233
90.5	0.0	-0.000235
90.625	0.0	-0.000237
90.75	0.0	-0.000239
90.875	0.0	-0.000241
91.0	0.0	-0.000243
91.125	0.0	-0.000245
91.25	0.0	-0.000247
91.375	0.0	-0.000249
91.5	0.0	-0.000251
91.625	0.0	-0.000252
91.75	0.0	-0.000254
91.875	0.0	-0.000256
92.0	0.0	-0.000258
92.125	0.0	-0.00026
92.25	0.0	-0.000262
92.375	0.0	-0.000264
92.5	0.0	-0.000266
92.625	0.0	-0.000268
92.75	0.0	-0.00027
92.875	0.0	-0.000271
93.0	0.0	-0.000273
93.125	0.0	-0.000275
93.25	0.0	-0.000277
93.375	0.0	-0.000279
93.5	0.0	-0.000281
93.625	0.0	-0.000283
93.75	0.0	-0.000285
93.875	0.0	-0.000287
94.0	0.0	-0.000289
94.125	0.0	-0.000291
94.25	0.0	-0.000292
94.375	0.0	-0.000294
94.5	0.0	-0.000296
94.625	0.0	-0.000298
94.75	0.0	-0.0003
94.875	0.0	-0.000302
95.0	0.0	-0.000304
95.125	0.0	-0.000306
95.25	0.0	-0.000308
95.375	0.0	-0.00031
95.5	0.0	-0.000311
95.625	0.0	-0.000313
95.75	0.0	-0.000315
95.875	0.0	-0.000317
96.0	0.0	-0.000319
96.125	0.0	-0.000321
96.25	0.0	-0.000323
96.375	0.0	-0.000325
96.5	0.0	-0.000327
96.625	0.0	-0.000329
96.75	0.0	-0.00033
96.875	0.0	-0.000332
97.0	0.0	-0.000334
97.125	0.0	-0.000336
97.25	0.0	-0.000338
97.375	0.0	-0.00034
