-158.5	0.0	2.2e-5
-158.375	0.0	2.2e-5
-158.25	0.0	2.2e-5
-158.125	0.0	2.2e-5
-158.0	0.0	2.1e-5
-157.875	0.0	2.1e-5
-157.75	0.0	2.1e-5
-157.625	0.0	2.1e-5
-157.5	0.0	2.1e-5
-157.375	0.0	2.0e-5
-157.25	0.0	2.0e-5
-157.125	0.0	2.0e-5
-157.0	0.0	2.0e-5
-156.875	0.0	2.0e-5
-156.75	0.0	2.0e-5
-156.625	0.0	1.9e-5
-156.5	0.0	1.9e-5
-156.375	0.0	1.9e-5
-156.25	0.0	1.9e-5
-156.125	0.0	1.9e-5
-156.0	0.0	1.8e-5
-155.875	0.0	1.8e-5
-155.75	0.0	1.8e-5
-155.625	0.0	1.8e-5
-155.5	0.0	1.8e-5
-155.375	0.0	1.8e-5
-155.25	0.0	1.7e-5
-155.125	0.0	1.7e-5
-155.0	0.0	1.7e-5
-154.875	0.0	1.7e-5
-154.75	0.0	1.7e-5
-154.625	0.0	1.6e-5
-154.5	0.0	1.6e-5
-154.375	0.0	1.6e-5
-154.25	0.0	1.6e-5
-154.125	0.0	1.6e-5
-154.0	0.0	1.6e-5
-153.875	0.0	1.5e-5
-153.75	0.0	1.5e-5
-153.625	0.0	1.5e-5
-153.5	0.0	1.5e-5
-153.375	0.0	1.5e-5
-153.25	0.0	1.4e-5
-153.125	0.0	1.4e-5
-153.0	0.0	1.4e-5
-152.875	0.0	1.4e-5
-152.75	0.0	1.4e-5
-152.625	0.0	1.4e-5
-152.5	0.0	1.3e-5
-152.375	0.0	1.3e-5
-152.25	0.0	1.3e-5
-152.125	0.0	1.3e-5
-152.0	0.0	1.3e-5
-151.875	0.0	1.2e-5
-151.75	0.0	1.2e-5
-151.625	0.0	1.2e-5
-151.5	0.0	1.2e-5
-151.375	0.0	1.2e-5
-151.25	0.0	1.2e-5
-151.125	0.0	1.1e-5
-151.0	0.0	1.1e-5
-150.875	0.0	1.1e-5
-150.75	0.0	1.1e-5
-150.625	0.0	1.1e-5
-150.5	0.0	1.0e-5
-150.375	0.0	1.0e-5
-150.25	0.0	1.0e-5
-150.125	0.0	1.0e-5
-150.0	0.0	1.0e-5
-149.875	0.0	1.0e-5
-149.75	0.0	9.0e-6
-149.625	0.0	9.0e-6
-149.5	0.0	9.0e-6
-149.375	0.0	9.0e-6
-149.25	0.0	9.0e-6
-149.125	0.0	9.0e-6
-149.0	0.0	8.0e-6
-148.875	0.0	8.0e-6
-148.75	0.0	8.0e-6
-148.625	0.0	8.0e-6
-148.5	0.0	8.0e-6
-148.375	0.0	7.0e-6
-148.25	0.0	7.0e-6
-148.125	0.0	7.0e-6
-148.0	0.0	7.0e-6
-147.875	0.0	7.0e-6
-147.75	0.0	7.0e-6
-147.625	0.0	6.0e-6
-147.5	0.0	6.0e-6
-147.375	0.0	6.0e-6
-147.25	0.0	6.0e-6
-147.125	0.0	6.0e-6
-147.0	0.0	5.0e-6
-146.875	0.0	5.0e-6
-146.75	0.0	5.0e-6
-146.625	0.0	5.0e-6
-146.5	0.0	5.0e-6
-146.375	0.0	5.0e-6
-146.25	0.0	4.0e-6
-146.125	0.0	4.0e-6
-146.0	0.0	4.0e-6
-145.875	0.0	4.0e-6
-145.75	0.0	4.0e-6
-145.625	0.0	3.0e-6
-145.5	0.0	3.0e-6
-145.375	0.0	3.0e-6
-145.25	0.0	3.0e-6
-145.125	0.0	3.0e-6
-145.0	0.0	3.0e-6
-144.875	0.0	2.0e-6
-144.75	0.0	2.0e-6
-144.625	0.0	2.0e-6
-144.5	0.0	2.0e-6
-144.375	0.0	2.0e-6
-144.25	0.0	2.0e-6
-144.125	0.0	1.0e-6
-144.0	0.0	1.0e-6
-143.875	0.0	0.0
-143.75	0.0	0.0
-143.625	0.0	0.0
-143.5	0.0	0.0
-143.375	0.0	0.0
-143.25	0.0	0.0
-143.125	0.0	0.0
-143.0	0.0	0.0
-142.875	0.0	0.0
-142.75	0.0	0.0
-142.625	0.0	0.0
-142.5	0.0	0.0
-142.375	0.0	-1.0e-6
-142.25	0.0	-1.0e-6
-142.125	0.0	-2.0e-6
-142.0	0.0	-2.0e-6
-141.875	0.0	-2.0e-6
-141.75	0.0	-2.0e-6
-141.625	0.0	-2.0e-6
-141.5	0.0	-2.0e-6
-141.375	0.0	-3.0e-6
-141.25	0.0	-3.0e-6
-141.125	0.0	-3.0e-6
-141.0	0.0	-3.0e-6
-140.875	0.0	-3.0e-6
-140.75	0.0	-4.0e-6
-140.625	0.0	-4.0e-6
-140.5	0.0	-4.0e-6
-140.375	0.0	-4.0e-6
-140.25	0.0	-4.0e-6
-140.125	0.0	-4.0e-6
-140.0	0.0	-5.0e-6
-139.875	0.0	-5.0e-6
-139.75	0.0	-5.0e-6
-139.625	0.0	-5.0e-6
-139.5	0.0	-5.0e-6
-139.375	0.0	-5.0e-6
-139.25	0.0	-6.0e-6
-139.125	0.0	-6.0e-6
-139.0	0.0	-6.0e-6
-138.875	0.0	-6.0e-6
-138.75	0.0	-6.0e-6
-138.625	0.0	-7.0e-6
-138.5	0.0	-7.0e-6
-138.375	0.0	-7.0e-6
-138.25	0.0	-7.0e-6
-138.125	0.0	-7.0e-6
-138.0	0.0	-7.0e-6
-137.875	0.0	-8.0e-6
-137.75	0.0	-8.0e-6
-137.625	0.0	-8.0e-6
-137.5	0.0	-8.0e-6
-137.375	0.0	-8.0e-6
-137.25	0.0	-9.0e-6
-137.125	0.0	-9.0e-6
-137.0	0.0	-9.0e-6
-136.875	0.0	-9.0e-6
-136.75	0.0	-9.0e-6
-136.625	0.0	-9.0e-6
-136.5	0.0	-1.0e-5
-136.375	0.0	-1.0e-5
-136.25	0.0	-1.0e-5
-136.125	0.0	-1.0e-5
-136.0	0.0	-1.0e-5
-135.875	0.0	-1.1e-5
-135.75	0.0	-1.1e-5
-135.625	0.0	-1.1e-5
-135.5	0.0	-1.1e-5
-135.375	0.0	-1.1e-5
-135.25	0.0	-1.1e-5
-135.125	0.0	-1.2e-5
-135.0	0.0	-1.2e-5
-134.875	0.0	-1.2e-5
-134.75	0.0	-1.2e-5
-134.625	0.0	-1.2e-5
-134.5	0.0	-1.3e-5
-134.375	0.0	-1.3e-5
-134.25	0.0	-1.3e-5
-134.125	0.0	-1.3e-5
-134.0	0.0	-1.3e-5
-133.875	0.0	-1.3e-5
-133.75	0.0	-1.4e-5
-133.625	0.0	-1.4e-5
-133.5	0.0	-1.4e-5
-133.375	0.0	-1.4e-5
-133.25	0.0	-1.4e-5
-133.125	0.0	-1.5e-5
-133.0	0.0	-1.5e-5
-132.875	0.0	-1.5e-5
-132.75	0.0	-1.5e-5
-132.625	0.0	-1.5e-5
-132.5	0.0	-1.5e-5
-132.375	0.0	-1.6e-5
-132.25	0.0	-1.6e-5
-132.125	0.0	-1.6e-5
-132.0	0.0	-1.6e-5
-131.875	0.0	-1.6e-5
-131.75	0.0	-1.7e-5
-131.625	0.0	-1.7e-5
-131.5	0.0	-1.7e-5
-131.375	0.0	-1.7e-5
-131.25	0.0	-1.7e-5
-131.125	0.0	-1.7e-5
-131.0	0.0	-1.8e-5
-130.875	0.0	-1.8e-5
-130.75	0.0	-1.8e-5
-130.625	0.0	-1.8e-5
-130.5	0.0	-1.8e-5
-130.375	0.0	-1.9e-5
-130.25	0.0	-1.9e-5
-130.125	0.0	-1.9e-5
-130.0	0.0	-1.9e-5
-129.875	0.0	-1.9e-5
-129.75	0.0	-2.0e-5
-129.625	0.0	-2.0e-5
-129.5	0.0	-2.0e-5
-129.375	0.0	-2.0e-5
-129.25	0.0	-2.0e-5
-129.125	0.0	-2.0e-5
-129.0	0.0	-2.1e-5
-128.875	0.0	-2.1e-5
-128.75	0.0	-2.1e-5
-128.625	0.0	-2.1e-5
-128.5	0.0	-2.1e-5
-128.375	0.0	-2.2e-5
-128.25	0.0	-2.2e-5
-128.125	0.0	-2.2e-5
-128.0	0.0	-2.2e-5
-127.875	0.0	-2.2e-5
-127.75	0.0	-2.3e-5
-127.625	0.0	-2.3e-5
-127.5	0.0	-2.3e-5
-127.375	0.0	-2.3e-5
-127.25	0.0	-2.3e-5
-127.125	0.0	-2.3e-5
-127.0	0.0	-2.4e-5
-126.875	0.0	-2.4e-5
-126.75	0.0	-2.4e-5
-126.625	0.0	-2.4e-5
-126.5	0.0	-2.4e-5
-126.375	0.0	-2.5e-5
-126.25	0.0	-2.5e-5
-126.125	0.0	-2.5e-5
-126.0	0.0	-2.5e-5
-125.875	0.0	-2.5e-5
-125.75	0.0	-2.6e-5
-125.625	0.0	-2.6e-5
-125.5	0.0	-2.6e-5
-125.375	0.0	-2.6e-5
-125.25	0.0	-2.6e-5
-125.125	0.0	-2.6e-5
-125.0	0.0	-2.7e-5
-124.875	0.0	-2.7e-5
-124.75	0.0	-2.7e-5
-124.625	0.0	-2.7e-5
-124.5	0.0	-2.7e-5
-124.375	0.0	-2.8e-5
-124.25	0.0	-2.8e-5
-124.125	0.0	-2.8e-5
-124.0	0.0	-2.8e-5
-123.875	0.0	-2.8e-5
-123.75	0.0	-2.9e-5
-123.625	0.0	-2.9e-5
-123.5	0.0	-2.9e-5
-123.375	0.0	-2.9e-5
-123.25	0.0	-2.9e-5
-123.125	0.0	-3.0e-5
-123.0	0.0	-3.0e-5
-122.875	0.0	-3.0e-5
-122.75	0.0	-3.0e-5
-122.625	0.0	-3.0e-5
-122.5	0.0	-3.0e-5
-122.375	0.0	-3.1e-5
-122.25	0.0	-3.1e-5
-122.125	0.0	-3.1e-5
-122.0	0.0	-3.1e-5
-121.875	0.0	-3.1e-5
-121.75	0.0	-3.2e-5
-121.625	0.0	-3.2e-5
-121.5	0.0	-3.2e-5
-121.375	0.0	-3.2e-5
-121.25	0.0	-3.2e-5
-121.125	0.0	-3.3e-5
-121.0	0.0	-3.3e-5
-120.875	0.0	-3.3e-5
-120.75	0.0	-3.3e-5
-120.625	0.0	-3.3e-5
-120.5	0.0	-3.4e-5
-120.375	0.0	-3.4e-5
-120.25	0.0	-3.4e-5
-120.125	0.0	-3.4e-5
-120.0	0.0	-3.4e-5
-119.875	0.0	-3.5e-5
-119.75	0.0	-3.5e-5
-119.625	0.0	-3.5e-5
-119.5	0.0	-3.5e-5
-119.375	0.0	-3.5e-5
-119.25	0.0	-3.6e-5
-119.125	0.0	-3.6e-5
-119.0	0.0	-3.6e-5
-118.875	0.0	-3.6e-5
-118.75	0.0	-3.6e-5
-118.625	0.0	-3.6e-5
-118.5	0.0	-3.7e-5
-118.375	0.0	-3.7e-5
-118.25	0.0	-3.7e-5
-118.125	0.0	-3.7e-5
-118.0	0.0	-3.7e-5
-117.875	0.0	-3.8e-5
-117.75	0.0	-3.8e-5
-117.625	0.0	-3.8e-5
-117.5	0.0	-3.8e-5
-117.375	0.0	-3.8e-5
-117.25	0.0	-3.9e-5
-117.125	0.0	-3.9e-5
-117.0	0.0	-3.9e-5
-116.875	0.0	-3.9e-5
-116.75	0.0	-3.9e-5
-116.625	0.0	-4.0e-5
-116.5	0.0	-4.0e-5
-116.375	0.0	-4.0e-5
-116.25	0.0	-4.0e-5
-116.125	0.0	-4.0e-5
-116.0	0.0	-4.1e-5
-115.875	0.0	-4.1e-5
-115.75	0.0	-4.1e-5
-115.625	0.0	-4.1e-5
-115.5	0.0	-4.1e-5
-115.375	0.0	-4.2e-5
-115.25	0.0	-4.2e-5
-115.125	0.0	-4.2e-5
-115.0	0.0	-4.2e-5
-114.875	0.0	-4.2e-5
-114.75	0.0	-4.3e-5
-114.625	0.0	-4.3e-5
-114.5	0.0	-4.3e-5
-114.375	0.0	-4.3e-5
-114.25	0.0	-4.4e-5
-114.125	0.0	-4.4e-5
-114.0	0.0	-4.4e-5
-113.875	0.0	-4.4e-5
-113.75	0.0	-4.4e-5
-113.625	0.0	-4.5e-5
-113.5	0.0	-4.5e-5
-113.375	0.0	-4.5e-5
-113.25	0.0	-4.5e-5
-113.125	0.0	-4.5e-5
-113.0	0.0	-4.6e-5
-112.875	0.0	-4.6e-5
-112.75	0.0	-4.6e-5
-112.625	0.0	-4.6e-5
-112.5	0.0	-4.6e-5
-112.375	0.0	-4.7e-5
-112.25	0.0	-4.7e-5
-112.125	0.0	-4.7e-5
-112.0	0.0	-4.7e-5
-111.875	0.0	-4.7e-5
-111.75	0.0	-4.8e-5
-111.625	0.0	-4.8e-5
-111.5	0.0	-4.8e-5
-111.375	0.0	-4.8e-5
-111.25	0.0	-4.8e-5
-111.125	0.0	-4.9e-5
-111.0	0.0	-4.9e-5
-110.875	0.0	-4.9e-5
-110.75	0.0	-4.9e-5
-110.625	0.0	-5.0e-5
-110.5	0.0	-5.0e-5
-110.375	0.0	-5.0e-5
-110.25	0.0	-5.0e-5
-110.125	0.0	-5.0e-5
-110.0	0.0	-5.1e-5
-109.875	0.0	-5.1e-5
-109.75	0.0	-5.1e-5
-109.625	0.0	-5.1e-5
-109.5	0.0	-5.1e-5
-109.375	0.0	-5.2e-5
-109.25	0.0	-5.2e-5
-109.125	0.0	-5.2e-5
-109.0	0.0	-5.2e-5
-108.875	0.0	-5.2e-5
-108.75	0.0	-5.3e-5
-108.625	0.0	-5.3e-5
-108.5	0.0	-5.3e-5
-108.375	0.0	-5.3e-5
-108.25	0.0	-5.4e-5
-108.125	0.0	-5.4e-5
-108.0	0.0	-5.4e-5
-107.875	0.0	-5.4e-5
-107.75	0.0	-5.4e-5
-107.625	0.0	-5.5e-5
-107.5	0.0	-5.5e-5
-107.375	0.0	-5.5e-5
-107.25	0.0	-5.5e-5
-107.125	0.0	-5.6e-5
-107.0	0.0	-5.6e-5
-106.875	0.0	-5.6e-5
-106.75	0.0	-5.6e-5
-106.625	0.0	-5.6e-5
-106.5	0.0	-5.7e-5
-106.375	0.0	-5.7e-5
-106.25	0.0	-5.7e-5
-106.125	0.0	-5.7e-5
-106.0	0.0	-5.7e-5
-105.875	0.0	-5.8e-5
-105.75	0.0	-5.8e-5
-105.625	0.0	-5.8e-5
-105.5	0.0	-5.8e-5
-105.375	0.0	-5.9e-5
-105.25	0.0	-5.9e-5
-105.125	0.0	-5.9e-5
-105.0	0.0	-5.9e-5
-104.875	0.0	-5.9e-5
-104.75	0.0	-6.0e-5
-104.625	0.0	-6.0e-5
-104.5	0.0	-6.0e-5
-104.375	0.0	-6.0e-5
-104.25	0.0	-6.1e-5
-104.125	0.0	-6.1e-5
-104.0	0.0	-6.1e-5
-103.875	0.0	-6.1e-5
-103.75	0.0	-6.2e-5
-103.625	0.0	-6.2e-5
-103.5	0.0	-6.2e-5
-103.375	0.0	-6.2e-5
-103.25	0.0	-6.2e-5
-103.125	0.0	-6.3e-5
-103.0	0.0	-6.3e-5
-102.875	0.0	-6.3e-5
-102.75	0.0	-6.3e-5
-102.625	0.0	-6.4e-5
-102.5	0.0	-6.4e-5
-102.375	0.0	-6.4e-5
-102.25	0.0	-6.4e-5
-102.125	0.0	-6.4e-5
-102.0	0.0	-6.5e-5
-101.875	0.0	-6.5e-5
-101.75	0.0	-6.5e-5
-101.625	0.0	-6.5e-5
-101.5	0.0	-6.6e-5
-101.375	0.0	-6.6e-5
-101.25	0.0	-6.6e-5
-101.125	0.0	-6.6e-5
-101.0	0.0	-6.7e-5
-100.875	0.0	-6.7e-5
-100.75	0.0	-6.7e-5
-100.625	0.0	-6.7e-5
-100.5	0.0	-6.7e-5
-100.375	0.0	-6.8e-5
-100.25	0.0	-6.8e-5
-100.125	0.0	-6.8e-5
-100.0	0.0	-6.8e-5
-99.875	0.0	-6.9e-5
-99.75	0.0	-6.9e-5
-99.625	0.0	-6.9e-5
-99.5	0.0	-6.9e-5
-99.375	0.0	-7.0e-5
-99.25	0.0	-7.0e-5
-99.125	0.0	-7.0e-5
-99.0	0.0	-7.0e-5
-98.875	0.0	-7.1e-5
-98.75	0.0	-7.1e-5
-98.625	0.0	-7.1e-5
-98.5	0.0	-7.1e-5
-98.375	0.0	-7.2e-5
-98.25	0.0	-7.2e-5
-98.125	0.0	-7.2e-5
-98.0	0.0	-7.2e-5
-97.875	0.0	-7.3e-5
-97.75	0.0	-7.3e-5
-97.625	0.0	-7.3e-5
-97.5	0.0	-7.3e-5
-97.375	0.0	-7.3e-5
-97.25	0.0	-7.4e-5
-97.125	0.0	-7.4e-5
-97.0	0.0	-7.4e-5
-96.875	0.0	-7.4e-5
-96.75	0.0	-7.5e-5
-96.625	0.0	-7.5e-5
-96.5	0.0	-7.5e-5
-96.375	0.0	-7.5e-5
-96.25	0.0	-7.6e-5
-96.125	0.0	-7.6e-5
-96.0	0.0	-7.6e-5
-95.875	0.0	-7.6e-5
-95.75	0.0	-7.7e-5
-95.625	0.0	-7.7e-5
-95.5	0.0	-7.7e-5
-95.375	0.0	-7.7e-5
-95.25	0.0	-7.8e-5
-95.125	0.0	-7.8e-5
-95.0	0.0	-7.8e-5
-94.875	0.0	-7.8e-5
-94.75	0.0	-7.9e-5
-94.625	0.0	-7.9e-5
-94.5	0.0	-7.9e-5
-94.375	0.0	-7.9e-5
-94.25	0.0	-8.0e-5
-94.125	0.0	-8.0e-5
-94.0	0.0	-8.0e-5
-93.875	0.0	-8.0e-5
-93.75	0.0	-8.1e-5
-93.625	0.0	-8.1e-5
-93.5	0.0	-8.1e-5
-93.375	0.0	-8.2e-5
-93.25	0.0	-8.2e-5
-93.125	0.0	-8.2e-5
-93.0	0.0	-8.2e-5
-92.875	0.0	-8.3e-5
-92.75	0.0	-8.3e-5
-92.625	0.0	-8.3e-5
-92.5	0.0	-8.3e-5
-92.375	0.0	-8.4e-5
-92.25	0.0	-8.4e-5
-92.125	0.0	-8.4e-5
-92.0	0.0	-8.4e-5
-91.875	0.0	-8.5e-5
-91.75	0.0	-8.5e-5
-91.625	0.0	-8.5e-5
-91.5	0.0	-8.5e-5
-91.375	0.0	-8.6e-5
-91.25	0.0	-8.6e-5
-91.125	0.0	-8.6e-5
-91.0	0.0	-8.7e-5
-90.875	0.0	-8.7e-5
-90.75	0.0	-8.7e-5
-90.625	0.0	-8.7e-5
-90.5	0.0	-8.8e-5
-90.375	0.0	-8.8e-5
-90.25	0.0	-8.8e-5
-90.125	0.0	-8.8e-5
-90.0	0.0	-8.9e-5
-89.875	0.0	-8.9e-5
-89.75	0.0	-8.9e-5
-89.625	0.0	-8.9e-5
-89.5	0.0	-9.0e-5
-89.375	0.0	-9.0e-5
-89.25	0.0	-9.0e-5
-89.125	0.0	-9.1e-5
-89.0	0.0	-9.1e-5
-88.875	0.0	-9.1e-5
-88.75	0.0	-9.1e-5
-88.625	0.0	-9.2e-5
-88.5	0.0	-9.2e-5
-88.375	0.0	-9.2e-5
-88.25	0.0	-9.3e-5
-88.125	0.0	-9.3e-5
-88.0	0.0	-9.3e-5
-87.875	0.0	-9.3e-5
-87.75	0.0	-9.4e-5
-87.625	0.0	-9.4e-5
-87.5	0.0	-9.4e-5
-87.375	0.0	-9.4e-5
-87.25	0.0	-9.5e-5
-87.125	0.0	-9.5e-5
-87.0	0.0	-9.5e-5
-86.875	0.0	-9.6e-5
-86.75	0.0	-9.6e-5
-86.625	0.0	-9.6e-5
-86.5	0.0	-9.6e-5
-86.375	0.0	-9.7e-5
-86.25	0.0	-9.7e-5
-86.125	0.0	-9.7e-5
-86.0	0.0	-9.8e-5
-85.875	0.0	-9.8e-5
-85.75	0.0	-9.8e-5
-85.625	0.0	-9.8e-5
-85.5	0.0	-9.9e-5
-85.375	0.0	-9.9e-5
-85.25	0.0	-9.9e-5
-85.125	0.0	-0.0001
-85.0	0.0	-0.0001
-84.875	0.0	-0.0001
-84.75	0.0	-0.000101
-84.625	0.0	-0.000101
-84.5	0.0	-0.000101
-84.375	0.0	-0.000101
-84.25	0.0	-0.000102
-84.125	0.0	-0.000102
-84.0	0.0	-0.000102
-83.875	0.0	-0.000103
-83.75	0.0	-0.000103
-83.625	0.0	-0.000103
-83.5	0.0	-0.000104
-83.375	0.0	-0.000104
-83.25	0.0	-0.000104
-83.125	0.0	-0.000104
-83.0	0.0	-0.000105
-82.875	0.0	-0.000105
-82.75	0.0	-0.000105
-82.625	0.0	-0.000106
-82.5	0.0	-0.000106
-82.375	0.0	-0.000106
-82.25	0.0	-0.000107
-82.125	0.0	-0.000107
-82.0	0.0	-0.000107
-81.875	0.0	-0.000108
-81.75	0.0	-0.000108
-81.625	0.0	-0.000108
-81.5	0.0	-0.000108
-81.375	0.0	-0.000109
-81.25	0.0	-0.000109
-81.125	0.0	-0.000109
-81.0	0.0	-0.00011
-80.875	0.0	-0.00011
-80.75	0.0	-0.00011
-80.625	0.0	-0.000111
-80.5	0.0	-0.000111
-80.375	0.0	-0.000111
-80.25	0.0	-0.000112
-80.125	0.0	-0.000112
-80.0	0.0	-0.000112
-79.875	0.0	-0.000113
-79.75	0.0	-0.000113
-79.625	0.0	-0.000113
-79.5	0.0	-0.000114
-79.375	0.0	-0.000114
-79.25	0.0	-0.000114
-79.125	0.0	-0.000115
-79.0	0.0	-0.000115
-78.875	0.0	-0.000115
-78.75	0.0	-0.000115
-78.625	0.0	-0.000116
-78.5	0.0	-0.000116
-78.375	0.0	-0.000116
-78.25	0.0	-0.000117
-78.125	0.0	-0.000117
-78.0	0.0	-0.000117
-77.875	0.0	-0.000118
-77.75	0.0	-0.000118
-77.625	0.0	-0.000118
-77.5	0.0	-0.000119
-77.375	0.0	-0.000119
-77.25	0.0	-0.000119
-77.125	0.0	-0.00012
-77.0	0.0	-0.00012
-76.875	0.0	-0.000121
-76.75	0.0	-0.000121
-76.625	0.0	-0.000121
-76.5	0.0	-0.000122
-76.375	0.0	-0.000122
-76.25	0.0	-0.000122
-76.125	0.0	-0.000123
-76.0	0.0	-0.000123
-75.875	0.0	-0.000123
-75.75	0.0	-0.000124
-75.625	0.0	-0.000124
-75.5	0.0	-0.000124
-75.375	0.0	-0.000125
-75.25	0.0	-0.000125
-75.125	0.0	-0.000125
-75.0	0.0	-0.000126
-74.875	0.0	-0.000126
-74.75	0.0	-0.000126
-74.625	0.0	-0.000127
-74.5	0.0	-0.000127
-74.375	0.0	-0.000127
-74.25	0.0	-0.000128
-74.125	0.0	-0.000128
-74.0	0.0	-0.000129
-73.875	0.0	-0.000129
-73.75	0.0	-0.000129
-73.625	0.0	-0.00013
-73.5	0.0	-0.00013
-73.375	0.0	-0.00013
-73.25	0.0	-0.000131
-73.125	0.0	-0.000131
-73.0	0.0	-0.000131
-72.875	0.0	-0.000132
-72.75	0.0	-0.000132
-72.625	0.0	-0.000133
-72.5	0.0	-0.000133
-72.375	0.0	-0.000133
-72.25	0.0	-0.000134
-72.125	0.0	-0.000134
-72.0	0.0	-0.000134
-71.875	0.0	-0.000135
-71.75	0.0	-0.000135
-71.625	0.0	-0.000136
-71.5	0.0	-0.000136
-71.375	0.0	-0.000136
-71.25	0.0	-0.000137
-71.125	0.0	-0.000137
-71.0	0.0	-0.000137
-70.875	0.0	-0.000138
-70.75	0.0	-0.000138
-70.625	0.0	-0.000139
-70.5	0.0	-0.000139
-70.375	0.0	-0.000139
-70.25	0.0	-0.00014
-70.125	0.0	-0.00014
-70.0	0.0	-0.000141
-69.875	0.0	-0.000141
-69.75	0.0	-0.000141
-69.625	0.0	-0.000142
-69.5	0.0	-0.000142
-69.375	0.0	-0.000143
-69.25	0.0	-0.000143
-69.125	0.0	-0.000143
-69.0	0.0	-0.000144
-68.875	0.0	-0.000144
-68.75	0.0	-0.000145
-68.625	0.0	-0.000145
-68.5	0.0	-0.000145
-68.375	0.0	-0.000146
-68.25	0.0	-0.000146
-68.125	0.0	-0.000147
-68.0	0.0	-0.000147
-67.875	0.0	-0.000147
-67.75	0.0	-0.000148
-67.625	0.0	-0.000148
-67.5	0.0	-0.000149
-67.375	0.0	-0.000149
-67.25	0.0	-0.000149
-67.125	0.0	-0.00015
-67.0	0.0	-0.00015
-66.875	0.0	-0.000151
-66.75	0.0	-0.000151
-66.625	0.0	-0.000152
-66.5	0.0	-0.000152
-66.375	0.0	-0.000152
-66.25	0.0	-0.000153
-66.125	0.0	-0.000153
-66.0	0.0	-0.000154
-65.875	0.0	-0.000154
-65.75	0.0	-0.000154
-65.625	0.0	-0.000155
-65.5	0.0	-0.000155
-65.375	0.0	-0.000156
-65.25	0.0	-0.000156
-65.125	0.0	-0.000157
-65.0	0.0	-0.000157
-64.875	0.0	-0.000157
-64.75	0.0	-0.000158
-64.625	0.0	-0.000158
-64.5	0.0	-0.000159
-64.375	0.0	-0.000159
-64.25	0.0	-0.00016
-64.125	0.0	-0.00016
-64.0	0.0	-0.000161
-63.875	0.0	-0.000161
-63.75	0.0	-0.000161
-63.625	0.0	-0.000162
-63.5	0.0	-0.000162
-63.375	0.0	-0.000163
-63.25	0.0	-0.000163
-63.125	0.0	-0.000164
-63.0	0.0	-0.000164
-62.875	0.0	-0.000165
-62.75	0.0	-0.000165
-62.625	0.0	-0.000166
-62.5	0.0	-0.000166
-62.375	0.0	-0.000166
-62.25	0.0	-0.000167
-62.125	0.0	-0.000167
-62.0	0.0	-0.000168
-61.875	0.0	-0.000168
-61.75	0.0	-0.000169
-61.625	0.0	-0.000169
-61.5	0.0	-0.00017
-61.375	0.0	-0.00017
-61.25	0.0	-0.000171
-61.125	0.0	-0.000171
-61.0	0.0	-0.000172
-60.875	0.0	-0.000172
-60.75	0.0	-0.000173
-60.625	0.0	-0.000173
-60.5	0.0	-0.000174
-60.375	0.0	-0.000174
-60.25	0.0	-0.000175
-60.125	0.0	-0.000175
-60.0	0.0	-0.000175
-59.875	0.0	-0.000176
-59.75	0.0	-0.000176
-59.625	0.0	-0.000177
-59.5	0.0	-0.000177
-59.375	0.0	-0.000178
-59.25	0.0	-0.000178
-59.125	0.0	-0.000179
-59.0	0.0	-0.000179
-58.875	0.0	-0.00018
-58.75	0.0	-0.00018
-58.625	0.0	-0.000181
-58.5	0.0	-0.000181
-58.375	0.0	-0.000182
-58.25	0.0	-0.000182
-58.125	0.0	-0.000183
-58.0	0.0	-0.000183
-57.875	0.0	-0.000184
-57.75	0.0	-0.000185
-57.625	0.0	-0.000185
-57.5	0.0	-0.000186
-57.375	0.0	-0.000186
-57.25	0.0	-0.000187
-57.125	0.0	-0.000187
-57.0	0.0	-0.000188
-56.875	0.0	-0.000188
-56.75	0.0	-0.000189
-56.625	0.0	-0.000189
-56.5	0.0	-0.00019
-56.375	0.0	-0.00019
-56.25	0.0	-0.000191
-56.125	0.0	-0.000191
-56.0	0.0	-0.000192
-55.875	0.0	-0.000192
-55.75	0.0	-0.000193
-55.625	0.0	-0.000193
-55.5	0.0	-0.000194
-55.375	0.0	-0.000195
-55.25	0.0	-0.000195
-55.125	0.0	-0.000196
-55.0	0.0	-0.000196
-54.875	0.0	-0.000197
-54.75	0.0	-0.000197
-54.625	0.0	-0.000198
-54.5	0.0	-0.000198
-54.375	0.0	-0.000199
-54.25	0.0	-0.0002
-54.125	0.0	-0.0002
-54.0	0.0	-0.000201
-53.875	0.0	-0.000201
-53.75	0.0	-0.000202
-53.625	0.0	-0.000202
-53.5	0.0	-0.000203
-53.375	0.0	-0.000203
-53.25	0.0	-0.000204
-53.125	0.0	-0.000205
-53.0	0.0	-0.000205
-52.875	0.0	-0.000206
-52.75	0.0	-0.000206
-52.625	0.0	-0.000207
-52.5	0.0	-0.000207
-52.375	0.0	-0.000208
-52.25	0.0	-0.000209
-52.125	0.0	-0.000209
-52.0	0.0	-0.00021
-51.875	0.0	-0.00021
-51.75	0.0	-0.000211
-51.625	0.0	-0.000211
-51.5	0.0	-0.000212
-51.375	0.0	-0.000213
-51.25	0.0	-0.000213
-51.125	0.0	-0.000214
-51.0	0.0	-0.000214
-50.875	0.0	-0.000215
-50.75	0.0	-0.000216
-50.625	0.0	-0.000216
-50.5	0.0	-0.000217
-50.375	0.0	-0.000218
-50.25	0.0	-0.000219
-50.125	0.0	-0.000219
-50.0	0.0	-0.00022
-49.875	0.0	-0.000221
-49.75	0.0	-0.000222
-49.625	0.0	-0.000223
-49.5	0.0	-0.000223
-49.375	0.0	-0.000224
-49.25	0.0	-0.000225
-49.125	0.0	-0.000227
-49.0	0.0	-0.000228
-48.875	0.0	-0.000229
-48.75	0.0	-0.00023
-48.625	0.0	-0.000231
-48.5	0.0	-0.000233
-48.375	0.0	-0.000234
-48.25	0.0	-0.000235
-48.125	0.0	-0.000237
-48.0	0.0	-0.000238
-47.875	0.0	-0.00024
-47.75	0.0	-0.000242
-47.625	0.0	-0.000243
-47.5	0.0	-0.000245
-47.375	0.0	-0.000246
-47.25	0.0	-0.000248
-47.125	0.0	-0.000249
-47.0	0.0	-0.00025
-46.875	0.0	-0.000251
-46.75	0.0	-0.000252
-46.625	0.0	-0.000252
-46.5	0.0	-0.000252
-46.375	0.0	-0.000252
-46.25	0.0	-0.000251
-46.125	0.0	-0.00025
-46.0	0.0	-0.000248
-45.875	0.0	-0.000245
-45.75	0.0	-0.000241
-45.625	0.0	-0.000237
-45.5	0.0	-0.000231
-45.375	0.0	-0.000225
-45.25	0.0	-0.000217
-45.125	0.0	-0.000207
-45.0	0.0	-0.000197
-44.875	0.0	-0.000185
-44.75	0.0	-0.000171
-44.625	0.0	-0.000155
-44.5	0.0	-0.000138
-44.375	0.0	-0.000119
-44.25	0.0	-9.9e-5
-44.125	0.0	-7.6e-5
-44.0	0.0	-5.3e-5
-43.875	0.0	-2.7e-5
-43.75	0.0	0.0
-43.625	0.0	2.7e-5
-43.5	0.0	5.6e-5
-43.375	0.0	8.5e-5
-43.25	0.0	0.000114
-43.125	0.0	0.000143
-43.0	0.0	0.00017
-42.875	0.0	0.000196
-42.75	0.0	0.000219
-42.625	0.0	0.000239
-42.5	0.0	0.000254
-42.375	0.0	0.000264
-42.25	0.0	0.000267
-42.125	0.0	0.000262
-42.0	0.0	0.000247
-41.875	0.0	0.000222
-41.75	0.0	0.000184
-41.625	0.0	0.000131
-41.5	0.0	6.2e-5
-41.375	1.0e-6	-2.4e-5
-41.25	1.0e-6	-0.00013
-41.125	1.0e-6	-0.000258
-41.0	1.0e-6	-0.000409
-40.875	1.0e-6	-0.000585
-40.75	1.0e-6	-0.000787
-40.625	1.0e-6	-0.001018
-40.5	2.0e-6	-0.001278
-40.375	2.0e-6	-0.001568
-40.25	2.0e-6	-0.001889
-40.125	3.0e-6	-0.002242
-40.0	3.0e-6	-0.002626
-39.875	4.0e-6	-0.003041
-39.75	4.0e-6	-0.003486
-39.625	5.0e-6	-0.003959
-39.5	6.0e-6	-0.004458
-39.375	7.0e-6	-0.004979
-39.25	8.0e-6	-0.005518
-39.125	9.0e-6	-0.006071
-39.0	1.1e-5	-0.006632
-38.875	1.3e-5	-0.007193
-38.75	1.5e-5	-0.007747
-38.625	1.7e-5	-0.008285
-38.5	2.0e-5	-0.008797
-38.375	2.3e-5	-0.009271
-38.25	2.7e-5	-0.009695
-38.125	3.1e-5	-0.010055
-38.0	3.6e-5	-0.010337
-37.875	4.1e-5	-0.010525
-37.75	4.8e-5	-0.010603
-37.625	5.5e-5	-0.010552
-37.5	6.3e-5	-0.010356
-37.375	7.3e-5	-0.009994
-37.25	8.3e-5	-0.009449
-37.125	9.6e-5	-0.008701
-37.0	0.00011	-0.007732
-36.875	0.000126	-0.006522
-36.75	0.000144	-0.005054
-36.625	0.000165	-0.003311
-36.5	0.000189	-0.001278
-36.375	0.000215	0.001059
-36.25	0.000246	0.00371
-36.125	0.00028	0.006684
-36.0	0.000319	0.009987
-35.875	0.000363	0.01362
-35.75	0.000413	0.01758
-35.625	0.000469	0.02186
-35.5	0.000533	0.026448
-35.375	0.000604	0.031327
-35.25	0.000684	0.036472
-35.125	0.000775	0.041853
-35.0	0.000876	0.047435
-34.875	0.00099	0.053172
-34.75	0.001118	0.059015
-34.625	0.001261	0.064904
-34.5	0.001421	0.070774
-34.375	0.0016	0.076551
-34.25	0.0018	0.082154
-34.125	0.002023	0.087495
-34.0	0.002272	0.092479
-33.875	0.002549	0.097005
-33.75	0.002857	0.100965
-33.625	0.003199	0.104247
-33.5	0.00358	0.106735
-33.375	0.004002	0.108309
-33.25	0.00447	0.108848
-33.125	0.004988	0.108228
-33.0	0.005561	0.10633
-32.875	0.006194	0.103032
-32.75	0.006894	0.098222
-32.625	0.007665	0.091789
-32.5	0.008515	0.083634
-32.375	0.009451	0.073664
-32.25	0.010481	0.061801
-32.125	0.011612	0.04798
-32.0	0.012854	0.032154
-31.875	0.014216	0.014292
-31.75	0.015708	-0.005615
-31.625	0.017342	-0.027553
-31.5	0.019128	-0.051484
-31.375	0.021079	-0.077342
-31.25	0.023208	-0.105035
-31.125	0.02553	-0.134441
-31.0	0.028058	-0.165406
-30.875	0.03081	-0.197745
-30.75	0.033801	-0.231241
-30.625	0.037049	-0.265646
-30.5	0.040574	-0.300677
-30.375	0.044393	-0.336022
-30.25	0.048529	-0.371336
-30.125	0.053003	-0.406247
-30.0	0.057837	-0.440356
-29.875	0.063055	-0.473236
-29.75	0.068683	-0.504443
-29.625	0.074747	-0.533511
-29.5	0.081272	-0.559962
-29.375	0.088289	-0.583307
-29.25	0.095825	-0.603052
-29.125	0.103912	-0.618704
-29.0	0.11258	-0.629775
-28.875	0.121863	-0.63579
-28.75	0.131792	-0.636291
-28.625	0.142403	-0.630846
-28.5	0.153731	-0.619053
-28.375	0.165811	-0.600551
-28.25	0.178681	-0.575022
-28.125	0.192377	-0.542199
-28.0	0.206938	-0.501874
-27.875	0.222401	-0.453905
-27.75	0.238806	-0.398219
-27.625	0.256192	-0.334817
-27.5	0.274598	-0.263785
-27.375	0.294062	-0.18529
-27.25	0.314625	-0.099589
-27.125	0.336324	-0.007031
-27.0	0.359198	0.091945
-26.875	0.383284	0.196804
-26.75	0.408619	0.306918
-26.625	0.43524	0.421568
-26.5	0.46318	0.539946
-26.375	0.492472	0.661159
-26.25	0.523148	0.78423
-26.125	0.555238	0.908112
-26.0	0.588769	1.031689
-25.875	0.623766	1.153786
-25.75	0.660252	1.273179
-25.625	0.698247	1.388608
-25.5	0.737768	1.498785
-25.375	0.778828	1.602407
-25.25	0.821437	1.698171
-25.125	0.865603	1.78479
-25.0	0.911327	1.860999
-24.875	0.958607	1.925582
-24.75	1.007438	1.977375
-24.625	1.057809	2.015291
-24.5	1.109705	2.038328
-24.375	1.163105	2.045585
-24.25	1.217984	2.036278
-24.125	1.274311	2.009753
-24.0	1.33205	1.965496
-23.875	1.391159	1.903144
-23.75	1.451591	1.822499
-23.625	1.513293	1.723531
-23.5	1.576206	1.606388
-23.375	1.640265	1.471402
-23.25	1.705401	1.319087
-23.125	1.771536	1.150148
-23.0	1.838589	0.965471
-22.875	1.906473	0.766128
-22.75	1.975094	0.553369
-22.625	2.044354	0.328612
-22.5	2.11415	0.093436
-22.375	2.184372	-0.150427
-22.25	2.254907	-0.401114
-22.125	2.325636	-0.656639
-22.0	2.396438	-0.914912
-21.875	2.467186	-1.17376
-21.75	2.537749	-1.430944
-21.625	2.607995	-1.684184
-21.5	2.677787	-1.931179
-21.375	2.746987	-2.169631
-21.25	2.815453	-2.397266
-21.125	2.883043	-2.611863
-21.0	2.949615	-2.811276
-20.875	3.015023	-2.993454
-20.75	3.079124	-3.156469
-20.625	3.141774	-3.298536
-20.5	3.20283	-3.418033
-20.375	3.262151	-3.513521
-20.25	3.319597	-3.583763
-20.125	3.375033	-3.627738
-20.0	3.428324	-3.644658
-19.875	3.47934	-3.633975
-19.75	3.527955	-3.595392
-19.625	3.574049	-3.528871
-19.5	3.617505	-3.434632
-19.375	3.658213	-3.31316
-19.25	3.696069	-3.165196
-19.125	3.730975	-2.991738
-19.0	3.762841	-2.794031
-18.875	3.791583	-2.573552
-18.75	3.817126	-2.332006
-18.625	3.839402	-2.071301
-18.5	3.858353	-1.793537
-18.375	3.873927	-1.50098
-18.25	3.886084	-1.196045
-18.125	3.894791	-0.881269
-18.0	3.900025	-0.559286
-17.875	3.901771	-0.232801
-17.75	3.900025	0.095437
-17.625	3.894791	0.422662
-17.5	3.886084	0.74612
-17.375	3.873927	1.063096
-17.25	3.858352	1.370943
-17.125	3.839401	1.667105
-17.0	3.817125	1.949147
-16.875	3.791582	2.214773
-16.75	3.76284	2.461854
-16.625	3.730974	2.688447
-16.5	3.696068	2.89281
-16.375	3.658212	3.073422
-16.25	3.617504	3.228995
-16.125	3.574047	3.358484
-16.0	3.527954	3.461097
-15.875	3.479338	3.536298
-15.75	3.428322	3.583812
-15.625	3.375031	3.603623
-15.5	3.319596	3.59597
-15.375	3.262149	3.561344
-15.25	3.202828	3.500477
-15.125	3.141772	3.414333
-15.0	3.079122	3.30409
-14.875	3.015021	3.171133
-14.75	2.949612	3.017028
-14.625	2.883041	2.843507
-14.5	2.815451	2.652449
-14.375	2.746984	2.445853
-14.25	2.677785	2.225822
-14.125	2.607993	1.994535
-14.0	2.537747	1.754223
-13.875	2.467184	1.507149
-13.75	2.396436	1.255584
-13.625	2.325634	1.001779
-13.5	2.254904	0.74795
-13.375	2.18437	0.49625
-13.25	2.114148	0.248755
-13.125	2.044352	0.007439
-13.0	1.975092	-0.225836
-12.875	1.906471	-0.449342
-12.75	1.838587	-0.661496
-12.625	1.771534	-0.86087
-12.5	1.705398	-1.046201
-12.375	1.640263	-1.216401
-12.25	1.576204	-1.370561
-12.125	1.513291	-1.507953
-12.0	1.451589	-1.628031
-11.875	1.391157	-1.730432
-11.75	1.332048	-1.814974
-11.625	1.27431	-1.881646
-11.5	1.217983	-1.930608
-11.375	1.163104	-1.96218
-11.25	1.109704	-1.976831
-11.125	1.057808	-1.975171
-11.0	1.007437	-1.957937
-10.875	0.958606	-1.925984
-10.75	0.911325	-1.880266
-10.625	0.865601	-1.821826
-10.5	0.821436	-1.751781
-10.375	0.778827	-1.671304
-10.25	0.737767	-1.581614
-10.125	0.698246	-1.483961
-10.0	0.660251	-1.379607
-9.875	0.623765	-1.269817
-9.75	0.588768	-1.155847
-9.625	0.555237	-1.038925
-9.5	0.523147	-0.920248
-9.375	0.492471	-0.800964
-9.25	0.463179	-0.682169
-9.125	0.435239	-0.564891
-9.0	0.408619	-0.450092
-8.875	0.383283	-0.338653
-8.75	0.359197	-0.231375
-8.625	0.336323	-0.128973
-8.5	0.314624	-0.032072
-8.375	0.294061	0.05879
-8.25	0.274597	0.143169
-8.125	0.256191	0.220709
-8.0	0.238806	0.291142
-7.875	0.222401	0.354287
-7.75	0.206937	0.410046
-7.625	0.192376	0.458396
-7.5	0.17868	0.499394
-7.375	0.165811	0.53316
-7.25	0.153731	0.559882
-7.125	0.142403	0.579801
-7.0	0.131792	0.593212
-6.875	0.121862	0.600454
-6.75	0.11258	0.601902
-6.625	0.103912	0.597966
-6.5	0.095825	0.589077
-6.375	0.088289	0.575688
-6.25	0.081272	0.558262
-6.125	0.074746	0.537272
-6.0	0.068683	0.513189
-5.875	0.063055	0.486481
-5.75	0.057837	0.457608
-5.625	0.053002	0.427019
-5.5	0.048529	0.395141
-5.375	0.044393	0.362386
-5.25	0.040573	0.329141
-5.125	0.037049	0.295766
-5.0	0.033801	0.262595
-4.875	0.03081	0.229935
-4.75	0.028058	0.198059
-4.625	0.02553	0.167212
-4.5	0.023208	0.137608
-4.375	0.021079	0.109428
-4.25	0.019128	0.082827
-4.125	0.017341	0.057926
-4.0	0.015708	0.034821
-3.875	0.014216	0.01358
-3.75	0.012854	-0.005755
-3.625	0.011612	-0.023167
-3.5	0.010481	-0.038657
-3.375	0.009451	-0.05225
-3.25	0.008515	-0.063987
-3.125	0.007665	-0.073925
-3.0	0.006893	-0.082136
-2.875	0.006194	-0.088703
-2.75	0.005561	-0.093718
-2.625	0.004988	-0.097284
-2.5	0.00447	-0.099506
-2.375	0.004002	-0.100497
-2.25	0.00358	-0.100369
-2.125	0.003199	-0.099238
-2.0	0.002857	-0.097218
-1.875	0.002549	-0.094423
-1.75	0.002272	-0.090961
-1.625	0.002023	-0.086941
-1.5	0.0018	-0.082463
-1.375	0.0016	-0.077624
-1.25	0.001421	-0.072514
-1.125	0.001261	-0.067219
-1.0	0.001118	-0.061814
-0.875	0.00099	-0.056371
-0.75	0.000876	-0.050953
-0.625	0.000775	-0.045617
-0.5	0.000684	-0.040412
-0.375	0.000604	-0.03538
-0.25	0.000533	-0.030558
-0.125	0.000469	-0.025974
0.0	0.000413	-0.021654
0.125	0.000363	-0.017613
0.25	0.000319	-0.013867
0.375	0.00028	-0.010421
0.5	0.000246	-0.007279
0.625	0.000215	-0.004442
0.75	0.000189	-0.001904
0.875	0.000165	0.000341
1.0	0.000144	0.002302
1.125	0.000126	0.003992
1.25	0.00011	0.005425
1.375	9.6e-5	0.006615
1.5	8.3e-5	0.007579
1.625	7.3e-5	0.008334
1.75	6.3e-5	0.008897
1.875	5.5e-5	0.009285
2.0	4.8e-5	0.009517
2.125	4.1e-5	0.00961
2.25	3.6e-5	0.009581
2.375	3.1e-5	0.009445
2.5	2.7e-5	0.009218
2.625	2.3e-5	0.008916
2.75	2.0e-5	0.008551
2.875	1.7e-5	0.008136
3.0	1.5e-5	0.007684
3.125	1.3e-5	0.007204
3.25	1.1e-5	0.006707
3.375	9.0e-6	0.0062
3.5	8.0e-6	0.005693
3.625	7.0e-6	0.00519
3.75	6.0e-6	0.004697
3.875	5.0e-6	0.004221
4.0	4.0e-6	0.003763
4.125	4.0e-6	0.003328
4.25	3.0e-6	0.002918
4.375	3.0e-6	0.002534
4.5	2.0e-6	0.002178
4.625	2.0e-6	0.00185
4.75	2.0e-6	0.00155
4.875	1.0e-6	0.001279
5.0	1.0e-6	0.001036
5.125	1.0e-6	0.00082
5.25	1.0e-6	0.000629
5.375	1.0e-6	0.000462
5.5	1.0e-6	0.000319
5.625	1.0e-6	0.000197
5.75	0.0	9.5e-5
5.875	0.0	1.1e-5
6.0	0.0	-5.6e-5
6.125	0.0	-0.000108
6.25	0.0	-0.000147
6.375	0.0	-0.000174
6.5	0.0	-0.00019
6.625	0.0	-0.000198
6.75	0.0	-0.000198
6.875	0.0	-0.000191
7.0	0.0	-0.00018
7.125	0.0	-0.000163
7.25	0.0	-0.000144
7.375	0.0	-0.000122
7.5	0.0	-9.8e-5
7.625	0.0	-7.3e-5
7.75	0.0	-4.8e-5
7.875	0.0	-2.2e-5
8.0	0.0	3.0e-6
8.125	0.0	2.8e-5
8.25	0.0	5.2e-5
8.375	0.0	7.5e-5
8.5	0.0	9.6e-5
8.625	0.0	0.000116
8.75	0.0	0.000135
8.875	0.0	0.000152
9.0	0.0	0.000168
9.125	0.0	0.000182
9.25	0.0	0.000194
9.375	0.0	0.000205
9.5	0.0	0.000215
9.625	0.0	0.000224
9.75	0.0	0.000231
9.875	0.0	0.000237
10.0	0.0	0.000242
10.125	0.0	0.000246
10.25	0.0	0.00025
10.375	0.0	0.000252
10.5	0.0	0.000254
10.625	0.0	0.000256
10.75	0.0	0.000256
10.875	0.0	0.000257
11.0	0.0	0.000257
11.125	0.0	0.000256
11.25	0.0	0.000256
11.375	0.0	0.000255
11.5	0.0	0.000254
11.625	0.0	0.000253
11.75	0.0	0.000251
11.875	0.0	0.00025
12.0	0.0	0.000248
12.125	0.0	0.000247
12.25	0.0	0.000246
12.375	0.0	0.000244
12.5	0.0	0.000243
12.625	0.0	0.000241
12.75	0.0	0.00024
12.875	0.0	0.000239
13.0	0.0	0.000238
13.125	0.0	0.000236
13.25	0.0	0.000235
13.375	0.0	0.000234
13.5	0.0	0.000233
13.625	0.0	0.000232
13.75	0.0	0.000231
13.875	0.0	0.00023
14.0	0.0	0.000229
14.125	0.0	0.000228
14.25	0.0	0.000228
14.375	0.0	0.000227
14.5	0.0	0.000226
14.625	0.0	0.000225
14.75	0.0	0.000225
14.875	0.0	0.000224
15.0	0.0	0.000223
15.125	0.0	0.000223
15.25	0.0	0.000222
15.375	0.0	0.000221
15.5	0.0	0.000221
15.625	0.0	0.00022
15.75	0.0	0.000219
15.875	0.0	0.000219
16.0	0.0	0.000218
16.125	0.0	0.000218
16.25	0.0	0.000217
16.375	0.0	0.000216
16.5	0.0	0.000216
16.625	0.0	0.000215
16.75	0.0	0.000215
16.875	0.0	0.000214
17.0	0.0	0.000214
17.125	0.0	0.000213
17.25	0.0	0.000212
17.375	0.0	0.000212
17.5	0.0	0.000211
17.625	0.0	0.000211
17.75	0.0	0.00021
17.875	0.0	0.00021
18.0	0.0	0.000209
18.125	0.0	0.000209
18.25	0.0	0.000208
18.375	0.0	0.000207
18.5	0.0	0.000207
18.625	0.0	0.000206
18.75	0.0	0.000206
18.875	0.0	0.000205
19.0	0.0	0.000205
19.125	0.0	0.000204
19.25	0.0	0.000204
19.375	0.0	0.000203
19.5	0.0	0.000202
19.625	0.0	0.000202
19.75	0.0	0.000201
19.875	0.0	0.000201
20.0	0.0	0.0002
20.125	0.0	0.0002
20.25	0.0	0.000199
20.375	0.0	0.000199
20.5	0.0	0.000198
20.625	0.0	0.000198
20.75	0.0	0.000197
20.875	0.0	0.000197
21.0	0.0	0.000196
21.125	0.0	0.000195
21.25	0.0	0.000195
21.375	0.0	0.000194
21.5	0.0	0.000194
21.625	0.0	0.000193
21.75	0.0	0.000193
21.875	0.0	0.000192
22.0	0.0	0.000192
22.125	0.0	0.000191
22.25	0.0	0.000191
22.375	0.0	0.00019
22.5	0.0	0.00019
22.625	0.0	0.000189
22.75	0.0	0.000189
22.875	0.0	0.000188
23.0	0.0	0.000188
23.125	0.0	0.000187
23.25	0.0	0.000187
23.375	0.0	0.000186
23.5	0.0	0.000186
23.625	0.0	0.000185
23.75	0.0	0.000185
23.875	0.0	0.000184
24.0	0.0	0.000184
24.125	0.0	0.000183
24.25	0.0	0.000183
24.375	0.0	0.000182
24.5	0.0	0.000182
24.625	0.0	0.000181
24.75	0.0	0.000181
24.875	0.0	0.00018
25.0	0.0	0.00018
25.125	0.0	0.000179
25.25	0.0	0.000179
25.375	0.0	0.000179
25.5	0.0	0.000178
25.625	0.0	0.000178
25.75	0.0	0.000177
25.875	0.0	0.000177
26.0	0.0	0.000176
26.125	0.0	0.000176
26.25	0.0	0.000175
26.375	0.0	0.000175
26.5	0.0	0.000174
26.625	0.0	0.000174
26.75	0.0	0.000173
26.875	0.0	0.000173
27.0	0.0	0.000172
27.125	0.0	0.000172
27.25	0.0	0.000172
27.375	0.0	0.000171
27.5	0.0	0.000171
27.625	0.0	0.00017
27.75	0.0	0.00017
27.875	0.0	0.000169
28.0	0.0	0.000169
28.125	0.0	0.000168
28.25	0.0	0.000168
28.375	0.0	0.000167
28.5	0.0	0.000167
28.625	0.0	0.000167
28.75	0.0	0.000166
28.875	0.0	0.000166
29.0	0.0	0.000165
29.125	0.0	0.000165
29.25	0.0	0.000164
29.375	0.0	0.000164
29.5	0.0	0.000164
29.625	0.0	0.000163
29.75	0.0	0.000163
29.875	0.0	0.000162
30.0	0.0	0.000162
30.125	0.0	0.000161
30.25	0.0	0.000161
30.375	0.0	0.000161
30.5	0.0	0.00016
30.625	0.0	0.00016
30.75	0.0	0.000159
30.875	0.0	0.000159
31.0	0.0	0.000158
31.125	0.0	0.000158
31.25	0.0	0.000158
31.375	0.0	0.000157
31.5	0.0	0.000157
31.625	0.0	0.000156
31.75	0.0	0.000156
31.875	0.0	0.000156
32.0	0.0	0.000155
32.125	0.0	0.000155
32.25	0.0	0.000154
32.375	0.0	0.000154
32.5	0.0	0.000153
32.625	0.0	0.000153
32.75	0.0	0.000153
32.875	0.0	0.000152
33.0	0.0	0.000152
33.125	0.0	0.000151
33.25	0.0	0.000151
33.375	0.0	0.000151
33.5	0.0	0.00015
33.625	0.0	0.00015
33.75	0.0	0.000149
33.875	0.0	0.000149
34.0	0.0	0.000149
34.125	0.0	0.000148
34.25	0.0	0.000148
34.375	0.0	0.000148
34.5	0.0	0.000147
34.625	0.0	0.000147
34.75	0.0	0.000146
34.875	0.0	0.000146
35.0	0.0	0.000146
35.125	0.0	0.000145
35.25	0.0	0.000145
35.375	0.0	0.000144
35.5	0.0	0.000144
35.625	0.0	0.000144
35.75	0.0	0.000143
35.875	0.0	0.000143
36.0	0.0	0.000143
36.125	0.0	0.000142
36.25	0.0	0.000142
36.375	0.0	0.000141
36.5	0.0	0.000141
36.625	0.0	0.000141
36.75	0.0	0.00014
36.875	0.0	0.00014
37.0	0.0	0.00014
37.125	0.0	0.000139
37.25	0.0	0.000139
37.375	0.0	0.000138
37.5	0.0	0.000138
37.625	0.0	0.000138
37.75	0.0	0.000137
37.875	0.0	0.000137
38.0	0.0	0.000137
38.125	0.0	0.000136
38.25	0.0	0.000136
38.375	0.0	0.000136
38.5	0.0	0.000135
38.625	0.0	0.000135
38.75	0.0	0.000134
38.875	0.0	0.000134
39.0	0.0	0.000134
39.125	0.0	0.000133
39.25	0.0	0.000133
39.375	0.0	0.000133
39.5	0.0	0.000132
39.625	0.0	0.000132
39.75	0.0	0.000132
39.875	0.0	0.000131
40.0	0.0	0.000131
40.125	0.0	0.000131
40.25	0.0	0.00013
40.375	0.0	0.00013
40.5	0.0	0.00013
40.625	0.0	0.000129
40.75	0.0	0.000129
40.875	0.0	0.000129
41.0	0.0	0.000128
41.125	0.0	0.000128
41.25	0.0	0.000128
41.375	0.0	0.000127
41.5	0.0	0.000127
41.625	0.0	0.000126
41.75	0.0	0.000126
41.875	0.0	0.000126
42.0	0.0	0.000125
42.125	0.0	0.000125
42.25	0.0	0.000125
42.375	0.0	0.000124
42.5	0.0	0.000124
42.625	0.0	0.000124
42.75	0.0	0.000123
42.875	0.0	0.000123
43.0	0.0	0.000123
43.125	0.0	0.000123
43.25	0.0	0.000122
43.375	0.0	0.000122
43.5	0.0	0.000122
43.625	0.0	0.000121
43.75	0.0	0.000121
43.875	0.0	0.000121
44.0	0.0	0.00012
44.125	0.0	0.00012
44.25	0.0	0.00012
44.375	0.0	0.000119
44.5	0.0	0.000119
44.625	0.0	0.000119
44.75	0.0	0.000118
44.875	0.0	0.000118
45.0	0.0	0.000118
45.125	0.0	0.000117
45.25	0.0	0.000117
45.375	0.0	0.000117
45.5	0.0	0.000116
45.625	0.0	0.000116
45.75	0.0	0.000116
45.875	0.0	0.000115
46.0	0.0	0.000115
46.125	0.0	0.000115
46.25	0.0	0.000115
46.375	0.0	0.000114
46.5	0.0	0.000114
46.625	0.0	0.000114
46.75	0.0	0.000113
46.875	0.0	0.000113
47.0	0.0	0.000113
47.125	0.0	0.000112
47.25	0.0	0.000112
47.375	0.0	0.000112
47.5	0.0	0.000111
47.625	0.0	0.000111
47.75	0.0	0.000111
47.875	0.0	0.000111
48.0	0.0	0.00011
48.125	0.0	0.00011
48.25	0.0	0.00011
48.375	0.0	0.000109
48.5	0.0	0.000109
48.625	0.0	0.000109
48.75	0.0	0.000108
48.875	0.0	0.000108
49.0	0.0	0.000108
49.125	0.0	0.000108
49.25	0.0	0.000107
49.375	0.0	0.000107
49.5	0.0	0.000107
49.625	0.0	0.000106
49.75	0.0	0.000106
49.875	0.0	0.000106
50.0	0.0	0.000106
50.125	0.0	0.000105
50.25	0.0	0.000105
50.375	0.0	0.000105
50.5	0.0	0.000104
50.625	0.0	0.000104
50.75	0.0	0.000104
50.875	0.0	0.000104
51.0	0.0	0.000103
51.125	0.0	0.000103
51.25	0.0	0.000103
51.375	0.0	0.000102
51.5	0.0	0.000102
51.625	0.0	0.000102
51.75	0.0	0.000102
51.875	0.0	0.000101
52.0	0.0	0.000101
52.125	0.0	0.000101
52.25	0.0	0.0001
52.375	0.0	0.0001
52.5	0.0	0.0001
52.625	0.0	0.0001
52.75	0.0	9.9e-5
52.875	0.0	9.9e-5
53.0	0.0	9.9e-5
53.125	0.0	9.8e-5
53.25	0.0	9.8e-5
53.375	0.0	9.8e-5
53.5	0.0	9.8e-5
53.625	0.0	9.7e-5
53.75	0.0	9.7e-5
53.875	0.0	9.7e-5
54.0	0.0	9.7e-5
54.125	0.0	9.6e-5
54.25	0.0	9.6e-5
54.375	0.0	9.6e-5
54.5	0.0	9.5e-5
54.625	0.0	9.5e-5
54.75	0.0	9.5e-5
54.875	0.0	9.5e-5
55.0	0.0	9.4e-5
55.125	0.0	9.4e-5
55.25	0.0	9.4e-5
55.375	0.0	9.4e-5
55.5	0.0	9.3e-5
55.625	0.0	9.3e-5
55.75	0.0	9.3e-5
55.875	0.0	9.3e-5
56.0	0.0	9.2e-5
56.125	0.0	9.2e-5
56.25	0.0	9.2e-5
56.375	0.0	9.1e-5
56.5	0.0	9.1e-5
56.625	0.0	9.1e-5
56.75	0.0	9.1e-5
56.875	0.0	9.0e-5
57.0	0.0	9.0e-5
57.125	0.0	9.0e-5
57.25	0.0	9.0e-5
57.375	0.0	8.9e-5
57.5	0.0	8.9e-5
57.625	0.0	8.9e-5
57.75	0.0	8.9e-5
57.875	0.0	8.8e-5
58.0	0.0	8.8e-5
58.125	0.0	8.8e-5
58.25	0.0	8.8e-5
58.375	0.0	8.7e-5
58.5	0.0	8.7e-5
58.625	0.0	8.7e-5
58.75	0.0	8.7e-5
58.875	0.0	8.6e-5
59.0	0.0	8.6e-5
59.125	0.0	8.6e-5
59.25	0.0	8.6e-5
59.375	0.0	8.5e-5
59.5	0.0	8.5e-5
59.625	0.0	8.5e-5
59.75	0.0	8.5e-5
59.875	0.0	8.4e-5
60.0	0.0	8.4e-5
60.125	0.0	8.4e-5
60.25	0.0	8.4e-5
60.375	0.0	8.3e-5
60.5	0.0	8.3e-5
60.625	0.0	8.3e-5
60.75	0.0	8.3e-5
60.875	0.0	8.2e-5
61.0	0.0	8.2e-5
61.125	0.0	8.2e-5
61.25	0.0	8.2e-5
61.375	0.0	8.1e-5
61.5	0.0	8.1e-5
61.625	0.0	8.1e-5
61.75	0.0	8.1e-5
61.875	0.0	8.0e-5
62.0	0.0	8.0e-5
62.125	0.0	8.0e-5
62.25	0.0	8.0e-5
62.375	0.0	7.9e-5
62.5	0.0	7.9e-5
62.625	0.0	7.9e-5
62.75	0.0	7.9e-5
62.875	0.0	7.8e-5
63.0	0.0	7.8e-5
63.125	0.0	7.8e-5
63.25	0.0	7.8e-5
63.375	0.0	7.7e-5
63.5	0.0	7.7e-5
63.625	0.0	7.7e-5
63.75	0.0	7.7e-5
63.875	0.0	7.6e-5
64.0	0.0	7.6e-5
64.125	0.0	7.6e-5
64.25	0.0	7.6e-5
64.375	0.0	7.6e-5
64.5	0.0	7.5e-5
64.625	0.0	7.5e-5
64.75	0.0	7.5e-5
64.875	0.0	7.5e-5
65.0	0.0	7.4e-5
65.125	0.0	7.4e-5
65.25	0.0	7.4e-5
65.375	0.0	7.4e-5
65.5	0.0	7.3e-5
65.625	0.0	7.3e-5
65.75	0.0	7.3e-5
65.875	0.0	7.3e-5
66.0	0.0	7.3e-5
66.125	0.0	7.2e-5
66.25	0.0	7.2e-5
66.375	0.0	7.2e-5
66.5	0.0	7.2e-5
66.625	0.0	7.1e-5
66.75	0.0	7.1e-5
66.875	0.0	7.1e-5
67.0	0.0	7.1e-5
67.125	0.0	7.0e-5
67.25	0.0	7.0e-5
67.375	0.0	7.0e-5
67.5	0.0	7.0e-5
67.625	0.0	7.0e-5
67.75	0.0	6.9e-5
67.875	0.0	6.9e-5
68.0	0.0	6.9e-5
68.125	0.0	6.9e-5
68.25	0.0	6.8e-5
68.375	0.0	6.8e-5
68.5	0.0	6.8e-5
68.625	0.0	6.8e-5
68.75	0.0	6.8e-5
68.875	0.0	6.7e-5
69.0	0.0	6.7e-5
69.125	0.0	6.7e-5
69.25	0.0	6.7e-5
69.375	0.0	6.6e-5
69.5	0.0	6.6e-5
69.625	0.0	6.6e-5
69.75	0.0	6.6e-5
69.875	0.0	6.5e-5
70.0	0.0	6.5e-5
70.125	0.0	6.5e-5
70.25	0.0	6.5e-5
70.375	0.0	6.5e-5
70.5	0.0	6.4e-5
70.625	0.0	6.4e-5
70.75	0.0	6.4e-5
70.875	0.0	6.4e-5
71.0	0.0	6.4e-5
71.125	0.0	6.3e-5
71.25	0.0	6.3e-5
71.375	0.0	6.3e-5
71.5	0.0	6.3e-5
71.625	0.0	6.2e-5
71.75	0.0	6.2e-5
71.875	0.0	6.2e-5
72.0	0.0	6.2e-5
72.125	0.0	6.2e-5
72.25	0.0	6.1e-5
72.375	0.0	6.1e-5
72.5	0.0	6.1e-5
72.625	0.0	6.1e-5
72.75	0.0	6.0e-5
72.875	0.0	6.0e-5
73.0	0.0	6.0e-5
73.125	0.0	6.0e-5
73.25	0.0	6.0e-5
73.375	0.0	5.9e-5
73.5	0.0	5.9e-5
73.625	0.0	5.9e-5
73.75	0.0	5.9e-5
73.875	0.0	5.9e-5
74.0	0.0	5.8e-5
74.125	0.0	5.8e-5
74.25	0.0	5.8e-5
74.375	0.0	5.8e-5
74.5	0.0	5.7e-5
74.625	0.0	5.7e-5
74.75	0.0	5.7e-5
74.875	0.0	5.7e-5
75.0	0.0	5.7e-5
75.125	0.0	5.6e-5
75.25	0.0	5.6e-5
75.375	0.0	5.6e-5
75.5	0.0	5.6e-5
75.625	0.0	5.6e-5
75.75	0.0	5.5e-5
75.875	0.0	5.5e-5
76.0	0.0	5.5e-5
76.125	0.0	5.5e-5
76.25	0.0	5.5e-5
76.375	0.0	5.4e-5
76.5	0.0	5.4e-5
76.625	0.0	5.4e-5
76.75	0.0	5.4e-5
76.875	0.0	5.4e-5
77.0	0.0	5.3e-5
77.125	0.0	5.3e-5
77.25	0.0	5.3e-5
77.375	0.0	5.3e-5
77.5	0.0	5.2e-5
77.625	0.0	5.2e-5
77.75	0.0	5.2e-5
77.875	0.0	5.2e-5
78.0	0.0	5.2e-5
78.125	0.0	5.1e-5
78.25	0.0	5.1e-5
78.375	0.0	5.1e-5
78.5	0.0	5.1e-5
78.625	0.0	5.1e-5
78.75	0.0	5.0e-5
78.875	0.0	5.0e-5
79.0	0.0	5.0e-5
79.125	0.0	5.0e-5
79.25	0.0	5.0e-5
79.375	0.0	4.9e-5
79.5	0.0	4.9e-5
79.625	0.0	4.9e-5
79.75	0.0	4.9e-5
79.875	0.0	4.9e-5
80.0	0.0	4.8e-5
80.125	0.0	4.8e-5
80.25	0.0	4.8e-5
80.375	0.0	4.8e-5
80.5	0.0	4.8e-5
80.625	0.0	4.7e-5
80.75	0.0	4.7e-5
80.875	0.0	4.7e-5
81.0	0.0	4.7e-5
81.125	0.0	4.7e-5
81.25	0.0	4.6e-5
81.375	0.0	4.6e-5
81.5	0.0	4.6e-5
81.625	0.0	4.6e-5
81.75	0.0	4.6e-5
81.875	0.0	4.5e-5
82.0	0.0	4.5e-5
82.125	0.0	4.5e-5
82.25	0.0	4.5e-5
82.375	0.0	4.5e-5
82.5	0.0	4.4e-5
82.625	0.0	4.4e-5
82.75	0.0	4.4e-5
82.875	0.0	4.4e-5
83.0	0.0	4.4e-5
83.125	0.0	4.3e-5
83.25	0.0	4.3e-5
83.375	0.0	4.3e-5
83.5	0.0	4.3e-5
83.625	0.0	4.3e-5
83.75	0.0	4.2e-5
83.875	0.0	4.2e-5
84.0	0.0	4.2e-5
84.125	0.0	4.2e-5
84.25	0.0	4.2e-5
84.375	0.0	4.1e-5
84.5	0.0	4.1e-5
84.625	0.0	4.1e-5
84.75	0.0	4.1e-5
84.875	0.0	4.1e-5
85.0	0.0	4.1e-5
85.125	0.0	4.0e-5
85.25	0.0	4.0e-5
85.375	0.0	4.0e-5
85.5	0.0	4.0e-5
85.625	0.0	4.0e-5
85.75	0.0	3.9e-5
85.875	0.0	3.9e-5
86.0	0.0	3.9e-5
86.125	0.0	3.9e-5
86.25	0.0	3.9e-5
86.375	0.0	3.8e-5
86.5	0.0	3.8e-5
86.625	0.0	3.8e-5
86.75	0.0	3.8e-5
86.875	0.0	3.8e-5
87.0	0.0	3.7e-5
87.125	0.0	3.7e-5
87.25	0.0	3.7e-5
87.375	0.0	3.7e-5
87.5	0.0	3.7e-5
87.625	0.0	3.6e-5
87.75	0.0	3.6e-5
87.875	0.0	3.6e-5
88.0	0.0	3.6e-5
88.125	0.0	3.6e-5
88.25	0.0	3.6e-5
88.375	0.0	3.5e-5
88.5	0.0	3.5e-5
88.625	0.0	3.5e-5
88.75	0.0	3.5e-5
88.875	0.0	3.5e-5
89.0	0.0	3.4e-5
89.125	0.0	3.4e-5
89.25	0.0	3.4e-5
89.375	0.0	3.4e-5
89.5	0.0	3.4e-5
89.625	0.0	3.3e-5
89.75	0.0	3.3e-5
89.875	0.0	3.3e-5
90.0	0.0	3.3e-5
90.125	0.0	3.3e-5
90.25	0.0	3.2e-5
90.375	0.0	3.2e-5
90.5	0.0	3.2e-5
90.625	0.0	3.2e-5
90.75	0.0	3.2e-5
90.875	0.0	3.2e-5
91.0	0.0	3.1e-5
91.125	0.0	3.1e-5
91.25	0.0	3.1e-5
91.375	0.0	3.1e-5
91.5	0.0	3.1e-5
91.625	0.0	3.0e-5
91.75	0.0	3.0e-5
91.875	0.0	3.0e-5
92.0	0.0	3.0e-5
92.125	0.0	3.0e-5
92.25	0.0	2.9e-5
92.375	0.0	2.9e-5
92.5	0.0	2.9e-5
92.625	0.0	2.9e-5
92.75	0.0	2.9e-5
92.875	0.0	2.9e-5
93.0	0.0	2.8e-5
93.125	0.0	2.8e-5
93.25	0.0	2.8e-5
93.375	0.0	2.8e-5
93.5	0.0	2.8e-5
93.625	0.0	2.7e-5
93.75	0.0	2.7e-5
93.875	0.0	2.7e-5
94.0	0.0	2.7e-5
94.125	0.0	2.7e-5
94.25	0.0	2.6e-5
94.375	0.0	2.6e-5
94.5	0.0	2.6e-5
94.625	0.0	2.6e-5
94.75	0.0	2.6e-5
94.875	0.0	2.6e-5
95.0	0.0	2.5e-5
95.125	0.0	2.5e-5
95.25	0.0	2.5e-5
95.375	0.0	2.5e-5
95.5	0.0	2.5e-5
95.625	0.0	2.4e-5
95.75	0.0	2.4e-5
95.875	0.0	2.4e-5
96.0	0.0	2.4e-5
96.125	0.0	2.4e-5
96.25	0.0	2.4e-5
96.375	0.0	2.3e-5
96.5	0.0	2.3e-5
96.625	0.0	2.3e-5
96.75	0.0	2.3e-5
96.875	0.0	2.3e-5
97.0	0.0	2.2e-5
97.125	0.0	2.2e-5
97.25	0.0	2.2e-5
97.375	0.0	2.2e-5
