-158.5	0.0	1.0e-6
-158.375	0.0	1.0e-6
-158.25	0.0	1.0e-6
-158.125	0.0	1.0e-6
-158.0	0.0	1.0e-6
-157.875	0.0	1.0e-6
-157.75	0.0	1.0e-6
-157.625	0.0	1.0e-6
-157.5	0.0	1.0e-6
-157.375	0.0	1.0e-6
-157.25	0.0	1.0e-6
-157.125	0.0	1.0e-6
-157.0	0.0	2.0e-6
-156.875	0.0	2.0e-6
-156.75	0.0	2.0e-6
-156.625	0.0	2.0e-6
-156.5	0.0	2.0e-6
-156.375	0.0	2.0e-6
-156.25	0.0	2.0e-6
-156.125	0.0	2.0e-6
-156.0	0.0	2.0e-6
-155.875	0.0	2.0e-6
-155.75	0.0	2.0e-6
-155.625	0.0	2.0e-6
-155.5	0.0	2.0e-6
-155.375	0.0	2.0e-6
-155.25	0.0	2.0e-6
-155.125	0.0	2.0e-6
-155.0	0.0	2.0e-6
-154.875	0.0	2.0e-6
-154.75	0.0	2.0e-6
-154.625	0.0	2.0e-6
-154.5	0.0	2.0e-6
-154.375	0.0	2.0e-6
-154.25	0.0	2.0e-6
-154.125	0.0	2.0e-6
-154.0	0.0	2.0e-6
-153.875	0.0	2.0e-6
-153.75	0.0	2.0e-6
-153.625	0.0	2.0e-6
-153.5	0.0	2.0e-6
-153.375	0.0	2.0e-6
-153.25	0.0	2.0e-6
-153.125	0.0	2.0e-6
-153.0	0.0	2.0e-6
-152.875	0.0	2.0e-6
-152.75	0.0	2.0e-6
-152.625	0.0	3.0e-6
-152.5	0.0	3.0e-6
-152.375	0.0	3.0e-6
-152.25	0.0	3.0e-6
-152.125	0.0	3.0e-6
-152.0	0.0	3.0e-6
-151.875	0.0	3.0e-6
-151.75	0.0	3.0e-6
-151.625	0.0	3.0e-6
-151.5	0.0	3.0e-6
-151.375	0.0	3.0e-6
-151.25	0.0	3.0e-6
-151.125	0.0	3.0e-6
-151.0	0.0	3.0e-6
-150.875	0.0	3.0e-6
-150.75	0.0	3.0e-6
-150.625	0.0	3.0e-6
-150.5	0.0	3.0e-6
-150.375	0.0	3.0e-6
-150.25	0.0	3.0e-6
-150.125	0.0	3.0e-6
-150.0	0.0	3.0e-6
-149.875	0.0	3.0e-6
-149.75	0.0	3.0e-6
-149.625	0.0	3.0e-6
-149.5	0.0	3.0e-6
-149.375	0.0	3.0e-6
-149.25	0.0	3.0e-6
-149.125	0.0	3.0e-6
-149.0	0.0	3.0e-6
-148.875	0.0	3.0e-6
-148.75	0.0	3.0e-6
-148.625	0.0	3.0e-6
-148.5	0.0	3.0e-6
-148.375	0.0	3.0e-6
-148.25	0.0	3.0e-6
-148.125	0.0	3.0e-6
-148.0	0.0	4.0e-6
-147.875	0.0	4.0e-6
-147.75	0.0	4.0e-6
-147.625	0.0	4.0e-6
-147.5	0.0	4.0e-6
-147.375	0.0	4.0e-6
-147.25	0.0	4.0e-6
-147.125	0.0	4.0e-6
-147.0	0.0	4.0e-6
-146.875	0.0	4.0e-6
-146.75	0.0	4.0e-6
-146.625	0.0	4.0e-6
-146.5	0.0	4.0e-6
-146.375	0.0	4.0e-6
-146.25	0.0	4.0e-6
-146.125	0.0	4.0e-6
-146.0	0.0	4.0e-6
-145.875	0.0	4.0e-6
-145.75	0.0	4.0e-6
-145.625	0.0	4.0e-6
-145.5	0.0	4.0e-6
-145.375	0.0	4.0e-6
-145.25	0.0	4.0e-6
-145.125	0.0	4.0e-6
-145.0	0.0	4.0e-6
-144.875	0.0	4.0e-6
-144.75	0.0	4.0e-6
-144.625	0.0	4.0e-6
-144.5	0.0	4.0e-6
-144.375	0.0	4.0e-6
-144.25	0.0	4.0e-6
-144.125	0.0	4.0e-6
-144.0	0.0	4.0e-6
-143.875	0.0	4.0e-6
-143.75	0.0	4.0e-6
-143.625	0.0	4.0e-6
-143.5	0.0	4.0e-6
-143.375	0.0	5.0e-6
-143.25	0.0	5.0e-6
-143.125	0.0	5.0e-6
-143.0	0.0	5.0e-6
-142.875	0.0	5.0e-6
-142.75	0.0	5.0e-6
-142.625	0.0	5.0e-6
-142.5	0.0	5.0e-6
-142.375	0.0	5.0e-6
-142.25	0.0	5.0e-6
-142.125	0.0	5.0e-6
-142.0	0.0	5.0e-6
-141.875	0.0	5.0e-6
-141.75	0.0	5.0e-6
-141.625	0.0	5.0e-6
-141.5	0.0	5.0e-6
-141.375	0.0	5.0e-6
-141.25	0.0	5.0e-6
-141.125	0.0	5.0e-6
-141.0	0.0	5.0e-6
-140.875	0.0	5.0e-6
-140.75	0.0	5.0e-6
-140.625	0.0	5.0e-6
-140.5	0.0	5.0e-6
-140.375	0.0	5.0e-6
-140.25	0.0	5.0e-6
-140.125	0.0	5.0e-6
-140.0	0.0	5.0e-6
-139.875	0.0	5.0e-6
-139.75	0.0	5.0e-6
-139.625	0.0	5.0e-6
-139.5	0.0	5.0e-6
-139.375	0.0	5.0e-6
-139.25	0.0	5.0e-6
-139.125	0.0	5.0e-6
-139.0	0.0	5.0e-6
-138.875	0.0	5.0e-6
-138.75	0.0	5.0e-6
-138.625	0.0	6.0e-6
-138.5	0.0	6.0e-6
-138.375	0.0	6.0e-6
-138.25	0.0	6.0e-6
-138.125	0.0	6.0e-6
-138.0	0.0	6.0e-6
-137.875	0.0	6.0e-6
-137.75	0.0	6.0e-6
-137.625	0.0	6.0e-6
-137.5	0.0	6.0e-6
-137.375	0.0	6.0e-6
-137.25	0.0	6.0e-6
-137.125	0.0	6.0e-6
-137.0	0.0	6.0e-6
-136.875	0.0	6.0e-6
-136.75	0.0	6.0e-6
-136.625	0.0	6.0e-6
-136.5	0.0	6.0e-6
-136.375	0.0	6.0e-6
-136.25	0.0	6.0e-6
-136.125	0.0	6.0e-6
-136.0	0.0	6.0e-6
-135.875	0.0	6.0e-6
-135.75	0.0	6.0e-6
-135.625	0.0	6.0e-6
-135.5	0.0	6.0e-6
-135.375	0.0	6.0e-6
-135.25	0.0	6.0e-6
-135.125	0.0	6.0e-6
-135.0	0.0	6.0e-6
-134.875	0.0	6.0e-6
-134.75	0.0	6.0e-6
-134.625	0.0	6.0e-6
-134.5	0.0	6.0e-6
-134.375	0.0	6.0e-6
-134.25	0.0	6.0e-6
-134.125	0.0	6.0e-6
-134.0	0.0	6.0e-6
-133.875	0.0	6.0e-6
-133.75	0.0	7.0e-6
-133.625	0.0	7.0e-6
-133.5	0.0	7.0e-6
-133.375	0.0	7.0e-6
-133.25	0.0	7.0e-6
-133.125	0.0	7.0e-6
-133.0	0.0	7.0e-6
-132.875	0.0	7.0e-6
-132.75	0.0	7.0e-6
-132.625	0.0	7.0e-6
-132.5	0.0	7.0e-6
-132.375	0.0	7.0e-6
-132.25	0.0	7.0e-6
-132.125	0.0	7.0e-6
-132.0	0.0	7.0e-6
-131.875	0.0	7.0e-6
-131.75	0.0	7.0e-6
-131.625	0.0	7.0e-6
-131.5	0.0	7.0e-6
-131.375	0.0	7.0e-6
-131.25	0.0	7.0e-6
-131.125	0.0	7.0e-6
-131.0	0.0	7.0e-6
-130.875	0.0	7.0e-6
-130.75	0.0	7.0e-6
-130.625	0.0	7.0e-6
-130.5	0.0	7.0e-6
-130.375	0.0	7.0e-6
-130.25	0.0	7.0e-6
-130.125	0.0	7.0e-6
-130.0	0.0	7.0e-6
-129.875	0.0	7.0e-6
-129.75	0.0	7.0e-6
-129.625	0.0	7.0e-6
-129.5	0.0	7.0e-6
-129.375	0.0	7.0e-6
-129.25	0.0	7.0e-6
-129.125	0.0	7.0e-6
-129.0	0.0	7.0e-6
-128.875	0.0	8.0e-6
-128.75	0.0	8.0e-6
-128.625	0.0	8.0e-6
-128.5	0.0	8.0e-6
-128.375	0.0	8.0e-6
-128.25	0.0	8.0e-6
-128.125	0.0	8.0e-6
-128.0	0.0	8.0e-6
-127.875	0.0	8.0e-6
-127.75	0.0	8.0e-6
-127.625	0.0	8.0e-6
-127.5	0.0	8.0e-6
-127.375	0.0	8.0e-6
-127.25	0.0	8.0e-6
-127.125	0.0	8.0e-6
-127.0	0.0	8.0e-6
-126.875	0.0	8.0e-6
-126.75	0.0	8.0e-6
-126.625	0.0	8.0e-6
-126.5	0.0	8.0e-6
-126.375	0.0	8.0e-6
-126.25	0.0	8.0e-6
-126.125	0.0	8.0e-6
-126.0	0.0	8.0e-6
-125.875	0.0	8.0e-6
-125.75	0.0	8.0e-6
-125.625	0.0	8.0e-6
-125.5	0.0	8.0e-6
-125.375	0.0	8.0e-6
-125.25	0.0	8.0e-6
-125.125	0.0	8.0e-6
-125.0	0.0	8.0e-6
-124.875	0.0	8.0e-6
-124.75	0.0	8.0e-6
-124.625	0.0	8.0e-6
-124.5	0.0	8.0e-6
-124.375	0.0	8.0e-6
-124.25	0.0	8.0e-6
-124.125	0.0	8.0e-6
-124.0	0.0	9.0e-6
-123.875	0.0	9.0e-6
-123.75	0.0	9.0e-6
-123.625	0.0	9.0e-6
-123.5	0.0	9.0e-6
-123.375	0.0	9.0e-6
-123.25	0.0	9.0e-6
-123.125	0.0	9.0e-6
-123.0	0.0	9.0e-6
-122.875	0.0	9.0e-6
-122.75	0.0	9.0e-6
-122.625	0.0	9.0e-6
-122.5	0.0	9.0e-6
-122.375	0.0	9.0e-6
-122.25	0.0	9.0e-6
-122.125	0.0	9.0e-6
-122.0	0.0	9.0e-6
-121.875	0.0	9.0e-6
-121.75	0.0	9.0e-6
-121.625	0.0	9.0e-6
-121.5	0.0	9.0e-6
-121.375	0.0	9.0e-6
-121.25	0.0	9.0e-6
-121.125	0.0	9.0e-6
-121.0	0.0	9.0e-6
-120.875	0.0	9.0e-6
-120.75	0.0	9.0e-6
-120.625	0.0	9.0e-6
-120.5	0.0	9.0e-6
-120.375	0.0	9.0e-6
-120.25	0.0	9.0e-6
-120.125	0.0	9.0e-6
-120.0	0.0	9.0e-6
-119.875	0.0	9.0e-6
-119.75	0.0	9.0e-6
-119.625	0.0	9.0e-6
-119.5	0.0	9.0e-6
-119.375	0.0	9.0e-6
-119.25	0.0	9.0e-6
-119.125	0.0	1.0e-5
-119.0	0.0	1.0e-5
-118.875	0.0	1.0e-5
-118.75	0.0	1.0e-5
-118.625	0.0	1.0e-5
-118.5	0.0	1.0e-5
-118.375	0.0	1.0e-5
-118.25	0.0	1.0e-5
-118.125	0.0	1.0e-5
-118.0	0.0	1.0e-5
-117.875	0.0	1.0e-5
-117.75	0.0	1.0e-5
-117.625	0.0	1.0e-5
-117.5	0.0	1.0e-5
-117.375	0.0	1.0e-5
-117.25	0.0	1.0e-5
-117.125	0.0	1.0e-5
-117.0	0.0	1.0e-5
-116.875	0.0	1.0e-5
-116.75	0.0	1.0e-5
-116.625	0.0	1.0e-5
-116.5	0.0	1.0e-5
-116.375	0.0	1.0e-5
-116.25	0.0	1.0e-5
-116.125	0.0	1.0e-5
-116.0	0.0	1.0e-5
-115.875	0.0	1.0e-5
-115.75	0.0	1.0e-5
-115.625	0.0	1.0e-5
-115.5	0.0	1.0e-5
-115.375	0.0	1.0e-5
-115.25	0.0	1.0e-5
-115.125	0.0	1.0e-5
-115.0	0.0	1.0e-5
-114.875	0.0	1.0e-5
-114.75	0.0	1.0e-5
-114.625	0.0	1.0e-5
-114.5	0.0	1.0e-5
-114.375	0.0	1.1e-5
-114.25	0.0	1.1e-5
-114.125	0.0	1.1e-5
-114.0	0.0	1.1e-5
-113.875	0.0	1.1e-5
-113.75	0.0	1.1e-5
-113.625	0.0	1.1e-5
-113.5	0.0	1.1e-5
-113.375	0.0	1.1e-5
-113.25	0.0	1.1e-5
-113.125	0.0	1.1e-5
-113.0	0.0	1.1e-5
-112.875	0.0	1.1e-5
-112.75	0.0	1.1e-5
-112.625	0.0	1.1e-5
-112.5	0.0	1.1e-5
-112.375	0.0	1.1e-5
-112.25	0.0	1.1e-5
-112.125	0.0	1.1e-5
-112.0	0.0	1.1e-5
-111.875	0.0	1.1e-5
-111.75	0.0	1.1e-5
-111.625	0.0	1.1e-5
-111.5	0.0	1.1e-5
-111.375	0.0	1.1e-5
-111.25	0.0	1.1e-5
-111.125	0.0	1.1e-5
-111.0	0.0	1.1e-5
-110.875	0.0	1.1e-5
-110.75	0.0	1.1e-5
-110.625	0.0	1.1e-5
-110.5	0.0	1.1e-5
-110.375	0.0	1.1e-5
-110.25	0.0	1.1e-5
-110.125	0.0	1.1e-5
-110.0	0.0	1.1e-5
-109.875	0.0	1.1e-5
-109.75	0.0	1.1e-5
-109.625	0.0	1.2e-5
-109.5	0.0	1.2e-5
-109.375	0.0	1.2e-5
-109.25	0.0	1.2e-5
-109.125	0.0	1.2e-5
-109.0	0.0	1.2e-5
-108.875	0.0	1.2e-5
-108.75	0.0	1.2e-5
-108.625	0.0	1.2e-5
-108.5	0.0	1.2e-5
-108.375	0.0	1.2e-5
-108.25	0.0	1.2e-5
-108.125	0.0	1.2e-5
-108.0	0.0	1.2e-5
-107.875	0.0	1.2e-5
-107.75	0.0	1.2e-5
-107.625	0.0	1.2e-5
-107.5	0.0	1.2e-5
-107.375	0.0	1.2e-5
-107.25	0.0	1.2e-5
-107.125	0.0	1.2e-5
-107.0	0.0	1.2e-5
-106.875	0.0	1.2e-5
-106.75	0.0	1.2e-5
-106.625	0.0	1.2e-5
-106.5	0.0	1.2e-5
-106.375	0.0	1.2e-5
-106.25	0.0	1.2e-5
-106.125	0.0	1.2e-5
-106.0	0.0	1.2e-5
-105.875	0.0	1.2e-5
-105.75	0.0	1.2e-5
-105.625	0.0	1.2e-5
-105.5	0.0	1.2e-5
-105.375	0.0	1.2e-5
-105.25	0.0	1.2e-5
-105.125	0.0	1.2e-5
-105.0	0.0	1.3e-5
-104.875	0.0	1.3e-5
-104.75	0.0	1.3e-5
-104.625	0.0	1.3e-5
-104.5	0.0	1.3e-5
-104.375	0.0	1.3e-5
-104.25	0.0	1.3e-5
-104.125	0.0	1.3e-5
-104.0	0.0	1.3e-5
-103.875	0.0	1.3e-5
-103.75	0.0	1.3e-5
-103.625	0.0	1.3e-5
-103.5	0.0	1.3e-5
-103.375	0.0	1.3e-5
-103.25	0.0	1.3e-5
-103.125	0.0	1.3e-5
-103.0	0.0	1.3e-5
-102.875	0.0	1.3e-5
-102.75	0.0	1.3e-5
-102.625	0.0	1.3e-5
-102.5	0.0	1.3e-5
-102.375	0.0	1.3e-5
-102.25	0.0	1.3e-5
-102.125	0.0	1.3e-5
-102.0	0.0	1.3e-5
-101.875	0.0	1.3e-5
-101.75	0.0	1.3e-5
-101.625	0.0	1.3e-5
-101.5	0.0	1.3e-5
-101.375	0.0	1.3e-5
-101.25	0.0	1.3e-5
-101.125	0.0	1.3e-5
-101.0	0.0	1.3e-5
-100.875	0.0	1.3e-5
-100.75	0.0	1.3e-5
-100.625	0.0	1.3e-5
-100.5	0.0	1.4e-5
-100.375	0.0	1.4e-5
-100.25	0.0	1.4e-5
-100.125	0.0	1.4e-5
-100.0	0.0	1.4e-5
-99.875	0.0	1.4e-5
-99.75	0.0	1.4e-5
-99.625	0.0	1.4e-5
-99.5	0.0	1.4e-5
-99.375	0.0	1.4e-5
-99.25	0.0	1.4e-5
-99.125	0.0	1.4e-5
-99.0	0.0	1.4e-5
-98.875	0.0	1.4e-5
-98.75	0.0	1.4e-5
-98.625	0.0	1.4e-5
-98.5	0.0	1.4e-5
-98.375	0.0	1.4e-5
-98.25	0.0	1.4e-5
-98.125	0.0	1.4e-5
-98.0	0.0	1.4e-5
-97.875	0.0	1.4e-5
-97.75	0.0	1.4e-5
-97.625	0.0	1.4e-5
-97.5	0.0	1.4e-5
-97.375	0.0	1.4e-5
-97.25	0.0	1.4e-5
-97.125	0.0	1.4e-5
-97.0	0.0	1.4e-5
-96.875	0.0	1.4e-5
-96.75	0.0	1.4e-5
-96.625	0.0	1.4e-5
-96.5	0.0	1.4e-5
-96.375	0.0	1.4e-5
-96.25	0.0	1.4e-5
-96.125	0.0	1.5e-5
-96.0	0.0	1.5e-5
-95.875	0.0	1.5e-5
-95.75	0.0	1.5e-5
-95.625	0.0	1.5e-5
-95.5	0.0	1.5e-5
-95.375	0.0	1.5e-5
-95.25	0.0	1.5e-5
-95.125	0.0	1.5e-5
-95.0	0.0	1.5e-5
-94.875	0.0	1.5e-5
-94.75	0.0	1.5e-5
-94.625	0.0	1.5e-5
-94.5	0.0	1.5e-5
-94.375	0.0	1.5e-5
-94.25	0.0	1.5e-5
-94.125	0.0	1.5e-5
-94.0	0.0	1.5e-5
-93.875	0.0	1.5e-5
-93.75	0.0	1.5e-5
-93.625	0.0	1.5e-5
-93.5	0.0	1.5e-5
-93.375	0.0	1.5e-5
-93.25	0.0	1.5e-5
-93.125	0.0	1.5e-5
-93.0	0.0	1.5e-5
-92.875	0.0	1.5e-5
-92.75	0.0	1.5e-5
-92.625	0.0	1.5e-5
-92.5	0.0	1.5e-5
-92.375	0.0	1.5e-5
-92.25	0.0	1.5e-5
-92.125	0.0	1.5e-5
-92.0	0.0	1.6e-5
-91.875	0.0	1.6e-5
-91.75	0.0	1.6e-5
-91.625	0.0	1.6e-5
-91.5	0.0	1.6e-5
-91.375	0.0	1.6e-5
-91.25	0.0	1.6e-5
-91.125	0.0	1.6e-5
-91.0	0.0	1.6e-5
-90.875	0.0	1.6e-5
-90.75	0.0	1.6e-5
-90.625	0.0	1.6e-5
-90.5	0.0	1.6e-5
-90.375	0.0	1.6e-5
-90.25	0.0	1.6e-5
-90.125	0.0	1.6e-5
-90.0	0.0	1.6e-5
-89.875	0.0	1.6e-5
-89.75	0.0	1.6e-5
-89.625	0.0	1.6e-5
-89.5	0.0	1.6e-5
-89.375	0.0	1.6e-5
-89.25	0.0	1.6e-5
-89.125	0.0	1.6e-5
-89.0	0.0	1.6e-5
-88.875	0.0	1.6e-5
-88.75	0.0	1.6e-5
-88.625	0.0	1.6e-5
-88.5	0.0	1.6e-5
-88.375	0.0	1.6e-5
-88.25	0.0	1.6e-5
-88.125	0.0	1.6e-5
-88.0	0.0	1.6e-5
-87.875	0.0	1.7e-5
-87.75	0.0	1.7e-5
-87.625	0.0	1.7e-5
-87.5	0.0	1.7e-5
-87.375	0.0	1.7e-5
-87.25	0.0	1.7e-5
-87.125	0.0	1.7e-5
-87.0	0.0	1.7e-5
-86.875	0.0	1.7e-5
-86.75	0.0	1.7e-5
-86.625	0.0	1.7e-5
-86.5	0.0	1.7e-5
-86.375	0.0	1.7e-5
-86.25	0.0	1.7e-5
-86.125	0.0	1.7e-5
-86.0	0.0	1.7e-5
-85.875	0.0	1.7e-5
-85.75	0.0	1.7e-5
-85.625	0.0	1.7e-5
-85.5	0.0	1.7e-5
-85.375	0.0	1.7e-5
-85.25	0.0	1.7e-5
-85.125	0.0	1.7e-5
-85.0	0.0	1.7e-5
-84.875	0.0	1.7e-5
-84.75	0.0	1.7e-5
-84.625	0.0	1.7e-5
-84.5	0.0	1.7e-5
-84.375	0.0	1.7e-5
-84.25	0.0	1.7e-5
-84.125	0.0	1.7e-5
-84.0	0.0	1.8e-5
-83.875	0.0	1.8e-5
-83.75	0.0	1.8e-5
-83.625	0.0	1.8e-5
-83.5	0.0	1.8e-5
-83.375	0.0	1.8e-5
-83.25	0.0	1.8e-5
-83.125	0.0	1.8e-5
-83.0	0.0	1.8e-5
-82.875	0.0	1.8e-5
-82.75	0.0	1.8e-5
-82.625	0.0	1.8e-5
-82.5	0.0	1.8e-5
-82.375	0.0	1.8e-5
-82.25	0.0	1.8e-5
-82.125	0.0	1.8e-5
-82.0	0.0	1.8e-5
-81.875	0.0	1.8e-5
-81.75	0.0	1.8e-5
-81.625	0.0	1.8e-5
-81.5	0.0	1.8e-5
-81.375	0.0	1.8e-5
-81.25	0.0	1.8e-5
-81.125	0.0	1.8e-5
-81.0	0.0	1.8e-5
-80.875	0.0	1.8e-5
-80.75	0.0	1.8e-5
-80.625	0.0	1.8e-5
-80.5	0.0	1.8e-5
-80.375	0.0	1.8e-5
-80.25	0.0	1.9e-5
-80.125	0.0	1.9e-5
-80.0	0.0	1.9e-5
-79.875	0.0	1.9e-5
-79.75	0.0	1.9e-5
-79.625	0.0	1.9e-5
-79.5	0.0	1.9e-5
-79.375	0.0	1.9e-5
-79.25	0.0	1.9e-5
-79.125	0.0	1.9e-5
-79.0	0.0	1.9e-5
-78.875	0.0	1.9e-5
-78.75	0.0	1.9e-5
-78.625	0.0	1.9e-5
-78.5	0.0	1.9e-5
-78.375	0.0	1.9e-5
-78.25	0.0	1.9e-5
-78.125	0.0	1.9e-5
-78.0	0.0	1.9e-5
-77.875	0.0	1.9e-5
-77.75	0.0	1.9e-5
-77.625	0.0	1.9e-5
-77.5	0.0	1.9e-5
-77.375	0.0	1.9e-5
-77.25	0.0	1.9e-5
-77.125	0.0	1.9e-5
-77.0	0.0	1.9e-5
-76.875	0.0	1.9e-5
-76.75	0.0	2.0e-5
-76.625	0.0	2.0e-5
-76.5	0.0	2.0e-5
-76.375	0.0	2.0e-5
-76.25	0.0	2.0e-5
-76.125	0.0	2.0e-5
-76.0	0.0	2.0e-5
-75.875	0.0	2.0e-5
-75.75	0.0	2.0e-5
-75.625	0.0	2.0e-5
-75.5	0.0	2.0e-5
-75.375	0.0	2.0e-5
-75.25	0.0	2.0e-5
-75.125	0.0	2.0e-5
-75.0	0.0	2.0e-5
-74.875	0.0	2.0e-5
-74.75	0.0	2.0e-5
-74.625	0.0	2.0e-5
-74.5	0.0	2.0e-5
-74.375	0.0	2.0e-5
-74.25	0.0	2.0e-5
-74.125	0.0	2.0e-5
-74.0	0.0	2.0e-5
-73.875	0.0	2.0e-5
-73.75	0.0	2.0e-5
-73.625	0.0	2.0e-5
-73.5	0.0	2.0e-5
-73.375	0.0	2.1e-5
-73.25	0.0	2.1e-5
-73.125	0.0	2.1e-5
-73.0	0.0	2.1e-5
-72.875	0.0	2.1e-5
-72.75	0.0	2.1e-5
-72.625	0.0	2.1e-5
-72.5	0.0	2.1e-5
-72.375	0.0	2.1e-5
-72.25	0.0	2.1e-5
-72.125	0.0	2.1e-5
-72.0	0.0	2.1e-5
-71.875	0.0	2.1e-5
-71.75	0.0	2.1e-5
-71.625	0.0	2.1e-5
-71.5	0.0	2.1e-5
-71.375	0.0	2.1e-5
-71.25	0.0	2.1e-5
-71.125	0.0	2.1e-5
-71.0	0.0	2.1e-5
-70.875	0.0	2.1e-5
-70.75	0.0	2.1e-5
-70.625	0.0	2.1e-5
-70.5	0.0	2.1e-5
-70.375	0.0	2.1e-5
-70.25	0.0	2.1e-5
-70.125	0.0	2.2e-5
-70.0	0.0	2.2e-5
-69.875	0.0	2.2e-5
-69.75	0.0	2.2e-5
-69.625	0.0	2.2e-5
-69.5	0.0	2.2e-5
-69.375	0.0	2.2e-5
-69.25	0.0	2.2e-5
-69.125	0.0	2.2e-5
-69.0	0.0	2.2e-5
-68.875	0.0	2.2e-5
-68.75	0.0	2.2e-5
-68.625	0.0	2.2e-5
-68.5	0.0	2.2e-5
-68.375	0.0	2.2e-5
-68.25	0.0	2.2e-5
-68.125	0.0	2.2e-5
-68.0	0.0	2.2e-5
-67.875	0.0	2.2e-5
-67.75	0.0	2.2e-5
-67.625	0.0	2.2e-5
-67.5	0.0	2.2e-5
-67.375	0.0	2.2e-5
-67.25	0.0	2.2e-5
-67.125	0.0	2.2e-5
-67.0	0.0	2.3e-5
-66.875	0.0	2.3e-5
-66.75	0.0	2.3e-5
-66.625	0.0	2.3e-5
-66.5	0.0	2.3e-5
-66.375	0.0	2.3e-5
-66.25	0.0	2.3e-5
-66.125	0.0	2.3e-5
-66.0	0.0	2.3e-5
-65.875	0.0	2.3e-5
-65.75	0.0	2.3e-5
-65.625	0.0	2.3e-5
-65.5	0.0	2.3e-5
-65.375	0.0	2.3e-5
-65.25	0.0	2.3e-5
-65.125	0.0	2.3e-5
-65.0	0.0	2.3e-5
-64.875	0.0	2.3e-5
-64.75	0.0	2.3e-5
-64.625	0.0	2.3e-5
-64.5	0.0	2.3e-5
-64.375	0.0	2.3e-5
-64.25	0.0	2.3e-5
-64.125	0.0	2.4e-5
-64.0	0.0	2.4e-5
-63.875	0.0	2.4e-5
-63.75	0.0	2.4e-5
-63.625	0.0	2.4e-5
-63.5	0.0	2.4e-5
-63.375	0.0	2.4e-5
-63.25	0.0	2.4e-5
-63.125	0.0	2.4e-5
-63.0	0.0	2.4e-5
-62.875	0.0	2.4e-5
-62.75	0.0	2.4e-5
-62.625	0.0	2.4e-5
-62.5	0.0	2.4e-5
-62.375	0.0	2.4e-5
-62.25	0.0	2.4e-5
-62.125	0.0	2.4e-5
-62.0	0.0	2.4e-5
-61.875	0.0	2.4e-5
-61.75	0.0	2.4e-5
-61.625	0.0	2.4e-5
-61.5	0.0	2.4e-5
-61.375	0.0	2.5e-5
-61.25	0.0	2.5e-5
-61.125	0.0	2.5e-5
-61.0	0.0	2.5e-5
-60.875	0.0	2.5e-5
-60.75	0.0	2.5e-5
-60.625	0.0	2.5e-5
-60.5	0.0	2.5e-5
-60.375	0.0	2.5e-5
-60.25	0.0	2.5e-5
-60.125	0.0	2.5e-5
-60.0	0.0	2.5e-5
-59.875	0.0	2.5e-5
-59.75	0.0	2.5e-5
-59.625	0.0	2.5e-5
-59.5	0.0	2.5e-5
-59.375	0.0	2.5e-5
-59.25	0.0	2.5e-5
-59.125	0.0	2.5e-5
-59.0	0.0	2.5e-5
-58.875	0.0	2.5e-5
-58.75	0.0	2.6e-5
-58.625	0.0	2.6e-5
-58.5	0.0	2.6e-5
-58.375	0.0	2.6e-5
-58.25	0.0	2.6e-5
-58.125	0.0	2.6e-5
-58.0	0.0	2.6e-5
-57.875	0.0	2.6e-5
-57.75	0.0	2.6e-5
-57.625	0.0	2.6e-5
-57.5	0.0	2.6e-5
-57.375	0.0	2.6e-5
-57.25	0.0	2.6e-5
-57.125	0.0	2.6e-5
-57.0	0.0	2.6e-5
-56.875	0.0	2.6e-5
-56.75	0.0	2.6e-5
-56.625	0.0	2.6e-5
-56.5	0.0	2.6e-5
-56.375	0.0	2.6e-5
-56.25	0.0	2.7e-5
-56.125	0.0	2.7e-5
-56.0	0.0	2.7e-5
-55.875	0.0	2.7e-5
-55.75	0.0	2.7e-5
-55.625	0.0	2.7e-5
-55.5	0.0	2.7e-5
-55.375	0.0	2.7e-5
-55.25	0.0	2.7e-5
-55.125	0.0	2.7e-5
-55.0	0.0	2.7e-5
-54.875	0.0	2.7e-5
-54.75	0.0	2.7e-5
-54.625	0.0	2.7e-5
-54.5	0.0	2.7e-5
-54.375	0.0	2.7e-5
-54.25	0.0	2.7e-5
-54.125	0.0	2.7e-5
-54.0	0.0	2.7e-5
-53.875	0.0	2.7e-5
-53.75	0.0	2.8e-5
-53.625	0.0	2.8e-5
-53.5	0.0	2.8e-5
-53.375	0.0	2.8e-5
-53.25	0.0	2.8e-5
-53.125	0.0	2.8e-5
-53.0	0.0	2.8e-5
-52.875	0.0	2.8e-5
-52.75	0.0	2.8e-5
-52.625	0.0	2.8e-5
-52.5	0.0	2.8e-5
-52.375	0.0	2.8e-5
-52.25	0.0	2.8e-5
-52.125	0.0	2.8e-5
-52.0	0.0	2.8e-5
-51.875	0.0	2.8e-5
-51.75	0.0	2.8e-5
-51.625	0.0	2.8e-5
-51.5	0.0	2.9e-5
-51.375	0.0	2.9e-5
-51.25	0.0	2.9e-5
-51.125	0.0	2.9e-5
-51.0	0.0	2.9e-5
-50.875	0.0	2.9e-5
-50.75	0.0	2.9e-5
-50.625	0.0	2.9e-5
-50.5	0.0	2.9e-5
-50.375	0.0	2.9e-5
-50.25	0.0	2.9e-5
-50.125	0.0	2.9e-5
-50.0	0.0	2.9e-5
-49.875	0.0	2.9e-5
-49.75	0.0	2.9e-5
-49.625	0.0	2.9e-5
-49.5	0.0	2.9e-5
-49.375	0.0	3.0e-5
-49.25	0.0	3.0e-5
-49.125	0.0	3.0e-5
-49.0	0.0	3.0e-5
-48.875	0.0	3.0e-5
-48.75	0.0	3.0e-5
-48.625	0.0	3.0e-5
-48.5	0.0	3.0e-5
-48.375	0.0	3.0e-5
-48.25	0.0	3.0e-5
-48.125	0.0	3.0e-5
-48.0	0.0	3.0e-5
-47.875	0.0	3.0e-5
-47.75	0.0	3.0e-5
-47.625	0.0	3.0e-5
-47.5	0.0	3.0e-5
-47.375	0.0	3.1e-5
-47.25	0.0	3.1e-5
-47.125	0.0	3.1e-5
-47.0	0.0	3.1e-5
-46.875	0.0	3.1e-5
-46.75	0.0	3.1e-5
-46.625	0.0	3.1e-5
-46.5	0.0	3.1e-5
-46.375	0.0	3.1e-5
-46.25	0.0	3.1e-5
-46.125	0.0	3.1e-5
-46.0	0.0	3.1e-5
-45.875	0.0	3.1e-5
-45.75	0.0	3.1e-5
-45.625	0.0	3.1e-5
-45.5	0.0	3.1e-5
-45.375	0.0	3.2e-5
-45.25	0.0	3.2e-5
-45.125	0.0	3.2e-5
-45.0	0.0	3.2e-5
-44.875	0.0	3.2e-5
-44.75	0.0	3.2e-5
-44.625	0.0	3.2e-5
-44.5	0.0	3.2e-5
-44.375	0.0	3.2e-5
-44.25	0.0	3.2e-5
-44.125	0.0	3.2e-5
-44.0	0.0	3.2e-5
-43.875	0.0	3.2e-5
-43.75	0.0	3.2e-5
-43.625	0.0	3.3e-5
-43.5	0.0	3.3e-5
-43.375	0.0	3.3e-5
-43.25	0.0	3.3e-5
-43.125	0.0	3.3e-5
-43.0	0.0	3.3e-5
-42.875	0.0	3.3e-5
-42.75	0.0	3.3e-5
-42.625	0.0	3.3e-5
-42.5	0.0	3.3e-5
-42.375	0.0	3.3e-5
-42.25	0.0	3.3e-5
-42.125	0.0	3.3e-5
-42.0	0.0	3.3e-5
-41.875	0.0	3.4e-5
-41.75	0.0	3.4e-5
-41.625	0.0	3.4e-5
-41.5	0.0	3.4e-5
-41.375	0.0	3.4e-5
-41.25	0.0	3.4e-5
-41.125	0.0	3.4e-5
-41.0	0.0	3.4e-5
-40.875	0.0	3.4e-5
-40.75	0.0	3.4e-5
-40.625	0.0	3.4e-5
-40.5	0.0	3.4e-5
-40.375	0.0	3.5e-5
-40.25	0.0	3.5e-5
-40.125	0.0	3.5e-5
-40.0	0.0	3.5e-5
-39.875	0.0	3.5e-5
-39.75	0.0	3.5e-5
-39.625	0.0	3.5e-5
-39.5	0.0	3.5e-5
-39.375	0.0	3.5e-5
-39.25	0.0	3.5e-5
-39.125	0.0	3.5e-5
-39.0	0.0	3.5e-5
-38.875	0.0	3.6e-5
-38.75	0.0	3.6e-5
-38.625	0.0	3.6e-5
-38.5	0.0	3.6e-5
-38.375	0.0	3.6e-5
-38.25	0.0	3.6e-5
-38.125	0.0	3.6e-5
-38.0	0.0	3.6e-5
-37.875	0.0	3.6e-5
-37.75	0.0	3.6e-5
-37.625	0.0	3.6e-5
-37.5	0.0	3.6e-5
-37.375	0.0	3.5e-5
-37.25	0.0	3.5e-5
-37.125	0.0	3.5e-5
-37.0	0.0	3.5e-5
-36.875	0.0	3.5e-5
-36.75	0.0	3.5e-5
-36.625	0.0	3.4e-5
-36.5	0.0	3.4e-5
-36.375	0.0	3.4e-5
-36.25	0.0	3.4e-5
-36.125	0.0	3.3e-5
-36.0	0.0	3.3e-5
-35.875	0.0	3.3e-5
-35.75	0.0	3.2e-5
-35.625	0.0	3.2e-5
-35.5	0.0	3.2e-5
-35.375	0.0	3.1e-5
-35.25	0.0	3.1e-5
-35.125	0.0	3.1e-5
-35.0	0.0	3.1e-5
-34.875	0.0	3.1e-5
-34.75	0.0	3.1e-5
-34.625	0.0	3.1e-5
-34.5	0.0	3.1e-5
-34.375	0.0	3.2e-5
-34.25	0.0	3.3e-5
-34.125	0.0	3.4e-5
-34.0	0.0	3.5e-5
-33.875	0.0	3.7e-5
-33.75	0.0	3.9e-5
-33.625	0.0	4.1e-5
-33.5	0.0	4.4e-5
-33.375	0.0	4.7e-5
-33.25	0.0	5.1e-5
-33.125	0.0	5.5e-5
-33.0	0.0	6.0e-5
-32.875	0.0	6.5e-5
-32.75	0.0	7.1e-5
-32.625	0.0	7.8e-5
-32.5	0.0	8.5e-5
-32.375	0.0	9.3e-5
-32.25	0.0	0.000101
-32.125	0.0	0.00011
-32.0	0.0	0.00012
-31.875	0.0	0.00013
-31.75	0.0	0.000141
-31.625	0.0	0.000152
-31.5	0.0	0.000163
-31.375	0.0	0.000175
-31.25	0.0	0.000186
-31.125	0.0	0.000197
-31.0	0.0	0.000208
-30.875	0.0	0.000218
-30.75	0.0	0.000227
-30.625	0.0	0.000235
-30.5	0.0	0.000241
-30.375	0.0	0.000246
-30.25	0.0	0.000247
-30.125	0.0	0.000246
-30.0	0.0	0.000242
-29.875	0.0	0.000234
-29.75	0.0	0.000221
-29.625	0.0	0.000203
-29.5	0.0	0.00018
-29.375	0.0	0.000151
-29.25	0.0	0.000115
-29.125	0.0	7.2e-5
-29.0	0.0	2.1e-5
-28.875	0.0	-3.8e-5
-28.75	0.0	-0.000106
-28.625	0.0	-0.000184
-28.5	0.0	-0.000272
-28.375	0.0	-0.000369
-28.25	0.0	-0.000477
-28.125	0.0	-0.000595
-28.0	0.0	-0.000724
-27.875	0.0	-0.000863
-27.75	0.0	-0.001012
-27.625	0.0	-0.00117
-27.5	0.0	-0.001337
-27.375	1.0e-6	-0.001511
-27.25	1.0e-6	-0.001692
-27.125	1.0e-6	-0.001877
-27.0	1.0e-6	-0.002065
-26.875	1.0e-6	-0.002253
-26.75	1.0e-6	-0.00244
-26.625	1.0e-6	-0.002622
-26.5	1.0e-6	-0.002797
-26.375	2.0e-6	-0.002959
-26.25	2.0e-6	-0.003106
-26.125	2.0e-6	-0.003234
-26.0	3.0e-6	-0.003337
-25.875	3.0e-6	-0.00341
-25.75	3.0e-6	-0.003449
-25.625	4.0e-6	-0.003447
-25.5	4.0e-6	-0.003399
-25.375	5.0e-6	-0.003299
-25.25	6.0e-6	-0.00314
-25.125	7.0e-6	-0.002917
-25.0	8.0e-6	-0.002622
-24.875	9.0e-6	-0.002251
-24.75	1.0e-5	-0.001795
-24.625	1.2e-5	-0.001251
-24.5	1.3e-5	-0.000612
-24.375	1.5e-5	0.000126
-24.25	1.7e-5	0.000968
-24.125	2.0e-5	0.001917
-24.0	2.2e-5	0.002976
-23.875	2.5e-5	0.004145
-23.75	2.9e-5	0.005427
-23.625	3.3e-5	0.006818
-23.5	3.7e-5	0.008316
-23.375	4.3e-5	0.009918
-23.25	4.8e-5	0.011616
-23.125	5.5e-5	0.013402
-23.0	6.2e-5	0.015266
-22.875	7.0e-5	0.017194
-22.75	8.0e-5	0.019172
-22.625	9.0e-5	0.021182
-22.5	0.000102	0.023203
-22.375	0.000115	0.025212
-22.25	0.00013	0.027184
-22.125	0.000146	0.02909
-22.0	0.000165	0.030899
-21.875	0.000185	0.032578
-21.75	0.000209	0.034091
-21.625	0.000235	0.035399
-21.5	0.000264	0.036463
-21.375	0.000297	0.03724
-21.25	0.000333	0.037688
-21.125	0.000373	0.037761
-21.0	0.000419	0.037414
-20.875	0.000469	0.036604
-20.75	0.000525	0.035284
-20.625	0.000587	0.033411
-20.5	0.000656	0.030944
-20.375	0.000733	0.027841
-20.25	0.000819	0.024067
-20.125	0.000913	0.019588
-20.0	0.001018	0.014376
-19.875	0.001135	0.008408
-19.75	0.001263	0.001668
-19.625	0.001406	-0.005853
-19.5	0.001563	-0.014158
-19.375	0.001737	-0.023239
-19.25	0.001928	-0.033078
-19.125	0.00214	-0.043648
-19.0	0.002373	-0.054911
-18.875	0.002629	-0.066816
-18.75	0.002912	-0.079299
-18.625	0.003222	-0.092286
-18.5	0.003564	-0.105688
-18.375	0.003938	-0.119401
-18.25	0.004349	-0.133309
-18.125	0.0048	-0.147284
-18.0	0.005294	-0.161182
-17.875	0.005835	-0.174847
-17.75	0.006427	-0.18811
-17.625	0.007073	-0.200792
-17.5	0.00778	-0.212703
-17.375	0.008552	-0.223641
-17.25	0.009393	-0.233399
-17.125	0.010311	-0.241764
-17.0	0.01131	-0.248515
-16.875	0.012398	-0.253432
-16.75	0.013582	-0.256293
-16.625	0.014868	-0.256879
-16.5	0.016265	-0.254977
-16.375	0.017781	-0.25038
-16.25	0.019426	-0.242892
-16.125	0.021208	-0.232332
-16.0	0.023138	-0.218536
-15.875	0.025226	-0.20136
-15.75	0.027484	-0.180682
-15.625	0.029925	-0.156409
-15.5	0.032559	-0.128477
-15.375	0.035402	-0.096855
-15.25	0.038467	-0.061549
-15.125	0.041769	-0.022603
-15.0	0.045323	0.019896
-14.875	0.049147	0.065821
-14.75	0.053257	0.114994
-14.625	0.057672	0.167194
-14.5	0.062411	0.22215
-14.375	0.067493	0.279542
-14.25	0.072939	0.338999
-14.125	0.078772	0.400104
-14.0	0.085013	0.462389
-13.875	0.091687	0.525342
-13.75	0.098818	0.588405
-13.625	0.106431	0.650978
-13.5	0.114553	0.712424
-13.375	0.123211	0.772071
-13.25	0.132434	0.829218
-13.125	0.14225	0.883141
-13.0	0.152691	0.933097
-12.875	0.163787	0.978332
-12.75	0.175571	1.018088
-12.625	0.188074	1.05161
-12.5	0.201332	1.078157
-12.375	0.215378	1.097006
-12.25	0.230248	1.107464
-12.125	0.245978	1.108877
-12.0	0.262604	1.100636
-11.875	0.280164	1.082191
-11.75	0.298696	1.053056
-11.625	0.318238	1.012823
-11.5	0.338829	0.961162
-11.375	0.360507	0.897839
-11.25	0.383313	0.822718
-11.125	0.407285	0.73577
-11.0	0.432464	0.637079
-10.875	0.458887	0.526845
-10.75	0.486595	0.405395
-10.625	0.515627	0.27318
-10.5	0.546021	0.130779
-10.375	0.577814	-0.021097
-10.25	0.611044	-0.18161
-10.125	0.645748	-0.349793
-10.0	0.68196	-0.524555
-9.875	0.719715	-0.704685
-9.75	0.759045	-0.88886
-9.625	0.799982	-1.075648
-9.5	0.842556	-1.263524
-9.375	0.886794	-1.450873
-9.25	0.932723	-1.636011
-9.125	0.980366	-1.817188
-9.0	1.029744	-1.992613
-8.875	1.080876	-2.160461
-8.75	1.133778	-2.318896
-8.625	1.188464	-2.466086
-8.5	1.244943	-2.600222
-8.375	1.303223	-2.719535
-8.25	1.363307	-2.82232
-8.125	1.425195	-2.90695
-8.0	1.488882	-2.9719
-7.875	1.554362	-3.015763
-7.75	1.621622	-3.037268
-7.625	1.690646	-3.035304
-7.5	1.761414	-3.008928
-7.375	1.833901	-2.957389
-7.25	1.908077	-2.880138
-7.125	1.983908	-2.776841
-7.0	2.061355	-2.647391
-6.875	2.140374	-2.491918
-6.75	2.220917	-2.310794
-6.625	2.302929	-2.10464
-6.5	2.386351	-1.874327
-6.375	2.47112	-1.620974
-6.25	2.557166	-1.345949
-6.125	2.644416	-1.050862
-6.0	2.732789	-0.737554
-5.875	2.822203	-0.408093
-5.75	2.912567	-0.064752
-5.625	3.003787	0.289999
-5.5	3.095766	0.653515
-5.375	3.1884	1.022998
-5.25	3.28158	1.395515
-5.125	3.375196	1.768028
-5.0	3.469129	2.137418
-4.875	3.563261	2.500511
-4.75	3.657468	2.854111
-4.625	3.751621	3.195027
-4.5	3.845591	3.520106
-4.375	3.939243	3.826263
-4.25	4.032443	4.11051
-4.125	4.12505	4.369991
-4.0	4.216925	4.602009
-3.875	4.307926	4.804057
-3.75	4.397908	4.973841
-3.625	4.486728	5.109315
-3.5	4.574241	5.208695
-3.375	4.6603	5.270487
-3.25	4.744761	5.293505
-3.125	4.827481	5.276887
-3.0	4.908314	5.220109
-2.875	4.987119	5.122992
-2.75	5.063757	4.985716
-2.625	5.138088	4.808817
-2.5	5.209979	4.593187
-2.375	5.279295	4.340075
-2.25	5.345909	4.051075
-2.125	5.409696	3.72812
-2.0	5.470535	3.37346
-1.875	5.52831	2.989651
-1.75	5.582909	2.579533
-1.625	5.634228	2.1462
-1.5	5.682166	1.692982
-1.375	5.726629	1.223409
-1.25	5.767529	0.741181
-1.125	5.804786	0.250137
-1.0	5.838325	-0.245786
-0.875	5.868079	-0.742583
-0.75	5.893988	-1.236223
-0.625	5.916001	-1.722684
-0.5	5.934073	-2.197991
-0.375	5.948167	-2.658257
-0.25	5.958254	-3.099715
-0.125	5.964315	-3.518755
0.0	5.966336	-3.911961
0.125	5.964315	-4.27614
0.25	5.958254	-4.60835
0.375	5.948167	-4.905935
0.5	5.934073	-5.166541
0.625	5.916001	-5.388146
0.75	5.893988	-5.569068
0.875	5.868079	-5.707991
1.0	5.838325	-5.803967
1.125	5.804786	-5.85643
1.25	5.767529	-5.865193
1.375	5.726629	-5.830456
1.5	5.682166	-5.752794
1.625	5.634228	-5.633153
1.75	5.582909	-5.47284
1.875	5.52831	-5.273504
2.0	5.470535	-5.037122
2.125	5.409696	-4.765974
2.25	5.345909	-4.462623
2.375	5.279295	-4.129883
2.5	5.209979	-3.770794
2.625	5.138088	-3.38859
2.75	5.063757	-2.986667
2.875	4.987119	-2.568547
3.0	4.908314	-2.137848
3.125	4.827481	-1.698244
3.25	4.744761	-1.253431
3.375	4.6603	-0.807096
3.5	4.574241	-0.362877
3.625	4.486728	0.075665
3.75	4.397908	0.505083
3.875	4.307926	0.922068
4.0	4.216925	1.323486
4.125	4.12505	1.706396
4.25	4.032443	2.068077
4.375	3.939243	2.40605
4.5	3.845591	2.718097
4.625	3.751621	3.002273
4.75	3.657468	3.25692
4.875	3.563261	3.480679
5.0	3.469129	3.67249
5.125	3.375196	3.831601
5.25	3.28158	3.957566
5.375	3.1884	4.050238
5.5	3.095766	4.109767
5.625	3.003787	4.136592
5.75	2.912567	4.131425
5.875	2.822203	4.095241
6.0	2.732789	4.029257
6.125	2.644416	3.93492
6.25	2.557166	3.813882
6.375	2.47112	3.667981
6.5	2.386351	3.499216
6.625	2.302929	3.309727
6.75	2.220917	3.101766
6.875	2.140374	2.877675
7.0	2.061355	2.639862
7.125	1.983908	2.390772
7.25	1.908077	2.132867
7.375	1.833901	1.868601
7.5	1.761414	1.600396
7.625	1.690646	1.330621
7.75	1.621622	1.061571
7.875	1.554362	0.79545
8.0	1.488882	0.534349
8.125	1.425195	0.280235
8.25	1.363307	0.034937
8.375	1.303223	-0.199871
8.5	1.244943	-0.422675
8.625	1.188464	-0.632129
8.75	1.133778	-0.827066
8.875	1.080876	-1.006494
9.0	1.029744	-1.169606
9.125	0.980366	-1.315775
9.25	0.932723	-1.444554
9.375	0.886794	-1.555672
9.5	0.842556	-1.649029
9.625	0.799982	-1.724689
9.75	0.759045	-1.782873
9.875	0.719715	-1.82395
10.0	0.68196	-1.848423
10.125	0.645748	-1.856923
10.25	0.611044	-1.850194
10.375	0.577814	-1.829082
10.5	0.546021	-1.794517
10.625	0.515627	-1.747509
10.75	0.486595	-1.689126
10.875	0.458887	-1.620484
11.0	0.432464	-1.542734
11.125	0.407285	-1.45705
11.25	0.383313	-1.364613
11.375	0.360507	-1.266603
11.5	0.338829	-1.164185
11.625	0.318238	-1.058501
11.75	0.298696	-0.950657
11.875	0.280164	-0.841717
12.0	0.262604	-0.732693
12.125	0.245978	-0.62454
12.25	0.230248	-0.518148
12.375	0.215378	-0.414338
12.5	0.201332	-0.313859
12.625	0.188074	-0.217382
12.75	0.175571	-0.125502
12.875	0.163787	-0.038731
13.0	0.152691	0.042494
13.125	0.14225	0.117819
13.25	0.132434	0.186966
13.375	0.123211	0.249733
13.5	0.114553	0.30599
13.625	0.106431	0.355678
13.75	0.098818	0.398803
13.875	0.091687	0.435433
14.0	0.085013	0.465691
14.125	0.078772	0.489754
14.25	0.072939	0.507845
14.375	0.067493	0.520228
14.5	0.062411	0.527201
14.625	0.057672	0.529097
14.75	0.053257	0.52627
14.875	0.049147	0.519095
15.0	0.045323	0.507962
15.125	0.041769	0.493271
15.25	0.038467	0.475426
15.375	0.035402	0.454831
15.5	0.032559	0.431888
15.625	0.029925	0.406991
15.75	0.027484	0.380523
15.875	0.025226	0.352854
16.0	0.023138	0.324334
16.125	0.021208	0.295299
16.25	0.019426	0.26606
16.375	0.017781	0.236908
16.5	0.016265	0.208108
16.625	0.014868	0.179902
16.75	0.013582	0.152507
16.875	0.012398	0.126112
17.0	0.01131	0.100884
17.125	0.010311	0.076963
17.25	0.009393	0.054464
17.375	0.008552	0.033479
17.5	0.00778	0.014077
17.625	0.007073	-0.003693
17.75	0.006427	-0.019806
17.875	0.005835	-0.034253
18.0	0.005294	-0.047043
18.125	0.0048	-0.0582
18.25	0.004349	-0.067765
18.375	0.003938	-0.07579
18.5	0.003564	-0.082337
18.625	0.003222	-0.087478
18.75	0.002912	-0.091295
18.875	0.002629	-0.093872
19.0	0.002373	-0.095302
19.125	0.00214	-0.095679
19.25	0.001928	-0.095099
19.375	0.001737	-0.09366
19.5	0.001563	-0.09146
19.625	0.001406	-0.088593
19.75	0.001263	-0.085155
19.875	0.001135	-0.081236
20.0	0.001018	-0.076923
20.125	0.000913	-0.072299
20.25	0.000819	-0.067441
20.375	0.000733	-0.062423
20.5	0.000656	-0.057313
20.625	0.000587	-0.052171
20.75	0.000525	-0.047054
20.875	0.000469	-0.042011
21.0	0.000419	-0.037088
21.125	0.000373	-0.032323
21.25	0.000333	-0.027747
21.375	0.000297	-0.02339
21.5	0.000264	-0.019273
21.625	0.000235	-0.015413
21.75	0.000209	-0.011824
21.875	0.000185	-0.008514
22.0	0.000165	-0.005488
22.125	0.000146	-0.002747
22.25	0.00013	-0.000288
22.375	0.000115	0.001893
22.5	0.000102	0.003805
22.625	9.0e-5	0.005455
22.75	8.0e-5	0.006857
22.875	7.0e-5	0.008023
23.0	6.2e-5	0.008967
23.125	5.5e-5	0.009704
23.25	4.8e-5	0.01025
23.375	4.3e-5	0.010621
23.5	3.7e-5	0.010833
23.625	3.3e-5	0.010902
23.75	2.9e-5	0.010845
23.875	2.5e-5	0.010676
24.0	2.2e-5	0.010411
24.125	2.0e-5	0.010064
24.25	1.7e-5	0.009649
24.375	1.5e-5	0.009179
24.5	1.3e-5	0.008665
24.625	1.2e-5	0.008118
24.75	1.0e-5	0.00755
24.875	9.0e-6	0.006968
25.0	8.0e-6	0.006381
25.125	7.0e-6	0.005797
25.25	6.0e-6	0.005222
25.375	5.0e-6	0.004661
25.5	4.0e-6	0.004119
25.625	4.0e-6	0.0036
25.75	3.0e-6	0.003106
25.875	3.0e-6	0.002641
26.0	3.0e-6	0.002207
26.125	2.0e-6	0.001804
26.25	2.0e-6	0.001432
26.375	2.0e-6	0.001094
26.5	1.0e-6	0.000787
26.625	1.0e-6	0.000512
26.75	1.0e-6	0.000267
26.875	1.0e-6	5.3e-5
27.0	1.0e-6	-0.000134
27.125	1.0e-6	-0.000294
27.25	1.0e-6	-0.000428
27.375	1.0e-6	-0.00054
27.5	0.0	-0.00063
27.625	0.0	-0.0007
27.75	0.0	-0.000752
27.875	0.0	-0.000788
28.0	0.0	-0.00081
28.125	0.0	-0.000819
28.25	0.0	-0.000817
28.375	0.0	-0.000805
28.5	0.0	-0.000786
28.625	0.0	-0.00076
28.75	0.0	-0.000728
28.875	0.0	-0.000693
29.0	0.0	-0.000654
29.125	0.0	-0.000613
29.25	0.0	-0.00057
29.375	0.0	-0.000527
29.5	0.0	-0.000484
29.625	0.0	-0.000441
29.75	0.0	-0.0004
29.875	0.0	-0.00036
30.0	0.0	-0.000321
30.125	0.0	-0.000285
30.25	0.0	-0.00025
30.375	0.0	-0.000218
30.5	0.0	-0.000188
30.625	0.0	-0.000161
30.75	0.0	-0.000136
30.875	0.0	-0.000113
31.0	0.0	-9.3e-5
31.125	0.0	-7.5e-5
31.25	0.0	-5.9e-5
31.375	0.0	-4.5e-5
31.5	0.0	-3.3e-5
31.625	0.0	-2.3e-5
31.75	0.0	-1.5e-5
31.875	0.0	-7.0e-6
32.0	0.0	-2.0e-6
32.125	0.0	3.0e-6
32.25	0.0	6.0e-6
32.375	0.0	9.0e-6
32.5	0.0	1.0e-5
32.625	0.0	1.1e-5
32.75	0.0	1.1e-5
32.875	0.0	1.1e-5
33.0	0.0	1.0e-5
33.125	0.0	9.0e-6
33.25	0.0	8.0e-6
33.375	0.0	6.0e-6
33.5	0.0	5.0e-6
33.625	0.0	3.0e-6
33.75	0.0	0.0
33.875	0.0	0.0
34.0	0.0	-3.0e-6
34.125	0.0	-5.0e-6
34.25	0.0	-7.0e-6
34.375	0.0	-8.0e-6
34.5	0.0	-1.0e-5
34.625	0.0	-1.1e-5
34.75	0.0	-1.3e-5
34.875	0.0	-1.4e-5
35.0	0.0	-1.5e-5
35.125	0.0	-1.6e-5
35.25	0.0	-1.7e-5
35.375	0.0	-1.8e-5
35.5	0.0	-1.9e-5
35.625	0.0	-2.0e-5
35.75	0.0	-2.0e-5
35.875	0.0	-2.1e-5
36.0	0.0	-2.1e-5
36.125	0.0	-2.1e-5
36.25	0.0	-2.2e-5
36.375	0.0	-2.2e-5
36.5	0.0	-2.2e-5
36.625	0.0	-2.2e-5
36.75	0.0	-2.2e-5
36.875	0.0	-2.2e-5
37.0	0.0	-2.2e-5
37.125	0.0	-2.2e-5
37.25	0.0	-2.2e-5
37.375	0.0	-2.2e-5
37.5	0.0	-2.2e-5
37.625	0.0	-2.2e-5
37.75	0.0	-2.2e-5
37.875	0.0	-2.2e-5
38.0	0.0	-2.1e-5
38.125	0.0	-2.1e-5
38.25	0.0	-2.1e-5
38.375	0.0	-2.1e-5
38.5	0.0	-2.1e-5
38.625	0.0	-2.1e-5
38.75	0.0	-2.1e-5
38.875	0.0	-2.0e-5
39.0	0.0	-2.0e-5
39.125	0.0	-2.0e-5
39.25	0.0	-2.0e-5
39.375	0.0	-2.0e-5
39.5	0.0	-2.0e-5
39.625	0.0	-2.0e-5
39.75	0.0	-2.0e-5
39.875	0.0	-1.9e-5
40.0	0.0	-1.9e-5
40.125	0.0	-1.9e-5
40.25	0.0	-1.9e-5
40.375	0.0	-1.9e-5
40.5	0.0	-1.9e-5
40.625	0.0	-1.9e-5
40.75	0.0	-1.9e-5
40.875	0.0	-1.9e-5
41.0	0.0	-1.9e-5
41.125	0.0	-1.9e-5
41.25	0.0	-1.8e-5
41.375	0.0	-1.8e-5
41.5	0.0	-1.8e-5
41.625	0.0	-1.8e-5
41.75	0.0	-1.8e-5
41.875	0.0	-1.8e-5
42.0	0.0	-1.8e-5
42.125	0.0	-1.8e-5
42.25	0.0	-1.8e-5
42.375	0.0	-1.8e-5
42.5	0.0	-1.8e-5
42.625	0.0	-1.8e-5
42.75	0.0	-1.8e-5
42.875	0.0	-1.7e-5
43.0	0.0	-1.7e-5
43.125	0.0	-1.7e-5
43.25	0.0	-1.7e-5
43.375	0.0	-1.7e-5
43.5	0.0	-1.7e-5
43.625	0.0	-1.7e-5
43.75	0.0	-1.7e-5
43.875	0.0	-1.7e-5
44.0	0.0	-1.7e-5
44.125	0.0	-1.7e-5
44.25	0.0	-1.7e-5
44.375	0.0	-1.7e-5
44.5	0.0	-1.7e-5
44.625	0.0	-1.7e-5
44.75	0.0	-1.6e-5
44.875	0.0	-1.6e-5
45.0	0.0	-1.6e-5
45.125	0.0	-1.6e-5
45.25	0.0	-1.6e-5
45.375	0.0	-1.6e-5
45.5	0.0	-1.6e-5
45.625	0.0	-1.6e-5
45.75	0.0	-1.6e-5
45.875	0.0	-1.6e-5
46.0	0.0	-1.6e-5
46.125	0.0	-1.6e-5
46.25	0.0	-1.6e-5
46.375	0.0	-1.6e-5
46.5	0.0	-1.6e-5
46.625	0.0	-1.5e-5
46.75	0.0	-1.5e-5
46.875	0.0	-1.5e-5
47.0	0.0	-1.5e-5
47.125	0.0	-1.5e-5
47.25	0.0	-1.5e-5
47.375	0.0	-1.5e-5
47.5	0.0	-1.5e-5
47.625	0.0	-1.5e-5
47.75	0.0	-1.5e-5
47.875	0.0	-1.5e-5
48.0	0.0	-1.5e-5
48.125	0.0	-1.5e-5
48.25	0.0	-1.5e-5
48.375	0.0	-1.5e-5
48.5	0.0	-1.5e-5
48.625	0.0	-1.4e-5
48.75	0.0	-1.4e-5
48.875	0.0	-1.4e-5
49.0	0.0	-1.4e-5
49.125	0.0	-1.4e-5
49.25	0.0	-1.4e-5
49.375	0.0	-1.4e-5
49.5	0.0	-1.4e-5
49.625	0.0	-1.4e-5
49.75	0.0	-1.4e-5
49.875	0.0	-1.4e-5
50.0	0.0	-1.4e-5
50.125	0.0	-1.4e-5
50.25	0.0	-1.4e-5
50.375	0.0	-1.4e-5
50.5	0.0	-1.4e-5
50.625	0.0	-1.4e-5
50.75	0.0	-1.3e-5
50.875	0.0	-1.3e-5
51.0	0.0	-1.3e-5
51.125	0.0	-1.3e-5
51.25	0.0	-1.3e-5
51.375	0.0	-1.3e-5
51.5	0.0	-1.3e-5
51.625	0.0	-1.3e-5
51.75	0.0	-1.3e-5
51.875	0.0	-1.3e-5
52.0	0.0	-1.3e-5
52.125	0.0	-1.3e-5
52.25	0.0	-1.3e-5
52.375	0.0	-1.3e-5
52.5	0.0	-1.3e-5
52.625	0.0	-1.3e-5
52.75	0.0	-1.3e-5
52.875	0.0	-1.2e-5
53.0	0.0	-1.2e-5
53.125	0.0	-1.2e-5
53.25	0.0	-1.2e-5
53.375	0.0	-1.2e-5
53.5	0.0	-1.2e-5
53.625	0.0	-1.2e-5
53.75	0.0	-1.2e-5
53.875	0.0	-1.2e-5
54.0	0.0	-1.2e-5
54.125	0.0	-1.2e-5
54.25	0.0	-1.2e-5
54.375	0.0	-1.2e-5
54.5	0.0	-1.2e-5
54.625	0.0	-1.2e-5
54.75	0.0	-1.2e-5
54.875	0.0	-1.2e-5
55.0	0.0	-1.2e-5
55.125	0.0	-1.2e-5
55.25	0.0	-1.1e-5
55.375	0.0	-1.1e-5
55.5	0.0	-1.1e-5
55.625	0.0	-1.1e-5
55.75	0.0	-1.1e-5
55.875	0.0	-1.1e-5
56.0	0.0	-1.1e-5
56.125	0.0	-1.1e-5
56.25	0.0	-1.1e-5
56.375	0.0	-1.1e-5
56.5	0.0	-1.1e-5
56.625	0.0	-1.1e-5
56.75	0.0	-1.1e-5
56.875	0.0	-1.1e-5
57.0	0.0	-1.1e-5
57.125	0.0	-1.1e-5
57.25	0.0	-1.1e-5
57.375	0.0	-1.1e-5
57.5	0.0	-1.1e-5
57.625	0.0	-1.0e-5
57.75	0.0	-1.0e-5
57.875	0.0	-1.0e-5
58.0	0.0	-1.0e-5
58.125	0.0	-1.0e-5
58.25	0.0	-1.0e-5
58.375	0.0	-1.0e-5
58.5	0.0	-1.0e-5
58.625	0.0	-1.0e-5
58.75	0.0	-1.0e-5
58.875	0.0	-1.0e-5
59.0	0.0	-1.0e-5
59.125	0.0	-1.0e-5
59.25	0.0	-1.0e-5
59.375	0.0	-1.0e-5
59.5	0.0	-1.0e-5
59.625	0.0	-1.0e-5
59.75	0.0	-1.0e-5
59.875	0.0	-1.0e-5
60.0	0.0	-1.0e-5
60.125	0.0	-1.0e-5
60.25	0.0	-9.0e-6
60.375	0.0	-9.0e-6
60.5	0.0	-9.0e-6
60.625	0.0	-9.0e-6
60.75	0.0	-9.0e-6
60.875	0.0	-9.0e-6
61.0	0.0	-9.0e-6
61.125	0.0	-9.0e-6
61.25	0.0	-9.0e-6
61.375	0.0	-9.0e-6
61.5	0.0	-9.0e-6
61.625	0.0	-9.0e-6
61.75	0.0	-9.0e-6
61.875	0.0	-9.0e-6
62.0	0.0	-9.0e-6
62.125	0.0	-9.0e-6
62.25	0.0	-9.0e-6
62.375	0.0	-9.0e-6
62.5	0.0	-9.0e-6
62.625	0.0	-9.0e-6
62.75	0.0	-9.0e-6
62.875	0.0	-9.0e-6
63.0	0.0	-8.0e-6
63.125	0.0	-8.0e-6
63.25	0.0	-8.0e-6
63.375	0.0	-8.0e-6
63.5	0.0	-8.0e-6
63.625	0.0	-8.0e-6
63.75	0.0	-8.0e-6
63.875	0.0	-8.0e-6
64.0	0.0	-8.0e-6
64.125	0.0	-8.0e-6
64.25	0.0	-8.0e-6
64.375	0.0	-8.0e-6
64.5	0.0	-8.0e-6
64.625	0.0	-8.0e-6
64.75	0.0	-8.0e-6
64.875	0.0	-8.0e-6
65.0	0.0	-8.0e-6
65.125	0.0	-8.0e-6
65.25	0.0	-8.0e-6
65.375	0.0	-8.0e-6
65.5	0.0	-8.0e-6
65.625	0.0	-8.0e-6
65.75	0.0	-8.0e-6
65.875	0.0	-7.0e-6
66.0	0.0	-7.0e-6
66.125	0.0	-7.0e-6
66.25	0.0	-7.0e-6
66.375	0.0	-7.0e-6
66.5	0.0	-7.0e-6
66.625	0.0	-7.0e-6
66.75	0.0	-7.0e-6
66.875	0.0	-7.0e-6
67.0	0.0	-7.0e-6
67.125	0.0	-7.0e-6
67.25	0.0	-7.0e-6
67.375	0.0	-7.0e-6
67.5	0.0	-7.0e-6
67.625	0.0	-7.0e-6
67.75	0.0	-7.0e-6
67.875	0.0	-7.0e-6
68.0	0.0	-7.0e-6
68.125	0.0	-7.0e-6
68.25	0.0	-7.0e-6
68.375	0.0	-7.0e-6
68.5	0.0	-7.0e-6
68.625	0.0	-7.0e-6
68.75	0.0	-7.0e-6
68.875	0.0	-6.0e-6
69.0	0.0	-6.0e-6
69.125	0.0	-6.0e-6
69.25	0.0	-6.0e-6
69.375	0.0	-6.0e-6
69.5	0.0	-6.0e-6
69.625	0.0	-6.0e-6
69.75	0.0	-6.0e-6
69.875	0.0	-6.0e-6
70.0	0.0	-6.0e-6
70.125	0.0	-6.0e-6
70.25	0.0	-6.0e-6
70.375	0.0	-6.0e-6
70.5	0.0	-6.0e-6
70.625	0.0	-6.0e-6
70.75	0.0	-6.0e-6
70.875	0.0	-6.0e-6
71.0	0.0	-6.0e-6
71.125	0.0	-6.0e-6
71.25	0.0	-6.0e-6
71.375	0.0	-6.0e-6
71.5	0.0	-6.0e-6
71.625	0.0	-6.0e-6
71.75	0.0	-6.0e-6
71.875	0.0	-6.0e-6
72.0	0.0	-5.0e-6
72.125	0.0	-5.0e-6
72.25	0.0	-5.0e-6
72.375	0.0	-5.0e-6
72.5	0.0	-5.0e-6
72.625	0.0	-5.0e-6
72.75	0.0	-5.0e-6
72.875	0.0	-5.0e-6
73.0	0.0	-5.0e-6
73.125	0.0	-5.0e-6
73.25	0.0	-5.0e-6
73.375	0.0	-5.0e-6
73.5	0.0	-5.0e-6
73.625	0.0	-5.0e-6
73.75	0.0	-5.0e-6
73.875	0.0	-5.0e-6
74.0	0.0	-5.0e-6
74.125	0.0	-5.0e-6
74.25	0.0	-5.0e-6
74.375	0.0	-5.0e-6
74.5	0.0	-5.0e-6
74.625	0.0	-5.0e-6
74.75	0.0	-5.0e-6
74.875	0.0	-5.0e-6
75.0	0.0	-5.0e-6
75.125	0.0	-5.0e-6
75.25	0.0	-5.0e-6
75.375	0.0	-4.0e-6
75.5	0.0	-4.0e-6
75.625	0.0	-4.0e-6
75.75	0.0	-4.0e-6
75.875	0.0	-4.0e-6
76.0	0.0	-4.0e-6
76.125	0.0	-4.0e-6
76.25	0.0	-4.0e-6
76.375	0.0	-4.0e-6
76.5	0.0	-4.0e-6
76.625	0.0	-4.0e-6
76.75	0.0	-4.0e-6
76.875	0.0	-4.0e-6
77.0	0.0	-4.0e-6
77.125	0.0	-4.0e-6
77.25	0.0	-4.0e-6
77.375	0.0	-4.0e-6
77.5	0.0	-4.0e-6
77.625	0.0	-4.0e-6
77.75	0.0	-4.0e-6
77.875	0.0	-4.0e-6
78.0	0.0	-4.0e-6
78.125	0.0	-4.0e-6
78.25	0.0	-4.0e-6
78.375	0.0	-4.0e-6
78.5	0.0	-4.0e-6
78.625	0.0	-4.0e-6
78.75	0.0	-3.0e-6
78.875	0.0	-3.0e-6
79.0	0.0	-3.0e-6
79.125	0.0	-3.0e-6
79.25	0.0	-3.0e-6
79.375	0.0	-3.0e-6
79.5	0.0	-3.0e-6
79.625	0.0	-3.0e-6
79.75	0.0	-3.0e-6
79.875	0.0	-3.0e-6
80.0	0.0	-3.0e-6
80.125	0.0	-3.0e-6
80.25	0.0	-3.0e-6
80.375	0.0	-3.0e-6
80.5	0.0	-3.0e-6
80.625	0.0	-3.0e-6
80.75	0.0	-3.0e-6
80.875	0.0	-3.0e-6
81.0	0.0	-3.0e-6
81.125	0.0	-3.0e-6
81.25	0.0	-3.0e-6
81.375	0.0	-3.0e-6
81.5	0.0	-3.0e-6
81.625	0.0	-3.0e-6
81.75	0.0	-3.0e-6
81.875	0.0	-3.0e-6
82.0	0.0	-3.0e-6
82.125	0.0	-3.0e-6
82.25	0.0	-3.0e-6
82.375	0.0	-3.0e-6
82.5	0.0	-2.0e-6
82.625	0.0	-2.0e-6
82.75	0.0	-2.0e-6
82.875	0.0	-2.0e-6
83.0	0.0	-2.0e-6
83.125	0.0	-2.0e-6
83.25	0.0	-2.0e-6
83.375	0.0	-2.0e-6
83.5	0.0	-2.0e-6
83.625	0.0	-2.0e-6
83.75	0.0	-2.0e-6
83.875	0.0	-2.0e-6
84.0	0.0	-2.0e-6
84.125	0.0	-2.0e-6
84.25	0.0	-2.0e-6
84.375	0.0	-2.0e-6
84.5	0.0	-2.0e-6
84.625	0.0	-2.0e-6
84.75	0.0	-2.0e-6
84.875	0.0	-2.0e-6
85.0	0.0	-2.0e-6
85.125	0.0	-2.0e-6
85.25	0.0	-2.0e-6
85.375	0.0	-2.0e-6
85.5	0.0	-2.0e-6
85.625	0.0	-2.0e-6
85.75	0.0	-2.0e-6
85.875	0.0	-2.0e-6
86.0	0.0	-2.0e-6
86.125	0.0	-2.0e-6
86.25	0.0	-1.0e-6
86.375	0.0	-1.0e-6
86.5	0.0	-1.0e-6
86.625	0.0	-1.0e-6
86.75	0.0	-1.0e-6
86.875	0.0	-1.0e-6
87.0	0.0	-1.0e-6
87.125	0.0	-1.0e-6
87.25	0.0	-1.0e-6
87.375	0.0	-1.0e-6
87.5	0.0	-1.0e-6
87.625	0.0	-1.0e-6
87.75	0.0	-1.0e-6
87.875	0.0	-1.0e-6
88.0	0.0	-1.0e-6
88.125	0.0	-1.0e-6
88.25	0.0	0.0
88.375	0.0	0.0
88.5	0.0	0.0
88.625	0.0	0.0
88.75	0.0	0.0
88.875	0.0	0.0
89.0	0.0	0.0
89.125	0.0	0.0
89.25	0.0	0.0
89.375	0.0	0.0
89.5	0.0	0.0
89.625	0.0	0.0
89.75	0.0	0.0
89.875	0.0	0.0
90.0	0.0	0.0
90.125	0.0	0.0
90.25	0.0	0.0
90.375	0.0	0.0
90.5	0.0	0.0
90.625	0.0	0.0
90.75	0.0	0.0
90.875	0.0	0.0
91.0	0.0	0.0
91.125	0.0	0.0
91.25	0.0	0.0
91.375	0.0	0.0
91.5	0.0	0.0
91.625	0.0	0.0
91.75	0.0	0.0
91.875	0.0	0.0
92.0	0.0	0.0
92.125	0.0	0.0
92.25	0.0	0.0
92.375	0.0	0.0
92.5	0.0	0.0
92.625	0.0	0.0
92.75	0.0	0.0
92.875	0.0	0.0
93.0	0.0	0.0
93.125	0.0	0.0
93.25	0.0	0.0
93.375	0.0	0.0
93.5	0.0	0.0
93.625	0.0	0.0
93.75	0.0	0.0
93.875	0.0	0.0
94.0	0.0	0.0
94.125	0.0	0.0
94.25	0.0	0.0
94.375	0.0	0.0
94.5	0.0	0.0
94.625	0.0	0.0
94.75	0.0	0.0
94.875	0.0	0.0
95.0	0.0	0.0
95.125	0.0	0.0
95.25	0.0	0.0
95.375	0.0	0.0
95.5	0.0	0.0
95.625	0.0	0.0
95.75	0.0	0.0
95.875	0.0	0.0
96.0	0.0	0.0
96.125	0.0	0.0
96.25	0.0	0.0
96.375	0.0	0.0
96.5	0.0	1.0e-6
96.625	0.0	1.0e-6
96.75	0.0	1.0e-6
96.875	0.0	1.0e-6
97.0	0.0	1.0e-6
97.125	0.0	1.0e-6
97.25	0.0	1.0e-6
97.375	0.0	1.0e-6
