0.0	0.0
0.125	0.0
0.25	0.0
0.375	0.0
0.5	0.0
0.625	0.0
0.75	0.0
0.875	0.0
1.0	0.0
1.125	0.0
1.25	0.0
1.375	0.0
1.5	0.0
1.625	0.0
1.75	0.0
1.875	0.0
2.0	0.0
2.125	0.0
2.25	0.0
2.375	0.0
2.5	0.0
2.625	0.0
2.75	0.0
2.875	0.0
3.0	0.0
3.125	0.0
3.25	0.0
3.375	0.0
3.5	0.18709492852304033
3.625	0.1752786480027258
3.75	0.16019560654732995
3.875	0.14175060039270887
4.0	0.11987663258235427
4.125	0.09455939619020626
4.25	0.06581975244010219
4.375	0.0337377986734058
4.5	-0.0015663096717632007
4.625	-0.03990899523733018
4.75	-0.08106445025550203
4.875	-0.12474220482298619
5.0	-0.17061062705546676
5.125	-0.21827556092374278
5.25	-0.267306342659184
5.375	-0.3172155289834995
5.5	-0.36748752982029953
5.625	-0.4175593107133345
5.75	-0.46685162214080234
5.875	-0.5147504102103527
6.0	-0.5606405007995411
6.125	-0.6038872993907521
6.25	-0.6438726753282932
6.375	-0.679976384675529
6.5	-0.7116138084428176
6.625	-0.7382164009771753
6.75	-0.7592708786226409
6.875	-0.7742978881628741
7.0	-0.7828922311319291
7.125	-0.7846988670387576
7.25	-0.7794538047381947
7.375	-0.7669565038482049
7.5	-0.7471111788438835
7.625	-0.7198946329881714
7.75	-0.6853979142504932
7.875	-0.6437885935864824
8.0	-0.5953529990906014
8.125	-0.5404519046464304
8.25	-0.47956397504389797
8.375	-0.4132337075989652
8.5	-0.34211729743695046
8.625	-0.26692137172309127
8.75	-0.18845334547541542
8.875	-0.10754879475721155
9.0	-0.025129798609960632
9.125	0.05788279236574792
9.25	0.1404967733365853
9.375	0.2217591588052052
9.5	0.3006564159760351
9.625	0.37626837380024714
9.75	0.4476050516936664
9.875	0.5139095130752117
10.0	0.5740832361339218
10.125	0.6273251849729836
10.25	0.673078248767989
10.375	0.7106953799784816
10.5	0.7397196538214438
10.625	0.7597352969113027
10.75	0.7704955189448244
10.875	0.7718344308318434
11.0	0.7637489745695671
11.125	0.7463357941403457
11.25	0.7198482615895079
11.375	0.6846458358088664
11.5	0.6412344806449577
11.625	0.5902228229812156
11.75	0.5323503091545672
11.875	0.4684472723103898
12.0	0.3994535965396209
12.125	0.3263812286501957
12.25	0.25032540560379146
12.375	0.17242897248209788
12.5	0.09388787509656582
12.625	0.015917159674522896
12.75	-0.060247765579915735
12.875	-0.1333832504793383
13.0	-0.2022790051098295
13.125	-0.2657679489113553
13.25	-0.32272943040295377
13.375	-0.3721163203137924
13.5	-0.41295872960137736
13.625	-0.4443878425184291
13.75	-0.465639156085308
13.875	-0.4760725882160216
14.0	-0.47517442062893367
14.125	-0.46257330021029935
14.25	-0.43804023963759103
14.375	-0.40150024412713137
14.5	-0.3530299044960144
14.625	-0.2928645147928535
14.75	-0.22139297493647023
14.875	-0.139160407372976
15.0	-0.04686026465269849
15.125	0.054667403344548005
15.25	0.16444657299731308
15.375	0.281371040376509
15.5	0.4042175577783327
15.625	0.5316552733342241
15.75	0.6622610256107049
15.875	0.7945319046564551
16.0	0.9269022332427754
16.125	1.0577586325634512
16.25	1.1854581238723718
16.375	1.3083450100767071
16.5	1.4247694594697338
16.625	1.533105463810151
16.75	1.6317692172205212
16.875	1.7192373829330199
17.0	1.794064555738732
17.125	1.8549010641495016
17.25	1.9005088045127734
17.375	1.9297778235677885
17.5	1.9417398369457746
17.625	1.935582879585951
17.75	1.9106618711959247
17.875	1.8665106891488528
18.0	1.802849218707285
18.125	1.7195922948663573
18.25	1.6168527753783637
18.375	1.4949469139083382
18.5	1.354393117994485
18.625	1.195913454278071
18.75	1.020427899295658
18.875	0.8290518356685954
19.0	0.6230857675416683
19.125	0.4040088402940568
19.25	0.17346416954488542
19.375	-0.06675139950771419
19.5	-0.31470601677583493
19.625	-0.5683464259543991
19.75	-0.825520227502265
19.875	-1.083992252440391
20.0	-1.3414696756860753
20.125	-1.5956204166400898
20.25	-1.8441002621692122
20.375	-2.084572405009798
20.5	-2.3147356124162934
20.625	-2.532343907073132
20.75	-2.73523473274596
20.875	-2.921347718870027
21.0	-3.088751756218662
21.125	-3.2356617724268464
21.25	-3.3604636444278166
21.375	-3.4617279522893845
21.5	-3.53823172397563
21.625	-3.5889682304890766
21.75	-3.6131646822419787
21.875	-3.6102872777593884
22.0	-3.5800541460251667
22.125	-3.5224350586002706
22.25	-3.4376591317381777
22.375	-3.32620884906024
22.5	-3.188822290826289
22.625	-3.026481379673269
22.75	-2.8404086793145606
22.875	-2.63205005534188
23.0	-2.4030663669999988
23.125	-2.1553110132179527
23.25	-1.8908171131132239
23.375	-1.6117706682580428
23.5	-1.3204940743323952
23.625	-1.0194158586452955
23.75	-0.7110515720248521
23.875	-0.39797124183496685
24.0	-0.08277884693199414
24.125	0.23192125063265934
24.25	0.5435449539021813
24.375	0.8495617009668655
24.5	1.1475139210995497
24.625	1.4350487011018342
24.75	1.7099347836790297
24.875	1.9700914102572935
25.0	2.213601715266544
25.125	2.4387376777650065
25.25	2.6439689479068895
25.375	2.827983050749214
25.5	2.989688917164015
25.625	3.1282317413621485
25.75	3.24299076468613
25.875	3.333588479169441
26.0	3.3998825134193624
26.125	3.44196918148617
26.25	3.460169628354969
26.375	3.455028029118701
26.5	3.427292449951478
26.625	3.377908289751754
26.75	3.307994583994422
26.875	3.218833533455781
27.0	3.111843207787946
27.125	2.9885642095619627
27.25	2.850629909041558
27.375	2.699751435393662
27.5	2.5376866844682358
27.625	2.36622490496892
27.75	2.1871557613479666
27.875	2.002254787288288
28.0	1.813253754432196
28.125	1.6218281990968977
28.25	1.4295702469112541
28.375	1.237979285702544
28.5	1.0484382325639474
28.625	0.8622082344687134
28.75	0.6804091476686276
28.875	0.5040189091729496
29.0	0.3338587413956653
29.125	0.1705975660504275
29.25	0.014742164441200002
29.375	-0.133353283875508
29.5	-0.2734921467652619
29.625	-0.4056208842125043
29.75	-0.529829446672114
29.875	-0.6463323868109004
30.0	-0.7554653196658726
30.125	-0.8576623305981953
30.25	-0.9534493317920713
30.375	-1.043418697685989
30.5	-1.1282205286241587
30.625	-1.208535592980182
30.75	-1.2850656266486706
30.875	-1.3585057472015551
31.0	-1.4295349713928514
31.125	-1.4987892867541077
31.25	-1.5668535559422792
31.375	-1.6342363845655046
31.5	-1.7013645022175063
31.625	-1.7685604549882605
31.75	-1.8360404130821342
31.875	-1.9038955487410771
32.0	-1.9720940273207705
32.125	-2.040466715556684
32.25	-2.108713877496762
32.375	-2.1763956059543346
32.5	-2.2429434795470096
32.625	-2.307655835409469
32.75	-2.369714363016171
32.875	-2.4281840534819463
33.0	-2.482034424830133
33.125	-2.5301437075453572
33.25	-2.57132412943102
33.375	-2.604329643135864
33.5	-2.6278844608786267
33.625	-2.640693410938715
33.75	-2.6414727159726605
33.875	-2.62896189361585
34.0	-2.6019556274224054
34.125	-2.559316011058308
34.25	-2.5000042759817545
34.375	-2.423092125667828
34.5	-2.3277920639123812
34.625	-2.2134665784095655
34.75	-2.0796558596550945
34.875	-1.9260836719765524
35.0	-1.752681363736231
35.125	-1.5595894052408
35.25	-1.347176761335035
35.375	-1.1160372729695307
35.5	-0.8670036853290153
35.625	-0.6011382938194889
35.75	-0.3197411839145458
35.875	-0.024334841108635114
36.0	0.2833335501282028
36.125	0.601313532999082
36.25	0.9274548680027206
36.375	1.2594346906156402
36.5	1.5947663337051246
36.625	1.9308316138250357
36.75	2.26489424401546
36.875	2.5941363737383316
37.0	2.9156755946412405
37.125	3.2266046250842586
37.25	3.524010701345668
37.375	3.805017114476335
37.5	4.066803625524437
37.625	4.306648440110162
37.75	4.521948197158873
37.875	4.710258912213253
38.0	4.869314070369507
38.125	4.997063086717486
38.25	5.091686087693443
38.375	5.151628526384255
38.5	5.175611360751019
38.625	5.162660619449858
38.75	5.112111875162993
38.875	5.023633776169183
39.0	4.897225959784105
39.125	4.733235836045353
39.25	4.53234937846324
39.375	4.295600756021313
39.5	4.024355762082554
39.625	3.720314224486818
39.75	3.3854861728024486
39.875	3.022187297298077
40.0	2.633008293067967
40.125	2.220803970195087
40.25	1.7886565337916853
40.375	1.339859253206387
40.5	0.8778747236506894
40.625	0.4063142664759629
40.75	-0.07110754365491231
40.875	-0.5505963659453207
41.0	-1.0283258389275762
41.125	-1.5004624295444293
41.25	-1.9632138810603699
41.375	-2.412853827157385
41.5	-2.8457693387979797
41.625	-3.2584837115197414
41.75	-3.6477015512353383
41.875	-4.01032822417486
42.0	-4.343511039702002
42.125	-4.6446540056925745
42.25	-4.911453853155718
42.375	-5.141908957455289
42.5	-5.334349195357085
42.625	-5.487438163332737
42.75	-5.600196150122856
42.875	-5.671995093670544
43.0	-5.702574276586322
43.125	-5.692027797360607
43.25	-5.6408129358992225
43.375	-5.549730255780389
43.5	-5.419924925303961
43.625	-5.252859898704178
43.75	-5.0503107981740065
43.875	-4.814332926832556
44.0	-4.547250603335022
44.125	-4.251619023288385
44.25	-3.9302091766722382
44.375	-3.5859657848784927
44.5	-3.221989111231982
44.625	-2.8414903484210097
44.75	-2.4477717460940798
44.875	-2.0441809020684354
45.0	-1.634090674021655
45.125	-1.220853835096666
45.25	-0.8077842085516465
45.375	-0.3981130855242134
45.5	0.005027074730016207
45.625	0.3986431952186136
45.75	0.7798941305198932
45.875	1.1461271007833094
46.0	1.4948855154693523
46.125	1.8239404378800286
46.25	2.131292957993561
46.375	2.4152000992264697
46.5	2.674171291147091
46.625	2.9069884140652715
46.75	3.1126962102540103
46.875	3.2906164501695656
47.0	3.440332405619458
47.125	3.5616973994038745
47.25	3.654813731529503
47.375	3.7200361283230072
47.5	3.7579457505674667
47.625	3.769349276864433
47.75	3.7552488197278913
47.875	3.716837551623866
48.0	3.655466503357885
48.125	3.5726377629483617
48.25	3.469969224686664
48.375	3.3491864568959664
48.5	3.2120865074372897
48.625	3.0605295455954855
48.75	2.896402811171935
48.875	2.721613090301041
49.0	2.5380518240847345
49.125	2.3475893828685557
49.25	2.152042232650677
49.375	1.9531698343695563
49.5	1.7526446101890045
49.625	1.5520521226603807
49.75	1.352864398158862
49.875	1.1564438456716009
50.0	0.9640202918528734
50.125	0.7766988916418981
50.25	0.5954410197207775
50.375	0.4210762162553713
50.5	0.2542868738770255
50.625	0.09562406214782468
50.75	-0.05450424232272408
50.875	-0.19581378999708324
51.0	-0.32815270601967356
51.125	-0.45147907425288364
51.25	-0.5658670216684097
51.375	-0.6714818644571026
51.5	-0.7685842908492333
51.625	-0.857503764793259
51.75	-0.9386415326114729
51.875	-1.0124430234269106
52.0	-1.0794004288846597
52.125	-1.1400248434809446
52.25	-1.1948491514296107
52.375	-1.244400616246798
52.5	-1.2892047575683558
52.625	-1.3297590314715766
52.75	-1.3665382971368203
52.875	-1.3999701326258356
53.0	-1.4304423825206931
53.125	-1.4582805345340215
53.25	-1.4837577113790548
53.375	-1.507074398711188
53.5	-1.52837110475852
53.625	-1.5477105870847294
53.75	-1.5650932593675713
53.875	-1.580441920692906
54.0	-1.5936198475186572
54.125	-1.6044178916307748
54.25	-1.6125750634298641
54.375	-1.6177677395742682
54.5	-1.6196324271001667
54.625	-1.6177567144645422
54.75	-1.6117038094277483
54.875	-1.6010047818715387
55.0	-1.5851843953991154
55.125	-1.5637541298652986
55.25	-1.5362387795575054
55.375	-1.5021697094543722
55.5	-1.4611116726097602
55.625	-1.4126557470807382
55.75	-1.3564458314528052
55.875	-1.2921707282586674
56.0	-1.2195898080031922
56.125	-1.1385237477476482
56.25	-1.0488789080463616
56.375	-0.9506362992817616
56.5	-0.8438742893004264
56.625	-0.7287554513935094
56.75	-0.60554730916527
56.875	-0.47460681456506043
57.0	-0.33639893625120354
57.125	-0.19147861927115728
57.25	-0.040507129290379355
57.375	0.1157685472575897
57.5	0.2765015828542336
57.625	0.4407684027657768
57.75	0.607556663281964
57.875	0.7757906722689142
58.0	0.9443212423364482
58.125	1.1119531777017577
58.25	1.2774366909317
58.375	1.4394966149108455
58.5	1.596824997736661
58.625	1.7481116327535045
58.75	1.8920373882355264
58.875	2.027305599744991
59.0	2.1526356511932017
59.125	2.266794743625381
59.25	2.3685912231606854
59.375	2.4569062293979433
59.5	2.530686263946384
59.625	2.5889742299866376
59.75	2.6309007522720047
59.875	2.6557141463007357
60.0	2.6627700358105875
60.125	2.651559834242507
60.25	2.621698257304985
60.375	2.572949959112897
60.5	2.505214603290928
60.625	2.4185513690647737
60.75	2.3131613221109943
60.875	2.18940958929171
61.0	2.0478048572122938
61.125	1.8890191052712806
61.25	1.7138641525897953
61.375	1.523308934449468
61.5	1.318453113699209
61.625	1.1005419822378046
61.75	0.8709372479296797
61.875	0.6311297373218718
62.0	0.3827075603065528
62.125	0.12736687960852805
62.25	-0.13312226014200168
62.375	-0.3969067494023532
62.5	-0.6620865587561335
62.625	-0.9267067252325735
62.75	-1.1887950472936621
62.875	-1.4463547660534124
63.0	-1.6974033376309305
63.125	-1.9399652926093611
63.25	-2.1721115807089233
63.375	-2.391952066062738
63.5	-2.5976749238485803
63.625	-2.787538220580496
63.75	-2.9599088448296245
63.875	-3.1132526310990634
64.0	-3.2461723271642438
64.125	-3.3573957470099107
64.25	-3.445812315164976
64.375	-3.5104587778657392
64.5	-3.5505539190286877
64.625	-3.5654814179436434
64.75	-3.5548224006695497
64.875	-3.518335105320388
65.0	-3.455985014644086
65.125	-3.367921074040199
65.25	-3.2545032434214543
65.375	-3.1162751057920866
65.5	-2.953988776368523
65.625	-2.768573837824167
65.75	-2.5611596489639603
65.875	-2.3330406433465942
66.0	-2.085696185297186
66.125	-1.820752368160257
66.25	-1.5399996687589643
66.375	-1.245351476593902
66.5	-0.938859895722364
66.625	-0.6226713234642948
66.75	-0.29904083794222175
66.875	0.029714778858486335
67.0	0.3612035518515266
67.125	0.6930073881148849
67.25	1.0226689060936438
67.375	1.347742105675533
67.5	1.6657788881603104
67.625	1.9743807897108443
67.75	2.2711845341009154
67.875	2.5539142899263094
68.0	2.820365586199779
68.125	3.0684575661503053
68.25	3.2962146023654095
68.375	3.501818053357672
68.5	3.683584939662965
68.625	3.840018763293392
68.75	3.9697846477717444
68.875	4.071758854229821
69.0	4.144999844865623
69.125	4.188796221381013
69.25	4.202633240162537
69.375	4.186239007152442
69.5	4.139546050876735
69.625	4.062735730574586
69.75	3.9561945560828424
69.875	3.820556900835214
70.0	3.6566558409879266
70.125	3.465564409529808
70.25	3.248540805687895
70.375	3.007068578986632
70.5	2.742796127993594
70.625	2.4575763625408023
70.75	2.1534004614892055
70.875	1.8324377274648753
71.0	1.4969635985808305
71.125	1.1494005848123392
71.25	0.7922405187588138
71.375	0.42808765101467433
71.5	0.05957506738937526
71.625	-0.3105887681244659
71.75	-0.6797096254408022
71.875	-1.0450559776181838
72.0	-1.40395505338316
72.125	-1.7537344556612915
72.25	-2.091825416415399
72.375	-2.4156952523447837
72.5	-2.7229591456602864
72.625	-3.0113004453955785
72.75	-3.278593213325379
72.875	-3.5228062623646625
73.0	-3.7421402712935747
73.125	-3.9349094425393174
73.25	-4.099699882866627
73.375	-4.235218724223972
73.5	-4.340486510123105
73.625	-4.4146340937315705
73.75	-4.457157040743965
73.875	-4.467610844078187
74.0	-4.446009646014853
74.125	-4.392171753148488
74.25	-4.3041764212804035
74.375	-4.18562852789552
74.5	-4.037100066495924
74.625	-3.8598011112642996
74.75	-3.654949824058316
74.875	-3.4241326274585884
75.0	-3.169006218729651
75.125	-2.8915105060741917
75.25	-2.593664115819865
75.375	-2.2777103092804163
75.5	-1.945958413883416
75.625	-1.600890948847853
75.75	-1.2450325385948915
75.875	-0.8810317574660437
76.0	-0.5115485579076741
76.125	-0.13931855174835814
76.25	0.23294593212614315
76.375	0.6025041641571376
76.5	0.9666751565704427
76.625	1.3227945343438379
76.75	1.6682969518655204
76.875	2.0006716084104044
77.0	2.317544454151967
77.125	2.6166382437621936
77.25	2.895839400552073
77.375	3.1531688730846517
77.5	3.386838565491258
77.625	3.5952244107863565
77.75	3.7769160044310697
77.875	3.930690319928563
78.0	4.055554757086276
78.125	4.150720712809811
78.25	4.215640250169868
78.375	4.249978939846663
78.5	4.253646384788572
78.625	4.226767932818826
78.75	4.169709342804916
78.875	4.083047139153933
79.0	3.9675877699327935
79.125	3.8243365299045164
79.25	3.6545116315805783
79.375	3.4595117644284983
79.5	3.2409255702792112
79.625	3.0004980310659093
79.75	2.740135905243134
79.875	2.4618732433519783
80.0	2.167873397921038
80.125	1.8603940537896058
80.25	1.541786466980083
80.375	1.2144604637917897
80.5	0.8808815918047324
80.625	0.5435365874218105
80.75	0.20492913273460936
80.875	-0.1324536849212557
81.0	-0.4661463239947596
81.125	-0.7937368112792174
81.25	-1.1128717403254995
81.375	-1.4212862687338448
81.5	-1.7168085468781211
81.625	-1.9973872204625376
81.75	-2.2610947323978605
81.875	-2.5061519165808623
82.0	-2.730929690319576
82.125	-2.9339703958115466
82.25	-3.113987487352975
82.375	-3.2698833597672263
82.5	-3.4007467309629202
82.625	-3.5058667884334564
82.75	-3.5847280704465
82.875	-3.6370208593110998
83.0	-3.6626334702792867
83.125	-3.6616589200622145
83.25	-3.6343846380195153
83.375	-3.581295536907107
83.5	-3.5030612627794864
83.625	-3.400535888796415
83.75	-3.2747419849981734
83.875	-3.126871068371637
84.0	-2.9582607520978925
84.125	-2.770392719166741
84.25	-2.564873149951167
84.375	-2.3434244151881396
84.5	-2.107865384445074
84.625	-1.8601013683849346
84.75	-1.6021037430826055
84.875	-1.3358986651507616
85.0	-1.063546508460494
85.125	-0.787129889968907
85.25	-0.5087334235759248
85.375	-0.2304315915614426
85.5	0.04573068880364184
85.625	0.317749833019514
85.75	0.5836817400541098
85.875	0.8416527196367946
86.0	1.089875931306781
86.125	1.3266620652670007
86.25	1.5504297010948214
86.375	1.7597191663099208
86.5	1.9532007031557914
86.625	2.129681476896061
86.75	2.288114905995643
86.875	2.427604598844092
87.0	2.5474109030064493
87.125	2.6469525614948024
87.25	2.7258104126601124
87.375	2.7837267206075174
87.5	2.8206060419369487
87.625	2.8365122697569
87.75	2.8316667656384666
87.875	2.8064432376077795
88.0	2.7613633126635486
88.125	2.697089443548189
88.25	2.61441816654742
88.375	2.514271297470104
88.5	2.3976871790804664
88.625	2.2658104816296403
88.75	2.119881792435291
88.875	1.9612263789932285
89.0	1.7912425086232804
89.125	1.611389064711705
89.25	1.4231756158739186
89.375	1.228145434286972
89.5	1.0278649966424287
89.625	0.8239157460168731
89.75	0.6178747257541046
89.875	0.4113067658434992
90.0	0.20575108350973315
90.125	0.00271077515916587
90.25	-0.19635911181398044
90.375	-0.39006083720373863
90.5	-0.5770648527195136
90.625	-0.7561175245577274
90.75	-0.9260507056073907
90.875	-1.085787690740509
91.0	-1.2343512651593902
91.125	-1.3708677206940876
91.25	-1.494573231461965
91.375	-1.6048158231171707
91.5	-1.7010599920329306
91.625	-1.7828865845241182
91.75	-1.8499956410687037
91.875	-1.9022042067756917
92.0	-1.9394474455370856
92.125	-1.9617744643039472
92.25	-1.9693478014488588
92.375	-1.9624374037832462
92.5	-1.941418646968088
92.625	-1.906764653936063
92.75	-1.8590430513360146
92.875	-1.7989068596853142
93.0	-1.7270902273044053
93.125	0.0
93.25	0.0
93.375	0.0
93.5	0.0
93.625	0.0
93.75	0.0
93.875	0.0
94.0	0.0
94.125	0.0
94.25	0.0
94.375	0.0
94.5	0.0
94.625	0.0
94.75	0.0
94.875	0.0
95.0	0.0
95.125	0.0
95.25	0.0
95.375	0.0
95.5	0.0
95.625	0.0
95.75	0.0
95.875	0.0
96.0	0.0
96.125	0.0
96.25	0.0
96.375	0.0
96.5	0.0
96.625	0.0
96.75	0.0
96.875	0.0
97.0	0.0
97.125	0.0
97.25	0.0
97.375	0.0
97.5	0.0
