0.0	0.0018474374400625046
0.007827788649706457	0.02386650061904218
0.015655577299412915	0.01777878860241871
0.023483365949119372	0.029456011163016032
0.03131115459882583	0.01659400757324079
0.03913894324853229	0.041070500846202354
0.046966731898238745	0.042036660229121905
0.0547945205479452	0.05852196456236005
0.06262230919765166	0.048538395468646425
0.07045009784735812	0.03565275574119575
0.07827788649706457	0.021306405707603192
0.08610567514677103	0.028885439865765854
0.09393346379647749	0.03663493652526353
0.10176125244618395	0.018916380266611747
0.1095890410958904	0.022382330301645745
0.11741682974559686	0.027803245944344718
0.12524461839530332	0.023266439910672797
0.13307240704500978	0.009920997846841015
0.14090019569471623	0.019638809637506426
0.1487279843444227	0.024553390034698835
0.15655577299412915	0.030389605349378648
0.1643835616438356	0.028957764203387998
0.17221135029354206	0.015871257512132284
0.18003913894324852	0.010334821016831237
0.18786692759295498	0.022550106464573824
0.19569471624266144	0.03357401417375487
0.2035225048923679	0.03400630956109888
0.21135029354207435	0.05200860024958458
0.2191780821917808	0.036735352935755916
0.22700587084148727	0.02144571026104549
0.23483365949119372	0.0040404680650810215
0.24266144814090018	0.011049574332624722
0.25048923679060664	0.016713954908736055
0.2583170254403131	0.017284635960252377
0.26614481409001955	0.007641826072739183
0.273972602739726	0.011975904751149171
0.28180039138943247	0.011830415894432468
0.2896281800391389	0.004293504363512561
0.2974559686888454	0.006867628979484624
0.30528375733855184	0.004669402168820211
0.3131115459882583	0.002235985486210365
0.32093933463796476	0.003852862260291731
0.3287671232876712	0.0009923277105644132
0.33659491193737767	0.003382113346931519
0.34442270058708413	0.0011187578815010737
0.3522504892367906	0.002518663562037941
0.36007827788649704	0.0033971210475672703
0.3679060665362035	0.004315734033153457
0.37573385518590996	0.0053873727753173785
0.3835616438356164	0.007559444925055653
0.3913894324853229	0.009898326914661946
0.39921722113502933	0.0056702477012630466
0.4070450097847358	0.0070575434391336855
0.41487279843444225	0.004897945933225874
0.4227005870841487	0.004281406509175309
0.43052837573385516	0.006681443313524368
0.4383561643835616	0.00912319396974707
0.4461839530332681	0.007725255310536875
0.45401174168297453	0.0063597732705944375
0.461839530332681	0.007351084069885723
0.46966731898238745	0.005280357066309269
0.4774951076320939	0.007286776474549601
0.48532289628180036	0.005710135123074717
0.4931506849315068	0.0056200226094180504
0.5009784735812133	0.006006429240403141
0.5088062622309197	0.005458972969726352
0.5166340508806262	0.00582096959072024
0.5244618395303327	0.00612955134866683
0.5322896281800391	0.00988098920639895
0.5401174168297456	0.008061484867768925
0.547945205479452	0.00540035334943328
0.5557729941291585	0.0049228063493188595
0.5636007827788649	0.005090402763764856
0.5714285714285714	0.008077479935114746
0.5792563600782779	0.008403604088610083
0.5870841487279843	0.009524479915328727
0.5949119373776908	0.01027086412780952
0.6027397260273972	0.008943536521948497
0.6105675146771037	0.006082895011399375
0.6183953033268101	0.00663538347833566
0.6262230919765166	0.008927170647802055
0.6340508806262231	0.009917638325468728
0.6418786692759295	0.011003400492041368
0.649706457925636	0.009907649107934752
0.6575342465753424	0.009804979217801487
0.6653620352250489	0.005820611079597099
0.6731898238747553	0.005023788018027865
0.6810176125244618	0.006636289479224194
0.6888454011741683	0.007054738577395177
0.6966731898238747	0.008067155923302134
0.7045009784735812	0.007080441009196819
0.7123287671232876	0.006745009343578218
0.7201565557729941	0.005167887396459281
0.7279843444227005	0.0038344620042944796
0.735812133072407	0.0027651930808768035
0.7436399217221135	0.003388742309706695
0.7514677103718199	0.0035149085273415504
0.7592954990215264	0.003199068588806048
0.7671232876712328	0.00227095099056455
0.7749510763209393	0.0014184889861280027
0.7827788649706457	0.001538468800797075
0.7906066536203522	0.0005606983526583911
0.7984344422700587	0.0006754587464603491
0.8062622309197651	0.0004685131644203432
0.8140900195694716	0.00048260089448631127
0.821917808219178	0.0005063959072869371
0.8297455968688845	0.0008828629368567968
0.837573385518591	0.0009557952723892621
0.8454011741682974	0.0014299289793112768
0.8532289628180039	0.0019474279463588895
0.8610567514677103	0.00180204339741685
0.8688845401174168	0.0013152603266108965
0.8767123287671232	0.0019981920574599736
0.8845401174168297	0.001961366984074974
0.8923679060665362	0.002309007344763402
0.9001956947162426	0.002024651809080507
0.9080234833659491	0.002412421919888574
0.9158512720156555	0.0021031334080474804
0.923679060665362	0.002011470696162884
0.9315068493150684	0.002616855816537409
0.9393346379647749	0.0018167846675280503
0.9471624266144814	0.002360432013352386
0.9549902152641878	0.0016610687158099006
0.9628180039138943	0.0017693892416169611
0.9706457925636007	0.002208836916956626
0.9784735812133072	0.002151421679926443
0.9863013698630136	0.0015991485764271993
0.9941291585127201	0.0016547283752721988
1.0019569471624266	0.002423679959058477
1.009784735812133	0.0014840627318519469
1.0176125244618395	0.0020138843313471234
1.025440313111546	0.001709963277151909
1.0332681017612524	0.0017326802222328319
1.0410958904109588	0.0020371559178908962
1.0489236790606653	0.0016508089940839338
1.0567514677103718	0.0016782118415843283
1.0645792563600782	0.0016771503805375826
1.0724070450097847	0.0017042576264207298
1.0802348336594911	0.0014965830832620896
1.0880626223091976	0.0017194670236553083
1.095890410958904	0.00135115611347136
1.1037181996086105	0.0017418019424494651
1.111545988258317	0.0013154626825221958
1.1193737769080234	0.00138320054097201
1.1272015655577299	0.0015009185052445
1.1350293542074363	0.0012821579502609534
1.1428571428571428	0.0014833745165812203
1.1506849315068493	0.0012364400507225432
1.1585127201565557	0.0014101036595077492
1.1663405088062622	0.0009347698081927073
1.1741682974559686	0.001392915321925859
1.181996086105675	0.0010098562893523916
1.1898238747553815	0.0011162846544547594
1.197651663405088	0.0010847173592478628
1.2054794520547945	0.0009995818541250995
1.213307240704501	0.0010547425962772338
1.2211350293542074	0.000895836451708955
1.2289628180039138	0.0011104146504609799
1.2367906066536203	0.0007930456527679731
1.2446183953033267	0.0011259951340137613
1.2524461839530332	0.0008339914421641201
1.2602739726027397	0.001088406063638015
1.2681017612524461	0.0008348962127266682
1.2759295499021526	0.0010252784340985545
1.283757338551859	0.0008682432838698956
1.2915851272015655	0.000892649612181152
1.299412915851272	0.0009443525792301764
1.3072407045009784	0.0008255661455105965
1.3150684931506849	0.0010221153429496414
1.3228962818003913	0.0006804717208851055
1.3307240704500978	0.0010313399323142979
1.3385518590998042	0.0006899986864315145
1.3463796477495107	0.0009449100961769239
1.3542074363992171	0.0007462533692923897
1.3620352250489236	0.0009120706425745729
1.36986301369863	0.0007484563727438449
1.3776908023483365	0.0007907923210968602
1.385518590998043	0.000868418201637482
1.3933463796477494	0.00062997194034401
1.401174168297456	0.0009047425539316542
1.4090019569471623	0.0006406557666560861
1.4168297455968688	0.0008458603614880276
1.4246575342465753	0.0005753945931560472
1.4324853228962817	0.0008457603010225107
1.4403131115459882	0.0005788894657725567
1.4481409001956946	0.0007263329054531007
1.455968688845401	0.0007014560438084919
1.4637964774951076	0.0006188536028798826
1.471624266144814	0.0007386741604526783
1.4794520547945205	0.0005488943375529294
1.487279843444227	0.0007440721680911262
1.4951076320939334	0.00046871086629576874
1.5029354207436398	0.0007706928617306718
1.5107632093933463	0.0004855815635000104
1.5185909980430528	0.000672531873160942
1.5264187866927592	0.0005473919822194718
1.5342465753424657	0.0006059563472694833
1.5420743639921721	0.0005760271707773477
1.5499021526418786	0.000492085840617239
1.557729941291585	0.0006628431748278305
1.5655577299412915	0.00042374854106699985
1.573385518590998	0.0006523939015186635
1.5812133072407044	0.0003923028098522148
1.5890410958904109	0.0006317616977089355
1.5968688845401173	0.0004008579616840619
1.6046966731898238	0.0005691765946353877
1.6125244618395302	0.00046982364705522143
1.6203522504892367	0.00045657860040786786
1.6281800391389432	0.0005377850093948879
1.6360078277886496	0.00037754801769521027
1.643835616438356	0.0005333174549788809
1.6516634050880625	0.0002961771801850183
1.659491193737769	0.0005753820831630426
1.6673189823874754	0.00029223850775312427
1.675146771037182	0.0004940922893620713
1.6829745596868884	0.00035356506900573203
1.6908023483365948	0.0004248484197787499
1.6986301369863013	0.000390098696746589
1.7064579256360077	0.0003408482021513986
1.7142857142857142	0.00045896921998824045
1.7221135029354206	0.000237632143206761
1.729941291585127	0.00046337884776469045
1.7377690802348336	0.00018952555080590394
1.74559686888454	0.0004270513122768532
1.7534246575342465	0.00023300423283455552
1.761252446183953	0.000401611701282696
1.7690802348336594	0.0002873954987977585
1.7769080234833659	0.0003079907299026875
1.7847358121330723	0.0003426065045024166
1.7925636007827788	0.00020788196831245033
1.8003913894324852	0.0003719418724998038
1.8082191780821917	0.0001607918054074355
1.8160469667318981	0.00036267555462531076
1.8238747553816046	0.0001185926892969139
1.831702544031311	0.00036143568672185425
1.8395303326810175	0.00017198843496631864
1.847358121330724	0.0002835973109458268
1.8551859099804304	0.00025882322834170366
1.8630136986301369	0.00026227599593616315
1.8708414872798433	0.00027765999619396004
1.8786692759295498	0.00014878085276152513
1.8864970645792563	0.00034115177956817476
1.8943248532289627	0.00010106257966703885
1.9021526418786692	0.0003383644922551388
1.9099804305283756	0.00013092048817525735
1.917808219178082	0.0002877209742862369
1.9256360078277885	0.00015667474079394215
1.933463796477495	0.0002575076534890479
1.9412915851272015	0.000232089235676053
1.949119373776908	0.00017243073163788073
1.9569471624266144	0.00028436162389067833
1.9647749510763208	0.00011870558061156693
1.9726027397260273	0.0002673379750126648
1.9804305283757337	6.972035059852228e-5
1.9882583170254402	0.00029083927163363815
1.9960861056751467	8.89810015589353e-5
2.003913894324853	0.00023902063284351747
2.01174168297456	0.00015326418071464023
2.019569471624266	0.0001933347803900753
2.0273972602739727	0.00019545942093135614
2.035225048923679	0.00015283924541356162
2.0430528375733856	0.00023422276613656857
2.050880626223092	5.2842134642423594e-5
2.0587084148727985	0.0002494446262235109
2.0665362035225048	1.921504956335338e-5
2.0743639921722115	0.0002165811309039759
2.0821917808219177	8.499280519646368e-5
2.0900195694716244	0.0002004983840503666
2.0978473581213306	0.00011123638685972869
2.1056751467710373	0.0001374757663630043
2.1135029354207435	0.000163394285628646
2.12133072407045	0.0001226748947658514
2.1291585127201564	0.0001769250218234958
2.136986301369863	5.6795245410835934e-5
2.1448140900195694	0.00019615190250287686
2.152641878669276	2.6909361190232446e-5
2.1604696673189823	0.0002068917418728577
2.168297455968689	3.58898090418678e-5
2.176125244618395	0.00018723900439448574
2.183953033268102	0.00010287780277031996
2.191780821917808	0.00017776030689229235
2.1996086105675148	0.0001278245717461598
2.207436399217221	0.00012193966329711916
2.2152641878669277	0.00018605013912992183
2.223091976516634	8.872903274441257e-5
2.2309197651663406	0.0001806645073596354
2.238747553816047	2.922327516718024e-5
2.2465753424657535	0.0002136547560043629
2.2544031311154598	3.427398450548874e-5
2.2622309197651664	0.0001978620718650131
2.2700587084148727	9.927530484838142e-5
2.2778864970645794	0.0001736962050791251
2.2857142857142856	0.00016021571041144347
2.2935420743639923	0.00014197461460901598
2.3013698630136985	0.0001846958930321782
2.309197651663405	6.544009531927999e-5
2.3170254403131114	0.00021123817767837008
2.324853228962818	2.692007415356166e-5
2.3326810176125243	0.0002012722619153733
2.340508806262231	6.292209177714233e-5
2.3483365949119372	0.00020065528688666153
2.356164383561644	0.00010683538520887836
2.36399217221135	0.00014748034523599796
2.371819960861057	0.00014111511413477718
2.379647749510763	0.00011049269022531688
2.3874755381604698	0.0001847556598806963
2.395303326810176	6.456039300670662e-5
2.4031311154598827	0.0001837953931803728
2.410958904109589	6.256649975078188e-6
2.4187866927592956	0.00021299033860726406
2.426614481409002	4.062511182124407e-5
2.4344422700587085	0.00018332210490325804
2.4422700587084147	0.00012130034709057703
2.4500978473581214	0.00016684335446288864
2.4579256360078277	0.0001373011201762774
2.4657534246575343	0.00012007448487403112
2.4735812133072406	0.0001938037820036637
2.4814090019569472	7.249937722219579e-5
2.4892367906066535	0.00021255319871906942
2.49706457925636	2.843169740910293e-5
2.5048923679060664	0.0002006288013251593
2.512720156555773	6.399661810535561e-5
2.5205479452054793	0.00021273359252243584
2.528375733855186	0.00011543096480202412
2.5362035225048922	0.00015254967097272257
2.544031311154599	0.00018252698113917985
2.551859099804305	0.00012168655827505307
2.559686888454012	0.00019927580489006685
2.567514677103718	7.702254241842666e-5
2.5753424657534247	0.0002394181179661903
2.583170254403131	4.560838112445198e-5
2.5909980430528377	0.00021467317729126662
2.598825831702544	9.644065104979409e-5
2.6066536203522506	0.0001873130267925336
2.614481409001957	0.00015834178183086174
2.6223091976516635	0.00016207141042085492
2.6301369863013697	0.00018896873523491445
2.6379647749510764	6.852277274439394e-5
2.6457925636007826	0.00021687591243847138
2.6536203522504893	4.6655931957383844e-5
2.6614481409001955	0.00021057702619962514
2.6692759295499022	7.651500440535558e-5
2.6771037181996085	0.00020049093964259106
2.684931506849315	0.00011212885592936147
2.6927592954990214	0.00015627054995707388
2.700587084148728	0.00015150200404644325
2.7084148727984343	0.00011986697437126363
2.716242661448141	0.000201579876129652
2.724070450097847	6.673918819728763e-5
2.731898238747554	0.00019197705051276286
2.73972602739726	2.3438538734645133e-5
2.747553816046967	0.00020855919469647466
2.755381604696673	5.721025117028379e-5
2.7632093933463797	0.00018270339708241137
2.771037181996086	0.00013726570151367717
2.7788649706457926	0.0001463506698331459
2.786692759295499	0.00015180423951062912
2.7945205479452055	0.0001068424372953485
2.802348336594912	0.00019480115904356205
2.8101761252446185	5.157009124533304e-5
2.8180039138943247	0.000215158017775532
2.8258317025440314	4.606422690661526e-5
2.8336594911937376	0.00018994951669449605
2.8414872798434443	8.812713857968655e-5
2.8493150684931505	0.00019559265309602753
2.857142857142857	0.00013968476590267323
2.8649706457925634	0.0001313199348644024
2.87279843444227	0.00019659784425482977
2.8806262230919764	8.833555525702932e-5
2.888454011741683	0.00019703631405081187
2.8962818003913893	6.07321986062804e-5
2.904109589041096	0.0002273560016169593
2.911937377690802	7.1438044303754e-5
2.919765166340509	0.00019910809624647252
2.927592954990215	0.00012129427694723199
2.935420743639922	0.00015246265018815504
2.943248532289628	0.0001715656013727365
2.9510763209393347	0.00012510004283467762
2.958904109589041	0.00019601615309576087
2.9667318982387476	5.086023638618791e-5
2.974559686888454	0.00021393092589367172
2.9823874755381605	3.0080522242973923e-5
2.9902152641878668	0.00018759563995976626
2.9980430528375734	0.00010266295724046277
3.0058708414872797	0.00017567661052861127
3.0136986301369864	0.00013980998529027086
3.0215264187866926	0.00012368339904092089
3.0293542074363993	0.0001650039626492124
3.0371819960861055	7.516234877417284e-5
3.045009784735812	0.0002024557740846696
3.0528375733855184	4.067336160315098e-5
3.060665362035225	0.00018690140751314444
3.0684931506849313	6.785299029115869e-5
3.076320939334638	0.00018245495774437545
3.0841487279843443	9.628100417462535e-5
3.091976516634051	0.00014333758545761376
3.099804305283757	0.00016364650558257934
3.107632093933464	0.00010506981282268037
3.11545988258317	0.00017147710917454986
3.1232876712328768	4.665275218702506e-5
3.131115459882583	0.00018338986124411585
3.1389432485322897	2.452263014993566e-5
3.146771037181996	0.0001934837044567549
3.1545988258317026	7.572347475331462e-5
3.162426614481409	0.00015603101317298467
3.1702544031311155	0.00013337241932033712
3.1780821917808217	0.0001368938661725009
3.1859099804305284	0.00015793635449484593
3.1937377690802347	6.601703317469406e-5
3.2015655577299413	0.0001833203916836017
3.2093933463796476	2.075151422478681e-5
3.2172211350293543	0.00017907805667494658
3.2250489236790605	5.0305465193705524e-5
3.232876712328767	0.00017729142811320086
3.2407045009784734	0.0001111918541325061
3.24853228962818	0.00014364951614943236
3.2563600782778863	0.00013227498409273922
3.264187866927593	7.788785393703631e-5
3.2720156555772992	0.00017932358388755867
3.279843444227006	4.0744519533227245e-5
3.287671232876712	0.00016051441213854118
3.295499021526419	3.724161851294492e-5
3.303326810176125	0.00017850800647675543
3.3111545988258317	7.655491605072884e-5
3.318982387475538	0.00013972188377646606
3.3268101761252447	0.00013169601113973087
3.334637964774951	9.938542327400256e-5
3.3424657534246576	0.0001501793745196958
3.350293542074364	5.5392355978602153e-5
3.3581213307240705	0.00015144388796861172
3.3659491193737767	9.999768970529337e-6
3.3737769080234834	0.0001706198431241735
3.3816046966731896	4.913615945014107e-5
3.3894324853228963	0.00012985626813299012
3.3972602739726026	0.00010685952102463655
3.4050880626223092	0.00011466912655137638
3.4129158512720155	0.0001290280785430772
3.420743639921722	6.284650533935584e-5
3.4285714285714284	0.000148354408821087
3.436399217221135	2.761502115407589e-5
3.4442270058708413	0.00015649476282585584
3.452054794520548	3.148268677071067e-5
3.459882583170254	0.00013649640895282763
3.467710371819961	8.465950257561485e-5
3.475538160469667	0.00013138647855857346
3.483365949119374	9.880799119012973e-5
3.49119373776908	6.947341107396763e-5
3.4990215264187867	0.00013559103737075703
3.506849315068493	6.12683286022246e-5
3.5146771037181996	0.00013398820043436125
3.522504892367906	2.1557044137507197e-5
3.5303326810176126	0.00014448284318557716
3.538160469667319	6.12490965404967e-5
3.5459882583170255	0.00011360351065795421
3.5538160469667317	8.756044298932737e-5
3.5616438356164384	9.152995148707904e-5
3.5694716242661446	0.00012688488527495202
3.5772994129158513	5.855408359137349e-5
3.5851272015655575	0.0001270462109250627
3.592954990215264	2.363214738364535e-5
3.6007827788649704	0.00014160348465833695
3.608610567514677	3.0198119826153616e-5
3.6164383561643834	0.00012478709293113206
3.62426614481409	7.244621379140726e-5
3.6320939334637963	0.00010485588643194083
3.639921722113503	9.548441871758655e-5
3.647749510763209	8.222757179707873e-5
3.655577299412916	0.0001136752312195887
3.663405088062622	3.8636082513237556e-5
3.671232876712329	0.00013762982466188824
3.679060665362035	2.7205386047147575e-5
3.6868884540117417	0.00011218321203519282
3.694716242661448	6.152100336636342e-5
3.7025440313111546	0.00012393451063243295
3.710371819960861	8.274920153776803e-5
3.7181996086105675	6.7828389761583e-5
3.7260273972602738	0.00011478055154532219
3.7338551859099804	6.966525125408037e-5
3.7416829745596867	0.00011510743831531485
3.7495107632093934	1.9981356882443998e-5
3.7573385518590996	0.00012770188302617483
3.7651663405088063	5.454988255990366e-5
3.7729941291585125	0.00010997261252414457
3.780821917808219	6.167911276305833e-5
3.7886497064579254	9.444713992464469e-5
3.796477495107632	9.859356258775573e-5
3.8043052837573383	6.59586085245549e-5
3.812133072407045	0.00010182149170472716
3.8199608610567513	4.70766508008257e-5
3.827788649706458	0.00011976636117458657
3.835616438356164	5.068676774518353e-5
3.843444227005871	0.00010271417521466096
3.851272015655577	6.489925591307895e-5
3.8590998043052838	9.252146435127248e-5
3.86692759295499	9.037103981113312e-5
3.8747553816046967	7.304811178483797e-5
3.882583170254403	8.515705225316262e-5
3.8904109589041096	6.57232542647359e-5
3.898238747553816	0.00010532112304501828
3.9060665362035225	5.920097999015136e-5
3.9138943248532287	8.091305435598894e-5
3.9217221135029354	7.863950716177334e-5
3.9295499021526417	9.589777064510867e-5
3.9373776908023483	7.331183046705847e-5
3.9452054794520546	6.168033231759561e-5
3.9530332681017613	7.977849505550753e-5
3.9608610567514675	8.629054218323134e-5
3.968688845401174	8.42788962581783e-5
3.9765166340508804	6.892126388373854e-5
3.984344422700587	8.09096414871758e-5
3.9921722113502933	8.078469625652373e-5
4.0	4.03075244213139e-5
