0.0	-0.006491643423975469
0.125	-0.1269257769566381
0.25	-0.24767158728069683
0.375	-0.36650563095181016
0.5	-0.48156408862246036
0.625	-0.5910798756773766
0.75	-0.6942647186043687
0.875	-0.7907291302075887
1.0	-0.8798009163885308
1.125	-0.9603070165697606
1.25	-1.03012994365551
1.375	-1.0876527609728042
1.5	-1.131699617069075
1.625	-1.1603898945632483
1.75	-1.173263459232688
1.875	-1.1699312675730524
2.0	-1.1506103547153783
2.125	-1.115348441496735
2.25	-1.0646343543336074
2.375	-0.999448063941257
2.5	-0.9207516553467503
2.625	-0.8296031322260544
2.75	-0.7288005636441246
2.875	-0.6188673130645206
3.0	-0.5024922806925427
3.125	-0.3813679621704115
3.25	-0.2591978417846674
3.375	-0.1369564839711825
3.5	-0.01692338315003437
3.625	0.09771316011761749
3.75	0.20426158322317425
3.875	0.30139991040362807
4.0	0.38853298432591404
4.125	0.46435348523698444
4.25	0.5286911284768252
4.375	0.5811956319258066
4.5	0.62417211005275
4.625	0.6557371161208625
4.75	0.678042520129473
4.875	0.6888011590157519
5.0	0.6897046438066221
5.125	0.6805502589467995
5.25	0.6606651263045021
5.375	0.6322127846692306
5.5	0.5972181036044448
5.625	0.5594071103918955
5.75	0.5193561853792374
5.875	0.4797630252354711
6.0	0.4427982602771623
6.125	0.41019160285632067
6.25	0.3830202110013023
6.375	0.364632948491901
6.5	0.35596699530787523
6.625	0.35845417980039745
6.75	0.37135778795173136
6.875	0.39506624927512707
7.0	0.4273911404937751
7.125	0.46660221042409417
7.25	0.5109502452793877
7.375	0.5596755920490567
7.5	0.6114711837045715
7.625	0.6652804391108094
7.75	0.7184853984832995
7.875	0.7688948289505099
8.0	0.813498578963066
8.125	0.8508058976125532
8.25	0.8792345021505619
8.375	0.8980346801787996
8.5	0.9061094182647617
8.625	0.9026578246482068
8.75	0.8866975869539906
8.875	0.8571112405938692
9.0	0.8127459158072402
9.125	0.753666301200792
9.25	0.6805424623959869
9.375	0.5951746918970838
9.5	0.49990593842660724
9.625	0.3980433280316074
9.75	0.2919388715558667
9.875	0.18313415090598711
10.0	0.07388850164440776
10.125	-0.03384112722161177
10.25	-0.13846782334235477
10.375	-0.23876936006778204
10.5	-0.33294955143901905
10.625	-0.4191948229216699
10.75	-0.49745349698682706
10.875	-0.5670462891449238
11.0	-0.6279882706301076
11.125	-0.6803908157275396
11.25	-0.724066447828702
11.375	-0.7586369979183871
11.5	-0.7835725771478071
11.625	-0.7984665857810094
11.75	-0.8042938558900791
11.875	-0.8026241252865942
12.0	-0.7947132070806224
12.125	-0.7825331610987692
12.25	-0.7673100648395195
12.375	-0.7515608028816607
12.5	-0.7362070717763322
12.625	-0.7224211602311369
12.75	-0.7104716806708332
12.875	-0.7006658757015103
13.0	-0.6919467780228206
13.125	-0.6829310263582609
13.25	-0.6722110454251427
13.375	-0.6581212600285837
13.5	-0.6396051004312094
13.625	-0.6159911385957296
13.75	-0.5875656864416984
13.875	-0.5554237181005617
14.0	-0.5205322479173091
14.125	-0.48459684842283884
14.25	-0.4484886843670435
14.375	-0.4126937701247891
14.5	-0.37723821673184627
14.625	-0.34172892770015134
14.75	-0.30578527774220343
14.875	-0.2689765604458485
15.0	-0.23191554627913813
15.125	-0.19560203623311676
15.25	-0.16123004136480734
15.375	-0.12944943397695075
15.5	-0.10128436538261891
15.625	-0.07676919618353718
15.75	-0.056176880791383756
15.875	-0.040018524569418464
16.0	-0.02949707690793078
16.125	-0.02610219596930844
16.25	-0.031171426532359266
16.375	-0.04525373211046558
16.5	-0.06827604393182399
16.625	-0.09942082889053733
16.75	-0.13812822234915179
16.875	-0.18353776631557991
17.0	-0.23464162761043256
17.125	-0.29097577498869603
17.25	-0.3514977750457523
17.375	-0.4142335435314914
17.5	-0.4775915422834814
17.625	-0.5376781543960635
17.75	-0.5907885466470928
17.875	-0.6337316305383854
18.0	-0.6621514278123605
18.125	-0.673281604660653
18.25	-0.664125139046103
18.375	-0.6336207510646409
18.5	-0.5807907840935966
18.625	-0.5057133032646461
18.75	-0.40813377427164865
18.875	-0.28812048468724527
19.0	-0.14661139381918167
19.125	0.01457687010744708
19.25	0.19441399180185492
19.375	0.39050219866439295
19.5	0.602074469698618
19.625	0.8267942760086006
19.75	1.0606910599677928
19.875	1.2993197287566953
20.0	1.5377407729880932
20.125	1.7718640433686375
20.25	1.9978374273605684
20.375	2.212561687351082
20.5	2.413172426196024
20.625	2.597016111097169
20.75	2.7606387946141804
20.875	2.899584208533307
21.0	3.008191307989597
21.125	3.080579076847772
21.25	3.1113126305406444
21.375	3.0960145027543438
21.5	3.0331140114352575
21.625	2.923494951046652
21.75	2.770493104427284
21.875	2.5783146788950675
22.0	2.351524194577359
22.125	2.0936743073231874
22.25	1.805617865825886
22.375	1.4872597284526683
22.5	1.1378085907224333
22.625	0.759167611655815
22.75	0.35557817182347506
22.875	-0.0651614219318028
23.0	-0.49285088571084734
23.125	-0.9169514629120304
23.25	-1.327489956481053
23.375	-1.7173128128206205
23.5	-2.0815011947835953
23.625	-2.417478498045997
23.75	-2.723915716493018
23.875	-2.9991347317722554
24.0	-3.242338353945501
24.125	-3.450945971962704
24.25	-3.6224211695833244
24.375	-3.753616935124985
24.5	-3.842460106279867
24.625	-3.888364972405508
24.75	-3.8914601842210907
24.875	-3.853784621701715
25.0	-3.778094806772316
25.125	-3.6664796628753713
25.25	-3.5222748069373115
25.375	-3.347231907949961
25.5	-3.143362651144399
25.625	-2.9119394366986953
25.75	-2.6561897545429574
25.875	-2.3780746572127653
26.0	-2.08141355517069
26.125	-1.7688769437820544
26.25	-1.4454421346443713
26.375	-1.1138305457090203
26.5	-0.7777386743189928
26.625	-0.4411190353817403
26.75	-0.1062207111740527
26.875	0.22426313102910644
27.0	0.5476187063444402
27.125	0.8603556068953476
27.25	1.158292729746028
27.375	1.4399105874322145
27.5	1.7018399429726003
27.625	1.9432290850906822
27.75	2.162591076940712
27.875	2.359822103226609
28.0	2.535323120018937
28.125	2.689176599651712
28.25	2.821345277681701
28.375	2.9302025912163683
28.5	3.012743366591055
28.625	3.065757978276094
28.75	3.085814929115603
28.875	3.0715448034896746
29.0	3.0219618109167077
29.125	2.937993774731546
29.25	2.820445681683468
29.375	2.6713056195914904
29.5	2.491980474852969
29.625	2.2841450591724293
29.75	2.049209809164373
29.875	1.7900231165058755
30.0	1.5101089458026529
30.125	1.214823538471888
30.25	0.9096161597464758
30.375	0.6022227848551623
30.5	0.2996575517662687
30.625	0.008922888921308911
30.75	-0.264202294738345
30.875	-0.514811256915567
31.0	-0.7395882214545838
31.125	-0.9371403503393306
31.25	-1.106388101950981
31.375	-1.2454482733856793
31.5	-1.3538727987783465
31.625	-1.4299834285488677
31.75	-1.4733071921130219
31.875	-1.4833660540343452
32.0	-1.462594765069753
32.125	-1.4139926586813958
32.25	-1.3402233355578834
32.375	-1.2463864572205074
32.5	-1.135754520836818
32.625	-1.0125703456424178
32.75	-0.8785154847524163
32.875	-0.7379145744054276
33.0	-0.5930373799300984
33.125	-0.4458965608919157
33.25	-0.2999585431074984
33.375	-0.15611250556287243
33.5	-0.01655985805886806
33.625	0.11814423974789309
33.75	0.24564427949845485
33.875	0.3646228862784082
34.0	0.4726556170941612
34.125	0.5681317324416465
34.25	0.6504214024228389
34.375	0.719496044994916
34.5	0.7750792363589804
34.625	0.815964050911274
34.75	0.8397247913906644
34.875	0.8439717850047573
35.0	0.8285693715649213
35.125	0.7958635619774893
35.25	0.7498706798212944
35.375	0.6937532050259168
35.5	0.6285611628224366
35.625	0.5525542959296937
35.75	0.4614522942240175
35.875	0.3529528907109687
36.0	0.22692133431106362
36.125	0.0865182537587574
36.25	-0.06490259458062447
36.375	-0.22515948264117092
36.5	-0.3965491341232009
36.625	-0.5860261473687681
36.75	-0.8026789925578656
36.875	-1.0520150169425866
37.0	-1.3329463756113846
37.125	-1.633760946586728
37.25	-1.939202627438026
37.375	-2.234628973745075
37.5	-2.5122469141208867
37.625	-2.7721190267135802
37.75	-3.0205383590738153
37.875	-3.2611484875241423
38.0	-3.4906194490576126
38.125	-3.6951251737469337
38.25	-3.858611976123607
38.375	-3.962251429285658
38.5	-3.994852532266687
38.625	-3.947783060901595
38.75	-3.8183613164016403
38.875	-3.613098347465511
39.0	-3.351148873169949
39.125	-3.060165477003394
39.25	-2.755764422555256
39.375	-2.4487903614660254
39.5	-2.111445279344531
39.625	-1.6408636753292614
39.75	-1.0041120724896384
39.875	-0.3844730768268798
40.0	0.21830032626527757
40.125	0.7779947138172392
40.25	1.2959605678726407
40.375	1.8449810516681442
40.5	2.364426027434394
40.625	2.8594587360783112
40.75	3.3242135253647507
40.875	3.7754460353814974
41.0	4.226423565641149
41.125	4.6860575308501735
41.25	5.149769169782233
41.375	5.588224610519878
41.5	5.952764730822079
41.625	6.199844649597359
41.75	6.301744003105693
41.875	6.2660137031710335
42.0	6.1229859662283
42.125	5.914000265978488
42.25	5.671008619864073
42.375	5.411894691595696
42.5	5.133248403940782
42.625	4.833048775347708
42.75	4.494108661146744
42.875	4.104939203847735
43.0	3.6738243574072995
43.125	3.2082135119170836
43.25	2.7164342393373047
43.375	2.2133692801842764
43.5	1.7088232982445066
43.625	1.210539067289906
43.75	0.7241276202113496
43.875	0.2517833224305739
44.0	-0.20496128800798086
44.125	-0.6454525986623323
44.25	-1.0678414770915035
44.375	-1.4704899649840535
44.5	-1.8507105804437058
44.625	-2.2073727083453485
44.75	-2.53891161099661
44.875	-2.845163033426965
45.0	-3.12590070389696
45.125	-3.38158398742172
45.25	-3.6105925696380385
45.375	-3.8135949704125656
45.5	-3.989218150231373
45.625	-4.136445869009289
45.75	-4.252592508098995
45.875	-4.335950403553381
46.0	-4.385434398180833
46.125	-4.398502657222488
46.25	-4.374619508128462
46.375	-4.314452894492234
46.5	-4.22010300853899
46.625	-4.09392455974416
46.75	-3.9392821484197937
46.875	-3.761326020594961
47.0	-3.562715176797485
47.125	-3.346247900401653
47.25	-3.115414796648746
47.375	-2.871701978559278
47.5	-2.6175982247569647
47.625	-2.355685217629162
47.75	-2.0895597016316536
47.875	-1.821961889510119
48.0	-1.554946058601036
48.125	-1.2898599399596509
48.25	-1.0270071801091276
48.375	-0.7674001308900252
48.5	-0.5130511967279284
48.625	-0.26553066593311353
48.75	-0.027098703028105332
48.875	0.20093232981718936
49.0	0.4179402420020239
49.125	0.6244367470524806
49.25	0.8209417864243658
49.375	1.0077033049065147
49.5	1.183803385792519
49.625	1.347962742240405
49.75	1.4982666236369793
49.875	1.6329855551983583
50.0	1.750391148509734
50.125	1.8494655359953864
50.25	1.930845737293646
50.375	1.9958422314699888
50.5	2.046374932460899
50.625	2.0838508104785007
50.75	2.1090065213983697
50.875	2.122879777260556
51.0	2.125423441834291
51.125	2.1169979399993135
51.25	2.0976235787909587
51.375	2.067715773872769
51.5	2.0287718709023195
51.625	1.9812121212382217
51.75	1.925906226483576
51.875	1.8629918485574035
52.0	1.792678831593329
52.125	1.7152698306027263
52.25	1.6304314629886598
52.375	1.539638212788165
52.5	1.4441367176179647
52.625	1.3446275609065332
52.75	1.2429140440305957
52.875	1.1405397133492836
53.0	1.0396231414230925
53.125	0.9428739155111414
53.25	0.8523943712621493
53.375	0.7711467998884014
53.5	0.6980416142666251
53.625	0.6335411592076688
53.75	0.5759130115316522
53.875	0.5237710942640655
54.0	0.4754939503882964
54.125	0.429214892892086
54.25	0.3854506485290542
54.375	0.3428967969265893
54.5	0.30179735000530755
54.625	0.2615359824890695
54.75	0.22032332280912895
54.875	0.1785762064051181
55.0	0.13535661950177882
55.125	0.0918350513933165
55.25	0.04823051278423874
55.375	0.00519816475547125
55.5	-0.03715307351917746
55.625	-0.07953111482970578
55.75	-0.12327347363479477
55.875	-0.16952055003260247
56.0	-0.21970586035420978
56.125	-0.27415752959813516
56.25	-0.3334478851339617
56.375	-0.3972421242157026
56.5	-0.4647689846675993
56.625	-0.534918115088685
56.75	-0.6066081864799219
56.875	-0.6789460984433082
57.0	-0.7511810284206828
57.125	-0.8225277429101728
57.25	-0.8929666551759411
57.375	-0.9622730119459584
57.5	-1.030504078322681
57.625	-1.0966398565643005
57.75	-1.1595612378563518
57.875	-1.2181101204130922
58.0	-1.2712823226426901
58.125	-1.3186534260391936
58.25	-1.3598685682343683
58.375	-1.395471911915248
58.5	-1.4251801074817758
58.625	-1.4483119103774582
58.75	-1.463405884431055
58.875	-1.4696291421075363
59.0	-1.4668930473480375
59.125	-1.4563145316344153
59.25	-1.4395216836251363
59.375	-1.4176519800473284
59.5	-1.3912430107014695
59.625	-1.360434316584984
59.75	-1.3253328063194294
59.875	-1.2861758431764976
60.0	-1.2398779486041793
60.125	-1.1876487667503468
60.25	-1.129218008845007
60.375	-1.0635958103799814
60.5	-0.9937629619808652
60.625	-0.9168646246024651
60.75	-0.8321178394033718
60.875	-0.7426184755779615
61.0	-0.6499695010919521
61.125	-0.5540636014057365
61.25	-0.4581282503209278
61.375	-0.3591436149434277
61.5	-0.25609586241522186
61.625	-0.15062134485902226
61.75	-0.03849794415125801
61.875	0.0827586006794034
62.0	0.2126757814918255
62.125	0.3498901647566052
62.25	0.4946368956357905
62.375	0.6460136499230602
62.5	0.8018360600700158
62.625	0.9584025433286198
62.75	1.1136736234412572
62.875	1.2649342439347744
63.0	1.4110018036510312
63.125	1.5508315398729482
63.25	1.6837166570133952
63.375	1.8102823572593945
63.5	1.930327956254261
63.625	2.0433280773407607
63.75	2.147982487610221
63.875	2.24269415519585
64.0	2.325684659129901
64.125	2.394426179489503
64.25	2.4472012547417017
64.375	2.482441217874671
64.5	2.4981964902208915
64.625	2.493463036480899
64.75	2.467330345495348
64.875	2.4196944230575315
65.0	2.351005704547698
65.125	2.2614657889768055
65.25	2.1531315021734962
65.375	2.0269517863396627
65.5	1.8848785053641839
65.625	1.7277582726321095
65.75	1.5565999699956796
65.875	1.3725343893441098
66.0	1.1773577922986518
66.125	0.9727224786751116
66.25	0.7614218163730729
66.375	0.5451746511782305
66.5	0.3273549238703031
66.625	0.10907278044548259
66.75	-0.10760238708797931
66.875	-0.32211222066448714
67.0	-0.5332968142431311
67.125	-0.7404532190044073
67.25	-0.9433254087990265
67.375	-1.1408953752620976
67.5	-1.332329597624468
67.625	-1.5163779705052793
67.75	-1.6931246743434416
67.875	-1.8631497220942324
68.0	-2.0253614379812666
68.125	-2.1808204027858102
68.25	-2.328999721635584
68.375	-2.470894339491579
68.5	-2.604178702016279
68.625	-2.728234415592712
68.75	-2.8416131368994715
68.875	-2.9439172707923897
69.0	-3.0343559945556002
69.125	-3.111140641541525
69.25	-3.174401493046167
69.375	-3.221429233316904
69.5	-3.2507335567449656
69.625	-3.260223848351411
69.75	-3.248952081133392
69.875	-3.2155189258060037
70.0	-3.1587884822930845
70.125	-3.077699189642445
70.25	-2.971541546721849
70.375	-2.8381663418473067
70.5	-2.677416462951348
70.625	-2.4885070601730135
70.75	-2.271807395402884
70.875	-2.0278525209096236
71.0	-1.7580984402111413
71.125	-1.464375632584168
71.25	-1.1489061699482956
71.375	-0.814452097684279
71.5	-0.4647625783376958
71.625	-0.10320531344779865
71.75	0.2658509828263692
71.875	0.6385026108914645
72.0	1.0103218121512998
72.125	1.377293781060104
72.25	1.7363739105731182
72.375	2.084944282300526
72.5	2.4206136825015045
72.625	2.741471940355975
72.75	3.044682040309334
72.875	3.328299627327062
73.0	3.5893397143545402
73.125	3.825321674817255
73.25	4.03256494732912
73.375	4.206698983092068
73.5	4.345759510584211
73.625	4.446566201002486
73.75	4.506725732952481
73.875	4.525737531923105
74.0	4.504740254392096
74.125	4.4469024635812975
74.25	4.353459414921645
74.375	4.228668016891383
74.5	4.0755011084130155
74.625	3.8965161227682326
74.75	3.6941732459231056
74.875	3.469005099825606
75.0	3.2224714284559877
75.125	2.956400963519167
75.25	2.6720242902914184
75.375	2.37059594337498
75.5	2.054200550758956
75.625	1.724809077738912
75.75	1.3856556213944002
75.875	1.0382565549158242
76.0	0.6858523080383675
76.125	0.33063983253825596
76.25	-0.024328120874080653
76.375	-0.3773096636844318
76.5	-0.7268712291560278
76.625	-1.0707428704227695
76.75	-1.4068244627207491
76.875	-1.732593091980006
77.0	-2.0443034876285546
77.125	-2.339944177824293
77.25	-2.61744445035615
77.375	-2.87603190217377
77.5	-3.113764042013576
77.625	-3.330927933402812
77.75	-3.5268685885597733
77.875	-3.7007745761457893
78.0	-3.8506401800869123
78.125	-3.9757135872333498
78.25	-4.075625271215004
78.375	-4.1499101929449544
78.5	-4.1981180479009375
78.625	-4.220092244113459
78.75	-4.215141913464347
78.875	-4.183203481738666
79.0	-4.123203147581754
79.125	-4.0354785525624735
79.25	-3.919521246453168
79.375	-3.776190957338664
79.5	-3.6064203003050284
79.625	-3.4116990352657366
79.75	-3.194289419947876
79.875	-2.956588873414626
80.0	-2.7010362170813815
80.125	-2.430022302659018
80.25	-2.145849528501212
80.375	-1.8509391171526217
80.5	-1.5464307663550667
80.625	-1.2339486259582013
80.75	-0.9148844270840845
80.875	-0.5908561256609325
81.0	-0.2631229300025745
81.125	0.06645464553711047
81.25	0.3956192468067314
81.375	0.7222143854576821
81.5	1.0437045347265987
81.625	1.3570505767943075
81.75	1.6586659133527708
81.875	1.944523989931881
82.0	2.2119382163691
82.125	2.459161507336017
82.25	2.6874562835241402
82.375	2.8966612450904767
82.5	3.0874463843726567
82.625	3.258630848175496
82.75	3.408799804196545
82.875	3.5379652336398477
83.0	3.6450670738139683
83.125	3.7293950279755954
83.25	3.7878902637334604
83.375	3.8168842218674754
83.5	3.813746445455935
83.625	3.778290748589145
83.75	3.712103416484619
83.875	3.61792695826339
84.0	3.4973842062121165
84.125	3.351138775224838
84.25	3.179228286239863
84.375	2.982395006637652
84.5	2.7613953767889634
84.625	2.5190204656272184
84.75	2.258600338066662
84.875	1.9841045373337767
85.0	1.6988408867285885
85.125	1.4050671399936843
85.25	1.1038348321565883
85.375	0.7961735255275968
85.5	0.4843512053736115
85.625	0.17308676983174776
85.75	-0.13212072825420346
85.875	-0.42565871764011715
86.0	-0.7035320951854944
86.125	-0.9646745065303955
86.25	-1.2096451172321032
86.375	-1.4383380316747343
86.5	-1.6480847246665924
86.625	-1.833696223396127
86.75	-1.9902512091757791
86.875	-2.1137706441974795
87.0	-2.2033989416766717
87.125	-2.2624695585226755
87.25	-2.2964260088196045
87.375	-2.3101387170416694
87.5	-2.3056818823248664
87.625	-2.2831195042243206
87.75	-2.2418139938577837
87.875	-2.1800507878919326
88.0	-2.0982196277164773
88.125	-1.9986198408869082
88.25	-1.8841540336155194
88.375	-1.7585554661610727
88.5	-1.624560471999027
88.625	-1.4854631613292846
88.75	-1.3443110771787743
88.875	-1.2042205433036253
89.0	-1.0703758745653396
89.125	-0.9460974032807358
89.25	-0.8336994210909451
89.375	-0.7340044426842863
89.5	-0.6455631355323337
89.625	-0.566617748243155
89.75	-0.49466097675180476
89.875	-0.4277581508442516
90.0	-0.3665084240150081
90.125	-0.3122979618613349
90.25	-0.26655906993938855
90.375	-0.23063349144224457
90.5	-0.2045831625515866
90.625	-0.18836443459431976
90.75	-0.18032434525641727
90.875	-0.1787935454222523
91.0	-0.18373003622079254
91.125	-0.19395168625299972
91.25	-0.20809424682606756
91.375	-0.22333110634848044
91.5	-0.23785193438610427
91.625	-0.2501713865892598
91.75	-0.25841630674423993
91.875	-0.26270336665060323
92.0	-0.2630617021764479
92.125	-0.2594837364213687
92.25	-0.2506245620201349
92.375	-0.23494918635825854
92.5	-0.2112350353601628
92.625	-0.17884113630252338
92.75	-0.13765780127733543
92.875	-0.08809559602843485
93.0	-0.03012572594922291
93.125	0.03638956385957976
93.25	0.1126428285165433
93.375	0.19971202314472028
93.5	0.29799232379539986
93.625	0.4065903552985739
93.75	0.524116069966507
93.875	0.648654721368153
94.0	0.778106187158765
94.125	0.9107369188433003
94.25	1.0455285682724211
94.375	1.181535762764107
94.5	1.3176391850026257
94.625	1.4523632115912612
94.75	1.5836872129987027
94.875	1.708818857075969
95.0	1.824663904870742
95.125	1.9282462338264954
95.25	2.017177334871039
95.375	2.0901037314229036
95.5	2.1455138475259754
95.625	2.181389586215626
95.75	2.195593809129298
95.875	2.1875539320733504
96.0	2.156238696747226
96.125	2.101446556674834
96.25	2.0225958585424024
96.375	1.9211900195957325
96.5	1.798623971395507
96.625	1.6561751337726127
96.75	1.4944533068729549
96.875	1.3139320811863446
97.0	1.1160786628984878
97.125	0.9024560982827816
97.25	0.6734956865223429
97.375	0.43205665758528744
97.5	0.18247404522906704
