-0.006491643423975757	1.6430116075249212e-16	3.141592653589768
-0.12692577695663854	2.9751900649181726e-16	3.141592653589791
-0.24767158728069705	3.1904229255571136e-16	3.141592653589792
-0.36650563095181043	-1.3768841825036007e-16	-3.1415926535897927
-0.4815640886224606	1.69254691463866e-16	3.1415926535897927
-0.5910798756773769	3.4312780019469794e-16	3.1415926535897927
-0.6942647186043691	6.667409394751506e-16	3.1415926535897922
-0.7907291302075887	-2.8405288064297486e-16	-3.1415926535897927
-0.8798009163885311	3.1645598165930783e-16	3.1415926535897927
-0.9603070165697601	-1.166754175244363e-16	-3.141592653589793
-1.03012994365551	-6.115140279749209e-17	-3.141592653589793
-1.0876527609728044	-1.5790645476136382e-16	-3.141592653589793
-1.1316996170690747	-3.1734032296440546e-17	-3.141592653589793
-1.1603898945632483	-3.2020683113591223e-16	-3.141592653589793
-1.1732634592326878	3.802940517707324e-16	3.141592653589793
-1.1699312675730524	3.067770173196429e-16	3.141592653589793
-1.1506103547153785	-3.5473258156896775e-16	-3.141592653589793
-1.1153484414967347	-4.932084898512366e-16	-3.1415926535897927
-1.064634354333607	5.343488311225093e-16	3.1415926535897927
-0.9994480639412567	-4.315704152919625e-16	-3.1415926535897927
-0.9207516553467502	1.0389606590517572e-16	3.141592653589793
-0.8296031322260541	-9.812564668962729e-17	-3.141592653589793
-0.7288005636441245	4.787041504592389e-16	3.1415926535897927
-0.6188673130645204	-2.1671672818282217e-16	-3.1415926535897927
-0.5024922806925424	1.7219195946389608e-16	3.141592653589793
-0.38136796217041147	2.4853351651906075e-17	3.141592653589793
-0.2591978417846679	-7.827693242777974e-16	-3.14159265358979
-0.1369564839711822	-7.072926183654739e-16	-3.1415926535897882
-0.01692338315003481	-7.23057181953743e-17	-3.141592653589789
0.09771316011761705	-1.6971937530062223e-16	-1.7369141996465113e-15
0.20426158322317434	-3.1623044991092906e-16	-1.5481640988037312e-15
0.30139991040362746	-6.641879300100431e-16	-2.203676600701635e-15
0.388532984325914	-2.362545608596726e-16	-6.080682217227011e-16
0.4643534852369838	-1.2270993080565943e-15	-2.642597389853425e-15
0.5286911284768254	-1.0743150452932326e-15	-2.032027751985106e-15
0.5811956319258069	-4.338769470085943e-16	-7.465247898903364e-16
0.6241721100527499	-9.157388078106292e-16	-1.4671254819976473e-15
0.6557371161208623	-6.179113587928176e-17	-9.423156682790658e-17
0.6780425201294725	-5.068627319988642e-16	-7.475382692844669e-16
0.6888011590157526	-4.876707425421693e-16	-7.079993059811569e-16
0.6897046438066223	9.822043426642327e-17	1.424094141578117e-16
0.6805502589467997	-2.1212604418701923e-16	-3.1169783773985997e-16
0.6606651263045024	-1.9596742014987655e-16	-2.966214082557078e-16
0.6322127846692307	-3.0321213878814247e-16	-4.796045669129911e-16
0.597218103604445	4.887775908140791e-16	8.184239356846602e-16
0.5594071103918957	1.1353513518939639e-16	2.0295618893699568e-16
0.519356185379238	-4.331615610853428e-16	-8.34035625798978e-16
0.4797630252354711	-2.9719466652263713e-16	-6.194613817452312e-16
0.44279826027716185	1.1176060008330017e-16	2.523962041163973e-16
0.41019160285632145	5.368690159688648e-16	1.308824978937745e-15
0.3830202110013021	1.0067965983688626e-16	2.628573034662758e-16
0.36463294849190114	7.649242218147793e-16	2.0977923826644235e-15
0.3559669953078758	5.314608939339571e-16	1.4930060959002582e-15
0.3584541798003977	5.73382241205453e-16	1.599597029457813e-15
0.37135778795173174	2.0130327166307818e-16	5.420736502481621e-16
0.39506624927512674	-2.558234858029072e-16	-6.475457882628441e-16
0.4273911404937753	6.296458058703732e-16	1.4732308328687585e-15
0.46660221042409444	2.4275725378577906e-16	5.202659746620942e-16
0.5109502452793883	7.677254548001856e-16	1.5025444490791707e-15
0.5596755920490563	-5.600310181631142e-16	-1.0006350573780726e-15
0.6114711837045715	6.973617541082489e-16	1.1404654425140904e-15
0.66528043911081	1.0706934442227752e-15	1.6093866304769545e-15
0.718485398483299	-1.0539567675599711e-16	-1.4669146649115515e-16
0.7688948289505093	6.633960140253902e-16	8.627916186286256e-16
0.8134985789630657	-5.910591795450198e-16	-7.265644892685854e-16
0.850805897612554	2.9412513971692623e-16	3.4570181112080987e-16
0.8792345021505622	3.565878562061146e-16	4.055662685369138e-16
0.8980346801788002	6.685801733079498e-16	7.44492599300101e-16
0.906109418264762	2.0366527362427695e-16	2.247689622455361e-16
0.9026578246482069	-1.582473578058883e-16	-1.7531267495250717e-16
0.8866975869539908	-2.4652732668331397e-16	-2.7802864280954207e-16
0.8571112405938697	4.319540185279698e-16	5.03964944187035e-16
0.81274591580724	5.780637043399568e-16	7.112477504926115e-16
0.7536663012007929	9.182424118837561e-16	1.2183673469554752e-15
0.6805424623959868	2.4966531305235817e-16	3.6686221190866055e-16
0.5951746918970826	1.7025066319787286e-16	2.860515837042892e-16
0.4999059384266064	-2.4451144133677405e-16	-4.891148965070194e-16
0.39804332803160786	1.0390943765289695e-15	2.6105056996369424e-15
0.29193887155586656	7.146204130471532e-16	2.4478426228019474e-15
0.18313415090598703	-4.352715871568305e-16	-2.3767909207730438e-15
0.07388850164440834	-3.0384800979349974e-16	-4.112250255875828e-15
-0.03384112722161161	3.416828761319203e-16	3.1415926535897833
-0.13846782334235427	-2.5200528497666706e-16	-3.1415926535897913
-0.23876936006778174	6.711389004659262e-16	3.1415926535897905
-0.3329495514390184	-2.008665429491998e-16	-3.1415926535897927
-0.4191948229216711	-7.684847897982989e-16	-3.1415926535897913
-0.4974534969868274	3.996005019328498e-16	3.1415926535897922
-0.5670462891449245	-6.030144448769687e-17	-3.141592653589793
-0.6279882706301071	-1.691853584070278e-16	-3.141592653589793
-0.680390815727541	4.3968283873244204e-16	3.1415926535897927
-0.7240664478287026	-6.532991792622069e-16	-3.1415926535897922
-0.7586369979183862	-3.125836816898501e-16	-3.1415926535897927
-0.7835725771478076	-2.4381922230320536e-16	-3.141592653589793
-0.7984665857810093	-1.2321373823769692e-16	-3.141592653589793
-0.8042938558900783	-1.3377138264878432e-15	-3.141592653589792
-0.8026241252865947	-7.048941230046714e-17	-3.141592653589793
-0.7947132070806227	-3.046985937641978e-16	-3.1415926535897927
-0.7825331610987684	-4.785182515559287e-16	-3.1415926535897927
-0.76731006483952	1.8944116953194865e-16	3.141592653589793
-0.7515608028816608	-2.6161593817357075e-16	-3.1415926535897927
-0.7362070717763325	-1.9983738114003744e-16	-3.141592653589793
-0.7224211602311364	-7.497909663317105e-16	-3.1415926535897922
-0.7104716806708337	-9.28195713840311e-16	-3.141592653589792
-0.7006658757015106	-7.3057350258420875e-16	-3.1415926535897922
-0.6919467780228206	4.043883311870785e-16	3.1415926535897927
-0.6829310263582609	-1.0624170115387745e-15	-3.141592653589792
-0.672211045425143	-2.8372492301503294e-17	-3.141592653589793
-0.6581212600285837	-1.0748055066240088e-15	-3.141592653589792
-0.6396051004312102	-8.648571715412251e-16	-3.141592653589792
-0.6159911385957294	-5.60765208294418e-16	-3.1415926535897922
-0.5875656864416993	4.522732333937061e-16	3.1415926535897927
-0.5554237181005622	-6.374543314765427e-16	-3.1415926535897922
-0.5205322479173096	-2.6269588755221067e-16	-3.1415926535897927
-0.4845968484228388	-5.657702351115505e-17	-3.141592653589793
-0.4484886843670427	-3.04941825254437e-16	-3.1415926535897927
-0.4126937701247893	9.937284669707477e-17	3.141592653589793
-0.3772382167318453	-1.2206672200278517e-16	-3.141592653589793
-0.3417289277001506	-6.655073374530486e-16	-3.1415926535897913
-0.30578527774220343	-5.381471721154785e-16	-3.1415926535897913
-0.2689765604458487	-2.1848253591407504e-16	-3.1415926535897922
-0.23191554627913788	-7.120872060691809e-17	-3.141592653589793
-0.19560203623311706	-6.762801181722881e-16	-3.1415926535897896
-0.1612300413648073	3.511828625949663e-17	3.141592653589793
-0.12944943397695066	-1.539219192397951e-16	-3.1415926535897922
-0.1012843653826186	-4.169339179293996e-16	-3.141592653589789
-0.0767691961835372	7.766532061738481e-16	3.141592653589783
-0.056176880791383	7.90325471640818e-16	3.1415926535897793
-0.040018524569418526	5.963017427375737e-16	3.1415926535897785
-0.02949707690793095	1.733046949887429e-16	3.1415926535897873
-0.026102195969309162	3.9352735714644077e-16	3.141592653589778
-0.03117142653235943	5.157334790948815e-16	3.1415926535897767
-0.04525373211046532	-7.445149490111917e-16	-3.1415926535897767
-0.06827604393182375	8.188561785609605e-16	3.141592653589781
-0.09942082889053695	3.367985825432552e-16	3.14159265358979
-0.1381282223491521	4.541093752482975e-17	3.141592653589793
-0.18353776631558033	4.323897436759047e-16	3.141592653589791
-0.23464162761043292	-1.867258459279922e-16	-3.1415926535897922
-0.29097577498869603	-3.3384345932806035e-16	-3.1415926535897922
-0.35149777504575214	-6.704149225664446e-16	-3.1415926535897913
-0.41423354353149117	1.046152312194472e-16	3.141592653589793
-0.47759154228348183	3.1290363319775664e-16	3.1415926535897927
-0.537678154396063	2.549050286518783e-16	3.1415926535897927
-0.5907885466470927	-1.895012703697139e-16	-3.141592653589793
-0.6337316305383853	-4.1112600090087434e-16	-3.1415926535897927
-0.6621514278123602	2.7720854265238065e-16	3.1415926535897927
-0.6732816046606523	6.281631629623426e-17	3.141592653589793
-0.6641251390461026	2.562169008724254e-16	3.1415926535897927
-0.6336207510646408	2.923663148977881e-16	3.1415926535897927
-0.5807907840935967	7.697409400060777e-17	3.141592653589793
-0.5057133032646466	1.2584625387158405e-16	3.141592653589793
-0.4081337742716484	5.523898112830542e-16	3.141592653589792
-0.28812048468724455	6.2908993940086e-16	3.141592653589791
-0.14661139381918198	2.987865869194183e-17	3.141592653589793
0.014576870107447265	5.629008172017167e-16	3.86160275184268e-14
0.1944139918018553	3.231692123604821e-16	1.662273426749309e-15
0.3905021986643934	3.5841032217182655e-16	9.17818960809111e-16
0.6020744696986182	4.076045346350675e-16	6.770001970671552e-16
0.8267942760086006	-8.855443885304472e-17	-1.0710577155969999e-16
1.0606910599677926	1.3913693931506626e-15	1.311757443484921e-15
1.2993197287566962	1.0000437415479714e-15	7.696671723016947e-16
1.5377407729880936	-6.643604983859023e-16	-4.320367321046811e-16
1.7718640433686386	7.595129173298582e-16	4.2865191614018245e-16
1.9978374273605684	-7.723339086987306e-17	-3.8658496338167774e-17
2.212561687351082	9.122871167182056e-17	4.123216640393027e-17
2.4131724261960237	-4.525740782275743e-16	-1.8754319969625387e-16
2.5970161110971697	-9.477988118147964e-16	-3.6495684711573727e-16
2.7606387946141804	-5.076084410009953e-16	-1.8387354477206692e-16
2.899584208533308	-3.542952720235973e-16	-1.2218830237139756e-16
3.0081913079895966	3.1625080513799363e-16	1.051298846247073e-16
3.0805790768477728	-1.0732480649128135e-15	-3.4839166213224535e-16
3.1113126305406444	-1.0728519125411013e-15	-3.4482292200725412e-16
3.0960145027543446	-7.060496021978242e-16	-2.2805112882051837e-16
3.033114011435258	-9.233656316381772e-16	-3.0442826354596676e-16
2.923494951046652	-7.686403597477477e-16	-2.629183127108065e-16
2.7704931044272842	-1.597402950655426e-16	-5.765771256036535e-17
2.5783146788950684	4.1205492601815374e-16	1.598156072224431e-16
2.3515241945773586	2.0500571242072343e-16	8.717992904069153e-17
2.093674307323188	-8.804696076210742e-17	-4.2053800084444627e-17
1.8056178658258861	4.814790798603588e-16	2.66656134153907e-16
1.4872597284526685	7.204410483354999e-16	4.844083616013998e-16
1.137808590722434	1.2607616717985294e-15	1.1080613049318149e-15
0.7591676116558159	1.4737357332953552e-16	1.9412521170140533e-16
0.3555781718234748	8.267181534212021e-17	2.3249969175037623e-16
-0.06516142193180194	1.377658962337493e-16	3.1415926535897913
-0.49285088571084723	1.380891021396577e-15	3.1415926535897905
-0.916951462912031	5.128642624952187e-16	3.1415926535897927
-1.3274899564810536	8.708674934697288e-16	3.1415926535897927
-1.7173128128206199	7.539533845850875e-16	3.1415926535897927
-2.0815011947835957	2.831556090713704e-16	3.141592653589793
-2.4174784980459973	8.905641499596636e-16	3.1415926535897927
-2.7239157164930194	3.3262826827068753e-16	3.141592653589793
-2.9991347317722545	-5.843526136108551e-16	-3.141592653589793
-3.2423383539455024	7.04393667719266e-16	3.141592653589793
-3.450945971962703	1.28433659569029e-16	3.141592653589793
-3.6224211695833244	-1.739320697245449e-16	-3.141592653589793
-3.753616935124985	4.187086508909013e-16	3.141592653589793
-3.8424601062798667	-5.5283370579301e-16	-3.141592653589793
-3.8883649724055074	2.480620597634193e-16	3.141592653589793
-3.89146018422109	4.016083677080302e-17	3.141592653589793
-3.8537846217017147	1.1926747029896583e-16	3.141592653589793
-3.7780948067723172	3.2629622983991674e-16	3.141592653589793
-3.666479662875371	-8.414755899092886e-16	-3.141592653589793
-3.522274806937312	3.918503613215419e-16	3.141592653589793
-3.3472319079499604	-8.101359603172e-16	-3.141592653589793
-3.1433626511443995	-2.4845124328049553e-16	-3.141592653589793
-2.911939436698696	-9.408299285865403e-17	-3.141592653589793
-2.6561897545429582	-1.3081862497176461e-15	-3.1415926535897927
-2.378074657212765	-2.0528298917578731e-16	-3.141592653589793
-2.0814135551706903	-6.958340951011334e-16	-3.141592653589793
-1.7688769437820546	-7.588613511448081e-16	-3.1415926535897927
-1.4454421346443709	-2.4939833473408537e-16	-3.141592653589793
-1.11383054570902	-7.599513231484441e-16	-3.1415926535897927
-0.7777386743189926	1.5258071750285957e-16	3.141592653589793
-0.4411190353817394	-3.764120529348224e-16	-3.1415926535897922
-0.10622071117405174	-1.7251725144011246e-16	-3.141592653589792
0.2242631310291067	-4.1299137961604836e-16	-1.8415482639562672e-15
0.5476187063444418	4.3490159210081265e-16	7.941686196294175e-16
0.8603556068953475	3.00303266338026e-16	3.490455155185087e-16
1.158292729746029	7.203722277959442e-16	6.219258822024164e-16
1.4399105874322147	9.3544082546821e-16	6.496520225859141e-16
1.7018399429726019	5.11366355003017e-16	3.0047852450202457e-16
1.9432290850906828	-2.7828961373006613e-16	-1.4320988496169995e-16
2.1625910769407124	6.276419603762804e-16	2.9022683348169905e-16
2.35982210322661	-3.61579263957893e-16	-1.5322310248026826e-16
2.535323120018938	3.690011486303585e-16	1.4554403173178266e-16
2.6891765996517125	3.007188820112462e-16	1.1182563541947881e-16
2.8213452776817007	4.014779833666203e-16	1.4230019506740938e-16
2.930202591216368	9.471493135638842e-17	3.232368015792073e-17
3.012743366591055	3.961054850148406e-17	1.3147667650930302e-17
3.0657579782760935	4.4340659074080664e-17	1.4463196178001586e-17
3.0858149291156036	-2.7453796552424756e-16	-8.896773521117493e-17
3.0715448034896746	1.4804559527992536e-16	4.819906748933836e-17
3.0219618109167077	3.6030155710733884e-16	1.1922770029911196e-16
2.937993774731546	3.1146951944002427e-16	1.0601435650369417e-16
2.8204456816834678	4.104587300792252e-16	1.4552974118410624e-16
2.6713056195914904	-1.6037489438847869e-16	-6.003614607489353e-17
2.491980474852969	4.493208092001495e-16	1.803067133688759e-16
2.2841450591724293	3.561241871377989e-16	1.559113707370348e-16
2.0492098091643722	1.3367624383266416e-15	6.523306849051963e-16
1.790023116505875	-8.887525543421553e-16	-4.965033949265416e-16
1.5101089458026524	-5.793776748205821e-16	-3.8366614304945497e-16
1.2148235384718875	-1.9117085641902802e-16	-1.5736512371130018e-16
0.9096161597464753	1.9725704779294958e-16	2.168574575982998e-16
0.6022227848551628	-5.859995240071832e-16	-9.730610311400268e-16
0.29965755176626796	-9.538754603246036e-17	-3.183218492916954e-16
0.008922888921308053	-1.60363171864407e-16	-1.797211343530863e-14
-0.2642022947383453	4.225563786880037e-16	3.141592653589792
-0.5148112569155665	-5.30457381690978e-16	-3.1415926535897922
-0.7395882214545837	3.6548645422658913e-16	3.1415926535897927
-0.9371403503393305	-2.0002195611969486e-16	-3.141592653589793
-1.1063881019509811	-1.9852011498326722e-16	-3.141592653589793
-1.2454482733856795	-6.743263440987344e-16	-3.1415926535897927
-1.353872798778346	3.1749386652470324e-17	3.141592653589793
-1.4299834285488666	-3.0128660898770914e-17	-3.141592653589793
-1.4733071921130223	-7.339517190983489e-16	-3.1415926535897927
-1.4833660540343447	2.155925725511402e-16	3.141592653589793
-1.4625947650697522	-5.185036238998122e-17	-3.141592653589793
-1.4139926586813953	-8.581618277573338e-16	-3.1415926535897927
-1.3402233355578825	-2.595721444652861e-16	-3.141592653589793
-1.2463864572205066	-5.831021668108863e-16	-3.1415926535897927
-1.1357545208368187	-3.1896184678768554e-16	-3.141592653589793
-1.012570345642418	-5.241201425919583e-16	-3.1415926535897927
-0.8785154847524166	-4.494163318342322e-16	-3.1415926535897927
-0.7379145744054277	-1.1392818142296607e-15	-3.141592653589792
-0.5930373799300988	-3.4903046799593845e-16	-3.1415926535897927
-0.44589656089191604	-3.8806937131682917e-16	-3.1415926535897922
-0.29995854310749875	-1.1058177202359318e-15	-3.1415926535897896
-0.1561125055628716	2.994354937852053e-16	3.1415926535897913
-0.016559858058868514	-2.0839108331161961e-16	-3.1415926535897807
0.11814423974789248	-8.504973635453991e-16	-7.198805166974472e-15
0.24564427949845466	4.201992901072254e-16	1.7106007555525788e-15
0.36462288627840744	-5.665941255239534e-16	-1.5539181626995597e-15
0.472655617094161	1.6429313081486463e-16	3.4759584964825385e-16
0.5681317324416463	1.850384628281366e-18	3.25696405009629e-18
0.6504214024228383	-7.730578986235972e-17	-1.1885492939560943e-16
0.7194960449949168	-1.9791645575353785e-16	-2.750765026858989e-16
0.775079236358981	2.893756795334267e-16	3.7334980213481196e-16
0.8159640509112747	-3.031894768703837e-16	-3.71572101162765e-16
0.8397247913906641	-1.2912229325478724e-16	-1.5376739448283816e-16
0.8439717850047571	1.28039096944548e-16	1.5171016285079518e-16
0.8285693715649215	4.252251036580471e-16	5.13203985388602e-16
0.7958635619774899	-1.9792211803934168e-17	-2.4868850327506222e-17
0.7498706798212948	-7.943271949985541e-17	-1.059285575998056e-16
0.6937532050259169	-1.9903931926390294e-16	-2.869021978161057e-16
0.6285611628224362	-1.591211051212614e-16	-2.5315134712866743e-16
0.5525542959296945	3.5636357034385228e-16	6.449385571136614e-16
0.46145229422401823	-3.7978095793739833e-16	-8.230123951946993e-16
0.3529528907109685	-5.846076267975648e-16	-1.6563333016481717e-15
0.22692133431106437	5.3521449264055955e-17	2.358590452790508e-16
0.08651825375875843	9.7591840149224e-16	1.1279913302612695e-14
-0.0649025945806234	-4.685004666106059e-18	-3.141592653589793
-0.2251594826411702	5.288654545372009e-16	3.141592653589791
-0.3965491341232004	2.4902011802614333e-16	3.1415926535897927
-0.5860261473687678	1.3563010616311028e-16	3.141592653589793
-0.8026789925578645	3.785787596827781e-16	3.1415926535897927
-1.0520150169425868	4.461545080735839e-16	3.1415926535897927
-1.3329463756113848	1.738795765324007e-16	3.141592653589793
-1.6337609465867282	3.587512915122583e-16	3.141592653589793
-1.9392026274380254	-3.547421179298039e-16	-3.141592653589793
-2.2346289737450755	4.004848679269408e-16	3.141592653589793
-2.5122469141208867	1.1143736398029576e-16	3.141592653589793
-2.77211902671358	-5.68896236419838e-16	-3.141592653589793
-3.0205383590738153	-4.71440188223775e-16	-3.141592653589793
-3.2611484875241414	-6.476616975531416e-17	-3.141592653589793
-3.490619449057613	-1.4147286812990145e-16	-3.141592653589793
-3.6951251737469346	5.141046457747212e-16	3.141592653589793
-3.8586119761236075	-9.303193134689847e-16	-3.141592653589793
-3.962251429285659	3.309164328264044e-16	3.141592653589793
-3.994852532266688	5.408624591813977e-18	3.141592653589793
-3.9477830609015956	2.3599783005466893e-16	3.141592653589793
-3.8183613164016412	-1.9060574195595928e-17	-3.141592653589793
-3.613098347465512	1.4862149749927347e-16	3.141592653589793
-3.351148873169949	-3.22938318315839e-16	-3.141592653589793
-3.0601654770033937	3.9721914301238427e-16	3.141592653589793
-2.7557644225552553	7.018620042399289e-17	3.141592653589793
-2.4487903614660254	7.265337203768109e-16	3.141592653589793
-2.1114452793445317	-5.306239844453824e-16	-3.141592653589793
-1.6408636753292616	-3.9822200569308444e-16	-3.141592653589793
-1.0041120724896393	-1.3160470311779024e-15	-3.141592653589792
-0.38447307682687915	-5.225061916816467e-16	-3.141592653589792
0.21830032626527743	-4.680224258450517e-16	-2.1439382792140825e-15
0.7779947138172391	9.05801573412381e-17	1.1642772853404828e-16
1.2959605678726411	3.7396507095735907e-16	2.8856207528847437e-16
1.844981051668144	8.919207694316898e-16	4.83430856173432e-16
2.364426027434393	-5.176335893665953e-16	-2.1892568570997866e-16
2.859458736078312	-1.1569250647265651e-16	-4.0459582442279396e-17
3.3242135253647493	4.071578883757876e-17	1.2248247149861174e-17
3.7754460353814974	-1.1852818194402196e-16	-3.1394484475009866e-17
4.226423565641148	-1.2292258708539397e-16	-2.908430382716424e-17
4.6860575308501735	-7.647033971576692e-16	-1.63186941714506e-16
5.149769169782233	-1.2286059941780692e-15	-2.385749639784385e-16
5.588224610519878	-4.350432219497131e-16	-7.784998855105801e-17
5.9527647308220795	-9.61884392028408e-16	-1.6158615962898494e-16
6.19984464959736	-1.154246017620299e-15	-1.8617337737571537e-16
6.301744003105694	-8.443191036636718e-16	-1.3398181570809055e-16
6.266013703171034	-1.4425620249990212e-15	-2.3022005589757734e-16
6.122985966228302	6.140140702003969e-16	1.0028016944461878e-16
5.914000265978487	-1.0944242068183628e-15	-1.8505650280644474e-16
5.671008619864072	1.329624910851542e-16	2.3446004052863028e-17
5.411894691595696	-1.4185218190948938e-15	-2.621118665331315e-16
5.133248403940784	-1.079866720434841e-15	-2.1036712729620284e-16
4.833048775347708	-5.577262652989522e-16	-1.1539843507141666e-16
4.494108661146744	8.357556981754843e-16	1.8596695389252732e-16
4.104939203847735	1.4303699111407668e-16	3.4845093681290576e-17
3.673824357407299	-5.199597757249368e-16	-1.4153092939148678e-16
3.208213511917084	-4.87377703518653e-16	-1.5191560714655118e-16
2.716434239337305	-1.0339155689436889e-15	-3.8061498193894085e-16
2.213369280184277	-1.5904781597607455e-16	-7.185778595555136e-17
1.7088232982445062	6.557076630574968e-16	3.837188220286514e-16
1.2105390672899057	-3.0796560085894267e-16	-2.544036860771463e-16
0.724127620211349	-1.4327827825809686e-15	-1.9786329682643323e-15
0.25178332243057405	-6.833565485039035e-16	-2.7140659750898713e-15
-0.20496128800798216	-5.166864157478097e-16	-3.141592653589791
-0.6454525986623328	4.843916685641854e-16	3.1415926535897927
-1.0678414770915052	-7.455715268064647e-16	-3.1415926535897927
-1.4704899649840542	-4.0094318124414826e-16	-3.141592653589793
-1.8507105804437058	-9.189586480801223e-16	-3.1415926535897927
-2.207372708345348	1.9863361882119588e-16	3.141592653589793
-2.53891161099661	-1.38152596677819e-15	-3.1415926535897927
-2.845163033426964	6.301312004322769e-16	3.141592653589793
-3.12590070389696	2.0670984973649367e-16	3.141592653589793
-3.3815839874217195	3.580908381203629e-16	3.141592653589793
-3.610592569638039	7.705751267361834e-16	3.141592653589793
-3.813594970412566	-1.7961448746688833e-16	-3.141592653589793
-3.9892181502313737	2.6225803044069888e-17	3.141592653589793
-4.136445869009288	-2.109998677323284e-16	-3.141592653589793
-4.252592508098994	-1.623658808986142e-16	-3.141592653589793
-4.335950403553382	4.749365620810045e-16	3.141592653589793
-4.385434398180832	-8.635461216430222e-17	-3.141592653589793
-4.398502657222487	7.132323422934376e-16	3.141592653589793
-4.374619508128463	-3.498206401998659e-16	-3.141592653589793
-4.314452894492234	6.235713395932009e-16	3.141592653589793
-4.220103008538991	7.696542765917264e-16	3.141592653589793
-4.093924559744161	1.1208726880969888e-16	3.141592653589793
-3.9392821484197933	1.8018765951587502e-15	3.1415926535897927
-3.761326020594962	6.147263536001755e-16	3.141592653589793
-3.562715176797485	1.079150214416751e-15	3.141592653589793
-3.3462479004016537	3.0193160178317927e-16	3.141592653589793
-3.1154147966487473	2.418196164409598e-16	3.141592653589793
-2.871701978559279	-5.804204958184144e-18	-3.141592653589793
-2.617598224756966	-3.096141296554994e-17	-3.141592653589793
-2.355685217629163	8.580603594980025e-16	3.1415926535897927
-2.089559701631655	6.568610773068632e-16	3.141592653589793
-1.8219618895101202	1.6856985712021756e-16	3.141592653589793
-1.5549460586010384	-4.213741391649109e-16	-3.141592653589793
-1.28985993995965	-8.515869018105054e-17	-3.141592653589793
-1.0270071801091296	2.6407475762982723e-16	3.141592653589793
-0.7674001308900268	1.6184349228507462e-16	3.141592653589793
-0.5130511967279299	-2.9890824590568773e-16	-3.1415926535897927
-0.2655306659331142	-2.925917944913606e-16	-3.1415926535897922
-0.027098703028106418	2.0890573689449007e-16	3.1415926535897856
0.200932329817188	3.840263699298294e-16	1.9112224014882215e-15
0.4179402420020225	-5.645673728895034e-16	-1.3508327654334165e-15
0.62443674705248	1.1824916625127031e-15	1.893693265321751e-15
0.8209417864243647	-3.2901004627322627e-16	-4.0077146968756324e-16
1.007703304906514	-1.6826198549200077e-16	-1.6697572060420172e-16
1.1838033857925185	2.981682612741548e-16	2.518731276262913e-16
1.3479627422404041	-1.9308906458571132e-16	-1.4324510502774313e-16
1.4982666236369782	-1.0521763274534492e-16	-7.022624083418052e-17
1.6329855551983572	1.879570265348523e-18	1.1510023829452756e-18
1.750391148509734	3.0730900154565234e-16	1.7556590240260995e-16
1.8494655359953853	-3.4556394459761597e-16	-1.8684530091101856e-16
1.930845737293647	6.578047226143834e-16	3.4068217357249353e-16
1.9958422314699888	-3.5544962066393887e-16	-1.7809504932769216e-16
2.0463749324608997	1.9266734321849446e-16	9.415055870861327e-17
2.083850810478501	-4.778596274170828e-17	-2.2931566166550807e-17
2.1090065213983697	-1.8679590585935977e-16	-8.857056816282643e-17
2.1228797772605574	6.4478300449261e-16	3.037303437525143e-16
2.1254234418342923	5.452939605065818e-16	2.5655779915365e-16
2.1169979399993144	2.399855125712477e-16	1.1336124047967918e-16
2.097623578790959	4.1005741848148045e-16	1.954866557696838e-16
2.06771577387277	6.210285366648078e-16	3.0034521403376437e-16
2.0287718709023195	1.3889432467149752e-17	6.846226855941308e-18
1.9812121212382219	-1.2529719858739782e-16	-6.324269735897302e-17
1.9259062264835767	-2.5883521772307074e-16	-1.3439658388542937e-16
1.8629918485574042	3.851862161277571e-16	2.067567909253192e-16
1.7926788315933286	2.63873056127138e-16	1.4719483014847018e-16
1.7152698306027276	3.4340572730233825e-16	2.0020507629500434e-16
1.6304314629886607	-1.8571447704617638e-16	-1.1390511116962417e-16
1.539638212788165	7.417464984112842e-17	4.8176675029911025e-17
1.4441367176179656	-1.6391009064003298e-17	-1.1350039690867693e-17
1.3446275609065328	-3.679440605150791e-16	-2.736401299606081e-16
1.2429140440305964	-6.102783281706429e-16	-4.910060603962569e-16
1.140539713349284	-3.5125524990737445e-16	-3.079728358391712e-16
1.0396231414230928	-1.700969124310038e-16	-1.636140113216082e-16
0.9428739155111402	5.241295638592252e-16	5.558851032325885e-16
0.8523943712621491	5.783573635720549e-16	6.785091303637719e-16
0.7711467998884018	-1.4705036056714526e-16	-1.9069048926666877e-16
0.6980416142666247	6.036262026506343e-17	8.647424312729766e-17
0.633541159207669	7.634143770855241e-16	1.2049957070512666e-15
0.5759130115316529	1.224943229102464e-15	2.1269587673400565e-15
0.5237710942640652	9.818996244748497e-16	1.8746731830523923e-15
0.47549395038829706	2.5006467367828274e-16	5.259050582537914e-16
0.42921489289208536	4.774456561440274e-16	1.1123697337875654e-15
0.3854506485290543	-2.1073762578012403e-16	-5.46730499959813e-16
0.3428967969265882	3.6754374802399555e-16	1.0718786273838659e-15
0.3017973500053072	-3.9870556432502317e-17	-1.321103595899738e-16
0.26153598248906934	3.0037785783785168e-16	1.1485144605308973e-15
0.2203233228091287	-1.740401762823095e-16	-7.899307892750176e-16
0.1785762064051179	-1.7153287158938744e-16	-9.60558380326705e-16
0.13535661950177877	-1.828569804819348e-16	-1.350927506574821e-15
0.09183505139331673	-4.4146495295160464e-17	-4.807150932609291e-16
0.04823051278423852	1.0933524577106193e-16	2.266931024768041e-15
0.005198164755470288	-3.2580158687929737e-17	-6.267627176234461e-15
-0.0371530735191772	5.264564728678241e-16	3.141592653589779
-0.07953111482970629	-1.4203980917188145e-16	-3.1415926535897913
-0.1232734736347947	-5.4523226213532404e-17	-3.1415926535897927
-0.16952055003260216	-9.205079839345064e-17	-3.1415926535897927
-0.2197058603542107	6.419969412631287e-16	3.1415926535897905
-0.2741575295981351	-2.2871401080832806e-16	-3.1415926535897922
-0.33344788513396206	7.699304417025773e-16	3.141592653589791
-0.39724212421570243	4.31083734324468e-16	3.1415926535897922
-0.46476898466760036	2.9919775179201846e-16	3.1415926535897927
-0.5349181150886854	3.869483846080987e-16	3.1415926535897927
-0.6066081864799222	1.0294909963895583e-15	3.1415926535897913
-0.678946098443309	6.632172737934262e-17	3.141592653589793
-0.7511810284206837	4.645603068318574e-16	3.1415926535897927
-0.8225277429101744	2.2703308962038297e-16	3.141592653589793
-0.8929666551759423	-7.269216366849206e-16	-3.1415926535897922
-0.962273011945958	1.7154516345101573e-16	3.141592653589793
-1.0305040783226824	7.669030271049089e-16	3.1415926535897927
-1.0966398565643019	-1.0141735733988325e-15	-3.1415926535897922
-1.159561237856353	7.534683807346406e-16	3.1415926535897927
-1.2181101204130933	-2.3848588077627257e-16	-3.141592653589793
-1.2712823226426908	1.1788442302297254e-15	3.1415926535897922
-1.3186534260391942	9.07079629925257e-16	3.1415926535897927
-1.3598685682343676	5.948947981687442e-16	3.1415926535897927
-1.39547191191525	2.7550416986379067e-16	3.141592653589793
-1.4251801074817765	3.479257282459226e-16	3.141592653589793
-1.4483119103774584	5.05938354559481e-16	3.1415926535897927
-1.4634058844310562	1.4034105975727515e-16	3.141592653589793
-1.469629142107537	8.216864449843444e-17	3.141592653589793
-1.4668930473480388	1.509624168736673e-16	3.141592653589793
-1.456314531634415	-1.6287324350337206e-16	-3.141592653589793
-1.439521683625137	1.8415580619087438e-17	3.141592653589793
-1.4176519800473275	2.6947792337023987e-16	3.141592653589793
-1.3912430107014693	4.609260094366388e-16	3.141592653589793
-1.3604343165849835	1.3182905015241985e-15	3.1415926535897922
-1.3253328063194285	5.775352854486632e-17	3.141592653589793
-1.286175843176497	7.545998144576747e-16	3.1415926535897927
-1.2398779486041802	-1.312933155720176e-16	-3.141592653589793
-1.1876487667503466	6.782147024950782e-16	3.1415926535897927
-1.1292180088450072	6.556170558194101e-16	3.1415926535897927
-1.06359581037998	8.921403536685326e-16	3.1415926535897922
-0.993762961980864	3.150498991700418e-16	3.141592653589793
-0.916864624602465	2.436918269184661e-16	3.141592653589793
-0.8321178394033718	7.769058957404779e-16	3.1415926535897922
-0.7426184755779612	2.1909138692691543e-16	3.141592653589793
-0.6499695010919524	7.808635001151817e-16	3.1415926535897922
-0.5540636014057363	2.5147719743787963e-16	3.1415926535897927
-0.45812825032092813	2.979913402033867e-16	3.1415926535897927
-0.35914361494342734	2.841581657996256e-16	3.1415926535897922
-0.25609586241522175	-2.3015687523376275e-16	-3.1415926535897922
-0.15062134485902284	-3.2515326009531996e-16	-3.141592653589791
-0.038497944151258234	-3.810672412915848e-16	-3.1415926535897833
0.08275860067940366	9.232290134065933e-17	1.1155686609335815e-15
0.21267578149182564	3.314706187481122e-16	1.5585724731936743e-15
0.3498901647566048	3.8049175914665075e-17	1.087460573266852e-16
0.49463689563579044	5.748506931365608e-17	1.1621670324403644e-16
0.6460136499230603	-3.0532650264107383e-16	-4.726316582899417e-16
0.801836060070016	-5.055318485252657e-16	-6.304678396243776e-16
0.9584025433286193	-1.1348095374640724e-15	-1.1840635705355868e-15
1.1136736234412565	-7.705629527761773e-16	-6.919109302374733e-16
1.2649342439347746	-6.110531526356917e-17	-4.830710810191333e-17
1.4110018036510314	-1.0752512848274174e-15	-7.620481292406258e-16
1.5508315398729495	-5.030077060096954e-16	-3.2434709578508045e-16
1.6837166570133941	-2.0761203506446538e-16	-1.2330580338424116e-16
1.8102823572593947	-6.173112464690083e-16	-3.410027413643705e-16
1.9303279562542606	4.268929768556133e-16	2.2115049179725158e-16
2.0433280773407616	5.982312872233324e-17	2.9277299806004994e-17
2.147982487610221	-1.9663647143103366e-16	-9.154472746647266e-17
2.24269415519585	4.85494992883516e-16	2.1647846709669543e-16
2.325684659129903	5.373087899404643e-16	2.3103252103898086e-16
2.394426179489503	2.316232189244585e-16	9.673433280529912e-17
2.4472012547417012	-3.991960409810879e-16	-1.631235029025933e-16
2.482441217874671	-1.1198916117273655e-16	-4.5112512782322994e-17
2.498196490220891	-2.080947277066059e-16	-8.329798257310262e-17
2.4934630364808994	3.260367009869459e-16	1.3075658079419196e-16
2.4673303454953475	-3.259392052801184e-16	-1.3210197243153593e-16
2.4196944230575306	3.379149348846515e-16	1.3965190466392096e-16
2.3510057045476986	-2.556838726423756e-16	-1.0875510516532995e-16
2.261465788976807	1.4668144627878071e-16	6.486122717122609e-17
2.1531315021734967	4.3803334760485877e-16	2.034401276293075e-16
2.026951786339662	8.085882056741173e-16	3.9891832214435304e-16
1.8848785053641834	7.302362811583985e-17	3.874182230208557e-17
1.7277582726321095	3.4254868200430594e-16	1.982619255426622e-16
1.5565999699956805	-9.092097422550429e-17	-5.840998071312862e-17
1.3725343893441098	5.7849362099006e-16	4.2147841648361434e-16
1.1773577922986522	-2.7816904332191967e-16	-2.3626551345859563e-16
0.9727224786751124	-1.3288649011908099e-16	-1.3661295285380656e-16
0.7614218163730737	-5.446406710283925e-16	-7.15294281457172e-16
0.5451746511782316	2.4014579759686387e-16	4.4049333012432017e-16
0.32735492387030335	1.9338791370192463e-16	5.907591412266159e-16
0.1090727804454826	4.321463826658109e-17	3.962000243331184e-16
-0.10760238708797909	1.8580590526111074e-16	3.1415926535897913
-0.32211222066448697	4.1211699994109983e-16	3.141592653589792
-0.5332968142431305	9.847396663434818e-16	3.1415926535897913
-0.7404532190044076	2.671783907149435e-16	3.1415926535897927
-0.9433254087990263	5.714977661041941e-16	3.1415926535897927
-1.1408953752620972	4.01947218906695e-17	3.141592653589793
-1.332329597624468	8.4140552006432975e-16	3.1415926535897927
-1.5163779705052798	1.835821394584964e-16	3.141592653589793
-1.6931246743434418	-6.962917403925213e-17	-3.141592653589793
-1.863149722094232	3.322088175761784e-16	3.141592653589793
-2.025361437981266	-2.173505802913999e-16	-3.141592653589793
-2.180820402785811	4.081412537009121e-17	3.141592653589793
-2.328999721635585	7.101204948395445e-16	3.141592653589793
-2.4708943394915783	3.881522669583975e-16	3.141592653589793
-2.6041787020162777	-3.8446443025126806e-16	-3.141592653589793
-2.7282344155927114	4.451343354731478e-16	3.141592653589793
-2.841613136899473	-2.454753049351249e-16	-3.141592653589793
-2.9439172707923893	4.1168695104799767e-16	3.141592653589793
-3.0343559945556007	-8.12377280907287e-16	-3.141592653589793
-3.111140641541525	-4.630013003536544e-16	-3.141592653589793
-3.1744014930461675	-3.0567110222580274e-16	-3.141592653589793
-3.221429233316904	-5.747585511001672e-16	-3.141592653589793
-3.250733556744965	-7.501259166584152e-16	-3.141592653589793
-3.2602238483514108	4.5367183105162e-16	3.141592653589793
-3.248952081133392	-8.619663709638262e-16	-3.141592653589793
-3.215518925806003	-2.265981182579735e-16	-3.141592653589793
-3.158788482293084	-7.933101471072234e-17	-3.141592653589793
-3.077699189642445	-3.402795198215281e-16	-3.141592653589793
-2.97154154672185	-4.3018924839790247e-16	-3.141592653589793
-2.838166341847306	-3.510083666782129e-16	-3.141592653589793
-2.6774164629513475	-4.326715380300056e-16	-3.141592653589793
-2.488507060173012	-1.3698247981906406e-15	-3.1415926535897927
-2.2718073954028832	-1.1719776709505251e-15	-3.1415926535897927
-2.027852520909624	-5.24173556737836e-16	-3.141592653589793
-1.7580984402111415	-7.480709097872709e-16	-3.1415926535897927
-1.4643756325841688	-2.9478668327529793e-16	-3.141592653589793
-1.1489061699482956	-3.957150997406623e-17	-3.141592653589793
-0.814452097684279	-7.147893175269267e-16	-3.1415926535897922
-0.4647625783376957	-2.6840209913491137e-16	-3.1415926535897927
-0.10320531344779878	-6.789194635544076e-16	-3.1415926535897865
0.2658509828263688	-5.471086740537589e-16	-2.0579524222074574e-15
0.6385026108914654	5.439842751137561e-16	8.51968756015352e-16
1.0103218121513002	-9.088988663807737e-16	-8.99613227636287e-16
1.3772937810601045	-2.9244113894300297e-16	-2.1233025441958412e-16
1.7363739105731197	-1.180733049051578e-17	-6.7999930306592605e-18
2.0849442823005275	-6.162329000194037e-16	-2.9556324610241016e-16
2.4206136825015054	2.853230812656851e-16	1.1787220874122595e-16
2.741471940355977	-4.707996023253357e-16	-1.7173241695269838e-16
3.0446820403093344	7.24792499707306e-17	2.3805195094646673e-17
3.328299627327063	5.979083315723923e-16	1.796437816665469e-16
3.5893397143545407	1.5906519315806372e-16	4.4316004005396266e-17
3.825321674817256	-4.621198750650626e-16	-1.2080549411237137e-16
4.032564947329122	-1.5639689011363885e-16	-3.878347705651332e-17
4.206698983092069	-1.1012561276507148e-15	-2.617862918352322e-16
4.3457595105842115	2.7494562827399113e-16	6.326756637231164e-17
4.446566201002486	4.2842783365979064e-16	9.635026541676157e-17
4.506725732952481	-6.055212498550498e-16	-1.3435946310812129e-16
4.525737531923107	7.091055920981165e-16	1.5668288032531984e-16
4.504740254392098	-6.346532597543778e-16	-1.4088565020715552e-16
4.4469024635813	2.8494562385111143e-16	6.407732712483e-17
4.353459414921646	-3.416749894860775e-16	-7.84835591472321e-17
4.228668016891384	-8.394456047084243e-16	-1.98513007253174e-16
4.075501108413016	7.252065963521225e-16	1.7794292703174238e-16
3.896516122768233	4.2150891590432797e-16	1.0817584288727953e-16
3.6941732459231065	-5.132436316058831e-16	-1.389332869464905e-16
3.469005099825608	1.0084088082531126e-16	2.906910711384676e-17
3.2224714284559868	-1.1096042063747705e-15	-3.443332954255007e-16
2.9564009635191666	-2.1843221905415253e-17	-7.388450408098252e-18
2.672024290291419	-3.5319114213526983e-16	-1.3218111205746178e-16
2.3705959433749806	-4.786199684754069e-16	-2.0189858580201696e-16
2.054200550758955	-2.4515998256078413e-16	-1.1934569021033807e-16
1.7248090777389116	-3.1751385819129774e-19	-1.8408637935019065e-19
1.3856556213944	2.0276573679661606e-16	1.4633198441656862e-16
1.0382565549158245	7.80690365074272e-16	7.519243306270922e-16
0.6858523080383668	-1.3786167494523062e-16	-2.0100781659470422e-16
0.3306398325382558	-2.600458862023893e-16	-7.864929164948732e-16
-0.024328120874080268	-9.685673840043851e-16	-3.1415926535897536
-0.37730966368443136	-3.398290429745925e-16	-3.1415926535897922
-0.7268712291560288	-1.6930739878122068e-16	-3.141592653589793
-1.070742870422769	2.817402239687986e-16	3.141592653589793
-1.4068244627207493	-1.1087667657892038e-16	-3.141592653589793
-1.7325930919800057	-3.378524979001761e-16	-3.141592653589793
-2.044303487628554	-3.4373082565310245e-16	-3.141592653589793
-2.339944177824293	1.1090360076485398e-15	3.1415926535897927
-2.617444450356149	-5.53477826599164e-17	-3.141592653589793
-2.87603190217377	-4.1706342430667946e-16	-3.141592653589793
-3.113764042013577	1.951559502709957e-16	3.141592653589793
-3.330927933402811	-1.4544449137836804e-16	-3.141592653589793
-3.5268685885597737	1.9762839162260007e-16	3.141592653589793
-3.7007745761457898	-1.187826452075698e-15	-3.141592653589793
-3.850640180086912	-8.98279773884911e-16	-3.141592653589793
-3.97571358723335	-2.0064365178438683e-16	-3.141592653589793
-4.075625271215004	-5.386231380025583e-16	-3.141592653589793
-4.149910192944956	2.9879904670700987e-16	3.141592653589793
-4.198118047900938	4.772383957222803e-16	3.141592653589793
-4.220092244113459	1.8665136536021266e-16	3.141592653589793
-4.215141913464347	-1.5858674609069136e-16	-3.141592653589793
-4.1832034817386665	-4.266938633698543e-16	-3.141592653589793
-4.123203147581755	-5.689922447901018e-16	-3.141592653589793
-4.035478552562475	-1.0080483823093291e-16	-3.141592653589793
-3.91952124645317	-2.1085660422386888e-16	-3.141592653589793
-3.776190957338665	2.8145249342558737e-16	3.141592653589793
-3.6064203003050284	7.628643165456913e-18	3.141592653589793
-3.411699035265738	-1.7187721054467372e-16	-3.141592653589793
-3.1942894199478755	-7.575997508923257e-16	-3.141592653589793
-2.9565888734146255	9.745042976407472e-16	3.141592653589793
-2.7010362170813815	-1.8478534906244095e-16	-3.141592653589793
-2.4300223026590166	5.776521470856743e-16	3.141592653589793
-2.1458495285012127	-5.28115787791803e-16	-3.141592653589793
-1.850939117152623	1.8270810150890695e-16	3.141592653589793
-1.5464307663550676	5.48281933383489e-17	3.141592653589793
-1.2339486259582013	8.968994718831973e-16	3.1415926535897927
-0.9148844270840842	-2.2877868654126967e-17	-3.141592653589793
-0.5908561256609324	3.3569631069879827e-16	3.1415926535897927
-0.2631229300025742	9.417393900884287e-17	3.1415926535897927
0.06645464553711045	5.916500792995641e-16	8.903065760378895e-15
0.39561924680673266	5.436157526904228e-16	1.3740882352874737e-15
0.7222143854576827	1.079445587635663e-15	1.4946331856178623e-15
1.043704534726598	6.135772299672732e-16	5.878840318807294e-16
1.3570505767943088	7.436348816148031e-16	5.479787521047696e-16
1.658665913352771	-4.693425042232886e-16	-2.82963856943666e-16
1.9445239899318816	1.726471582517922e-17	8.878633493117264e-18
2.2119382163691004	-1.5403079115621971e-16	-6.963611823166629e-17
2.4591615073360185	-5.090338922054206e-16	-2.0699490077691205e-16
2.687456283524141	-1.0716481081040607e-15	-3.987592708666415e-16
2.896661245090477	4.3490271947458494e-16	1.501393095971085e-16
3.087446384372658	-2.7226286904196263e-16	-8.818383710889414e-17
3.2586308481754975	-8.589108607364618e-17	-2.6358028900922137e-17
3.4087998041965464	-3.0884753815000983e-16	-9.060301451842085e-17
3.5379652336398486	3.076556907066286e-16	8.695837024664973e-17
3.645067073813968	6.076343991480634e-16	1.6670047130635464e-16
3.729395027975596	3.936840363256852e-16	1.0556243931589791e-16
3.78789026373346	1.0222798182564103e-15	2.69881054381132e-16
3.8168842218674763	3.7487936979746766e-16	9.821607049271499e-17
3.8137464454559358	8.760602808849496e-16	2.297112022034847e-16
3.7782907485891455	5.471121380183053e-16	1.4480413880869357e-16
3.7121034164846196	2.707800161178772e-16	7.294517036228135e-17
3.61792695826339	4.860744651202589e-16	1.3435165240416442e-16
3.497384206212115	2.730359664101683e-16	7.80686222363551e-17
3.3511387752248387	1.2349561821406845e-15	3.685183649423254e-16
3.1792282862398635	2.3665134348109974e-17	7.443672557436635e-18
2.9823950066376534	1.8644528084047727e-16	6.251528735312474e-17
2.7613953767889634	-4.95943854646754e-16	-1.795990023071064e-16
2.5190204656272193	5.157878100437806e-16	2.0475729240070025e-16
2.2586003380666626	5.1587116000870163e-17	2.2840302966140602e-17
1.984104537333776	2.496209359749551e-16	1.2581037504727133e-16
1.698840886728588	-4.786355014804035e-16	-2.817423957826321e-16
1.4050671399936838	6.612858570440614e-16	4.706436000254295e-16
1.1038348321565878	-4.26975712237814e-16	-3.8681123280339107e-16
0.7961735255275965	-2.755462880187622e-16	-3.4608823225586066e-16
0.48435120537361176	-1.2302435201562556e-15	-2.5399823650842128e-15
0.17308676983174814	1.4605050371870568e-16	8.437993490818303e-16
-0.13212072825420432	-4.0600923630299287e-16	-3.14159265358979
-0.42565871764011753	3.8753920408866787e-16	3.1415926535897922
-0.703532095185494	-2.2998106532411395e-16	-3.141592653589793
-0.9646745065303954	3.540200232053015e-16	3.1415926535897927
-1.209645117232103	-4.4895923941962255e-16	-3.1415926535897927
-1.438338031674735	-3.0797351545968824e-16	-3.141592653589793
-1.648084724666592	-7.749289484059402e-16	-3.1415926535897927
-1.8336962233961265	-6.580546846920454e-16	-3.1415926535897927
-1.9902512091757791	-5.340940904457586e-16	-3.141592653589793
-2.11377064419748	4.015237411784492e-16	3.141592653589793
-2.2033989416766717	-3.779862228446397e-16	-3.141592653589793
-2.262469558522675	4.95499135189919e-16	3.141592653589793
-2.2964260088196053	-3.961367680862468e-17	-3.141592653589793
-2.310138717041669	3.344601611006313e-16	3.141592653589793
-2.305681882324867	-1.2242743909345457e-16	-3.141592653589793
-2.28311950422432	-2.583494422968837e-16	-3.141592653589793
-2.2418139938577837	1.8067938164166362e-16	3.141592653589793
-2.180050787891932	-5.675807216843269e-17	-3.141592653589793
-2.0982196277164773	5.168188143774839e-16	3.141592653589793
-1.9986198408869078	3.1137737148050824e-16	3.141592653589793
-1.8841540336155196	6.678818405809744e-17	3.141592653589793
-1.7585554661610725	-6.773713866821343e-16	-3.1415926535897927
-1.6245604719990283	1.6364016522197556e-17	3.141592653589793
-1.4854631613292852	7.279263069246887e-16	3.1415926535897927
-1.3443110771787752	1.5239253851109077e-16	3.141592653589793
-1.2042205433036253	-6.516862628548984e-16	-3.1415926535897927
-1.0703758745653396	1.0556076988380955e-15	3.1415926535897922
-0.9460974032807358	-3.8699528169738347e-16	-3.1415926535897927
-0.8336994210909453	-8.134358280566709e-16	-3.1415926535897922
-0.7340044426842861	6.991876451900668e-16	3.1415926535897922
-0.6455631355323342	1.7058993699600462e-16	3.141592653589793
-0.5666177482431555	1.0414931319135146e-15	3.1415926535897913
-0.4946609767518047	4.477361933890884e-16	3.1415926535897922
-0.4277581508442521	7.115744239775959e-16	3.141592653589792
-0.3665084240150072	3.6871227367975836e-16	3.1415926535897922
-0.3122979618613345	1.0820336276332553e-15	3.1415926535897896
-0.2665590699393887	-5.343302851783395e-16	-3.1415926535897913
-0.23063349144224427	3.055894726493408e-16	3.141592653589792
-0.20458316255158623	7.7042302397548e-16	3.1415926535897896
-0.18836443459431915	8.595827085041332e-16	3.1415926535897887
-0.18032434525641713	4.614320541202975e-16	3.141592653589791
-0.17879354542225218	4.616184502951843e-16	3.1415926535897905
-0.18373003622079212	4.3628909162766603e-16	3.141592653589791
-0.1939516862529987	9.730255826279034e-17	3.1415926535897927
-0.20809424682606753	9.272912933874818e-16	3.1415926535897887
-0.22333110634848022	3.15109650704344e-16	3.141592653589792
-0.23785193438610405	6.866375465086956e-16	3.1415926535897905
-0.2501713865892594	4.810971769861953e-16	3.1415926535897913
-0.2584163067442391	1.1750258010734301e-15	3.1415926535897887
-0.26270336665060356	1.0770067288408905e-15	3.141592653589789
-0.26306170217644803	1.1344195592827522e-15	3.141592653589789
-0.2594837364213686	3.040784573559337e-16	3.1415926535897922
-0.25062456202013467	2.864229902512152e-16	3.1415926535897922
-0.23494918635825807	3.5007024929803517e-16	3.141592653589792
-0.21123503536016275	1.9558047428007095e-16	3.1415926535897922
-0.1788411363025241	3.8626805354412216e-16	3.141592653589791
-0.13765780127733568	2.762535553632569e-16	3.1415926535897913
-0.08809559602843495	6.635953523990497e-16	3.1415926535897856
-0.03012572594922337	-6.916337495098943e-16	-3.1415926535897705
0.03638956385957876	-3.394942796367616e-17	-9.32944074149427e-16
0.1126428285165426	9.817595445459746e-17	8.715686186820091e-16
0.19971202314472045	-5.144043039696736e-16	-2.5757302733692337e-15
0.2979923237953986	8.945396971501149e-17	3.001888390132846e-16
0.40659035529857324	-1.6612277029628575e-16	-4.08575285004722e-16
0.5241160699665063	-2.915948342150148e-16	-5.563554543054732e-16
0.6486547213681536	-2.469606123846876e-16	-3.80727379681742e-16
0.778106187158765	-1.181630188706914e-16	-1.5185976004401233e-16
0.9107369188433	3.6879303661598356e-16	4.0493915310293633e-16
1.0455285682724205	-1.3349014481388185e-16	-1.2767718536324104e-16
1.1815357627641068	1.6373315250271526e-18	1.3857655236746695e-18
1.3176391850026257	-1.3338794699927523e-16	-1.012325289938986e-16
1.4523632115912608	-9.43967372512628e-16	-6.499526874399303e-16
1.5836872129987032	-3.019114851810002e-16	-1.906383297806215e-16
1.7088188570759686	-9.803743292346845e-17	-5.737146012727434e-17
1.8246639048707425	3.747134070575196e-16	2.0536023431891362e-16
1.9282462338264956	-5.509359440220774e-16	-2.857186672309875e-16
2.0171773348710396	-5.77086729208049e-17	-2.860862648176358e-17
2.090103731422903	4.7783074065918897e-17	2.2861580192189353e-17
2.145513847525976	-7.082484294091749e-16	-3.3010666895758644e-16
2.1813895862156256	4.057502662895185e-16	1.860054108873934e-16
2.195593809129298	-4.4169464493687435e-16	-2.0117320567233532e-16
2.187553932073351	-5.213161094904075e-16	-2.383100603130306e-16
2.1562386967472262	-5.107349342833516e-16	-2.3686381987941134e-16
2.101446556674834	3.2974169507329757e-17	1.5691176824170835e-17
2.0225958585424024	-4.018358401343708e-16	-1.9867332291679693e-16
1.9211900195957328	2.969111056443368e-16	1.5454541331982062e-16
1.7986239713955074	-6.90132152865786e-17	-3.8370007508035695e-17
1.6561751337726132	2.873350492324414e-16	1.7349315502516864e-16
1.4944533068729553	1.9571683409177372e-16	1.309621606721847e-16
1.3139320811863449	-1.953306303337942e-16	-1.4866113182762905e-16
1.116078662898488	-6.963907554486365e-16	-6.239620723866272e-16
0.9024560982827825	2.819032584730746e-17	3.123733763996804e-17
0.6734956865223434	1.509844850331393e-16	2.241803296658981e-16
0.4320566575852875	2.746437796974487e-16	6.356661212730747e-16
0.18247404522906702	4.028631677547782e-16	2.2077833987241736e-15
6.100269341159884e-16	2.8504177856539897e-16	0.4371150736246001
3.3274196406326643e-16	2.9601829535103e-16	0.7270579697436571
-6.654839281265329e-16	4.576238495554682e-16	2.53919955402788
0.0	2.8002244280381436e-17	1.5707963267948966
5.54569940105444e-16	7.167125946954267e-17	0.1285251507760026
-8.873119041687105e-16	-1.1148851574474357e-16	-3.0166001789423023
-1.1091398802108881e-16	-3.362820766535587e-16	-1.889385400064594
-4.4365595208435524e-16	-9.384573748963104e-17	-2.9331372733729313
-1.1091398802108881e-16	2.3357965593029544e-16	2.014117687517478
2.2182797604217762e-16	2.28294425597726e-16	0.7997631555317045
6.654839281265329e-16	9.41818911980457e-16	0.9556583170555403
0.0	3.3803715583608053e-16	1.5707963267948966
0.0	5.26397927115717e-16	1.5707963267948966
3.3274196406326643e-16	-2.605045309971699e-16	-0.6642283726010589
-1.6637098203163321e-16	-2.9509658018403363e-16	-2.0841612818740365
-3.3274196406326643e-16	-9.264724886719172e-16	-1.91559862232884
-2.2182797604217762e-16	1.1809496501373719e-15	1.7564713956116487
6.100269341159884e-16	-4.1277513861136515e-16	-0.5948827984038945
3.050134670579942e-16	4.904426411834129e-16	1.0144187621264216
1.2477823652372492e-16	-8.947562006282602e-17	-0.6220954183783733
-1.6290491990597419e-16	-6.190034306035082e-17	-2.778464559910939
2.0103160328822347e-16	-5.749174147906899e-17	-0.2785486293096424
-6.238911826186245e-16	3.891423419808132e-16	2.5839040085851797
-8.873119041687105e-16	2.570701668735463e-16	2.85959544072771
2.2182797604217762e-16	3.2956623126593586e-16	0.9783594694931511
-1.6637098203163321e-16	-1.6402623594275378e-16	-2.363291119942946
-2.2182797604217762e-16	7.165285965086852e-16	1.8710252100754687
-4.991129460948997e-16	-4.212375002215512e-16	-2.440608406282042
-5.54569940105444e-16	-3.806073032512668e-16	-2.5401133203911774
-5.54569940105444e-16	4.781386520333577e-16	2.430070308893495
-5.54569940105444e-16	-4.1357094365236817e-16	-2.5008166221492587
-1.6637098203163321e-16	-7.096261364425354e-16	-1.801085851221846
-6.100269341159884e-16	-2.5157443129302167e-16	-2.7504434836946423
-5.5456994010544405e-17	-4.867367800275034e-16	-1.684243423624556
-3.8819895807381083e-16	2.599987856877055e-16	2.5514539659230815
-1.0536828862003436e-15	7.219418767614309e-17	3.073183519194145
-7.209409221370773e-16	-6.349630128759435e-16	-2.4195197376601794
-1.6637098203163321e-16	-3.7739365976288807e-16	-1.9860084252483443
2.7728497005272202e-17	-3.1839976764309084e-16	-1.4839284392697316
0.0	-3.607359224103895e-16	-1.5707963267948966
4.4365595208435524e-16	-2.746001658012885e-16	-0.5542358018130972
-6.654839281265329e-16	-1.0278981309806669e-15	-2.145357153816388
-4.4365595208435524e-16	-2.2884453675843654e-16	-2.665372987870364
2.2182797604217762e-16	-6.61070941497198e-16	-1.2470444576214286
6.654839281265329e-16	2.0971245895595828e-16	0.3052770468402902
7.763979161476217e-16	2.5835184572033405e-16	0.32123176977339946
6.100269341159884e-16	3.8845340142207878e-16	0.5670260397970225
1.2755108622425213e-15	2.429272081667079e-16	0.18820089542388085
1.8647414236045557e-15	1.084490645491594e-15	0.5267629908076013
9.843616436871633e-16	9.399903693799142e-16	0.7623444741440573
1.2200538682319768e-15	3.9460972747681357e-16	0.3128169502201873
4.991129460948997e-16	-1.1576011406015512e-16	-0.22790225922827034
7.763979161476217e-16	6.456670023727215e-16	0.6937254899902817
4.4365595208435524e-16	5.691809286855107e-16	0.9087034698264279
-3.3274196406326643e-16	3.501988965070207e-16	2.3306386435529185
7.763979161476217e-16	9.259755476737708e-16	0.8730372679680041
6.654839281265329e-16	8.884163861032403e-16	0.9278922225717223
8.873119041687105e-16	3.211370459920235e-16	0.3472553739256045
-2.2182797604217762e-16	6.795790579728005e-16	1.886311738095925
4.4365595208435524e-16	-2.823904607077066e-16	-0.56683180006026
6.654839281265329e-16	7.120558927090623e-16	0.819193362883211
0.0	3.554893570833485e-16	1.5707963267948966
-2.2182797604217762e-16	-7.175342637903039e-17	-2.828750387862728
-4.4365595208435524e-16	-3.966244631318414e-16	-2.4121073345398227
-4.4365595208435524e-16	-2.247344819087657e-16	-2.672717781715416
-8.873119041687105e-16	2.0372758272018257e-16	2.915903378077227
-4.4365595208435524e-16	4.350067825305617e-16	2.3660377325122868
2.2182797604217762e-16	-5.4790377342674917e-17	-0.24214833397507382
-6.654839281265329e-16	-1.6677210881495228e-16	-2.8960467678784316
-8.873119041687105e-16	-5.361464101626607e-16	-2.5980637601656342
-6.654839281265329e-16	-1.1673746174351608e-15	-2.0889168344102726
-6.654839281265329e-16	-2.211066517563786e-16	-2.820817934659423
-8.873119041687105e-16	-3.451265947404087e-16	-2.770641792996357
-1.109139880210888e-15	-7.832670832864162e-16	-2.5267222360942734
-6.654839281265329e-16	-1.0031361166268922e-15	-2.1565363540933085
-1.3309678562530657e-15	-8.920021255602333e-16	-2.551154380859229
-3.3274196406326643e-16	-9.312874016273089e-16	-1.913952937879593
-1.2755108622425213e-15	-5.394822239312488e-16	-2.7414563933425775
-9.704973951845272e-16	-6.026689689991564e-16	-2.5858822870513505
-9.635652709332091e-16	-7.885201887031004e-16	-2.455770768892953
-1.774623808337421e-15	-6.696462447740105e-16	-2.780767273224756
-2.2182797604217762e-16	-7.228088632500484e-16	-1.8685687036611942
0.0	-5.804971088408644e-16	-1.5707963267948966
-6.654839281265329e-16	1.2830712974554045e-16	2.951127009681456
-4.4365595208435524e-16	-5.242202959318642e-16	-2.2731476673979008
0.0	-9.114781344262882e-16	-1.5707963267948966
-2.2182797604217762e-16	-2.0014492700418441e-16	-2.4075342681802416
0.0	-3.8735234601159947e-16	-1.5707963267948966
0.0	5.923260099794094e-16	1.5707963267948966
2.2182797604217762e-16	-8.698177353476409e-16	-1.3210909490010583
4.4365595208435524e-16	-1.223876823539312e-16	-0.2691671440412029
8.873119041687105e-16	4.2054690591286833e-16	0.4425962782193985
8.873119041687105e-16	-3.139296629632575e-16	-0.3400548100019249
2.2182797604217762e-16	9.038928364198938e-17	0.3869334128606591
4.4365595208435524e-16	-4.499229648398126e-16	-0.7924114331677641
5.54569940105444e-16	-4.794940743405149e-16	-0.7129226027381007
-4.4365595208435524e-16	-4.227266743407538e-16	-2.3803468766026543
5.5456994010544405e-17	-1.0276947262911895e-15	-1.516886097369461
-3.8819895807381083e-16	1.6437596609962216e-16	2.7410506364441534
1.38642485026361e-16	2.5717186414955273e-16	1.076356721938831
1.1091398802108881e-16	-3.9545083493099246e-16	-1.2973474097430178
5.5456994010544405e-17	-6.114407471022148e-16	-1.4803449264446198
-3.3274196406326643e-16	-3.625583751696813e-16	-2.3133379679492414
4.4365595208435524e-16	-2.583172154817534e-16	-0.5272633150878189
-2.2182797604217762e-16	1.554826546905652e-16	2.5302525603295893
6.654839281265329e-16	-4.752670539520514e-16	-0.6201712649945273
2.2182797604217762e-16	-6.277270616885256e-16	-1.2311110199914248
-2.2182797604217762e-16	-1.9146580870085192e-16	-2.429526642031587
4.4365595208435524e-16	-1.1318855017232096e-16	-0.249798092410946
-4.4365595208435524e-16	3.8256294912379914e-16	2.430003045911175
-8.873119041687105e-16	2.6424749825863847e-17	3.1118207752703273
0.0	-1.7060571480239274e-16	-1.5707963267948966
-2.2182797604217762e-16	-3.139426737880273e-16	-2.185929778186238
-2.2182797604217762e-16	-2.702440057964956e-16	-2.258118001379525
2.2182797604217762e-16	-1.9541889105915431e-16	-0.7221888121075986
4.4365595208435524e-16	-2.0985082008018381e-16	-0.44181811523786885
-4.4365595208435524e-16	-7.004550368191862e-17	-2.9850027315942795
0.0	3.264214549733425e-16	1.5707963267948966
2.2182797604217762e-16	8.117166956636429e-17	0.3507879540919588
0.0	-1.9293402177241084e-16	-1.5707963267948966
8.873119041687105e-16	1.587303631997189e-17	0.017886994842092923
-5.268414431001718e-16	-2.9359803048457535e-16	-2.6331776227442325
2.77284970052722e-16	-1.2143988958925835e-15	-1.3463136177522024
2.4955647304744985e-16	-6.722509920388272e-16	-1.2153392172455417
-1.1091398802108881e-16	3.564162335459501e-17	2.8306703830309754
1.38642485026361e-16	2.3322951990121655e-16	1.0344702469859197
-3.050134670579942e-16	-1.7121543250878568e-16	-2.6300868789189527
-3.050134670579942e-16	1.0809961164569422e-16	2.80099513382795
1.1091398802108881e-16	-3.973113351913189e-18	-0.03580626138179477
-1.6637098203163321e-16	-2.6510022118839614e-16	-2.1312471083458893
-8.318549101581661e-17	2.1425776141032174e-16	1.9411321919330504
-7.070766736344412e-16	3.662077118127831e-16	2.663713639562816
-2.2182797604217762e-16	-6.775674422715251e-17	-2.845145908919829
-1.6637098203163321e-16	-7.276868923718549e-16	-1.7955630635537825
-2.634207215500859e-16	-5.418738613900946e-16	-2.0232858697866325
-1.38642485026361e-16	-1.5912398448651864e-16	-2.2875188930286163
-9.982258921897994e-16	-2.56690275513751e-16	-2.8898992826458896
-5.5456994010544405e-17	-2.403505340497705e-16	-1.797561542993353
-9.150404011739827e-16	3.83071617199008e-16	2.745122126012233
1.6637098203163321e-16	-2.0157041220286693e-16	-0.8807737729919871
-7.209409221370773e-16	5.499823307904239e-16	2.489907138945127
2.2182797604217762e-16	-3.389651524782767e-16	-0.9913152141579151
-1.1091398802108881e-16	2.676523896055905e-16	1.9636508265558417
-2.77284970052722e-16	8.897667775210721e-17	2.8310868267732445
-5.54569940105444e-16	-4.575891706112747e-16	-2.451718613115768
-4.4365595208435524e-16	-1.947434743331365e-16	-2.72796449921717
3.3274196406326643e-16	-4.971763296035212e-17	-0.14832068878881874
-9.42768898179255e-16	6.862056296911887e-16	2.512411077060012
-8.31854910158166e-16	4.9261725821570495e-17	3.082442601485199
-4.4365595208435524e-16	-1.0229670671173795e-16	-2.9149766492387976
-2.2182797604217762e-16	2.151969514355775e-16	2.371366429796595
0.0	-8.592671914360038e-17	-1.5707963267948966
-1.6637098203163321e-16	1.2362641493596612e-15	1.7045682215059905
-3.6047046106853866e-16	4.645239666418665e-16	2.2307306645103155
6.100269341159884e-16	1.964225862155275e-16	0.3115070731854699
-1.0536828862003436e-15	9.68876332048393e-16	2.398100262256616
1.1091398802108881e-16	1.9407606971038965e-16	1.0515982549928276
1.1091398802108881e-16	6.264497021059539e-16	1.3955606173729358
-4.4365595208435524e-16	4.3313714370982163e-16	2.3681908252749344
-2.2182797604217762e-16	-7.366926487334508e-16	-1.863274210951544
-1.1091398802108881e-16	-3.852468705102741e-17	-2.8072909357305824
-8.873119041687105e-16	1.4770001305336513e-15	2.1117691428697434
-8.318549101581661e-17	9.136252154631847e-16	1.66159587420707
-2.77284970052722e-16	1.5795178664501992e-15	1.7445759739112672
-4.713844490896275e-16	5.270967331263982e-16	2.3004552571656873
1.1091398802108881e-16	-1.8017192354370915e-16	-1.0189845247698672
-8.318549101581661e-17	6.517587367481181e-16	1.6977423160487852
2.2182797604217762e-16	5.060466590520093e-16	1.1576686488920451
-5.54569940105444e-16	4.489843511569853e-16	2.461020471525809
-2.2182797604217762e-16	2.9390550305270385e-16	2.2173365750863234
-3.3274196406326643e-16	-2.357402687411445e-17	-3.07086306359283
-7.763979161476217e-16	3.4747172947133307e-16	2.7207835511405256
1.0536828862003436e-15	2.813415885327108e-16	0.260920884886061
-2.77284970052722e-16	1.0086793153537416e-16	2.792703696009529
0.0	-5.658361485138946e-16	-1.5707963267948966
-8.873119041687105e-16	-6.581102950176196e-16	-2.5034312447946103
-8.31854910158166e-16	6.297218116051487e-16	2.4936207348284314
2.2182797604217762e-16	-5.595009345453557e-16	-1.1933326740602281
2.77284970052722e-16	9.075098271681111e-17	0.31629646826397684
-3.3274196406326643e-16	-2.7632692816427764e-16	-2.4485560051962425
-1.1091398802108881e-16	-5.162937943072548e-16	-1.782407385721953
0.0	5.834305836522487e-16	1.5707963267948966
-1.1091398802108881e-16	-2.655513916231953e-16	-1.9664457028870899
6.100269341159884e-16	-2.2190440344251902e-16	-0.34888165256106063
-3.8819895807381083e-16	4.1288859098779585e-16	2.325384100005887
1.1091398802108881e-16	-3.035521324215072e-16	-1.2204800543689036
6.100269341159884e-16	-3.1766061921820034e-16	-0.48009541093546426
4.4365595208435524e-16	-2.2890588858880116e-16	-0.476328885320751
6.654839281265329e-16	-9.771475323342312e-17	-0.14579084198282996
2.2182797604217762e-16	-2.7946509887511184e-16	-0.8998723898185695
-2.2182797604217762e-16	-2.5822196476785044e-16	-2.280526316759299
1.1091398802108881e-16	1.0613202545644035e-16	0.7633697051187881
-1.6637098203163321e-16	-4.2492688861110546e-16	-1.9439784107467222
0.0	-1.5861342310612241e-16	-1.5707963267948966
-4.713844490896275e-16	2.9602120390996414e-16	2.580851464385745
8.318549101581661e-17	1.719123100902538e-16	1.120125031199488
-4.713844490896275e-16	-5.417420617829622e-16	-2.286859779908644
3.3274196406326643e-16	-8.269103672711135e-16	-1.188229741744914
0.0	-3.031956176998221e-16	-1.5707963267948966
-5.822984371107163e-16	3.754581393118053e-16	2.568891233459536
-4.713844490896275e-16	4.2677095326659186e-16	2.4058260546895873
6.377554311212606e-16	1.7232308217757677e-16	0.26390052223740235
-5.54569940105444e-16	-2.4151325239144595e-16	-2.730865098274684
5.54569940105444e-16	-1.3369636266694404e-16	-0.23656700340917083
2.77284970052722e-16	-2.545863866829913e-16	-0.7427472145868693
4.4365595208435524e-16	-3.4123745896936216e-16	-0.6556441491949254
2.2182797604217762e-16	6.163218305548574e-17	0.27100251441611495
-1.1091398802108881e-16	1.1237338079999404e-17	3.040621411283633
-6.654839281265329e-16	3.3397315810475054e-16	2.676466081510788
1.38642485026361e-16	1.3333770718823932e-16	0.7658963560318285
-3.6047046106853866e-16	5.69461260044697e-16	2.135129638006222
2.2182797604217762e-16	1.9403266541077775e-17	0.08724782215497295
3.6047046106853866e-16	2.5731402944732385e-16	0.6199465619504837
-7.763979161476217e-16	6.208768097663497e-17	3.061793578293701
-8.318549101581661e-17	4.1205492601815374e-16	1.7699985565283978
8.318549101581661e-17	6.486616645050787e-16	1.443250763417992
6.100269341159884e-16	2.4469500330115902e-16	0.38147293265878995
-8.31854910158166e-16	-1.5627635126090192e-16	-2.9558922060933517
-3.8819895807381083e-16	-4.99612819896477e-16	-2.231354444228916
3.3274196406326643e-16	-5.138621365388916e-16	-0.9961583288518703
4.991129460948997e-16	4.731834131414839e-16	0.7587361397290563
-1.6637098203163321e-16	-3.2285745335998574e-16	-2.0466150900395172
2.2182797604217762e-16	3.630599344015859e-16	1.022331124227209
2.2182797604217762e-16	1.0884622127971463e-16	0.4561626497530931
3.8819895807381083e-16	6.227618615954533e-17	0.15906803986129364
1.1091398802108881e-16	-3.769148717675203e-16	-1.2846065023532356
-3.3274196406326643e-16	-7.988424477101558e-16	-1.9654711184218914
4.991129460948997e-16	1.445131240450094e-16	0.28183298376279725
-1.0536828862003436e-15	5.870923980149756e-17	3.085932075807597
-3.8819895807381083e-16	3.454692546401135e-17	3.0528336423387783
1.1091398802108881e-16	1.1278820764647034e-15	1.4727732068595174
1.6637098203163321e-16	2.851155321575597e-17	0.1697246325339037
-4.4365595208435524e-16	4.3864621981551174e-16	2.361872452450174
-4.4365595208435524e-16	9.31741748360684e-16	2.015188769784001
0.0	-2.4677527723563156e-16	-1.5707963267948966
-4.991129460948997e-16	1.8370449590953282e-16	2.788918467432561
-2.2182797604217762e-16	7.818356271149092e-16	1.8472578382690663
-1.1091398802108881e-16	6.969796095831884e-16	1.7286082595126684
-7.209409221370773e-16	1.4213580265589783e-18	3.1396211242434315
-1.1091398802108881e-16	-6.4457342233496495e-18	-3.083543235544213
-5.5456994010544405e-17	-9.28061707669391e-17	-2.1094177025012315
-4.4365595208435524e-16	-2.909638774332861e-16	-2.5611283593125758
-7.902621646502578e-16	6.317458839569545e-16	2.4672097128074575
-7.867961025245988e-16	1.3281559054199725e-16	2.974363573510095
