0.0	0.022695008414679592	0.0
0.007827788649706457	0.06053239285888084	1.7650323139076056
0.015655577299412915	0.06912059694484292	3.0634514476343817
0.023483365949119372	0.06961367687306312	-1.9375156017805675
0.03131115459882583	0.053679992481554764	-0.4781617752407299
0.03913894324853229	0.055774972059073315	1.3820233066455496
0.046966731898238745	0.07746205733676735	3.0033230214569353
0.0547945205479452	0.11780223539602211	-1.8432986926083146
0.06262230919765166	0.1332781866014027	-1.9064650373225842
0.07045009784735812	0.16638182357587358	0.9631119748290534
0.07827788649706457	0.26232589851968235	-2.7836873909617523
0.08610567514677103	0.8213835767110064	-2.903841898690729
0.09393346379647749	1.4504433486507649	0.7171873032467322
0.10176125244618395	0.7227918290168159	-2.5506351981370567
0.1095890410958904	0.390239148822259	-0.7253195726102274
0.11741682974559686	0.5155949027627533	1.6360846954783121
0.12524461839530332	0.7425019198008883	-2.021027527801321
0.13307240704500978	0.8702741597235893	1.624880821020444
0.14090019569471623	0.5406954715788556	0.3332917015473442
0.1487279843444227	0.7746572939845913	-1.4189673828501594
0.15655577299412915	0.39143391977635067	3.0801843444137265
0.1643835616438356	0.3966286129485045	1.721118055459163
0.17221135029354206	0.007317182629323202	-3.0971716335591695
0.18003913894324852	0.06091404286481135	-0.25134594167752344
0.18786692759295498	0.2397266092624295	0.8222835940019835
0.19569471624266144	0.07878815010438835	-1.6176465529477506
0.2035225048923679	0.08869066563482009	-2.4093679073700502
0.21135029354207435	0.11035638439821283	1.483061434045751
0.2191780821917808	0.10748795696426698	0.15823005493173622
0.22700587084148727	0.0454765856961615	2.205190288139222
0.23483365949119372	0.06951473654736497	0.3609120444892785
0.24266144814090018	0.09287160255763481	-0.44068348777851024
0.25048923679060664	0.08999332454631519	-1.3805693162650472
0.2583170254403131	0.06494999005507557	2.3424144252007544
0.26614481409001955	0.013417052793234144	0.600579515181047
0.273972602739726	0.05653341613533131	-0.9700997321711794
0.28180039138943247	0.006308389066661925	-2.1894216016715404
0.2896281800391389	0.02462892315521894	1.7422839328593158
0.2974559686888454	0.010693500575403435	-2.4577449154557187
0.30528375733855184	0.012269201120239433	-0.5746654887529357
0.3131115459882583	0.016812873220122572	-0.058889653315471094
0.32093933463796476	0.00900987175750314	1.7401273576252183
0.3287671232876712	0.006290568664150803	2.0001508455625547
0.33659491193737767	0.016144881431608957	-0.9745007210582499
0.34442270058708413	0.0069492905718110225	-0.31913046794794925
0.3522504892367906	0.01411211924503129	0.9468998911691205
0.36007827788649704	0.003124025201340397	-1.8152216967240808
0.3679060665362035	0.00833974697021128	-1.906464505329658
0.37573385518590996	0.011199203588186565	0.11517230523735876
0.3835616438356164	0.009998926185949894	-0.33593960713207904
0.3913894324853229	0.013804576905753986	2.889694409144085
0.39921722113502933	0.005484354174376023	1.3755683161631702
0.4070450097847358	0.018439516989360406	-0.41254633493301457
0.41487279843444225	0.002864904967880875	-1.1343198609588725
0.4227005870841487	0.007147140779262273	2.097585998162449
0.43052837573385516	0.002601926877391359	-1.1705908940719558
0.4383561643835616	0.008317845647635781	-1.1159964390751005
0.4461839530332681	0.004211509222577767	0.9095393303730228
0.45401174168297453	0.006253221152009071	1.5442980730493556
0.461839530332681	0.0041751852589332825	-1.246010877810243
0.46966731898238745	0.0038354366580910302	-2.5309773098367705
0.4774951076320939	0.010374865061387942	0.33959237660369324
0.48532289628180036	0.002577949236935147	0.1573251933644552
0.4931506849315068	0.005585499938083355	-2.924624513344734
0.5009784735812133	0.002690509377230713	0.03702025530213432
0.5088062622309197	0.0055975917556736286	-0.5581502886568774
0.5166340508806262	0.003355782474447319	1.5000008821912754
0.5244618395303327	0.005421179455835451	1.6801861965577307
0.5322896281800391	0.006705382024693534	-1.279521589033994
0.5401174168297456	0.0024504157002673043	-0.4160889326970697
0.547945205479452	0.007602695053699715	1.149318888611384
0.5557729941291585	0.0029840933685435283	-0.553938632260784
0.5636007827788649	0.005937223696400877	-2.310438078631783
0.5714285714285714	0.007186400296229807	0.6795451801377415
0.5792563600782779	0.006256658381406177	-0.5224191443177367
0.5870841487279843	0.003214715989839367	-2.812881790801806
0.5949119373776908	0.0033995854780008174	2.1961477425445928
0.6027397260273972	0.005876535413012504	-0.6564407794275217
0.6105675146771037	0.0013374810796605275	-1.529144718550867
0.6183953033268101	0.00708631262597121	1.641192719173301
0.6262230919765166	0.004274778062725662	-0.543841253280231
0.6340508806262231	0.005315227721434896	-1.9659527802443575
0.6418786692759295	0.003805291701225763	0.9533432749391357
0.649706457925636	0.004975958091123313	0.5966160754008046
0.6575342465753424	0.00491497629942452	-2.3648454184110284
0.6653620352250489	0.0012082688250325388	1.7636315152445057
0.6731898238747553	0.006894160171514678	-0.05589946909437129
0.6810176125244618	0.0025360555353120323	-2.3045339159487375
0.6888454011741683	0.005359231061075282	2.4505978749946915
0.6966731898238747	0.004772961389312646	0.16659933565138343
0.7045009784735812	0.004767623505165693	-1.1502343610545933
0.7123287671232876	0.0036205145117100116	2.0243381298023846
0.7201565557729941	0.004629247380066829	0.6045465212162422
0.7279843444227005	0.005896192279208488	-1.8275533805158564
0.735812133072407	0.0023097249105290996	2.621910554099471
0.7436399217221135	0.007387504068774846	0.6835349074244748
0.7514677103718199	0.0032451505531283864	-1.3754013361814084
0.7592954990215264	0.0044028874537710375	3.132424045716283
0.7671232876712328	0.005017819482964465	0.3651777966780667
0.7749510763209393	0.004665436604483955	-0.7992303296896069
0.7827788649706457	0.0051922370840926935	2.841080867846613
0.7906066536203522	0.004281200886674156	1.2296744478742698
0.7984344422700587	0.00621321825149535	-0.6764455138230351
0.8062622309197651	0.0024802505438522864	-2.2618812090654483
0.8140900195694716	0.0045744458038893925	1.5164133768019155
0.821917808219178	0.0028068552643307513	-0.6993068800104398
0.8297455968688845	0.0038063108706099503	-2.306922185747694
0.837573385518591	0.003986537499220557	1.1903944794963164
0.8454011741682974	0.004229394457689369	0.07499324945109709
0.8532289628180039	0.003279648788276336	-2.3015732047542814
0.8610567514677103	0.0017626350303358673	2.571292974930513
0.8688845401174168	0.003847630394554935	0.1103211470578604
0.8767123287671232	0.0012677840092538376	-0.8584893145302184
0.8845401174168297	0.0023104600848659054	2.6576720380112775
0.8923679060665362	0.0012949276566746894	0.3770824856783807
0.9001956947162426	0.0027157064443718297	-0.8221857281335229
0.9080234833659491	0.0003532118863605782	1.5981348204471322
0.9158512720156555	0.0018540060914362217	1.670662029626297
0.923679060665362	0.0005791220239135964	-1.1389792082843258
0.9315068493150684	0.002016813244676869	-0.9955728821880294
0.9393346379647749	0.001260024604298595	0.7968286738490626
0.9471624266144814	0.0012812070216653875	1.6266875865955994
0.9549902152641878	0.0007467041818815605	-1.528537772970563
0.9628180039138943	0.0012669281662681883	-1.2184657869346565
0.9706457925636007	0.0012990947921937609	1.1223889068105943
0.9784735812133072	0.001908467815579575	0.7720292532857824
0.9863013698630136	0.0012432373157024955	-1.546070427369321
0.9941291585127201	0.0010541950882729599	-2.641480855439799
1.0019569471624266	0.0023892248836009833	0.38700267114674664
1.009784735812133	0.0014311847691664851	-0.20783102711820908
1.0176125244618395	0.0019781791236276112	-3.105842228335474
1.025440313111546	0.0005633912176183004	0.558707295904644
1.0332681017612524	0.0027861151416714745	-0.354925898635168
1.0410958904109588	0.0008171793098547352	2.894089842660815
1.0489236790606653	0.0014319551669646788	2.0398436286761843
1.0567514677103718	0.0017223005139975804	-0.5112622564043078
1.0645792563600782	0.001254082275643357	-1.4349441447998141
1.0724070450097847	0.0014547432942299393	1.6213118609732906
1.0802348336594911	0.0013475121967143312	0.463954054588517
1.0880626223091976	0.0015242326316031245	-1.9558598133612966
1.095890410958904	0.0003143129695076099	2.0545298054461
1.1037181996086105	0.0021915047267847695	0.3232567305970629
1.111545988258317	0.00033977607567259885	-1.78549624418213
1.1193737769080234	0.0012693518876652125	3.049300986754837
1.1272015655577299	0.001587734773462146	0.030563601703608268
1.1350293542074363	0.0014237144086324306	-0.6689762118987213
1.1428571428571428	0.0013802664643355054	2.4512917149155626
1.1506849315068493	0.0010109620752551732	0.9884233119815782
1.1585127201565557	0.00187553963192048	-1.0547933565270642
1.1663405088062622	0.0003225176581701982	-2.584642749993253
1.1741682974559686	0.0018989965612190465	1.1979695365251375
1.181996086105675	0.0008998079478980579	-0.8534947099891582
1.1898238747553815	0.0014180277154663844	-2.1794805987005517
1.197651663405088	0.0012577772372557427	0.9420861193841766
1.2054794520547945	0.001542630526406283	0.1396815047871229
1.213307240704501	0.0011386701073186054	-2.4894361574889627
1.2211350293542074	0.000696723074281953	2.476405320205455
1.2289628180039138	0.0017678810065691886	-0.045248794459801456
1.2367906066536203	0.0006644453171027483	-1.0354584424127418
1.2446183953033267	0.0013592926663977395	2.381181906823123
1.2524461839530332	0.0007958818439001598	0.22101756707797543
1.2602739726027397	0.001546540895536776	-1.0222848428089446
1.2681017612524461	0.000540572084707115	2.1866526217933013
1.2759295499021526	0.0012984213214627977	1.191638397154764
1.283757338551859	0.000985744316225521	-1.211034726883351
1.2915851272015655	0.0007774277992139047	-2.1185664900749357
1.299412915851272	0.0012913060530702345	0.8764703080341538
1.3072407045009784	0.0008493008370199712	0.12495374362711234
1.3150684931506849	0.0010833154598128337	-2.4935760761508683
1.3228962818003913	0.0002886891998303409	1.350003792551053
1.3307240704500978	0.0014546169310427136	0.032603570581201564
1.3385518590998042	0.00027632526876793766	-1.815153538670222
1.3463796477495107	0.0009254615206996208	2.501620155988178
1.3542074363992171	0.0007957900979247946	-0.10518776439331948
1.3620352250489236	0.0011071281024602685	-0.8345612404736795
1.36986301369863	0.0006779640786108121	2.041150454259032
1.3776908023483365	0.0007381185184754049	1.2874956672964646
1.385518590998043	0.001047417815063875	-1.1779845757146803
1.3933463796477494	0.00032217939147124655	-1.7473759850245403
1.401174168297456	0.0011145147349547755	1.0902379995121374
1.4090019569471623	0.0004661837046555262	-0.16710902160995442
1.4168297455968688	0.0008545702410774695	-2.248781791730539
1.4246575342465753	0.00039333988012156583	0.7718916808838732
1.4324853228962817	0.0011183130626216617	0.1816270091030509
1.4403131115459882	0.00031499298398482233	-2.5577609375201167
1.4481409001956946	0.0005546809879022668	2.8157253655568932
1.455968688845401	0.0008719608157274651	-0.13982040151975117
1.4637964774951076	0.0006681998101558141	-0.5823606768234103
1.471624266144814	0.0006701861443775761	2.2644103919151526
1.4794520547945205	0.00035058777465638176	1.0057489332133347
1.487279843444227	0.0009149772363267511	-1.0559258257504576
1.4951076320939334	4.437845609673842e-5	-0.0812949702374945
1.5029354207436398	0.000888081760047269	1.219697926161585
1.5107632093933463	0.0003186129333093014	-0.8394111418527261
1.5185909980430528	0.0006349886145733697	-1.9577824814792142
1.5264187866927592	0.0005834843274812697	0.7154669206445973
1.5342465753424657	0.0007349713521649247	0.33362492348628026
1.5420743639921721	0.0004341671203041121	-2.5564029317849806
1.5499021526418786	0.0002139851707603001	2.9279879846582717
1.557729941291585	0.0008621540804408982	-0.04739739661727145
1.5655577299412915	0.0003469386598628263	-0.42806692443214045
1.573385518590998	0.0005968410491760814	2.424674379182945
1.5812133072407044	0.00025837471787206	0.07871538630487698
1.5890410958904109	0.0007900759304361308	-0.8595646922199851
1.5968688845401173	0.00022185646494709063	1.4875400014377254
1.6046966731898238	0.0006121836737806533	1.3992470231639451
1.6125244618395302	0.0004382290895571274	-1.1250725957348453
1.6203522504892367	0.0004236458652323905	-1.6738543017037224
1.6281800391389432	0.0006540882141289632	0.8488500850617466
1.6360078277886496	0.0004296769729001619	0.38052234206712765
1.643835616438356	0.0004889431147029637	-2.403245013591722
1.6516634050880625	4.00389522772173e-5	0.36748652644750446
1.659491193737769	0.0007963438510273067	0.12360471316277269
1.6673189823874754	7.589496942346526e-5	-0.6884143030386776
1.675146771037182	0.00045733953997170084	2.613951870672521
1.6829745596868884	0.00042098707309217673	-0.28960256786741484
1.6908023483365948	0.000596551848694679	-0.6533519517061174
1.6986301369863013	0.0003504302559578056	1.8064636761066537
1.7064579256360077	0.0003536862712741647	1.420566413909771
1.7142857142857142	0.000552774682616092	-1.162307746579578
1.7221135029354206	0.00018954829684637964	-1.158896377655283
1.729941291585127	0.0006242182118804633	0.9645520164580228
1.7377690802348336	0.0001528584929751835	0.05656824746910334
1.74559686888454	0.0004452475981991631	-2.1431168990272003
1.7534246575342465	0.0002582301444408688	0.35576434417923214
1.761252446183953	0.0006208291816581262	0.22731267143791886
1.7690802348336594	0.00016542540122483948	-2.9427945016868637
1.7769080234833659	0.0002517963012439977	2.7975638859291463
1.7847358121330723	0.0005233667484475946	-0.31295148812720736
1.7925636007827788	0.00035764995034698386	-0.3467180316767337
1.8003913894324852	0.00038072881861056897	2.0627824370603136
1.8082191780821917	0.00011982352799316875	0.8284297418906656
1.8160469667318981	0.0005091199123345371	-1.0803190236862446
1.8238747553816046	0.00015831550486245123	0.3866748552743159
1.831702544031311	0.00047658797716433854	1.1619436437040938
1.8395303326810175	0.0001479337804193639	-1.3084108575165387
1.847358121330724	0.00030414997943607096	-1.8362884549739367
1.8551859099804304	0.0003800170921339779	0.4730721610049944
1.8630136986301369	0.0003992507460725865	0.41388461620447353
1.8708414872798433	0.00023070074485638802	-2.919182206933388
1.8786692759295498	5.5375518315252125e-5	-2.2057041081383595
1.8864970645792563	0.0005015484666574386	-0.12600048692591523
1.8943248532289627	0.00019528879409361308	0.14713631637969857
1.9021526418786692	0.00031109685881272256	2.300883678157103
1.9099804305283756	0.00015056574303745504	-0.5141694184817643
1.917808219178082	0.0004153681905132823	-0.7249217758930966
1.9256360078277885	0.000218869153597301	0.9162589593212583
1.933463796477495	0.00030499116308093136	1.4005531811933003
1.9412915851272015	0.00023096133458600632	-1.2762864928914162
1.949119373776908	0.00024043692044073124	-1.2138684376939204
1.9569471624266144	0.0003886261638983029	0.6748896129084864
1.9647749510763208	0.00022327374685863138	0.6579399298775414
1.9726027397260273	0.00022516043024674285	-2.258688286280293
1.9804305283757337	0.00010209606997277742	-0.7429125492254013
1.9882583170254402	0.0004507097564372472	0.10318869224979428
1.9960861056751467	8.621682275081685e-5	0.7639592599323357
2.003913894324853	0.00020399307318366884	2.813768400765756
2.01174168297456	0.00022139691249142566	-0.480811496871167
2.019569471624266	0.00035576276205821105	-0.44658993375919503
2.0273972602739727	0.00019788390951699534	1.4531709160053492
2.035225048923679	0.00018333862585923115	1.6522732894207783
2.0430528375733856	0.00029606419901358986	-1.161192433972031
2.050880626223092	0.00019261400519952727	-0.6442850709028847
2.0587084148727985	0.00034331396922475166	0.9829341974735614
2.0665362035225048	9.326555070774824e-5	0.8493791947095889
2.0743639921722115	0.0002408312226590477	-1.924250638011559
2.0821917808219177	0.00018398606818901351	-0.06785754825276805
2.0900195694716244	0.00035592966692982907	0.40154375863183195
2.0978473581213306	6.40341119335549e-5	2.29193766582621
2.1056751467710373	0.00012078893315407079	-2.8660781342130965
2.1135029354207435	0.0002773585887548522	-0.23988305707984942
2.12133072407045	0.0002773096965578466	-0.0876702270705302
2.1291585127201564	0.00019601434849936768	1.848783852829324
2.136986301369863	4.098601040520699e-5	1.6316456491405111
2.1448140900195694	0.0003012239375231934	-0.8473906108366718
2.152641878669276	0.00018073829147359288	-0.04312171844712361
2.1604696673189823	0.0002771839086000692	1.2313810326624262
2.168297455968689	3.4897281338800734e-5	-1.116407864645431
2.176125244618395	0.00022563546427937104	-1.4249110445669584
2.183953033268102	0.00022115271752210576	0.24111735912179394
2.191780821917808	0.0002714153750136116	0.7000849029634875
2.1996086105675148	7.25982152606016e-5	-2.722210472477036
2.207436399217221	0.00011279241320732559	-1.8403015406369705
2.2152641878669277	0.0002837690386587508	-0.01258495779740655
2.223091976516634	0.0002128974060309182	0.3409673787816015
2.2309197651663406	0.00013117383657902993	2.402904824887452
2.238747553816047	5.029284113972731e-5	-1.4997717756288582
2.2465753424657535	0.0003005903193189586	-0.4224041089554377
2.2544031311154598	0.00015500774004517065	0.39483121699103285
2.2622309197651664	0.00019779011660815295	1.6861388084591233
2.2700587084148727	9.785783896306495e-5	-0.9216143208934796
2.2778864970645794	0.0002520691897105609	-0.9858645230849422
2.2857142857142856	0.00019919303972042784	0.7109816514245352
2.2935420743639923	0.00022017649116174958	0.9818759014527971
2.3013698630136985	0.0001429636295088487	-1.7452079357563137
2.309197651663405	0.00011566078529128948	-1.35496385214304
2.3170254403131114	0.0002964016170567283	0.3348255370422893
2.324853228962818	0.00015153849584783512	0.454091477997003
2.3326810176125243	0.00015329076460256745	-2.9952252169260847
2.340508806262231	0.00010181346836483148	-0.36369889272628403
2.3483365949119372	0.0003219844940290364	-0.22838393848994382
2.356164383561644	8.115959514006223e-5	1.1777395620295035
2.36399217221135	0.00014896013720467325	2.0608056276310025
2.371819960861057	0.00018617409527394552	-0.800743741927352
2.379647749510763	0.00021602425733241722	-0.7291345258667462
2.3874755381604698	0.0002097054594379034	1.1975162422242156
2.395303326810176	0.0001251211777902476	0.9918069915749349
2.4031311154598827	0.00019885220066443563	-1.6126447272546978
2.410958904109589	9.24867522758233e-5	-0.45327387799134694
2.4187866927592956	0.0002972750113984882	0.6212942744612261
2.426614481409002	5.143424988941597e-5	0.07439421898083454
2.4344422700587085	0.00015085025463301566	-2.6669486592702754
2.4422700587084147	0.00018155414484563262	-0.01202976869243781
2.4500978473581214	0.00026827969464481434	-0.024652621570271333
2.4579256360078277	8.718877562762537e-5	2.1212402678407987
2.4657534246575343	8.208046535289631e-5	2.3167851503973966
2.4735812133072406	0.0002444009376695078	-0.5538858165655849
2.4814090019569472	0.00016014361475442417	-0.41898553907501596
2.4892367906066535	0.00020568031598984862	1.4785360162933445
2.49706457925636	4.882671210033956e-5	0.4302672810617374
2.5048923679060664	0.00021197839415976622	-1.246978039928957
2.512720156555773	0.00010659450939686513	0.14428655756248593
2.5205479452054793	0.00025358161137198327	0.8435925713052294
2.528375733855186	4.832537901519161e-5	-1.4732712830896777
2.5362035225048922	0.00012236046787955998	-2.0805241478744434
2.544031311154599	0.0002147192101696986	0.18758549168738078
2.551859099804305	0.0002134339337638602	0.21791196852241282
2.559686888454012	9.876411432398208e-5	3.044981542348632
2.567514677103718	3.121337075684347e-5	2.4634085081048283
2.5753424657534247	0.0002825468990905534	-0.3458904857624776
2.583170254403131	9.409479979273261e-5	-0.032389556121051495
2.5909980430528377	0.0001800044521880319	1.8511098220471063
2.598825831702544	8.559442269523224e-5	-0.3442384242574308
2.6066536203522506	0.00023310326359746161	-1.0174620296990167
2.614481409001957	0.0001199372294478133	0.954837108695852
2.6223091976516635	0.00021839559090181673	0.9674987145635628
2.6301369863013697	0.00013556415510951168	-1.5918591826314665
2.6379647749510764	8.678557136535935e-5	-1.6646839123852069
2.6457925636007826	0.0002502687167489389	0.4772797843726917
2.6536203522504893	0.0001517021376853654	0.2051886594066548
2.6614481409001955	0.0001475297056147669	-2.86047391313308
2.6692759295499022	7.297545208622537e-5	0.25017576811440523
2.6771037181996085	0.00028553019618479306	-0.24939911206414822
2.684931506849315	3.2989069381893506e-5	1.346464329832208
2.6927592954990214	0.00015380522215240267	1.9895162894502865
2.700587084148728	0.00017127659449032195	-0.5684762860174607
2.7084148727984343	0.00019273857504640215	-0.9101197819163326
2.716242661448141	0.00018445005991012207	1.3516342809100188
2.724070450097847	0.0001357602868896825	0.744670748713181
2.731898238747554	0.0001827113198668934	-1.5967460302468615
2.73972602739726	4.934147770109888e-5	-0.42177469437119763
2.747553816046967	0.00025889902942423	0.5924458895805461
2.755381604696673	6.033328198744559e-5	-0.3051416056918118
2.7632093933463797	0.00013545051214850035	-2.7452935833552305
2.771037181996086	0.00016175570406800637	0.10283206192450636
2.7788649706457926	0.00022475010652181615	-0.14732903267754188
2.786692759295499	7.45956539778494e-5	2.330774771194819
2.7945205479452055	7.979137033281058e-5	2.0490701387459227
2.802348336594912	0.00021245185164852015	-0.5516150561351002
2.8101761252446185	0.00011795737800790235	-0.5853168065709243
2.8180039138943247	0.00018602790394990255	1.4806705350484903
2.8258317025440314	7.017376917178415e-5	0.2250816093079323
2.8336594911937376	0.00018077648209678855	-1.3731821414617906
2.8414872798434443	8.796994710529508e-5	0.3834729158752092
2.8493150684931505	0.0002209258784015684	0.7607178496392777
2.857142857142857	6.466437211691233e-5	-1.4498228588500184
2.8649706457925634	9.216039123593388e-5	-2.380314051884854
2.87279843444227	0.00019770941322781613	0.21760856694047154
2.8806262230919764	0.00016994637664096126	0.0476245947167669
2.888454011741683	9.162845440591392e-5	2.90422535450318
2.8962818003913893	3.532223276608324e-5	1.5331976692615363
2.904109589041096	0.00024345685819850612	-0.4073261813494098
2.911937377690802	5.904944332294818e-5	-0.1823860056181345
2.919765166340509	0.00016734900956864168	1.6884626494482178
2.927592954990215	9.597491133367992e-5	-0.46694902770762386
2.935420743639922	0.0001806079247910095	-1.1387585798714546
2.943248532289628	0.00011798607188971268	0.9854090869281545
2.9510763209393347	0.0001845726449977828	0.7875307733478972
2.958904109589041	0.00012617766759850886	-1.6666468227831561
2.9667318982387476	5.074986812618664e-5	-1.997516385867617
2.974559686888454	0.0002313042517118724	0.3809101090175342
2.9823874755381605	0.00010323272850302401	-0.026486326558029773
2.9902152641878668	0.00012010361525329625	-3.113075141404494
2.9980430528375734	8.882621193564959e-5	0.28935019743104684
3.0058708414872797	0.00024148412859767229	-0.37625435843141763
3.0136986301369864	3.581059883546241e-5	1.9106124237417212
3.0215264187866926	0.000134583140551929	1.694418686346583
3.0293542074363993	0.00015910119557947797	-0.7050039793172679
3.0371819960861055	0.0001371322187550402	-1.0807502495598043
3.045009784735812	0.00017227974009559202	1.2362909004667932
3.0528375733855184	0.00011676787623760803	0.5711154600917514
3.060665362035225	0.0001559028740309268	-1.7565071853490521
3.0684931506849313	5.1094318688161434e-5	0.3162784010695449
3.076320939334638	0.00022702213673592473	0.426614281889503
3.0841487279843443	4.037032952171442e-5	-0.9311042734318911
3.091976516634051	0.0001031755692855497	-3.0848746199443307
3.099804305283757	0.0001603838271172878	0.08913930002612107
3.107632093933464	0.00018519548032690282	-0.2953346874157206
3.11545988258317	8.655553980808303e-5	2.2396614662179877
3.1232876712328768	7.497579703548806e-5	1.2827167290169008
3.131115459882583	0.00018799917054164138	-0.7381159150685557
3.1389432485322897	7.231704424238107e-5	-0.6704770208919804
3.146771037181996	0.0001817545186813664	1.2566861852843259
3.1545988258317026	7.41795397316603e-5	-0.2746259972293369
3.162426614481409	0.00014403296323738934	-1.6229897212017834
3.1702544031311155	0.00010815749744853068	0.60600863769628
3.1780821917808217	0.00019516355108451406	0.43784177651458567
3.1859099804305284	6.507720062718941e-5	-2.129598544245402
3.1937377690802347	4.068252731953741e-5	-2.457987023860506
3.2015655577299413	0.00018247726287946714	0.03194849121619956
3.2093933463796476	0.00011363914362374103	-0.17159416638868796
3.2172211350293543	9.226013509269123e-5	2.46508493678185
3.2250489236790605	4.86959925120193e-5	0.36013435368169094
3.232876712328767	0.00019763915364739182	-0.6651032409803999
3.2407045009784734	3.536796941500208e-5	0.6510613593083585
3.24853228962818	0.00013838763511572015	1.383945169046826
3.2563600782778863	8.942202756171947e-5	-0.8471754672452054
3.264187866927593	0.0001076927325257765	-1.4130667096243046
3.2720156555772992	0.00014844662697327193	0.7598052518158466
3.279843444227006	0.00012137526914705929	0.4833937225464536
3.287671232876712	8.28411635385302e-5	-2.1342541070610164
3.295499021526419	1.4056692307083298e-5	-0.3105840606786413
3.303326810176125	0.00020760729318690274	0.10828311841400569
3.3111545988258317	4.513920474058542e-5	-0.23514550092194453
3.318982387475538	9.945636434565414e-5	2.506071835527904
3.3268101761252447	0.00011428360437139595	-0.18171194216364264
3.334637964774951	0.00016382012163241035	-0.5748777892043492
3.3424657534246576	7.343382792440216e-5	1.4733633541356619
3.350293542074364	9.870345518625229e-5	1.2106631407761612
3.3581213307240705	0.00012656770904283062	-1.0359558713941783
3.3659491193737767	7.742706200759119e-5	-0.86926019355197
3.3737769080234834	0.00016248347442569252	0.8658121906157865
3.3816046966731896	6.319775784124317e-5	0.056399645888031084
3.3894324853228963	9.324096535884794e-5	-2.1087453001701855
3.3972602739726026	8.532820167015149e-5	0.22633353092593778
3.4050880626223092	0.00017790493366304452	0.1315811005162053
3.4129158512720155	1.7025050913586935e-5	-2.6006116209449193
3.420743639921722	5.6791830455584276e-5	2.442584613055167
3.4285714285714284	0.00014762755889448974	-0.33588096431426656
3.436399217221135	0.00011317963449390357	-0.37798337225808204
3.4442270058708413	9.842691835768881e-5	1.7455208556531467
3.452054794520548	6.271993073656903e-5	0.5448710906822742
3.459882583170254	0.00014560665392687524	-1.1091697161724619
3.467710371819961	4.810192150415011e-5	0.24775650385098733
3.475538160469667	0.00015656710787445894	0.9014846165596064
3.483365949119374	4.466728410308894e-5	-0.9308375529032944
3.49119373776908	6.944323441355894e-5	-1.826225501808145
3.4990215264187867	0.00012528738412869743	0.2826004270471337
3.506849315068493	0.00013328237120237095	0.269938795374209
3.5146771037181996	4.372335338914702e-5	-3.1204146850221828
3.522504892367906	1.7802024148152855e-5	0.47617409061106664
3.5303326810176126	0.00016743640998073204	-0.3118400223572208
3.538160469667319	6.0876165036912364e-5	0.07077594654864161
3.5459882583170255	8.83748055263636e-5	1.6914463047095771
3.5538160469667317	6.556815482307662e-5	-0.3663755822069498
3.5616438356164384	0.0001298199097710354	-0.9380982802451024
3.5694716242661446	9.145899768309572e-5	0.7660038438033797
3.5772994129158513	0.00010908420007326958	0.850470981304162
3.5851272015655575	7.227041040987533e-5	-1.3091478299516552
3.592954990215264	5.801565234580964e-5	-1.2525258850474028
3.6007827788649704	0.0001487279917014824	0.3665778936441357
3.608610567514677	8.109016610412104e-5	0.20942995849678042
3.6164383561643834	5.8765982344783755e-5	-2.7707565599464483
3.62426614481409	5.590215413140661e-5	-0.241164735213132
3.6320939334637963	0.0001526069759635392	-0.2035644457851675
3.639921722113503	4.34196574030758e-5	0.7365421284735832
3.647749510763209	5.48219826372304e-5	2.0463072940790124
3.655577299412916	9.091483283766536e-5	-0.6447196904519206
3.663405088062622	0.00010135516203967047	-0.6557274658396526
3.671232876712329	0.00010157473764817618	1.025625930551553
3.679060665362035	5.8690419847239334e-5	0.8530467946434973
3.6868884540117417	8.146208873193692e-5	-1.4093140944697349
3.694716242661448	6.139647427755628e-5	-0.38038394847653345
3.7025440313111546	0.00014156571611683076	0.5365665636331078
3.710371819960861	2.630376344299184e-5	0.3723126602189265
3.7181996086105675	3.9479210896490314e-5	-2.4701789899116617
3.7260273972602738	9.159509724935534e-5	-0.118032316058943
3.7338551859099804	0.00013386080997262139	0.0506789138470679
3.7416829745596867	4.019672464826632e-5	1.5235559904692093
3.7495107632093934	2.695290013933467e-5	1.7923887008990749
3.7573385518590996	0.00012047158109449164	-0.5267511119464103
3.7651663405088063	9.402300116380761e-5	-0.1898327016376604
3.7729941291585125	9.453903647402258e-5	1.1712801401324033
3.780821917808219	3.0400380511693545e-5	0.32445368849227163
3.7886497064579254	9.987252376434782e-5	-1.0339895629054003
3.796477495107632	8.436616382840832e-5	0.06416639685223118
3.8043052837573383	0.00012019157293912323	0.5841995426550889
3.812133072407045	1.3886520095661022e-5	-1.3002789769642216
3.8199608610567513	4.998441616062494e-5	-1.5536426455888344
3.827788649706458	0.0001205031225222206	-0.011370702434760294
3.835616438356164	0.00010168828906109593	0.1989065466569231
3.843444227005871	3.2854060343621614e-5	2.2613720209637194
3.851272015655577	2.9605855394885104e-5	-0.634818803698565
3.8590998043052838	0.00012686346790967147	-0.49165038078198564
3.86692759295499	7.034168346360587e-5	0.2738534016654734
3.8747553816046967	6.988330703763931e-5	1.3170586400041722
3.882583170254403	4.1681682477408743e-5	-1.095464593139801
3.8904109589041096	8.668819894068029e-5	-0.7793107524436729
3.898238747553816	9.689884551701398e-5	0.3877402502610634
3.9060665362035225	8.000420153632666e-5	0.8116760578505282
3.9138943248532287	2.533752410134389e-5	-1.954976007988464
3.9217221135029354	7.280911273873258e-5	-0.6600136574173158
3.9295499021526417	0.00011328768361442708	0.07964420764979865
3.9373776908023483	6.613992300424148e-5	0.6267156907119156
3.9452054794520546	2.060082469022577e-5	1.915404449375519
3.9530332681017613	7.212786170249802e-5	-0.834123007116389
3.9608610567514675	0.00011479057337573097	-0.19090917065052984
3.968688845401174	7.725330011741206e-5	0.6168766319739183
3.9765166340508804	2.4653956170533815e-5	1.6232268183088794
3.984344422700587	5.615900096535519e-5	-1.0492666431296918
3.9921722113502933	9.750854178754557e-5	-0.29371069201544575
4.0	4.870912626849549e-5	0.395201085158251
