0.0	-0.06330299481551169
0.125	-0.08122464626246295
0.25	-0.09709124225689435
0.375	-0.1102357199626289
0.5	-0.12029927312203764
0.625	-0.1274071537783839
0.75	-0.13247418543913517
0.875	-0.13639453712468153
1.0	-0.1397657973680811
1.125	-0.14245229549411118
1.25	-0.1442472049308151
1.375	-0.14439182964708847
1.5	-0.14246522769265826
1.625	-0.13729415139965248
1.75	-0.12890647970723954
1.875	-0.11720478964003159
2.0	-0.10321571524688176
2.125	-0.0869204776767121
2.25	-0.06914266977095652
2.375	-0.04963109305633335
2.5	-0.028159856647153883
2.625	-0.005750067616988616
2.75	0.017578738152754847
2.875	0.040250056746461975
3.0	0.06313386146418097
3.125	0.08585638950148437
3.25	0.10789458387631715
3.375	0.12758924391283324
3.5	0.1424440272556278
3.625	0.14988309198887406
3.75	0.14954824427349062
3.875	0.13925580722123368
4.0	0.1205271742912449
4.125	0.09403668549524288
4.25	0.06224482073071116
4.375	0.028240637709733462
4.5	-0.006178512181119337
4.625	-0.038597367807501004
4.75	-0.06937254121515674
4.875	-0.09744423842204346
5.0	-0.12251671121047078
5.125	-0.14381868338910206
5.25	-0.1599397851239902
5.375	-0.17072689636298397
5.5	-0.17603641461700759
5.625	-0.1767257718546365
5.75	-0.17281793089877623
5.875	-0.1644034776649616
6.0	-0.15140273926209222
6.125	-0.13379946837776857
6.25	-0.11217424558065305
6.375	-0.08788596543257911
6.5	-0.06259437330703486
6.625	-0.03742330985072808
6.75	-0.013100111181859006
6.875	0.010597679545556429
7.0	0.03376930984534965
7.125	0.05687493347993299
7.25	0.07943357294624949
7.375	0.1005114347338565
7.5	0.11899098542054697
7.625	0.13359909926346647
7.75	0.14348922095675537
7.875	0.1484754175406748
8.0	0.1484544732202746
8.125	0.14355249174204654
8.25	0.1334755520254356
8.375	0.1193808403966686
8.5	0.10219127346823731
8.625	0.08272163775670484
8.75	0.06192316163759347
8.875	0.04065765945631084
9.0	0.018859269436957187
9.125	-0.0035879287089119
9.25	-0.026510819057846892
9.375	-0.04915628446050873
9.5	-0.07071678759401086
9.625	-0.09019409911324562
9.75	-0.10567834275642353
9.875	-0.1177845527658929
10.0	-0.12480196971957132
10.125	-0.1269064724328216
10.25	-0.12396519091986541
10.375	-0.11551878552616758
10.5	-0.10168424705452969
10.625	-0.08339962000476424
10.75	-0.06244980747918332
10.875	-0.039466086989496246
11.0	-0.016678096206524544
11.125	0.00535038516520758
11.25	0.02529365207316281
11.375	0.041218016165800564
11.5	0.05222230839168319
11.625	0.05558967905943077
11.75	0.05272247846323243
11.875	0.04413241000748131
12.0	0.03178642437590932
12.125	0.017092393430279868
12.25	0.001294417882273389
12.375	-0.015802132844952726
12.5	-0.0336491373311447
12.625	-0.051381765611103136
12.75	-0.06660714893773595
12.875	-0.07928992472961248
13.0	-0.08886058323335891
13.125	-0.09622262714264006
13.25	-0.10136673795039938
13.375	-0.1041083606234565
13.5	-0.10432298735647624
13.625	-0.10448304019439747
13.75	-0.11012125780145696
13.875	-0.12613321418370257
14.0	-0.1514762502331068
14.125	-0.17650744003992427
14.25	-0.18513647796949928
14.375	-0.16295714780569953
14.5	-0.10502296786208284
14.625	-0.021852002260608423
14.75	0.0623553967983842
14.875	0.11870365251396596
15.0	0.12534078183901942
15.125	0.07453586661228184
15.25	-0.02723535966375721
15.375	-0.1635440628692441
15.5	-0.3135365640280702
15.625	-0.45444171888013524
15.75	-0.5646516656857852
15.875	-0.6247020778111706
16.0	-0.6227022152307575
16.125	-0.5589130421151265
16.25	-0.4483446507491004
16.375	-0.32272980762079867
16.5	-0.2225692395433136
16.625	-0.18247897736905697
16.75	-0.21525224837639687
16.875	-0.312201846575437
17.0	-0.4490770879564573
17.125	-0.5958381388223475
17.25	-0.7202103198676735
17.375	-0.8098566646608171
17.5	-0.8555301135060487
17.625	-0.854250855227939
17.75	-0.8142184215914846
17.875	-0.7448962515743435
18.0	-0.6578711454599825
18.125	-0.567951218196068
18.25	-0.4876889032054477
18.375	-0.42394899922442736
18.5	-0.3812566347389911
18.625	-0.35219884650477584
18.75	-0.32728181203654066
18.875	-0.29513401170887993
19.0	-0.24702330828128388
19.125	-0.1807622463372893
19.25	-0.09661617699094371
19.375	-0.0010747263961283465
19.5	0.09721093613506221
19.625	0.18828870533016817
19.75	0.2619605155495039
19.875	0.31049742381029566
20.0	0.3291179376811855
20.125	0.317064727604133
20.25	0.27902840657704614
20.375	0.22050692756396592
20.5	0.1487189497489585
20.625	0.07006635931413738
20.75	-0.008585550655110512
20.875	-0.08209951910951105
21.0	-0.1468122328267495
21.125	-0.20177550973323283
21.25	-0.24775889708101642
21.375	-0.28944454087826804
21.5	-0.3313305879605343
21.625	-0.37823164502835155
21.75	-0.4311659064137809
21.875	-0.4884627382277307
22.0	-0.5451639433991455
22.125	-0.5947528252602299
22.25	-0.6298795505776754
22.375	-0.6447737105126733
22.5	-0.6353583746236512
22.625	-0.6011145804255587
22.75	-0.5445970499240417
22.875	-0.47277046387066335
23.0	-0.3953146303746494
23.125	-0.3222423237901668
23.25	-0.2617368032247084
23.375	-0.22063144541875865
23.5	-0.20027776777057715
23.625	-0.19678374856849493
23.75	-0.20208150147574533
23.875	-0.2075780211434452
24.0	-0.2080285921549025
24.125	-0.19707727082359602
24.25	-0.17335539246561715
24.375	-0.13949122949735046
24.5	-0.09765511454715547
24.625	-0.05295400463885916
24.75	-0.01031293702271392
24.875	0.024874216461881773
25.0	0.04825392819632066
25.125	0.05983629866016451
25.25	0.05794965911877678
25.375	0.04607366720032813
25.5	0.027088580181256042
25.625	0.004637489169763584
25.75	-0.01864679651097282
25.875	-0.04218677744630701
26.0	-0.06530326715252475
26.125	-0.08783792073150633
26.25	-0.10832124121216707
26.375	-0.12508887519299142
26.5	-0.13720809982459353
26.625	-0.1430376488213873
26.75	-0.1437065065096603
26.875	-0.1405946658366257
27.0	-0.1358338858175308
27.125	-0.13023674568803287
27.25	-0.12336293874558477
27.375	-0.11457853131793563
27.5	-0.103221092474774
27.625	-0.08941609527708896
27.75	-0.07403241087481745
27.875	-0.05889584470194359
28.0	-0.04629795558890338
28.125	-0.0375056912098337
28.25	-0.032334058001911574
28.375	-0.029873826951135607
28.5	-0.029191346464533936
28.625	-0.029356747320424016
28.75	-0.0306754443562997
28.875	-0.03359549116708367
29.0	-0.03852141097633259
29.125	-0.0450349027114488
29.25	-0.05253897965851995
29.375	-0.06127896993840306
29.5	-0.0708369778166665
29.625	-0.08191454915522836
29.75	-0.09506010976857168
29.875	-0.1098864008586779
30.0	-0.12597729576232589
30.125	-0.14145989034730316
30.25	-0.15558249805086144
30.375	-0.16601494010439924
30.5	-0.17171147275798265
30.625	-0.17259167422332106
30.75	-0.16839686015612013
30.875	-0.15983669527575312
31.0	-0.14762674426395883
31.125	-0.1326751213304813
31.25	-0.11599495474506885
31.375	-0.09710636692356461
31.5	-0.0776898952416394
31.625	-0.05739215918317242
31.75	-0.03674040246863717
31.875	-0.017362076832460927
32.0	0.0019658788535769607
32.125	0.019229619843044592
32.25	0.03334056850846239
32.375	0.044653155500935154
32.5	0.05177677859125227
32.625	0.054083087795392254
32.75	0.05080967062842948
32.875	0.04250867762144571
33.0	0.029589729211101427
33.125	0.01380211871015192
33.25	-0.002886473950373103
33.375	-0.018059557186797203
33.5	-0.029913674977621797
33.625	-0.03750932437738602
33.75	-0.04132529251289866
33.875	-0.042559468252691766
34.0	-0.04285949025172861
34.125	-0.04338684916582956
34.25	-0.04492959411131318
34.375	-0.04641634854947672
34.5	-0.046376034283307194
34.625	-0.04328504303579724
34.75	-0.036755817442722154
34.875	-0.027044138427811917
35.0	-0.015268679537596945
35.125	-0.003109255275860597
35.25	0.00749863752400321
35.375	0.015288438106607584
35.5	0.019777947958244033
35.625	0.021718567569240642
35.75	0.022858501254820727
35.875	0.024810873992321528
36.0	0.029367033116041732
36.125	0.0373478501189259
36.25	0.048549743874737136
36.375	0.061599872754998376
36.5	0.07444551500462107
36.625	0.08570362370963257
36.75	0.09364744406414496
36.875	0.09724009069402564
37.0	0.096429111878801
37.125	0.09125595923454813
37.25	0.08227136364459597
37.375	0.06992392266446562
37.5	0.055361158170559636
37.625	0.039715669854757135
37.75	0.02184190571686085
37.875	0.0030166779633349966
38.0	-0.016091803898611885
38.125	-0.03419657458045451
38.25	-0.049342413594905196
38.375	-0.06367815243390688
38.5	-0.07451814081581429
38.625	-0.08404484473292509
38.75	-0.08944960634348652
38.875	-0.09231245571374952
39.0	-0.09738341402722388
39.125	-0.10214939881008273
39.25	-0.1042166593574612
39.375	-0.10432413522621041
39.5	-0.10205320607643627
39.625	-0.09578372467036304
39.75	-0.0875930738223608
39.875	-0.07579583425049746
40.0	-0.06131681925313784
40.125	-0.044396433923741915
40.25	-0.025768121636478906
40.375	-0.005617299410408782
40.5	0.015161199476081315
40.625	0.036150779896357614
40.75	0.05618870654682116
40.875	0.0754777957545313
41.0	0.09270188128924639
41.125	0.1072809498257703
41.25	0.11761979005444148
41.375	0.12347777396014246
41.5	0.12598466111730683
41.625	0.12557118683728996
41.75	0.12281462908794163
41.875	0.11714529030547804
42.0	0.10734743295013481
42.125	0.09584678797311492
42.25	0.0849906125458324
42.375	0.0752457425907866
42.5	0.06464673504995735
42.625	0.053290094074885705
42.75	0.042834976862364996
42.875	0.03394585530245556
43.0	0.027094199650868116
43.125	0.021579881471955012
43.25	0.016753719008645467
43.375	0.011441741563768057
43.5	0.00579227281965585
43.625	0.0008645123760128337
43.75	-0.0041808475384569055
43.875	-0.007493815616820403
44.0	-0.00841261597214942
44.125	-0.006552873342771277
44.25	-0.0020185198386676213
44.375	0.004557682272001356
44.5	0.014521625267364256
44.625	0.02682339826241336
44.75	0.040789504678683274
44.875	0.056532475427037716
45.0	0.07318377851680827
45.125	0.09031337991890111
45.25	0.10619432774750691
45.375	0.11831772348024032
45.5	0.12896776009846445
45.625	0.1358290622780751
45.75	0.14031736140173984
45.875	0.13797393572410782
46.0	0.13232380864023086
46.125	0.12369552524999798
46.25	0.1116575544599969
46.375	0.09612295633482162
46.5	0.07876858091234017
46.625	0.06323907950653054
46.75	0.04833089315212525
46.875	0.035301971020131474
47.0	0.024416888791560655
47.125	0.018217286586415495
47.25	0.015509606815337761
47.375	0.017916719742795042
47.5	0.024119208178807732
47.625	0.035441498172729825
47.75	0.04984613139241856
47.875	0.06765608970982301
48.0	0.08658706699500729
48.125	0.10529587710916019
48.25	0.1217215032529528
48.375	0.135941011768311
48.5	0.1468641193076249
48.625	0.15555515143274928
48.75	0.16130355057966264
48.875	0.16466602928100918
49.0	0.16401872548320742
49.125	0.1601234742663088
49.25	0.15341985615592987
49.375	0.14544293186259075
49.5	0.13691036701511466
49.625	0.12960418880625016
49.75	0.12419562448947556
49.875	0.12174755428992122
50.0	0.12068162087233922
50.125	0.12092075535752878
50.25	0.12168284231562924
50.375	0.12362427999029509
50.5	0.1271602360040546
50.625	0.13352714057735135
50.75	0.14352754411782648
50.875	0.15660564885805472
51.0	0.17148932448905224
51.125	0.18708038739691435
51.25	0.20108912712181262
51.375	0.2122786606987601
51.5	0.21929619029257888
51.625	0.2226166993107746
51.75	0.222522901981564
51.875	0.22020637019605083
52.0	0.2158459936470969
52.125	0.2091909100900278
52.25	0.19934892527706818
52.375	0.18534127340136533
52.5	0.16652870910434311
52.625	0.1440056142361271
52.75	0.12055431966381001
52.875	0.0984294496574556
53.0	0.08029583108829197
53.125	0.06848284736068462
53.25	0.0636773188442788
53.375	0.06405602362349408
53.5	0.06768607633325127
53.625	0.0723420858665057
53.75	0.07760319860895622
53.875	0.08218179682677153
54.0	0.08621895235954369
54.125	0.09105733650088721
54.25	0.09752622171786252
54.375	0.10550850136787637
54.5	0.11427399391226693
54.625	0.1232820898223159
54.75	0.13152786283822593
54.875	0.13876686015590492
55.0	0.14550701410717296
55.125	0.1522632024842166
55.25	0.1591598578508075
55.375	0.16636383414313188
55.5	0.1736983008970098
55.625	0.18024879939164762
55.75	0.18448366618151268
55.875	0.18580063474552921
56.0	0.1834728677147794
56.125	0.17721117255883762
56.25	0.166540268713215
56.375	0.15229791019621547
56.5	0.1354321663014605
56.625	0.11708471920791058
56.75	0.09812784804970472
56.875	0.07961287241215671
57.0	0.061928408120358144
57.125	0.04590738743032043
57.25	0.031795285377345585
57.375	0.020880091666261195
57.5	0.013453745034068357
57.625	0.009913939900253436
57.75	0.010057682465699047
57.875	0.013460502280005832
58.0	0.01950470778923253
58.125	0.027438828503926902
58.25	0.03647961918842806
58.375	0.046865739805107394
58.5	0.05764064107808949
58.625	0.06934873074954527
58.75	0.08135596961348755
58.875	0.0932346213405365
59.0	0.1043958168096901
59.125	0.11457070032205995
59.25	0.12379099904006267
59.375	0.13204654806226468
59.5	0.13866428832892688
59.625	0.14251947686288302
59.75	0.14517437282165385
59.875	0.14661286979009241
60.0	0.1487682406960181
60.125	0.152230960070522
60.25	0.15630035445489013
60.375	0.16218007394404083
60.5	0.16834541498084027
60.625	0.1741564840834958
60.75	0.17846307670741884
60.875	0.1796976966048464
61.0	0.17690861800989371
61.125	0.170715366146355
61.25	0.16156271945536138
61.375	0.15058225699900327
61.5	0.13822794658351995
61.625	0.12592079897183037
61.75	0.11404452877402518
61.875	0.10315997649621957
62.0	0.09359696079529718
62.125	0.0855267591711829
62.25	0.07859171981585238
62.375	0.07274015519732313
62.5	0.06709018606455196
62.625	0.061577540219091
62.75	0.05533421315747342
62.875	0.0484506022460738
63.0	0.040338286948890446
63.125	0.031357190068921306
63.25	0.021770368601330994
63.375	0.01235678691005674
63.5	0.0033246042996562353
63.625	-0.0047169495494738915
63.75	-0.01166205522448238
63.875	-0.017262852121650983
64.0	-0.02095448437642889
64.125	-0.021868762710942718
64.25	-0.01950809189025308
64.375	-0.013120634544651203
64.5	-0.003610806956636885
64.625	0.008906302412911918
64.75	0.022634005944711422
64.875	0.0374476935873941
65.0	0.0532535180936331
65.125	0.0695974568933479
65.25	0.08653638979364005
65.375	0.10344419835030699
65.5	0.11981827370347664
65.625	0.13476149668105034
65.75	0.14658910936451877
65.875	0.15470208094885568
66.0	0.15788627565450758
66.125	0.15627392110036475
66.25	0.1501818943287122
66.375	0.13983252377186253
66.5	0.1266150830037614
66.625	0.11147900034881872
66.75	0.095940750215846
66.875	0.08067385608550573
67.0	0.06675989971418238
67.125	0.05617885105436712
67.25	0.049758684663395315
67.375	0.04764621976056789
67.5	0.0500211115129347
67.625	0.05472727661580308
67.75	0.060850966920769384
67.875	0.06581157758178997
68.0	0.06846090258465004
68.125	0.06814052026439908
68.25	0.06307053943565022
68.375	0.05580567358649916
68.5	0.04601476208254915
68.625	0.03592045284205639
68.75	0.026061452797973797
68.875	0.017742368415238453
69.0	0.012188323728169987
69.125	0.009850677541368872
69.25	0.012124596871659586
69.375	0.01937602443240905
69.5	0.030422318241105584
69.625	0.04530683209229529
69.75	0.06291167968032046
69.875	0.08265536381624126
70.0	0.10311720206953427
70.125	0.12361512700432085
70.25	0.14289761098436624
70.375	0.1591110990506503
70.5	0.1704412590007683
70.625	0.1761550310223107
70.75	0.1751154030409183
70.875	0.16822991980374802
71.0	0.15674867428552636
71.125	0.14368540957811066
71.25	0.1305291946457598
71.375	0.11825326478514823
71.5	0.10678043340817611
71.625	0.09556912401284887
71.75	0.08361837048483506
71.875	0.07106516189146779
72.0	0.058513393582657974
72.125	0.04777706879248789
72.25	0.03861776612459366
72.375	0.031174696231575462
72.5	0.024232056773389975
72.625	0.01727905889989944
72.75	0.009643126501947659
72.875	0.001828728998660147
73.0	-0.005102672071110822
73.125	-0.009913008476079338
73.25	-0.012285659488237493
73.375	-0.012506102619482973
73.5	-0.011696772431817907
73.625	-0.010618632360096747
73.75	-0.009775141258729804
73.875	-0.010189730511790068
74.0	-0.010950354333507464
74.125	-0.011681465424296412
74.25	-0.01222968386572079
74.375	-0.01254821916744132
74.5	-0.013161343786436424
74.625	-0.012565487620195335
74.75	-0.01104709670073371
74.875	-0.0068101777036201
75.0	0.001151847165532251
75.125	0.013653763718324868
75.25	0.030557241003580617
75.375	0.05023758388160593
75.5	0.0702954562566291
75.625	0.08808352468068273
75.75	0.10167492158531223
75.875	0.11014442960301583
76.0	0.11419358398483369
76.125	0.11542448301443663
76.25	0.11546287545922287
76.375	0.11390732272328034
76.5	0.10928750022319969
76.625	0.10022660389122981
76.75	0.08537679167693098
76.875	0.06582964443523652
77.0	0.0437211416538314
77.125	0.022575108178409648
77.25	0.005876043596801727
77.375	-0.004221359891729521
77.5	-0.007201412281953839
77.625	-0.0048120933765130455
77.75	0.0006088934756049922
77.875	0.00801122962804928
78.0	0.016302798956802544
78.125	0.026088511620777625
78.25	0.03757060474067102
78.375	0.05071834446802939
78.5	0.06445247428929672
78.625	0.07740506612779798
78.75	0.08876795688281366
78.875	0.09746035233689011
79.0	0.10257445902875696
79.125	0.10477396290229929
79.25	0.10460470819825468
79.375	0.10240570585978014
79.5	0.09747168984905402
79.625	0.08983463361889601
79.75	0.08310417686599075
79.875	0.0793931961606366
80.0	0.07750211570599297
80.125	0.0776207145583938
80.25	0.08054939098702435
80.375	0.08785111596664297
80.5	0.09374411997743852
80.625	0.09964005331004498
80.75	0.11184982404747294
80.875	0.11501828780770268
81.0	0.1151273304872629
81.125	0.11203309534804694
81.25	0.11012145537223554
81.375	0.11450651561359473
81.5	0.11367634468083103
81.625	0.11174312468703385
81.75	0.10559914643562142
81.875	0.0995228077764423
82.0	0.09636989833155395
82.125	0.0895131881363193
82.25	0.08011556674015603
82.375	0.06920879902679655
82.5	0.057754563108538264
82.625	0.04805518145874645
82.75	0.036887559586279275
82.875	0.024824464588368383
83.0	0.011217819411795376
83.125	-0.003049924723647251
83.25	-0.017248389385083048
83.375	-0.03080261193576147
83.5	-0.042718057175683465
83.625	-0.05156332450998911
83.75	-0.05717141808890152
83.875	-0.058692124559037835
84.0	-0.05608232605496746
84.125	-0.04930087338676636
84.25	-0.03976837850291486
84.375	-0.02931015526273863
84.5	-0.019506135001117347
84.625	-0.01137319432034556
84.75	-0.005837677434880265
84.875	-0.0020166265023191096
85.0	0.0005762824583718724
85.125	0.0030614753173528217
85.25	0.005265634941118873
85.375	0.00799381259300301
85.5	0.01176854555943519
85.625	0.016270700854552428
85.75	0.021455978346393244
85.875	0.026820230574739326
86.0	0.031399076921874006
86.125	0.03290813960682379
86.25	0.030180358976918217
86.375	0.023324768323491594
86.5	0.013566201377034664
86.625	0.002602381607182465
86.75	-0.007662320777866445
86.875	-0.015574625428618254
87.0	-0.02178932246567455
87.125	-0.02647147634901394
87.25	-0.030432998465696165
87.375	-0.03417421422594608
87.5	-0.03763294186063086
87.625	-0.04042567243584291
87.75	-0.04066477909634602
87.875	-0.0390088210507188
88.0	-0.035981869761302875
88.125	-0.03189305417072763
88.25	-0.02896577770199614
88.375	-0.027745032970901064
88.5	-0.029591182806292086
88.625	-0.03338668555085128
88.75	-0.038255947677114814
88.875	-0.04220031458557417
89.0	-0.043239912174383076
89.125	-0.042005824447260906
89.25	-0.03932760624243822
89.375	-0.03699058541213661
89.5	-0.036439778004391084
89.625	-0.03754120130950243
89.75	-0.038409864128330765
89.875	-0.0355855605974664
90.0	-0.028863074178882425
90.125	-0.018099715241824296
90.25	-0.005205200500662114
90.375	0.007574439714989108
90.5	0.018177714560453546
90.625	0.02655375126181592
90.75	0.03356299704640849
90.875	0.03949433650487632
91.0	0.0436539018633316
91.125	0.045436192572851156
91.25	0.04473978189987882
91.375	0.04325292465911878
91.5	0.04170654880153995
91.625	0.04051203188859655
91.75	0.037255673740079986
91.875	0.030920933516875557
92.0	0.021209927726581354
92.125	0.011067641397062853
92.25	0.00397657111042802
92.375	0.0020180634987856313
92.5	0.00472460365874145
92.625	0.009244591963803946
92.75	0.011731375089805061
92.875	0.010346462643711906
93.0	0.005481016078362845
93.125	0.0006602861920200111
93.25	-0.0020896779795604634
93.375	-0.0011703869228602655
93.5	0.0026652969897189667
93.625	0.008115768299564962
93.75	0.013354918425024195
93.875	0.018269926366861235
94.0	0.02379071070319895
94.125	0.03266914526518167
94.25	0.046533960729191484
94.375	0.06716241333548655
94.5	0.09314485432621876
94.625	0.12226607197379205
94.75	0.15051001552764
94.875	0.17545638030347005
95.0	0.1940886670768017
95.125	0.20397534771970033
95.25	0.20281739763036047
95.375	0.1877767260791745
95.5	0.15767573679656421
95.625	0.11295503433108398
95.75	0.058377867004844645
95.875	0.0032298202146857045
96.0	-0.04405020535911597
96.125	-0.07490609317904964
96.25	-0.08728752962909934
96.375	-0.08438278390802277
96.5	-0.07347739701197134
96.625	-0.06476591835013071
96.75	-0.06506628631868962
96.875	-0.07837433316927762
97.0	-0.10438019459376317
97.125	-0.13845255456842093
97.25	-0.17353638177933722
97.375	-0.1996297283894762
97.5	-0.20770042560367177
97.625	-0.19161689408449356
97.75	-0.1521550171730991
97.875	-0.09797248847148017
98.0	-0.045646786598523226
98.125	-0.013044997294411852
98.25	-0.01587570754706494
98.375	-0.05943954293922283
98.5	-0.14035109633819418
98.625	-0.24536061557733627
98.75	-0.35693304461563174
98.875	-0.4570896663356609
99.0	-0.5317731831331614
99.125	-0.5721635895871574
99.25	-0.5750011679864587
99.375	-0.5418797119344437
99.5	-0.4802766959493419
99.625	-0.40093298401784927
99.75	-0.31911212742801554
99.875	-0.24969525639280832
100.0	-0.20507029327963283
100.125	-0.19002219176941534
