0.0	-0.004260422859811009
0.125	-0.031089374295652204
0.25	-0.058977723554058774
0.375	-0.08738684406736429
0.5	-0.11466058732473437
0.625	-0.13858151701914453
0.75	-0.15695222148204924
0.875	-0.1684313524646015
1.0	-0.1724956116370681
1.125	-0.16920451648936446
1.25	-0.1590801550873332
1.375	-0.1427235556688934
1.5	-0.12069315388629469
1.625	-0.09300510430610369
1.75	-0.058931273052227236
1.875	-0.018404137657478413
2.0	0.028267517814603092
2.125	0.07920543280876152
2.25	0.13338205406615952
2.375	0.18823376290969934
2.5	0.24418430905513752
2.625	0.30034671159443455
2.75	0.35749234805463936
2.875	0.415006405541269
3.0	0.472157362351997
3.125	0.5291627605548032
3.25	0.5860369356663109
3.375	0.6427030163448504
3.5	0.6986340288269175
3.625	0.7509867845477334
3.75	0.7980193384084379
3.875	0.8372006829392143
4.0	0.864929534786248
4.125	0.880062871449678
4.25	0.879861526177157
4.375	0.8653533259021513
4.5	0.8369160697054037
4.625	0.7966540217114143
4.75	0.7458024264073247
4.875	0.684250413005135
5.0	0.6129388942776607
5.125	0.5320805870938797
5.25	0.4441554424072076
5.375	0.35230273039335686
5.5	0.25989054693225355
5.625	0.16951731748883186
5.75	0.08239461066223298
5.875	-0.00043563045653050535
6.0	-0.07865212528124266
6.125	-0.15127190516626451
6.25	-0.21696608770976508
6.375	-0.27411616099366415
6.5	-0.32202510784376914
6.625	-0.3604712603050052
6.75	-0.3902503024204277
6.875	-0.4123406278140403
7.0	-0.4278638245610662
7.125	-0.43771171890181987
7.25	-0.4422738058353164
7.375	-0.4425842469062342
7.5	-0.4397448384702227
7.625	-0.4353514864610761
7.75	-0.43139958832548037
7.875	-0.4296489252505208
8.0	-0.43165305043151486
8.125	-0.43883592644230474
8.25	-0.45333264294807857
8.375	-0.4778287826973207
8.5	-0.5136735823200458
8.625	-0.5623891683259706
8.75	-0.6240478780917718
8.875	-0.6976656956153315
9.0	-0.7809335188890655
9.125	-0.8724321844261025
9.25	-0.9704725037475999
9.375	-1.074304565365789
9.5	-1.1824098605267095
9.625	-1.294644653250585
9.75	-1.4082435608133497
9.875	-1.521260234096763
10.0	-1.6316781786714694
10.125	-1.7358869058873563
10.25	-1.832031511476295
10.375	-1.9172159695403173
10.5	-1.9885383516682849
10.625	-2.042477978317626
10.75	-2.0765962892833327
10.875	-2.0885291188834105
11.0	-2.0761194278116144
11.125	-2.0391989630377396
11.25	-1.9756614646581014
11.375	-1.886056265365445
11.5	-1.7691085668019624
11.625	-1.6260826150014647
11.75	-1.4584353650613513
11.875	-1.266855860760644
12.0	-1.0528710596973674
12.125	-0.8174629314091262
12.25	-0.5615349024383879
12.375	-0.2864947395349212
12.5	0.00503049313985222
12.625	0.3090876911646399
12.75	0.6217642154516392
12.875	0.939248915883286
13.0	1.2578330950825112
13.125	1.5769451306209237
13.25	1.8972399735881509
13.375	2.2208316506822317
13.5	2.5468891489007555
13.625	2.8708260707962805
13.75	3.1825594517182614
13.875	3.4715476196155066
14.0	3.732979374038434
14.125	3.971431441237268
14.25	4.19811765487143
14.375	4.424625060766386
14.5	4.653683377916084
14.625	4.873540445632902
14.75	5.058060472567909
14.875	5.176438602363696
15.0	5.203625095478601
15.125	5.129147396106428
15.25	4.958724937174351
15.375	4.711668644381381
15.5	4.414067696095055
15.625	4.0919988463975345
15.75	3.7638464862317997
15.875	3.434457464435381
16.0	3.094865612701728
16.125	2.720598837783653
16.25	2.28341403732522
16.375	1.765964877588111
16.5	1.1723397721503768
16.625	0.5249364176159527
16.75	-0.1377792094488329
16.875	-0.7742760571599
17.0	-1.3549423083824683
17.125	-1.8748865210627879
17.25	-2.3394299733706303
17.375	-2.762963453546889
17.5	-3.1705944174645957
17.625	-3.571354620349324
17.75	-3.968415805942736
17.875	-4.356295639272769
18.0	-4.723850409126523
18.125	-5.056248555749084
18.25	-5.3425052666450075
18.375	-5.571727049790156
18.5	-5.742353282157861
18.625	-5.859722918791532
18.75	-5.929331366202165
18.875	-5.959079670784113
19.0	-5.952109803050683
19.125	-5.910830108746048
19.25	-5.834119254846112
19.375	-5.717920682690861
19.5	-5.559337953420029
19.625	-5.355919412983315
19.75	-5.107848607142479
19.875	-4.817605849591603
20.0	-4.488964227275501
20.125	-4.128086239950858
20.25	-3.739874224953606
20.375	-3.3278024703474305
20.5	-2.895075049228508
20.625	-2.4445706848206963
20.75	-1.9796047416256342
20.875	-1.5025512591461176
21.0	-1.0154477653470093
21.125	-0.5194284979245927
21.25	-0.014499438543356261
21.375	0.4992726335886481
21.5	1.0192137325688833
21.625	1.5404262509758972
21.75	2.054072535686283
21.875	2.5514468382842472
22.0	3.0235491162215613
22.125	3.4649829993787358
22.25	3.873249316882828
22.375	4.249766711140388
22.5	4.596291304183484
22.625	4.91452081974492
22.75	5.202705305239657
22.875	5.457230125484977
23.0	5.67074671605506
23.125	5.836349588212765
23.25	5.9494118966742136
23.375	6.009142879382674
23.5	6.015131919251943
23.625	5.9707216228433095
23.75	5.8790469624140655
23.875	5.746413785253349
24.0	5.5749601878984025
24.125	5.366511702484134
24.25	5.123993567815541
24.375	4.847053017912966
24.5	4.534977823023527
24.625	4.189528027832894
24.75	3.8121747950413383
24.875	3.409173185774751
25.0	2.9853811031977115
25.125	2.5504449227948895
25.25	2.112250070636014
25.375	1.6761338489874253
25.5	1.2466831294306286
25.625	0.825762141037655
25.75	0.41631977260029374
25.875	0.02111502381344049
26.0	-0.35707484244233006
26.125	-0.7157890857921003
26.25	-1.0549663078345795
26.375	-1.3746946925217993
26.5	-1.6775207364323494
26.625	-1.9644990739985548
26.75	-2.2354285488954773
26.875	-2.4895159440875947
27.0	-2.725758844986416
27.125	-2.944471416431792
27.25	-3.1462961285084967
27.375	-3.332165979963637
27.5	-3.502707401984859
27.625	-3.6570602564902845
27.75	-3.7934127519264216
27.875	-3.9091081162480505
28.0	-4.003198139983293
28.125	-4.0764864565150605
28.25	-4.131309801389358
28.375	-4.1695898424799465
28.5	-4.1931575872203215
28.625	-4.201898280146219
28.75	-4.19487918201119
28.875	-4.1708846574378855
29.0	-4.129237309481055
29.125	-4.069519413555448
29.25	-3.991015638601055
29.375	-3.8932290230890105
29.5	-3.77602327929742
29.625	-3.638106820305783
29.75	-3.4799952784878996
29.875	-3.301116655441938
30.0	-3.1021511770441648
30.125	-2.882762305258023
30.25	-2.643525578060663
30.375	-2.385455923361852
30.5	-2.108870674520283
30.625	-1.8155381849216794
30.75	-1.5077196331752187
30.875	-1.187635657876002
31.0	-0.8586825113428513
31.125	-0.5235239383754025
31.25	-0.18639347919742433
31.375	0.14978255521059608
31.5	0.48198033116149575
31.625	0.8061637008576056
31.75	1.1210468174583201
31.875	1.4235704579629864
32.0	1.7120681354658944
32.125	1.9866690983028985
32.25	2.244064442303701
32.375	2.482858589578513
32.5	2.7006761514800424
32.625	2.8952241576415325
32.75	3.063786982152501
32.875	3.204987990181762
33.0	3.318272101711493
33.125	3.403820651016205
33.25	3.4624427663323902
33.375	3.495314212200049
33.5	3.503852598713103
33.625	3.48987236920518
33.75	3.4551807658584712
33.875	3.4017253842384996
34.0	3.3311171364923005
34.125	3.2450827807943488
34.25	3.1446049870108084
34.375	3.030690435320168
34.5	2.905061769595938
34.625	2.770104545564158
34.75	2.628478225079527
34.875	2.4825366779677895
35.0	2.3343701820690783
35.125	2.1854548112138645
35.25	2.0363560450261295
35.375	1.886832181436196
35.5	1.736247625114121
35.625	1.5837235923150927
35.75	1.4290990108420778
35.875	1.2726414601077016
36.0	1.1148347194740935
36.125	0.9569702465687828
36.25	0.8000842456429473
36.375	0.6453581420023001
36.5	0.4926916148770114
36.625	0.3419371925136774
36.75	0.19274678342014154
36.875	0.04399039002808828
37.0	-0.10526106936870121
37.125	-0.25564473118826625
37.25	-0.40786642644035204
37.375	-0.5622134068736032
37.5	-0.7193033782973939
37.625	-0.8776815779114546
37.75	-1.0369962246305633
37.875	-1.1979427298020633
38.0	-1.3582081550359226
38.125	-1.5173885742632702
38.25	-1.6710508726353286
38.375	-1.8197992152573372
38.5	-1.9612169645183821
38.625	-2.0921498111063417
38.75	-2.2106181053268315
38.875	-2.3079219671486695
39.0	-2.389708675242994
39.125	-2.459805737824484
39.25	-2.517347346638459
39.375	-2.561179438613299
39.5	-2.594168872419618
39.625	-2.6148523008894573
39.75	-2.62406096125022
39.875	-2.6223179352143573
40.0	-2.6084914906015406
40.125	-2.582244100625129
40.25	-2.542928377351886
40.375	-2.490081670124821
40.5	-2.42373695536413
40.625	-2.3439865588542634
40.75	-2.25166610247005
40.875	-2.1469044004701696
41.0	-2.0288509617093458
41.125	-1.8966555515410577
41.25	-1.7491982800084882
41.375	-1.5875290391496637
41.5	-1.412990677299935
41.625	-1.2269913593159918
41.75	-1.0311246801555878
41.875	-0.8255331289949895
42.0	-0.6123666071843152
42.125	-0.3952398412208358
42.25	-0.17635267867484328
42.375	0.04289006572881161
42.5	0.2604571967423242
42.625	0.4722597368527276
42.75	0.6759923644992225
42.875	0.8704056050823636
43.0	1.0556109731984693
43.125	1.2323206907448965
43.25	1.400686996619551
43.375	1.559990282948473
43.5	1.7071796126834422
43.625	1.8408794949278382
43.75	1.9585257214587966
43.875	2.0577168604796605
44.0	2.138826142680507
44.125	2.201192241661026
44.25	2.245192508045019
44.375	2.2686521053586475
44.5	2.270792745549953
44.625	2.251711165058417
44.75	2.210667712218988
44.875	2.148944415702968
45.0	2.0693425696752468
45.125	1.9745412210623121
45.25	1.8689824244144402
45.375	1.7519773840823885
45.5	1.62539454409915
45.625	1.491088804562937
45.75	1.350795977114438
45.875	1.2064850896996053
46.0	1.0560592897928434
46.125	0.9054582441492424
46.25	0.7545126664776316
46.375	0.606012644634217
46.5	0.4576232940358338
46.625	0.31373817452322156
46.75	0.17506360649760022
46.875	0.04287687773691213
47.0	-0.08446439034302362
47.125	-0.20560505569705395
47.25	-0.32134593669983263
47.375	-0.4311721021746509
47.5	-0.5351379898634279
47.625	-0.631814171306573
47.75	-0.7196443427046917
47.875	-0.7971394259437063
48.0	-0.8622926383840616
48.125	-0.9144304596705948
48.25	-0.954059571295849
48.375	-0.9818025413818581
48.5	-0.9987579634071827
48.625	-1.0057364753446123
48.75	-1.0031115332654439
48.875	-0.9910831957373957
49.0	-0.9698793146088889
49.125	-0.9409970872452721
49.25	-0.9048886782551124
49.375	-0.862560371141924
49.5	-0.8151700869933874
49.625	-0.764574649554753
49.75	-0.7123204686407324
49.875	-0.6592744464493012
50.0	-0.6057194824728127
50.125	-0.5525603452292117
50.25	-0.4990774692014825
50.375	-0.44524137471420433
50.5	-0.38998477732467834
50.625	-0.33356927896446614
50.75	-0.27514407592076195
50.875	-0.21468983513680354
51.0	-0.15266044058678738
51.125	-0.08910068516472204
51.25	-0.023842935011464138
51.375	0.042582568601620144
51.5	0.10929595992961953
51.625	0.17417389884023043
51.75	0.2354310932342133
51.875	0.29050433213202015
52.0	0.3386088216495937
52.125	0.37872025632314327
52.25	0.41146242837995634
52.375	0.4370535204248697
52.5	0.4560163654323838
52.625	0.46730095918898423
52.75	0.47133481912611414
52.875	0.4679409741097123
53.0	0.45694339524964267
53.125	0.43867840970406174
53.25	0.4150505447174596
53.375	0.38709057439168154
53.5	0.35556776736717993
53.625	0.32066939533310745
53.75	0.28338148375817385
53.875	0.2455147582728393
54.0	0.20733021222725465
54.125	0.17003203541190123
54.25	0.13462089373370792
54.375	0.10169546328257621
54.5	0.07033506071077072
54.625	0.03963727068801025
54.75	0.008524979611246335
54.875	-0.02396401607540087
55.0	-0.058000965301079
55.125	-0.092633275155319
55.25	-0.12706788054513535
55.375	-0.16030922185808438
55.5	-0.19148769593663278
55.625	-0.21938978925723268
55.75	-0.24414476814569758
55.875	-0.26590097757686953
56.0	-0.28505781251652895
56.125	-0.30202219967879795
56.25	-0.3181209598669645
56.375	-0.3348605220930861
56.5	-0.3532752212959405
56.625	-0.3737852123594227
56.75	-0.3966427899036154
56.875	-0.42131031468013985
57.0	-0.44747085934314484
57.125	-0.4745369774692746
57.25	-0.5023171821434146
57.375	-0.530263880309227
57.5	-0.5571200441001309
57.625	-0.5818582710998462
57.75	-0.60319382705257
57.875	-0.6203215239145965
58.0	-0.6327847020139632
58.125	-0.6400800676198313
58.25	-0.6424153949329476
58.375	-0.6388943318961818
58.5	-0.6286659135726248
58.625	-0.6109286749309396
58.75	-0.5839532038667437
58.875	-0.5474561592204396
59.0	-0.5011111193639178
59.125	-0.44591980465510217
59.25	-0.382692484848955
59.375	-0.3128363594083166
59.5	-0.23747127656696732
59.625	-0.16000540136637828
59.75	-0.08293830150499426
59.875	-0.007306598864046228
60.0	0.0655401202843995
60.125	0.13771289152611937
60.25	0.20860604801618457
60.375	0.27918633595085546
60.5	0.35026225452629495
60.625	0.42154074896862986
60.75	0.4932735767104085
60.875	0.5651335385317162
61.0	0.6356034322972819
61.125	0.7037341567207338
61.25	0.7686070022611489
61.375	0.8293880689872599
61.5	0.8844057198019308
61.625	0.931795195938609
61.75	0.9700212246802475
61.875	0.9975310609657521
62.0	1.0139079214284603
62.125	1.0201929222768356
62.25	1.0180284455232567
62.375	1.009814741883759
62.5	0.9972031652736111
62.625	0.9811426575785063
62.75	0.9614973021154665
62.875	0.9373281094957013
63.0	0.9077838211388942
63.125	0.8720580565878652
63.25	0.8306034410710808
63.375	0.7845875852713441
63.5	0.7356299569525369
63.625	0.6846694505283695
63.75	0.6321532626827467
63.875	0.5771300200372644
64.0	0.5181450671907576
64.125	0.4542939577438247
64.25	0.3850732028311292
64.375	0.31142800420889516
64.5	0.23442676691220113
64.625	0.15511285028024108
64.75	0.07440200314187484
64.875	-0.008665127025575991
65.0	-0.09334216678568096
65.125	-0.179788771723663
65.25	-0.26709477440199875
65.375	-0.3539632145964237
65.5	-0.438726838273471
65.625	-0.5190006251771987
65.75	-0.5932711446502476
65.875	-0.6606206252152153
66.0	-0.7205723817660231
66.125	-0.7745321990281335
66.25	-0.8231172688477457
66.375	-0.8684956871666327
66.5	-0.9119457719936658
66.625	-0.954361801280883
66.75	-0.9954569952232865
66.875	-1.0341429203788461
67.0	-1.0697792504437484
67.125	-1.1006426747981946
67.25	-1.1239880437926364
67.375	-1.1381477065549053
67.5	-1.1408359445832683
67.625	-1.1303484506643124
67.75	-1.106197604053121
67.875	-1.0669873326749817
68.0	-1.0144924198425052
68.125	-0.9479025009342121
68.25	-0.8703476811873315
68.375	-0.783503240853835
68.5	-0.6888756274571717
68.625	-0.5890236474781716
68.75	-0.4850747567678044
68.875	-0.37999299284504745
69.0	-0.27547589901008496
69.125	-0.17414839857749384
69.25	-0.07821694772962254
69.375	0.012209639492977507
69.5	0.09631309042083398
69.625	0.17403931996634417
69.75	0.24599862064751346
69.875	0.31256725249156886
70.0	0.3739288359136812
70.125	0.42959988892687795
70.25	0.4799425296333293
70.375	0.5253684904832511
70.5	0.5659212301960066
70.625	0.6023059570240774
70.75	0.6343203648290889
70.875	0.6606077653980091
71.0	0.6791283179204934
71.125	0.6879912521213156
71.25	0.6870333246145343
71.375	0.6763592818189934
71.5	0.6575710463193252
71.625	0.6325619792411826
71.75	0.6027901070497355
71.875	0.5688269565353687
72.0	0.5306697975849483
72.125	0.4890420458922591
72.25	0.44521322227835824
72.375	0.39981937171015686
72.5	0.35411321876577334
72.625	0.30809972946729947
72.75	0.2621054544350998
72.875	0.21514734452163967
73.0	0.167346120298497
73.125	0.11903220243137673
73.25	0.07166922857660571
73.375	0.02639334396422805
73.5	-0.015355241963680299
73.625	-0.05342944603275022
73.75	-0.08684227507039097
73.875	-0.11626258670394429
74.0	-0.14243458201429413
74.125	-0.1650147153546125
74.25	-0.1840386977184977
74.375	-0.1985678760576856
74.5	-0.20901438161958952
74.625	-0.21515976688330687
74.75	-0.21700939439522757
74.875	-0.21632695004940983
75.0	-0.21320771339931624
75.125	-0.20845315975926929
75.25	-0.2004723002585216
75.375	-0.18735557050465415
75.5	-0.1661794805923653
75.625	-0.1350893039634733
75.75	-0.09302191673022302
75.875	-0.04109977675951579
76.0	0.018460191522828715
76.125	0.0828584124079352
76.25	0.15052266068466022
76.375	0.22067452256472253
76.5	0.2919787810542232
76.625	0.36306194740808756
76.75	0.4315462090680153
76.875	0.49408787435892765
77.0	0.5478334537784085
77.125	0.5898511687076049
77.25	0.6192102865343165
77.375	0.6360699232900286
77.5	0.6421584865713532
77.625	0.6395239526466826
77.75	0.6290518503334745
77.875	0.6115216805016473
78.0	0.5875525248734399
78.125	0.5573089364468341
78.25	0.5221788425487986
78.375	0.48322941306754086
78.5	0.44237294828170803
78.625	0.4005468038249164
78.75	0.3594673455724794
78.875	0.3206695811630444
79.0	0.28454955179563685
79.125	0.25036924819417267
79.25	0.21781472387831932
79.375	0.18568011693563594
79.5	0.1529976448270792
79.625	0.11640161744977282
79.75	0.07497085895983872
79.875	0.03161690704807226
80.0	-0.012165974060199458
80.125	-0.05772466986312058
80.25	-0.10576999193689413
80.375	-0.15547583051884992
80.5	-0.20625234659750713
80.625	-0.26829266447464484
80.75	-0.33116019794621104
80.875	-0.3959406031187823
81.0	-0.4730902148751816
81.125	-0.5582095767954572
81.25	-0.660252930343438
81.375	-0.767623331232966
81.5	-0.8815034672585218
81.625	-1.0042713266561671
81.75	-1.1323863409994877
81.875	-1.267711220330884
82.0	-1.4001422981496694
82.125	-1.5259916198834993
82.25	-1.6460875143049167
82.375	-1.7564874427577641
82.5	-1.8559981522027589
82.625	-1.9389202533052432
82.75	-2.001628932235881
82.875	-2.0429603112084553
83.0	-2.0606928281320926
83.125	-2.054469365374154
83.25	-2.0224613358279195
83.375	-1.9636515026376662
83.5	-1.8770065774051745
83.625	-1.7613601789141957
83.75	-1.6163789318931931
83.875	-1.443484540805689
84.0	-1.244504038414016
84.125	-1.0221280912405095
84.25	-0.7786644376002078
84.375	-0.5175514616590061
84.5	-0.24232149559482505
84.625	0.04321651056601945
84.75	0.33433621511710354
84.875	0.6258231604436528
85.0	0.9131175223840163
85.125	1.191672260168282
85.25	1.457787284654244
85.375	1.7068087327568469
85.5	1.9361316221222438
85.625	2.1421700054791706
85.75	2.3220660247318237
85.875	2.4733699554844915
86.0	2.5956490768429634
86.125	2.688926483139416
86.25	2.7533651217074877
86.375	2.7899276327675366
86.5	2.7999682307787097
86.625	2.7849450825750606
86.75	2.74577145713082
86.875	2.684330203741688
87.0	2.602258789151513
87.125	2.5004868933013213
87.25	2.3809755056589563
87.375	2.2448131497730275
87.5	2.0937102239138023
87.625	1.9283140279445952
87.75	1.7507197620585762
87.875	1.5644409408638125
88.0	1.371412232662334
88.125	1.1755220407038613
88.25	0.9792295041439579
88.375	0.7847473562255851
88.5	0.5935015398265967
88.625	0.4052624091902666
88.75	0.22007432524636097
88.875	0.03622979560310804
89.0	-0.14613677995311014
89.125	-0.32725998233626513
89.25	-0.5071952108730107
89.375	-0.6841279346344896
89.5	-0.8561705508662132
89.625	-1.0205891840783066
89.75	-1.1751739941812338
89.875	-1.3159434552408609
90.0	-1.4398843408999957
90.125	-1.5459343176223903
90.25	-1.6333951469598762
90.375	-1.7037206208869748
90.5	-1.7591310207522004
90.625	-1.8016130038256484
90.75	-1.8302219760098688
90.875	-1.8421201869974875
91.0	-1.8347320607116446
91.125	-1.807105492364721
91.25	-1.7610860086536313
91.375	-1.6990324224536792
91.5	-1.6227887521283135
91.625	-1.5331747926451897
91.75	-1.4315947023843418
91.875	-1.321632791358493
92.0	-1.2076170161450432
92.125	-1.094882407492757
92.25	-0.9857448721893496
92.375	-0.8808489708673694
92.5	-0.7792830079338885
92.625	-0.6810132303339063
92.75	-0.5888213460999013
92.875	-0.5079689465399199
93.0	-0.44465293416637136
93.125	-0.40272675926344986
93.25	-0.38268202761324854
93.375	-0.3834534117253909
93.5	-0.4024873656197275
93.625	-0.4384636672446704
93.75	-0.4911138816821097
93.875	-0.5615630055444055
94.0	-0.6504185185847854
94.125	-0.7566364328991273
94.25	-0.8765954033659221
94.375	-1.0047542699359773
94.5	-1.1334189690340073
94.625	-1.2558763637844974
94.75	-1.3655465329876721
94.875	-1.4574711720244113
95.0	-1.5248717078589273
95.125	-1.5622525574601016
95.25	-1.5623291147252494
95.375	-1.5200351667040453
95.5	-1.4320341964523258
95.625	-1.299096529309033
95.75	-1.126229749764265
95.875	-0.9185979717393556
96.0	-0.680176835081284
96.125	-0.41322242138310683
96.25	-0.11540503052070018
96.375	0.21411489312449047
96.5	0.5766415858494168
96.625	0.9673258423451995
96.75	1.376339410388833
96.875	1.7906734765071177
97.0	2.196171218920861
97.125	2.5826016951602893
97.25	2.9456608880289172
97.375	3.287273634598819
97.5	3.6133667139756267
97.625	3.928042808830047
97.75	4.22928759780161
97.875	4.506203175760202
98.0	4.740396421811545
98.125	4.911548750418651
98.25	5.004013527279082
98.375	5.010834752247179
98.5	4.936758016825699
98.625	4.792554026390087
98.75	4.593878113767635
98.875	4.354257908823451
99.0	4.08421312088056
99.125	3.787459870233431
99.25	3.462797887624007
99.375	3.105258705861153
99.5	2.7090441177022946
99.625	2.269938458030944
99.75	1.7897774221638219
99.875	1.2759740695239172
100.0	0.7427501329405882
100.125	0.20656195893629317
