0.0	-0.063773
0.125	-0.09873
0.25	-0.13151
0.375	-0.161466
0.5	-0.187952
0.625	-0.210337
0.75	-0.228019
0.875	-0.240434
1.0	-0.247066
1.125	-0.247459
1.25	-0.241226
1.375	-0.228058
1.5	-0.207739
1.625	-0.180155
1.75	-0.145305
1.875	-0.103306
2.0	-0.054402
2.125	0.001036
2.25	0.062506
2.375	0.129368
2.5	0.200831
2.625	0.275936
2.75	0.353536
2.875	0.432279
3.0	0.510594
3.125	0.586704
3.25	0.658659
3.375	0.724397
3.5	0.781842
3.625	0.829017
3.75	0.864172
3.875	0.885909
4.0	0.893291
4.125	0.885907
4.25	0.863914
4.375	0.828013
4.5	0.779405
4.625	0.719702
4.75	0.650817
4.875	0.574856
5.0	0.494
5.125	0.410404
5.25	0.326122
5.375	0.24304
5.5	0.162841
5.625	0.08698
5.75	0.016675
5.875	-0.047094
6.0	-0.103579
6.125	-0.152267
6.25	-0.192869
6.375	-0.225315
6.5	-0.24975
6.625	-0.266525
6.75	-0.276139
6.875	-0.279343
7.0	-0.277098
7.125	-0.270559
7.25	-0.261134
7.375	-0.250411
7.5	-0.24017
7.625	-0.23236
7.75	-0.229038
7.875	-0.232275
8.0	-0.244049
8.125	-0.266115
8.25	-0.299884
8.375	-0.346313
8.5	-0.405827
8.625	-0.478282
8.75	-0.56297
8.875	-0.658665
9.0	-0.7637
9.125	-0.876069
9.25	-0.993539
9.375	-1.113757
9.5	-1.234347
9.625	-1.352994
9.75	-1.467505
9.875	-1.575847
10.0	-1.676172
10.125	-1.766823
10.25	-1.846334
10.375	-1.91342
10.5	-1.96696
10.625	-2.005987
10.75	-2.029664
10.875	-2.037267
11.0	-2.028169
11.125	-2.001849
11.25	-1.957896
11.375	-1.896023
11.5	-1.816028
11.625	-1.717728
11.75	-1.600887
11.875	-1.465245
12.0	-1.310719
12.125	-1.137688
12.25	-0.947098
12.375	-0.740061
12.5	-0.517024
12.625	-0.277219
12.75	-0.019323
12.875	0.25646
13.0	0.546376
13.125	0.843684
13.25	1.142939
13.375	1.44536
13.5	1.75982
13.625	2.096296
13.75	2.454722
13.875	2.818281
14.0	3.161268
14.125	3.470823
14.25	3.765392
14.375	4.091799
14.5	4.501619
14.625	5.019609
14.75	5.615619
14.875	6.197538
15.0	6.63938
15.125	6.829027
15.25	6.707135
15.375	6.28215
15.5	5.619002
15.625	4.810079
15.75	3.944761
15.875	3.089792
16.0	2.283545
16.125	1.540435
16.25	0.859777
16.375	0.234534
16.5	-0.342745
16.625	-0.877659
16.75	-1.374091
16.875	-1.834836
17.0	-2.261937
17.125	-2.65688
17.25	-3.020837
17.375	-3.354831
17.5	-3.659758
17.625	-3.936364
17.75	-4.185263
17.875	-4.406974
18.0	-4.601948
18.125	-4.770576
18.25	-4.913198
18.375	-5.030118
18.5	-5.121621
18.625	-5.187978
18.75	-5.229459
18.875	-5.246336
19.0	-5.238892
19.125	-5.207428
19.25	-5.152268
19.375	-5.073766
19.5	-4.972303
19.625	-4.848294
19.75	-4.702186
19.875	-4.534453
20.0	-4.345596
20.125	-4.136141
20.25	-3.906641
20.375	-3.657663
20.5	-3.389772
20.625	-3.1035
20.75	-2.799307
20.875	-2.477562
21.0	-2.138547
21.125	-1.782487
21.25	-1.409582
21.375	-1.019968
21.5	-0.613625
21.625	-0.190253
21.75	0.250752
21.875	0.710162
22.0	1.188684
22.125	1.686821
22.25	2.204995
22.375	2.743741
22.5	3.303407
22.625	3.882676
22.75	4.475717
22.875	5.068755
23.0	5.637806
23.125	6.149603
23.25	6.566679
23.375	6.855528
23.5	6.994962
23.625	6.981326
23.75	6.828509
23.875	6.563079
24.0	6.216838
24.125	5.819736
24.25	5.395277
24.375	4.959134
24.5	4.520339
24.625	4.083613
24.75	3.65149
24.875	3.225596
25.0	2.807224
25.125	2.397536
25.25	1.997562
25.375	1.608128
25.5	1.229828
25.625	0.863063
25.75	0.508119
25.875	0.165188
26.0	-0.165605
26.125	-0.484177
26.25	-0.790454
26.375	-1.084362
26.5	-1.365826
26.625	-1.63476
26.75	-1.891058
26.875	-2.134585
27.0	-2.365178
27.125	-2.582651
27.25	-2.78679
27.375	-2.977354
27.5	-3.154083
27.625	-3.316701
27.75	-3.464921
27.875	-3.59845
28.0	-3.716992
28.125	-3.820259
28.25	-3.907968
28.375	-3.979847
28.5	-4.035644
28.625	-4.075118
28.75	-4.098052
28.875	-4.104248
29.0	-4.093531
29.125	-4.065748
29.25	-4.02077
29.375	-3.95849
29.5	-3.878828
29.625	-3.781727
29.75	-3.667156
29.875	-3.535111
30.0	-3.385617
30.125	-3.218732
30.25	-3.034548
30.375	-2.833203
30.5	-2.614883
30.625	-2.37984
30.75	-2.128401
30.875	-1.860971
31.0	-1.578103
31.125	-1.280477
31.25	-0.968943
31.375	-0.644575
31.5	-0.308726
31.625	0.036854
31.75	0.389935
31.875	0.747661
32.0	1.106423
32.125	1.461786
32.25	1.808496
32.375	2.140624
32.5	2.451855
32.625	2.735916
32.75	2.987093
32.875	3.200762
33.0	3.373832
33.125	3.505017
33.25	3.594882
33.375	3.645664
33.5	3.660905
33.625	3.644976
33.75	3.602583
33.875	3.538348
34.0	3.45649
34.125	3.360653
34.25	3.253846
34.375	3.138468
34.5	3.016384
34.625	2.889019
34.75	2.757446
34.875	2.622458
35.0	2.484631
35.125	2.344372
35.25	2.20195
35.375	2.057535
35.5	1.911219
35.625	1.763043
35.75	1.613019
35.875	1.461145
36.0	1.307428
36.125	1.151892
36.25	0.994591
36.375	0.835618
36.5	0.675111
36.625	0.513259
36.75	0.350303
36.875	0.186539
37.0	0.022322
37.125	-0.141942
37.25	-0.305789
37.375	-0.468707
37.5	-0.630135
37.625	-0.789472
37.75	-0.946079
37.875	-1.09929
38.0	-1.248418
38.125	-1.392763
38.25	-1.53162
38.375	-1.664285
38.5	-1.790067
38.625	-1.908292
38.75	-2.018309
38.875	-2.119495
39.0	-2.211263
39.125	-2.293063
39.25	-2.364385
39.375	-2.424766
39.5	-2.473785
39.625	-2.511071
39.75	-2.536301
39.875	-2.549201
40.0	-2.549548
40.125	-2.537169
40.25	-2.511943
40.375	-2.4738
40.5	-2.422724
40.625	-2.35875
40.75	-2.28197
40.875	-2.192533
41.0	-2.090648
41.125	-1.976586
41.25	-1.850689
41.375	-1.713371
41.5	-1.565126
41.625	-1.406535
41.75	-1.238272
41.875	-1.061107
42.0	-0.875916
42.125	-0.683685
42.25	-0.485515
42.375	-0.282625
42.5	-0.076362
42.625	0.131803
42.75	0.340274
42.875	0.547342
43.0	0.751203
43.125	0.949991
43.25	1.141808
43.375	1.324776
43.5	1.497069
43.625	1.656953
43.75	1.802807
43.875	1.933141
44.0	2.046597
44.125	2.14196
44.25	2.218161
44.375	2.274303
44.5	2.309694
44.625	2.323888
44.75	2.316738
44.875	2.288442
45.0	2.239576
45.125	2.171106
45.25	2.08438
45.375	1.981082
45.5	1.863182
45.625	1.732855
45.75	1.592403
45.875	1.444169
46.0	1.29047
46.125	1.133528
46.25	0.975427
46.375	0.818077
46.5	0.663198
46.625	0.512307
46.75	0.366724
46.875	0.227575
47.0	0.095804
47.125	-0.027812
47.25	-0.142655
47.375	-0.248245
47.5	-0.344235
47.625	-0.430396
47.75	-0.506608
47.875	-0.57285
48.0	-0.629191
48.125	-0.675783
48.25	-0.712854
48.375	-0.740699
48.5	-0.759673
48.625	-0.770182
48.75	-0.772679
48.875	-0.767652
49.0	-0.755618
49.125	-0.737115
49.25	-0.712695
49.375	-0.682912
49.5	-0.648319
49.625	-0.609461
49.75	-0.566863
49.875	-0.521033
50.0	-0.47245
50.125	-0.421563
50.25	-0.368791
50.375	-0.314522
50.5	-0.259113
50.625	-0.202894
50.75	-0.146175
50.875	-0.089253
51.0	-0.032423
51.125	0.024015
51.25	0.079735
51.375	0.134381
51.5	0.187549
51.625	0.238786
51.75	0.287579
51.875	0.333368
52.0	0.375549
52.125	0.4135
52.25	0.446607
52.375	0.474293
52.5	0.496062
52.625	0.511527
52.75	0.520449
52.875	0.522758
53.0	0.518569
53.125	0.508186
53.25	0.492093
53.375	0.470935
53.5	0.445482
53.625	0.416601
53.75	0.385209
53.875	0.352234
54.0	0.318575
54.125	0.28507
54.25	0.252461
54.375	0.221378
54.5	0.192318
54.625	0.165641
54.75	0.141562
54.875	0.120156
55.0	0.101362
55.125	0.084993
55.25	0.070745
55.375	0.058215
55.5	0.046912
55.625	0.036279
55.75	0.025711
55.875	0.014576
56.0	0.002243
56.125	-0.011897
56.25	-0.0284
56.375	-0.047746
56.5	-0.070309
56.625	-0.096342
56.75	-0.125948
56.875	-0.159078
57.0	-0.195512
57.125	-0.234866
57.25	-0.276593
57.375	-0.319995
57.5	-0.364245
57.625	-0.408401
57.75	-0.451442
57.875	-0.49229
58.0	-0.529843
58.125	-0.563005
58.25	-0.590716
58.375	-0.61198
58.5	-0.625886
58.625	-0.631634
58.75	-0.628552
58.875	-0.616106
59.0	-0.59392
59.125	-0.561775
59.25	-0.519619
59.375	-0.467571
59.5	-0.405918
59.625	-0.335118
59.75	-0.255797
59.875	-0.168745
60.0	-0.074915
60.125	0.024584
60.25	0.128499
60.375	0.235439
60.5	0.343901
60.625	0.452287
60.75	0.558937
60.875	0.662172
61.0	0.760334
61.125	0.85184
61.25	0.935232
61.375	1.009232
61.5	1.072788
61.625	1.125112
61.75	1.165707
61.875	1.194379
62.0	1.211233
62.125	1.216656
62.25	1.21128
62.375	1.195941
62.5	1.171631
62.625	1.139439
62.75	1.100501
62.875	1.055951
63.0	1.006877
63.125	0.954289
63.25	0.899082
63.375	0.842026
63.5	0.783743
63.625	0.724707
63.75	0.66524
63.875	0.605517
64.0	0.545583
64.125	0.485365
64.25	0.424703
64.375	0.363371
64.5	0.301109
64.625	0.237657
64.75	0.172781
64.875	0.106305
65.0	0.038128
65.125	-0.031753
65.25	-0.103235
65.375	-0.176097
65.5	-0.250007
65.625	-0.324519
65.75	-0.399083
65.875	-0.473054
66.0	-0.54571
66.125	-0.616263
66.25	-0.683879
66.375	-0.747695
66.5	-0.806842
66.625	-0.860465
66.75	-0.907741
66.875	-0.947902
67.0	-0.980255
67.125	-1.004193
67.25	-1.019219
67.375	-1.024952
67.5	-1.02114
67.625	-1.007667
67.75	-0.984556
67.875	-0.951972
68.0	-0.910221
68.125	-0.859747
68.25	-0.801122
68.375	-0.735044
68.5	-0.662321
68.625	-0.583863
68.75	-0.500667
68.875	-0.4138
69.0	-0.324383
69.125	-0.233567
69.25	-0.142509
69.375	-0.052351
69.5	0.035808
69.625	0.12094
69.75	0.202106
69.875	0.278482
70.0	0.34937
70.125	0.41421
70.25	0.472579
70.375	0.524193
70.5	0.568895
70.625	0.606643
70.75	0.637496
70.875	0.661595
71.0	0.679143
71.125	0.690391
71.25	0.695619
71.375	0.695119
71.5	0.689188
71.625	0.678114
71.75	0.662173
71.875	0.641627
72.0	0.616728
72.125	0.58772
72.25	0.554857
72.375	0.518405
72.5	0.478663
72.625	0.435968
72.75	0.39071
72.875	0.343338
73.0	0.294363
73.125	0.244356
73.25	0.193943
73.375	0.1438
73.5	0.094632
73.625	0.047168
73.75	0.002139
73.875	-0.039736
74.0	-0.077771
74.125	-0.111323
74.25	-0.139811
74.375	-0.162734
74.5	-0.179673
74.625	-0.190311
74.75	-0.194433
74.875	-0.191931
75.0	-0.182802
75.125	-0.16715
75.25	-0.145175
75.375	-0.117168
75.5	-0.083509
75.625	-0.044658
75.75	-0.001155
75.875	0.046375
76.0	0.097223
76.125	0.150586
76.25	0.205565
76.375	0.261169
76.5	0.316328
76.625	0.36992
76.75	0.420808
76.875	0.467888
77.0	0.51014
77.125	0.546669
77.25	0.576741
77.375	0.599813
77.5	0.615545
77.625	0.623819
77.75	0.624754
77.875	0.618717
78.0	0.606327
78.125	0.588434
78.25	0.566065
78.375	0.540346
78.5	0.512404
78.625	0.483266
78.75	0.453784
78.875	0.424592
79.0	0.396112
79.125	0.368589
79.25	0.342136
79.375	0.316769
79.5	0.292412
79.625	0.268862
79.75	0.245726
79.875	0.222349
80.0	0.197757
80.125	0.170643
80.25	0.139415
80.375	0.102294
80.5	0.057474
80.625	0.003291
80.75	-0.061595
80.875	-0.138055
81.0	-0.226391
81.125	-0.326295
81.25	-0.436865
81.375	-0.556667
81.5	-0.683834
81.625	-0.816184
81.75	-0.951332
81.875	-1.086806
82.0	-1.220131
82.125	-1.348906
82.25	-1.470841
82.375	-1.583796
82.5	-1.685784
82.625	-1.774979
82.75	-1.84971
82.875	-1.908451
83.0	-1.949819
83.125	-1.972566
83.25	-1.975574
83.375	-1.957857
83.5	-1.918565
83.625	-1.856983
83.75	-1.772549
83.875	-1.664858
84.0	-1.533669
84.125	-1.378908
84.25	-1.200665
84.375	-0.999197
84.5	-0.774949
84.625	-0.528614
84.75	-0.261251
84.875	0.025527
85.0	0.32931
85.125	0.646608
85.25	0.972611
85.375	1.301047
85.5	1.624235
85.625	1.933396
85.75	2.219225
85.875	2.472687
86.0	2.685908
86.125	2.853006
86.25	2.970702
86.375	3.038566
86.5	3.058868
86.625	3.036072
86.75	2.976083
86.875	2.885412
87.0	2.77041
87.125	2.636699
87.25	2.488853
87.375	2.330335
87.5	2.163617
87.625	1.990403
87.75	1.811865
87.875	1.628857
88.0	1.442082
88.125	1.252218
88.25	1.059986
88.375	0.866186
88.5	0.67171
88.625	0.477547
88.75	0.284773
88.875	0.09455
89.0	-0.0919
89.125	-0.273315
89.25	-0.448422
89.375	-0.615965
89.5	-0.774737
89.625	-0.923609
89.75	-1.061558
89.875	-1.187681
90.0	-1.301202
90.125	-1.40147
90.25	-1.48796
90.375	-1.560265
90.5	-1.618099
90.625	-1.661297
90.75	-1.689824
90.875	-1.70378
91.0	-1.70341
91.125	-1.689117
91.25	-1.661463
91.375	-1.621165
91.5	-1.56909
91.625	-1.506238
91.75	-1.433733
91.875	-1.352815
92.0	-1.264858
92.125	-1.171395
92.25	-1.074167
92.375	-0.975164
92.5	-0.876662
92.625	-0.781217
92.75	-0.691614
92.875	-0.610758
93.0	-0.541515
93.125	-0.486508
93.25	-0.447908
93.375	-0.427232
93.5	-0.425194
93.625	-0.44161
93.75	-0.475394
93.875	-0.524615
94.0	-0.586636
94.125	-0.658291
94.25	-0.73608
94.375	-0.816375
94.5	-0.895585
94.625	-0.970292
94.75	-1.037341
94.875	-1.093892
95.0	-1.137459
95.125	-1.165933
95.25	-1.177595
95.375	-1.171071
95.5	-1.145216
95.625	-1.098923
95.75	-1.030987
95.875	-0.940149
96.0	-0.825405
96.125	-0.686387
96.25	-0.523411
96.375	-0.336852
96.5	-0.125995
96.625	0.111768
96.75	0.380381
96.875	0.682935
97.0	1.019077
97.125	1.384385
97.25	1.773612
97.375	2.186598
97.5	2.632211
97.625	3.125744
97.75	3.679074
97.875	4.286688
98.0	4.913995
98.125	5.496533
98.25	5.954193
98.375	6.214871
98.5	6.236758
98.625	6.019967
98.75	5.603085
98.875	5.047529
99.0	4.418082
99.125	3.767656
99.25	3.130158
99.375	2.521272
99.5	1.944457
99.625	1.398098
99.75	0.880074
99.875	0.388976
100.0	-0.076051
100.125	-0.515282
