-0.004260422859810782	4.2713461494046684e-16	3.141592653589693
-0.03108937429565225	1.0206510122370864e-15	3.1415926535897603
-0.05897772355405941	3.7448820209687795e-16	3.141592653589787
-0.0873868440673649	-2.1769853805324142e-17	-3.141592653589793
-0.11466058732473398	-4.6370795471099456e-17	-3.1415926535897927
-0.1385815170191443	1.8428464807843922e-16	3.141592653589792
-0.15695222148204951	4.325141130261576e-17	3.141592653589793
-0.16843135246460175	-2.4938115584058667e-16	-3.141592653589792
-0.1724956116370681	-4.649887109033404e-16	-3.1415926535897905
-0.1692045164893646	3.8376209664724054e-16	3.141592653589791
-0.15908015508733292	-2.641977853976182e-16	-3.141592653589792
-0.14272355566889314	3.1155106667999073e-16	3.141592653589791
-0.12069315388629448	2.306154027853972e-16	3.1415926535897913
-0.09300510430610313	3.6449032895477865e-16	3.141592653589789
-0.058931273052227943	9.43556693306718e-16	3.141592653589777
-0.01840413765747776	4.034543805461822e-17	3.141592653589791
0.028267517814603217	-6.637480751689182e-17	-2.3480946559305638e-15
0.07920543280876134	-6.741518247439836e-17	-8.511434138257899e-16
0.13338205406615977	-8.741861095891822e-17	-6.554000953948205e-16
0.18823376290969962	9.303778394591938e-17	4.942672478504927e-16
0.2441843090551376	1.4344531950949529e-16	5.87446916898763e-16
0.3003467115944337	-8.325089611346178e-16	-2.771826455882018e-15
0.35749234805463903	-3.239728155474321e-16	-9.062370630039784e-16
0.41500640554126955	1.4271985394006618e-16	3.438979544277749e-16
0.4721573623519974	1.7069541837863086e-16	3.615223058861803e-16
0.5291627605548039	1.0212780705097938e-16	1.9299885529341266e-16
0.5860369356663117	-6.2859604290409e-17	-1.0726218854949637e-16
0.6427030163448514	-2.4421938580223734e-16	-3.7998792535804436e-16
0.6986340288269187	-3.931327985690092e-16	-5.627163612816301e-16
0.7509867845477336	2.755788143737609e-16	3.6695561099616764e-16
0.7980193384084383	7.151028666201325e-16	8.96097164821001e-16
0.8372006829392157	2.291646719209574e-16	2.7372728736485724e-16
0.8649295347862472	1.0301106446885949e-16	1.190976378142954e-16
0.8800628714496774	-2.9011428586950227e-16	-3.296517729371011e-16
0.8798615261771575	-5.370643122702858e-16	-6.103964047657989e-16
0.8653533259021521	-5.16642860272635e-16	-5.970311141221098e-16
0.8369160697054043	-9.17982733821003e-16	-1.0968635530491539e-15
0.7966540217114141	-1.5519269746971178e-16	-1.9480564114434352e-16
0.7458024264073247	2.8436766339684274e-17	3.812908799005885e-17
0.6842504130051363	-1.2510584808179223e-15	-1.828363501197523e-15
0.6129388942776608	1.1160418138895314e-17	1.820804364527674e-17
0.53208058709388	-3.360929515457408e-16	-6.316579850834528e-16
0.44415544240720817	-7.897707529771559e-16	-1.7781404381691277e-15
0.35230273039335724	2.281722130983997e-17	6.476595081838796e-17
0.25989054693225405	5.839602672401932e-17	2.246946932596262e-16
0.16951731748883184	-4.253254562643484e-16	-2.5090383835997744e-15
0.08239461066223296	1.1368942172627338e-16	1.3798162381315184e-15
-0.00043563045653028406	-2.0734083151933524e-16	-3.1415926535893175
-0.0786521252812427	-1.4225764463100388e-16	-3.1415926535897913
-0.15127190516626465	-7.906578555914649e-17	-3.1415926535897927
-0.2169660877097653	3.1925213745591305e-16	3.141592653589792
-0.27411616099366387	-5.342432917766575e-16	-3.1415926535897913
-0.3220251078437691	-2.6133769542856623e-16	-3.1415926535897922
-0.36047126030500426	-1.1625775961830161e-16	-3.141592653589793
-0.39025030242042746	6.744646192537603e-17	3.141592653589793
-0.41234062781404046	-4.597818903684226e-17	-3.141592653589793
-0.42786382456106575	-2.8722687573598785e-16	-3.1415926535897927
-0.43771171890182037	-7.700493271409349e-17	-3.141592653589793
-0.4422738058353161	5.457761018775809e-16	3.141592653589792
-0.44258424690623444	-3.106052803762882e-16	-3.1415926535897927
-0.43974483847022316	1.867983406582197e-16	3.1415926535897927
-0.4353514864610761	-4.679403079816856e-16	-3.1415926535897922
-0.4313995883254804	-2.1293121483515816e-16	-3.1415926535897927
-0.4296489252505214	-4.4050614340878274e-16	-3.1415926535897922
-0.4316530504315147	2.078080337719352e-16	3.1415926535897927
-0.438835926442305	-2.578801776403583e-16	-3.1415926535897927
-0.4533326429480791	-8.476127026904985e-16	-3.1415926535897913
-0.4778287826973207	-1.2386341208120645e-16	-3.141592653589793
-0.5136735823200466	-1.8144396073803604e-17	-3.141592653589793
-0.5623891683259704	-4.2363180241438445e-16	-3.1415926535897927
-0.6240478780917723	-2.56465785313741e-16	-3.1415926535897927
-0.6976656956153311	-5.026078602606756e-16	-3.1415926535897927
-0.780933518889066	6.724195963924125e-16	3.1415926535897922
-0.8724321844261025	-4.1700799810428546e-16	-3.1415926535897927
-0.9704725037476002	4.201536733229336e-16	3.1415926535897927
-1.074304565365789	-1.9524478636940395e-16	-3.141592653589793
-1.1824098605267097	1.6858961417690602e-16	3.141592653589793
-1.294644653250586	4.20246110787265e-16	3.141592653589793
-1.4082435608133492	-5.316159575375169e-16	-3.1415926535897927
-1.5212602340967627	5.955096185264313e-16	3.1415926535897927
-1.6316781786714698	3.1600263504239637e-16	3.141592653589793
-1.735886905887357	5.474185822489972e-16	3.141592653589793
-1.832031511476294	-1.3229415430608205e-16	-3.141592653589793
-1.917215969540318	2.6394252704852435e-16	3.141592653589793
-1.9885383516682846	5.566412176940993e-16	3.141592653589793
-2.0424779783176263	2.246974935846923e-16	3.141592653589793
-2.0765962892833323	-1.2363017801816614e-16	-3.141592653589793
-2.088529118883411	6.293050977914238e-16	3.141592653589793
-2.0761194278116144	2.7363319119952635e-16	3.141592653589793
-2.03919896303774	8.651762994973901e-16	3.1415926535897927
-1.9756614646581028	-4.3318762014283123e-16	-3.141592653589793
-1.8860562653654456	-4.665958864637907e-16	-3.141592653589793
-1.7691085668019628	-7.011557029654013e-17	-3.141592653589793
-1.6260826150014651	1.733011837458621e-16	3.141592653589793
-1.458435365061352	2.580717839030913e-16	3.141592653589793
-1.2668558607606435	5.10536636498066e-16	3.1415926535897927
-1.0528710596973683	3.450035971008043e-16	3.141592653589793
-0.8174629314091271	-3.099961427450999e-17	-3.141592653589793
-0.5615349024383883	-1.0635506894240791e-16	-3.141592653589793
-0.28649473953492116	4.228587723715593e-16	3.141592653589792
0.005030493139852463	6.638669847969905e-16	1.3196856974870275e-13
0.3090876911646393	5.081267857497143e-16	1.6439567160862916e-15
0.6217642154516392	8.115454242495874e-16	1.3052301886818853e-15
0.9392489158832856	8.770959074949606e-16	9.338269043090933e-16
1.2578330950825107	3.5732591239428054e-16	2.840805459732643e-16
1.5769451306209232	-5.717905601422343e-16	-3.625938208243754e-16
1.8972399735881504	2.8841801081324437e-16	1.5201978391155996e-16
2.220831650682231	-2.578331856391052e-16	-1.160975824348954e-16
2.546889148900755	1.530399752910831e-16	6.008898163358841e-17
2.870826070796281	2.2508323084288384e-16	7.840364595144299e-17
3.1825594517182623	-3.660009789173784e-17	-1.1500208699000883e-17
3.471547619615506	5.539560052031127e-16	1.5957033170827325e-16
3.7329793740384343	8.448966694660136e-16	2.2633306664965105e-16
3.9714314412372684	-3.015838390221602e-16	-7.593832185812682e-17
4.198117654871429	-4.384547986052288e-17	-1.0444080767875879e-17
4.424625060766386	-1.1349692431523455e-16	-2.5651195922028208e-17
4.653683377916084	2.785570547789992e-16	5.985732851978788e-17
4.873540445632903	1.2537433615534827e-16	2.5725514654894078e-17
5.05806047256791	3.9683255458699213e-16	7.845547848610942e-17
5.176438602363697	4.585550232095896e-16	8.858504049486869e-17
5.2036250954786025	-9.82054832224069e-16	-1.8872513184652183e-16
5.129147396106428	-7.557803677794053e-16	-1.4735009727993458e-16
4.958724937174351	-1.1013172256746185e-15	-2.2209685748413105e-16
4.7116686443813816	-3.2572206228314423e-16	-6.913093574005136e-17
4.414067696095056	-9.567840486530606e-16	-2.1675790099447006e-16
4.091998846397534	1.875170252193869e-16	4.582528789920627e-17
3.7638464862318006	-9.204750385299205e-17	-2.4455700887297876e-17
3.434457464435381	-6.540396146499091e-16	-1.904346236407479e-16
3.0948656127017276	-8.788538021343752e-16	-2.8397155551034136e-16
2.720598837783652	-2.791795540823018e-16	-1.0261694969690448e-16
2.283414037325219	4.0586703587858793e-16	1.7774570412732453e-16
1.7659648775881112	8.800891246208939e-17	4.983616241693814e-17
1.1723397721503763	1.1351387700189468e-15	9.682677300428074e-16
0.5249364176159536	9.317228890584495e-16	1.7749252248299968e-15
-0.13777920944883276	-2.780720967742759e-16	-3.1415926535897913
-0.7742760571599004	1.5155440382699207e-16	3.141592653589793
-1.3549423083824703	1.7511824484075356e-16	3.141592653589793
-1.8748865210627892	-5.424341524701636e-16	-3.141592653589793
-2.3394299733706303	-5.318327407203533e-16	-3.141592653589793
-2.762963453546889	6.169409101265924e-16	3.141592653589793
-3.1705944174645966	-2.821318161945079e-16	-3.141592653589793
-3.5713546203493243	-2.352230828059821e-16	-3.141592653589793
-3.9684158059427364	-6.300424723503552e-16	-3.141592653589793
-4.356295639272769	1.342833326887924e-16	3.141592653589793
-4.723850409126524	7.73316770127249e-16	3.141592653589793
-5.056248555749086	3.7850547092469934e-16	3.141592653589793
-5.342505266645007	5.423980856536571e-16	3.141592653589793
-5.571727049790159	1.106434373892546e-15	3.141592653589793
-5.742353282157862	3.398108402325619e-16	3.141592653589793
-5.859722918791532	2.0711745748654626e-15	3.1415926535897927
-5.929331366202165	2.7976537234041704e-17	3.141592653589793
-5.9590796707841145	5.119811144936046e-16	3.141592653589793
-5.952109803050684	-2.6481340268942407e-17	-3.141592653589793
-5.910830108746048	4.433936736443186e-16	3.141592653589793
-5.834119254846111	3.001878229309473e-16	3.141592653589793
-5.717920682690861	1.3770348226954155e-16	3.141592653589793
-5.5593379534200285	8.287117631092685e-16	3.141592653589793
-5.355919412983315	4.786452615360061e-16	3.141592653589793
-5.10784860714248	6.628521688442432e-16	3.141592653589793
-4.817605849591604	1.0212266614688372e-15	3.141592653589793
-4.488964227275501	-1.9720514320763356e-16	-3.141592653589793
-4.128086239950858	1.3123012699839183e-15	3.141592653589793
-3.7398742249536063	2.782300015726061e-16	3.141592653589793
-3.32780247034743	1.2267561012587429e-15	3.1415926535897927
-2.8950750492285073	7.83480813569958e-16	3.141592653589793
-2.4445706848206976	1.1043943678068726e-15	3.1415926535897927
-1.9796047416256342	-4.336195300572469e-16	-3.141592653589793
-1.5025512591461183	4.39349428334402e-16	3.141592653589793
-1.015447765347009	1.704931350901016e-16	3.141592653589793
-0.5194284979245922	3.097627795108433e-16	3.1415926535897927
-0.014499438543356098	1.5366667719341902e-16	3.1415926535897825
0.4992726335886486	-5.423199226811461e-16	-1.0862200052566156e-15
1.019213732568884	4.29031073231082e-16	4.2094318347705917e-16
1.540426250975898	2.8036658190214804e-16	1.8200584528115442e-16
2.0540725356862826	-9.716297554195784e-17	-4.730260195485009e-17
2.5514468382842477	2.770124412668035e-16	1.0857072822770785e-16
3.0235491162215617	5.127634729373758e-16	1.695899266813171e-16
3.464982999378737	7.637830286911226e-16	2.2042908401803616e-16
3.873249316882829	1.1295392514276905e-15	2.9162575373194356e-16
4.2497667111403885	1.0668979769598683e-15	2.5104859854144215e-16
4.596291304183485	-7.787995674278159e-16	-1.6944086348899656e-16
4.914520819744921	1.9803489989222968e-16	4.0295871592728e-17
5.202705305239658	1.0765324740900512e-16	2.0691782657877478e-17
5.45723012548498	1.5481187227120297e-15	2.8368214041082783e-16
5.670746716055061	-1.1207089845825468e-16	-1.9762987851486773e-17
5.836349588212768	-3.170935379793344e-16	-5.433079927558558e-17
5.949411896674214	5.716062643113063e-16	9.607777612957684e-17
6.009142879382676	9.435677344566919e-16	1.5702201684936894e-16
6.015131919251944	-6.772460653992756e-17	-1.1259039277786936e-17
5.970721622843309	2.937664963835669e-16	4.92011711381166e-17
5.879046962414067	-1.3951564085550845e-15	-2.3730996154216845e-16
5.746413785253349	6.460163841411664e-16	1.124207911722258e-16
5.574960187898404	-6.121902677710838e-16	-1.0981069767995267e-16
5.366511702484137	2.371390259606137e-17	4.418867210349006e-18
5.12399356781554	-3.3071813157649e-16	-6.454304190656541e-17
4.847053017912966	-4.54509442000493e-16	-9.377026418336863e-17
4.534977823023527	1.4253331433627456e-17	3.1429770971017846e-18
4.189528027832894	5.639595842616188e-18	1.3461172249355654e-18
3.8121747950413396	-4.64206521599696e-16	-1.2176947452763956e-16
3.4091731857747516	-3.6145184776090593e-16	-1.0602331652411028e-16
2.9853811031977124	-1.3752241462158894e-15	-4.606527939574798e-16
2.5504449227948895	8.106260997524873e-16	3.178371320656349e-16
2.112250070636014	-1.1430179239279802e-15	-5.411375953150326e-16
1.6761338489874253	-1.981629437241922e-16	-1.1822620481288238e-16
1.2466831294306282	-6.143515367749041e-16	-4.927888428677816e-16
0.8257621410376544	-1.6100784307717811e-16	-1.9498089713201833e-16
0.41631977260029357	-1.5673025477626143e-16	-3.7646603666537195e-16
0.021115023813439694	3.3587565558203093e-16	1.5906951303945316e-14
-0.35707484244232973	-8.818517841570593e-16	-3.141592653589791
-0.7157890857921015	9.679557273085138e-17	3.141592653589793
-1.0549663078345808	7.467326274338701e-17	3.141592653589793
-1.3746946925218	2.4993207568746893e-16	3.141592653589793
-1.6775207364323508	-1.0961824930472185e-16	-3.141592653589793
-1.964499073998556	-7.628432530433169e-16	-3.1415926535897927
-2.235428548895478	-1.0359463563173893e-15	-3.1415926535897927
-2.4895159440875947	-1.4801948619021921e-16	-3.141592653589793
-2.725758844986416	-5.444921807143857e-16	-3.141592653589793
-2.944471416431792	-8.009610880770855e-16	-3.141592653589793
-3.146296128508498	-3.8656687048793725e-16	-3.141592653589793
-3.3321659799636385	-2.893748138720942e-16	-3.141592653589793
-3.50270740198486	-7.8004612922893425e-16	-3.141592653589793
-3.6570602564902863	5.2636177917611e-16	3.141592653589793
-3.7934127519264225	-5.682203220273548e-16	-3.141592653589793
-3.909108116248052	-1.992856864427614e-16	-3.141592653589793
-4.003198139983293	-6.466716976047492e-16	-3.141592653589793
-4.07648645651506	3.272677264754447e-16	3.141592653589793
-4.131309801389358	-7.392651693783318e-17	-3.141592653589793
-4.169589842479947	-5.665763083414454e-16	-3.141592653589793
-4.1931575872203215	-6.462900106227556e-16	-3.141592653589793
-4.201898280146218	1.7363467029101852e-16	3.141592653589793
-4.1948791820111895	4.5753361036122376e-17	3.141592653589793
-4.1708846574378855	1.3528722448297345e-15	3.141592653589793
-4.129237309481055	-8.303062516076501e-16	-3.141592653589793
-4.069519413555449	6.57851134128126e-16	3.141592653589793
-3.991015638601055	-3.045633339571389e-17	-3.141592653589793
-3.8932290230890096	8.07287028811338e-16	3.141592653589793
-3.7760232792974198	-3.7937099521727054e-16	-3.141592653589793
-3.6381068203057825	-2.562116358054882e-16	-3.141592653589793
-3.4799952784879	-1.40528124729677e-16	-3.141592653589793
-3.301116655441937	7.906837589689265e-16	3.141592653589793
-3.1021511770441643	1.0358551569380546e-16	3.141592653589793
-2.8827623052580233	4.4270836992137906e-16	3.141592653589793
-2.6435255780606637	-1.0086429222390005e-15	-3.1415926535897927
-2.385455923361852	3.2245990986351167e-16	3.141592653589793
-2.1088706745202828	-2.9311031302215136e-16	-3.141592653589793
-1.8155381849216796	3.1645619856580627e-16	3.141592653589793
-1.507719633175219	-2.595448033830078e-16	-3.141592653589793
-1.1876356578760021	8.293743165828575e-17	3.141592653589793
-0.8586825113428517	2.6331251029683537e-17	3.141592653589793
-0.5235239383754028	3.5776639790324223e-16	3.1415926535897927
-0.1863934791974245	-4.821840110344556e-17	-3.141592653589793
0.1497825552105962	-1.2369226739324657e-16	-8.258122397453672e-16
0.48198033116149575	6.410018665577675e-16	1.32993366142775e-15
0.8061637008576051	1.3010671270096762e-16	1.6138994172344745e-16
1.1210468174583206	2.5446914007220816e-16	2.269924289595239e-16
1.423570457962986	-1.5352827679265992e-16	-1.0784733269356155e-16
1.7120681354658929	-4.319335784255306e-16	-2.5228761021709663e-16
1.9866690983028978	2.571404085030828e-16	1.2943293310533883e-16
2.2440644423037	8.446860213501214e-16	3.7640898604631333e-16
2.4828585895785134	1.1619449911549365e-15	4.67986777834249e-16
2.7006761514800433	7.262931848407031e-16	2.689301286430344e-16
2.895224157641533	7.500052120056477e-16	2.5904909988614026e-16
3.0637869821525014	-3.261548331612199e-16	-1.0645480089221992e-16
3.204987990181762	7.494777839360096e-16	2.3384729872061235e-16
3.3182721017114933	3.7604662097964764e-16	1.1332603519334383e-16
3.403820651016205	1.1347748842372764e-15	3.3338268980138283e-16
3.46244276633239	6.387042037491405e-16	1.8446635709322963e-16
3.4953142122000496	1.2326071795557607e-15	3.5264560057389604e-16
3.5038525987131033	5.654439144963975e-16	1.613777687748834e-16
3.48987236920518	4.557410154707949e-18	1.3058959390385677e-18
3.4551807658584726	3.959923500190563e-17	1.1460828733823662e-17
3.4017253842385	-2.9881865551521397e-16	-8.78432623925951e-17
3.331117136492301	-8.385220409093434e-16	-2.5172397323509175e-16
3.245082780794349	4.474176564937644e-16	1.3787557566844044e-16
3.1446049870108093	9.612552035510067e-17	3.056839277179784e-17
3.0306904353201682	-1.5268026200715451e-16	-5.0378045948802114e-17
2.9050617695959384	-4.576191633817139e-16	-1.575247618384939e-16
2.7701045455641586	-2.7640487270788543e-16	-9.978138664495527e-17
2.6284782250795273	4.049520436827956e-17	1.5406330545901455e-17
2.48253667796779	-3.389723810958229e-16	-1.365427484331496e-16
2.3343701820690788	-2.0173404949613446e-16	-8.641904829221501e-17
2.1854548112138645	4.5043030466671164e-17	2.0610369171464573e-17
2.036356045026131	-2.8533828114553163e-16	-1.40121999707507e-16
1.8868321814361972	3.5280177659472135e-17	1.8698100449303325e-17
1.7362476251141215	-8.125483322174666e-16	-4.679910402550205e-16
1.5837235923150925	-4.975815264579725e-16	-3.1418457669788586e-16
1.4290990108420787	3.1354125974582493e-17	2.193978565285513e-17
1.272641460107702	1.0899879664278404e-16	8.564768637473087e-17
1.1148347194740946	-7.865870492178197e-16	-7.055638252716776e-16
0.9569702465687829	-5.605005739681108e-16	-5.857032399677898e-16
0.8000842456429473	-1.2675313155258108e-15	-1.5842473119905307e-15
0.6453581420023008	5.306898770263653e-17	8.223184035144214e-17
0.4926916148770123	9.83944517529223e-17	1.9970798930175406e-16
0.3419371925136773	-3.2021471430927445e-16	-9.364723151502918e-16
0.19274678342014218	-5.55749092712004e-16	-2.883311891646996e-15
0.04399039002808841	-7.722773678181705e-16	-1.7555592649327767e-14
-0.1052610693687015	1.1797352586547385e-16	3.1415926535897922
-0.2556447311882659	-1.8674537031937647e-16	-3.1415926535897927
-0.4078664264403526	-1.8479355736048849e-16	-3.1415926535897927
-0.5622134068736027	-7.16951360119433e-16	-3.141592653589792
-0.719303378297394	-7.337369770672258e-18	-3.141592653589793
-0.8776815779114546	-4.817989519892523e-16	-3.1415926535897927
-1.0369962246305635	-1.2093518300749527e-15	-3.1415926535897922
-1.1979427298020637	4.50444176765861e-16	3.1415926535897927
-1.358208155035922	-1.031695315904599e-16	-3.141592653589793
-1.5173885742632707	2.5893847829277804e-16	3.141592653589793
-1.6710508726353286	-7.506545280624053e-16	-3.1415926535897927
-1.819799215257337	-3.559775473032551e-17	-3.141592653589793
-1.961216964518383	-5.026907412944786e-16	-3.141592653589793
-2.0921498111063412	-1.2063440210065939e-15	-3.1415926535897927
-2.2106181053268315	-3.6087455148591603e-17	-3.141592653589793
-2.307921967148669	1.8270228058747258e-16	3.141592653589793
-2.3897086752429937	6.012899072811072e-16	3.141592653589793
-2.459805737824484	8.895312359617532e-16	3.1415926535897927
-2.5173473466384584	3.1699592190555364e-16	3.141592653589793
-2.5611794386132996	-1.984514993345673e-17	-3.141592653589793
-2.5941688724196172	-4.558153242897309e-16	-3.141592653589793
-2.6148523008894573	3.303655844429398e-16	3.141592653589793
-2.624060961250221	-1.9030977507291318e-16	-3.141592653589793
-2.6223179352143577	6.188196394517893e-16	3.141592653589793
-2.6084914906015415	3.763606445900549e-16	3.141592653589793
-2.5822441006251284	1.1065840322297725e-15	3.1415926535897927
-2.5429283773518865	6.734943863429398e-16	3.141592653589793
-2.4900816701248214	1.170321384443509e-15	3.1415926535897927
-2.42373695536413	1.6535361092081974e-16	3.141592653589793
-2.3439865588542634	1.3096830877547088e-16	3.141592653589793
-2.25166610247005	-3.406437277598078e-16	-3.141592653589793
-2.14690440047017	5.993172444184211e-16	3.141592653589793
-2.0288509617093466	-4.845596578639477e-16	-3.141592653589793
-1.8966555515410581	2.864727416730836e-17	3.141592653589793
-1.7491982800084873	-1.438582086658165e-16	-3.141592653589793
-1.5875290391496635	-1.95772770576696e-16	-3.141592653589793
-1.4129906772999348	9.803399072797476e-17	3.141592653589793
-1.226991359315992	1.3733454750204926e-16	3.141592653589793
-1.031124680155587	4.3485431626862147e-16	3.1415926535897927
-0.8255331289949892	1.950085663747515e-16	3.141592653589793
-0.6123666071843147	8.267759724762068e-16	3.141592653589792
-0.3952398412208353	-6.027413931219998e-17	-3.141592653589793
-0.1763526786748434	2.2161588725693802e-16	3.141592653589792
0.042890065728811905	-2.342855520348075e-16	-5.46246661210928e-15
0.2604571967423245	4.99525607117771e-18	1.9178798411623913e-17
0.4722597368527264	-1.7145029261708807e-17	-3.630423668121313e-17
0.6759923644992222	-1.3894846727377183e-16	-2.0554739161396505e-16
0.8704056050823638	6.482707097785474e-16	7.447915155799159e-16
1.0556109731984695	2.1506794454317666e-17	2.0373788261363677e-17
1.2323206907448965	-1.7576246624328718e-16	-1.4262721348697365e-16
1.4006869966195519	-4.082432541668324e-16	-2.914593018655099e-16
1.559990282948473	7.61344870557409e-16	4.880446236616439e-16
1.7071796126834429	-3.995804643499002e-16	-2.3405883094035825e-16
1.8408794949278393	5.738880972977648e-16	3.117466943811337e-16
1.9585257214587972	2.0548719393332689e-16	1.049193235921716e-16
2.0577168604796605	1.155877421117831e-16	5.617281188279675e-17
2.1388261426805077	2.1961385602504362e-16	1.0267962020971471e-16
2.201192241661026	-2.583319488392696e-17	-1.1736001242868799e-17
2.245192508045019	-9.440038493376456e-16	-4.2045563841633716e-16
2.268652105358647	-4.945629046292477e-16	-2.1799856551873701e-16
2.2707927455499544	-1.4774685179738482e-16	-6.506399674163245e-17
2.2517111650584156	-6.242509222955243e-16	-2.772340129509148e-16
2.2106677122189886	-4.833995197757773e-16	-2.1866674810686873e-16
2.1489444157029673	4.2758206814383496e-17	1.9897307022897724e-17
2.0693425696752468	-4.464610599088869e-16	-2.1575019354043081e-16
1.9745412210623117	-3.049597084657397e-16	-1.54445855681691e-16
1.8689824244144406	-1.257039488259104e-15	-6.725796197109447e-16
1.7519773840823885	-6.509514843785839e-16	-3.715524471336282e-16
1.6253945440991495	-9.349608930863046e-16	-5.752208880487492e-16
1.4910888045629367	1.515501027557842e-16	1.0163720785242305e-16
1.350795977114438	2.985712450917387e-16	2.2103356106341444e-16
1.206485089699606	8.50396158082997e-17	7.048542624714335e-17
1.056059289792843	-4.496804779744336e-16	-4.2580987859369444e-16
0.9054582441492425	5.593691043143878e-16	6.177745996889831e-16
0.7545126664776317	-2.8284479984278643e-16	-3.748708436708155e-16
0.606012644634216	-3.640500548142639e-16	-6.007301300354902e-16
0.45762329403583385	-5.540483245099015e-16	-1.2107083090628624e-15
0.3137381745232215	-4.300635320606582e-16	-1.3707720863558056e-15
0.17506360649759978	-7.552132640105567e-16	-4.3139363978595465e-15
0.04287687773691177	-7.116330379982137e-16	-1.6597128232254288e-14
-0.08446439034302373	-9.066449160786877e-17	-3.1415926535897922
-0.20560505569705395	-8.118064580535598e-16	-3.141592653589789
-0.3213459366998321	-3.7117289809603904e-16	-3.1415926535897922
-0.43117210217464996	-5.433863055361972e-17	-3.141592653589793
-0.5351379898634279	7.830514873702268e-16	3.141592653589792
-0.6318141713065729	-1.251293092563868e-16	-3.141592653589793
-0.7196443427046912	-2.6315030249879486e-16	-3.1415926535897927
-0.7971394259437072	-7.184451150857048e-16	-3.1415926535897922
-0.8622926383840618	-9.65960433849745e-16	-3.1415926535897922
-0.9144304596705953	-6.205490756470404e-17	-3.141592653589793
-0.954059571295849	-4.544866836197564e-16	-3.1415926535897927
-0.9818025413818583	-3.6222788851357055e-16	-3.1415926535897927
-0.9987579634071831	-6.387241192070704e-16	-3.1415926535897927
-1.0057364753446114	-6.848628441085663e-16	-3.1415926535897927
-1.0031115332654437	-3.476444160067042e-16	-3.1415926535897927
-0.9910831957373962	-6.661684571097932e-16	-3.1415926535897927
-0.9698793146088889	-6.031134163514057e-16	-3.1415926535897927
-0.9409970872452726	3.7309062269521097e-17	3.141592653589793
-0.9048886782551125	1.7942381839646616e-16	3.141592653589793
-0.8625603711419242	2.32457145878238e-16	3.141592653589793
-0.8151700869933878	-1.0216235103983523e-16	-3.141592653589793
-0.7645746495547532	-1.6741635191016062e-17	-3.141592653589793
-0.7123204686407332	-3.2826539890652844e-16	-3.1415926535897927
-0.6592744464493014	1.8525747822633067e-16	3.141592653589793
-0.605719482472813	9.183629002668492e-16	3.141592653589792
-0.5525603452292129	-1.002594424273719e-16	-3.141592653589793
-0.4990774692014836	2.7416689546898855e-16	3.1415926535897927
-0.44524137471420566	2.1435024252401788e-16	3.1415926535897927
-0.3899847773246795	3.8067272786218525e-16	3.1415926535897922
-0.3335692789644666	2.2775397245928263e-16	3.1415926535897927
-0.2751440759207637	-1.331143191366982e-16	-3.1415926535897927
-0.21468983513680365	6.092150728572275e-18	3.141592653589793
-0.1526604405867872	4.692770296424074e-16	3.14159265358979
-0.08910068516472276	3.3231958105554983e-18	3.141592653589793
-0.02384293501146475	2.8499185638963004e-16	3.141592653589781
0.04258256860162009	5.067899725807992e-16	1.1901348115517811e-14
0.10929595992961871	6.927442099924881e-16	6.3382416919946694e-15
0.17417389884022919	4.3629111862232985e-16	2.5049167615093835e-15
0.23543109323421268	7.744691757793317e-16	3.2895789810094054e-15
0.29050433213201904	6.902523348452718e-16	2.3760483355944867e-15
0.3386088216495925	2.371080791805875e-16	7.002418839103889e-16
0.3787202563231421	1.4164455743075545e-16	3.7400840083372143e-16
0.4114624283799559	1.516144541550732e-17	3.6847703143157505e-17
0.43705352042486917	-2.5440812386683865e-16	-5.820983288717661e-16
0.45601636543238333	-7.706895123505047e-17	-1.6900479254067037e-16
0.46730095918898495	-3.801339200043373e-16	-8.134670227599604e-16
0.47133481912611325	3.069486959605128e-16	6.51232804165872e-16
0.46794097410971236	2.0436750863946238e-16	4.3673779375333533e-16
0.4569433952496422	2.8879635639909727e-16	6.320177934540862e-16
0.4386784097040616	5.774398789611055e-16	1.3163170700619944e-15
0.41505054471745917	8.507040164024475e-16	2.0496395613251258e-15
0.3870905743916814	2.9217236829495546e-17	7.54790706940123e-17
0.3555677673671797	-6.5646883714556e-17	-1.8462551935076064e-16
0.32066939533310723	6.052680518788781e-16	1.887514245786173e-15
0.2833814837581742	-4.432934608769148e-16	-1.5642993148246862e-15
0.24551475827283933	1.0443744298175886e-15	4.2538152784158926e-15
0.20733021222725517	-1.3130986809776387e-16	-6.333368720706985e-16
0.17003203541190126	-4.953791532125396e-17	-2.913445998646593e-16
0.13462089373370756	7.556213186809374e-16	5.6129572291774075e-15
0.10169546328257653	-1.0703025497639529e-16	-1.0524585022932165e-15
0.07033506071077014	-6.134436039626665e-16	-8.721732771160205e-15
0.03963727068801011	2.2085709722184524e-16	5.571955217609177e-15
0.0085249796112467	2.6009054626748165e-16	3.050922795455763e-14
-0.02396401607540091	-4.718108016049444e-16	-3.1415926535897736
-0.05800096530107808	7.555100943152677e-17	3.141592653589792
-0.09263327515531863	6.239314744512489e-17	3.1415926535897927
-0.12706788054513468	-1.1149874789359578e-16	-3.1415926535897922
-0.1603092218580842	3.7676547674234543e-16	3.141592653589791
-0.19148769593663267	5.775864624112418e-16	3.14159265358979
-0.21938978925723207	6.691175934996204e-16	3.14159265358979
-0.2441447681456977	-6.025701541274589e-17	-3.141592653589793
-0.26590097757686854	-5.776946310633242e-17	-3.141592653589793
-0.285057812516529	-1.4009203554526764e-16	-3.1415926535897927
-0.3020221996787981	2.237435165867008e-16	3.1415926535897927
-0.31812095986696504	-8.96132017670836e-16	-3.1415926535897905
-0.33486052209308614	-5.069326148938269e-16	-3.141592653589792
-0.3532752212959397	-3.720257336772283e-16	-3.1415926535897922
-0.3737852123594226	-9.39091968932468e-16	-3.141592653589791
-0.39664278990361507	-5.566643860694917e-16	-3.141592653589792
-0.42131031468013946	-2.82838415693313e-16	-3.1415926535897927
-0.4474708593431448	-3.433302666599471e-16	-3.1415926535897927
-0.47453697746927476	-2.1774565942996685e-16	-3.1415926535897927
-0.5023171821434148	-1.6953686133458946e-17	-3.141592653589793
-0.5302638803092273	-8.255563535396283e-16	-3.141592653589792
-0.557120044100131	-9.031370858069868e-16	-3.141592653589792
-0.581858271099847	-5.169091816617759e-16	-3.1415926535897922
-0.6031938270525703	-7.158828091778875e-16	-3.1415926535897922
-0.6203215239145954	-6.974577634987521e-16	-3.1415926535897922
-0.6327847020139633	-2.3369794233892176e-16	-3.1415926535897927
-0.6400800676198307	-1.011466962558903e-15	-3.141592653589792
-0.6424153949329473	-2.568684311291013e-16	-3.1415926535897927
-0.6388943318961823	-3.1086175043045794e-16	-3.1415926535897927
-0.6286659135726254	3.6172810403594907e-16	3.1415926535897927
-0.6109286749309395	1.8382796978731673e-16	3.141592653589793
-0.5839532038667442	-1.0641869539033636e-15	-3.1415926535897913
-0.5474561592204392	5.205796402280249e-16	3.1415926535897922
-0.5011111193639176	-1.6404545783975907e-16	-3.141592653589793
-0.44591980465510267	2.666339535919624e-16	3.1415926535897927
-0.3826924848489551	-3.9890058912343435e-16	-3.1415926535897922
-0.31283635940831667	5.298208082419764e-16	3.1415926535897913
-0.23747127656696682	5.274515955827385e-16	3.141592653589791
-0.16000540136637723	2.081484058671525e-16	3.141592653589792
-0.08293830150499386	-3.098987991728026e-16	-3.1415926535897896
-0.007306598864045806	-4.068479046001008e-16	-3.1415926535897376
0.0655401202843994	-4.590948281355536e-16	-7.0047907471544965e-15
0.13771289152611926	-1.6876468196862135e-17	-1.2254820888472353e-16
0.2086060480161845	2.7711511254560947e-16	1.3284136063212787e-15
0.27918633595085524	9.140242565097494e-16	3.2738860710956994e-15
0.35026225452629645	8.808490007321812e-17	2.5148270741403857e-16
0.4215407489686307	3.34721220932869e-16	7.940423832140071e-16
0.49327357671040817	6.414355383178297e-16	1.3003646832159524e-15
0.565133538531716	5.864725240428232e-16	1.037759191511706e-15
0.6356034322972803	4.160262153700527e-16	6.545373958513672e-16
0.7037341567207352	2.6004694138345985e-16	3.6952439909301574e-16
0.7686070022611485	6.751183445830182e-16	8.783661124565636e-16
0.8293880689872598	5.691393208410219e-16	6.862159489899347e-16
0.8844057198019301	-5.875309965061473e-16	-6.643229270811701e-16
0.9317951959386078	2.1121015872387325e-16	2.266701520296194e-16
0.9700212246802471	-2.614040808719312e-16	-2.6948284658214473e-16
0.9975310609657523	1.7626495661031914e-16	1.767012211526221e-16
1.01390792142846	-3.1927819263428697e-17	-3.148986075426523e-17
1.0201929222768351	-1.9364685275247195e-16	-1.8981395432571407e-16
1.0180284455232573	8.832544053010498e-16	8.676126970568736e-16
1.0098147418837589	-5.437910848490515e-17	-5.3850578952198346e-17
0.997203165273611	3.048690262595805e-16	3.0572408599999886e-16
0.9811426575785063	3.268984920512019e-16	3.331814079493787e-16
0.9614973021154661	-4.481773700288838e-16	-4.661244176585971e-16
0.9373281094957017	-1.0610109971444321e-16	-1.1319526069854813e-16
0.9077838211388931	2.478411312209277e-16	2.7301778843115933e-16
0.8720580565878657	-1.793672471787943e-16	-2.056826903023077e-16
0.8306034410710808	-4.559110154400434e-16	-5.488913155140997e-16
0.784587585271345	-1.6942943427271164e-16	-2.1594712617599663e-16
0.7356299569525369	-4.2483319851787507e-16	-5.775093775106898e-16
0.6846694505283693	-5.0762758763930723e-17	-7.414199468773782e-17
0.632153262682747	-1.0378775794217526e-15	-1.6418132131710958e-15
0.5771300200372642	5.461615296521253e-16	9.463405310589468e-16
0.5181450671907577	-1.2979894545824497e-15	-2.505069596859808e-15
0.4542939577438244	-6.576225368361166e-17	-1.4475705116178296e-16
0.385073202831129	-4.284363626332656e-16	-1.1126101725160895e-15
0.3114280042088946	-8.715130553076847e-16	-2.798441513060288e-15
0.2344267669122006	-6.311702077141008e-16	-2.692398210441949e-15
0.15511285028024127	-5.5787778941549855e-16	-3.5965929863811075e-15
0.0744020031418749	-3.6772567018213255e-16	-4.942416261037055e-15
-0.008665127025576761	5.3844861975465414e-17	3.141592653589787
-0.09334216678568141	-3.7506008481306305e-16	-3.141592653589789
-0.17978877172366348	1.0338704305846777e-16	3.1415926535897927
-0.2670947744019993	-6.970575104321565e-16	-3.1415926535897905
-0.35396321459642394	-6.703461451588198e-16	-3.1415926535897913
-0.43872683827347103	-1.2165931429968048e-15	-3.1415926535897905
-0.5190006251771987	-7.850165202703274e-16	-3.141592653589792
-0.5932711446502474	1.1810582651393302e-17	3.141592653589793
-0.6606206252152151	2.824264703179946e-16	3.1415926535897927
-0.720572381766023	-5.395723286893255e-16	-3.1415926535897927
-0.7745321990281329	-5.60099114661126e-16	-3.1415926535897927
-0.8231172688477456	-3.2476226034203393e-16	-3.1415926535897927
-0.8684956871666325	4.3473405673896653e-16	3.1415926535897927
-0.9119457719936653	-5.126020979088967e-16	-3.1415926535897927
-0.9543618012808827	-6.393171943747097e-16	-3.1415926535897927
-0.9954569952232861	1.7362531274568393e-16	3.141592653589793
-1.0341429203788457	-2.1180947093368965e-17	-3.141592653589793
-1.0697792504437484	1.474030783913811e-16	3.141592653589793
-1.1006426747981943	-1.6627029149146158e-16	-3.141592653589793
-1.123988043792636	-5.022734731830448e-16	-3.1415926535897927
-1.1381477065549044	1.643081362737114e-16	3.141592653589793
-1.1408359445832679	-4.472941746487144e-16	-3.1415926535897927
-1.130348450664312	-2.3043782599795406e-16	-3.141592653589793
-1.106197604053121	5.306695228492887e-17	3.141592653589793
-1.0669873326749806	1.6619851038485426e-17	3.141592653589793
-1.0144924198425043	-2.968895073675948e-16	-3.141592653589793
-0.9479025009342108	-6.515786824114993e-16	-3.1415926535897927
-0.870347681187331	-6.593573775201669e-17	-3.141592653589793
-0.7835032408538346	3.080613225952289e-17	3.141592653589793
-0.6888756274571721	-1.5937108334815496e-16	-3.141592653589793
-0.5890236474781717	-6.656349355775907e-16	-3.1415926535897922
-0.48507475676780415	1.0238162011498788e-16	3.141592653589793
-0.3799929928450468	-1.8882845372038477e-16	-3.1415926535897927
-0.2754758990100843	-9.454423558192372e-16	-3.14159265358979
-0.174148398577493	-1.2553956970926822e-16	-3.1415926535897927
-0.07821694772962136	-1.4183108101718765e-16	-3.1415926535897913
0.012209639492978057	3.0247177622974105e-16	2.4773194687991976e-14
0.09631309042083361	4.3054888351888764e-16	4.470304936095738e-15
0.17403931996634447	-4.59230348998665e-16	-2.6386586036274475e-15
0.24599862064751293	5.022532109783489e-16	2.0416911674395875e-15
0.3125672524915687	6.091295946096177e-16	1.948795306463042e-15
0.3739288359136819	1.0090565357735459e-15	2.6985255986154474e-15
0.42959988892687806	3.8305240982881067e-16	8.916492292064112e-16
0.4799425296333299	-5.855041751772806e-16	-1.2199464290539087e-15
0.5253684904832513	1.4034629710076667e-16	2.6713877905329174e-16
0.5659212301960068	-1.1448185532065643e-16	-2.0229291500692708e-16
0.602305957024077	1.7138591363323101e-15	2.84549590842549e-15
0.63432036482909	4.473287685133216e-16	7.05209533409587e-16
0.6606077653980081	4.1151327448510053e-16	6.229313308740305e-16
0.6791283179204934	8.672649143339381e-17	1.2770265816473731e-16
0.6879912521213156	7.534459976753909e-17	1.0951389212468263e-16
0.6870333246145338	2.343142093009595e-16	3.410521744813814e-16
0.6763592818189941	5.104733592329954e-16	7.547369762711519e-16
0.6575710463193251	1.2343499541623635e-15	1.8771354990027145e-15
0.6325619792411821	1.0697833860555562e-15	1.6911914107434382e-15
0.6027901070497353	3.766190446112698e-16	6.247930087216834e-16
0.568826956535368	9.076027209146962e-16	1.5955691102312662e-15
0.5306697975849478	8.309817454683826e-16	1.5659111357950645e-15
0.4890420458922585	1.3817611569296317e-16	2.825444496103816e-16
0.4452132222783572	1.1725821632292721e-15	2.633754130725587e-15
0.39981937171015647	6.887652169635556e-16	1.7226909592136181e-15
0.35411321876577245	3.96223353702091e-16	1.1189171505178185e-15
0.30809972946729947	2.2235606173196596e-16	7.217015805772267e-16
0.2621054544350999	-3.741386189643225e-17	-1.427435456353554e-16
0.21514734452163992	1.3212648930007322e-15	6.1412093927463604e-15
0.1673461202984968	1.8466378912446136e-16	1.1034841369197857e-15
0.11903220243137654	1.7444170144186282e-16	1.465500073750467e-15
0.07166922857660521	1.655313160487549e-16	2.30965672906362e-15
0.026393343964228103	2.8069223969478924e-16	1.0634963120824024e-14
-0.015355241963680261	4.780686077440622e-16	3.141592653589762
-0.053429446032749836	1.8798832811210282e-16	3.1415926535897896
-0.08684227507039084	-2.1739461825228401e-16	-3.141592653589791
-0.11626258670394464	6.302405610924908e-16	3.141592653589788
-0.14243458201429327	6.006079942644439e-16	3.141592653589789
-0.16501471535461204	2.745759715090629e-16	3.141592653589792
-0.18403869771849796	-2.9694760302378393e-16	-3.141592653589792
-0.19856787605768522	2.915859311735543e-17	3.141592653589793
-0.20901438161958955	-5.262249409807896e-16	-3.141592653589791
-0.2151597668833057	-1.0727259390435339e-15	-3.1415926535897882
-0.2170093943952266	1.537826352482739e-16	3.1415926535897927
-0.2163269500494098	-7.397570408595598e-16	-3.14159265358979
-0.21320771339931555	-3.34412499288949e-16	-3.141592653589792
-0.20845315975926942	4.2393073486707796e-16	3.1415926535897913
-0.20047230025852103	4.505990053542887e-16	3.141592653589791
-0.18735557050465465	2.772551046839852e-16	3.141592653589792
-0.16617948059236573	-3.842142506375178e-16	-3.141592653589791
-0.13508930396347352	4.416954727299497e-16	3.14159265358979
-0.09302191673022378	-2.4344235276326713e-16	-3.1415926535897905
-0.041099776759515906	2.592912636683722e-16	3.141592653589787
0.01846019152282895	4.1116570469119627e-16	2.2273100697938305e-14
0.08285841240793494	2.1211525679949484e-16	2.559972495673615e-15
0.15052266068465975	9.437447155327986e-17	6.269784969519734e-16
0.220674522564723	-3.142732200807486e-17	-1.4241481818027881e-16
0.29197878105422265	1.1931993542257987e-16	4.086596121531902e-16
0.3630619474080878	2.652632842474113e-16	7.306281645353785e-16
0.4315462090680154	1.977835935962718e-16	4.583138246618206e-16
0.4940878743589277	2.1255732794559936e-16	4.302014661286509e-16
0.5478334537784086	9.582933330551939e-17	1.7492420852466062e-16
0.5898511687076045	-1.1028634666490867e-16	-1.8697317648204711e-16
0.6192102865343161	6.677549246729675e-16	1.078397661011662e-15
0.6360699232900283	-4.220986234841162e-18	-6.636041227996442e-18
0.642158486571353	8.811975414335341e-17	1.3722430830720173e-16
0.6395239526466827	6.99341828027543e-16	1.0935350038623306e-15
0.629051850333474	1.9144804104623737e-16	3.043438167215415e-16
0.6115216805016466	7.073893743569067e-16	1.1567690842565345e-15
0.5875525248734389	-1.5480115663587487e-16	-2.634677753605427e-16
0.5573089364468339	4.7526014585138605e-16	8.527768258686892e-16
0.5221788425487989	-2.926414603789626e-17	-5.604238175383648e-17
0.4832294130675417	-6.482990473659145e-16	-1.3415968271685085e-15
0.4423729482817086	-4.131551948787142e-16	-9.339522149433329e-16
0.40054680382491675	3.5398996283083733e-16	8.837667894251132e-16
0.35946734557247956	-5.733886836605421e-16	-1.595106456046449e-15
0.3206695811630444	-2.759311284268913e-17	-8.604842636651407e-17
0.2845495517956361	-4.886984994577172e-16	-1.7174460348779643e-15
0.2503692481941727	-3.572015550740324e-16	-1.4266989961842534e-15
0.21781472387831918	-7.257512072217313e-16	-3.3319657840356447e-15
0.18568011693563544	-1.6712891233369655e-16	-9.000905163778547e-16
0.15299764482707942	4.909842076455683e-18	3.2090965073383126e-17
0.11640161744977329	-2.1007703976240825e-16	-1.804760486709349e-15
0.07497085895983928	2.764301168374462e-16	3.6871675297934825e-15
0.03161690704807175	-4.1423048192367567e-16	-1.3101549790871741e-14
-0.012165974060199449	1.2085988813079558e-15	3.141592653589694
-0.05772466986312012	5.024946800428455e-17	3.1415926535897922
-0.10576999193689414	-5.560165072089739e-16	-3.141592653589788
-0.15547583051885025	-5.865180585534619e-16	-3.1415926535897896
-0.20625234659750682	-3.3418266672917384e-16	-3.141592653589792
-0.2682926644746454	3.9879420521519628e-16	3.141592653589792
-0.3311601979462118	-2.3527342451732707e-16	-3.1415926535897927
-0.3959406031187829	7.188114553194128e-16	3.1415926535897913
-0.4730902148751816	-7.777321069648096e-17	-3.141592653589793
-0.5582095767954576	8.863441417319172e-17	3.141592653589793
-0.6602529303434385	-1.9197285534590429e-16	-3.141592653589793
-0.7676233312329663	-4.840154572190561e-16	-3.1415926535897927
-0.8815034672585215	-8.364596251205052e-16	-3.1415926535897922
-1.0042713266561674	7.501857717824305e-18	3.141592653589793
-1.1323863409994874	-5.549466454274721e-16	-3.1415926535897927
-1.267711220330884	-3.0351105596040037e-16	-3.141592653589793
-1.4001422981496694	-3.884653520090317e-16	-3.141592653589793
-1.5259916198835	1.7063704256115996e-16	3.141592653589793
-1.6460875143049167	-7.419016170577093e-16	-3.1415926535897927
-1.7564874427577644	-1.171993008555701e-15	-3.1415926535897927
-1.8559981522027587	3.2538820605770167e-16	3.141592653589793
-1.938920253305243	-4.939050029527461e-16	-3.141592653589793
-2.0016289322358816	-1.1581745635075178e-15	-3.1415926535897927
-2.0429603112084567	-4.940091502687435e-16	-3.141592653589793
-2.060692828132093	-1.6287526964292478e-16	-3.141592653589793
-2.0544693653741546	-2.788109605444006e-16	-3.141592653589793
-2.0224613358279195	-6.818229399227047e-16	-3.141592653589793
-1.9636515026376649	-9.878924619509253e-16	-3.1415926535897927
-1.877006577405175	-2.1724768843985347e-16	-3.141592653589793
-1.7613601789141957	-9.343849026133367e-16	-3.1415926535897927
-1.6163789318931936	-4.0600261659497623e-16	-3.141592653589793
-1.4434845408056896	1.785396380877015e-16	3.141592653589793
-1.2445040384140151	-7.087365079085594e-16	-3.1415926535897927
-1.0221280912405097	1.7220371569749946e-16	3.141592653589793
-0.7786644376002076	2.1808125587980255e-16	3.141592653589793
-0.5175514616590065	1.805142162944591e-17	3.141592653589793
-0.24232149559482527	-4.4212293344337567e-16	-3.1415926535897913
0.04321651056601939	2.914250213261217e-16	6.743372324818506e-15
0.3343362151171039	1.3857950368006624e-16	4.1449145325620107e-16
0.6258231604436526	-7.711816534845762e-16	-1.23226767916016e-15
0.9131175223840171	8.428011906981635e-16	9.229931197659334e-16
1.191672260168283	-1.441989509456614e-15	-1.2100554470009919e-15
1.457787284654246	-2.8552584438284856e-16	-1.958624878872975e-16
1.706808732756847	5.022586867896786e-16	2.9426770390284305e-16
1.9361316221222449	5.942499865878206e-16	3.0692644022643847e-16
2.142170005479171	3.685162137610628e-16	1.720293967418479e-16
2.3220660247318246	2.29680437435103e-16	9.891210456069129e-17
2.4733699554844923	-1.397233096065164e-16	-5.649106770165602e-17
2.5956490768429634	1.195299577611293e-16	4.60501224250665e-17
2.6889264831394164	5.41287290165611e-16	2.0130237608193698e-16
2.7533651217074877	1.3627586887773275e-16	4.949429619898063e-17
2.789927632767536	6.798405873999523e-17	2.4367678194060108e-17
2.79996823077871	3.784639204861809e-16	1.3516721951553172e-16
2.78494508257506	3.7750236071809795e-16	1.355510968887924e-16
2.74577145713082	2.4016466869690156e-16	8.746710075712581e-17
2.684330203741688	-2.477972545432996e-16	-9.231250842310495e-17
2.6022587891515134	3.363861201381543e-17	1.2926697434571278e-17
2.5004868933013213	1.0423962767451499e-16	4.168773207880742e-17
2.3809755056589577	-4.44400538688894e-16	-1.8664641346904656e-16
2.244813149773027	6.742834086725078e-16	3.0037395706662025e-16
2.0937102239138032	-1.5372950655340887e-17	-7.342444278943246e-18
1.9283140279445952	-2.7626819267912584e-16	-1.4326929570366828e-16
1.7507197620585757	1.5211803944555032e-16	8.688885722446123e-17
1.5644409408638136	8.645334004489069e-17	5.5261491684790006e-17
1.3714122326623333	5.38651529986349e-16	3.9277141996951606e-16
1.1755220407038618	-1.976651890462196e-16	-1.6815098501076556e-16
0.9792295041439577	3.1574582622673715e-16	3.2244312992056146e-16
0.7847473562255856	3.237553095024985e-17	4.125599238201587e-17
0.5935015398265966	-1.1557142717564858e-16	-1.947280999631696e-16
0.40526240919026707	-4.768950927433284e-16	-1.1767562989525397e-15
0.22007432524636056	7.382940761243375e-18	3.354748789064148e-17
0.03622979560310868	6.755210697859162e-17	1.864545627544069e-15
-0.14613677995311009	-4.05392471728521e-16	-3.1415926535897905
-0.32725998233626513	6.058515964871157e-16	3.1415926535897913
-0.5071952108730111	-3.3525242074273777e-16	-3.1415926535897927
-0.68412793463449	2.6208263308612753e-16	3.1415926535897927
-0.8561705508662126	-6.013177648525564e-16	-3.1415926535897927
-1.0205891840783063	-1.7790602156826082e-16	-3.141592653589793
-1.1751739941812345	4.4334174029872585e-16	3.1415926535897927
-1.31594345524086	-5.913946939024038e-16	-3.1415926535897927
-1.4398843408999948	2.5951428942944577e-16	3.141592653589793
-1.5459343176223908	-7.446118524100662e-16	-3.1415926535897927
-1.6333951469598769	5.703316040948207e-16	3.1415926535897927
-1.7037206208869746	4.594481404246272e-16	3.141592653589793
-1.7591310207522004	-4.3985819015609106e-16	-3.141592653589793
-1.8016130038256495	3.444782686043132e-17	3.141592653589793
-1.8302219760098688	-4.786405032061904e-16	-3.141592653589793
-1.8421201869974877	-3.7880765466376413e-16	-3.141592653589793
-1.8347320607116444	-1.0227689460234242e-16	-3.141592653589793
-1.807105492364721	1.031086305800377e-16	3.141592653589793
-1.7610860086536309	2.876233449667239e-16	3.141592653589793
-1.6990324224536784	-2.458695585967754e-16	-3.141592653589793
-1.622788752128314	-3.342227178052071e-16	-3.141592653589793
-1.533174792645191	-3.6768258510606187e-16	-3.141592653589793
-1.4315947023843414	-3.404179640249228e-16	-3.141592653589793
-1.3216327913584918	-2.4357352553360666e-16	-3.141592653589793
-1.2076170161450421	-2.482594307420087e-16	-3.141592653589793
-1.0948824074927577	1.1098215721101854e-16	3.141592653589793
-0.9857448721893495	-3.3103891118442495e-16	-3.141592653589793
-0.8808489708673689	-4.273070283095455e-17	-3.141592653589793
-0.7792830079338879	-3.326008771825864e-16	-3.1415926535897927
-0.6810132303339061	4.945485557151048e-16	3.1415926535897927
-0.5888213460999007	-4.29172204947619e-21	-3.141592653589793
-0.5079689465399192	-2.316003764936651e-16	-3.1415926535897927
-0.44465293416637136	4.2822357362723316e-16	3.1415926535897922
-0.40272675926344975	1.3034604228329676e-16	3.141592653589793
-0.3826820276132478	1.3518053920740101e-16	3.1415926535897927
-0.3834534117253902	2.389455559079408e-16	3.1415926535897927
-0.4024873656197274	3.2292939729856956e-16	3.1415926535897922
-0.4384636672446697	1.7640440029512207e-16	3.1415926535897927
-0.4911138816821096	-8.260405798233893e-17	-3.141592653589793
-0.5615630055444054	-5.233957309247668e-16	-3.1415926535897922
-0.6504185185847857	-1.0882567975465843e-16	-3.141592653589793
-0.7566364328991277	-1.221064115888963e-15	-3.141592653589792
-0.8765954033659219	-6.686656866021739e-16	-3.1415926535897927
-1.004754269935977	-4.865108169658815e-16	-3.1415926535897927
-1.1334189690340073	-2.385213590977028e-16	-3.141592653589793
-1.2558763637844972	-3.8627834428885855e-16	-3.141592653589793
-1.3655465329876717	-4.266666477109008e-16	-3.141592653589793
-1.4574711720244111	2.2687548518515164e-17	3.141592653589793
-1.5248717078589284	-4.67367695132447e-16	-3.141592653589793
-1.5622525574601014	-5.226222959488241e-16	-3.141592653589793
-1.5623291147252494	1.2664460093155924e-15	3.1415926535897922
-1.5200351667040455	-1.0935002415514495e-15	-3.1415926535897927
-1.432034196452325	-5.466396815492763e-16	-3.1415926535897927
-1.2990965293090335	-7.016150929353898e-16	-3.1415926535897927
-1.1262297497642662	-6.341082267840373e-16	-3.1415926535897927
-0.9185979717393556	6.276364945436929e-16	3.1415926535897927
-0.6801768350812836	-8.129962482557822e-16	-3.1415926535897922
-0.4132224213831077	-9.642787212661671e-16	-3.141592653589791
-0.1154050305207003	-3.929955141862117e-16	-3.14159265358979
0.21411489312449014	7.741083313280632e-17	3.615387608175313e-16
0.5766415858494175	4.524331325337759e-16	7.846002502010374e-16
0.9673258423452002	7.475165639227799e-16	7.727660434569687e-16
1.376339410388833	8.327998464860162e-16	6.050831940144328e-16
1.7906734765071168	-3.237110286582324e-16	-1.8077613417810952e-16
2.196171218920861	2.962508272567919e-16	1.3489423078878228e-16
2.5826016951602897	7.419213550125313e-17	2.8727672424395423e-17
2.945660888028917	-3.0941356172817236e-16	-1.050404556022115e-16
3.2872736345988183	-2.9921383085195655e-16	-9.102188138605409e-17
3.6133667139756263	-1.882806701157192e-16	-5.21067151550091e-17
3.928042808830046	-2.1239828978171676e-16	-5.407229506365254e-17
4.22928759780161	-3.284569357219036e-17	-7.766247343704789e-18
4.506203175760203	8.463625807689078e-16	1.87821664438405e-16
4.740396421811546	-6.583671514882259e-16	-1.3888440816024209e-16
4.91154875041865	-3.699868141276173e-16	-7.532996879977634e-17
5.004013527279083	-4.769118588875505e-16	-9.530586923630277e-17
5.01083475224718	-4.654075216501151e-16	-9.28802374577203e-17
4.936758016825699	-3.8308073803536664e-16	-7.759763325035017e-17
4.7925540263900865	1.6700199174134523e-16	3.484613649042925e-17
4.5938781137676346	-6.153997253459189e-17	-1.3396083006677846e-17
4.354257908823452	-6.512927078856662e-16	-1.4957605211347016e-16
4.08421312088056	-5.764130009018637e-16	-1.4113195953339198e-16
3.7874598702334312	3.114040418249962e-16	8.221976007518821e-17
3.4627978876240078	1.8936843135228718e-16	5.468653889072977e-17
3.1052587058611536	-5.668572126732051e-16	-1.8254749969890307e-16
2.7090441177022937	-4.900289123729681e-16	-1.8088627983976566e-16
2.2699384580309436	-8.20274459536136e-16	-3.6136418440510604e-16
1.7897774221638207	-4.863651996252404e-16	-2.717461923490075e-16
1.2759740695239163	-4.237042418100416e-16	-3.3206336392723994e-16
0.7427501329405873	3.6144490096400126e-16	4.8663054361635945e-16
0.20656195893629334	-3.337682776394622e-16	-1.6158264540006668e-15
2.2182797604217762e-16	2.332454677321375e-16	0.8104822395519341
-1.109139880210888e-15	-5.107123371216758e-16	-2.7100759614812313
-4.4365595208435524e-16	1.0094882055202596e-15	1.9848725052062128
2.2182797604217762e-16	4.787573097067123e-16	1.136903428795273
2.2182797604217762e-16	-5.363492635505005e-16	-1.1786307459366738
-4.4365595208435524e-16	-1.2169915962371876e-16	-2.873868262540822
6.654839281265329e-16	3.364757594336099e-16	0.4681260457803466
-6.654839281265329e-16	2.770110056502951e-16	2.747152363155908
4.4365595208435524e-16	5.024446141066661e-16	0.84745623174286
4.4365595208435524e-16	6.205750803867199e-16	0.950132921866215
2.2182797604217762e-16	2.724140599749235e-16	0.8873938271730044
-4.4365595208435524e-16	-3.8415625240540364e-16	-2.427946941523378
-6.654839281265329e-16	-2.7247029133446222e-17	-3.100672327575026
2.2182797604217762e-16	-6.377586582564397e-16	-1.2360610595666848
7.763979161476217e-16	1.2367663156782667e-16	0.1579681930744518
9.982258921897994e-16	7.348682835725164e-17	0.07348487385672693
-3.3274196406326643e-16	3.292413431991852e-17	3.0429657455843726
5.54569940105444e-16	7.57932256696927e-16	0.9391182711059577
-2.77284970052722e-16	1.9353599577974753e-16	2.5322318473530108
2.4955647304744985e-16	5.34589395373461e-16	1.1340441044094307
8.803797799173924e-16	-7.893251439731337e-17	-0.08941826284113151
3.3274196406326643e-16	1.4131440197613874e-16	0.4016136907239767
5.5456994010544405e-17	7.238298952405107e-16	1.4943296545470015
-1.1091398802108881e-16	-4.2785235072756766e-16	-1.8244469991107544
1.1091398802108881e-16	-1.8152142752697034e-16	-1.0223101939244186
3.3274196406326643e-16	4.427108477817147e-16	0.9262712956555227
-2.2182797604217762e-16	1.213323800265951e-16	2.6410817262263317
-8.873119041687105e-16	6.87118378554838e-17	3.0643086882976642
-2.2182797604217762e-16	-1.9782296980570113e-16	-2.4133345382637117
-4.4365595208435524e-16	2.590997231075281e-16	2.6130131295351
2.2182797604217762e-16	9.556331704131877e-16	1.342709027751609
-6.654839281265329e-16	-4.422488579281945e-16	-2.5550552890015377
-4.4365595208435524e-16	-1.8388934281635505e-16	-2.7486607428863303
0.0	6.600917160941217e-16	1.5707963267948966
-4.4365595208435524e-16	4.8737907512896395e-17	3.032176210927365
0.0	4.807558847052611e-16	1.5707963267948966
-8.873119041687105e-16	2.7245968139567697e-16	2.8436697076733966
4.4365595208435524e-16	3.0166108520391985e-17	0.06788987857801707
4.4365595208435524e-16	3.0236598466770374e-16	0.5982238994941749
8.873119041687105e-16	1.3116592134886973e-16	0.14676107277282355
0.0	7.212118342227773e-16	1.5707963267948966
4.4365595208435524e-16	-1.1886265534406004e-16	-0.26176868626922223
0.0	1.6775616646624318e-16	1.5707963267948966
4.4365595208435524e-16	-1.8424081905832151e-16	-0.39360779881778896
-4.4365595208435524e-16	6.802335417789936e-17	2.9894528977944637
-4.4365595208435524e-16	7.431580584912736e-16	2.1089976909149337
4.4365595208435524e-16	-2.4024499580185036e-16	-0.4963031189206394
1.3309678562530657e-15	-2.7951470119690046e-16	-0.20700043460580006
0.0	-8.493059729386298e-17	-1.5707963267948966
-1.109139880210888e-15	8.248510970969231e-17	3.0673607667161567
-4.4365595208435524e-16	6.155131263605532e-16	2.195339732141616
2.2182797604217762e-16	6.750356546941355e-17	0.2954024796453443
-4.4365595208435524e-16	-4.572739491168566e-19	-3.1405619590053004
-6.654839281265329e-16	1.2554800558915875e-16	2.9551275167544366
-4.4365595208435524e-16	-2.4294719194092515e-16	-2.6405918522368506
-6.654839281265329e-16	-3.8160859972934114e-16	-2.620938900369736
-4.4365595208435524e-16	1.0330172135335568e-15	1.9764519480755802
-8.873119041687105e-16	3.33924009487508e-16	2.781654570097853
1.1091398802108881e-16	9.597363746284523e-17	0.7133084950002212
-8.873119041687105e-16	2.7393398257024764e-16	2.8421520427754685
-4.4365595208435524e-16	1.980569528356663e-16	2.721719725589739
-8.873119041687105e-16	1.337312093309288e-16	2.9920035176738398
-4.4365595208435524e-16	-1.114410174332729e-16	-2.895496257529245
-9.982258921897994e-16	-3.3650761429433587e-16	-2.816450841607806
-9.42768898179255e-16	-1.029394611274157e-16	-3.0328350592465823
-2.1073657724006873e-15	1.5659569167486242e-16	3.06742023631769
-8.31854910158166e-16	-2.9129831603434197e-16	-2.804758168332957
-1.2200538682319768e-15	-2.939616373500061e-16	-2.9051576182259127
-4.4365595208435524e-16	-3.427657285449608e-16	-2.483787779715885
-1.3309678562530657e-15	-1.1737317539607477e-15	-2.418888650849952
-2.4401077364639536e-15	-1.0623141530532482e-16	-3.09808458428138
-8.873119041687105e-16	-2.4428542938483188e-16	-2.872938691511483
-6.654839281265329e-16	-2.0117335281319845e-16	-2.8480304630496196
0.0	5.276550927597264e-16	1.5707963267948966
0.0	7.924514764067985e-16	1.5707963267948966
4.4365595208435524e-16	7.895105987006628e-16	1.058833941568967
-4.4365595208435524e-16	-3.3056273107476275e-17	-3.0672212750581407
0.0	4.311320145147432e-16	1.5707963267948966
-4.4365595208435524e-16	9.423998840518871e-16	2.0107897581599934
-4.4365595208435524e-16	4.3323584468966106e-16	2.3680769334024308
-2.218279760421776e-15	-3.0304883010229275e-16	-3.0058188188945563
-8.873119041687105e-16	-7.801802317233673e-16	-2.420353493789864
8.873119041687105e-16	3.0139171116472886e-16	0.3274411328878486
-4.4365595208435524e-16	-5.057036196249786e-16	-2.2909299184202743
-4.4365595208435524e-16	7.537079993639712e-16	2.1028143830718955
8.873119041687105e-16	-2.8330226986152165e-16	-0.30905104287377905
4.4365595208435524e-16	-3.9941122989629644e-16	-0.7329656049585938
-1.3309678562530657e-15	6.15990116733471e-18	3.136964549944776
0.0	3.8149495367276196e-17	1.5707963267948966
-4.4365595208435524e-16	5.025501561804417e-16	2.2940322135168127
2.218279760421776e-15	2.7728851406728364e-16	0.12435656760830072
0.0	-2.6450126457528836e-16	-1.5707963267948966
-4.4365595208435524e-16	3.5083243080975313e-16	2.4725015299525444
-1.109139880210888e-15	-4.2738052840406816e-17	-3.103079098643786
-4.4365595208435524e-16	2.1018235968481434e-16	2.6991640502644003
4.4365595208435524e-16	-8.414005029526204e-16	-1.0855615094871824
0.0	-2.4046673898215884e-16	-1.5707963267948966
0.0	6.866817542625936e-17	1.5707963267948966
3.3274196406326643e-16	3.99188126058213e-16	0.8759321145511749
-3.3274196406326643e-16	-3.487985486171913e-17	-3.0371485602078563
8.873119041687105e-16	-2.1380166284993244e-17	-0.024090773404334673
-4.4365595208435524e-16	-1.3342443004197653e-17	-3.11152786428911
4.4365595208435524e-16	-3.3067068647461116e-16	-0.6405064662078567
-4.4365595208435524e-16	2.2469749358469236e-16	2.672784131251909
-2.2182797604217762e-16	3.7548276807673353e-16	2.10440935731887
-2.2182797604217762e-16	-5.004307883774517e-17	-2.919712826488263
-2.2182797604217762e-16	-7.29730213663762e-17	-2.8237812548869523
2.2182797604217762e-16	1.3037112885767673e-16	0.5313357613479714
-2.2182797604217762e-16	2.0456781097842945e-16	2.3966516136837126
-2.2182797604217762e-16	-3.76478271196656e-16	-2.1032505611450105
0.0	3.4646177143110396e-16	1.5707963267948966
1.38642485026361e-16	-1.941014015739946e-16	-0.9505515255341744
8.31854910158166e-16	4.97230070573564e-16	0.5387535247615272
7.763979161476217e-16	4.42948425047715e-16	0.5184588688282822
2.2182797604217762e-16	-3.629395920650516e-16	-1.0221836172283751
-4.4365595208435524e-16	-3.377461123953337e-16	-2.4909117603110857
2.2182797604217762e-16	-2.3459936759179183e-16	-0.8133720790253424
2.2182797604217762e-16	-4.852567671806814e-17	-0.21536117134004815
-4.4365595208435524e-16	-5.707393734008673e-17	-3.0136507655929776
0.0	-2.8213537890054343e-16	-1.5707963267948966
4.4365595208435524e-16	2.569754841441434e-16	0.5250017672022884
8.873119041687105e-16	-2.0431547571065527e-16	-0.22631856099003916
4.4365595208435524e-16	4.4051140341009717e-16	0.7818416699388153
-8.873119041687105e-16	5.210062247639019e-17	3.082942623648272
0.0	1.081827802789751e-16	1.5707963267948966
-8.873119041687105e-16	-7.985388772419131e-16	-2.4088036019843804
-4.4365595208435524e-16	-6.878800075109449e-17	-2.9877694079966846
-4.4365595208435524e-16	4.4848000308614515e-17	3.0408475426164
-1.3309678562530657e-15	-3.4161356494973205e-16	-2.8903504597074594
0.0	-4.22066804102396e-17	-1.5707963267948966
4.4365595208435524e-16	-3.8902144726859933e-16	-0.7198790260720336
-8.873119041687105e-16	-3.2931233602743245e-16	-2.7862149405815786
-8.873119041687105e-16	-3.211304499132449e-16	-2.794343852502446
0.0	-8.576842730996233e-17	-1.5707963267948966
-4.4365595208435524e-16	-2.7601288532644484e-16	-2.585057858256795
4.4365595208435524e-16	1.5310283316062047e-16	0.3322971996148034
-8.873119041687105e-16	8.127600096660751e-16	2.400018613636625
-8.873119041687105e-16	5.14012017220134e-16	2.6165393700057824
0.0	3.4891302402899676e-16	1.5707963267948966
-4.4365595208435524e-16	-9.02964396528725e-17	-2.940807031848676
-1.109139880210888e-15	2.851076245889917e-16	2.889987059947739
-1.109139880210888e-15	-1.0389408624096663e-16	-3.0481943236793128
0.0	5.405547896316381e-16	1.5707963267948966
-5.54569940105444e-16	7.42086965324831e-16	2.212574415668488
-4.4365595208435524e-16	4.62522436252452e-16	2.3353776630316423
0.0	-9.946967454446506e-17	-1.5707963267948966
-2.2182797604217762e-16	7.155347756687764e-16	1.8714175464513891
-2.2182797604217762e-16	4.2789711955213934e-16	2.049066601418084
2.2182797604217762e-16	-3.012096377558532e-16	-0.9360191655192324
3.3274196406326643e-16	-1.0609056657481605e-16	-0.30864793681241615
0.0	3.864693508765972e-16	1.5707963267948966
-5.54569940105444e-16	1.7332374533027954e-17	3.1103491021597227
1.1091398802108881e-16	5.052579436246638e-16	1.3547043535940033
-2.2182797604217762e-16	-1.9158574661325142e-16	-2.4292168777460486
-6.654839281265329e-16	-1.6282281241100144e-16	-2.901638334643259
-1.109139880210888e-15	2.1923299964340723e-16	2.946447746338104
-7.763979161476217e-16	6.310311024382497e-16	2.4591149057557264
0.0	3.1539350519425714e-16	1.5707963267948966
6.377554311212606e-16	9.017402360850208e-18	0.01413833748102457
3.8819895807381083e-16	5.134463363363673e-16	0.9234247140552663
-2.77284970052722e-16	6.3160414138953e-16	1.9844793635764582
3.3274196406326643e-16	-1.98458631374474e-16	-0.537793339766492
-1.109139880210888e-15	2.4647350984899524e-17	3.119374270213991
0.0	1.8035009856160657e-17	1.5707963267948966
1.1091398802108881e-16	-3.865065640229617e-16	-1.291340414205194
-4.4365595208435524e-16	2.6071521523174396e-16	2.610302198519099
8.873119041687105e-16	9.082450288406421e-16	0.7970559259468054
0.0	-3.6191197535224515e-17	-1.5707963267948966
2.2182797604217762e-16	-4.85000657363494e-16	-1.1418249359069592
-4.4365595208435524e-16	4.2879562347778805e-16	2.3732256838902286
2.2182797604217762e-16	-6.226440258822948e-16	-1.228548728933796
2.2182797604217762e-16	-1.2504051496376157e-16	-0.5132871719684452
6.654839281265329e-16	-1.7119662615868015e-16	-0.2517917150918514
-4.4365595208435524e-16	-3.6140946382535805e-16	-2.4580025319234577
0.0	-4.74527596138525e-16	-1.5707963267948966
8.873119041687105e-16	-2.977526546116155e-16	-0.32375956714693727
4.4365595208435524e-16	-1.9673123831919502e-16	-0.41737855394479506
4.4365595208435524e-16	-1.156417157473231e-16	-0.25498269683929387
4.4365595208435524e-16	-8.072320773236222e-16	-1.0682591254948766
0.0	-9.059784904378579e-16	-1.5707963267948966
0.0	5.640202553042849e-17	1.5707963267948966
4.4365595208435524e-16	-6.033247010892225e-16	-0.9367361173456097
5.5456994010544405e-17	-1.3155958760402468e-16	-1.1718640723524223
3.6047046106853866e-16	-7.707452421746601e-16	-1.1333285094022933
4.15927455079083e-16	-1.5633456000452492e-16	-0.35953299680633566
4.713844490896275e-16	4.4281549046006106e-16	0.7541580999154769
8.041264131528939e-16	1.9258928114117792e-16	0.23507334080291714
1.1645968742214325e-15	-4.718342298252669e-16	-0.38493651492490155
9.982258921897994e-16	-2.1026984600077862e-16	-0.20760848288804448
1.2755108622425213e-15	6.604036349225356e-16	0.47775144112171136
1.109139880210888e-15	3.389999090595315e-17	0.030554703956214166
8.31854910158166e-16	-9.431533484554878e-16	-0.8480192345198496
1.109139880210888e-15	-1.5088693848967278e-16	-0.1352095729663994
3.3274196406326643e-16	-8.605756639597937e-17	-0.25308582171589306
6.654839281265329e-16	2.040673148708689e-16	0.29754191456093404
4.4365595208435524e-16	1.3469275288400945e-16	0.294753801088449
8.873119041687105e-16	-5.982927182133338e-16	-0.5932518064131624
3.3274196406326643e-16	2.645045948698041e-16	0.6716381875822945
-1.109139880210888e-15	7.385171548430436e-17	3.0751061217947924
1.1091398802108881e-16	2.7775432878238726e-16	1.1908727868702516
-3.3274196406326643e-16	-4.3998456844512086e-16	-2.218290704918888
6.654839281265329e-16	2.255014668104463e-18	0.003388520656988711
-4.991129460948997e-16	9.589282908128683e-17	2.9517790910216277
3.3274196406326643e-16	1.0576604135106669e-16	0.3077623790903517
4.713844490896275e-16	2.45796424499358e-16	0.4806483178227388
4.991129460948997e-16	9.054410510744425e-16	1.0670036140610353
4.4365595208435524e-16	-4.576565956765679e-16	-0.8009305308354477
-1.38642485026361e-16	-4.756992955127367e-16	-1.8543905997335897
-3.8819895807381083e-16	1.6457154799147683e-16	2.740623493458594
7.763979161476217e-16	4.0339203534503456e-16	0.47917971176599783
-1.6637098203163321e-16	-7.148457616827582e-17	-2.7357733547727463
2.2182797604217762e-16	1.519582012454453e-16	0.600606276427764
0.0	-4.650103727244995e-17	-1.5707963267948966
-1.3864248502636102e-15	4.813273319274438e-16	2.8074397867675023
2.77284970052722e-16	1.6676006496262457e-16	0.5414506174399051
0.0	1.581463293716133e-16	1.5707963267948966
-7.763979161476217e-16	5.756121160980117e-16	2.5036260319952235
0.0	5.674528019157128e-16	1.5707963267948966
-5.54569940105444e-16	1.023290844740156e-15	2.0674362010834573
7.763979161476217e-16	4.362913901813126e-16	0.511966253594862
0.0	6.593343814147129e-16	1.5707963267948966
-6.654839281265329e-16	2.7322150536543523e-16	2.7520155607624006
-4.4365595208435524e-16	4.94788343435984e-16	2.3017619771604725
