0.0	0.058413125511616606	0.0
0.000518798828125	0.06697602797843301	-0.1705068736564061
0.00103759765625	0.07478163222452942	-0.2875622683716523
0.001556396484375	0.081861738642217	-0.354946501933378
0.0020751953125	0.08824814762380691	-0.3764398921292229
0.002593994140625	0.09397265956161026	-0.3558227567468267
0.00311279296875	0.09906707484793818	-0.2968754135738285
0.003631591796875	0.10356319387510185	-0.2033781803978684
0.004150390625	0.10749281703541239	-0.07911137500658555
0.004669189453125	0.11088774472118096	0.07214468481237996
0.00518798828125	0.11377977732471867	0.24660968127138916
0.005706787109375	0.1162007152383367	0.4405032965828022
0.0062255859375	0.11818235885434616	0.6500452129589791
0.006744384765625	0.11975650856505819	0.8714551126122814
0.00726318359375	0.12095496476278397	1.1009526777550684
0.007781982421875	0.12180952783983463	1.3347575905997007
0.00830078125	0.12235199818852127	1.5690895333585397
0.008819580078125	0.12261417620115508	1.8001681882439449
0.00933837890625	0.12262786227004721	2.0242132374682766
0.009857177734375	0.12242485678750872	2.2374443632438954
0.0103759765625	0.12203696014585085	2.4360812477831626
0.010894775390625	0.1214959727373847	2.6163435732984373
0.01141357421875	0.1208336949544214	2.774451022002081
0.011932373046875	0.1200819271892721	2.906623276106454
0.012451171875	0.11927246983424797	3.009080017823916
0.012969970703125	0.1184371232816601	3.0780409293668276
0.01348876953125	0.11760768792381968	3.10972569294755
0.014007568359375	0.11681596415303783	3.1003539907784425
0.0145263671875	0.11609375236162567	3.046145505071867
0.015045166015625	0.11547285294189438	2.9433199180401823
0.01556396484375	0.11498506628615508	2.7880969118957504
0.016082763671875	0.11465782935556035	2.577774370630259
0.0166015625	0.11448864913424199	2.317045861427327
0.017120361328125	0.11446247430738049	2.0137081012127465
0.01763916015625	0.1145642105233998	1.6755684412745004
0.018157958984375	0.1147787634307239	1.3104342329005767
0.0186767578125	0.11509103867777681	0.9261128273789601
0.019195556640625	0.11548594191298245	0.5304115759976369
0.01971435546875	0.11594837878476486	0.13113783004459384
0.020233154296875	0.11646325494154797	-0.2639010591921836
0.020751953125	0.11701547603175579	-0.6468977404247094
0.021270751953125	0.11758994770381227	-1.0100448623649976
0.02178955078125	0.11817157560614147	-1.3455350737250618
0.022308349609375	0.11874526538716729	-1.6455610232169164
0.0228271484375	0.11929592269531372	-1.9023153595525755
0.023345947265625	0.11980845317900479	-2.1079907314440525
0.02386474609375	0.12026933576288881	-2.2556524862536884
0.024383544921875	0.12067944421083411	-2.3463508099653794
0.02490234375	0.12104737235188759	-2.3854182201443344
0.025421142578125	0.12138178761344869	-2.3782280594708523
0.02593994140625	0.1216913574229169	-2.33015367062523
0.026458740234375	0.12198474920769162	-2.246568396287766
0.0269775390625	0.12227063039517237	-2.132845579138757
0.027496337890625	0.12255766841275857	-1.9943585618585011
0.02801513671875	0.12285453068784967	-1.8364806871272972
0.028533935546875	0.12316988464784513	-1.6645852976254405
0.029052734375	0.12351239772014443	-1.4840457360332304
0.029571533203125	0.12389073733214699	-1.3002353450309645
0.03009033203125	0.1243135709112523	-1.1185274672989396
0.030609130859375	0.12478956588485979	-0.9442954455174538
0.0311279296875	0.1253273896803689	-0.7829126223668053
0.031646728515625	0.12593527109049074	-0.639392486228772
0.03216552734375	0.12661595441396897	-0.5142490666376583
0.032684326171875	0.12736845354474255	-0.4049359826318845
0.033203125	0.12819171097778112	-0.3088482777957413
0.033721923828125	0.12908466920805425	-0.2233809957135198
0.03424072265625	0.1300462707305315	-0.14592917996951119
0.034759521484375	0.13107545804018247	-0.07388787414800632
0.0352783203125	0.13217117363197675	-0.004652121833296274
0.035797119140625	0.13333236000088391	0.06438303339032783
0.03631591796875	0.1345579596418735	0.13582254793857512
0.036834716796875	0.13584691504991522	0.21227137822715444
0.037353515625	0.1371981687199785	0.2963344806717747
0.037872314453125	0.13861066314703302	0.39061681168814516
0.03839111328125	0.14008334082604834	0.4977233276919745
0.038909912109375	0.141615144251994	0.6202589850989718
0.0394287109375	0.14320393985975038	0.7605964306179235
0.039947509765625	0.14482851889491433	0.9169901843995251
0.04046630859375	0.14645130120973945	1.0841603602659131
0.040985107421875	0.14803417531924312	1.2567123620906164
0.04150390625	0.14953902973844285	1.4292515937471644
0.042022705078125	0.1509277529823563	1.5963834591090862
0.04254150390625	0.15216223356600092	1.752713362049911
0.043060302734375	0.15320436000439425	1.8928467064431678
0.0435791015625	0.15401602081255378	2.011388896162385
0.044097900390625	0.15455910450549712	2.1029453350810936
0.04461669921875	0.1547954995982418	2.1621214270728215
0.045135498046875	0.15468709460580524	2.183522576011097
0.045654296875	0.15419577804320508	2.161754185769451
0.046173095703125	0.15328343842545883	2.091421660221412
0.04669189453125	0.15191196426758397	1.9671304032405081
0.047210693359375	0.15004603971631206	1.7837285948309545
0.0477294921875	0.14772461018182498	1.542513355359894
0.048248291015625	0.14506687828042314	1.251751440666665
0.04876708984375	0.14219604371557054	0.9200567186049329
0.049285888671875	0.139235306190731	0.5560430570283597
0.0498046875	0.13630786540936837	0.16832432379060963
0.050323486328125	0.13353692107494664	-0.23448561325465422
0.05084228515625	0.13104567289092964	-0.6437728862537684
0.051361083984375	0.12895732056078127	-1.0509236273530689
0.0518798828125	0.12739506378796545	-1.4473239686988921
0.052398681640625	0.12648210227594603	-1.8243600424375759
0.05291748046875	0.12634163572818696	-2.1734179807154557
0.053436279296875	0.1270968638481521	-2.4858839156788672
0.053955078125	0.12887098633930533	-2.7531439794741486
0.054473876953125	0.13178720290511053	-2.966584304247636
0.05499267578125	0.13596504359319683	-3.1177312908288903
0.055511474609375	0.14136490390336895	-3.2041940885349387
0.0560302734375	0.14773038622934298	-3.2318685321083436
0.056549072265625	0.15478954489788949	-3.2072447645797686
0.05706787109375	0.16227043423577908	-3.136812928979879
0.057586669921875	0.1699011085697824	-3.0270631683393416
0.05810546875	0.17740962222666998	-2.8844856256888205
0.058624267578125	0.18452402953321234	-2.7155704440589825
0.05914306640625	0.1909723848161802	-2.5268077664804913
0.059661865234375	0.19648274240234403	-2.3246877359840123
0.0601806640625	0.20078315661847446	-2.115700495600212
0.060699462890625	0.20360168179134208	-1.9063361883597554
0.06121826171875	0.2046663722477175	-1.7030849572933067
0.061737060546875	0.20370528231437124	-1.512436945431532
0.062255859375	0.20044646631807395	-1.3408822958050972
0.062774658203125	0.1946219651160728	-1.1948684625074355
0.06329345703125	0.1862886979356796	-1.0773640067880021
0.063812255859375	0.17606379009418804	-0.9853386388271458
0.0643310546875	0.16461984477723365	-0.9151679955243854
0.064849853515625	0.15262946517045226	-0.8632277137792416
0.06536865234375	0.14076525445947946	-0.8258934304912349
0.065887451171875	0.12969981582995083	-0.7995407825598853
0.06640625	0.12010575246750217	-0.7805454068847126
0.066925048828125	0.11265566755776907	-0.7652829403652377
0.06744384765625	0.10802216428638725	-0.7501290199009798
0.067962646484375	0.10687784583899229	-0.7314592823914601
0.0684814453125	0.10989531540121987	-0.7056493647361984
0.069000244140625	0.11774717615870574	-0.6690749038347146
0.06951904296875	0.13110603129708545	-0.6181115365865293
0.070037841796875	0.1506444840019947	-0.5491348998911626
0.070556640625	0.1770323873011918	-0.45853193762726535
0.071075439453125	0.21039451449658328	-0.34493063050110484
0.07159423828125	0.2496576245416112	-0.21188446671370129
0.072113037109375	0.29358915037394057	-0.06360198629064127
0.0726318359375	0.3409565249312364	0.095708270742487
0.073150634765625	0.39052718115116336	0.26183776436009654
0.07366943359375	0.44106855197138695	0.43057795453660025
0.074188232421875	0.4913480703295716	0.5977203012464105
0.07470703125	0.5401331691633827	0.7590562644639398
0.075225830078125	0.586191281410485	0.9103773041636015
0.07574462890625	0.6282898400085435	1.0474748803198077
0.076263427734375	0.6651962778952231	1.166140452906971
0.0767822265625	0.6956780280081889	1.2621654818995043
0.077301025390625	0.7185025232851059	1.3313414272718203
0.07781982421875	0.7324371966636388	1.369459748998331
0.078338623046875	0.7362502681565533	1.3723141947176634
0.078857421875	0.7293905726050419	1.3376767453845437
0.079376220703125	0.7132310752729241	1.2689119414272567
0.07989501953125	0.6894823701628529	1.1703656542585688
0.080413818359375	0.6598550512774815	1.0463837552912467
0.0809326171875	0.6260597126194629	0.9013121159380577
0.081451416015625	0.5898069481914504	0.7394966076117689
0.08197021484375	0.552807351996097	0.5652831017251473
0.082489013671875	0.5167715180360559	0.3830174696909591
0.0830078125	0.48341004031398044	0.19704558292197272
0.083526611328125	0.4544335128325235	0.01171331283095392
0.08404541015625	0.4315525295943382	-0.16863346916933003
0.084564208984375	0.416477684602078	-0.33964889166611145
0.0850830078125	0.41091957185839567	-0.49698708324662444
0.085601806640625	0.41658878536594446	-0.6363021724981014
0.08612060546875	0.4351959044231349	-0.7532483196736216
0.086639404296875	0.4677798322429561	-0.8449261513257936
0.087158203125	0.5129147950885593	-0.9137440193000393
0.087677001953125	0.5686098392196617	-0.9633274005499688
0.08819580078125	0.6328740108959799	-0.997301772029192
0.088714599609375	0.7037163563772313	-1.0192926106913185
0.0892333984375	0.7791459219231327	-1.0329253934899587
0.089752197265625	0.8571717537934009	-1.0418255973787223
0.09027099609375	0.9358028982477535	-1.049618699311219
0.090789794921875	1.013048401545907	-1.0599301762410587
0.09130859375	1.0869173099475788	-1.0763855051218516
0.091827392578125	1.1554186697124853	-1.1026101629072076
0.09234619140625	1.2165615271003443	-1.1422296265507366
0.092864990234375	1.2683549283708722	-1.1988693730060485
0.0933837890625	1.3088079197837863	-1.2761548792267527
0.093902587890625	1.3359295475988033	-1.3777116221664598
0.09442138671875	1.3482634253658725	-1.5058089329195214
0.094940185546875	1.346910345870129	-1.65622882452969
0.095458984375	1.333734863900583	-1.8228157192117624
0.095977783203125	1.310601669705237	-1.9994136955340873
0.09649658203125	1.2793754535320927	-2.1798668320650116
0.097015380859375	1.241920905629152	-2.358019207372883
0.0975341796875	1.2001027162444178	-2.527714900026048
0.098052978515625	1.1557855756258912	-2.6827979885928555
0.09857177734375	1.1108341740215752	-2.8171125516416518
0.099090576171875	1.0671132016794715	-2.9245026677407857
0.099609375	1.0264873488475825	-2.9988124154586036
0.100128173828125	0.9908213057739101	-3.0338858733634524
0.10064697265625	0.9619797627064566	-3.0235671200236816
0.101165771484375	0.9418274098932239	-2.961700234007637
0.1016845703125	0.9322289375822145	-2.8421292938836666
0.102203369140625	0.9346658636339021	-2.660188776041093
0.10272216796875	0.9482183525796826	-2.420553526597184
0.103240966796875	0.9710383261172603	-2.1315089104375207
0.103759765625	1.0012757066992943	-1.8013480687660066
0.104278564453125	1.0370804167784455	-1.438364142786546
0.10479736328125	1.0766023788073733	-1.0508502737030407
0.105316162109375	1.1179915152387374	-0.6470996027193938
0.1058349609375	1.1593977485251985	-0.2354052710395106
0.106353759765625	1.1989710011194161	0.17593958013270783
0.10687255859375	1.2348611954740503	0.5786418095933565
0.107391357421875	1.2652182540417602	0.964408276138533
0.10791015625	1.2881920992752074	1.3249458385643345
0.108428955078125	1.3019326536270504	1.651961355666857
0.10894775390625	1.3045898395499496	1.9371616862421965
0.109466552734375	1.294313579496565	2.1722536890864523
0.1099853515625	1.2695329988355473	2.3499520569059014
0.110504150390625	1.2309978282870564	2.4713481311860996
0.11102294921875	1.180607788228228	2.541684351077705
0.111541748046875	1.1202708422734322	2.566232911201467
0.112060546875	1.0518949540370404	2.550266006178134
0.112579345703125	0.9773880871334244	2.4990558306284574
0.11309814453125	0.8986582051769545	2.417874579173185
0.113616943359375	0.8176132717820019	2.311994446433066
0.1141357421875	0.7361612505629385	2.1866876270288516
0.114654541015625	0.6562101051341345	2.0472263155812893
0.11517333984375	0.5796677991099614	1.8988827067111291
0.115692138671875	0.5084422961047902	1.7469289950391218
0.1162109375	0.4444415597329919	1.5966373751860148
0.116729736328125	0.38957355360893786	1.4532800417725582
0.11724853515625	0.34574624134699905	1.3221291894195017
0.117767333984375	0.314699327277972	1.2080948916348724
0.1182861328125	0.2962786298298069	1.1120112740447246
0.118804931640625	0.28913697379067066	1.032144947573213
0.11932373046875	0.29190855837440627	0.9667224379048782
0.119842529296875	0.30322758279485673	0.9139702707242607
0.120361328125	0.32172824626586505	0.8721149717159016
0.120880126953125	0.3460447480012743	0.8393830665643416
0.12139892578125	0.3748112872149275	0.814001080954121
0.121917724609375	0.4066620631206677	0.7941955405697809
0.1224365234375	0.4402312749323378	0.7781929710958624
0.122955322265625	0.474153121863781	0.7642198982169056
0.12347412109375	0.5070618031288402	0.7505028476174516
0.123992919921875	0.5375915179413584	0.7352683449820412
0.12451171875	0.5643764655151787	0.716742915995215
0.125030517578125	0.5860508450641442	0.693153086341514
0.12554931640625	0.6013187669666042	0.6627901986407638
0.126068115234375	0.6099848380397452	0.6249659018824687
0.1265869140625	0.6127295537702118	0.579803910190593
0.127105712890625	0.6102576641629218	0.527450424849091
0.12762451171875	0.6032739192227939	0.46805164714191677
0.128143310546875	0.5924830689547462	0.4017537783530244
0.128662109375	0.5785898633636971	0.3287030197663682
0.129180908203125	0.5622990524545648	0.24904557266590205
0.12969970703125	0.5443153862322674	0.1629276383355805
0.130218505859375	0.5253436147017234	0.07049541805935734
0.1307373046875	0.5060884878678512	-0.02810488687881306
0.131256103515625	0.48725475573556876	-0.13272707519497645
0.13177490234375	0.4695471683097946	-0.24322494560517885
0.132293701171875	0.45367047559544693	-0.359452296825466
0.1328125	0.44032942759744403	-0.48126292757188394
0.133331298828125	0.4302053541970605	-0.6084333413252793
0.13385009765625	0.4234384394110142	-0.7389540562525874
0.134368896484375	0.4196263383303319	-0.8690250405838024
0.1348876953125	0.4183430093096041	-0.9947680543872477
0.135406494140625	0.41916241070342153	-1.1123048577312478
0.13592529296875	0.4216585008663747	-1.2177572106841272
0.136444091796875	0.42540523815305437	-1.3072468733142097
0.136962890625	0.42997658091805113	-1.3768956056898198
0.137481689453125	0.43494648751595577	-1.4228251678792816
0.13800048828125	0.43988891630135885	-1.4411573199509187
0.138519287109375	0.44437782562885086	-1.4280138219730563
0.1390380859375	0.4479871738530228	-1.379516434014018
0.139556884765625	0.45029091932846504	-1.2917869161421283
0.14007568359375	0.4508630204097683	-1.1609470284257108
0.140594482421875	0.4492774354515233	-0.9831185309330904
0.14111328125	0.44511755459459673	-0.7545810186303528
0.141632080078125	0.4383112132709074	-0.47737815764753355
0.14215087890625	0.4292212497016329	-0.16083310696574582
0.142669677734375	0.418238355289032	0.18526486930177818
0.1431884765625	0.40575322143536335	0.551126507041808
0.143707275390625	0.3921565395428855	0.9269625421411112
0.14422607421875	0.37783900101385726	1.302983710486457
0.144744873046875	0.36319129725053706	1.669400747964613
0.145263671875	0.34860411965518373	2.0164243904623476
0.145782470703125	0.33446815963005583	2.3342653738664305
0.14630126953125	0.3211741085774119	2.613134434063629
0.146820068359375	0.30911265789951087	2.843242306940711
0.1473388671875	0.29867449899861115	3.0147997283844465
0.147857666015625	0.2902503232769715	3.118017434281603
0.14837646484375	0.28423082213685047	3.1431061605189488
0.148895263671875	0.28100218014869977	3.08039144418897
0.1494140625	0.2806576772928586	2.9276598951611073
0.149932861328125	0.282823161697935	2.694604877865014
0.15045166015625	0.287082660648123	2.391985046842889
0.150970458984375	0.29302020142761687	2.0305590566369323
0.1514892578125	0.3002198113206108	1.6210855617893407
0.152008056640625	0.30826551761129894	1.1743232168423143
0.15252685546875	0.31674134758387545	0.7010306763380509
0.153045654296875	0.32523132852253445	0.2119665948187497
0.153564453125	0.33331948771147024	-0.28211037317339127
0.154083251953125	0.3405898524348768	-0.770441573096172
0.15460205078125	0.3466264499769484	-1.2422683504073946
0.155120849609375	0.35101330762187927	-1.6868320505648609
0.1556396484375	0.3533344526538635	-2.0933740190263705
0.156158447265625	0.3531739123570952	-2.4511356012497263
0.15667724609375	0.35011754934439254	-2.7493908712747817
0.157196044921875	0.3440126463051172	-2.982075688673348
0.15771484375	0.3352368745732935	-3.1525840929041693
0.158233642578125	0.3242321318803987	-3.2654554436109318
0.15875244140625	0.31144031595791	-3.325229100437322
0.159271240234375	0.29730332453730457	-3.3364444230270265
0.1597900390625	0.2822630553500597	-3.3036407710237343
0.160308837890625	0.2667614061276524	-3.23135750407113
0.16082763671875	0.25124027460156	-3.1241339818129017
0.161346435546875	0.23614155850325969	-2.9865095638927355
0.161865234375	0.22190715556422858	-2.823023609954319
0.162384033203125	0.20897896351594397	-2.638215479641338
0.16290283203125	0.19779888008988294	-2.43662453259748
0.163421630859375	0.18880880301752273	-2.2227901284664324
0.1639404296875	0.18245063003034057	-2.001251626891881
0.164459228515625	0.17916583632876468	-1.776546200031203
0.16497802734375	0.1791926967987028	-1.5521590313003413
0.165496826171875	0.18224084961210996	-1.3288384979606924
0.166015625	0.1879350656187824	-1.1068936104959133
0.166534423828125	0.1959001156685162	-0.8866333793896596
0.16705322265625	0.2057607706111076	-0.6683668151255876
0.167572021484375	0.21714180129635277	-0.4524029281873544
0.1680908203125	0.22966797857404792	-0.23905072905861607
0.168609619140625	0.2429640732939891	-0.028619228223028786
0.16912841796875	0.2566548563059727	0.1785825638357508
0.169647216796875	0.2703650984597946	0.3822456366340661
0.170166015625	0.2837195706052513	0.5820609796882613
0.170684814453125	0.2963430435921389	0.7777195825146793
0.17120361328125	0.30786028827025347	0.9689124346296641
0.171722412109375	0.3178960754893912	1.1553305255495596
0.1722412109375	0.32607519281737185	1.3366647748875986
0.172760009765625	0.33212606508369297	1.512172763534217
0.17327880859375	0.33612613147033465	1.679652737857753
0.173797607421875	0.33822622325517837	1.836596069685608
0.17431640625	0.33857717171610513	1.9804941308451833
0.174835205078125	0.33732980813099644	2.108838293163882
0.17535400390625	0.3346349637777335	2.2191199284691043
0.175872802734375	0.33064346993419774	2.308830408588253
0.1763916015625	0.32550615787827036	2.3754611053487302
0.176910400390625	0.3193738588878328	2.416503390577938
0.17742919921875	0.3123974042407661	2.429448636103277
0.177947998046875	0.3047276252149519	2.41178821375215
0.178466796875	0.29651535308827126	2.3610134953519584
0.178985595703125	0.2879114191386056	2.274615852730104
0.17950439453125	0.2790666546438362	2.1500866577139894
0.180023193359375	0.2701318908818443	1.9849172821310153
0.1805419921875	0.2612375995549972	1.7779617336747893
0.181060791015625	0.25242494330260135	1.5340513417379626
0.18157958984375	0.2437106032849325	1.2596559444022375
0.182098388671875	0.23511126001308444	0.9612454231980699
0.1826171875	0.22664359399815132	0.6452896596559157
0.183135986328125	0.21832428575122714	0.3182585353062314
0.18365478515625	0.21017001578340577	-0.013378068320527237
0.184173583984375	0.2021974646057813	-0.34315026969390416
0.1846923828125	0.19442331272944774	-0.6645881872834427
0.185211181640625	0.18686424066549895	-0.9712219395586869
0.18572998046875	0.17953692892502898	-1.2565816449891807
0.186248779296875	0.17245805801913192	-1.514197422044468
0.186767578125	0.16564430845890168	-1.7375993891940926
0.187286376953125	0.1591123607554322	-1.9203176649075984
0.18780517578125	0.15287889541981756	-2.05588236765453
0.188323974609375	0.14696183975193947	-2.1391209843661807
0.1888427734375	0.141386269291186	-2.1722992309531985
0.189361572265625	0.13617980250995287	-2.160328917930856
0.18988037109375	0.13137006095573656	-2.108125055665839
0.190399169921875	0.1269846661760336	-2.0206026545248346
0.19091796875	0.12305123971834056	-1.9026767248745324
0.191436767578125	0.11959740313015398	-1.7592622770816173
0.19195556640625	0.11665077795897036	-1.5952743215127785
0.192474365234375	0.11423898575228628	-1.4156278685347028
0.1929931640625	0.11238964805759823	-1.2252379285140778
0.193511962890625	0.1111303864224028	-1.0290195118175913
0.19403076171875	0.1104888223941965	-0.8318876288119303
0.194549560546875	0.1104925775204759	-0.6387572898637826
0.195068359375	0.11116927334873747	-0.45454350533983595
0.195587158203125	0.1125465314264778	-0.2841612856067771
0.19610595703125	0.11464001647903235	-0.13197112341255188
0.196624755859375	0.11737491753158327	0.001862450358944237
0.1971435546875	0.12063503260199285	0.1190944819913235
0.197662353515625	0.12430394578592491	0.22148993876781742
0.19818115234375	0.12826524117904328	0.3108137879716569
0.198699951171875	0.13240250287701175	0.3888309968860728
0.19921875	0.13659931497549416	0.45730653279429634
0.199737548828125	0.14073926157015432	0.5180053629795585
0.20025634765625	0.14470592675665606	0.5726924547250903
0.200775146484375	0.14838289463066318	0.6231327753141229
0.2012939453125	0.15165374928783953	0.6710912920298875
0.201812744140625	0.15440207482384888	0.7183329721556145
0.20233154296875	0.15651145533435507	0.7666227829745357
0.202850341796875	0.15786547491502195	0.8177256917698819
0.203369140625	0.1583477176615133	0.8734066658248837
0.203887939453125	0.15785449173928714	0.9351684543977321
0.20440673828125	0.1564114684333884	1.00184788756513
0.204925537109375	0.1541197379703242	1.0707275595185066
0.2054443359375	0.15108133110029662	1.1390706821078154
0.205963134765625	0.14739827857350762	1.2041404671830098
0.20648193359375	0.14317261114015922	1.2632001265940422
0.207000732421875	0.13850635955045335	1.3135128721908658
0.20751953125	0.1335015545545921	1.3523419158234335
0.208038330078125	0.12826022690277733	1.3769504693416985
0.20855712890625	0.1228844073452111	1.3846017445956136
0.209075927734375	0.11747612663209542	1.3725589534351321
0.2095947265625	0.11213741551363224	1.338085307710207
0.210113525390625	0.10697030474002357	1.278444019270791
0.21063232421875	0.1020768250614714	1.1908982999668374
0.211151123046875	0.09755900722817772	1.0727113616482995
0.211669921875	0.09351452849539338	0.921438481949803
0.212188720703125	0.08997990258991247	0.73873825644541
0.21270751953125	0.08694651432442965	0.5292968739086525
0.213226318359375	0.0844046951506134	0.2978711906383705
0.2137451171875	0.08234477652013225	0.04921806293340325
0.214263916015625	0.08075708988465477	-0.2119056529074085
0.21478271484375	0.07963196669584942	-0.48074310058522596
0.215301513671875	0.07895973840538476	-0.7525374238012092
0.2158203125	0.07873073646492929	-1.0225317662565183
0.216339111328125	0.07893529232615154	-1.2859692716523132
0.21685791015625	0.07956373744072004	-1.5380930836897546
0.217376708984375	0.08060640326030336	-1.774146346070003
0.2178955078125	0.08205362123656992	-1.989372202494218
0.218414306640625	0.08389572282118833	-2.17901379666356
0.21893310546875	0.08612303946582708	-2.33831427227919
0.219451904296875	0.08872405114826311	-2.4627013852950665
0.219970703125	0.09164973729522603	-2.551342107887194
0.220489501953125	0.09481620069288628	-2.606880995800544
0.22100830078125	0.09813821830138714	-2.632094804175817
0.221527099609375	0.10153056708087188	-2.629760288153716
0.2220458984375	0.10490802399148387	-2.602654202874945
0.222564697265625	0.1081853659933664	-2.5535533034802067
0.22308349609375	0.11127737004666273	-2.485234345110203
0.223602294921875	0.11409881311151626	-2.4004740829056375
0.22412109375	0.1165644721480702	-2.3020492720072125
0.224639892578125	0.11858912411646791	-2.1927366675556312
0.22515869140625	0.1200875459768527	-2.0753130246915963
0.225677490234375	0.12097451468936787	-1.9525550985558109
0.2261962890625	0.12116480721415669	-1.8272396442889771
0.226715087890625	0.12057320051136254	-1.7021434170317984
0.22723388671875	0.11911779407376322	-1.5799903089815202
0.227752685546875	0.1168201353503786	-1.4618583102290366
0.228271484375	0.1138229233571935	-1.346897836590225
0.228790283203125	0.11027574808729497	-1.2341496654295183
0.22930908203125	0.10632819953377012	-1.1226545741113498
0.229827880859375	0.10212986768970597	-1.011453340000151
0.2303466796875	0.09783034254818965	-0.8995867404603561
0.230865478515625	0.09357921410230821	-0.7860955528563967
0.23138427734375	0.08952607234514871	-0.6700205545527059
0.231903076171875	0.08582050726979829	-0.5504025229137168
0.232421875	0.08261210886934398	-0.4262822353038617
0.232940673828125	0.08005046713687287	-0.2967004690875736
0.23345947265625	0.07828517206547204	-0.16069800162928524
0.233978271484375	0.07746581364822858	-0.017315610293429255
0.2344970703125	0.07774198187822952	0.13440592755556155
0.235015869140625	0.07926073829522773	0.2953900463061023
0.23553466796875	0.08203527544559133	0.4646653711538592
0.236053466796875	0.08588094345341477	0.6384602250664604
0.236572265625	0.09059715416936727	0.8127773374200743
0.237091064453125	0.09598331944411805	0.9836194375908704
0.23760986328125	0.10183885112833627	1.1469892549550171
0.238128662109375	0.10796316107269116	1.2988895188886835
0.2386474609375	0.11415566112785196	1.4353229587680385
0.239166259765625	0.12021576314448781	1.5522923039692509
0.23968505859375	0.12594287897326797	1.64580028386849
0.240203857421875	0.13113642046486162	1.7118496278419233
0.24072265625	0.135595799469938	1.7464430652657212
0.241241455078125	0.1391204278391663	1.7455833255160527
0.24176025390625	0.1415097174232157	1.7052731379690846
0.242279052734375	0.14256308007275545	1.6215152320009887
0.2427978515625	0.14208114748392947	1.4903450229022248
0.243316650390625	0.13999486526998986	1.311289703908786
0.24383544921875	0.13647946505918057	1.0904221430278656
0.244354248046875	0.131737054627883	0.8345353580665362
0.244873046875	0.1259697417524784	0.5504223668318713
0.245391845703125	0.11937963420934834	0.24487618713094494
0.24591064453125	0.11216883977487405	-0.07531016322917
0.246429443359375	0.10453946622543694	-0.40334366644140096
0.2469482421875	0.09669362133741846	-0.7324313046986737
0.247467041015625	0.08883341288719993	-1.0557800601939138
0.24798583984375	0.0811609486511627	-1.3665969151200499
0.248504638671875	0.0738783364056882	-1.6580888516700074
0.2490234375	0.06718768392715779	-1.9234628520367127
0.249542236328125	0.06129109899195283	-2.155925898413093
0.25006103515625	0.05639068937645472	-2.3486849729920753
0.250579833984375	0.05268825790262236	-2.494957031717453
0.2510986328125	0.0502940183276132	-2.5909545159143326
0.251617431640625	0.04909868820065438	-2.640068646203518
0.25213623046875	0.04896078656945667	-2.6467437180548856
0.252655029296875	0.04973883248173079	-2.615424026938311
0.253173828125	0.05129134498518753	-2.5505538683236724
0.253692626953125	0.05347684312753762	-2.4565775376808445
0.25421142578125	0.05615384595649183	-2.3379393304797045
0.254730224609375	0.059180872519760896	-2.199083542190129
0.2552490234375	0.06241644186505559	-2.0444544682819945
0.255767822265625	0.06571907304008666	-1.878496404225178
0.25628662109375	0.06894728509256486	-1.705653645489555
0.256805419921875	0.07195959707020094	-1.5303704875450015
0.25732421875	0.07461452802070566	-1.3570912258613959
0.257843017578125	0.07677059699178977	-1.1902601559086128
0.25836181640625	0.07828634438896913	-1.0343210544107817
0.258880615234375	0.079062772749886	-0.8926863631583327
0.2593994140625	0.07913221677390837	-0.7655786830288059
0.259918212890625	0.07855232406424484	-0.6526058063468734
0.26043701171875	0.07738074222410413	-0.5533755254372079
0.260955810546875	0.07567511885669487	-0.46749563262448235
0.261474609375	0.0734931015652258	-0.394573920233369
0.261993408203125	0.07089233795290553	-0.33421818058854075
0.26251220703125	0.06793047562294277	-0.2860362060146701
0.263031005859375	0.06466516217854615	-0.24963578883642984
0.2635498046875	0.06115404522292441	-0.22462472137849235
0.264068603515625	0.0574547723592862	-0.21061079596553042
0.26458740234375	0.05362499119084018	-0.2072018049222166
0.265106201171875	0.04972234932079503	-0.21400554057322357
0.265625	0.04580449435235942	-0.23062979524322394
0.266143798828125	0.04192907388874205	-0.2566823612568903
0.26666259765625	0.038147280432021084	-0.29131076450736515
0.267181396484375	0.034484334046065136	-0.33181062474236145
0.2677001953125	0.030958923453238203	-0.3750118591300901
0.268218994140625	0.027589737375855655	-0.41774438483529197
0.26873779296875	0.024395464536232824	-0.4568381190227081
0.269256591796875	0.02139479365668509	-0.4891229788570794
0.269775390625	0.018606413459527786	-0.5114288815031468
0.270294189453125	0.01604901266707628	-0.5205857441256514
0.27081298828125	0.013741280001645921	-0.5134234838893341
0.271331787109375	0.011701904185552071	-0.48677201795893565
0.2718505859375	0.009949573941110077	-0.4374612634991973
0.272369384765625	0.008502977990635294	-0.36232113767485985
0.27288818359375	0.007380805056443087	-0.2581815576506642
0.273406982421875	0.006601743860848797	-0.12187244059135166
0.27392578125	0.006184483126167785	0.04977629633833715
0.274444580078125	0.006141443896106241	0.2585304142789959
0.27496337890625	0.006452139034198971	0.49878234299473906
0.275482177734375	0.007085318442636914	0.7625129878151125
0.2760009765625	0.00800972590463204	1.0417018830652656
0.276519775390625	0.009194105203396313	1.3283285630703472
0.27703857421875	0.010607200122141702	1.614372562155507
0.277557373046875	0.012217754444080173	1.8918134146458951
0.278076171875	0.01399451195242369	2.1526306548666603
0.278594970703125	0.01590621643038422	2.3888038171429513
0.27911376953125	0.017921611661173727	2.592312435799919
0.279632568359375	0.02000944142800419	2.7551360451627116
0.2801513671875	0.022138449514087558	2.8692541795564788
0.280670166015625	0.024277379702635802	2.9266463733063706
0.28118896484375	0.026394975776860907	2.9192921607375357
0.281707763671875	0.028459981519974812	2.8391710761751234
0.2822265625	0.030442706235042624	2.6799449561115294
0.282745361328125	0.03232426427741146	2.4468867084892953
0.28326416015625	0.0340903288710147	2.150168185513823
0.283782958984375	0.03572658931398871	1.7999785126729284
0.2843017578125	0.03721873490446991	1.4065068154544311
0.284820556640625	0.038552454940594665	0.9799422193461476
0.28533935546875	0.03971343872049935	0.5304738498358943
0.285858154296875	0.04068737554232037	0.06829083241149059
0.286376953125	0.0414599547041941	-0.3964177074392476
0.286895751953125	0.04201686550425693	-0.8534626442285009
0.28741455078125	0.04234379724064523	-1.292654852468454
0.287933349609375	0.04242643921149541	-1.7038052066712894
0.2884521484375	0.04225048071494382	-2.0767245813491875
0.288970947265625	0.04180161104912688	-2.401223851014333
0.28948974609375	0.04106551951218096	-2.667113890178908
0.290008544921875	0.04003143389592093	-2.865260202606926
0.29052734375	0.03872117283786587	-2.9962418205704187
0.291046142578125	0.03717412733400163	-3.0658751244750078
0.29156494140625	0.03542985896693733	-3.0800273371635596
0.292083740234375	0.03352792931928202	-3.04456568147894
0.2926025390625	0.031507899973644816	-2.9653573802640154
0.293121337890625	0.029409332512634778	-2.8482696563616514
0.29364013671875	0.027271788518860987	-2.6991697326147137
0.294158935546875	0.025134829574932543	-2.5239248318660703
0.294677734375	0.02303801726345852	-2.328402176958585
0.295196533203125	0.021020913167048	-2.118468990735125
0.29571533203125	0.01912307886831008	-1.899992496038557
0.296234130859375	0.017384075949853816	-1.6788399157117464
0.2967529296875	0.01584346599428831	-1.4608784725975585
0.297271728515625	0.014540810584222645	-1.2519753895388608
0.29779052734375	0.013513063062337896	-1.0576878943143389
0.298309326171875	0.01276432609521706	-0.8796688394433223
0.298828125	0.012276241744813425	-0.7169015850802175
0.299346923828125	0.012030016477233174	-0.5683177198529168
0.29986572265625	0.012006856758582481	-0.43284883238931376
0.300384521484375	0.01218796905496753	-0.3094265113173022
0.3009033203125	0.01255455983249449	-0.1969823452647752
0.301422119140625	0.01308783555726954	-0.09444792285962614
0.30194091796875	0.013769002695398859	-0.0007548327297484947
0.302459716796875	0.014579267712988618	0.08516533649696434
0.302978515625	0.015499837076145006	0.16438099619261923
0.303497314453125	0.01651191725097419	0.23796055772932248
0.30401611328125	0.01759671470358235	0.3069724324791809
0.304534912109375	0.01873543590007567	0.3724850318143011
0.3050537109375	0.019909287306560317	0.4355667671067895
0.305572509765625	0.021099547896517773	0.4972705298964174
0.30609130859375	0.022288792659069887	0.5583718062127139
0.306610107421875	0.02346071460572014	0.6194067751203953
0.30712890625	0.024599043412963168	0.6809037677306031
0.307647705078125	0.025687508757293625	0.7433911151544792
0.30816650390625	0.02670984031520613	0.8073971485031648
0.308685302734375	0.027649767763195332	0.8734501988878021
0.3092041015625	0.028491020777755872	0.9420785974195325
0.309722900390625	0.029217329035382378	1.013810675209497
0.31024169921875	0.029812422212569495	1.0891747633688385
0.310760498046875	0.030260029985811867	1.1686991930086972
0.311279296875	0.030543882031604123	1.2529122952402154
0.311798095703125	0.0306477080264409	1.3423424011745353
0.31231689453125	0.030555237646816853	1.4375178419227974
0.312835693359375	0.030250200569226605	1.5389669485961437
0.3133544921875	0.029717123396010937	1.64715369904724
0.313873291015625	0.02896191000914812	1.7608158156575782
0.31439208984375	0.028013685940061532	1.8768158290123076
0.314910888671875	0.02690274331210018	1.9919220652080551
0.3154296875	0.025659374248613094	2.102902850341448
0.315948486328125	0.024313870872949287	2.206526510509112
0.31646728515625	0.02289652530845778	2.2995613718076733
0.316986083984375	0.021437629678487592	2.3787757603337614
0.3175048828125	0.019967476106387733	2.440938002183999
0.318023681640625	0.018516356715507238	2.4828164234550147
0.31854248046875	0.017114563629195112	2.5011793502434347
0.319061279296875	0.01579238897080038	2.492795108645886
0.319580078125	0.014580124863672059	2.4544320247589955
0.320098876953125	0.013508063431159172	2.382858424679389
0.32061767578125	0.012606496796610729	2.274842634503694
0.321136474609375	0.011905294973946079	2.1272344691245686
0.3216552734375	0.011415798857441551	1.9404608150305096
0.322174072265625	0.011123975863138284	1.719846942984687
0.32269287109375	0.011013959879153929	1.4710720887945683
0.323211669921875	0.011069884793606141	1.199815488267621
0.32373046875	0.011275884494612576	0.9117563772113134
0.324249267578125	0.01161609287029089	0.612573991433112
0.32476806640625	0.012074643808758733	0.30794756674048473
0.325286865234375	0.012635671198133762	0.0035563389409001833
0.3258056640625	0.013283308926533632	-0.29492045615817475
0.326324462890625	0.014001690882076	-0.5818035827492722
0.32684326171875	0.01477495095287851	-0.8514138050249244
0.327362060546875	0.015587223027058833	-1.098071887177664
0.327880859375	0.01642264099273461	-1.3160985934000224
0.328399658203125	0.017265338738023498	-1.4998146878845326
0.32891845703125	0.018099481535750875	-1.6435797760404338
0.329437255859375	0.0189118342857987	-1.7449707205080085
0.3299560546875	0.0196936683587945	-1.80714152067721
0.330474853515625	0.020436704448730254	-1.8338022514103096
0.33099365234375	0.021132663249597932	-1.828662987569577
0.331512451171875	0.021773265455389518	-1.7954338040172826
0.33203125	0.022350231760096984	-1.7378247756156977
0.332550048828125	0.02285528285771231	-1.6595459772270926
0.33306884765625	0.023280139442227468	-1.5643074837137374
0.333587646484375	0.023616522207634435	-1.4558193699379036
0.3341064453125	0.023856151847925187	-1.337791710761861
0.334625244140625	0.023990749057091705	-1.2139345810478803
0.33514404296875	0.024012034529125956	-1.0879580556582324
0.335662841796875	0.02391172895801992	-0.9635722094551874
0.336181640625	0.023681553037765583	-0.8444871173010162
0.336700439453125	0.023313264696658335	-0.7344055402966672
0.33721923828125	0.022806183399697307	-0.6355449620012522
0.337738037109375	0.022176339135807556	-0.5468404953563554
0.3382568359375	0.021441998306195215	-0.4667879652242335
0.338775634765625	0.020621427312066416	-0.3938831964671431
0.33929443359375	0.01973289255462727	-0.3266220139473407
0.339813232421875	0.018794660435083915	-0.2635002425270831
0.34033203125	0.017824997354642463	-0.2030137070686269
0.340850830078125	0.016842169714509053	-0.14365823243422862
0.34136962890625	0.0158644439158898	-0.08392964348614503
0.341888427734375	0.014910086359990832	-0.022323765086632676
0.3424072265625	0.013997363448018274	0.04266357790205173
0.342926025390625	0.013144541581178254	0.11253656061765166
0.34344482421875	0.012369887160676891	0.18879935819791047
0.343963623046875	0.01169166658772032	0.27295614578057137
0.344482421875	0.011128139790750172	0.3665105011493267
0.345001220703125	0.010691708791941708	0.4704253916502231
0.34552001953125	0.010378120543209345	0.5841267329228996
0.346038818359375	0.010180181907662438	0.7067691077069227
0.3465576171875	0.01009069974841036	0.8375070987418579
0.347076416015625	0.01010248092856247	0.975495288767272
0.34759521484375	0.010208332311228134	1.1198882605227305
0.348114013671875	0.010401060759516717	1.2698405967478
0.3486328125	0.010673473136537583	1.4245068801820469
0.349151611328125	0.011018376305400092	1.5830416935650358
0.34967041015625	0.011428577129213614	1.7445996196363347
0.350189208984375	0.011896882471087512	1.9083352411355086
0.3507080078125	0.012416099194131149	2.0734031408021245
0.351226806640625	0.012979034161453887	2.2389579013757475
0.35174560546875	0.013578494236165096	2.4041541055959446
0.352264404296875	0.014207286268277103	2.5681463284319554
0.352783203125	0.014857482308449984	2.729653196451897
0.353302001953125	0.015518442267934184	2.8857842536415057
0.35382080078125	0.016178900464960212	3.0332778865052914
0.354339599609375	0.01682759121775857	3.168872481547763
0.3548583984375	0.017453248844559777	3.2893064252734288
0.355377197265625	0.018044607663594347	3.391318104186798
0.35589599609375	0.01859040199309278	3.471645904792378
0.356414794921875	0.019079366151285596	3.5270282135946793
0.35693359375	0.01950023445640331	3.55420341709821
0.357452392578125	0.019841741226676427	3.549909901807479
0.35797119140625	0.02009262078033545	3.5108860542269937
0.358489990234375	0.020241607435610903	3.4338702608612657
0.3590087890625	0.0202774355107333	3.315600908214801
0.359527587890625	0.020188839323933137	3.152816382792109
0.36004638671875	0.01996455319344093	2.9422550710976996
0.360565185546875	0.019597932564284777	2.682193266495989
0.361083984375	0.019104569691700997	2.3783076528751232
0.361602783203125	0.018506737071481646	2.0384980921978806
0.36212158203125	0.017826708497851118	1.6706648785441673
0.362640380859375	0.01708675776503383	1.2827083059938877
0.3631591796875	0.01630915866725418	0.8825286686269462
0.363677978515625	0.015516184998736573	0.47802626052324854
0.36419677734375	0.014730110553705416	0.07710137576269849
0.364715576171875	0.013973209126385108	-0.31234569157479736
0.365234375	0.013267754511000056	-0.6824146474093363
0.365753173828125	0.012636020501774666	-1.0252051976610121
0.36627197265625	0.012100280892933342	-1.3328170482499198
0.366790771484375	0.011682809478700486	-1.5973499050961555
0.3673095703125	0.011405880053300503	-1.8109034741198136
0.367828369140625	0.011291766410957804	-1.9655774612409889
0.36834716796875	0.011358265091458363	-2.054963859400035
0.368865966796875	0.011594941959415603	-2.082064059799678
0.369384765625	0.011980388923862797	-2.053537117440485
0.369903564453125	0.012493173424859439	-1.9760502429309887
0.37042236328125	0.013111862902465025	-1.8562706468797225
0.370941162109375	0.01381502479673905	-1.7008655398952184
0.3714599609375	0.014581226547741013	-1.5165021325860095
0.371978759765625	0.015389035595530412	-1.309847635560628
0.37249755859375	0.016217019380166738	-1.0875692594276063
0.373016357421875	0.017043745341709493	-0.8563342147954776
0.37353515625	0.01784778092021817	-0.6228097122727749
0.374053955078125	0.018607693555752265	-0.3936629624680298
0.37457275390625	0.019302050688371278	-0.1755611759897752
0.375091552734375	0.019909419758134705	0.02482843655345572
0.3756103515625	0.02040836820510204	0.20083866455313132
0.376129150390625	0.020779739873996617	0.34658659466549124
0.37664794921875	0.02102342163306704	0.46275026973401445
0.377166748046875	0.021148788349669267	0.5532766644693038
0.377685546875	0.021165284317444296	0.622136673250677
0.378204345703125	0.021082353830033075	0.6733011904574506
0.37872314453125	0.02090944118107657	0.7107411104689425
0.379241943359375	0.020655990664215758	0.7384273276644702
0.3797607421875	0.02033144657309161	0.7603307364233507
0.380279541015625	0.019945253201345076	0.7804222311249016
0.38079833984375	0.019506854842617143	0.80267270614844
0.381317138671875	0.019025695790548768	0.8310530558732835
0.3818359375	0.01851122033878092	0.8695341746787496
0.382354736328125	0.017972872780954566	0.9220869569441552
0.38287353515625	0.017420097410710676	0.9926822970488178
0.383392333984375	0.016862338521690223	1.085291089372055
0.3839111328125	0.01630852600918113	1.2033731641786503
0.384429931640625	0.015761758938228947	1.3445953158941077
0.38494873046875	0.015221444134375456	1.5029560318790018
0.385467529296875	0.014686929937985687	1.672395693407652
0.385986328125	0.01415756468942467	1.8468546817543783
0.386505126953125	0.013632696729057436	2.0202733781935014
0.38702392578125	0.013111674397249015	2.1865921639993413
0.387542724609375	0.012593846034364434	2.339751420446219
0.3880615234375	0.01207855998076873	2.4736915288084536
0.388580322265625	0.011565164576826924	2.5823528703603666
0.38909912109375	0.01105300816290405	2.6596758263762768
0.389617919921875	0.010541439079365137	2.699600778130505
0.39013671875	0.010029805666575213	2.696068106897373
0.390655517578125	0.009517456264899315	2.6430181939511987
0.39117431640625	0.009003739214702463	2.5343914205663047
0.391693115234375	0.008488403174168506	2.3646125642269293
0.3922119140625	0.007977548385714305	2.1357920041688603
0.392730712890625	0.007482356378827812	1.8561886248481765
0.39324951171875	0.007014150969326222	1.534233481319821
0.393768310546875	0.0065842559730267215	1.1783576286387378
0.394287109375	0.0062039952057465035	0.7969921218598727
0.394805908203125	0.005884692483302757	0.39856801603816955
0.39532470703125	0.005637671621512669	-0.008483633771427468
0.395843505859375	0.005474256436193434	-0.4157317725139731
0.3963623046875	0.005405770743162239	-0.8147453451345232
0.396881103515625	0.005443538358236276	-1.1970932965781336
0.39739990234375	0.005598883097232734	-1.5543445717898585
0.397918701171875	0.0058831287759688	-1.8780681157147552
0.3984375	0.00630759921026167	-2.159832873297878
0.398956298828125	0.00688361821592853	-2.3912077894842825
0.39947509765625	0.007621720346128145	-2.564042872349855
0.399993896484375	0.008514034426656512	-2.676742565686634
0.4005126953125	0.009534142070511634	-2.7343161331670234
0.401031494140625	0.01065480733042587	-2.742063978612339
0.40155029296875	0.011848794259131594	-2.705286505843893
0.402069091796875	0.01308886690936117	-2.6292841186830005
0.402587890625	0.01434778933384696	-2.5193572209509756
0.403106689453125	0.015598325585321336	-2.380806216469132
0.40362548828125	0.016813239716516666	-2.218931509058784
0.404144287109375	0.017965295780165307	-2.039033502541246
0.4046630859375	0.019027257828999635	-1.8464126007378319
0.405181884765625	0.01997188991575201	-1.6463692074698555
0.40570068359375	0.0207719560931548	-1.4442037265586312
0.406219482421875	0.021400220413940373	-1.2452165618254736
0.40673828125	0.021829446930841094	-1.0547081170916957
0.407257080078125	0.02203297739823976	-0.8778963658957615
0.40777587890625	0.022005490138889472	-0.7169548394337497
0.408294677734375	0.021768748490932716	-0.5701924002134809
0.4088134765625	0.021346263732977433	-0.4356685030651879
0.409332275390625	0.020761547143631546	-0.31144260281910285
0.40985107421875	0.02003811000150299	-0.19557415430545808
0.410369873046875	0.019199463585199698	-0.08612261235448616
0.410888671875	0.01826911917332959	0.018852568203580444
0.411407470703125	0.017270588044500608	0.1212919325385096
0.41192626953125	0.016227381477320668	0.22313602582006875
0.412445068359375	0.015163010750397717	0.32632539321802545
0.4129638671875	0.014100987142339677	0.4328005799021473
0.413482666015625	0.01306482193175448	0.544502131042202
0.41400146484375	0.012078026397250054	0.6633705918079571
0.414520263671875	0.011164111817434333	0.7913465073691802
0.4150390625	0.01034643383100542	0.9303347625036279
0.415557861328125	0.009638083413339864	1.079888390729836
0.41607666015625	0.009035684536150765	1.2357874870793901
0.416595458984375	0.008534377520582613	1.3934722108890853
0.4171142578125	0.0081293026877799	1.5483827214957158
0.417633056640625	0.007815600358887129	1.6959591782360768
0.41815185546875	0.007588410855048792	1.8316417404469623
0.418670654296875	0.007442874497409379	1.9508705674651674
0.419189453125	0.007374131607113386	2.0490858186274865
0.419708251953125	0.007377322505305312	2.1217276532707143
0.42022705078125	0.007447587513129645	2.164236230731645
0.420745849609375	0.007580066951730884	2.172051710347075
0.4212646484375	0.007769901142253524	2.1406142514537976
0.421783447265625	0.008012230405842053	2.0653640133886064
0.42230224609375	0.008302195063640973	1.9417411554882982
0.422821044921875	0.008634925082120626	1.7652114717367753
0.42333984375	0.009004044252426615	1.5349695333229612
0.423858642578125	0.009400103945716621	1.2578161770723066
0.42437744140625	0.00981328108107141	0.9414792556402554
0.424896240234375	0.010233752577571755	0.593686621682252
0.4254150390625	0.01065169535429842	0.22216612785374001
0.425933837890625	0.011057286330332167	-0.1653543731898353
0.42645263671875	0.011440702424753769	-0.5611470287930307
0.426971435546875	0.011792120556643993	-0.9574839863004009
0.427490234375	0.012101717645083603	-1.3466373930565034
0.428009033203125	0.012359670609153368	-1.7208793964058928
0.42852783203125	0.01255615636793405	-2.0724821436931244
0.429046630859375	0.012681351840506425	-2.3937177822627556
0.4295654296875	0.012725433945951253	-2.676858459459341
0.430084228515625	0.012678579603349303	-2.9141763226274366
0.43060302734375	0.012530978279690129	-3.0979497315055475
0.431121826171875	0.012279073119384963	-3.223553203799874
0.431640625	0.011935668234922323	-3.29446147381815
0.432159423828125	0.011516210358431428	-3.3154576209112703
0.43267822265625	0.011036146222041502	-3.2913247244301242
0.433197021484375	0.010510922557881764	-3.2268458637256052
0.4337158203125	0.009955986098081437	-3.1268041181486073
0.434234619140625	0.009386783574769745	-2.9959825670500217
0.43475341796875	0.008818761720075903	-2.839164289780742
0.435272216796875	0.00826736726612914	-2.6611323656916595
0.435791015625	0.007748046945058673	-2.4666698741336677
0.436309814453125	0.007276247488993727	-2.260559894457659
0.43682861328125	0.00686741563006352	-2.047585506014525
0.437347412109375	0.0065369981003972795	-1.8325297881551603
0.4378662109375	0.00630044163212422	-1.6201758202304555
0.438385009765625	0.006173192123166427	-1.4153065475096211
0.43890380859375	0.006164990064952369	-1.221787888221588
0.439422607421875	0.006266250051917271	-1.0403795191486338
0.43994140625	0.006463298691885812	-0.8711840570955667
0.440460205078125	0.006742462592682679	-0.7143041188671924
0.44097900390625	0.007090068362132555	-0.5698423212683176
0.441497802734375	0.0074924426080601216	-0.437901281103749
0.4420166015625	0.007935911938290064	-0.31858361517829337
0.442535400390625	0.008406802960647063	-0.21199194029675708
0.44305419921875	0.008891442282955806	-0.11822887326394681
0.443572998046875	0.009376156513040973	-0.037397030884669225
0.444091796875	0.009847272258727249	0.030400970036268953
0.444610595703125	0.010291116127839317	0.08506251269406134
0.44512939453125	0.01069401472820186	0.1264849802839013
0.445648193359375	0.011042294667639561	0.15456575600098194
0.4461669921875	0.011322282553977107	0.169202223040497
0.446685791015625	0.011523446418295743	0.17078181820765084
0.44720458984375	0.01164911570133004	0.1618543210694044
0.447723388671875	0.011706441844975171	0.14556573313202756
0.4482421875	0.011702576412403295	0.125062074820675
0.448760986328125	0.011644670966786562	0.10348936656050065
0.44927978515625	0.011539877071297128	0.08399362877665907
0.449798583984375	0.011395346289107159	0.06972088189430463
0.4503173828125	0.0112182301833888	0.0638171463385915
0.450836181640625	0.01101568031731421	0.06942844253467412
0.45135498046875	0.010794848254055545	0.08970079090770686
0.451873779296875	0.010562885556784963	0.12778021188284394
0.452392578125	0.010326943788674617	0.18681272588523978
0.452911376953125	0.010094174512896665	0.2699443533400487
0.45343017578125	0.009871729292623262	0.380321114672425
0.453948974609375	0.009666759691026563	0.5210890303075231
0.4544677734375	0.009485301113973684	0.6942334164130313
0.454986572265625	0.009326951059063015	0.8950447375412355
0.45550537109375	0.00918900373986794	1.1164182478543658
0.456024169921875	0.009068750459675014	1.3512461750753622
0.45654296875	0.00896348252177079	1.5924207469271654
0.457061767578125	0.008870491229441817	1.8328341911327164
0.45758056640625	0.008787067885974647	2.065378735414955
0.458099365234375	0.008710503794655837	2.2829466074968225
0.4586181640625	0.008638090258771937	2.478430035101259
0.459136962890625	0.008567118581609499	2.6447212459512057
0.45965576171875	0.008494880066455077	2.774712467769602
0.460174560546875	0.00841866601659522	2.8612959282793895
0.460693359375	0.008335767735316482	2.897363855203508
0.461212158203125	0.008243476525905416	2.875808476264898
0.46173095703125	0.008139083691648574	2.789522019186501
0.462249755859375	0.00802026356894664	2.6327716741491987
0.4627685546875	0.007887607230312012	2.4102947512931148
0.463287353515625	0.0077430474168270445	2.1316447081007968
0.46380615234375	0.00758852397086671	1.8064004933514923
0.464324951171875	0.007425976734805984	1.4441410558244485
0.46484375	0.007257345551019843	1.054445344298913
0.465362548828125	0.007084570261883258	0.6468923075541334
0.46588134765625	0.006909590709771206	0.23106089436935606
0.466400146484375	0.0067343467370586645	-0.1834699464761707
0.4669189453125	0.006560778186120605	-0.5871212662031983
0.467437744140625	0.006390824899332003	-0.9703141160324816
0.46795654296875	0.006226426719067833	-1.3234695471847722
0.468475341796875	0.006069523487703072	-1.637008610880822
0.468994140625	0.005922055047612692	-1.9013523583413838
0.469512939453125	0.00578596124117167	-2.106921840787212
0.47003173828125	0.005663075099982527	-2.2451010059012084
0.470550537109375	0.0055541362991345005	-2.3171303831915995
0.4710693359375	0.005459243706722204	-2.330027361315486
0.471588134765625	0.005378488070390408	-2.2908825345837243
0.47210693359375	0.005311960137783883	-2.206786497307169
0.472625732421875	0.0052597506565474	-2.0848298437966775
0.47314453125	0.005221950374325728	-1.9321031683631051
0.473663330078125	0.0051986500387636355	-1.7556970653173076
0.47418212890625	0.005189940397505897	-1.5627021289701404
0.474700927734375	0.00519591219819728	-1.3602089536324597
0.4752197265625	0.005216656188482556	-1.1553081336151219
0.475738525390625	0.0052522631160064935	-0.9550902632289824
0.47625732421875	0.005302823728413865	-0.7666459367848969
0.476776123046875	0.005368428773349439	-0.5970657485937222
0.477294921875	0.005449168998457986	-0.4534402929663129
0.477813720703125	0.005545020794237511	-0.34241835555456596
0.47833251953125	0.005654341680613707	-0.264394359630631
0.478851318359375	0.005774288526034459	-0.21512411833783468
0.4793701171875	0.005901989834647681	-0.1902538618709329
0.479888916015625	0.006034574110601285	-0.18542982042468228
0.48040771484375	0.0061691698580431855	-0.19629822419383947
0.480926513671875	0.0063029055811213	-0.21850530337316032
0.4814453125	0.006432909783983537	-0.24769728815740166
0.481964111328125	0.0065563109707778115	-0.2795204087413199
0.48248291015625	0.006670237645652039	-0.3096208953196711
0.483001708984375	0.006771818312754134	-0.33364497808721205
0.4835205078125	0.006858181476232008	-0.34723888723869906
0.484039306640625	0.006926455640233575	-0.3460488529688882
0.48455810546875	0.006973769308906752	-0.32572110547253647
0.485076904296875	0.006997250986399449	-0.2819018749443999
0.485595703125	0.006994173686851411	-0.21048002776570318
0.486114501953125	0.006964763067926913	-0.11230199868867516
0.48663330078125	0.006912004898009746	0.0071514769526656585
0.487152099609375	0.0068389908940213184	0.14222177336285585
0.4876708984375	0.006748812772883046	0.2872502647464311
0.488189697265625	0.006644562251516335	0.4365783253079278
0.48870849609375	0.0065293310468426	0.5845473292518826
0.489227294921875	0.006406210875783252	0.7254986507828309
0.48974609375	0.0062782934552597005	0.8537736641053093
0.490264892578125	0.0061486705021933565	0.9637137434238542
0.49078369140625	0.006020433733505635	1.0496602629430012
0.491302490234375	0.005896674866117943	1.1059545968672868
0.4918212890625	0.005780485616951695	1.1269381194012478
0.492340087890625	0.0056749577029282985	1.1069522047494191
0.49285888671875	0.005583182840969169	1.0403382271163382
0.493377685546875	0.005508199696161567	0.9216158800221055
0.493896484375	0.005451377722193371	0.750915457243257
0.494415283203125	0.005412121462022516	0.5349717657110422
0.49493408203125	0.005389722773328455	0.28089837328095957
0.495452880859375	0.005383473513790631	-0.004191152191492575
0.4959716796875	0.005392665541088493	-0.31318324285081417
0.496490478515625	0.0054165907129014885	-0.6389643308415072
0.49700927734375	0.005454540886909066	-0.974420848308073
0.497528076171875	0.005505807920790672	-1.3124392273950123
0.498046875	0.005569683672225753	-1.645905900246825
0.498565673828125	0.005645459998893759	-1.967707299008014
0.49908447265625	0.0057324287584741345	-2.2707298558230797
0.499603271484375	0.00582988180864633	-2.5478600028365235
0.5001220703125	0.00593711100708979	-2.791984172192846
0.500640869140625	0.006053408211483965	-2.995988796036549
0.50115966796875	0.006178046591409554	-3.1528413476548436
0.501678466796875	0.006309296580974804	-3.2598576735766374
0.502197265625	0.006443938959192689	-3.3208135257929827
0.502716064453125	0.006578633624826829	-3.3400088548061144
0.50323486328125	0.006710040476640835	-3.3217436111182725
0.503753662109375	0.006834819413398327	-3.2703177452316954
0.5042724609375	0.006949630333862915	-3.1900312076486212
0.504791259765625	0.007051133136798218	-3.085183948871287
0.50531005859375	0.007135987720967851	-2.960075919401932
0.505828857421875	0.007200853985135428	-2.819007069742794
0.50634765625	0.007242391828064566	-2.666277350396111
0.506866455078125	0.007257261148518877	-2.506186711864121
0.50738525390625	0.007242121845261982	-2.3430351046490627
0.507904052734375	0.007193633817057491	-2.181122479253174
0.5084228515625	0.007108456962669022	-2.0247487861786926
0.508941650390625	0.006983277998216207	-1.8781984396151683
0.50946044921875	0.006817701748133332	-1.7440652827947143
0.509979248046875	0.006616832659073563	-1.6217570189582022
0.510498046875	0.006386384246670092	-1.5103284945578976
0.511016845703125	0.006132070026556113	-1.4088345560460669
0.51153564453125	0.005859603514364818	-1.316330049874976
0.512054443359375	0.005574698225729402	-1.231869822496891
0.5125732421875	0.005283067676283055	-1.1545087203640778
0.513092041015625	0.004990425381658973	-1.0833015899288028
0.51361083984375	0.0047024848574903485	-1.017303277643332
0.514129638671875	0.004424959619410373	-0.9555686299599311
0.5146484375	0.00416356318305224	-0.8971524933308667
0.515167236328125	0.003924009064049145	-0.8411097142084046
0.51568603515625	0.0037120107780342793	-0.786495139044811
0.516204833984375	0.0035332818406408352	-0.732363614292352
0.5167236328125	0.003393528101099753	-0.677770173283973
0.517242431640625	0.003296084717170855	-0.6218276387065855
0.51776123046875	0.0032385737925565653	-0.5637880979752051
0.518280029296875	0.0032177741723958255	-0.5029241942659844
0.518798828125	0.003230464701827576	-0.43850857075507615
0.519317626953125	0.00327342422599076	-0.3698138706186327
0.51983642578125	0.0033434315900243185	-0.2961127370328068
0.520355224609375	0.003437265639067193	-0.21667781317375112
0.5208740234375	0.003551705218258326	-0.13078174221761812
0.521392822265625	0.003683529172736658	-0.03769716734056047
0.52191162109375	0.003829516347641131	0.06330326828126918
0.522430419921875	0.0039864455881106885	0.1729469214717184
0.52294921875	0.004151095739284269	0.29196114905463444
0.523468017578125	0.004320245646300815	0.4210733078538646
0.52398681640625	0.004490674154299271	0.5610107546932567
0.524505615234375	0.0046591602544443205	0.7125003090217871
0.5250244140625	0.004822792288503833	0.8751303797846964
0.525543212890625	0.004979620922919898	1.0449480202426225
0.52606201171875	0.005127883408075782	1.2173136545813494
0.526580810546875	0.0052658169943547535	1.3875877069866616
0.527099609375	0.005391658932140083	1.5511306016443425
0.527618408203125	0.005503646471815037	1.7033027627401762
0.52813720703125	0.005600016863762884	1.8394646144599474
0.528656005859375	0.005679007358366896	1.9549765809894395
0.5291748046875	0.00573885520601034	2.0451990865144367
0.529693603515625	0.005777797657076483	2.105492555220722
0.53021240234375	0.005794071961948595	2.131217411294082
0.530731201171875	0.005785915371009945	2.1177340789202983
0.53125	0.005751565134643801	2.060402982285156
