0.0	0.058413125511616606	0.0
0.007827788649706457	0.12186952108295095	1.3554814092829475
0.015655577299412915	0.11491515526108897	2.7549585632913574
0.023483365949119372	0.11993591553160193	-2.152925599060911
0.03131115459882583	0.12553373224962558	-0.7299942784131168
0.03913894324853229	0.14230991936400525	0.679937829759212
0.046966731898238745	0.1509863526855477	1.8775788998720737
0.0547945205479452	0.13421439694981493	-3.0678315342210944
0.06262230919765166	0.19661210177150454	-1.2347404810055396
0.07045009784735812	0.17102350320394213	-0.47907199972797193
0.07827788649706457	0.7363663079468128	1.3739371757091652
0.08610567514677103	0.4344639130870182	-0.7502352566581215
0.09393346379647749	1.3370802651906069	-1.3845993881046714
0.10176125244618395	0.9318187134388312	-2.819187148810798
0.1095890410958904	1.2897988631171542	2.2195450034442166
0.11741682974559686	0.334218201602033	1.2830843771182157
0.12524461839530332	0.5931856464214349	0.6815258858702113
0.13307240704500978	0.43482009450874337	-0.5443408019159984
0.14090019569471623	0.4471605626724576	-0.8547592175396785
0.1487279843444227	0.28171704583354434	3.110736881274163
0.15655577299412915	0.3511135269510361	-2.685437496422708
0.1643835616438356	0.17943680892727856	-1.8093437554994032
0.17221135029354206	0.32566135629784015	1.3263710462297347
0.18003913894324852	0.26985746738739075	1.9791700611166791
0.18786692759295498	0.15215759883512703	-2.068573733158683
0.19569471624266144	0.11292228638114823	-0.251021059326847
0.2035225048923679	0.15830627007744444	0.8910020863424748
0.21135029354207435	0.09594591621377024	1.018621146618579
0.2191780821917808	0.08730590408651513	-2.4016272486753
0.22700587084148727	0.11986785744858719	-1.633160202751764
0.23483365949119372	0.07857774483403195	0.23775387577842394
0.24266144814090018	0.14236709659676136	1.5296299564462166
0.25048923679060664	0.053239841870836906	-2.4730542509497213
0.2583170254403131	0.07818427673541715	-1.0472432472340012
0.26614481409001955	0.04192156921285375	-0.2567423315643887
0.273972602739726	0.006165265692895232	0.06711484314899041
0.28180039138943247	0.028820752062381026	2.816597462263864
0.2896281800391389	0.04081873074107617	-2.726855480805228
0.2974559686888454	0.014142931006321106	-1.1810759358772445
0.30528375733855184	0.02043614182097245	0.4630390973953513
0.3131115459882583	0.029995855972119338	1.5956451698054597
0.32093933463796476	0.012146429064092423	2.188153149807398
0.3287671232876712	0.01785796000077463	-1.6060812139759897
0.33659491193737767	0.023399741689775787	-0.7558927428845303
0.34442270058708413	0.011186589253533998	0.3552147660378051
0.3522504892367906	0.014190099948304485	2.5637707581853975
0.36007827788649704	0.019946086629367893	2.927679787390715
0.3679060665362035	0.011290068385132893	-1.9831853094616012
0.37573385518590996	0.020508812799012736	0.23841349648396604
0.3835616438356164	0.0166808205170935	1.1209446746901972
0.3913894324853229	0.008790175314880131	2.471619815053736
0.39921722113502933	0.007234165423737152	-2.4858716305751853
0.4070450097847358	0.02197852663047947	-0.9482159706197308
0.41487279843444225	0.010596659121370292	0.8844949278467429
0.4227005870841487	0.008554120098699857	1.811137311621262
0.43052837573385516	0.012558786880225527	-3.0750935673556183
0.4383561643835616	0.006177135359640373	-1.4264195708144742
0.4461839530332681	0.011330126858177698	0.16945260358643344
0.45401174168297453	0.009643489275042702	0.5403315851014484
0.461839530332681	0.00811545281892645	2.762610870453681
0.46966731898238745	0.005747946462207856	-2.155330118413448
0.4774951076320939	0.005484389842128171	-0.40646787858698963
0.48532289628180036	0.006999228267445165	-0.2516597399731469
0.4931506849315068	0.005538767550886024	0.9802591100305295
0.5009784735812133	0.006133622140641469	-3.1038189778864034
0.5088062622309197	0.0070199722050734185	-1.9152652460611106
0.5166340508806262	0.0034146329206449634	-0.6872708953317475
0.5244618395303327	0.004645097934110913	0.6992540553224055
0.5322896281800391	0.0055968118483186256	1.7949066356603056
0.5401174168297456	0.002662145094819938	-3.0411531348513012
0.547945205479452	0.003760855113278228	-1.3694771736541136
0.5557729941291585	0.00728480600432742	-0.5506238509404795
0.5636007827788649	0.004028620926261148	0.49059603280290065
0.5714285714285714	0.005268071168795467	3.0245597256565055
0.5792563600782779	0.007713804344116108	-2.8400888659284007
0.5870841487279843	0.0026496175258848417	-1.1132442299045735
0.5949119373776908	0.005604369734503969	0.8412859818551636
0.6027397260273972	0.007787325822989496	1.1525031550667002
0.6105675146771037	0.0014526418790905425	2.8931702517221485
0.6183953033268101	0.006966362819300294	-1.2547409685294548
0.6262230919765166	0.005625306559100497	-1.1617638240814092
0.6340508806262231	0.0017584552723600752	0.15463302945526913
0.6418786692759295	0.004973203071444212	2.6855126622292844
0.649706457925636	0.00780356839348094	2.9900433329010347
0.6575342465753424	0.0011254132553189177	-2.6076651565293743
0.6653620352250489	0.007329549508260349	0.4683899938847411
0.6731898238747553	0.008570980693506265	0.8215004062616889
0.6810176125244618	0.0007955951378553099	-0.6985697486303012
0.6888454011741683	0.007941738616537509	-1.7143384297295496
0.6966731898238747	0.007453637829328697	-1.52811282924016
0.7045009784735812	0.0014863043216818959	2.345470955286799
0.7123287671232876	0.009170728751432601	2.2225900277110666
0.7201565557729941	0.006793539244795099	2.229331725627954
0.7279843444227005	0.003687839955397425	0.019977631894974143
0.735812133072407	0.010510770186310166	-0.1913555057069403
0.7436399217221135	0.0056734753237698676	-0.0711234337763676
0.7514677103718199	0.004876612530047563	-2.7500974109506684
0.7592954990215264	0.009079039395567503	-2.4446261071993427
0.7671232876712328	0.003585309096340525	-1.8116504680443424
0.7749510763209393	0.005791278078718078	1.2590075773718696
0.7827788649706457	0.008274376832279709	1.6603529190539181
0.7906066536203522	0.0019421582823922776	2.4438984960247674
0.7984344422700587	0.005861552604292774	-0.893776866137734
0.8062622309197651	0.0074714360174779944	-0.364352198140461
0.8140900195694716	0.001636975986873906	0.3209079948076262
0.821917808219178	0.005578527134233031	-2.9571326193867256
0.8297455968688845	0.006072718696850334	-2.539539777096639
0.837573385518591	0.0003074964274358982	-1.9173540130421012
0.8454011741682974	0.005631872289559971	0.9605091620371354
0.8532289628180039	0.005202697429405343	1.438790392749401
0.8610567514677103	0.0009489929305576652	-1.8017994201146657
0.8688845401174168	0.0052326553961189485	-1.1418747377370195
0.8767123287671232	0.004279758888855256	-0.8336331987602559
0.8845401174168297	0.0014993878843606624	2.1753070215382397
0.8923679060665362	0.004233520734010472	2.8033723668567907
0.9001956947162426	0.003102053284825362	-2.844801773448763
0.9080234833659491	0.0019122867446173515	-0.1067288816405164
0.9158512720156555	0.0034312088622454966	0.6424040443251635
0.923679060665362	0.0020431872351513998	1.2537233583752077
0.9315068493150684	0.0015127129961536208	-2.6925467973260564
0.9393346379647749	0.0025639748067861974	-1.4764945816818804
0.9471624266144814	0.0019308935307938496	-0.5857263351398929
0.9549902152641878	0.0010443359872367877	1.2482091985229566
0.9628180039138943	0.0018425574010157537	2.4956306471067333
0.9706457925636007	0.0014557608186877794	-2.963912168362563
0.9784735812133072	0.001000177416640829	-1.2966829619476619
0.9863013698630136	0.0021828294570742086	0.21441577979850607
0.9941291585127201	0.0012800044304132128	1.0663295252552356
1.0019569471624266	0.0009367928033145954	2.560418857831079
1.009784735812133	0.0015239363929584553	-2.217699965414524
1.0176125244618395	0.0018467707111360033	-1.0119827737803206
1.025440313111546	0.0014602260503177934	0.4091259610342781
1.0332681017612524	0.0014356249584501404	1.7997231731696925
1.0410958904109588	0.001556860730588988	3.10266361557906
1.0489236790606653	0.0015991230438041262	-1.7153696777343692
1.0567514677103718	0.0018740550630073737	-0.38417525618077936
1.0645792563600782	0.0014841142300754601	1.0369522366197166
1.0724070450097847	0.001736147615341824	2.4720411825105333
1.0802348336594911	0.0014420170007117825	-2.511912935284916
1.0880626223091976	0.0016876011691573211	-0.9731150328572923
1.095890410958904	0.0018516920682624817	0.34116633886680364
1.1037181996086105	0.0010111222924892732	1.6828773534996566
1.111545988258317	0.0016751927787124403	-2.953163612895887
1.1193737769080234	0.0013256806905764316	-2.039803878698648
1.1272015655577299	0.0010126527907174685	-0.3524482028879194
1.1350293542074363	0.001437584224674736	0.974877194982387
1.1428571428571428	0.0013673229323696101	2.0019508384456293
1.1506849315068493	0.0010575110490455182	-2.752763611351335
1.1585127201565557	0.0013536252619052351	-1.135243093781363
1.1663405088062622	0.0014596087870316857	-0.027683986243494687
1.1741682974559686	0.0011108141523069343	1.1986596891001278
1.181996086105675	0.001354055235413828	2.937015311439073
1.1898238747553815	0.0014330505091615419	-2.2106118192131103
1.197651663405088	0.0011033833915726284	-0.6135961632163971
1.2054794520547945	0.0014390801715225836	0.7673929040648626
1.213307240704501	0.001208461583006659	1.8921354196192501
1.2211350293542074	0.0009843318625945888	-2.7968418160102755
1.2289628180039138	0.0012989121481318683	-1.3196964281697814
1.2367906066536203	0.001195875406743224	-0.18707511857824477
1.2446183953033267	0.000884174971973111	1.3132893212489285
1.2524461839530332	0.0010896933768449531	2.6580433299032187
1.2602739726027397	0.001028348100334679	-2.421993595877346
1.2681017612524461	0.0008950661658760508	-0.9504483363519982
1.2759295499021526	0.0012438223002968316	0.49918159667858164
1.283757338551859	0.0010835700647139897	1.5873047260833455
1.2915851272015655	0.0009165062928045635	-3.0168149992184174
1.299412915851272	0.0010875608491509807	-1.625810168085701
1.3072407045009784	0.0010411914161453687	-0.3984965840402663
1.3150684931506849	0.0008862081719021941	1.0092071230378645
1.3228962818003913	0.001080131715478369	2.378885782261078
1.3307240704500978	0.0008937489303940479	-2.563650769612201
1.3385518590998042	0.0009395097318255567	-1.0025593367768817
1.3463796477495107	0.0010033990760407326	0.32346723727543447
1.3542074363992171	0.0008546468813615231	1.503489948684229
1.3620352250489236	0.0007001747624109838	3.002334562513666
1.36986301369863	0.0008583872826406678	-1.987419199873413
1.3776908023483365	0.0008915237147273102	-0.6067390274941928
1.385518590998043	0.000905263417489217	0.7059058980730997
1.3933463796477494	0.0008561274624406084	2.1373993942973994
1.401174168297456	0.0007855821755027653	-2.764025752162267
1.4090019569471623	0.0008064800610234397	-1.259404063690749
1.4168297455968688	0.0008185121163007138	-0.0995045799910486
1.4246575342465753	0.0008419572814919994	1.2516666958471094
1.4324853228962817	0.0007739502768718897	2.6530847795641628
1.4403131115459882	0.0008260387654319268	-2.112836186747752
1.4481409001956946	0.0008154675891340266	-0.744595142630253
1.455968688845401	0.0007845284775929845	0.5619949441117091
1.4637964774951076	0.0006714740581700469	1.8971993897772201
1.471624266144814	0.0006964914113291764	-3.0328035570313556
1.4794520547945205	0.0007186166357516326	-1.6386037090753593
1.487279843444227	0.0007984092256276463	-0.2786312195108306
1.4951076320939334	0.000760851162149856	1.0528220034914249
1.5029354207436398	0.0007231354819799528	2.533182750506983
1.5107632093933463	0.000647939634376347	-2.364816083221036
1.5185909980430528	0.0006784107478310572	-1.0370207645498168
1.5264187866927592	0.0006939373420439462	0.2631539120768777
1.5342465753424657	0.000707391738557441	1.584857742282528
1.5420743639921721	0.0006761519852397409	3.006957706599026
1.5499021526418786	0.0007044307260946984	-1.7900218969610056
1.557729941291585	0.0006896871875594215	-0.39769058169217036
1.5655577299412915	0.0006546582635793193	0.8880044620892784
1.573385518590998	0.0005750897314798988	2.2089432222164267
1.5812133072407044	0.0006199523385312346	-2.7139981673023534
1.5890410958904109	0.0006158367444034927	-1.2970071010959716
1.5968688845401173	0.0007203548327624514	0.057729278038678285
1.6046966731898238	0.0006493341579513369	1.478968654937003
1.6125244618395302	0.0005763280821738016	2.778342429315301
1.6203522504892367	0.0005796629414821515	-1.9605162476702314
1.6281800391389432	0.0005983269747881556	-0.7531041132211911
1.6360078277886496	0.0006109953884675429	0.6338097714344526
1.643835616438356	0.000603200816997447	1.9026825604305937
1.6516634050880625	0.0006033777841516138	-2.860461617634975
1.659491193737769	0.0005582573655668523	-1.4303155387968711
1.6673189823874754	0.0006219499880589995	-0.06652668193539886
1.675146771037182	0.0005312026187931772	1.165173655330659
1.6829745596868884	0.000525811929865568	2.5525792252602137
1.6908023483365948	0.0005101583887080434	-2.3453546626400996
1.6986301369863013	0.0005906752137019418	-0.9392060779551717
1.7064579256360077	0.0005799944665624943	0.40043961632690145
1.7142857142857142	0.0005748015739694872	1.7765420264426182
1.7221135029354206	0.0004832724465666585	-3.074221141518995
1.729941291585127	0.0005182116097597125	-1.6718058960127342
1.7377690802348336	0.0005068123249836664	-0.34165473961623954
1.74559686888454	0.0005485937597673448	0.8829365848610269
1.7534246575342465	0.0004940807718389302	2.3384521113911365
1.761252446183953	0.0005137277329162049	-2.5606969792608636
1.7690802348336594	0.0005210850068534664	-1.0576195214504602
1.7769080234833659	0.0005215457507187342	0.2249287118024707
1.7847358121330723	0.00046426164629998103	1.5671272630517477
1.7925636007827788	0.0004344569685737198	2.864851409897848
1.8003913894324852	0.00047486617912677407	-1.9589990169119849
1.8082191780821917	0.0004908719096241212	-0.6086522273773833
1.8160469667318981	0.0005201756378215698	0.7438830637815596
1.8238747553816046	0.00047101985446249857	2.1294969162134465
1.831702544031311	0.00041236568610774596	-2.723290237674673
1.8395303326810175	0.00045287148592833455	-1.3420849070457295
1.847358121330724	0.00045483252106940503	-0.06418392979400213
1.8551859099804304	0.0004705134424165473	1.2220672332103102
1.8630136986301369	0.0004548123739918167	2.718740294558554
1.8708414872798433	0.00043319807063022154	-2.2015929394398035
1.8786692759295498	0.0004626077223541595	-0.6930559531943773
1.8864970645792563	0.0004334097597293526	0.5216725397375983
1.8943248532289627	0.0004210167991427568	1.8661598185409398
1.9021526418786692	0.00037031057691286475	-3.029988535495545
1.9099804305283756	0.0004483171736811859	-1.6465217158157854
1.917808219178082	0.0004252713561967333	-0.21296345331681724
1.9256360078277885	0.0004652673383977416	1.0764846301315054
1.933463796477495	0.0003805346770026275	2.509489593828512
1.9412915851272015	0.00037236396621401414	-2.410353147058003
1.949119373776908	0.0003966976344294047	-0.989015515547264
1.9569471624266144	0.00042048879729202147	0.2490555670650841
1.9647749510763208	0.00040951946663365897	1.6053559911695288
1.9726027397260273	0.00039575677479881607	3.0852150982291553
1.9804305283757337	0.0003682237631405364	-1.7713819068104402
1.9882583170254402	0.0003912067547123946	-0.399329895741765
1.9960861056751467	0.0003786450177326643	0.8420665587052266
2.003913894324853	0.00036453633650304894	2.1093053502703354
2.01174168297456	0.0003596751203258313	-2.587771110894215
2.019569471624266	0.00039116174507561915	-1.285044501075416
2.0273972602739727	0.0003793939772347178	0.14803203638455706
2.035225048923679	0.00037062573530231076	1.4236432364823917
2.0430528375733856	0.0003402575091997223	2.777057362228061
2.050880626223092	0.00031701156968607936	-2.0418160164319907
2.0587084148727985	0.0003948383898109596	-0.687803092454424
2.0665362035225048	0.00036290789833862656	0.6005225719776836
2.0743639921722115	0.0003606855570378273	2.0227327374611654
2.0821917808219177	0.00031297469683793397	-2.8315909301144693
2.0900195694716244	0.00032812518457656136	-1.470000878134353
2.0978473581213306	0.0003439698588895602	-0.12259559678006406
2.1056751467710373	0.0003494354142148905	1.101866751928827
2.1135029354207435	0.0003437344049873588	2.5279301440846638
2.12133072407045	0.00032711989801881167	-2.20978405024685
2.1291585127201564	0.0003446786396181036	-0.8703434646577326
2.136986301369863	0.0003383425646324508	0.45093831472495177
2.1448140900195694	0.00029920889753920623	1.763379629791877
2.152641878669276	0.0003141700394312222	3.120090966645144
2.1604696673189823	0.0003028893109572907	-1.7059821966631448
2.168297455968689	0.0003456018638623967	-0.30913034359883845
2.176125244618395	0.0003389803977797828	0.9888489935664921
2.183953033268102	0.00028088603636712876	2.3391555074244996
2.191780821917808	0.0002861464113804628	-2.4117249648458943
2.1996086105675148	0.00029794803776046064	-1.1995497186610176
2.207436399217221	0.00031640130549604866	0.2055837866681126
2.2152641878669277	0.0003125002912292168	1.5227995930128784
2.223091976516634	0.0002907968191994231	2.9376508635551204
2.2309197651663406	0.00027015331649836547	-1.8650186822329136
2.238747553816047	0.0003022480514431018	-0.535957585672039
2.2465753424657535	0.00030218899691073067	0.7024441606541979
2.2544031311154598	0.0002768821287238977	2.0934704519414
2.2622309197651664	0.0002740349207862056	-2.751437668617557
2.2700587084148727	0.00030739605277840153	-1.3361598401981127
2.2778864970645794	0.0002757765989635422	0.06669022189893248
2.2857142857142856	0.0002962744845759341	1.3545799810326182
2.2935420743639923	0.00023302996697287996	2.658790465655518
2.3013698630136985	0.00025304587266094126	-2.1994413388319423
2.309197651663405	0.0002950049092551445	-0.7705742089625284
2.3170254403131114	0.0002958761024268416	0.48926830236527646
2.324853228962818	0.00026874238401306834	1.9721896384047921
2.3326810176125243	0.0002505855594732254	-3.0040424167494595
2.340508806262231	0.00025304259213637957	-1.4703163242812498
2.3483365949119372	0.00026615030802993103	-0.21345343100456937
2.356164383561644	0.000269741829771109	1.0590723733663034
2.36399217221135	0.00023387922692321924	2.4297504340382905
2.371819960861057	0.00026292084894709533	-2.3213558829873575
2.379647749510763	0.00025238148414019347	-0.9788433108875914
2.3874755381604698	0.00025265254835978436	0.3699725906113907
2.395303326810176	0.00024157072987695646	1.6532982426732767
2.4031311154598827	0.00023304274390958035	3.0238973320553884
2.410958904109589	0.0002267784072563249	-1.8315351006270606
2.4187866927592956	0.0002770195279529565	-0.3825172612751112
2.426614481409002	0.00025944278679096287	0.8478800249000472
2.4344422700587085	0.000224226283093144	2.3406454140802704
2.4422700587084147	0.00021797382508563235	-2.559665752031942
2.4500978473581214	0.0002254745936537805	-1.2327422528213738
2.4579256360078277	0.00023236044936630543	0.1314680484023412
2.4657534246575343	0.0002550473488170392	1.3951555418645392
2.4735812133072406	0.00021264066806141754	2.8462293022305976
2.4814090019569472	0.0002215926582890353	-1.9361804811138292
2.4892367906066535	0.00022964109377279394	-0.5961771358975057
2.49706457925636	0.00022471239667859203	0.6180170769264526
2.5048923679060664	0.0002107909264428278	2.051503184784357
2.512720156555773	0.0002184149455776739	-2.9373938838922755
2.5205479452054793	0.00021368752756032206	-1.3661469087745617
2.528375733855186	0.0002381172975028139	-0.049113770110306834
2.5362035225048922	0.0002263707052615784	1.2634543836620868
2.544031311154599	0.00018114344463956148	2.5694010443889206
2.551859099804305	0.0002003971170289669	-2.15023426610981
2.559686888454012	0.00021422489270867613	-0.9291867771407704
2.567514677103718	0.00021872000842470477	0.4752056159346633
2.5753424657534247	0.00021532073044058445	1.7939473423344052
2.583170254403131	0.00019174595000393622	-3.0377407262921237
2.5909980430528377	0.00018440677021777196	-1.5721117346392406
2.598825831702544	0.00021974159320663382	-0.28225736787070554
2.6066536203522506	0.0001924383466418887	0.9522863264462144
2.614481409001957	0.00019523197550389522	2.3746447539409052
2.6223091976516635	0.00019110922628606426	-2.4512463131995235
2.6301369863013697	0.00019956458378525807	-1.052879278925765
2.6379647749510764	0.00019977651871363146	0.3502237001665819
2.6457925636007826	0.00019766891288955707	1.5207827803378584
2.6536203522504893	0.00015896723627670421	2.9896501175217276
2.6614481409001955	0.00018948788614846476	-1.8634249380057535
2.6692759295499022	0.00020075290893710037	-0.5057352022781025
2.6771037181996085	0.00019656930795707115	0.7821772697471328
2.684931506849315	0.00017885148600968386	2.2605705636646167
2.6927592954990214	0.00016803337209916086	-2.73572698628978
2.700587084148728	0.0001709405191210092	-1.2175057770712518
2.7084148727984343	0.00019418444888065248	0.02751267462978974
2.716242661448141	0.00018485254540280386	1.3222721297272413
2.724070450097847	0.0001679122477635784	2.7540014095446512
2.731898238747554	0.00017787198429250792	-2.0052131973920715
2.73972602739726	0.0001690540253356822	-0.6972345392340188
2.747553816046967	0.00018269858701156955	0.6400586203927301
2.755381604696673	0.00016600291024446647	1.8820603050692575
2.7632093933463797	0.00015520888619222358	-2.9574875851548867
2.771037181996086	0.0001716399640867156	-1.4322481254725612
2.7788649706457926	0.0001924019836135566	-0.15827701069505618
2.786692759295499	0.0001571383162098088	1.1996284685075695
2.7945205479452055	0.000160838219378473	2.5659512241046354
2.802348336594912	0.00014262249592881493	-2.3213660819269735
2.8101761252446185	0.00016444808604628203	-0.9228235231491535
2.8180039138943247	0.00017655576482933125	0.40328717418672155
2.8258317025440314	0.00017317928291958913	1.6781450881616715
2.8336594911937376	0.00013897917600092457	-3.0215555263063583
2.8414872798434443	0.0001553114294468381	-1.6402649793108004
2.8493150684931505	0.0001553236370879617	-0.3399446820293565
2.857142857142857	0.00015434440406678825	0.912157104730401
2.8649706457925634	0.00014889937343293271	2.2598800243406774
2.87279843444227	0.00014704714882445542	-2.576746142981906
2.8806262230919764	0.00016382009574448622	-0.9954211125411172
2.888454011741683	0.00016057821629266805	0.19915844862960247
2.8962818003913893	0.00013792347440262482	1.5316801855850661
2.904109589041096	0.00012873921683304517	2.9465953159981004
2.911937377690802	0.00014117851368677985	-2.002326441282493
2.919765166340509	0.00014804908818347485	-0.5952883584692172
2.927592954990215	0.00017643786930241382	0.7865451998117061
2.935420743639922	0.0001352441182349726	2.0756468356146662
2.943248532289628	0.0001304255340662917	-2.5812217285967742
2.9510763209393347	0.00013173591629046772	-1.280324612618382
2.958904109589041	0.00014291588650417052	-0.07406339512496289
2.9667318982387476	0.00013365773377780167	1.2140851999930495
2.974559686888454	0.00015295569238511596	2.666822193343983
2.9823874755381605	0.0001344170580931471	-2.09596763911582
2.9902152641878668	0.00015124446781257514	-0.6438880477939259
2.9980430528375734	0.00013761896672772708	0.6626155276011093
3.0058708414872797	0.00011712943819910132	1.8645791577877684
3.0136986301369864	0.00010822684915045274	-2.993290265967683
3.0215264187866926	0.00014153322380662723	-1.659942874034591
3.0293542074363993	0.00014617543592572506	-0.14302031275762123
3.0371819960861055	0.00014537041609946058	1.1779800687599495
3.045009784735812	0.0001265957316928516	2.5746933817418487
3.0528375733855184	9.52563650135487e-5	-2.172843769814256
3.060665362035225	0.00012477452731984515	-0.888126468352253
3.0684931506849313	0.0001213924896260058	0.15990971902782133
3.076320939334638	0.00013230825056826008	1.6796137097316355
3.0841487279843443	0.0001267887205655178	3.02829352242944
3.091976516634051	0.00012746564948728207	-1.6285758500759266
3.099804305283757	0.00012724282737721333	-0.16213091615303188
3.107632093933464	0.00011170227937042586	0.9682389442839836
3.11545988258317	8.919202661132294e-5	2.057500471120656
3.1232876712328768	0.00010864694520929049	-2.697968804594255
3.131115459882583	0.00012847146157701748	-1.2576778606970438
3.1389432485322897	0.00014716442051704353	0.20752545340422365
3.146771037181996	0.00012969482820427846	1.5244613664719258
3.1545988258317026	0.00010123743249388708	-3.12394352711838
3.162426614481409	7.967745831399442e-5	-1.8227732543782513
3.1702544031311155	0.00010572323544648188	-0.6707354222905786
3.1780821917808217	0.00012695052224105769	0.5110913390247261
3.1859099804305284	0.00012617741522701927	1.9229814823896205
3.1937377690802347	0.00011495202345107109	-2.5556077832852777
3.2015655577299413	0.00011774624526266892	-1.2952858331262178
3.2093933463796476	0.00011113382274268706	0.1473442151413277
3.2172211350293543	0.00010019203504555408	1.1597145399294413
3.2250489236790605	8.534140814857086e-5	2.6740836496003975
3.232876712328767	0.00010781743494167788	-2.2942575138531773
3.2407045009784734	0.00012811152255662992	-0.85800352993122
3.24853228962818	0.00013516893398371878	0.6646655606271854
3.2563600782778863	9.81495783307855e-5	2.0754819104057374
3.264187866927593	8.325456815348061e-5	-2.788957452101943
3.2720156555772992	8.070404475041649e-5	-1.565709491181843
3.279843444227006	0.0001117993569061737	-0.32027688372030927
3.287671232876712	0.00010558054353749114	1.0641513689534279
3.295499021526419	0.0001136985360627929	2.368809778798431
3.303326810176125	0.0001061871810862084	-2.100199212467114
3.3111545988258317	0.00010867698568572007	-0.8008328488003318
3.318982387475538	8.336633326078597e-5	0.5254936287766696
3.3268101761252447	8.238797930778785e-5	1.6581352046922178
3.334637964774951	9.140727910426879e-5	2.9834825331869657
3.3424657534246576	8.003644366973431e-5	-1.828897143179905
3.350293542074364	0.00012200145815247611	-0.28688966176907366
3.3581213307240705	9.370502915194556e-5	0.9792663720933089
3.3659491193737767	8.877441469977894e-5	2.306123944907094
3.3737769080234834	6.45195288135689e-5	-2.4588606603304575
3.3816046966731896	8.982852992996063e-5	-1.1480889012726674
3.3894324853228963	0.0001000768226599596	0.03167803641161162
3.3972602739726026	0.00010705765535615343	1.4266955317469678
3.4050880626223092	9.536279503900677e-5	2.949843064156341
3.4129158512720155	9.118504313739227e-5	-1.633244579485711
3.420743639921722	8.903031625416281e-5	-0.3807835794538496
3.4285714285714284	8.218119400747026e-5	0.7382602883207904
3.436399217221135	6.905491972765892e-5	1.9474040307111329
3.4442270058708413	8.92013855904934e-5	-2.8629675758252793
3.452054794520548	8.541512769518832e-5	-1.2400917183449194
3.459882583170254	0.00011161647820772451	0.07393533425245498
3.467710371819961	8.569578820560948e-5	1.3719404724422555
3.475538160469667	6.636419296112062e-5	2.840486094541984
3.483365949119374	7.349903263658648e-5	-1.9306835445718662
3.49119373776908	8.742732090641963e-5	-0.8773124263075643
3.4990215264187867	9.417969491935744e-5	0.622819956119302
3.506849315068493	8.295126149291344e-5	1.9939452569679423
3.5146771037181996	7.348698975134168e-5	-2.844079854131333
3.522504892367906	7.597605806283666e-5	-1.329789328345448
3.5303326810176126	8.569798552085433e-5	-0.0031765231787523845
3.538160469667319	7.318067895776103e-5	1.0832262544653366
3.5459882583170255	6.919820826127583e-5	2.5239013020067236
3.5538160469667317	7.41980513009228e-5	-2.3576487574332594
3.5616438356164384	8.480578937692102e-5	-0.6922414917020653
3.5694716242661446	8.952308277775858e-5	0.49484513161676436
3.5772994129158513	7.152101411496917e-5	1.83231551937362
3.5851272015655575	4.257916958102102e-5	3.111343452729941
3.592954990215264	8.362489033659647e-5	-1.5475169857273687
3.6007827788649704	7.615127123341299e-5	-0.3874275677036014
3.608610567514677	8.572798106430664e-5	0.9925255170275389
3.6164383561643834	6.790915204012884e-5	2.488514066927534
3.62426614481409	6.46329198594301e-5	-2.3899705063317436
3.6320939334637963	6.954379061898042e-5	-0.7378169444963031
3.639921722113503	7.765589520741167e-5	0.18025707008929134
3.647749510763209	7.176895511222676e-5	1.4449496803031106
3.655577299412916	5.8731605129207055e-5	3.1083169572267377
3.663405088062622	7.53988078850331e-5	-1.689142305303692
3.671232876712329	7.884401308750063e-5	-0.3886936078838593
3.679060665362035	6.82466838790344e-5	0.9091463339780996
3.6868884540117417	6.270902765562368e-5	2.20441882521015
3.694716242661448	4.9781761305779685e-5	-2.409732963489519
3.7025440313111546	7.551531034865575e-5	-1.203790856551372
3.710371819960861	7.086859018962937e-5	0.08296421938497436
3.7181996086105675	7.225461476253186e-5	1.3712430782854714
3.7260273972602738	6.645459104435633e-5	-3.1211852621613376
3.7338551859099804	5.278584309443463e-5	-2.0407767363202587
3.7416829745596867	7.210436115832224e-5	-0.4285777771183374
3.7495107632093934	6.765099289040118e-5	0.6107629354582116
3.7573385518590996	6.652506906625672e-5	1.972044153637167
3.7651663405088063	5.502800078101852e-5	-2.5970070572846233
3.7729941291585125	7.635315768714606e-5	-1.3190529572274525
3.780821917808219	6.904691021632317e-5	0.13594489313026192
3.7886497064579254	5.9164132741489504e-5	1.3380632049668277
3.796477495107632	6.057112578302186e-5	2.6921694979727273
3.8043052837573383	5.204235963421606e-5	-2.0843414833469467
3.812133072407045	7.321808028690504e-5	-0.6633722471884238
3.8199608610567513	7.758521801266011e-5	0.6233355203314536
3.827788649706458	5.4977925090954326e-5	1.9372406885264672
3.835616438356164	6.181701965779669e-5	-2.7294519351268947
3.843444227005871	5.364927782499884e-5	-1.339110559475761
3.851272015655577	6.86068579365818e-5	-0.05238627881935226
3.8590998043052838	6.1023911972491964e-5	1.1577831243588181
3.86692759295499	6.346551552541235e-5	2.408488394902348
3.8747553816046967	6.246893851419744e-5	-1.9263051683274728
3.882583170254403	5.808272959648066e-5	-0.7962464427749422
3.8904109589041096	7.717809325426958e-5	0.6096222360179459
3.898238747553816	5.086563964406908e-5	1.7072118874476878
3.9060665362035225	5.0281542389601896e-5	-2.9997721157062425
3.9138943248532287	5.621810165241994e-5	-1.3418925318456258
3.9217221135029354	6.790702770672389e-5	-0.3412876090604167
3.9295499021526417	7.015818975913591e-5	1.0731623764701719
3.9373776908023483	4.913961869977976e-5	2.4556858251728535
3.9452054794520546	5.3815190632546585e-5	-2.2633177974673777
3.9530332681017613	6.520681891804787e-5	-0.8289541466984991
3.9608610567514675	6.442671316592492e-5	0.24191352646726852
3.968688845401174	6.512980941488603e-5	1.6911857930535907
3.9765166340508804	5.275904147539084e-5	3.0832954872951976
3.984344422700587	5.774653986775551e-5	-1.5349393242729856
3.9921722113502933	7.305007026133447e-5	-0.24697045715151872
4.0	3.404359849335772e-5	0.7440101021571466
