0.000000	0.020541
2.000000	-0.077365
4.000000	-1.008625
6.000000	-1.478467
8.000000	-1.459412
10.000000	-1.127233
12.000000	-0.973964
14.000000	-0.760421
16.000000	-1.082355
18.000000	-1.537412
20.000000	-2.007459
22.000000	-2.060047
24.000000	-1.634102
26.000000	-1.757403
28.000000	-1.959525
30.000000	-1.914232
32.000000	-1.894058
34.000000	-1.490099
36.000000	-0.985239
38.000000	-0.247091
40.000000	0.758077
42.000000	1.219490
44.000000	1.575378
46.000000	1.508994
48.000000	1.107696
50.000000	0.822992
52.000000	0.710505
54.000000	0.738723
56.000000	0.790506
58.000000	1.021189
60.000000	1.479588
62.000000	1.620985
64.000000	1.460478
66.000000	1.276759
68.000000	0.853461
70.000000	0.337698
72.000000	0.199052
74.000000	0.296326
76.000000	0.412689
78.000000	0.252272
80.000000	-0.058735
82.000000	-0.049072
84.000000	-0.391566
86.000000	-0.963264
88.000000	-1.285474
90.000000	-1.428575
92.000000	-1.644631
94.000000	-1.268920
96.000000	-1.000049
98.000000	-1.176427
100.000000	-1.264097
102.000000	-0.961665
104.000000	-0.816584
106.000000	-0.801030
108.000000	-0.576093
110.000000	-0.196314
112.000000	0.273760
114.000000	0.215448
116.000000	0.025278
118.000000	0.557055
120.000000	1.244073
122.000000	1.810259
124.000000	1.688926
126.000000	1.180648
128.000000	0.840770
130.000000	0.611488
132.000000	0.307073
134.000000	0.229060
136.000000	0.307523
138.000000	0.236850
140.000000	0.174905
142.000000	0.314773
144.000000	0.374854
146.000000	0.149129
148.000000	-0.143346
150.000000	-0.031057
152.000000	0.126301
154.000000	-0.107539
156.000000	-0.309218
158.000000	-0.326838
160.000000	-0.542999
162.000000	-0.891022
164.000000	-1.249226
166.000000	-1.573740
168.000000	-1.694894
170.000000	-1.715349
172.000000	-1.748795
174.000000	-1.688682
176.000000	-1.601176
178.000000	-1.548707
180.000000	-1.285818
182.000000	-0.532557
184.000000	0.332890
186.000000	0.798779
188.000000	0.450390
190.000000	0.036406
192.000000	0.393196
194.000000	0.908074
196.000000	1.211665
198.000000	1.617404
200.000000	1.923661
202.000000	2.097778
204.000000	2.396073
206.000000	2.733388
208.000000	2.801445
210.000000	2.232023
212.000000	1.215914
214.000000	0.554834
216.000000	0.557803
218.000000	0.559774
220.000000	0.138098
222.000000	-0.521269
224.000000	-0.944446
226.000000	-1.220535
228.000000	-1.601683
230.000000	-1.887400
232.000000	-1.878658
234.000000	-1.731530
236.000000	-1.635810
238.000000	-1.597550
240.000000	-1.735234
242.000000	-2.019988
244.000000	-2.170408
246.000000	-2.011803
248.000000	-1.703533
250.000000	-1.423543
252.000000	-1.175232
254.000000	-0.942143
256.000000	-0.783705
258.000000	-0.602320
260.000000	-0.236448
262.000000	0.241653
264.000000	0.640403
266.000000	0.887347
268.000000	1.074647
270.000000	1.260320
272.000000	1.363611
274.000000	1.280339
276.000000	1.137648
278.000000	1.215518
280.000000	1.520813
282.000000	1.804131
284.000000	1.980227
286.000000	2.147927
288.000000	2.221815
290.000000	1.964510
292.000000	1.450113
294.000000	1.068966
296.000000	0.867516
298.000000	0.562430
300.000000	0.148190
302.000000	-0.123331
304.000000	-0.194907
306.000000	-0.175185
308.000000	-0.102178
310.000000	0.059179
312.000000	0.329223
314.000000	0.642894
316.000000	0.798550
318.000000	0.642854
320.000000	0.315128
322.000000	0.071588
324.000000	-0.027820
326.000000	-0.074435
328.000000	-0.134019
330.000000	-0.249842
332.000000	-0.415219
334.000000	-0.545610
336.000000	-0.605833
338.000000	-0.660721
340.000000	-0.779526
342.000000	-0.970701
344.000000	-1.201855
346.000000	-1.434209
348.000000	-1.638549
350.000000	-1.801345
352.000000	-1.914158
354.000000	-1.963275
356.000000	-1.925321
358.000000	-1.772931
360.000000	-1.492294
362.000000	-1.112109
364.000000	-0.748038
366.000000	-0.578772
368.000000	-0.676651
370.000000	-0.895276
372.000000	-1.036015
374.000000	-1.038407
376.000000	-0.929623
378.000000	-0.750552
380.000000	-0.583198
382.000000	-0.505673
384.000000	-0.503743
386.000000	-0.491381
388.000000	-0.396960
390.000000	-0.200143
392.000000	0.083268
394.000000	0.408826
396.000000	0.711303
398.000000	0.948094
400.000000	1.135009
402.000000	1.317555
404.000000	1.513269
406.000000	1.701377
408.000000	1.861166
410.000000	2.000582
412.000000	2.145600
414.000000	2.304756
416.000000	2.437422
418.000000	2.457703
420.000000	2.292609
422.000000	1.949734
424.000000	1.506539
426.000000	1.036807
428.000000	0.585249
430.000000	0.191951
432.000000	-0.110649
434.000000	-0.315100
436.000000	-0.434321
438.000000	-0.492967
440.000000	-0.519984
442.000000	-0.536280
444.000000	-0.550229
446.000000	-0.565465
448.000000	-0.587658
450.000000	-0.618588
452.000000	-0.645058
454.000000	-0.639378
456.000000	-0.570712
458.000000	-0.416694
460.000000	-0.176828
462.000000	0.109247
464.000000	0.358405
466.000000	0.489463
468.000000	0.494936
470.000000	0.437434
472.000000	0.347328
474.000000	0.164647
476.000000	-0.185796
478.000000	-0.692807
480.000000	-1.254446
482.000000	-1.756508
484.000000	-2.135628
486.000000	-2.375631
488.000000	-2.479272
490.000000	-2.459519
492.000000	-2.338346
494.000000	-2.135980
496.000000	-1.857469
498.000000	-1.489858
500.000000	-1.011114
502.000000	-0.412544
504.000000	0.237263
506.000000	0.740330
508.000000	0.908947
510.000000	0.801386
512.000000	0.653959
514.000000	0.592284
516.000000	0.602585
518.000000	0.678134
520.000000	0.812816
522.000000	0.957718
524.000000	1.064204
526.000000	1.112251
528.000000	1.112485
530.000000	1.102056
532.000000	1.118452
534.000000	1.178463
536.000000	1.280016
538.000000	1.412012
540.000000	1.567112
542.000000	1.748082
544.000000	1.953989
546.000000	2.175546
548.000000	2.423035
550.000000	2.669304
552.000000	2.647399
554.000000	1.977453
556.000000	0.768487
558.000000	-0.348333
560.000000	-1.034423
562.000000	-1.432019
564.000000	-1.670524
566.000000	-1.802225
568.000000	-1.928732
570.000000	-2.088359
572.000000	-2.254401
574.000000	-2.388436
576.000000	-2.447650
578.000000	-2.399918
580.000000	-2.224454
582.000000	-1.917553
584.000000	-1.509520
586.000000	-1.074709
588.000000	-0.717611
590.000000	-0.518881
592.000000	-0.484359
594.000000	-0.560694
596.000000	-0.688782
598.000000	-0.822604
600.000000	-0.924868
602.000000	-0.977271
604.000000	-0.983239
606.000000	-0.952443
608.000000	-0.891412
610.000000	-0.800568
612.000000	-0.671838
614.000000	-0.494976
616.000000	-0.269157
618.000000	-0.009861
620.000000	0.254188
622.000000	0.497655
624.000000	0.720247
626.000000	0.952825
628.000000	1.236105
630.000000	1.567439
632.000000	1.836252
634.000000	1.859914
636.000000	1.578274
638.000000	1.164594
640.000000	0.841372
642.000000	0.683465
644.000000	0.668678
646.000000	0.765411
648.000000	0.918705
650.000000	1.061832
652.000000	1.164134
654.000000	1.242413
656.000000	1.333548
658.000000	1.455383
660.000000	1.587107
662.000000	1.671299
664.000000	1.634106
666.000000	1.434539
668.000000	1.104409
670.000000	0.722516
672.000000	0.355703
674.000000	0.038359
676.000000	-0.214128
678.000000	-0.397964
680.000000	-0.519956
682.000000	-0.593446
684.000000	-0.635720
686.000000	-0.666200
688.000000	-0.702776
690.000000	-0.758613
692.000000	-0.841021
694.000000	-0.951532
696.000000	-1.085136
698.000000	-1.228752
700.000000	-1.362391
702.000000	-1.464410
704.000000	-1.517311
706.000000	-1.510692
708.000000	-1.441679
710.000000	-1.313949
712.000000	-1.135053
714.000000	-0.912819
716.000000	-0.653330
718.000000	-0.361920
720.000000	-0.049257
722.000000	0.255689
724.000000	0.499554
726.000000	0.629766
728.000000	0.639072
730.000000	0.577188
732.000000	0.513487
734.000000	0.496744
736.000000	0.545508
738.000000	0.652250
740.000000	0.781263
742.000000	0.871782
744.000000	0.866109
746.000000	0.749900
748.000000	0.560278
750.000000	0.346905
752.000000	0.130822
754.000000	-0.096992
756.000000	-0.349415
758.000000	-0.621478
760.000000	-0.887845
762.000000	-1.116840
764.000000	-1.285942
766.000000	-1.386156
768.000000	-1.419021
770.000000	-1.393573
772.000000	-1.323300
774.000000	-1.221805
776.000000	-1.098379
778.000000	-0.955947
780.000000	-0.792122
782.000000	-0.600790
784.000000	-0.374141
786.000000	-0.108513
788.000000	0.188974
790.000000	0.500308
792.000000	0.801145
794.000000	1.060237
796.000000	1.226383
798.000000	1.218270
800.000000	0.970224
802.000000	0.526146
804.000000	0.043113
806.000000	-0.336177
808.000000	-0.560890
810.000000	-0.628165
812.000000	-0.544889
814.000000	-0.333241
816.000000	-0.029347
818.000000	0.323588
820.000000	0.683413
822.000000	1.019452
824.000000	1.309631
826.000000	1.527048
828.000000	1.639262
830.000000	1.631720
832.000000	1.531608
834.000000	1.397789
836.000000	1.285283
838.000000	1.223561
840.000000	1.215389
842.000000	1.235353
844.000000	1.230004
846.000000	1.138377
848.000000	0.929910
850.000000	0.627528
852.000000	0.289763
854.000000	-0.029345
856.000000	-0.302704
858.000000	-0.527703
860.000000	-0.717646
862.000000	-0.893187
864.000000	-1.069693
866.000000	-1.246081
868.000000	-1.404585
870.000000	-1.520865
872.000000	-1.575228
874.000000	-1.558391
876.000000	-1.472719
878.000000	-1.331905
880.000000	-1.159057
882.000000	-0.981383
884.000000	-0.821508
886.000000	-0.689197
888.000000	-0.578564
890.000000	-0.472597
892.000000	-0.351824
894.000000	-0.201700
896.000000	-0.016240
898.000000	0.200000
900.000000	0.429417
902.000000	0.640834
904.000000	0.795181
906.000000	0.859417
908.000000	0.825432
910.000000	0.719880
912.000000	0.591070
914.000000	0.483821
916.000000	0.425545
918.000000	0.425280
920.000000	0.474322
922.000000	0.547882
924.000000	0.612713
926.000000	0.640921
928.000000	0.623457
930.000000	0.572444
932.000000	0.509893
934.000000	0.454448
936.000000	0.416383
938.000000	0.398360
940.000000	0.395506
942.000000	0.393940
944.000000	0.369763
946.000000	0.291474
948.000000	0.130939
950.000000	-0.118649
952.000000	-0.433518
954.000000	-0.770973
956.000000	-1.090472
958.000000	-1.364884
960.000000	-1.579850
962.000000	-1.729768
964.000000	-1.814124
966.000000	-1.834421
968.000000	-1.792477
970.000000	-1.690210
972.000000	-1.530299
974.000000	-1.317067
976.000000	-1.057317
978.000000	-0.761383
980.000000	-0.443891
982.000000	-0.122403
984.000000	0.186376
986.000000	0.470108
988.000000	0.721807
990.000000	0.937428
992.000000	1.108712
994.000000	1.217130
996.000000	1.242341
998.000000	1.181884
1000.000000	1.058010
1002.000000	0.902779
1004.000000	0.739682
1006.000000	0.578086
1008.000000	0.419618
1010.000000	0.267202
1012.000000	0.128193
1014.000000	0.010186
1016.000000	-0.084462
1018.000000	-0.159485
1020.000000	-0.220663
1022.000000	-0.270961
1024.000000	-0.309048
1026.000000	-0.331479
1028.000000	-0.335085
1030.000000	-0.316600
1032.000000	-0.270490
1034.000000	-0.188408
1036.000000	-0.062102
1038.000000	0.111695
1040.000000	0.326774
1042.000000	0.564631
1044.000000	0.794906
1046.000000	0.981479
1048.000000	1.094170
1050.000000	1.121207
1052.000000	1.073987
1054.000000	0.979070
1056.000000	0.863946
1058.000000	0.748465
1060.000000	0.644781
1062.000000	0.559872
1064.000000	0.496512
1066.000000	0.452828
1068.000000	0.422183
1070.000000	0.395240
1072.000000	0.363747
1074.000000	0.322468
1076.000000	0.266194
1078.000000	0.184931
1080.000000	0.065645
1082.000000	-0.096425
1084.000000	-0.286862
1086.000000	-0.474453
1088.000000	-0.625962
1090.000000	-0.720114
1092.000000	-0.752358
1094.000000	-0.732960
1096.000000	-0.682190
1098.000000	-0.622968
1100.000000	-0.572852
1102.000000	-0.539427
1104.000000	-0.520448
1106.000000	-0.506812
1108.000000	-0.487116
1110.000000	-0.453830
1112.000000	-0.409740
1114.000000	-0.370246
1116.000000	-0.356116
1118.000000	-0.378583
1120.000000	-0.430159
1122.000000	-0.491790
1124.000000	-0.548540
1126.000000	-0.597740
1128.000000	-0.645111
1130.000000	-0.696204
1132.000000	-0.750706
1134.000000	-0.802230
1136.000000	-0.841793
1138.000000	-0.861264
1140.000000	-0.854891
1142.000000	-0.819744
1144.000000	-0.756284
1146.000000	-0.669207
1148.000000	-0.567990
1150.000000	-0.465998
1152.000000	-0.376906
1154.000000	-0.308913
1156.000000	-0.260442
1158.000000	-0.221387
1160.000000	-0.179255
1162.000000	-0.125257
1164.000000	-0.056895
1166.000000	0.022364
1168.000000	0.104764
1170.000000	0.180639
1172.000000	0.241503
1174.000000	0.283771
1176.000000	0.311932
1178.000000	0.338631
1180.000000	0.380416
1182.000000	0.451347
1184.000000	0.557817
1186.000000	0.695748
1188.000000	0.849990
1190.000000	0.997181
1192.000000	1.114035
1194.000000	1.189188
1196.000000	1.230478
1198.000000	1.259390
1200.000000	1.294035
1202.000000	1.332034
1204.000000	1.346692
1206.000000	1.303822
1208.000000	1.189310
1210.000000	1.020979
1212.000000	0.834057
1214.000000	0.661858
1216.000000	0.529323
1218.000000	0.450518
1220.000000	0.422284
1222.000000	0.423104
1224.000000	0.424358
1226.000000	0.406263
1228.000000	0.365157
1230.000000	0.308619
1232.000000	0.246597
1234.000000	0.185489
1236.000000	0.124690
1238.000000	0.055294
1240.000000	-0.035262
1242.000000	-0.153786
1244.000000	-0.297054
1246.000000	-0.456593
1248.000000	-0.624271
1250.000000	-0.793688
1252.000000	-0.961020
1254.000000	-1.125445
1256.000000	-1.285479
1258.000000	-1.434353
1260.000000	-1.562136
1262.000000	-1.663967
1264.000000	-1.744322
1266.000000	-1.811007
1268.000000	-1.864263
1270.000000	-1.891705
1272.000000	-1.874460
1274.000000	-1.799417
1276.000000	-1.668281
1278.000000	-1.499169
1280.000000	-1.320467
1282.000000	-1.157260
1284.000000	-1.017510
1286.000000	-0.890775
1288.000000	-0.760378
1290.000000	-0.614525
1292.000000	-0.447313
1294.000000	-0.255133
1296.000000	-0.034336
1298.000000	0.218886
1300.000000	0.504291
1302.000000	0.817744
1304.000000	1.161215
1306.000000	1.551873
1308.000000	2.034999
1310.000000	2.691986
1312.000000	3.522626
1314.000000	4.166836
1316.000000	4.095988
1318.000000	3.387858
1320.000000	2.712252
1322.000000	2.354244
1324.000000	2.093910
1326.000000	1.807351
1328.000000	1.479636
1330.000000	1.046758
1332.000000	0.529386
1334.000000	0.007131
1336.000000	-0.474508
1338.000000	-0.898711
1340.000000	-1.266290
1342.000000	-1.586366
1344.000000	-1.864655
1346.000000	-2.101196
1348.000000	-2.291249
1350.000000	-2.427439
1352.000000	-2.502459
1354.000000	-2.510651
1356.000000	-2.449419
1358.000000	-2.320632
1360.000000	-2.131674
1362.000000	-1.895756
1364.000000	-1.630452
1366.000000	-1.354171
1368.000000	-1.082192
1370.000000	-0.824988
1372.000000	-0.589455
1374.000000	-0.380198
1376.000000	-0.198750
1378.000000	-0.042878
1380.000000	0.091316
1382.000000	0.206466
1384.000000	0.304021
1386.000000	0.386720
1388.000000	0.459313
1390.000000	0.525984
1392.000000	0.587335
1394.000000	0.639937
1396.000000	0.678276
1398.000000	0.696933
1400.000000	0.691850
1402.000000	0.661281
1404.000000	0.607035
1406.000000	0.535281
1408.000000	0.455776
1410.000000	0.379720
1412.000000	0.317495
1414.000000	0.277134
1416.000000	0.263410
1418.000000	0.277250
1420.000000	0.315423
1422.000000	0.370711
1424.000000	0.433097
1426.000000	0.492604
1428.000000	0.543333
1430.000000	0.586375
1432.000000	0.628722
1434.000000	0.677846
1436.000000	0.735117
1438.000000	0.792232
1440.000000	0.833147
1442.000000	0.841391
1444.000000	0.809021
1446.000000	0.740976
1448.000000	0.651813
1450.000000	0.558798
1452.000000	0.477271
1454.000000	0.419556
1456.000000	0.395057
1458.000000	0.409716
1460.000000	0.464351
1462.000000	0.552302
1464.000000	0.657765
1466.000000	0.756357
1468.000000	0.818336
1470.000000	0.814257
1472.000000	0.723866
1474.000000	0.547244
1476.000000	0.309945
1478.000000	0.052686
1480.000000	-0.188890
1482.000000	-0.396795
1484.000000	-0.568478
1486.000000	-0.708060
1488.000000	-0.819344
1490.000000	-0.902982
1492.000000	-0.957995
1494.000000	-0.985510
1496.000000	-0.991308
1498.000000	-0.985711
1500.000000	-0.981348
1502.000000	-0.989645
1504.000000	-1.017031
1506.000000	-1.062413
1508.000000	-1.117341
1510.000000	-1.168857
1512.000000	-1.203259
1514.000000	-1.208598
1516.000000	-1.175150
1518.000000	-1.094806
1520.000000	-0.960922
1522.000000	-0.769744
1524.000000	-0.523947
1526.000000	-0.238960
1528.000000	0.048058
1530.000000	0.273773
1532.000000	0.366238
1534.000000	0.288021
1536.000000	0.066099
1538.000000	-0.230901
1540.000000	-0.540439
1542.000000	-0.824893
1544.000000	-1.063438
1546.000000	-1.245629
1548.000000	-1.368573
1550.000000	-1.433170
1552.000000	-1.442673
1554.000000	-1.402068
1556.000000	-1.316583
1558.000000	-1.190501
1560.000000	-1.026255
1562.000000	-0.824169
1564.000000	-0.583399
1566.000000	-0.303646
1568.000000	0.012991
1570.000000	0.360468
1572.000000	0.727900
1574.000000	1.099921
1576.000000	1.459362
1578.000000	1.792278
1580.000000	2.091862
1582.000000	2.356337
1584.000000	2.582333
1586.000000	2.763801
1588.000000	2.901721
1590.000000	3.012142
1592.000000	3.115532
1594.000000	3.213078
1596.000000	3.277786
1598.000000	3.276550
1600.000000	3.200783
1602.000000	3.065695
1604.000000	2.878642
1606.000000	2.625971
1608.000000	2.301159
1610.000000	1.930328
1612.000000	1.555836
1614.000000	1.202578
1616.000000	0.866565
1618.000000	0.525103
1620.000000	0.151914
1622.000000	-0.266049
1624.000000	-0.716111
1626.000000	-1.164299
1628.000000	-1.573425
1630.000000	-1.917120
1632.000000	-2.181797
1634.000000	-2.363067
1636.000000	-2.463090
1638.000000	-2.489717
1640.000000	-2.457045
1642.000000	-2.386338
1644.000000	-2.304873
1646.000000	-2.240721
1648.000000	-2.214471
1650.000000	-2.232942
1652.000000	-2.289827
1654.000000	-2.372082
1656.000000	-2.466254
1658.000000	-2.561279
1660.000000	-2.648466
1662.000000	-2.720279
1664.000000	-2.769069
1666.000000	-2.786595
1668.000000	-2.764296
1670.000000	-2.693738
1672.000000	-2.566973
1674.000000	-2.376721
1676.000000	-2.116350
1678.000000	-1.779785
1680.000000	-1.361667
1682.000000	-0.858205
1684.000000	-0.269643
1686.000000	0.393324
1688.000000	1.096422
1690.000000	1.769614
1692.000000	2.323924
1694.000000	2.707290
1696.000000	2.940653
1698.000000	3.076348
1700.000000	3.131902
1702.000000	3.086941
1704.000000	2.929134
1706.000000	2.681889
1708.000000	2.393743
1710.000000	2.110577
1712.000000	1.857273
1714.000000	1.639059
1716.000000	1.450121
1718.000000	1.279197
1720.000000	1.114424
1722.000000	0.948031
1724.000000	0.778333
1726.000000	0.608816
1728.000000	0.445553
1730.000000	0.294496
1732.000000	0.159883
1734.000000	0.043785
1736.000000	-0.053698
1738.000000	-0.133892
1740.000000	-0.198834
1742.000000	-0.250551
1744.000000	-0.290519
1746.000000	-0.319453
1748.000000	-0.337474
1750.000000	-0.344513
1752.000000	-0.340733
1754.000000	-0.326804
1756.000000	-0.303994
1758.000000	-0.274111
1760.000000	-0.239352
1762.000000	-0.202097
1764.000000	-0.164661
1766.000000	-0.129063
1768.000000	-0.096832
1770.000000	-0.068927
1772.000000	-0.045755
1774.000000	-0.027262
1776.000000	-0.013065
1778.000000	-0.002591
1780.000000	0.004806
1782.000000	0.009764
1784.000000	0.012857
1786.000000	0.014578
1788.000000	0.015323
1790.000000	0.015405
1792.000000	0.015059
1794.000000	0.014455
1796.000000	0.013713
1798.000000	0.012912
1800.000000	0.012103
1802.000000	0.011316
1804.000000	0.010568
1806.000000	0.009866
1808.000000	0.009211
1810.000000	0.008602
1812.000000	0.008036
1814.000000	0.007510
1816.000000	0.007021
1818.000000	0.006566
1820.000000	0.006142
1822.000000	0.005746
1824.000000	0.005378
1826.000000	0.005034
1828.000000	0.004713
1830.000000	0.004413
1832.000000	0.004134
1834.000000	0.003874
1836.000000	0.003630
1838.000000	0.003404
1840.000000	0.003192
1842.000000	0.002994
1844.000000	0.002810
1846.000000	0.002637
1848.000000	0.002476
1850.000000	0.002325
1852.000000	0.002184
1854.000000	0.002052
1856.000000	0.001928
1858.000000	0.001813
1860.000000	0.001704
1862.000000	0.001602
1864.000000	0.001506
1866.000000	0.001416
1868.000000	0.001332
1870.000000	0.001252
1872.000000	0.001178
1874.000000	0.001107
1876.000000	0.001041
1878.000000	0.000979
1880.000000	0.000921
1882.000000	0.000866
1884.000000	0.000814
1886.000000	0.000765
1888.000000	0.000720
1890.000000	0.000676
1892.000000	0.000636
1894.000000	0.000597
1896.000000	0.000561
1898.000000	0.000527
1900.000000	0.000495
1902.000000	0.000465
1904.000000	0.000437
1906.000000	0.000410
1908.000000	0.000385
1910.000000	0.000361
1912.000000	0.000339
1914.000000	0.000318
1916.000000	0.000298
1918.000000	0.000280
1920.000000	0.000262
1922.000000	0.000246
1924.000000	0.000230
1926.000000	0.000216
1928.000000	0.000202
1930.000000	0.000189
1932.000000	0.000177
1934.000000	0.000165
1936.000000	0.000155
1938.000000	0.000144
1940.000000	0.000135
1942.000000	0.000126
1944.000000	0.000117
1946.000000	0.000109
1948.000000	0.000102
1950.000000	0.000095
1952.000000	0.000088
1954.000000	0.000082
1956.000000	0.000076
1958.000000	0.000070
1960.000000	0.000065
1962.000000	0.000060
1964.000000	0.000055
1966.000000	0.000051
1968.000000	0.000047
1970.000000	0.000043
1972.000000	0.000039
1974.000000	0.000035
1976.000000	0.000032
1978.000000	0.000028
1980.000000	0.000025
1982.000000	0.000022
1984.000000	0.000019
1986.000000	0.000017
1988.000000	0.000014
1990.000000	0.000012
1992.000000	0.000009
1994.000000	0.000007
1996.000000	0.000004
1998.000000	0.000002
2000.000000	0.000000
